100  
7  1395  2876  
79  783  1224  
79  218  3019  
94  2371  2058  
62  1785  3982  
88  342  2455  
73  3333  4324  
71  1108  2973  
81  1430  1854  
76  1903  4614  
58  2939  1837  
56  324  3847  
73  3087  4718  
74  2576  2437  
32  2289  2122  
37  2710  2106  
42  1887  4719  
1  2255  4750  
5  1095  3932  
18  1980  4031  
49  1203  1336  
20  2418  1786  
88  1631  4678  
1  3592  4685  
59  3330  4442  
71  1754  1767  
77  2760  3052  
58  1019  4397  
97  1473  2840  
84  3057  4769  
20  894  3086  
18  706  2166  
22  649  4577  
7  1097  3196  
24  168  3017  
8  3102  3092  
9  3364  2096  
40  2622  1304  
33  3009  1354  
8  3342  1566  
70  58  4362  
56  1255  1609  
55  296  3263  
27  694  2355  
58  3390  1643  
97  3565  2939  
98  308  2821  
6  686  4493  
2  3031  4541  
29  2282  1893  
80  1471  2071  
52  160  4297  
77  361  2438  
8  1497  3951  
69  2333  4512  
47  623  4694  
94  1580  2515  
79  1822  4809  
81  1490  1434  
78  713  4033  
5  2218  2594  
25  3505  2361  
69  427  3256  
62  1007  4742  
97  57  3195  
94  1037  3476  
51  2517  3963  
46  3568  1828  
14  1195  1745  
54  280  4627  
22  166  3740  
36  903  4228  
92  3073  2513  
7  1457  4363  
33  2102  3799  
7  2846  4143  
26  2207  2522  
15  2945  4068  
60  2805  4563  
83  2740  1797  
1  1266  3427  
24  288  4335  
72  1731  4212  
29  817  2586  
19  3488  1674  
31  1665  4787  
34  497  2986  
99  1852  4288  
80  2375  4732  
71  3000  2117  
5  902  3630  
21  254  3312  
44  854  4099  
77  1792  2316  
88  859  2747  
54  1310  3957  
38  1245  1384  
13  54  4475  
48  2724  2303  
21  1714  3313  
