100  
11  91  3631  
26  2967  3707  
25  3872  1110  
57  3469  620  
45  3252  1905  
86  3829  3531  
65  1007  2722  
88  2779  797  
38  179  3566  
57  77  1221  
36  3316  2222  
53  215  460  
76  3772  7  
16  1869  2530  
26  316  1001  
76  1930  3810  
34  1679  3419  
42  303  2533  
83  1673  1370  
65  1792  100  
81  1174  2001  
42  1868  1533  
89  1420  2088  
85  3530  1028  
64  4425  3820  
17  2883  693  
53  3674  3420  
10  748  1357  
65  3663  3123  
17  194  1218  
72  3232  1104  
86  4623  3023  
71  2591  3263  
55  3871  2978  
75  2179  251  
5  4217  3454  
74  3785  2049  
58  4175  575  
31  1886  2181  
59  1771  2905  
73  4522  3129  
97  2998  391  
23  1196  1340  
56  3504  2970  
14  4536  2678  
73  3671  1531  
91  1711  3321  
14  3741  2497  
61  4430  1399  
8  4848  3684  
48  567  931  
67  3179  488  
73  1556  1775  
20  3472  890  
51  652  1437  
64  1930  1570  
74  4207  3035  
53  3694  2235  
9  4136  2111  
77  4028  3445  
4  2348  366  
88  69  1925  
14  736  1999  
5  4928  2086  
79  230  198  
15  3017  1456  
33  4204  1442  
70  5102  3830  
69  4360  2723  
66  1127  1788  
36  3031  43  
66  4415  3744  
56  851  1979  
64  4800  2492  
36  5070  2800  
55  3336  488  
48  944  268  
84  689  1963  
3  3262  907  
100  1819  712  
7  2303  1656  
58  2926  140  
19  1500  3566  
8  2477  487  
93  4312  3523  
95  2773  488  
25  3208  446  
12  431  3119  
68  1785  1164  
36  3486  3748  
61  4355  81  
86  624  1813  
84  1693  2510  
45  5006  3303  
85  736  701  
44  4017  1680  
53  3233  2546  
9  3320  914  
22  5063  721  
52  4682  1218  
