100  
42  2790  1358  
75  4298  1751  
37  3231  5682  
80  6433  2987  
69  656  4172  
31  3081  5976  
65  5592  6289  
40  1722  4741  
75  4858  3124  
37  4665  4687  
87  3324  4435  
67  3846  2142  
93  4970  2927  
38  1081  6223  
98  5797  4656  
3  3928  6496  
44  2877  1846  
58  1701  2527  
87  887  2135  
80  5190  2629  
47  492  5982  
56  4194  6718  
74  2479  3386  
96  3069  3761  
90  3587  1646  
34  5903  5847  
63  594  2160  
38  5835  4935  
60  5810  5297  
21  100  1902  
32  6394  4454  
53  4734  4365  
78  332  4411  
14  4956  5936  
90  5767  4200  
71  5707  3320  
64  4553  6480  
78  1846  3960  
28  5127  6234  
65  5772  6015  
30  4246  5320  
4  5980  4021  
12  3227  3475  
47  336  2732  
20  5583  5426  
83  6482  2285  
45  2490  6544  
99  5255  6448  
86  889  4293  
74  5979  2146  
96  3326  5539  
43  6460  4432  
77  277  3010  
95  5759  5746  
2  5068  2843  
49  525  2169  
52  1308  5798  
68  4821  3747  
58  3193  3023  
36  6210  2545  
36  1002  6653  
70  5051  1915  
47  3577  2805  
15  552  5032  
96  1823  3311  
9  2466  1925  
38  483  4483  
24  6341  4666  
88  1478  5932  
80  2871  2374  
21  2718  4224  
23  1899  4730  
87  2703  6158  
5  4985  2975  
62  2695  1781  
32  2681  5018  
16  3034  5126  
73  494  3082  
37  3278  3995  
45  544  1640  
30  5602  4754  
33  923  6363  
41  2666  4910  
78  2548  6606  
71  4932  3003  
60  96  5707  
75  4249  5090  
17  1561  3416  
100  1129  6101  
58  3556  4949  
46  3025  5576  
51  2189  5527  
50  5998  2320  
14  4927  1648  
42  280  3172  
68  6334  2796  
42  4149  3956  
70  161  4666  
46  4606  1837  
71  6251  4224  
