100  
54  903  2512  
69  965  7062  
26  5  4080  
52  934  6381  
24  34  2155  
35  167  4715  
78  89  3285  
84  1205  1880  
39  248  6737  
74  888  2240  
46  892  3969  
24  1153  7047  
11  544  6957  
8  423  2089  
34  880  2201  
38  153  6867  
96  111  7218  
98  1191  6886  
46  110  3568  
74  463  3143  
12  876  3868  
32  488  3216  
31  1161  1541  
60  865  3543  
1  196  4537  
55  894  2257  
24  1129  4172  
54  697  2700  
86  618  3118  
11  333  3798  
49  68  5282  
19  1048  5684  
96  476  6996  
95  502  2023  
25  222  1258  
80  888  6864  
9  441  2621  
30  850  3647  
17  1141  4189  
74  1028  6648  
23  540  6025  
5  89  4304  
17  151  6199  
50  395  5108  
54  526  6593  
87  662  2803  
80  1060  5140  
45  983  6756  
86  84  4070  
49  33  2733  
50  380  5717  
81  228  5430  
3  336  6460  
89  218  3330  
81  98  5114  
50  458  4004  
49  600  7334  
5  800  4892  
3  1102  2580  
4  702  6907  
65  185  3281  
38  831  6272  
7  459  5476  
57  373  3297  
49  317  4577  
99  1157  3389  
84  1064  1950  
35  788  6978  
40  364  5140  
39  806  2592  
60  607  7091  
85  173  5039  
31  181  5854  
66  201  6403  
36  862  6510  
35  189  1990  
46  627  5062  
99  523  6393  
40  501  2205  
75  981  6405  
75  547  5310  
18  301  3505  
10  1149  2085  
60  148  7265  
81  1003  1480  
20  903  6659  
83  356  1547  
39  26  3147  
64  504  3850  
51  817  2517  
17  1089  3946  
66  1187  7211  
45  837  4957  
61  371  6018  
81  217  6242  
75  750  5428  
33  377  5691  
78  9  6084  
9  1222  2118  
98  917  5449  
