100  
92  193  5979  
98  2739  6117  
67  445  5713  
9  1707  2957  
49  272  6766  
84  3114  4338  
99  1412  3519  
22  3425  4259  
60  2345  4745  
27  226  4555  
71  1781  3221  
68  4201  6658  
71  435  3587  
90  434  4672  
76  214  3289  
39  3393  4054  
88  3198  2911  
49  463  5394  
71  258  6634  
90  1002  3732  
33  1670  6151  
29  3954  4207  
79  372  6781  
39  2342  5818  
97  2964  5609  
23  2242  5679  
87  1537  6511  
56  2750  6355  
96  1231  5239  
76  690  5569  
5  1038  4621  
74  2033  2911  
24  2730  5178  
51  3111  3640  
47  3754  6876  
77  450  4625  
9  1147  4519  
8  558  4161  
40  3091  6777  
23  1639  3718  
97  666  5979  
78  3898  4453  
37  463  3102  
80  1197  3474  
88  2431  6855  
84  2541  5223  
93  46  5691  
55  176  6385  
67  391  2836  
36  2421  6325  
61  2340  3027  
98  4240  5233  
6  3211  4029  
23  2107  6734  
69  886  2948  
27  1721  6264  
45  2257  5861  
56  1850  3448  
81  1745  5309  
55  4022  5114  
12  3563  3454  
39  2566  5590  
1  685  5199  
36  2559  6216  
14  2329  5000  
93  1250  3681  
28  951  6519  
51  1915  6666  
10  3279  6847  
81  472  3413  
96  1191  3234  
4  117  4290  
12  3930  6541  
72  2190  6149  
45  3463  4122  
55  3721  3925  
47  3488  5551  
54  158  3961  
61  450  4647  
57  2658  4400  
11  771  6563  
65  739  3911  
20  3443  3712  
98  3742  3815  
98  1169  4808  
58  2270  7052  
82  1142  4379  
39  1593  6343  
100  2432  4008  
58  3233  3367  
81  3983  6616  
87  3778  3858  
26  4055  2965  
71  2824  4905  
44  3184  4382  
75  3117  3686  
37  2962  6285  
86  3388  5397  
80  191  6386  
60  1739  5925  
