100  
30  1050  3441  
54  3645  3196  
30  4613  3309  
5  4487  2977  
94  4335  3841  
88  4258  3617  
78  2034  3500  
1  4515  3829  
69  1430  3415  
40  855  3318  
48  4116  2872  
91  4826  2763  
34  1277  3471  
42  111  3371  
23  2717  3192  
13  4798  2924  
27  235  2819  
88  2201  2675  
48  2090  3568  
93  3450  3066  
76  3667  3152  
55  2869  3241  
99  387  3844  
31  5058  3507  
31  4806  2601  
64  2006  3211  
19  885  3590  
17  2002  3002  
34  2291  3378  
58  4783  3235  
92  1738  2741  
45  1399  3366  
18  443  3367  
12  1478  2828  
3  454  2815  
80  358  2732  
39  4262  2884  
55  1990  3577  
22  4656  2863  
95  4828  2639  
49  2818  2993  
63  4262  2880  
56  2522  3505  
85  2987  2629  
87  2083  2704  
15  5027  3690  
89  434  3790  
20  4640  3160  
55  2656  3761  
80  4915  2989  
35  4825  3361  
83  1611  2660  
93  1892  2777  
64  4975  2917  
33  2113  3524  
1  4419  3362  
3  3955  3744  
50  2096  2853  
37  1864  2688  
99  2036  2733  
96  1458  3842  
37  3218  2895  
80  160  2628  
74  3156  3359  
91  2399  2808  
90  4293  2937  
85  1568  3809  
89  1253  3172  
28  2884  3766  
4  3056  3422  
29  2693  3677  
28  1199  3732  
47  1105  3473  
56  763  3786  
27  2547  3442  
55  115  2858  
49  2215  3120  
14  5101  3295  
45  2117  3219  
43  3774  3784  
3  2933  3033  
98  4  3369  
18  4367  2813  
65  4072  2647  
35  2951  3412  
32  4720  3747  
68  3250  2762  
85  2654  3012  
36  1405  3399  
14  4743  2901  
88  1249  3146  
85  3366  2662  
42  3843  3454  
19  552  3075  
79  1277  2644  
13  2894  3308  
69  2595  3609  
85  3107  3677  
11  3235  3683  
97  2522  3602  
