100  
85  4535  1083  
5  2300  1685  
100  5084  1950  
50  590  2948  
55  4869  6272  
76  4534  778  
62  4973  2284  
7  3055  2106  
100  3496  870  
87  3501  1590  
40  335  179  
74  5201  1789  
75  5173  1450  
90  4234  4233  
55  3499  4477  
19  4126  3942  
65  223  767  
79  1887  489  
40  392  1856  
56  1174  3883  
28  4741  2154  
82  3296  1748  
25  2981  2297  
45  3399  4911  
51  1665  5886  
20  4109  7551  
49  3101  1421  
58  4984  213  
78  5087  2041  
28  4799  3284  
47  4144  5858  
13  3671  6972  
77  1853  6982  
91  6045  6884  
66  5351  2883  
87  2562  7736  
39  2980  352  
65  2132  7115  
49  1271  444  
40  2493  6389  
77  5238  7761  
82  2088  6129  
61  95  4066  
97  6240  4614  
83  6463  3645  
76  304  3811  
21  355  5271  
73  4571  678  
50  3280  810  
1  6292  3935  
78  4148  4469  
15  6256  5911  
80  5701  3355  
9  6360  1593  
80  3709  2774  
35  1775  2192  
3  3845  852  
34  2173  4252  
37  1090  3971  
24  2955  5777  
23  691  6125  
26  2177  6661  
70  4026  1439  
43  2236  6282  
95  4990  2395  
81  785  2397  
22  4159  6839  
4  692  1728  
16  162  819  
85  1055  4148  
45  1107  4522  
32  4315  7519  
60  2113  6041  
51  5870  1833  
16  2679  7369  
46  4471  6268  
59  1235  3212  
78  1255  4427  
48  1476  4606  
59  2234  6520  
39  1335  5256  
21  5712  5824  
9  2206  6521  
72  2560  6008  
72  1352  1138  
66  2856  5987  
6  4612  3728  
52  3146  1646  
96  1251  4566  
22  5778  3997  
22  865  4080  
30  4120  791  
41  3626  519  
54  5401  2901  
100  5575  7126  
70  322  3119  
13  53  3519  
57  5631  895  
66  3769  5452  
61  5291  414  
