100  
90  2276  5724  
68  2694  3104  
75  4346  8042  
15  4137  7507  
11  1829  2439  
83  4777  6403  
98  4660  8200  
52  64  5399  
67  4123  6149  
53  2568  8165  
77  16  2468  
61  5279  8312  
93  3032  7882  
49  3722  5127  
30  1791  6492  
70  1679  2608  
98  2670  6126  
8  2205  6266  
77  1766  4170  
100  218  5177  
92  3060  4324  
33  4993  4617  
83  254  6097  
84  5080  4298  
30  4552  5687  
21  169  7692  
33  4604  7542  
15  5581  3832  
37  9  2209  
16  246  4732  
45  372  4922  
77  3994  5313  
60  750  1684  
19  2034  2191  
8  741  4691  
49  986  7989  
70  3625  3662  
80  3150  4583  
82  2090  8153  
51  39  2872  
44  1706  7423  
16  5628  6397  
54  642  6672  
70  2948  8141  
98  2678  8163  
9  2482  1531  
40  864  5173  
99  5157  7155  
10  1257  2341  
63  3274  6335  
67  4832  2408  
46  3402  8036  
68  5371  6097  
66  989  7678  
49  183  7710  
42  730  1582  
93  4018  6142  
76  5527  2664  
83  3630  4442  
86  2309  2988  
2  381  5725  
87  5259  5790  
17  4738  6319  
76  4996  2029  
11  1  3709  
100  5510  6899  
27  1668  5130  
23  2016  8074  
61  5076  3250  
91  5044  8007  
39  2885  2336  
84  4068  8218  
82  4604  8042  
89  4789  2095  
97  2359  3904  
98  1215  4207  
82  2024  6711  
41  673  5708  
50  64  6426  
68  5043  1823  
2  3321  4512  
12  5172  6544  
85  1566  4651  
3  5367  2450  
94  5444  6734  
43  2478  5735  
73  5475  5392  
10  1283  2396  
56  3998  4318  
100  1872  7935  
63  1467  4720  
7  1466  8098  
71  5654  1782  
49  3303  7453  
3  1327  2402  
92  1438  7494  
25  1172  7934  
44  1265  5496  
86  229  5812  
93  762  8455  
