100  
28  191  634  
35  2957  496  
10  3106  196  
73  748  1216  
94  6136  769  
21  1530  387  
12  3118  1042  
27  6014  970  
72  5303  409  
84  1201  749  
40  167  774  
28  6272  12  
4  4900  528  
42  3415  856  
59  4109  154  
35  3399  1025  
86  4423  553  
47  3253  1118  
40  1245  7  
85  1246  327  
62  1969  581  
8  4410  622  
76  2363  938  
47  5046  120  
12  4266  1133  
6  4902  629  
35  5743  881  
31  6228  392  
49  2911  696  
88  499  932  
9  1498  302  
20  1269  133  
23  2709  653  
15  5292  754  
95  5482  985  
3  5402  111  
61  5826  1213  
99  4418  649  
17  1044  769  
62  254  392  
71  2659  701  
7  531  577  
57  5943  946  
94  4251  393  
99  4078  1080  
69  903  1051  
97  1441  1057  
47  2214  250  
14  4252  524  
28  4570  557  
60  4670  890  
40  5729  34  
36  3876  395  
23  1159  1155  
58  5727  456  
68  3900  249  
54  3444  652  
100  3712  970  
69  2121  677  
12  4021  1133  
63  736  986  
35  4212  312  
93  4404  1240  
71  3289  340  
94  4340  761  
100  3931  1154  
53  5511  907  
31  117  756  
44  4835  1261  
90  3821  848  
22  2546  552  
94  235  1160  
33  3268  362  
50  1926  447  
70  3378  904  
60  2787  23  
2  3984  1076  
36  2923  733  
6  2120  820  
73  4426  563  
95  5013  957  
9  293  1189  
30  2433  117  
66  4711  272  
20  476  405  
25  4012  869  
90  471  1120  
87  4257  534  
92  5365  1093  
39  1876  969  
51  2353  505  
62  5571  330  
32  5695  1118  
94  3560  167  
58  3814  11  
25  2466  1247  
84  1899  62  
91  2629  703  
86  3743  729  
4  554  391  
