100  
43  353  2692  
80  165  2140  
94  2408  2845  
20  4241  4942  
98  1827  3759  
59  4914  1498  
21  152  5164  
19  3189  5083  
42  2805  5096  
4  2995  2785  
13  3591  1375  
13  3846  3989  
60  1003  4652  
67  1540  4362  
50  4862  5152  
24  1286  2948  
89  2335  2596  
99  4266  4329  
13  1458  1394  
42  3249  2442  
52  4664  3894  
42  3214  2841  
58  2824  4892  
80  485  1707  
16  179  3650  
45  405  1823  
48  2510  1852  
88  1713  2552  
77  1464  1775  
86  738  4489  
1  2405  2763  
83  2794  3916  
43  2416  3253  
59  1037  3373  
3  2202  3247  
38  1467  3561  
22  4591  4148  
3  506  2950  
63  4116  3246  
39  829  2067  
72  4746  3975  
91  2214  4282  
6  1913  1633  
66  3521  1475  
71  1074  4273  
11  2336  4490  
63  2009  2997  
81  592  1772  
18  4194  4098  
89  2916  1301  
98  973  3050  
3  3408  1791  
35  3253  1899  
77  2880  2811  
50  1399  3796  
93  2971  3046  
59  2298  4221  
53  827  4895  
46  726  4115  
17  868  1438  
33  659  3120  
71  1681  2867  
58  1801  1400  
1  2106  2905  
30  321  2524  
57  3767  3492  
45  5083  3724  
49  2564  4372  
13  2771  3094  
92  2701  1871  
98  2287  3106  
59  3017  2227  
29  3923  4411  
9  5014  3092  
96  4809  2834  
74  3863  2434  
99  4519  3314  
32  2116  3522  
77  447  4295  
18  617  3549  
86  496  2225  
79  349  2327  
76  1232  1638  
40  1301  5003  
83  3961  2891  
59  3602  1881  
73  1812  3783  
31  683  3705  
72  4280  2967  
35  4125  1538  
50  2187  3405  
53  643  1568  
95  1529  3587  
44  4791  2989  
22  1464  4943  
52  3873  1436  
12  4726  1795  
13  441  2350  
70  813  4400  
92  4044  2567  
