100  
11  5306  3161  
22  9463  938  
40  7495  2920  
84  3078  3666  
94  2874  2654  
93  4194  1589  
56  4883  1321  
75  9691  2325  
25  4562  3324  
12  4428  2249  
35  3647  2971  
13  5687  610  
19  2170  288  
71  4514  1274  
35  5962  3543  
66  8490  358  
97  2082  178  
66  6953  276  
35  1536  1104  
16  4647  191  
82  5083  1616  
53  5729  894  
6  5323  707  
75  807  2740  
2  4361  2460  
48  7413  2477  
29  8711  1627  
72  8678  73  
13  981  1549  
70  5753  649  
2  8876  1188  
72  491  3269  
57  9317  86  
99  7029  1252  
83  494  2972  
89  9468  1636  
23  8623  1999  
26  773  938  
54  6253  2721  
4  4795  1842  
64  446  2984  
43  25  3155  
42  3259  1138  
18  44  1613  
17  482  875  
42  1691  2031  
87  1785  1866  
66  7701  2408  
30  8088  644  
16  7084  3345  
46  7901  3718  
48  9384  1007  
87  7864  1267  
95  7093  3299  
78  8663  1861  
15  8550  1846  
32  1817  3596  
47  3458  1127  
86  6890  2856  
57  1639  601  
69  3864  2032  
53  9629  1442  
15  3720  118  
12  2937  1227  
37  7148  2794  
97  4432  1719  
31  8327  1223  
93  4285  1107  
60  5165  2937  
88  3885  1063  
89  686  1960  
18  8549  449  
37  7833  2313  
6  8666  1468  
26  1849  322  
47  7456  3151  
21  155  2053  
34  2058  718  
36  9752  422  
10  257  2479  
91  7762  1010  
83  5605  113  
67  217  1421  
72  5216  753  
97  5332  60  
32  8782  431  
33  8696  1072  
37  5358  2795  
15  7264  3035  
100  5016  2023  
10  2017  404  
4  2035  1749  
87  4300  3720  
34  7474  1787  
8  2506  3483  
82  3223  1557  
89  6369  1511  
35  579  1632  
79  5016  490  
100  9218  555  
