100  
84  4550  4973  
22  5574  1509  
40  5433  1911  
34  5181  5385  
8  3781  2346  
16  1326  4433  
29  3759  1691  
20  641  2793  
25  4687  3758  
9  2410  2413  
86  173  5142  
69  297  1924  
10  2678  3055  
90  3853  2589  
73  703  2507  
33  563  3628  
18  3603  3960  
32  5199  3647  
33  3994  5609  
52  2771  3244  
71  5237  3763  
82  1019  1369  
40  3340  5310  
3  3773  3572  
15  1537  2956  
91  5257  5431  
57  2335  2567  
18  2833  3563  
62  1511  2297  
43  86  2275  
32  2621  1521  
74  3895  3628  
56  4346  1229  
16  618  4912  
62  4264  3682  
75  1280  3929  
50  3531  1731  
37  589  3689  
20  5315  4379  
50  1286  3887  
38  3988  4938  
54  2035  2602  
35  2934  3514  
28  5580  1718  
89  3314  3315  
53  4455  4463  
25  4253  1314  
63  3659  3130  
56  696  5449  
75  2737  2873  
67  3538  2086  
20  2906  4992  
78  4980  2464  
65  5598  1785  
16  3825  2265  
42  759  5128  
55  629  3384  
9  1282  2010  
3  4833  4617  
54  1419  4738  
33  780  5424  
25  553  4801  
100  325  4997  
65  4200  1522  
20  4569  5569  
86  2700  4464  
6  4817  4764  
25  634  4952  
74  4806  4424  
78  2510  3727  
68  3315  3809  
15  4262  2246  
3  1511  4057  
1  1551  4066  
11  2476  5228  
22  3349  2705  
12  2733  1522  
89  4026  1823  
52  408  1242  
24  3891  4640  
85  1127  1781  
50  4548  3603  
15  1051  2067  
96  3117  4700  
38  672  3075  
89  1523  4897  
17  2548  5443  
6  3029  2528  
24  3208  3404  
11  530  3122  
80  5400  1416  
95  2044  1717  
86  3185  1745  
65  258  1259  
66  4518  3522  
29  3646  5175  
97  5383  4027  
10  2975  2888  
27  4567  4602  
41  5366  2784  
