100  
63  1361  4212  
66  3228  6455  
56  3391  3969  
8  325  4370  
23  3513  6142  
36  3420  7489  
90  1103  4163  
64  3896  5933  
87  2873  4304  
1  3158  5171  
51  347  5712  
44  2944  4826  
79  805  7573  
22  2644  6673  
46  3306  7142  
82  2724  7237  
27  1951  6705  
86  3893  4933  
51  1178  4490  
85  983  6077  
58  2686  4604  
94  220  5782  
99  3483  7451  
57  721  6065  
62  2013  6457  
56  2024  7700  
99  725  5334  
92  3277  6678  
10  3342  7044  
92  1919  4003  
90  2431  4864  
25  3826  7427  
2  3673  6895  
8  71  5004  
44  1282  4916  
80  1739  4908  
98  3573  6117  
25  245  4752  
36  1259  5589  
43  3298  6464  
37  763  5072  
50  2300  4884  
33  3702  5177  
8  329  6947  
48  1806  6723  
81  4  4015  
79  2180  3942  
69  2308  5369  
44  427  4699  
76  2620  4019  
87  1568  6191  
32  2242  4129  
66  2178  4556  
50  2841  5245  
80  144  5341  
21  1896  4853  
42  210  5397  
88  99  7112  
15  564  3968  
73  1096  4861  
22  1581  6798  
68  2965  5018  
29  2808  5748  
9  2334  6958  
76  2232  4871  
80  3862  3982  
4  3498  6336  
40  404  6772  
44  429  4892  
42  1168  5658  
68  3467  5622  
10  2522  6639  
62  2914  6937  
5  3773  6900  
74  1829  6906  
69  3497  7832  
83  744  6063  
21  1226  6952  
6  3250  4665  
87  3719  6153  
38  2586  4430  
18  1361  5803  
10  992  5230  
12  814  6038  
37  838  7426  
95  243  6046  
14  177  6464  
65  2450  7611  
12  2038  7066  
43  504  7826  
34  861  3930  
54  1191  6996  
98  1469  6711  
48  2702  4017  
96  3700  4230  
58  2226  7637  
51  3397  6910  
79  1735  4554  
89  2163  5156  
58  3006  7299  
