100  
87  3318  3284  
15  576  3066  
61  441  3865  
83  3385  2233  
66  2366  4169  
79  895  286  
74  3460  73  
18  1660  4487  
81  1782  1238  
68  2379  2494  
39  524  1764  
13  3493  706  
56  1571  3132  
48  2094  3090  
53  1725  1929  
61  1858  935  
2  2468  2403  
61  3465  2451  
86  3546  2814  
86  2068  3776  
44  2365  4316  
7  3025  396  
93  3639  997  
13  407  2882  
56  775  2090  
95  2017  4320  
72  378  2556  
58  284  4727  
12  571  1793  
58  1759  3725  
85  1078  2676  
73  2041  848  
54  641  727  
28  2451  3658  
92  1685  639  
68  88  846  
55  1282  2260  
62  2813  4528  
13  996  3422  
82  1907  2974  
8  227  4945  
9  2700  412  
43  678  3668  
82  2306  3834  
38  3599  2739  
85  469  2555  
57  578  3719  
84  780  4737  
14  631  721  
31  2455  3649  
82  1160  203  
88  2964  1876  
2  2980  4346  
20  838  3445  
23  2687  906  
17  2412  3251  
17  3103  4758  
57  1257  2731  
66  2903  338  
39  385  1163  
70  1910  2917  
75  1784  2529  
39  2203  3236  
15  1161  1982  
10  71  478  
77  992  49  
83  2418  4571  
1  2853  4263  
13  611  8  
9  2603  3654  
52  414  2279  
57  489  4825  
44  491  4697  
12  1468  1832  
37  2684  1122  
83  2066  2287  
25  1651  3305  
96  3625  4565  
22  213  1128  
5  2738  4002  
51  942  1342  
13  197  4469  
79  2446  1506  
96  1327  2270  
43  3489  3103  
17  3013  4818  
2  3073  653  
27  1190  3296  
40  2817  61  
82  400  1324  
83  921  3637  
87  438  720  
31  2828  4545  
14  694  2048  
60  649  3300  
44  2853  4448  
53  2593  4292  
90  908  111  
67  2354  4377  
56  163  478  
