100  
84  4959  13  
80  3336  975  
12  4252  410  
49  5515  415  
99  2336  817  
50  1912  434  
64  3942  1182  
16  1297  417  
74  5629  229  
80  975  1  
19  2016  470  
13  513  825  
11  723  531  
78  907  883  
55  3653  228  
24  4064  8  
67  3452  325  
79  3117  565  
19  564  17  
81  4595  982  
45  4777  9  
25  3729  783  
13  4713  922  
74  4609  692  
10  4292  1167  
82  5493  855  
80  3482  649  
20  2931  640  
36  247  768  
33  2534  831  
9  1817  973  
46  1956  770  
78  1163  577  
4  1711  1024  
93  1671  492  
26  657  1137  
58  5380  706  
9  845  773  
73  2542  285  
89  5171  312  
13  4697  437  
7  4136  8  
19  4631  229  
53  4274  177  
44  3833  468  
82  4818  770  
86  3495  285  
46  13  820  
25  4829  82  
43  4301  744  
86  5252  706  
76  1939  1040  
6  1361  549  
81  433  365  
8  5458  884  
94  5736  461  
58  5867  735  
92  2360  904  
80  3968  202  
36  3358  492  
63  786  771  
75  1413  671  
97  30  483  
69  4026  885  
26  2449  800  
36  4188  507  
75  1904  450  
48  2413  1026  
39  480  586  
7  167  1066  
18  3401  401  
1  4726  490  
19  770  891  
25  5716  139  
2  48  530  
84  4051  314  
30  170  541  
24  4826  253  
24  4661  1058  
43  3494  995  
86  5691  32  
14  1356  668  
62  2618  854  
39  5274  636  
27  597  525  
50  471  206  
48  2759  138  
37  5865  782  
24  3857  1038  
94  3514  403  
8  4425  1058  
52  2985  1140  
31  5203  531  
62  5784  974  
39  2346  321  
24  377  1137  
71  2041  830  
5  5505  30  
96  2670  855  
68  1488  936  
