100  
11  4167  1218  
93  3883  1933  
3  4317  1941  
71  1591  1998  
25  2129  1678  
84  1925  1603  
7  40  1422  
47  306  2125  
50  3100  2291  
50  3596  2054  
31  4116  1795  
21  4787  1439  
26  3613  1467  
46  4690  1263  
74  4471  1282  
3  8  1685  
87  1819  2245  
1  5447  1527  
78  1446  1581  
25  5840  2127  
6  5066  1875  
60  2712  1884  
70  5710  2223  
72  1276  2251  
26  5097  2289  
91  3736  1732  
37  418  1521  
98  2966  1519  
90  4278  2145  
47  3425  2062  
41  795  2092  
70  3817  1610  
58  4945  1349  
50  5917  2102  
35  4338  1219  
99  3563  2171  
44  3662  1759  
89  3212  1387  
25  1217  1237  
36  3166  1989  
95  5285  1795  
79  1652  2330  
24  2344  1450  
34  5764  1583  
49  1964  2241  
39  3032  2328  
61  2216  1598  
59  427  1721  
7  3051  1489  
51  4115  1964  
38  1704  2131  
46  1875  1342  
89  4826  1956  
66  1020  1195  
22  3683  1229  
14  975  1947  
12  2837  2170  
10  459  1203  
78  503  1270  
31  648  1362  
20  4224  1706  
44  94  1992  
29  4254  1648  
93  5029  1258  
67  2972  1882  
59  1670  1470  
20  1731  2175  
1  5161  2358  
21  4739  1953  
85  4689  2380  
86  157  1649  
61  4377  2304  
55  2637  1645  
86  4133  2207  
63  5490  1980  
22  3125  1662  
94  3503  2154  
79  2881  2048  
87  2941  1537  
43  924  1403  
51  3722  1437  
19  553  1459  
84  5392  1228  
26  5418  1697  
73  579  1458  
12  1248  2218  
38  1261  1257  
13  5953  1659  
68  5809  2263  
34  2653  2064  
71  2601  1949  
62  755  1910  
49  5092  2367  
7  5104  2158  
19  4285  1819  
6  2482  2377  
25  3365  1409  
18  3940  1846  
15  4300  2164  
77  5790  2190  
