100  
72  273  2770  
14  670  5780  
71  663  252  
84  2319  3098  
73  1061  4920  
30  2468  5539  
11  84  844  
10  2212  5448  
95  264  3447  
26  32  2890  
57  572  1491  
57  912  1572  
4  2148  368  
34  194  1681  
49  1102  5885  
36  1521  2538  
95  712  2716  
50  503  2479  
57  432  3556  
45  1661  4110  
50  1174  3161  
45  1456  2854  
3  2515  499  
64  2405  3874  
32  258  2683  
73  1222  6332  
98  2326  1107  
68  2207  4869  
39  1467  1772  
67  240  3804  
1  1714  292  
92  1040  3762  
22  1432  1857  
30  1648  1601  
2  730  559  
43  1538  3571  
85  1950  187  
52  2425  2416  
32  1728  215  
20  368  1056  
60  1472  4029  
96  436  2402  
77  2361  2143  
57  699  2343  
86  1319  1169  
6  2163  766  
82  2104  4711  
41  620  2083  
33  603  3177  
95  1957  4908  
73  555  604  
2  1450  1298  
68  899  4093  
89  773  81  
99  2026  4980  
47  1629  255  
30  55  1125  
77  805  1977  
97  1060  714  
9  2496  653  
67  1502  308  
86  196  47  
3  1768  1459  
1  1552  6268  
39  1944  5072  
79  2294  2987  
73  2511  2096  
75  2454  5373  
57  996  2905  
70  2359  42  
23  2515  4801  
30  2203  4623  
65  1817  3152  
55  1794  5216  
22  841  2234  
11  20  2051  
100  1465  3619  
40  755  3275  
39  1961  2451  
83  1448  503  
17  1036  5301  
40  123  2640  
62  55  1804  
94  2549  1195  
42  1707  3677  
80  2471  5407  
37  78  451  
66  928  4806  
60  1019  1822  
18  629  1884  
49  1145  3365  
77  1641  1586  
48  1132  2812  
46  2124  2712  
35  785  4276  
50  2265  1108  
80  1982  5249  
7  1259  4816  
59  2383  6208  
70  633  542  
