100  
34  791  7596  
14  101  7624  
67  453  5792  
40  678  8104  
70  1479  6396  
90  2378  5835  
86  293  6554  
47  231  5788  
2  232  5064  
88  487  6047  
36  1776  6032  
5  2704  8100  
90  2269  8078  
71  426  5285  
68  1429  5127  
98  2548  4577  
60  778  4855  
17  349  4909  
36  551  4318  
73  619  4815  
58  2050  4176  
41  1143  8154  
91  740  7720  
88  567  4755  
65  1487  5891  
62  370  4324  
80  1503  4495  
93  939  5580  
52  207  6490  
78  684  6173  
6  1857  5794  
39  408  5821  
93  1347  5944  
76  1769  7255  
28  1476  6000  
36  1426  8031  
64  1211  4487  
11  609  7933  
38  1052  7087  
86  1242  6442  
55  89  8139  
87  881  7809  
75  416  4882  
58  154  4350  
20  1067  5804  
12  2477  6271  
95  1992  4252  
38  642  7619  
75  21  6914  
73  211  4429  
23  1948  7972  
87  1330  4992  
63  1328  5359  
78  170  8018  
67  2372  8105  
18  378  5430  
54  745  7073  
10  616  4555  
80  417  6771  
37  2105  4794  
69  1625  6709  
41  1401  6000  
95  295  5997  
94  220  7156  
97  331  6458  
23  2716  5396  
87  937  4996  
98  2502  7022  
26  150  5675  
37  852  7957  
43  1114  8288  
68  2546  6700  
13  977  6719  
69  125  6590  
76  2148  4516  
16  1725  7820  
26  182  5730  
93  991  7699  
67  890  4429  
21  2034  8148  
21  1619  7577  
57  2161  6310  
35  806  6825  
2  957  5296  
96  2289  6492  
62  495  6588  
33  1467  6399  
90  1932  7723  
24  379  6496  
77  159  6103  
24  1099  7982  
98  1023  6531  
52  223  6916  
16  623  7487  
14  2691  5436  
79  1945  6360  
93  448  5801  
69  1943  5864  
52  2479  4996  
31  2441  7895  
