100  
65  3834  2833  
52  4628  2518  
7  1160  3926  
1  2975  2586  
50  1633  2978  
1  3902  3389  
51  1370  3669  
3  4266  2588  
43  1222  4331  
97  80  4048  
54  3083  2649  
75  3264  3251  
6  40  2626  
52  4044  2574  
58  4807  4205  
87  2393  4319  
74  1307  2803  
33  544  3998  
54  3229  3397  
6  2446  3251  
97  275  2619  
12  2369  3326  
3  478  3514  
28  2999  2776  
43  3672  3066  
88  3844  3527  
14  2042  4743  
66  3164  3768  
20  4856  2891  
92  3094  2672  
89  4930  3159  
87  183  3974  
31  1957  3880  
47  705  4676  
12  479  3209  
51  3925  3533  
93  1210  3407  
12  3509  4473  
82  1677  4623  
53  1346  3964  
37  3823  4485  
88  3481  3415  
33  4043  3690  
24  2645  4174  
71  2701  3066  
40  4045  3645  
88  4285  4216  
40  1839  3324  
31  2125  3533  
71  663  4673  
52  3689  2923  
7  1865  3291  
86  4450  3725  
37  2773  4442  
26  4419  4169  
4  2424  4839  
29  433  3790  
95  1295  3009  
52  3383  3677  
14  1965  4300  
71  1412  3994  
26  4577  3472  
31  855  4087  
100  78  3468  
61  4375  3537  
14  4192  2860  
23  970  4580  
29  557  3158  
80  2703  4527  
69  4787  4025  
25  616  4223  
39  1518  3212  
28  4294  3462  
33  1037  4865  
11  1905  3877  
84  2537  4469  
29  3004  4709  
94  4178  3079  
82  2039  2575  
100  2595  4711  
90  436  4298  
21  4443  4247  
63  1019  3009  
82  3120  4520  
85  3818  4918  
66  4503  3803  
5  2774  3397  
64  1177  3558  
56  1542  3269  
16  3296  4776  
81  71  4360  
53  3896  4475  
73  3817  4560  
88  1196  4362  
45  3275  3759  
55  4027  4936  
55  3185  3767  
82  545  3747  
7  2738  4347  
23  4018  3857  
