100  
54  3155  7127  
87  1201  5090  
38  2771  3866  
3  2628  2524  
55  1765  5229  
63  1454  5051  
92  2093  4103  
63  956  3612  
18  4493  6921  
18  1186  4736  
17  3627  3815  
72  2362  5354  
56  3837  5172  
39  1386  3314  
13  3493  5661  
10  2626  5296  
57  2781  4181  
69  3837  2757  
17  3578  6487  
83  3327  3973  
14  845  3355  
29  339  7001  
94  2126  3042  
92  1612  5935  
82  3341  7171  
21  632  3847  
46  3663  4750  
73  4265  5278  
35  2028  2895  
44  3683  5160  
33  3884  2752  
49  3009  6541  
26  592  4134  
9  1299  3799  
42  2416  5676  
66  237  2652  
27  226  6989  
95  3761  3600  
46  4731  3404  
50  1871  7097  
17  565  4324  
63  701  7371  
4  1488  5336  
9  2060  4026  
20  2494  5988  
61  155  3796  
45  4754  7014  
69  1563  5792  
40  381  7024  
46  2121  2896  
39  1858  2818  
27  162  4332  
73  1828  5207  
49  3624  3915  
92  601  2866  
99  2607  2714  
66  3117  3201  
59  1653  6195  
34  3218  3810  
1  1248  2987  
37  3089  6116  
97  224  3107  
96  441  4885  
25  2418  4436  
19  2499  5557  
34  1806  4565  
73  2724  4455  
51  2587  6091  
14  1874  4055  
66  647  2721  
13  4744  2689  
56  77  7155  
44  764  3217  
9  360  3946  
8  4207  3090  
98  3305  3296  
55  3591  6653  
72  4577  6517  
17  4504  7337  
76  4672  6754  
61  1328  6718  
18  743  3932  
46  489  3442  
63  1203  5884  
63  4291  4298  
32  2180  4000  
100  3581  4615  
32  714  5492  
64  471  7203  
34  881  7050  
75  2333  3057  
51  2026  3342  
85  2353  7015  
44  156  2907  
97  1027  4610  
56  2219  4092  
70  3699  2630  
100  4124  3063  
4  2492  3936  
94  201  5177  
