100  
41  1361  4156  
94  1929  2796  
96  1413  3176  
74  2018  3415  
71  885  5907  
94  2169  3028  
60  1036  4091  
33  1243  2642  
33  1255  4985  
8  1792  4039  
57  2250  6530  
82  2463  2830  
33  2835  5485  
84  2524  2908  
38  2170  2564  
72  188  6020  
42  747  3320  
52  774  2482  
57  858  3507  
74  1089  2274  
13  2393  3604  
24  1235  2523  
54  531  6297  
9  580  3615  
35  819  3527  
13  2001  3896  
33  155  2605  
14  3343  5343  
67  97  4505  
86  289  5724  
2  46  4799  
74  1600  3902  
14  516  2344  
20  3312  3486  
82  1218  6664  
14  2140  4864  
27  1933  3957  
16  2367  2707  
64  1095  5189  
29  469  6155  
72  157  2649  
100  2902  6192  
53  2322  2977  
50  957  4013  
48  1732  5553  
99  405  2761  
54  1839  3052  
10  1057  3372  
31  791  6070  
94  3388  3107  
86  2650  4505  
28  3187  6531  
15  2865  3781  
37  2750  3257  
51  2623  4179  
10  1949  3558  
72  1601  5391  
46  795  2790  
9  1623  3164  
76  3374  6547  
37  1194  4558  
13  688  5073  
3  136  3885  
10  2546  5763  
92  1200  2647  
23  385  3893  
73  2241  4943  
60  2526  4503  
24  850  6357  
12  2  2582  
41  2727  6073  
30  2582  4487  
63  946  4884  
81  2913  6145  
12  372  2833  
12  195  5756  
6  2950  2986  
59  2608  3462  
1  2982  5919  
5  3181  4325  
34  926  5925  
76  3326  5797  
23  366  3088  
70  3060  5244  
35  461  3085  
88  2255  3809  
82  1688  3261  
32  2621  4737  
28  412  2901  
62  1515  5690  
3  2560  3602  
54  1994  4493  
67  701  4998  
57  56  3564  
20  2409  4097  
55  1683  4138  
8  251  3796  
63  2813  3186  
52  636  5036  
27  503  4433  
