100  
79  440  3015  
50  2919  4826  
6  4790  4595  
70  3004  2809  
63  3448  2988  
45  3754  3644  
39  3566  3393  
12  1135  3757  
42  3270  2859  
21  2808  2499  
87  799  2907  
58  285  4202  
43  358  3962  
36  723  3657  
32  3104  4106  
46  1815  3192  
81  3448  2988  
91  3703  4677  
87  2893  4597  
30  1600  2630  
56  1327  2831  
3  3481  3253  
74  2316  3632  
48  3057  4871  
69  3112  2607  
7  2972  3625  
65  171  3237  
75  3380  3309  
5  1621  4137  
68  2014  3089  
89  3405  4434  
92  2710  3464  
55  3151  3510  
81  4327  4054  
38  705  4332  
17  1741  2793  
57  1360  3806  
63  4133  4140  
46  1206  2829  
48  2159  4051  
24  88  4063  
38  88  4584  
72  1268  4899  
2  3196  3021  
94  384  3716  
30  2517  4701  
97  686  3513  
75  3678  3732  
19  2660  4929  
38  2459  4678  
7  1580  4747  
66  4723  4299  
55  3864  3176  
78  1887  4046  
15  1417  2830  
37  2476  4742  
30  2326  2828  
40  3423  4724  
18  3076  4375  
20  2091  3173  
68  2149  4674  
11  4179  3126  
82  2134  3718  
1  1027  4342  
69  4570  4794  
73  2546  3028  
30  2793  3071  
45  1321  2980  
42  1814  3705  
88  2166  4976  
74  719  2937  
54  2906  4906  
98  1281  4760  
65  3722  2721  
94  3332  3050  
12  171  4716  
8  2110  3398  
66  1767  4915  
85  1648  4008  
91  2105  3399  
26  4355  2800  
9  3900  3709  
21  236  4956  
37  3229  3528  
72  1073  4585  
9  4869  3802  
68  3913  2913  
78  3493  4706  
64  987  4203  
18  1705  2514  
10  417  4767  
52  3115  3960  
36  371  4852  
5  2305  2823  
55  1374  4738  
93  3445  3895  
40  4857  3673  
62  444  3680  
83  4  3158  
64  3452  3879  
