100  
48  64  6511  
43  2213  7747  
69  115  7478  
85  2126  6214  
1  391  3086  
66  3047  5435  
4  1724  4490  
64  1422  4929  
9  238  4400  
70  2068  5339  
50  419  4373  
100  233  3990  
78  3681  7485  
26  762  6456  
25  1194  3591  
75  1394  7125  
22  2150  6617  
81  3199  5684  
50  90  6491  
86  504  7452  
16  1805  4435  
46  2203  5169  
16  3137  2625  
66  3518  3414  
48  140  3967  
99  762  6269  
32  2737  5790  
45  1589  6359  
36  833  3778  
21  1028  3619  
52  3270  6848  
100  1495  3084  
26  216  5130  
87  3766  4738  
92  1411  6652  
100  415  2940  
6  326  5537  
18  1820  5317  
96  2746  6217  
50  64  5851  
39  1722  7655  
25  958  4546  
99  1530  4292  
86  1503  3457  
86  924  5583  
44  2837  7634  
82  785  3297  
54  1177  7014  
78  1588  4254  
51  554  4778  
87  661  6467  
81  3660  4925  
23  594  6975  
34  2317  4137  
19  2543  4034  
100  713  6086  
49  3371  4308  
95  3036  7432  
92  3718  2881  
79  2419  5159  
12  1253  3730  
79  338  6603  
5  855  5750  
34  1733  5290  
46  1809  3439  
76  2583  4731  
3  2293  6873  
68  1716  5306  
5  2807  4780  
45  92  3981  
92  2937  2909  
11  3721  6791  
51  2997  3209  
47  1874  2613  
77  646  7297  
26  3655  3903  
22  205  7068  
95  3804  4450  
79  2318  5748  
27  264  3221  
2  376  7007  
70  3701  5003  
52  1438  3619  
24  2904  7479  
5  2172  3696  
83  1208  6102  
40  2232  7194  
89  2135  4356  
32  2445  4843  
13  591  6395  
91  3152  4174  
30  470  5089  
25  3035  2965  
39  623  4487  
25  1445  3363  
74  2920  7146  
24  3623  4300  
53  229  4129  
43  3875  2619  
71  2831  6827  
