100  
68  2876  2416  
39  3957  1859  
30  536  1997  
61  8230  1949  
55  7949  1838  
48  2769  2280  
6  6144  2204  
55  3591  2130  
53  9983  2261  
15  360  1496  
35  194  2322  
6  5153  1892  
90  6973  2544  
66  5608  2204  
31  7341  2477  
50  9147  2363  
76  3898  2507  
98  919  1612  
82  8791  1696  
40  10084  2467  
48  637  1463  
27  4754  2529  
55  7732  1470  
26  3081  2043  
41  5454  1344  
62  8421  2191  
43  9586  1652  
99  5318  2440  
42  2588  1912  
63  8197  2278  
40  4295  1852  
65  1652  1825  
11  9695  2014  
22  1104  2425  
54  8620  1584  
73  2928  1677  
48  306  1931  
92  1272  1953  
86  7859  2013  
82  397  2324  
70  7966  1330  
65  10024  1865  
93  3407  1345  
68  9185  2412  
1  9685  2516  
49  1856  1791  
11  7515  1644  
45  7801  2375  
66  7645  2109  
42  8957  1732  
17  7173  1914  
76  2335  2410  
31  6953  1674  
81  2623  2079  
100  2669  1276  
29  7865  2406  
81  660  1328  
81  3386  1988  
7  5101  1852  
22  738  1351  
29  1737  2411  
44  7722  1733  
92  3401  2332  
84  587  1536  
91  8387  2490  
25  8536  1488  
47  2727  1433  
13  792  1784  
85  5378  1742  
83  8491  2202  
12  322  1358  
9  2630  2072  
64  3868  1279  
7  7751  2444  
72  9388  2075  
33  5610  2185  
78  5660  1902  
29  9466  2342  
78  4187  1657  
96  8765  2027  
82  7512  1357  
95  1249  1661  
99  5127  1667  
78  7193  1726  
96  1138  1954  
26  4499  2392  
2  7267  2379  
2  7886  1310  
19  5204  1617  
36  6688  2034  
34  8578  1618  
25  9217  2026  
96  5006  1489  
47  5899  1489  
3  1045  1777  
27  2664  2509  
18  1363  2410  
1  278  1412  
59  6878  2101  
57  8418  1449  
