100  
90  2329  1984  
79  1460  2306  
100  602  1287  
30  4214  2180  
2  1004  1335  
17  1658  1955  
33  1976  2162  
48  1500  922  
63  4406  1105  
71  114  1540  
10  4367  2173  
5  1553  1024  
94  4072  824  
90  1805  762  
12  4474  1717  
14  1694  1524  
47  1452  97  
55  676  814  
10  1672  2039  
29  1584  100  
66  178  1217  
29  3121  1336  
56  2534  1697  
55  2434  1914  
78  1217  91  
65  4989  722  
56  1108  718  
70  3301  1804  
64  1789  25  
6  3450  1335  
22  2100  1810  
49  481  140  
82  4643  1621  
54  4172  1483  
86  3582  2179  
53  754  2346  
31  3296  961  
52  3203  1244  
35  4093  136  
43  1649  1627  
19  2790  393  
22  3327  508  
38  4270  1668  
42  2619  964  
53  4308  718  
38  1820  1770  
1  4013  2062  
82  2547  458  
79  3317  675  
84  4151  895  
39  1031  816  
2  60  207  
49  4675  976  
35  1129  1607  
41  4764  1580  
94  2674  450  
96  4468  631  
6  3536  1728  
60  405  1140  
68  4026  860  
32  1368  1169  
37  3477  134  
14  4823  1925  
80  4234  779  
17  2836  668  
3  2037  635  
49  2943  1214  
46  1161  1859  
26  4637  481  
67  3991  1017  
89  419  1723  
70  3446  1505  
98  4027  2057  
66  417  28  
88  3110  2436  
7  2574  1868  
100  276  133  
76  2796  710  
22  3885  2113  
87  2118  1707  
56  2182  52  
23  615  2274  
32  4153  475  
99  3895  1942  
83  502  1117  
4  1919  2004  
4  3584  906  
41  3844  510  
56  3106  1759  
83  4852  177  
44  847  973  
64  4323  432  
16  2628  2391  
46  2175  1927  
76  184  18  
87  3608  1081  
52  377  440  
92  875  1892  
55  4  1605  
67  4246  108  
