100  
75  169  1905  
43  4469  1931  
22  3265  1219  
82  2694  1961  
87  2017  1251  
43  2639  1549  
31  5620  1712  
66  1283  1391  
9  262  1410  
73  6242  1443  
99  2949  1578  
44  2691  2120  
87  4136  2191  
7  2093  1850  
87  4880  1849  
8  6024  2217  
48  5003  1639  
15  2562  1320  
99  5102  1855  
50  6535  1382  
27  6792  1252  
17  2872  2051  
82  648  1926  
38  249  1775  
35  6255  1437  
56  4969  2229  
4  5872  2117  
99  6692  1534  
87  364  1872  
48  4459  2114  
75  2621  1999  
98  4552  2257  
80  4004  2020  
70  6584  2162  
13  2653  1880  
14  5694  1590  
79  2615  1726  
7  3473  1780  
30  5498  1492  
4  6779  1554  
65  5538  1936  
67  4041  1731  
6  5997  1564  
76  5420  1332  
61  1183  2065  
33  4174  1737  
44  3022  1276  
10  1031  1509  
52  4688  1921  
45  2990  2222  
19  900  1711  
62  1150  1546  
85  3226  1879  
11  1247  2028  
81  2308  2027  
20  1135  1498  
26  3441  1341  
33  826  1714  
75  2498  1381  
82  3324  2139  
48  3704  2254  
7  3652  2060  
67  4945  2258  
81  6050  1763  
63  2864  2216  
40  1767  2158  
28  3554  2236  
36  192  2228  
44  3657  1687  
55  6160  2199  
13  1979  1597  
14  2189  1869  
85  4367  1693  
52  43  1847  
45  3874  1825  
51  6796  2145  
31  3764  2018  
40  4620  1705  
63  363  1762  
13  1670  2259  
8  3594  1453  
3  6147  2075  
4  5342  1741  
100  3941  1760  
64  1950  2083  
26  4156  1596  
3  4082  1982  
20  117  1925  
76  4553  1973  
2  838  1925  
21  115  1279  
39  2824  1297  
26  6416  1522  
8  2103  1395  
20  1701  1955  
27  4476  1828  
16  6396  2010  
78  6791  1838  
95  6507  1550  
30  387  1889  
