100  
64  1839  4023  
69  2084  4831  
47  3730  5799  
85  490  4350  
3  522  6009  
41  4057  5512  
65  1992  4986  
63  1201  4459  
21  728  5833  
72  3840  4876  
100  2451  4396  
17  2875  4696  
41  2316  5830  
52  4217  4783  
76  1504  5440  
48  451  3772  
27  2412  3894  
39  3629  4660  
100  4629  4111  
49  4374  4548  
40  2539  4588  
12  1399  4080  
18  27  4706  
86  1247  5438  
60  2065  4744  
59  377  3678  
75  4706  4508  
73  4230  3663  
51  3237  4903  
7  1218  4508  
74  1610  5925  
48  3438  5272  
10  2534  3902  
25  582  4503  
8  1178  5922  
86  309  3865  
4  4094  3981  
84  853  4480  
6  216  4684  
63  4283  3848  
98  3458  4596  
60  4007  3661  
7  1022  4511  
55  1259  4782  
77  3305  5286  
17  1440  4063  
92  1256  4083  
77  2618  5526  
84  3605  4446  
45  3686  5955  
88  1854  5634  
59  1448  4896  
84  1265  5136  
93  1436  5788  
15  2673  4325  
64  3683  5286  
81  3948  5777  
70  4551  4474  
18  2333  5580  
97  2379  4426  
28  4765  5681  
72  4314  5426  
14  2132  5113  
22  2281  6037  
86  2089  3862  
19  4437  4728  
7  1773  5019  
50  4291  4140  
38  3883  4258  
15  1542  3833  
48  4613  5328  
22  4522  3745  
18  3104  4543  
30  4109  5909  
6  733  4758  
60  4431  5046  
29  3580  5361  
5  2394  4432  
86  1082  5242  
65  3487  4428  
36  3020  4967  
50  2657  4136  
69  1248  5839  
6  4689  4838  
51  1640  4859  
89  4557  4280  
16  4427  4730  
18  4575  4886  
84  1352  5835  
5  1114  4435  
86  1318  6016  
18  2675  5065  
18  681  5895  
99  2850  5266  
11  467  5179  
61  68  5878  
39  2314  5860  
35  718  4949  
68  1795  5252  
3  4315  4282  
