100  
21  586  4793  
8  75  398  
81  1918  2763  
39  1888  3862  
93  2774  4179  
17  3042  5037  
38  1933  5196  
88  1913  6360  
41  2243  2039  
11  363  373  
19  4093  2008  
51  899  6001  
61  115  5176  
29  2906  4863  
89  3876  5522  
14  1250  5127  
4  5501  3146  
65  2971  3086  
19  5133  5072  
31  2567  5110  
7  1205  1898  
72  1015  6835  
13  1297  2699  
79  3854  6214  
89  4266  1754  
55  2468  7347  
82  4164  3867  
10  4229  3938  
81  3482  80  
80  2181  5239  
13  4071  2936  
32  1989  2270  
55  577  6071  
71  4032  7632  
41  339  574  
72  1875  4469  
51  3306  3684  
94  4958  8354  
91  1596  5317  
72  147  1839  
54  4682  23  
94  4762  8016  
79  5542  6965  
55  2754  4319  
71  4834  2743  
82  3628  1130  
38  1299  2878  
22  5038  1375  
58  3730  7718  
7  1325  3268  
97  5093  4913  
99  3800  8247  
37  1457  5553  
64  3104  1899  
21  3382  2696  
29  2275  7678  
36  428  662  
64  1477  3626  
40  4122  1597  
73  3889  5923  
95  3709  6475  
63  974  4570  
32  3382  8340  
55  1514  1052  
46  307  6435  
100  5305  2210  
67  4882  3949  
69  2302  6756  
93  1616  2230  
15  4338  5667  
71  1956  2134  
32  2197  6079  
30  220  1639  
85  3187  3224  
34  871  356  
17  2098  7956  
22  5102  272  
70  921  1105  
72  5420  7764  
89  3027  6152  
82  3634  7188  
37  3637  6985  
89  2720  1801  
98  4369  631  
81  5439  7486  
52  2953  2703  
41  935  589  
45  4799  7681  
88  2491  3876  
54  3319  5037  
72  818  5899  
53  3817  4426  
17  2922  1308  
53  5222  4583  
99  1699  4637  
49  17  5972  
69  1213  2226  
97  507  1406  
86  2814  1209  
61  5005  1412  
