100  
67  382  523  
73  1034  1188  
93  1827  798  
43  833  276  
99  1628  310  
38  1237  1700  
98  1295  3238  
10  87  1448  
20  2420  1160  
49  1925  2071  
39  689  967  
58  911  1443  
88  1576  1409  
51  804  1867  
91  1379  3499  
67  2508  3759  
60  1380  925  
15  352  2440  
39  2162  2240  
12  489  1323  
87  885  975  
80  1303  2582  
91  2042  1322  
67  2238  1758  
96  253  2799  
54  1572  454  
60  963  3783  
68  383  3892  
28  5  2304  
12  835  765  
4  1775  1006  
19  867  1393  
30  2486  2789  
72  1159  3114  
69  416  1152  
83  2297  3815  
23  1594  958  
81  834  3738  
52  686  2078  
87  2089  511  
43  1567  352  
21  1125  2211  
99  830  2447  
34  1346  3327  
81  1752  1225  
78  1931  1233  
32  1010  259  
34  1902  3451  
11  199  1369  
69  1259  2682  
75  2091  1106  
36  768  2349  
36  211  2375  
64  952  1286  
14  105  77  
38  842  154  
46  1295  1152  
95  1378  581  
58  1809  735  
11  1707  1419  
95  937  3461  
72  927  1053  
44  52  3448  
76  1830  2508  
29  214  2105  
60  416  1888  
6  222  3116  
49  1831  2467  
42  2223  1064  
22  224  1046  
82  116  1810  
97  2005  2156  
28  1979  2682  
18  1631  2668  
76  164  643  
30  1373  3495  
13  117  1343  
47  1337  1817  
28  1214  867  
65  1823  2727  
56  1617  1965  
24  633  3806  
27  801  1795  
49  2179  403  
98  1969  644  
25  1213  443  
79  1636  1797  
23  1794  3536  
100  442  3486  
59  1845  438  
70  760  352  
67  586  1553  
55  1706  371  
45  2024  2176  
31  1509  432  
24  228  2368  
22  1612  1378  
63  116  3864  
77  2320  2254  
92  524  3833  
