100  
100  2618  3606  
50  4128  4689  
84  4279  4975  
97  417  3718  
59  1399  3909  
14  465  4118  
71  4413  4058  
52  747  5282  
17  3003  3340  
7  4342  3254  
60  2316  3002  
6  2346  4448  
78  4872  2832  
62  2940  4819  
93  2625  5236  
8  4146  3180  
68  1992  3387  
78  2444  5275  
60  2265  4553  
66  2196  3028  
71  4778  4384  
16  4093  3775  
7  1333  3354  
78  2183  4283  
8  1359  2926  
59  107  2963  
62  1567  2787  
15  4509  4284  
6  2117  4644  
79  4645  2844  
39  170  4542  
76  3174  2851  
44  4979  3747  
82  4949  4473  
74  2508  3944  
69  5370  3237  
47  4611  4997  
69  3317  4215  
42  10  3221  
64  2586  4237  
25  713  3754  
13  3195  3947  
10  3468  5018  
16  4833  2717  
55  730  3751  
18  2156  4719  
87  4973  3818  
7  2541  4504  
54  2953  3804  
62  2353  4166  
16  4388  4855  
78  2335  3335  
32  3341  4444  
63  3016  3394  
72  4705  3734  
7  879  4087  
55  4459  4523  
87  3851  4605  
14  5008  3620  
82  1197  3255  
93  1112  5192  
62  89  2748  
35  4644  4068  
26  4458  5054  
31  536  4635  
85  2579  4579  
61  2285  5296  
69  5174  4760  
85  1103  3355  
87  4091  4400  
74  1757  4904  
50  2963  4693  
56  3304  5346  
63  2778  3599  
42  364  3119  
60  4665  3145  
56  1234  3767  
74  3800  2993  
19  1926  4416  
57  4253  4896  
77  2610  3893  
44  5226  4562  
8  2997  5009  
46  908  4194  
82  4425  5186  
100  2913  2994  
89  4283  3208  
96  289  4765  
76  468  3956  
71  5275  4137  
74  1349  3839  
74  3934  5004  
4  143  5073  
4  1352  5006  
64  126  3824  
97  4413  2736  
41  3188  3116  
79  4751  4206  
50  3509  4350  
49  2446  5270  
