100  
66  2441  2998  
66  3301  2859  
70  4049  3364  
40  2534  3307  
68  3716  1701  
40  798  1424  
61  4749  3886  
98  2209  3378  
73  2920  2273  
86  1283  3483  
89  4123  1344  
92  5902  70  
69  6112  2062  
23  6116  4445  
23  4869  3574  
91  556  61  
23  6326  2430  
33  2087  218  
89  1350  2503  
99  258  1018  
6  2300  1137  
73  4116  1107  
42  1732  4633  
28  1455  4605  
36  6175  4890  
82  4869  1109  
13  2088  838  
49  2857  3873  
35  1793  510  
50  668  408  
50  2881  4649  
82  2546  4198  
8  3486  1902  
99  5116  2798  
60  3934  225  
61  5674  5149  
13  4404  4465  
43  2554  1791  
5  1872  4719  
65  883  3809  
73  4427  2123  
57  4198  3710  
91  4848  1287  
96  1072  5168  
55  3050  5157  
58  3437  4174  
62  2463  3298  
31  433  4347  
40  3899  4795  
61  4278  1363  
72  3005  2879  
90  2500  1515  
32  5385  2237  
49  6121  882  
6  1317  928  
46  5701  3840  
71  5911  2775  
7  2997  426  
32  5811  1891  
20  1289  5184  
54  1522  3596  
80  537  3543  
60  4397  5007  
70  3429  5081  
77  4019  1531  
3  3506  4974  
48  3217  3473  
62  205  1661  
92  2527  3151  
71  4199  3403  
55  2163  4227  
37  4307  80  
100  1410  449  
35  1198  2923  
34  1424  2416  
84  1840  3826  
40  3296  2482  
13  3613  3249  
34  687  5243  
97  4232  4460  
42  4151  2075  
17  1675  134  
16  3038  2989  
19  5997  354  
88  554  4462  
21  1197  719  
85  5879  2927  
48  5785  789  
28  1338  3411  
61  6611  2710  
14  2868  4150  
74  2547  540  
38  3931  2776  
83  3513  4580  
86  3626  2834  
6  6556  1803  
70  2162  812  
33  5273  2458  
55  1178  4810  
42  5154  5001  
