100  
2  3916  3193  
69  5134  3018  
4  2230  5280  
29  3195  2054  
6  4523  1206  
81  1255  1048  
90  2715  472  
79  264  3732  
14  3804  3487  
10  5210  1144  
68  1345  1895  
69  3302  5087  
55  4196  255  
15  2656  3570  
57  2775  1012  
86  4475  2646  
62  4783  12  
72  5141  5072  
68  904  5  
74  1045  2145  
85  2051  1249  
16  353  4526  
30  3812  5288  
62  2616  1502  
27  2546  4070  
17  3546  4053  
93  3896  1386  
1  402  4832  
38  1096  4877  
49  2830  2786  
69  2512  3386  
1  3397  1524  
86  3497  3149  
79  1690  4658  
82  2294  3632  
46  2451  470  
25  4485  1189  
72  4854  2565  
47  3468  1810  
97  5085  4620  
3  316  3978  
69  3807  4108  
9  4316  1860  
54  5200  3560  
43  3877  1765  
11  9  2410  
79  348  724  
80  4261  4077  
95  1432  774  
67  1761  2722  
91  3000  5320  
74  3935  768  
36  4531  4392  
51  2399  4636  
47  3829  3121  
40  5247  146  
4  536  2673  
37  2003  4681  
35  4774  1037  
69  3904  4684  
26  233  1412  
17  2498  4853  
22  3886  5187  
29  3783  5205  
81  1426  533  
75  408  3211  
93  3653  902  
27  599  3935  
69  409  4023  
48  3604  3124  
81  4795  173  
84  2825  1881  
70  4914  3079  
69  2993  2846  
52  2138  1193  
55  1748  4119  
3  3656  1181  
5  1510  1032  
58  1858  4967  
27  1958  3696  
85  5194  5314  
33  855  781  
96  1622  2064  
98  1163  1454  
97  3607  2477  
54  3106  1508  
67  2286  5162  
41  1108  1912  
20  1455  5106  
93  2415  4758  
64  931  4774  
97  422  5242  
14  3061  4823  
82  4065  4429  
85  3170  3972  
85  1609  1521  
26  599  4523  
73  1929  1861  
75  1038  4164  
42  2381  720  
