100  
55  1782  980  
81  2754  281  
23  4605  1609  
81  3478  2104  
93  4240  1103  
4  346  1318  
13  7  1314  
46  823  1893  
89  3866  1566  
14  4167  564  
4  3919  1913  
21  2295  910  
22  3369  2267  
80  4386  1900  
77  2759  991  
40  195  2337  
100  1222  1248  
10  2363  604  
4  1235  37  
69  4632  466  
45  653  430  
72  1046  1018  
52  2565  200  
5  2188  197  
13  3580  1698  
41  1040  1191  
8  4526  1322  
21  3301  2027  
78  3188  645  
19  713  1584  
25  4849  232  
7  27  1301  
69  4448  628  
19  1190  1254  
77  927  195  
82  4804  642  
77  2815  1869  
48  2236  605  
75  3315  900  
32  1990  2194  
31  1398  613  
97  4336  2061  
61  2393  2030  
50  2161  1775  
16  1049  153  
13  683  1156  
2  1  737  
15  4826  2060  
3  988  1040  
93  4420  1037  
22  923  215  
31  1644  437  
56  1694  1949  
9  4826  353  
48  2928  169  
91  1974  1903  
70  3052  2157  
14  560  2324  
98  2484  843  
100  3628  2014  
57  2242  350  
48  2032  1321  
10  4318  1418  
7  1090  138  
47  1439  155  
79  3743  572  
58  2399  1422  
53  4879  2193  
21  721  795  
2  1186  1832  
40  2426  2272  
59  2115  762  
70  649  382  
36  2498  898  
4  4265  2350  
31  414  1989  
20  2877  283  
96  3454  1993  
85  3427  1890  
30  1949  693  
69  4456  708  
53  462  577  
87  553  1847  
82  1143  862  
86  3811  584  
70  3573  1802  
67  1438  35  
62  3964  2175  
36  19  2287  
81  2609  970  
51  3267  1393  
96  1333  1576  
85  4037  1385  
77  3940  11  
57  3020  2193  
45  3499  1924  
66  3844  2440  
95  2836  245  
12  1802  1256  
41  889  404  
