100  
78  371  5978  
58  1405  2248  
40  2207  4987  
2  2769  2408  
27  817  580  
74  2039  6748  
99  1478  5342  
9  2753  2734  
4  3256  3818  
74  1011  4904  
24  1421  6280  
29  1557  6979  
82  3650  5244  
47  1096  4521  
37  1013  3158  
71  904  621  
30  58  4888  
38  106  5790  
71  2341  1060  
95  586  6296  
48  2815  7776  
28  3775  8062  
81  916  1338  
90  239  7379  
19  2903  4723  
95  2930  4088  
12  3595  3897  
49  2119  1956  
38  4159  2412  
90  641  6241  
82  2725  6749  
41  1772  5159  
69  34  7129  
52  2718  1500  
99  1791  1554  
62  3299  6927  
59  1334  2052  
29  2586  6623  
29  374  3991  
20  3765  4073  
38  100  6550  
81  2301  4674  
82  1195  1071  
27  447  6984  
20  3264  5877  
70  1112  4427  
45  1365  2501  
3  890  483  
48  440  1100  
37  2907  7105  
25  2090  2177  
95  3088  5369  
65  2546  236  
51  3610  6319  
72  1571  4675  
46  1233  3811  
47  2662  2040  
88  2517  395  
92  3007  2012  
31  3064  1566  
92  1126  714  
4  1997  8012  
94  3105  7283  
39  3317  5577  
12  122  1466  
84  61  4358  
43  3993  6743  
58  2652  6804  
13  3716  854  
91  978  7829  
97  248  3573  
75  2566  6893  
58  1842  6599  
17  4062  4528  
53  3236  2824  
83  798  8353  
33  3431  414  
17  2101  2433  
77  3174  750  
32  2531  3213  
29  2152  8087  
88  306  5985  
56  2725  4407  
86  2692  542  
100  2924  685  
76  940  7553  
97  1538  5007  
9  2888  1291  
92  516  4144  
39  120  4536  
86  372  2416  
98  4089  4339  
8  2605  139  
51  2399  6543  
60  109  7432  
85  627  7347  
79  113  1126  
54  4071  3  
73  3438  1819  
93  2985  6328  
