100  
64  1295  275  
60  798  309  
41  1490  5452  
86  3906  4561  
14  2374  3231  
30  3947  5089  
11  2824  3949  
100  382  5252  
5  1195  2452  
50  3548  5225  
91  2131  4306  
46  3867  5118  
45  2966  1017  
10  1705  96  
63  479  1822  
12  2527  164  
70  2616  5948  
80  2733  5823  
91  592  4264  
71  1211  5486  
89  591  2230  
37  2947  6238  
10  3834  2607  
70  3801  5731  
93  1109  251  
76  3844  1363  
14  3930  3749  
40  698  4070  
53  270  2851  
67  3154  523  
82  1683  1787  
83  1352  4469  
45  2821  1473  
18  1728  6548  
26  2798  5512  
43  3551  2312  
95  2937  2566  
25  300  1339  
65  759  3486  
25  1199  1907  
51  3102  335  
31  1320  2004  
90  1116  3476  
2  3023  5032  
97  3805  5777  
80  2518  3429  
83  576  1221  
15  1742  1658  
7  2708  2957  
23  39  5195  
70  539  4845  
36  859  6011  
49  818  2725  
63  3592  3766  
83  3275  1432  
13  3491  3008  
46  1550  2040  
43  577  332  
26  960  6221  
72  71  4284  
42  123  5442  
19  99  3022  
43  3290  4498  
91  1516  6129  
4  3064  6359  
25  1293  3760  
89  1422  5637  
42  3063  5578  
51  2143  3731  
25  898  6012  
48  3824  3697  
60  2765  1856  
88  2346  3507  
85  635  5757  
70  2112  4823  
2  3017  700  
1  2008  4541  
45  493  6310  
74  3393  2803  
41  2287  200  
93  619  2019  
100  2148  3837  
98  1713  1941  
78  3638  5476  
60  2972  4897  
33  3684  1535  
81  2856  912  
95  3111  3615  
84  54  2478  
37  1493  6289  
57  3388  6548  
99  1917  1546  
45  365  6396  
34  2375  5371  
3  101  1077  
47  1532  4255  
94  2178  4708  
74  3092  390  
44  685  2527  
5  3040  6485  
