100  
13  3574  6488  
43  4223  5454  
26  2719  2654  
26  171  5527  
43  917  4969  
83  5855  3830  
3  4000  5517  
82  676  5155  
2  4705  6234  
64  2921  3040  
20  1763  6004  
96  1796  2811  
1  3866  3309  
17  1866  3706  
68  1807  6260  
99  5944  6038  
83  5392  5690  
95  2891  5583  
67  4919  5343  
75  6198  5251  
72  1238  2641  
21  166  3873  
94  4525  4648  
14  6340  3467  
55  3698  3599  
67  398  5317  
75  3520  2710  
74  4362  4114  
74  3246  6445  
37  1028  5754  
70  3901  3865  
4  206  5586  
56  1511  5192  
24  628  5568  
87  979  4869  
21  6295  3221  
100  1994  3716  
48  5236  2841  
24  6168  3043  
38  1031  5231  
70  5838  3789  
76  5987  4104  
8  13  4712  
75  821  5679  
27  1891  2767  
27  3465  3348  
31  6224  3812  
13  881  3502  
63  1818  4465  
14  1710  4393  
22  5841  2992  
77  6267  6176  
37  312  4840  
22  6476  6038  
13  5942  2942  
96  6137  5865  
49  5534  4653  
100  3883  4394  
92  4082  3480  
54  3859  4257  
93  3768  5003  
99  6086  2664  
28  2773  2723  
88  4446  3783  
58  4317  5315  
96  2760  6396  
61  4602  5089  
13  6146  6067  
75  4171  3908  
41  4909  6489  
46  1715  5628  
76  4939  5421  
37  1777  5571  
38  5397  5082  
91  1511  3113  
46  2739  2901  
5  4304  2854  
87  1691  3484  
35  4805  3692  
75  2212  4987  
57  149  4118  
86  3426  5725  
31  3693  5403  
39  1953  5241  
10  1037  2995  
44  1053  4971  
7  2675  3754  
96  1347  6099  
12  6448  5536  
43  3084  5762  
99  5256  4797  
18  5816  5733  
22  6264  3975  
91  4744  5157  
94  5430  3980  
98  4477  6077  
56  5923  5904  
16  112  3536  
2  5082  4469  
69  2919  5439  
