100  
62  2239  548  
30  1316  735  
96  3870  1013  
92  336  1411  
76  1462  708  
76  3793  690  
57  4393  1303  
77  10  424  
12  1187  2572  
76  4142  1431  
97  38  2244  
39  2909  2135  
67  3741  1954  
22  4673  678  
64  4383  291  
43  2776  1917  
80  4569  597  
39  4  825  
97  316  1414  
81  567  949  
1  4323  1590  
94  916  2387  
14  2112  1324  
15  1875  2286  
26  1959  2162  
27  970  1600  
60  1240  2474  
99  182  113  
94  809  1487  
7  2497  1245  
75  4160  1764  
86  845  906  
81  3540  1974  
86  2435  1358  
40  3073  1402  
15  3071  1643  
9  765  654  
97  839  1310  
7  253  474  
53  2301  2317  
98  410  1106  
22  3155  557  
7  4754  2228  
39  980  614  
54  3827  2072  
58  2107  1930  
83  3330  1842  
59  4614  757  
97  1114  1513  
50  1730  2280  
76  680  2111  
84  2919  655  
64  3586  1779  
6  330  170  
16  180  972  
81  4613  1494  
94  84  1253  
63  3878  1211  
81  2103  1780  
3  1145  5  
32  3856  2516  
67  3504  581  
12  4075  840  
31  1518  1124  
1  3712  1250  
85  1452  1668  
88  4193  994  
61  1799  1522  
2  4204  1159  
35  3700  158  
91  3159  2144  
40  402  2072  
5  3934  2138  
2  246  997  
69  2474  1389  
98  3756  1468  
36  125  318  
32  2321  1779  
63  2271  2427  
99  4487  1515  
84  2405  2149  
47  2455  1585  
16  4342  518  
36  1100  1323  
56  3650  2237  
18  2267  63  
25  4470  693  
19  2591  2259  
40  1818  76  
32  3279  929  
39  3953  14  
19  4551  1444  
43  4253  1978  
12  2121  451  
9  2204  1908  
64  2971  596  
82  3489  2297  
32  3703  640  
50  3542  1969  
85  4282  234  
