100  
83  738  2635  
19  3125  2590  
49  385  7407  
57  4088  3557  
28  1757  7067  
11  2281  7358  
1  741  7205  
21  1293  3145  
91  1717  7033  
91  3275  4924  
84  4609  6964  
43  2803  2073  
48  4394  3625  
7  3130  2745  
43  1709  7536  
67  3222  5632  
18  1879  3641  
79  2928  3600  
84  1818  2571  
88  4081  5374  
89  816  6825  
64  1592  1543  
74  117  7213  
74  258  1278  
17  3559  3206  
88  4631  7587  
34  173  2185  
37  1048  4296  
21  3482  5017  
28  3621  4427  
48  3561  6693  
51  1815  5295  
48  2743  1617  
52  4931  2173  
45  1815  5245  
16  3368  2993  
91  4524  6909  
78  1805  6813  
50  2098  2332  
30  2604  4504  
77  3086  2835  
91  2858  5260  
8  4284  2999  
81  3714  7448  
60  868  2556  
64  848  2845  
12  4204  2335  
55  608  2370  
16  4237  2746  
6  4644  5583  
66  3573  3896  
40  2443  6195  
60  1163  4664  
22  3931  7270  
81  423  3386  
52  3847  4635  
16  2159  2919  
27  3343  6309  
100  524  6975  
83  265  4228  
27  1313  3392  
21  1268  6595  
68  2320  2060  
52  3187  1681  
57  4897  5789  
47  3015  7171  
50  3870  3401  
15  2139  1895  
80  352  5466  
58  4791  4117  
88  4216  3525  
3  3277  3949  
94  2789  2295  
23  4296  7462  
79  2891  5319  
31  1997  2884  
66  3056  1435  
5  4942  1913  
72  4261  3883  
46  2082  5967  
87  4849  6687  
18  2470  1302  
56  1997  7427  
2  2015  2888  
24  371  6952  
95  3181  3249  
15  3908  4797  
53  3284  5189  
52  3385  1804  
49  2597  6914  
75  2591  2797  
31  191  6045  
66  4759  5973  
14  2894  3612  
98  3443  7419  
73  158  2049  
9  1536  3847  
54  4530  4316  
48  2959  4646  
96  1022  6304  
