100  
55  936  6633  
70  4622  7341  
98  2664  1946  
19  546  3395  
2  4784  5625  
70  3169  3679  
25  872  1504  
50  1169  4233  
93  5018  7396  
43  5046  6749  
71  4343  4513  
77  3513  3824  
21  2954  6145  
39  709  7293  
42  1769  5455  
49  3410  3199  
4  3225  6725  
63  2596  5574  
71  3763  6141  
87  598  4184  
71  3722  5247  
29  4851  3953  
79  4225  1338  
34  4752  3821  
18  3657  5463  
50  5  4867  
38  1706  1814  
66  1741  2194  
51  1420  2024  
29  560  2074  
48  1046  4456  
88  2835  3567  
47  1133  3882  
84  3626  4217  
46  275  1963  
31  3832  1938  
16  4999  2309  
23  1426  5580  
22  891  3048  
40  4640  2968  
56  111  2585  
91  319  4872  
77  2189  6290  
78  2745  2524  
14  1980  4419  
84  1040  5824  
41  1657  1778  
79  1282  2998  
34  1914  5163  
72  2696  3203  
3  3506  1803  
75  3679  5129  
75  1903  6940  
93  4284  4350  
56  2047  7151  
39  1179  3019  
14  3878  6140  
84  1974  1987  
21  469  4583  
18  3524  5720  
80  4936  3126  
51  3832  1897  
66  3145  4662  
50  1794  2082  
94  2864  4789  
29  2738  1404  
89  530  3419  
30  4360  4160  
56  1153  5475  
73  4265  1546  
90  4724  7096  
26  1780  6006  
1  1036  3199  
12  2714  4600  
13  203  2147  
22  1583  5607  
2  4169  2606  
61  277  5206  
13  4929  7039  
11  4905  5720  
15  4113  6131  
89  2334  6511  
40  2523  2691  
39  561  1905  
97  2516  6788  
9  2570  2887  
89  4584  6223  
78  71  7191  
36  178  3959  
45  3833  3955  
70  2119  4099  
86  4877  4309  
40  3377  2418  
80  1553  7272  
84  4255  6003  
50  1835  5832  
39  3302  1801  
47  1161  6496  
43  2280  1543  
67  3775  1579  
