100  
7  1928  4553  
21  1903  4059  
54  1854  5083  
32  4005  4038  
71  2317  4771  
54  1068  6643  
38  1173  6410  
75  1574  5167  
85  3161  5807  
58  1650  4062  
72  3664  4366  
12  2004  4426  
25  1371  4584  
86  3081  5511  
50  2805  6502  
46  2654  6002  
93  3313  5738  
54  904  4366  
72  571  6149  
89  2126  4158  
22  3139  4742  
24  3872  4942  
15  347  6063  
30  2445  4889  
11  2123  4676  
27  1612  4605  
7  226  6649  
3  3390  4411  
23  2356  5281  
94  2412  6074  
43  2624  4803  
99  1639  6249  
100  1629  4830  
72  477  4879  
46  3034  5242  
57  1245  5878  
1  868  5106  
15  3679  5111  
80  2977  4647  
16  1185  5533  
95  2404  6444  
50  2184  5209  
71  2098  4016  
2  3071  4419  
3  2613  4780  
68  2080  6345  
90  179  4708  
70  977  6506  
86  2758  4981  
61  2365  6571  
61  3648  6088  
96  1168  4736  
96  428  5235  
92  3103  4291  
77  1568  4743  
48  950  5754  
91  660  6640  
96  792  4790  
4  77  6224  
49  342  6208  
75  3822  5404  
28  1786  5089  
25  2730  5780  
58  862  5058  
44  1666  4937  
44  3987  6588  
29  2772  5790  
23  2935  4834  
96  561  4685  
25  3526  4109  
72  2583  5184  
3  1195  6090  
76  1267  4500  
30  2211  5693  
42  2256  5035  
45  328  4304  
8  1901  5952  
80  2602  6559  
88  1993  5056  
64  2114  4230  
100  617  5630  
13  3509  4383  
78  1982  6583  
86  249  4263  
30  740  4193  
70  3161  6400  
56  232  4659  
15  3259  5546  
80  1693  5489  
88  526  5304  
24  2498  5914  
64  3501  5023  
99  355  4674  
80  839  4196  
15  1775  6668  
59  670  5053  
11  196  6219  
65  2562  5272  
79  3819  4864  
94  3515  4224  
