100  
63  871  1954  
79  910  4580  
47  866  4217  
80  644  6160  
63  1222  2226  
93  858  2075  
6  302  5732  
93  120  2073  
63  184  5214  
21  488  5033  
61  343  3596  
61  326  5607  
85  826  3375  
9  529  2520  
50  19  5474  
28  627  4943  
68  508  5081  
21  926  2600  
61  195  4019  
65  720  4638  
55  1006  6345  
58  13  3966  
90  96  3959  
83  394  6022  
38  1187  3892  
55  321  2130  
84  613  4165  
16  130  4945  
13  381  3822  
79  61  3135  
52  583  5536  
51  500  6384  
81  201  4318  
24  378  5059  
18  1189  5743  
39  931  1677  
58  428  2988  
63  89  4119  
1  831  4823  
36  224  1825  
93  1078  5956  
80  1145  4579  
31  723  3042  
52  487  2250  
25  683  5281  
49  793  4918  
92  1163  2890  
26  932  4172  
52  844  2190  
90  350  1999  
7  312  4040  
21  967  2444  
40  1000  1823  
5  294  6029  
32  569  1419  
21  438  3049  
19  693  5587  
21  1027  1779  
77  655  4041  
65  711  3332  
96  892  5351  
9  346  4937  
99  869  4516  
33  740  5806  
100  247  2814  
39  280  2195  
24  488  3812  
78  1224  2872  
87  434  2937  
57  1002  5429  
68  892  3560  
67  1010  3796  
64  1049  4280  
61  1227  2024  
20  749  3886  
82  15  2294  
91  987  4091  
31  1160  4387  
85  624  4252  
48  1072  6440  
97  158  3172  
90  215  3283  
80  1294  1330  
70  829  5297  
24  1240  1770  
61  932  5686  
88  263  5776  
10  206  2413  
12  286  4156  
94  340  2601  
14  89  6138  
55  370  4402  
15  906  1665  
24  253  5151  
81  1223  5911  
34  420  5657  
7  475  1505  
14  714  3972  
3  781  2086  
61  918  4723  
