100  
39  1695  5134  
53  3207  5607  
79  2617  5251  
18  3765  5092  
42  3605  5124  
59  2653  4896  
71  711  5166  
14  1332  5724  
97  3682  4794  
16  313  4928  
30  1045  5367  
31  1919  5028  
54  3694  5779  
55  2269  4731  
4  3413  5414  
12  2377  4830  
3  387  5299  
64  3409  4840  
30  154  5227  
55  3838  5676  
98  3090  5394  
38  2910  5497  
85  1481  5708  
83  2943  5571  
73  4475  4953  
73  1315  5858  
56  68  5065  
71  1389  5791  
34  1074  4972  
36  3882  5234  
18  2400  5499  
5  66  5245  
28  2685  5520  
53  3751  4938  
65  4310  4963  
88  2031  5253  
27  4540  5700  
16  3670  5357  
53  3262  4935  
65  1679  5563  
91  411  4815  
85  1917  4962  
86  4645  4819  
62  2917  5801  
50  4266  4892  
48  2660  4965  
40  2790  5053  
18  2323  5371  
5  4069  5799  
53  4039  5149  
20  3428  5462  
20  3428  5574  
2  3137  4864  
64  3625  5759  
92  775  5708  
26  4455  5762  
17  3530  5757  
36  3006  4901  
34  3235  5108  
25  3794  5076  
97  2609  5200  
11  3969  5033  
28  1799  5865  
46  2445  5624  
36  2164  4836  
80  3985  5327  
3  2754  4738  
56  395  5171  
10  1887  5632  
46  3708  5323  
34  3676  5409  
77  2443  5733  
64  2977  5520  
74  2729  5451  
20  4017  5523  
46  1390  4796  
76  889  5418  
58  2550  5095  
18  714  5109  
97  2432  5279  
24  502  4745  
59  3803  5696  
94  1917  5667  
32  1758  5541  
42  4683  5728  
59  3220  4881  
95  4038  4846  
72  659  5614  
84  2837  5613  
21  1659  5460  
4  2081  5450  
17  721  5220  
20  1132  5375  
38  3032  5767  
6  1612  5394  
24  4346  5406  
69  2720  4863  
73  2794  5049  
89  4202  5628  
33  1524  4709  
