100  
63  2711  4522  
44  718  5781  
12  38  5008  
31  1545  3281  
94  2133  2680  
68  1193  4670  
67  1364  2790  
72  171  3469  
95  1655  5660  
12  1879  3759  
32  4121  5521  
56  3963  2980  
77  91  4276  
93  3428  2681  
29  93  3239  
100  3357  2897  
29  3212  2887  
39  4047  5259  
32  295  4193  
74  164  2950  
57  1769  4913  
55  536  4342  
53  2736  4471  
15  1358  4065  
19  27  3583  
21  1098  2510  
6  3147  4012  
35  2128  5505  
62  1911  4758  
12  1935  4378  
36  1861  3824  
81  150  2843  
11  3025  5109  
38  3265  5030  
35  4028  2988  
25  2584  4833  
76  2930  5638  
28  4373  3840  
30  2710  3249  
12  4462  3094  
87  2120  3838  
38  2221  4143  
65  3744  4117  
11  815  3802  
38  2167  2849  
23  879  4972  
57  3492  3956  
50  1875  3381  
6  3596  4513  
87  2050  4694  
96  1787  4175  
20  1656  3293  
10  3179  5105  
65  858  5116  
43  850  5612  
23  1343  5273  
36  3360  5886  
75  3688  5547  
61  4616  2661  
9  2589  3998  
15  2042  4432  
21  2459  3704  
88  4062  5411  
48  2719  3046  
17  747  3282  
74  3222  3559  
13  3747  5788  
94  1587  4397  
14  1860  3377  
84  1333  4730  
68  23  4604  
38  3345  2791  
30  2230  3700  
4  2000  5837  
92  3014  2759  
98  3343  3533  
100  2194  3424  
51  3176  4122  
62  339  5637  
49  4448  4523  
36  1953  3459  
43  2206  3213  
69  2576  3125  
73  1870  2426  
59  3659  2569  
73  3731  5831  
5  4007  3618  
50  841  2703  
12  3063  3462  
77  2085  3751  
72  3813  3034  
40  550  4864  
8  537  2571  
7  4408  3404  
50  3885  5468  
15  3869  4105  
97  3764  3799  
36  1973  5768  
51  404  2455  
57  960  5055  
