100  
95  2815  1502  
89  1164  1423  
75  1888  2953  
95  909  1465  
5  965  1207  
77  764  1275  
16  802  1518  
40  2779  1750  
30  1254  1426  
90  2728  2858  
47  2373  1383  
92  2686  2987  
12  1319  3171  
2  22  1979  
40  2715  1791  
65  2649  2038  
80  1829  2502  
37  1365  2880  
47  402  2961  
73  2616  3320  
30  2088  2930  
33  1483  1147  
14  1241  3055  
94  2632  1899  
57  2139  2010  
66  633  2983  
40  2007  2930  
27  2283  1356  
23  979  2770  
41  3388  2333  
73  3279  2433  
66  733  2708  
65  2926  1198  
82  1082  3344  
28  2011  1946  
15  2940  3354  
15  178  2777  
67  3281  2996  
21  917  1455  
54  3301  3277  
39  1522  3409  
56  346  3189  
31  596  1732  
15  101  1539  
15  2631  1866  
24  2690  2179  
20  764  2164  
55  2122  1278  
86  1743  2514  
46  1886  1485  
28  2577  2607  
33  3169  1593  
37  1558  1692  
92  1645  2642  
63  1973  2980  
1  1767  3176  
86  1990  1318  
48  2910  2799  
6  2667  1361  
77  2630  3301  
58  3418  2454  
45  439  2357  
61  3155  3419  
13  1501  1733  
33  1741  1785  
22  548  2000  
7  3062  2759  
65  957  2899  
71  242  3378  
73  2860  1268  
30  2992  2524  
22  2307  1147  
20  2223  1393  
4  1228  2099  
69  1672  2508  
12  2124  1720  
23  749  2604  
39  2380  1576  
24  881  1793  
43  2622  2989  
72  708  1585  
14  448  2177  
8  1299  1576  
30  2951  2577  
58  497  2536  
81  1144  2087  
18  1004  2044  
99  3300  2950  
16  2774  2051  
61  1573  1798  
85  377  1426  
88  3297  1769  
46  263  1232  
41  2368  1591  
26  1215  2006  
9  2018  3193  
11  2711  2138  
79  329  1462  
75  693  1852  
46  1648  2393  
