100  
35  749  5839  
15  2484  4328  
39  4833  5568  
7  2406  6457  
95  1437  5911  
25  4057  5575  
33  410  5698  
13  4476  7291  
56  1662  7347  
57  5263  4621  
61  1480  5267  
58  622  4998  
47  1167  5315  
55  1018  5782  
29  2517  6379  
9  2119  6171  
68  5076  3806  
82  709  5720  
61  5131  5775  
86  5987  3828  
17  4353  5295  
91  3357  7145  
92  2242  5097  
15  213  6574  
82  5428  6365  
57  941  4782  
41  2077  4380  
5  3561  4645  
17  564  4255  
96  5432  5315  
5  213  6546  
55  2925  6836  
44  2138  4733  
12  2568  5783  
49  3545  7033  
34  4753  5558  
71  79  4297  
4  904  5131  
43  6197  6458  
5  5373  6583  
88  5332  6214  
73  6128  6359  
35  6256  4519  
86  878  4556  
27  2184  5777  
9  4938  7397  
56  4942  7029  
72  5895  7443  
23  1671  6066  
49  3464  4490  
23  5152  6578  
81  2478  4725  
88  1407  5290  
82  6084  6109  
42  1467  5047  
60  2474  6863  
72  643  7003  
89  4628  3824  
98  836  6941  
51  6273  5111  
31  5453  4775  
54  4488  4517  
1  2442  4785  
87  2180  4623  
89  106  4041  
53  6000  5613  
92  5406  3843  
93  2514  4207  
42  4202  6351  
18  3915  4330  
73  4772  4557  
56  4235  4657  
36  3742  4695  
15  1216  6377  
53  1922  7221  
56  5678  6621  
82  5506  4322  
2  1189  7072  
40  627  5746  
57  3993  5470  
61  3835  5784  
28  6050  3797  
18  5615  6961  
81  5130  6018  
12  1671  3957  
51  4794  6669  
39  1181  6552  
29  3684  5188  
96  2654  7453  
24  3051  4334  
77  428  4283  
18  3257  4342  
100  367  5309  
35  5449  4129  
17  5755  6515  
1  843  5324  
99  5343  4374  
85  2234  3873  
86  2075  7333  
100  5192  6059  
