100  
3  3312  1494  
41  1736  1757  
39  5106  2211  
83  1277  2487  
15  869  1367  
54  4700  2043  
88  772  1893  
70  352  1532  
40  4014  1415  
70  23  1746  
89  2208  2041  
83  4629  1459  
19  1883  1732  
74  20  1980  
57  315  1494  
34  3366  2467  
7  3928  1934  
19  744  2469  
89  1671  1434  
49  2232  2566  
68  1241  2459  
20  1748  1505  
42  121  2207  
33  2663  2197  
15  1496  1493  
55  722  2459  
62  820  1828  
39  1483  1901  
80  825  1792  
44  3699  1543  
7  4405  1751  
68  3199  1952  
38  5135  1489  
66  4073  2487  
8  5211  2325  
7  4794  2183  
6  436  1333  
28  4593  1740  
23  4129  2040  
95  3993  2564  
67  4806  1867  
44  1329  2385  
51  2265  2581  
51  2649  1356  
82  4050  1313  
5  4579  1720  
14  5046  2325  
7  1667  2371  
73  3161  1829  
72  332  2214  
83  4623  1419  
13  4492  2140  
63  1407  1552  
79  2332  1478  
19  255  1900  
81  4410  2246  
49  118  2607  
79  2461  2304  
92  689  2600  
4  4974  1948  
39  3329  2346  
68  2792  2334  
95  3242  1629  
3  4044  1528  
50  5200  1437  
67  4164  2152  
40  613  2538  
83  2581  2038  
46  3711  1587  
79  728  2184  
8  1909  1795  
68  3031  2187  
11  4521  2570  
95  2949  1372  
66  1817  2080  
17  1745  1728  
32  4990  1359  
59  1520  1368  
82  3296  1952  
43  2164  1766  
38  1378  2054  
93  4217  1963  
96  3381  1559  
78  4352  1542  
89  4716  1856  
70  3935  1880  
78  2897  2394  
56  5067  1626  
92  540  2242  
21  2014  2395  
78  4835  2225  
75  2082  2340  
24  3069  1353  
74  4162  1751  
46  266  2415  
31  2581  2412  
68  3044  2283  
72  3812  1718  
45  4883  1522  
88  1224  2254  
