100  
95  1129  3477  
9  1760  3808  
53  153  2783  
56  2280  3150  
85  4258  3505  
75  1513  3772  
58  66  3233  
52  2472  3568  
42  1454  2576  
30  2592  3499  
42  4090  2882  
60  1276  3060  
9  4546  2629  
32  4332  3638  
88  476  2817  
39  2027  3029  
33  1760  3649  
43  1362  3098  
42  3  3560  
33  4707  3435  
55  4540  3462  
51  2957  3407  
95  446  2706  
81  3817  3707  
19  3912  3216  
40  2005  3491  
24  1195  3778  
15  2112  2618  
48  1007  2942  
71  3391  2689  
42  2662  3645  
3  3798  3285  
52  1012  2889  
77  5056  2611  
41  320  2960  
9  5028  3383  
85  2313  3528  
98  1428  3480  
62  3303  3354  
84  2459  3566  
61  3233  3168  
91  2469  3228  
32  4061  3773  
93  323  3457  
3  4551  2989  
90  1806  3811  
90  865  3160  
53  2015  3239  
32  1514  2805  
89  2342  3469  
18  587  3138  
12  2727  3125  
100  1705  2976  
38  4931  2791  
87  1001  3775  
51  2629  3147  
24  4000  2712  
58  2957  3422  
75  925  2762  
84  2947  2659  
74  4779  3644  
1  1326  2661  
76  4207  2752  
1  1116  3271  
21  434  2987  
19  2437  3509  
94  2207  3142  
96  2886  3170  
23  1071  2941  
39  1974  2675  
80  2934  3613  
17  1712  3202  
19  120  3254  
26  4617  2575  
43  2448  3785  
79  3101  2609  
69  4305  3643  
34  3427  3347  
8  1646  2842  
86  3726  2957  
16  4305  3322  
28  2175  3783  
73  3400  3323  
1  1023  3158  
38  4363  3681  
45  909  3135  
31  3999  3377  
53  1943  3636  
16  3600  3526  
59  1146  3200  
95  1975  3090  
64  1727  3808  
11  4903  3377  
3  2282  3522  
60  2555  3059  
71  498  3637  
83  1969  3542  
88  274  2556  
68  3778  2885  
71  937  3311  
