100  
69  771  1152  
79  3766  23  
22  396  886  
50  1401  1673  
6  1177  390  
1  1840  355  
1  4360  584  
8  3841  474  
88  3891  1526  
38  3127  428  
37  2808  595  
4  3889  2332  
59  2200  336  
64  3561  2137  
51  4478  1880  
99  2204  1014  
60  829  2439  
68  4021  1512  
37  942  2031  
93  3678  907  
4  1410  952  
16  535  278  
76  4353  717  
25  4418  1709  
39  2960  1275  
60  4985  1490  
59  4275  1955  
30  792  2468  
10  3184  1408  
95  4528  1278  
25  2481  181  
65  862  460  
93  2519  718  
53  724  657  
50  1468  1063  
1  3938  0  
88  3590  1679  
99  1583  2243  
39  1712  1211  
27  4579  1854  
65  2713  2272  
47  2691  1512  
53  4815  1007  
28  1686  1432  
92  3499  2147  
3  3275  862  
11  3895  763  
50  3323  1430  
44  2901  71  
7  66  2441  
77  4750  1507  
90  4647  833  
72  448  916  
50  1996  830  
84  3809  1787  
71  4476  1876  
71  3654  1057  
12  2253  1722  
64  2082  253  
59  1491  1475  
7  412  84  
33  3660  1164  
61  1020  811  
55  639  141  
55  4179  158  
38  2420  2186  
65  2161  57  
69  824  631  
83  3551  1594  
68  870  1865  
89  3787  1477  
74  3052  115  
40  3398  2256  
68  2113  782  
87  3136  1619  
12  1771  2426  
52  2026  696  
68  3915  180  
88  617  2111  
21  4212  872  
52  1482  523  
41  4966  562  
45  4598  2019  
37  1246  127  
26  123  1289  
13  239  2503  
30  4172  2270  
23  4165  1437  
44  1333  1486  
30  4750  2161  
27  2476  1453  
42  2830  2004  
48  3913  1961  
94  1164  1954  
14  4288  850  
83  2417  797  
98  2168  1251  
22  2336  1983  
88  1867  921  
82  4335  2267  
