100  
87  3122  2535  
35  2389  3364  
92  1009  2882  
44  1805  3458  
93  2097  1491  
77  1302  2173  
16  2923  3674  
30  1048  2231  
40  2926  2298  
61  2214  2093  
34  3858  2217  
81  784  1363  
53  240  2352  
78  3897  2500  
1  1359  3368  
88  2429  3907  
55  4108  2907  
67  3847  2088  
81  4060  2590  
46  2520  3070  
69  3204  2154  
25  1226  3369  
21  1870  2711  
100  976  2595  
18  3389  4017  
69  4732  3308  
3  4981  3239  
99  459  3729  
37  3608  3237  
88  757  3959  
54  5071  3395  
57  1407  2234  
41  4902  3729  
23  2173  2294  
5  50  2337  
15  2930  3699  
25  2935  1367  
93  856  2111  
7  2308  1866  
12  5002  3437  
30  3968  2871  
91  977  1799  
44  2342  2032  
60  207  1376  
26  2034  3392  
98  865  3029  
74  1844  1600  
82  2420  3376  
60  5012  2709  
74  313  3340  
72  475  3889  
67  366  1528  
18  2844  2243  
66  1755  2491  
47  1462  3782  
67  4704  1532  
55  2787  3647  
14  3638  2387  
35  902  3758  
93  5117  2795  
86  3852  3622  
78  1468  2551  
1  1188  2947  
3  4315  2388  
98  1378  2153  
21  3428  3170  
23  3941  2773  
32  520  3271  
65  3093  3904  
75  3653  4009  
2  3151  1924  
52  1511  3584  
43  2914  3300  
34  601  2647  
64  4862  2109  
50  3279  2872  
24  2558  3089  
91  4776  2493  
59  4334  1428  
48  2319  2292  
95  1955  4020  
74  881  2248  
44  2377  2121  
14  1617  2784  
76  2488  2178  
34  2786  3593  
15  4185  3571  
81  426  3991  
40  1657  3568  
80  999  3813  
93  3988  2142  
63  4703  3906  
96  22  3230  
76  1567  1722  
94  3998  2942  
53  3045  3812  
25  4848  1545  
46  5330  3548  
60  5208  3758  
81  4353  1481  
