100  
22  163  6243  
15  191  952  
4  1260  6354  
89  893  2400  
24  187  4173  
15  921  6526  
75  32  1774  
100  1346  527  
35  607  6636  
27  950  5454  
69  975  3039  
17  669  6252  
80  1020  3059  
57  639  3366  
10  1229  5124  
90  495  621  
41  347  572  
94  402  6487  
69  905  276  
97  654  3951  
88  1339  3671  
32  1194  3341  
62  773  2459  
65  561  3078  
49  1249  1346  
27  865  1642  
29  1194  631  
29  396  6200  
27  394  1296  
42  1225  3569  
67  1022  6447  
69  295  2046  
24  1091  6623  
44  230  5709  
50  417  2557  
47  314  6536  
61  292  2152  
85  1136  3762  
38  863  5900  
94  747  6297  
24  64  4172  
58  466  4098  
34  1041  5608  
93  1366  4764  
97  1060  2886  
2  421  2256  
8  1193  1854  
78  249  1059  
29  1001  918  
68  714  5199  
100  565  427  
92  364  1303  
41  1051  3034  
32  1244  6167  
29  196  4471  
21  1304  3197  
64  841  2332  
52  694  1352  
66  693  1227  
64  1203  2915  
89  1141  6314  
55  7  1914  
16  674  2466  
61  1348  3330  
98  503  2040  
57  798  6356  
72  521  6269  
56  255  2813  
96  250  4357  
66  663  5994  
98  612  3747  
92  213  1913  
5  409  3062  
68  597  401  
76  561  796  
63  1210  4032  
95  1118  3572  
4  1204  5639  
66  468  4908  
57  473  3784  
96  655  1512  
44  55  2128  
100  99  6743  
28  942  5683  
91  741  4844  
56  880  4429  
35  0  5591  
20  664  4190  
60  1192  6797  
52  858  1915  
75  577  5775  
46  107  1906  
34  267  6031  
62  374  205  
44  308  4301  
67  642  3505  
21  771  3295  
74  1115  5043  
8  42  6225  
58  211  3870  
