100  
93  3127  4244  
70  1171  4740  
55  1652  5152  
63  2222  4431  
58  197  4119  
10  2744  4384  
97  692  4231  
13  3063  4919  
86  3380  5537  
34  2926  5930  
39  2421  5645  
29  2196  5032  
35  2709  5738  
2  1563  6601  
76  409  5415  
87  3719  5550  
86  2786  5113  
96  4041  5710  
39  535  5001  
12  57  4299  
16  2201  5491  
33  691  4165  
44  3503  6488  
10  265  6778  
85  3206  6281  
8  1133  5049  
56  245  4353  
94  3320  6429  
38  2803  4479  
71  1282  5611  
43  3019  4536  
41  1119  4497  
23  3396  4697  
38  1451  5382  
20  1362  4804  
38  2578  5042  
37  4069  6411  
64  3681  4873  
16  277  5461  
74  22  4409  
61  3030  5291  
100  2771  4768  
79  3355  5036  
77  1065  4662  
27  30  6672  
78  1276  4858  
28  127  6779  
82  1088  5494  
45  142  5214  
94  3615  4242  
53  1768  5102  
37  1078  5695  
80  2000  5579  
51  321  5663  
88  3338  4458  
68  2135  5233  
90  3369  5613  
51  1925  6311  
38  1361  5114  
90  3484  6785  
25  3711  6214  
43  3222  5516  
74  766  4957  
57  197  5339  
36  1431  4611  
85  2329  5289  
75  3628  4777  
7  2756  4659  
87  2963  6153  
59  3527  5041  
23  3461  4946  
88  2461  5142  
53  2469  6568  
98  2701  4925  
59  651  6056  
17  1688  5477  
76  3177  4317  
8  3782  5340  
85  1833  5814  
73  1076  6537  
64  1364  6769  
72  3438  5855  
20  1222  4835  
31  1062  5160  
43  1430  4236  
74  3480  6642  
40  2907  5073  
54  3800  6591  
72  2249  4371  
86  1915  5522  
95  1051  5066  
65  905  6463  
36  99  5535  
63  3453  5773  
58  1667  4954  
21  484  5526  
26  2070  6228  
85  3898  6536  
50  641  5424  
6  2826  5360  
