100  
53  5139  1387  
40  6405  2089  
6  4536  2371  
25  4019  2596  
64  1683  1331  
69  1158  2308  
71  333  2558  
27  5061  2013  
100  5855  1637  
69  1252  2353  
77  2095  2264  
70  2322  1720  
43  2235  1609  
51  5473  1418  
96  3055  2287  
80  2544  1980  
61  5729  2032  
75  3490  1985  
77  6527  2162  
50  203  1941  
30  2898  1859  
86  6413  2582  
83  3089  1568  
32  5958  1993  
51  4283  2178  
48  2596  1542  
31  6002  1488  
78  6285  1505  
92  3605  1719  
69  231  1379  
41  6480  2329  
91  6081  1857  
83  76  1981  
52  5755  1737  
60  4642  2187  
3  2899  2186  
30  2952  1761  
95  965  2531  
17  3159  2109  
21  2357  2396  
3  769  2241  
29  5116  2223  
94  5512  1436  
15  3484  1675  
71  4957  2471  
62  361  1514  
88  2197  2193  
70  2250  2271  
77  5604  2336  
52  651  1529  
9  2590  1422  
23  4804  2529  
90  492  1817  
36  4638  1352  
36  1569  1370  
7  6031  2176  
62  362  2443  
4  5222  1614  
23  4580  2428  
49  4680  1416  
17  676  2085  
99  6005  2192  
82  3334  2487  
43  5171  1379  
91  5932  2001  
36  4728  1744  
88  4340  1819  
2  3690  2414  
7  4175  2043  
83  488  1930  
33  6094  1396  
6  2717  1480  
71  5496  2380  
29  1199  2351  
12  4810  1872  
65  3965  1356  
90  2538  1403  
95  4714  2493  
2  408  1580  
69  1138  2084  
6  1368  1382  
36  5256  1947  
58  5953  1759  
44  5609  2142  
40  3653  1862  
94  811  2044  
80  4215  1637  
2  3721  1745  
92  6019  1682  
40  2500  1954  
52  4046  1519  
6  3835  2073  
85  388  1503  
58  841  1924  
90  4501  2078  
67  6532  1534  
27  1347  1635  
5  4614  2582  
96  695  2591  
47  5349  2280  
