100  
86  1237  6103  
65  2220  5162  
23  1497  3953  
53  2221  3267  
86  2397  6189  
74  1100  5144  
99  465  6488  
19  1421  6289  
47  1674  2446  
50  451  4882  
37  863  3880  
40  2384  1261  
94  0  980  
18  1242  4945  
23  2555  1601  
95  2422  4967  
2  1141  3179  
8  1798  1283  
37  955  5534  
22  585  3854  
9  82  221  
89  1572  142  
74  1310  5618  
84  855  2543  
58  931  3919  
92  2602  259  
49  750  3088  
77  228  3413  
71  623  3230  
43  332  1356  
1  284  2202  
50  2510  4572  
46  1540  4181  
64  1480  3953  
75  689  184  
62  2003  1731  
49  1505  2550  
3  897  2593  
96  321  907  
62  1896  1130  
47  1323  6396  
46  1607  5201  
69  838  4587  
35  650  287  
9  542  283  
96  1467  1694  
91  7  272  
29  753  3930  
74  2377  1478  
62  599  5239  
81  1809  5627  
61  405  265  
84  448  4545  
77  908  6479  
88  2464  207  
27  2159  6249  
31  1438  5128  
75  1852  4832  
63  1540  663  
15  882  2980  
17  2361  4530  
71  1417  2817  
54  459  2903  
2  988  420  
47  1148  4030  
38  1786  5715  
27  2276  108  
91  464  4889  
19  1222  6523  
36  322  1358  
72  590  359  
45  1179  929  
35  842  2757  
87  38  5455  
58  274  4194  
92  545  3300  
32  34  5409  
12  1258  3767  
42  242  3787  
27  1002  2311  
53  348  3995  
28  1575  2005  
20  346  5340  
2  2048  147  
29  1280  6255  
23  1746  6382  
100  903  2866  
27  1430  3562  
68  2612  1909  
20  1784  2442  
78  2318  5432  
76  848  1130  
58  734  6271  
63  694  4308  
45  2075  1044  
88  2189  6257  
65  1164  2171  
87  597  5068  
88  2306  6359  
11  2539  4874  
