100  
29  5269  1250  
60  6140  3184  
98  4016  5287  
27  5719  1735  
3  5976  373  
94  6751  5648  
10  725  5808  
18  5792  1369  
98  6511  2614  
91  3918  2823  
61  4774  2368  
42  6977  1207  
68  800  711  
54  3941  4065  
6  5462  1044  
83  2906  2871  
84  3017  1466  
47  3782  4059  
8  6432  1283  
60  1031  4955  
45  2214  978  
12  3380  5866  
41  5390  2128  
18  5995  2635  
100  3480  3352  
44  6435  4358  
4  3986  5438  
69  2746  823  
91  2885  2635  
83  6657  1862  
100  3071  1405  
34  4177  1692  
75  3354  4003  
2  3573  3710  
68  4774  6041  
17  2702  4233  
89  5902  567  
55  2825  300  
93  989  150  
13  3966  2531  
35  6556  4699  
82  2443  750  
99  3804  1332  
91  6427  5970  
38  3625  4210  
63  4556  5514  
32  6056  17  
74  149  6311  
92  4142  4802  
86  4289  6167  
52  3533  879  
79  6937  3136  
63  6551  2832  
51  6096  2383  
77  14  410  
62  5755  5262  
99  1062  1924  
95  6901  6509  
26  2989  2380  
47  6043  4569  
76  4701  2639  
86  6585  2998  
66  1443  3231  
45  1038  5631  
63  5595  2552  
45  3588  447  
100  1080  3404  
87  4988  3020  
68  6294  5534  
21  1086  2729  
49  4853  996  
25  5865  3585  
74  4205  3433  
76  1270  1462  
31  6504  3558  
22  6875  1819  
84  2117  3734  
90  2368  3552  
30  2198  2623  
89  2338  4324  
48  251  5025  
16  2212  6656  
77  213  470  
46  6923  5203  
65  3560  3077  
41  1391  4533  
1  1836  6658  
2  4969  2575  
64  2950  3638  
67  956  1161  
65  638  3827  
40  23  4998  
42  5461  3356  
86  6435  3379  
19  4860  2460  
24  364  6666  
26  3804  4752  
90  3745  1618  
56  5022  2938  
50  869  3958  
