100  
87  2019  4370  
24  3368  4807  
20  270  4999  
82  929  4406  
55  4222  5088  
43  899  5100  
81  194  4586  
34  4055  4779  
44  1293  4868  
90  4143  4519  
48  3392  4231  
37  574  4339  
52  2417  4445  
90  4113  4937  
19  2565  4030  
97  4252  4474  
59  4223  4142  
20  796  4225  
48  5060  4612  
17  3840  4691  
95  4289  4114  
29  3518  4181  
48  922  4397  
29  4338  4151  
70  2921  4350  
78  3591  4969  
33  373  4142  
44  3188  5309  
63  1684  5235  
51  2490  4235  
77  3740  4350  
38  261  4710  
19  1755  4451  
35  1877  4137  
74  2997  5006  
64  1205  5094  
64  3997  4174  
21  4291  5190  
54  5010  4948  
20  2916  4921  
2  3224  5079  
38  5065  4492  
60  4096  4265  
35  2867  4716  
71  44  5238  
22  4984  4733  
13  3413  4051  
46  1058  5211  
91  2919  4331  
53  4306  4225  
53  3909  4309  
11  3073  4378  
37  1911  5048  
50  4019  4938  
55  1455  4650  
68  2597  4835  
99  1487  4187  
84  1932  4539  
58  2376  4199  
11  963  4497  
56  1300  5037  
81  1089  5160  
57  1444  5047  
99  5324  4199  
92  4007  5229  
18  4746  4530  
1  3429  5058  
9  989  4547  
100  883  5211  
99  2656  5203  
52  1213  4321  
19  583  4744  
74  1279  4760  
57  4246  4633  
73  4723  5134  
41  614  4288  
6  3480  4870  
9  3865  5340  
87  3636  4074  
29  1548  4757  
94  555  5176  
63  5073  4385  
50  2275  4043  
71  1100  4093  
87  1678  4577  
73  5335  5248  
84  1081  4545  
50  4114  4822  
40  4807  4586  
97  3221  4352  
12  4288  4403  
53  4543  4854  
51  2197  4955  
79  425  5052  
21  3802  4313  
58  83  4037  
98  1953  4398  
51  1103  4664  
91  1575  4714  
54  3509  5204  
