100  
70  2499  5817  
71  1837  1317  
88  3120  4634  
65  3556  1346  
95  1934  6085  
72  2240  4755  
41  3008  6007  
11  5525  4282  
26  6485  3652  
85  4111  5141  
53  6501  1841  
86  2455  3516  
20  4669  5199  
6  1288  5690  
99  145  6423  
74  2866  1826  
11  4350  2327  
74  3728  6100  
53  6241  3788  
28  840  1425  
12  1931  2594  
38  5547  5296  
69  2294  2856  
83  577  5972  
89  5256  4696  
72  1606  1579  
59  1620  4466  
56  849  1674  
77  2893  1870  
20  6322  6167  
32  3465  3606  
16  944  4177  
79  4034  1657  
82  2223  5091  
89  6315  2271  
56  2153  2358  
86  4241  6521  
86  4132  2624  
56  6133  3369  
55  373  6123  
51  2830  1869  
4  5359  4861  
43  3001  2213  
50  2072  4367  
66  5325  1735  
63  4279  1542  
16  3960  5109  
75  5277  2974  
15  2473  1683  
8  5746  6187  
59  405  4517  
61  5274  2244  
62  3205  5206  
24  1604  6297  
80  2215  1708  
62  3784  1631  
54  3981  5124  
64  700  2235  
37  4568  2477  
48  2984  5636  
83  5524  2268  
40  3055  6460  
49  211  2588  
17  3543  3902  
12  2617  2944  
27  4883  2244  
99  65  5038  
9  152  2051  
12  164  1493  
12  6026  4924  
19  2761  2565  
53  5157  2848  
80  2836  5321  
69  2388  5688  
28  5039  2029  
41  6146  4920  
80  1206  2173  
17  63  3144  
96  353  4775  
80  141  5789  
49  1706  2497  
62  6517  2544  
57  1468  4828  
41  3741  4089  
98  2598  5235  
46  4930  5751  
54  459  1611  
92  5882  3848  
16  5530  3065  
9  5142  1366  
51  5741  1582  
96  5351  5822  
23  2592  4535  
48  4101  2381  
9  4340  5606  
91  1997  3254  
12  3883  2412  
30  910  4882  
51  6079  3236  
100  4256  4359  
