100  
94  1071  5493  
95  2079  5743  
90  3890  7903  
17  1820  7346  
67  3663  6628  
83  1997  5316  
95  1088  7232  
57  3567  6659  
12  711  7272  
41  1123  5783  
60  1586  6725  
90  2174  7580  
99  753  7407  
61  409  6365  
23  910  6661  
35  3921  7684  
84  956  6483  
43  1206  6053  
60  3574  7838  
87  2183  6438  
99  1777  6361  
90  3803  6421  
56  646  6269  
81  1202  6273  
26  2142  7843  
46  1522  7738  
25  321  6150  
32  2146  6141  
80  106  5313  
66  49  7346  
81  1588  5585  
8  149  5884  
75  2124  7049  
25  3831  6555  
46  1486  7593  
99  3861  6644  
18  1228  7609  
67  2673  7309  
92  1091  6804  
72  1958  5474  
72  3087  6218  
22  3831  7027  
21  892  7826  
21  1732  6529  
66  1818  5535  
72  3123  7424  
16  2745  5372  
9  1073  7498  
23  3778  5697  
99  2907  6931  
45  894  7837  
29  2336  5480  
54  3152  7900  
79  1083  5430  
7  1748  5963  
9  3705  5502  
35  2590  7460  
93  3052  7505  
95  3911  5503  
78  307  7599  
38  1733  6486  
47  1160  5762  
47  1344  5913  
31  2050  5318  
5  2672  7609  
77  513  5731  
69  1338  7240  
63  2084  5599  
11  669  5298  
37  2771  6264  
3  3850  6733  
19  3671  7537  
94  1251  5508  
24  2025  6939  
73  4  5619  
26  1245  6223  
58  2799  6041  
15  1549  6642  
56  524  7704  
89  1549  6523  
64  3644  7455  
32  736  6109  
67  873  6771  
11  3299  7545  
35  1240  6053  
90  462  5564  
51  149  6242  
69  293  5615  
44  1489  5526  
14  3970  5547  
9  538  7694  
96  214  7133  
46  1795  6074  
55  1163  6920  
19  15  6211  
20  386  7801  
68  598  6857  
84  3087  7246  
20  1105  5543  
99  1401  7792  
