100  
42  787  5516  
66  1129  4009  
31  1187  7519  
28  162  6700  
80  1990  5277  
67  1901  6119  
58  2446  4411  
24  2899  6658  
12  607  7252  
68  3141  4593  
78  3484  4041  
96  180  4370  
97  2483  5930  
96  76  7117  
85  2493  6028  
20  311  3874  
40  2015  3901  
99  1716  5016  
78  3671  4645  
49  3055  6503  
96  983  5839  
81  232  6245  
19  3435  4131  
80  2521  5318  
23  1664  6332  
51  3703  4191  
2  140  4219  
52  1252  6992  
9  2179  5745  
81  2462  4702  
40  3287  7061  
88  2242  5578  
13  801  5065  
7  795  6209  
55  798  4837  
28  2631  4622  
55  817  6498  
72  1375  6710  
40  2091  5028  
27  1149  5468  
83  1212  4098  
75  3307  6876  
95  560  3931  
94  208  5603  
87  2704  6989  
93  2642  6306  
89  2828  3887  
37  3619  4996  
9  1392  5122  
52  3155  6339  
78  3106  7676  
20  3049  7609  
89  3831  6739  
65  2927  5667  
70  1147  7504  
51  2264  5343  
17  651  4217  
41  1931  4124  
66  231  6621  
64  2013  4177  
50  1016  5320  
64  792  3909  
29  282  5116  
84  3021  6865  
14  3114  5522  
15  2482  5606  
20  1015  4536  
16  2447  6500  
1  2851  6442  
43  2800  6363  
21  726  4996  
61  2423  5029  
4  2750  5739  
60  2818  7260  
26  1572  6222  
74  890  5778  
88  3383  4103  
13  1618  4618  
25  3079  7208  
21  2442  5092  
87  3609  4667  
83  3019  5234  
23  2721  4441  
50  3201  4790  
80  2836  6032  
4  2393  5971  
40  3429  5315  
47  2729  4539  
100  3117  6202  
90  2056  4125  
17  770  7308  
32  1361  3977  
30  2359  7551  
49  1374  4812  
34  740  4174  
1  3093  4906  
97  946  5641  
62  1111  7134  
22  3435  6763  
73  425  7417  
