100  
15  2158  4211  
73  3485  5289  
71  4571  5714  
20  287  4560  
81  1860  3813  
84  3292  4177  
57  910  5676  
52  285  4042  
95  2048  5407  
38  1552  4474  
61  1008  5641  
3  30  4924  
79  325  3624  
58  4408  5912  
67  4743  5702  
15  4506  4260  
73  1304  5072  
36  2072  4300  
61  3295  3964  
65  4678  5774  
60  477  5022  
64  1112  5720  
90  538  4878  
69  3106  5730  
22  4108  4140  
16  4162  3704  
29  4124  5620  
15  3755  5273  
33  3066  5814  
97  1612  3696  
77  2049  5056  
1  1387  5256  
20  925  5498  
56  884  5305  
73  4805  4060  
49  3837  5340  
39  4251  4218  
76  1799  3728  
82  4710  4545  
10  2252  5712  
23  834  4307  
38  4745  5672  
91  1444  4561  
38  2149  5354  
70  1513  4593  
2  1169  5310  
84  528  4681  
22  2446  5519  
20  2980  5437  
87  1756  4126  
16  2573  4796  
29  2175  5364  
22  1878  5327  
79  3221  4417  
80  1789  5001  
81  2969  5033  
1  4394  5346  
27  2583  5038  
37  371  4283  
23  2280  4331  
56  2966  4863  
51  1177  5335  
59  536  5555  
48  4660  5469  
8  1920  4379  
36  3620  3833  
62  1475  4228  
94  1220  4004  
24  112  4193  
31  1334  3779  
50  1970  3724  
96  2119  5395  
20  35  5552  
21  1659  5233  
39  2496  3732  
3  709  4443  
70  2580  3970  
53  1015  5591  
46  4770  4948  
64  2601  4843  
66  4674  4910  
39  2817  5706  
66  3368  4878  
34  1072  4172  
14  4808  4812  
59  4474  4248  
63  3150  4641  
72  1364  3832  
56  371  4120  
1  4242  5666  
17  2224  4368  
51  2289  5677  
24  1095  5405  
13  2764  4868  
35  2321  4777  
81  3101  4646  
68  1227  5691  
58  4271  5100  
96  2529  3841  
36  1061  5866  
