100  
59  3999  3086  
19  3706  5463  
10  3152  4956  
45  2269  2181  
40  1712  2203  
38  2522  1659  
98  2198  1608  
100  189  4382  
30  3979  895  
73  999  2534  
73  1578  2849  
47  2899  3274  
76  654  4147  
80  2573  4729  
5  2731  614  
43  781  1119  
35  442  3291  
45  3701  5052  
73  3535  1479  
38  4023  2037  
26  2550  3387  
72  2906  2140  
98  1698  4224  
73  2626  1864  
4  812  5212  
57  1208  2977  
76  744  3905  
40  574  893  
95  1762  3095  
59  491  4068  
85  3840  5182  
10  86  2033  
53  3894  22  
60  567  5254  
93  395  4842  
83  1326  4457  
33  1278  152  
7  1022  4884  
85  2910  3314  
45  1978  4503  
87  969  2376  
9  435  5058  
12  901  358  
79  2374  3530  
92  1115  1859  
52  3430  3009  
86  2833  1052  
61  1495  3620  
85  3380  835  
97  27  2966  
19  1295  426  
70  1569  3070  
17  1934  384  
91  3116  900  
98  1763  3029  
57  3919  4255  
15  1682  1897  
61  467  840  
34  2430  267  
27  1008  2273  
23  2189  978  
5  2586  1314  
84  611  1096  
66  2618  2108  
94  581  3675  
59  57  4108  
22  4004  4543  
69  3157  5091  
89  2224  4171  
77  3940  4567  
54  1440  3882  
80  1739  4792  
51  3210  2501  
48  3529  1778  
71  846  2769  
21  1377  3479  
14  2909  266  
52  2015  104  
63  2234  1840  
70  1220  445  
32  3823  4012  
84  3378  5365  
63  2124  1678  
33  2004  3152  
16  280  2485  
78  3504  1807  
23  504  908  
52  1837  2263  
24  3017  5253  
78  3021  354  
78  710  5204  
42  2872  3396  
5  2608  5065  
80  3517  2544  
46  3090  4167  
68  938  5294  
36  2544  619  
83  1209  383  
62  3293  2809  
74  877  2468  
