100  
19  1622  6420  
89  2579  6276  
14  1717  3249  
7  3515  5733  
46  600  5955  
50  2829  4464  
72  4266  3453  
61  2893  4897  
44  2746  3700  
8  1836  5883  
11  3213  3303  
88  364  3776  
84  4513  3488  
29  1416  3053  
25  1025  5671  
36  1641  4445  
10  581  3882  
24  1163  4733  
11  103  3114  
23  2059  5695  
93  4238  2542  
25  4000  4999  
90  1736  2831  
95  1035  7111  
70  2305  3575  
97  4138  2665  
98  444  2549  
24  3254  5612  
49  3991  6013  
10  3552  3321  
83  2892  2676  
7  2030  5724  
13  386  5795  
74  1918  5782  
33  1292  4110  
48  1896  4174  
73  2455  2799  
91  2649  3489  
86  1980  4770  
39  142  5859  
29  435  4043  
38  3025  4597  
27  3237  4410  
17  2826  5416  
83  461  5546  
36  3075  4865  
46  4133  6059  
49  952  4705  
17  4301  2562  
55  3510  6157  
22  1440  3797  
3  2589  3978  
80  900  3929  
23  3033  6854  
46  2580  3215  
96  3777  6160  
40  673  4934  
14  4300  5977  
72  287  3649  
86  1467  5264  
15  2662  4956  
61  1078  4826  
45  3586  3960  
99  3353  3464  
49  3607  5923  
10  1675  3053  
35  3293  3270  
11  2004  4891  
9  35  3313  
1  2939  6451  
64  1379  5719  
45  4704  3101  
16  641  7093  
79  2848  4931  
24  2853  5857  
22  2771  4295  
75  3206  6517  
39  122  4977  
33  4053  6164  
19  108  2863  
74  1221  3317  
48  3809  6215  
1  4685  7070  
99  616  4806  
66  3322  2499  
98  4552  4578  
63  3623  2547  
100  3181  5988  
44  1303  2571  
32  1474  6803  
82  3043  6383  
30  4331  2503  
7  3719  4261  
75  751  5455  
78  4397  7107  
14  2366  2954  
84  3262  2957  
50  3439  2891  
61  661  5397  
68  3954  2406  
