100  
38  1814  6021  
50  2819  7251  
88  348  6635  
41  1679  5903  
62  686  5916  
1  505  5226  
43  1810  5401  
15  705  6526  
63  1773  7315  
98  1618  4970  
81  3057  7275  
58  1737  6219  
92  1587  6131  
25  894  5925  
74  1893  5624  
46  1837  6425  
3  2885  5558  
11  2201  5870  
28  1245  5350  
91  1888  5920  
63  843  5947  
20  3357  5896  
19  147  6413  
54  937  6399  
75  3130  5807  
70  640  5105  
33  3524  6800  
43  3005  5628  
93  779  6483  
68  1323  6608  
34  1715  4898  
82  721  7175  
73  1641  6456  
89  2640  5469  
48  2442  5675  
29  597  6520  
68  1846  5207  
57  1937  5227  
36  991  6034  
98  774  5681  
30  3589  6931  
22  1607  5734  
12  2237  6597  
15  2553  5996  
21  3080  6269  
12  1221  5997  
74  2330  5148  
10  1953  4889  
65  136  7283  
84  595  5123  
19  1243  5024  
93  2751  6679  
84  1782  5199  
21  1613  6695  
57  2078  5769  
36  2071  6298  
31  299  5803  
54  2442  4958  
84  2928  6785  
54  38  6693  
91  2004  5955  
54  2816  6093  
43  2139  6179  
33  2506  5744  
73  861  5220  
41  3449  5831  
47  3130  6083  
46  1368  7100  
16  1924  6300  
73  2145  5459  
7  3616  6954  
12  115  5016  
8  2277  6818  
49  1602  6584  
88  2833  6626  
55  843  4961  
30  2138  6409  
74  101  6158  
38  375  6624  
19  3080  7286  
26  1138  6329  
27  3440  6276  
35  300  6795  
38  1196  6318  
28  2792  5775  
65  1446  7268  
93  952  5624  
19  36  5296  
12  3543  6865  
59  3638  6571  
52  280  5143  
53  1012  6240  
47  1068  5395  
87  367  6071  
38  1147  5397  
21  2244  6568  
81  250  5942  
17  2109  7002  
57  377  4996  
88  3131  6161  
