100  
85  1979  2965  
94  3192  4698  
75  2133  5549  
88  4924  4322  
17  4132  2842  
42  783  4229  
27  1685  4069  
11  128  5409  
4  2007  5926  
16  5703  3023  
54  3692  3165  
30  1904  5975  
74  1173  3693  
49  1685  3401  
20  6339  3050  
28  4593  6051  
16  3334  4218  
79  4810  3213  
54  1039  5357  
27  4816  4865  
54  3903  6185  
86  6113  4651  
52  601  2996  
74  6426  3620  
3  545  5285  
29  2662  3761  
26  3734  5922  
56  286  3111  
4  3959  5982  
91  3122  5990  
70  3268  4891  
41  556  5853  
55  6441  3050  
56  3491  3915  
88  1567  4216  
36  2525  5755  
78  3109  5112  
93  5807  5599  
96  4925  6242  
48  3483  4804  
49  2028  3224  
76  3733  5832  
77  561  3076  
72  5775  3655  
28  2557  5438  
47  3776  4920  
60  187  5721  
90  6268  5258  
34  726  3728  
33  6456  6496  
59  4716  4474  
59  2793  3450  
52  1513  5798  
93  3274  2932  
88  2913  5118  
36  4698  5165  
47  3206  4582  
4  3285  5135  
60  5401  5716  
42  4181  3537  
46  4301  2936  
29  3311  4444  
26  3675  4616  
39  451  4104  
42  3446  3232  
78  4673  2743  
100  1903  6255  
81  930  4072  
51  2645  4496  
9  91  3076  
95  841  5904  
99  148  4463  
44  4209  3815  
27  3011  4475  
25  6205  5916  
84  3046  4594  
41  1161  4322  
43  3320  6350  
76  6414  5757  
40  1467  3784  
85  5631  3175  
10  3413  4683  
15  3699  3993  
29  2177  5000  
30  1902  4237  
5  2555  4408  
28  4143  5805  
21  3082  5380  
96  3637  3676  
39  2744  5164  
94  455  5941  
73  3928  4455  
96  1643  3291  
57  3758  3146  
27  564  4935  
75  5096  5810  
86  2216  4474  
9  1285  5753  
97  6531  6478  
87  1160  6182  
