100  
77  1194  4584  
55  2254  1130  
2  943  4836  
25  1223  822  
47  1322  7228  
69  2244  5749  
71  2730  6150  
10  141  3561  
70  786  3460  
3  2674  4388  
22  1072  403  
56  2489  5522  
20  821  4879  
64  2256  1360  
7  1832  7169  
5  1730  3067  
30  1658  549  
85  922  702  
22  1655  4181  
78  923  48  
66  2327  1458  
63  2592  5837  
15  2179  2312  
61  1085  2967  
21  2717  3627  
92  1573  3327  
89  1815  6836  
68  317  6461  
97  2228  23  
75  2457  7992  
98  825  6874  
65  1556  3553  
14  856  3233  
35  791  2264  
35  398  2995  
3  1161  527  
100  2042  2501  
70  86  7756  
59  295  1335  
100  2123  5008  
77  146  3200  
71  1304  7651  
55  292  6792  
80  1093  7260  
91  1023  623  
34  2246  3495  
79  2637  2209  
95  639  4037  
55  2266  2175  
68  366  2958  
24  1574  2448  
68  600  7442  
100  1866  5592  
61  1381  4244  
37  960  7662  
3  272  6675  
61  527  4353  
6  2562  6831  
89  2225  5626  
7  812  133  
86  2261  161  
47  1068  224  
62  330  6543  
26  1136  6449  
49  2648  7321  
45  2720  5262  
40  921  5287  
48  466  3156  
19  699  5393  
18  409  4234  
17  354  5891  
63  2129  7218  
2  2044  3884  
92  219  6484  
21  2083  3223  
92  1321  3885  
87  2366  7089  
33  243  4175  
97  2108  1502  
54  895  1920  
31  824  3632  
56  2745  3997  
50  1080  7960  
92  482  3193  
86  899  2499  
82  1891  3771  
95  180  3783  
9  2196  6885  
20  2125  2656  
77  111  5556  
81  2345  418  
34  2029  2865  
88  1462  4938  
100  506  6481  
92  1949  3114  
29  2219  1993  
91  414  5251  
98  1169  4470  
41  1729  958  
48  953  6129  
