100  
78  843  5854  
67  68  5912  
99  1790  7254  
54  4412  7748  
16  3005  7368  
38  5196  4729  
53  4433  4923  
25  4088  6529  
20  1608  6260  
43  1674  7386  
33  3749  6224  
53  5351  6847  
31  928  7564  
36  3228  5934  
50  3556  5736  
7  3001  7050  
34  132  6123  
97  5219  5805  
33  945  6101  
73  2731  5805  
99  928  7983  
3  1915  4151  
89  1329  6505  
6  1545  7232  
33  4888  4944  
78  3656  4088  
73  1720  7238  
82  5274  5238  
36  7  8037  
83  305  5715  
74  1556  7657  
6  4563  7769  
34  4263  6001  
59  3487  5035  
34  2852  6254  
5  1987  4519  
68  3870  6178  
88  1642  4937  
70  929  7177  
58  4012  6575  
85  5033  6847  
10  1907  4476  
99  1068  4972  
33  1136  5650  
100  1838  7504  
60  4932  6148  
1  3676  4986  
65  4553  8032  
25  2115  7250  
12  348  7449  
96  549  5094  
18  1468  7477  
100  5109  7368  
81  715  6608  
4  4518  5328  
44  964  7708  
82  3223  6390  
68  1193  7639  
84  3910  8115  
3  1297  6769  
78  2932  7706  
57  4518  4945  
65  490  6137  
23  3785  7799  
94  1548  4313  
78  2643  6914  
14  205  5106  
66  2138  6625  
100  1625  5007  
81  3185  7685  
97  3476  6146  
37  2325  5480  
41  4561  5222  
62  1049  4636  
89  2910  6396  
41  2619  5212  
61  2876  4733  
77  4546  6051  
42  4090  5418  
56  2885  6236  
72  113  7395  
38  1096  7197  
27  4319  6979  
61  4319  5652  
91  786  4196  
32  2248  6139  
79  34  7324  
79  3292  7836  
92  4690  7003  
7  4704  5384  
15  243  8125  
64  4228  6042  
81  4341  6956  
16  5041  6066  
68  332  5494  
99  1898  6180  
24  4139  4350  
15  4949  6018  
97  2088  5641  
44  4867  5883  
