100  
28  2421  4612  
66  2023  5693  
13  1049  7740  
49  4018  7940  
65  3889  7568  
100  4036  5950  
89  3888  4546  
82  3822  6300  
80  6138  6297  
95  924  5114  
21  5386  4941  
40  960  6265  
55  2403  6638  
13  2390  6119  
42  4589  8337  
53  4178  7238  
88  5124  4891  
53  572  5216  
21  2617  5005  
74  1152  4704  
61  1980  5796  
69  1340  4894  
30  2902  4809  
5  1293  7783  
69  2656  4357  
71  6424  6642  
42  3393  5722  
74  6625  6268  
48  4732  7591  
8  1884  4913  
55  838  4805  
76  635  6776  
32  1347  5573  
45  3417  7033  
86  6780  6593  
1  3175  5841  
92  4173  5044  
55  3646  6496  
11  5916  7184  
31  2284  8361  
68  302  5593  
48  2695  4710  
89  4739  4702  
97  2542  5260  
89  3196  7589  
64  1600  7011  
75  5253  4705  
28  1363  4596  
29  6050  4414  
39  6944  5921  
69  4258  5652  
75  1135  6335  
80  5624  8414  
38  1439  6003  
21  246  6147  
70  4253  5814  
95  694  4938  
40  4591  4520  
15  5207  8471  
48  6031  6133  
56  5216  6565  
88  3523  5433  
52  4495  4532  
63  65  7039  
35  4064  5122  
47  4258  5737  
62  4854  4276  
85  5896  7101  
61  2195  7631  
85  2396  5741  
22  2276  7451  
75  2714  7873  
48  7095  5941  
49  2569  8308  
35  5091  5179  
89  1532  7951  
66  638  7906  
66  4877  6018  
62  6107  7579  
35  4105  8151  
93  1103  4593  
34  4067  4338  
89  5909  7929  
27  1950  8158  
42  2847  8254  
3  793  4457  
81  1942  6103  
72  1627  4790  
92  2307  6582  
73  2265  6758  
89  5131  5528  
95  2267  5445  
42  844  5292  
100  1040  5506  
12  545  6784  
82  2334  4732  
83  2246  5668  
95  3823  4858  
48  2937  7854  
3  3925  4482  
