100  
45  506  4689  
99  1395  6041  
14  1229  6348  
99  664  5131  
45  539  4979  
26  673  6583  
87  2224  5690  
46  2063  6013  
86  2579  6186  
60  764  6743  
21  1987  6096  
76  396  4911  
37  540  6317  
67  2213  6193  
14  1580  6173  
2  22  4617  
30  2932  6056  
40  2931  5944  
21  1604  6495  
3  2411  6171  
19  2715  4972  
42  3018  5920  
81  2344  6664  
11  2364  4867  
88  2586  5638  
3  749  6022  
32  2957  4684  
21  2012  4879  
9  636  4634  
56  1446  4532  
84  3263  5330  
61  3268  5694  
85  1126  4841  
56  1515  5712  
11  3285  4743  
62  1488  6597  
100  1884  6607  
59  1686  5823  
68  903  5503  
19  1302  5536  
50  1431  5844  
47  3075  6538  
5  152  6465  
4  51  6539  
59  825  4650  
57  1270  5379  
55  1715  5992  
54  390  5827  
59  2054  4844  
41  33  5136  
73  140  6574  
46  2024  6548  
92  122  4840  
65  60  5411  
25  2869  4921  
26  24  5263  
55  1712  4531  
3  500  5364  
14  2342  5648  
57  582  5957  
66  1803  5574  
73  814  5793  
45  3032  5165  
57  1681  4779  
27  1746  4885  
47  929  5950  
77  2308  5448  
7  1236  6526  
97  3362  5211  
6  1962  6135  
5  1553  5508  
46  2697  6426  
43  3147  6656  
15  1501  5358  
6  2853  4806  
69  2037  5058  
46  2126  5362  
10  2230  6644  
16  3016  4895  
41  821  5760  
94  1635  6441  
21  2240  5653  
64  636  6542  
39  861  4659  
98  2242  5185  
13  1872  5605  
51  2517  4902  
76  1611  5103  
16  3192  5391  
10  3081  5657  
40  3116  5731  
76  1705  5852  
5  1863  5977  
22  308  5843  
43  3066  5657  
40  1038  5308  
97  1893  6414  
7  345  6556  
48  2374  5591  
85  2771  4653  
