100  
34  2492  6054  
92  3233  2549  
70  1634  4729  
16  2030  3951  
88  1564  5911  
22  761  4233  
16  2468  5103  
2  1470  6115  
10  2581  4431  
46  3290  5545  
17  1758  6142  
17  1190  4404  
88  3673  6169  
42  1563  5015  
51  1733  3690  
16  2351  5098  
62  308  2790  
23  3183  5875  
17  1653  5065  
62  3628  4615  
57  2272  3846  
55  2056  4658  
45  3539  4918  
99  3006  2715  
22  1892  3608  
80  2231  5353  
34  2265  3533  
83  111  5695  
51  93  5185  
98  2252  2784  
52  173  4220  
95  3286  6186  
2  418  3923  
53  2897  5227  
19  1712  3858  
81  3273  6155  
95  3601  3407  
67  3713  2725  
32  3639  2777  
55  3263  4229  
5  1401  4060  
75  2810  3471  
60  1454  2763  
61  2797  5545  
10  304  2938  
54  1849  4150  
73  2996  3316  
19  1532  5050  
37  2190  2824  
37  1364  2873  
32  2188  5908  
75  3401  5489  
7  2633  3295  
93  1917  4124  
83  2358  4656  
20  469  2780  
48  503  6060  
97  2673  5028  
26  2420  4389  
73  937  3493  
62  1643  5228  
94  2868  5132  
54  1689  2930  
86  3232  5144  
38  73  4397  
17  2544  4333  
96  1916  3974  
52  971  5049  
43  2994  4036  
79  572  5268  
43  236  5607  
49  2496  4341  
28  888  4929  
15  2382  2926  
94  1937  3396  
45  2790  2661  
90  1329  4006  
23  3704  4903  
23  723  2556  
83  924  5884  
66  2955  5623  
82  1857  4747  
94  3460  3612  
16  587  5600  
65  1438  5590  
40  1505  3063  
24  1828  5915  
75  320  4425  
24  3631  3256  
11  2864  5663  
15  3171  5089  
31  2271  4965  
62  339  4209  
22  589  3701  
68  419  3627  
36  3112  3662  
39  1129  3275  
73  442  4113  
14  632  5690  
30  3659  2570  
