100  
35  1701  6411  
17  1988  4865  
5  1036  4889  
70  813  7240  
97  3215  7412  
95  2379  6510  
14  782  7317  
46  3481  7315  
36  745  4375  
6  1889  4103  
85  2611  5957  
78  165  4682  
52  3461  6844  
54  1469  5610  
98  2373  5121  
64  788  4043  
60  2885  5393  
70  2036  4577  
85  2870  5304  
37  325  5420  
40  2340  6600  
59  364  6207  
57  3564  4238  
70  3417  4999  
63  3320  5036  
65  543  5576  
3  2669  5056  
74  988  4465  
93  502  6125  
93  1162  6859  
90  249  4879  
62  2257  7040  
1  895  5321  
40  3413  5739  
45  3067  5370  
42  3505  6982  
23  1047  4080  
70  2655  5191  
8  1630  4867  
6  3526  7620  
16  1633  7268  
50  3726  5094  
2  1153  5332  
5  2756  5122  
49  3590  5820  
48  2419  4314  
8  1474  4284  
46  216  4610  
15  2545  7368  
42  509  5967  
24  2479  5837  
14  2430  5348  
81  2850  5154  
21  2426  4662  
2  661  6966  
61  2892  4536  
93  217  3910  
92  3843  6196  
83  2520  4878  
61  3760  4553  
75  491  4745  
98  2998  5419  
27  3608  6903  
7  2896  7379  
60  2223  4584  
62  2604  4735  
43  2904  4564  
8  3372  4650  
20  3698  7164  
57  721  7186  
70  3771  6693  
80  3279  4399  
69  1116  6471  
94  2092  6672  
8  1933  5657  
7  3713  4356  
72  1500  6448  
77  1533  5812  
47  724  6858  
99  1236  4036  
19  181  4351  
89  3372  4788  
94  1479  6991  
49  1924  5949  
10  518  3868  
56  461  4841  
35  556  4725  
90  2177  5726  
96  3158  4705  
39  104  6437  
29  1558  4334  
9  670  7627  
72  3703  6221  
14  896  5304  
29  2147  5217  
82  2082  7385  
81  2620  7674  
72  392  5120  
84  1202  6331  
76  2643  7287  
