100  
50  1700  1651  
62  242  4483  
89  4026  1459  
17  3552  1592  
48  2872  3443  
33  126  677  
70  3699  1788  
38  579  5503  
6  756  5200  
26  2262  855  
58  900  3800  
63  890  80  
55  432  5983  
26  416  4775  
89  3077  3124  
53  2873  2147  
63  2215  4253  
22  3001  4908  
58  3170  2264  
94  1321  5121  
30  4031  3544  
46  1333  5569  
39  2662  6531  
50  538  3114  
67  3220  3928  
57  759  6134  
16  1907  3211  
78  651  892  
68  2987  5606  
91  927  1513  
82  519  5960  
78  1043  1051  
68  914  6048  
84  484  2413  
53  3341  3790  
24  758  1271  
84  3835  5741  
74  2189  6080  
1  1567  4169  
30  3758  5237  
17  2863  408  
81  1525  6725  
51  724  3629  
24  3034  3602  
21  1371  2531  
90  3219  4336  
74  3815  2745  
27  3596  420  
19  3184  520  
56  51  5589  
62  147  3756  
77  2436  6077  
80  3690  2952  
22  1736  4900  
94  3819  2069  
33  3374  5711  
45  2006  3632  
45  603  3048  
60  2105  5305  
66  173  1884  
45  579  5014  
34  2735  6032  
92  81  1840  
90  1808  190  
96  2913  2992  
66  789  5129  
82  2430  6370  
26  3518  2910  
89  2544  5845  
59  950  3365  
99  537  5315  
98  1695  4611  
65  798  4722  
53  2313  6543  
87  2635  1626  
21  1808  1628  
69  3294  2631  
73  3701  3892  
18  2044  2518  
97  351  2783  
10  3974  568  
12  700  6062  
40  2354  443  
23  368  811  
20  744  4045  
90  1575  1718  
18  3150  1479  
34  1541  4721  
76  2029  2512  
88  1180  3743  
81  98  838  
53  3021  3651  
35  3980  1733  
17  94  5322  
46  3587  1243  
9  2458  1232  
9  688  3389  
47  2358  3180  
68  241  3395  
64  1497  2305  
