100  
49  339  7498  
15  834  5132  
57  3425  7372  
39  1401  7171  
10  688  5307  
92  2691  7501  
2  72  6848  
55  589  7140  
35  2244  5356  
30  2107  5573  
18  1870  6818  
61  3003  4880  
42  654  3983  
38  224  6269  
72  842  5935  
23  3416  7006  
67  2085  5209  
28  3207  7299  
18  1882  5608  
61  1325  4462  
99  1383  5776  
3  2417  6147  
28  2043  5874  
37  3451  6449  
36  548  5981  
84  761  4653  
1  3136  6510  
83  1425  5946  
78  464  6526  
16  163  6569  
90  679  6641  
67  3677  6837  
78  1362  5552  
74  2442  5037  
18  3413  6938  
61  2824  6297  
34  2351  6376  
74  3513  6481  
72  3646  6698  
1  3322  5810  
3  661  5254  
100  1481  5085  
41  2145  4989  
83  2546  6876  
25  584  5602  
91  500  6324  
17  3565  7211  
81  830  6613  
3  322  5533  
9  46  6357  
79  1285  5909  
73  2463  5074  
50  569  6418  
62  3022  3849  
91  2619  6511  
41  42  7514  
94  2597  5958  
90  2068  7060  
49  636  5086  
67  733  5197  
25  664  4623  
83  3573  6864  
78  3548  5629  
8  738  5021  
68  1078  7287  
21  542  6148  
97  2702  6248  
24  1774  5087  
82  2467  6043  
76  210  5222  
19  3289  4892  
95  908  6768  
92  242  7361  
73  3513  4475  
91  504  6176  
88  2060  4555  
4  3136  6175  
49  1879  4931  
3  902  6546  
43  2840  4881  
55  1931  6146  
77  3533  6428  
52  680  7187  
4  920  5632  
97  1487  6686  
99  3348  5787  
98  3407  5955  
4  2262  5419  
4  3347  6187  
41  13  4868  
5  2594  5662  
8  3610  4475  
35  218  5793  
31  2242  6141  
86  3233  5622  
20  2201  4661  
66  2433  6250  
52  3073  6658  
60  1072  4377  
17  700  7054  
