100  
56  6836  1936  
51  2543  5954  
92  1568  6291  
72  1674  2348  
100  459  1922  
7  75  7098  
30  3896  5073  
57  4378  2165  
35  2317  1322  
72  1437  2310  
1  3706  4033  
62  5304  5246  
81  1857  6079  
93  2935  3379  
55  515  5969  
80  1421  6764  
6  6725  6335  
22  6692  2166  
1  6387  3333  
93  569  4595  
5  1269  5660  
8  4058  710  
99  6613  4475  
74  6592  5576  
73  1399  4530  
18  7081  6972  
15  5458  2867  
90  5737  358  
44  4634  4634  
17  5762  3973  
78  6425  2980  
67  6583  3666  
11  4866  5731  
78  3751  6903  
54  873  2894  
35  5068  1795  
6  4453  4980  
85  713  4015  
86  6546  5187  
29  3316  133  
14  3824  6455  
42  7002  5503  
36  1220  4471  
28  5388  5685  
33  2508  3373  
15  53  477  
85  3790  5202  
68  1680  5185  
89  1095  6477  
52  2381  3388  
13  7041  4992  
37  6099  6058  
37  5682  6762  
51  313  1949  
7  857  3579  
31  4868  6771  
94  4825  5400  
53  6427  1660  
17  6585  5303  
78  4707  1741  
26  7017  5984  
8  2709  6167  
57  4038  7149  
8  6627  1714  
98  6512  83  
15  1126  1822  
54  5708  139  
94  3614  7082  
20  1790  4036  
41  3194  6453  
70  1085  3931  
19  3322  2944  
25  932  4563  
36  4546  226  
63  7027  2966  
89  3921  1358  
12  5474  1446  
75  2036  260  
49  6353  3088  
51  5227  4450  
11  5571  1877  
99  4166  1631  
58  5206  4456  
47  1242  5319  
80  6444  3149  
81  1602  6805  
82  675  179  
16  5629  695  
8  3286  582  
41  6943  943  
13  1079  2462  
83  4198  1299  
23  4721  1857  
90  2553  1945  
6  6733  5798  
10  3638  3458  
73  5854  6366  
54  2778  53  
84  6809  1707  
11  5161  865  
