100  
71  2187  5486  
20  1010  4782  
39  405  5953  
6  1733  3883  
35  1897  4822  
36  146  4572  
90  55  6678  
74  1754  6122  
77  90  7312  
30  44  5270  
17  1722  4322  
55  1399  6011  
38  531  6053  
93  1943  4649  
32  1552  3848  
59  518  5071  
99  312  6746  
56  1650  6855  
17  2082  6219  
12  1194  4725  
19  1586  5538  
2  379  6595  
45  569  4764  
51  1434  7394  
1  2061  4529  
53  2503  5549  
36  1599  6093  
73  888  4248  
96  2374  5655  
92  799  3831  
9  948  6823  
34  2192  4275  
79  1741  6377  
20  234  4712  
67  689  6126  
80  2024  5987  
88  299  4159  
52  837  5519  
50  1717  7426  
38  2165  5860  
46  594  4034  
62  2348  4476  
20  420  6136  
63  1500  5744  
37  2467  6754  
54  232  7018  
25  1772  7142  
95  2321  5866  
70  2300  5978  
48  1098  6137  
43  1252  5417  
98  48  5842  
85  678  4564  
76  1872  5447  
96  106  4429  
55  442  4995  
26  1506  7527  
22  596  5162  
86  267  6419  
10  1056  5472  
47  1866  6355  
35  590  5958  
89  81  4195  
19  690  4137  
11  2360  4941  
81  1226  4792  
35  2173  6238  
73  20  4939  
97  540  5341  
87  1878  6453  
96  1237  4446  
27  2219  4157  
39  56  5754  
75  120  6726  
79  2118  6160  
78  2393  6808  
35  1176  6418  
16  1439  4183  
71  1420  5362  
29  1943  7283  
62  13  6820  
58  433  6558  
74  747  4573  
75  995  5090  
19  529  4394  
89  90  5054  
17  1093  5972  
36  535  3801  
88  2118  5060  
71  348  4754  
26  166  5964  
32  2080  5055  
48  1457  7385  
13  2118  6866  
28  2239  4568  
61  1004  5983  
37  2180  5210  
12  628  7374  
4  3  6036  
23  869  6868  
