100  
98  1623  5841  
22  351  2364  
58  2970  2165  
66  2211  5185  
23  3627  2591  
83  1090  1357  
45  1591  1256  
62  1764  6441  
57  3374  2897  
82  2309  2391  
43  2177  3551  
72  1633  5960  
52  3487  5135  
73  1403  4603  
16  2334  5931  
47  2181  2245  
70  344  6351  
78  1843  6602  
90  2766  3546  
27  2524  1678  
53  2217  1917  
94  2112  3166  
76  698  4972  
78  2881  4359  
22  3037  4245  
18  818  3576  
70  786  2031  
96  3081  6507  
23  3382  3486  
16  1875  1806  
64  115  1894  
86  1051  5776  
37  3426  5046  
31  710  3005  
84  3302  6672  
49  2641  5934  
13  1719  5638  
54  2279  5503  
49  1139  2044  
46  2613  3517  
53  679  1293  
28  2551  3323  
41  1778  6206  
25  1551  6343  
87  3068  7418  
35  413  2059  
39  1971  6322  
72  204  7358  
36  1557  4679  
88  1469  4408  
23  1524  6414  
12  2793  3894  
40  2392  2981  
92  2851  7376  
65  2867  5674  
76  304  3344  
24  1564  4052  
10  2604  6399  
54  2024  6561  
70  2088  5564  
74  771  4295  
54  756  2758  
77  1910  3110  
86  2849  4101  
99  1283  6032  
54  1768  6154  
11  3434  4429  
56  178  6060  
14  3662  6579  
36  2444  7018  
67  1177  7195  
54  5  2443  
59  355  4516  
59  1258  3893  
49  198  6555  
7  212  2389  
81  765  3803  
36  1974  5687  
15  3650  5924  
10  2933  3494  
79  604  4922  
52  2917  2828  
49  3615  4092  
19  2419  4546  
76  1993  6526  
90  3694  2173  
29  2542  6234  
28  3673  1570  
32  491  6696  
28  1680  7444  
8  2694  2193  
32  2283  3430  
21  1144  6930  
14  556  2757  
35  1432  3542  
95  3273  1490  
11  2689  4890  
24  2304  5196  
1  3373  3318  
58  1681  6528  
