100  
73  3126  1474  
37  3550  3460  
93  3950  3538  
75  3303  1209  
80  2886  1815  
80  4049  1868  
28  558  1939  
21  3106  1490  
41  3211  1418  
37  491  3367  
1  3826  1846  
98  3430  1730  
63  2979  3146  
94  2491  2901  
27  642  3209  
29  1868  1539  
48  842  1930  
9  195  3197  
1  2093  1887  
22  4576  2623  
10  1283  1788  
81  2011  3390  
50  4624  1783  
80  2370  2720  
92  3695  2650  
50  444  2688  
5  4515  1476  
37  669  1373  
52  336  2338  
65  2943  3234  
54  2551  3066  
52  2256  2586  
64  4621  1755  
89  3227  1776  
79  2283  1540  
96  634  1604  
14  1188  3582  
42  2095  1506  
43  1827  2283  
17  2719  3532  
43  2866  2093  
41  3515  2195  
5  4438  1755  
82  1400  1923  
3  149  3101  
8  4063  1316  
65  1517  3367  
94  3074  3529  
19  3913  2405  
7  1430  1815  
17  1342  1323  
8  4067  1313  
49  1112  3060  
78  253  2275  
58  431  2435  
87  776  2983  
54  1542  2376  
16  2354  1224  
69  2682  2035  
87  191  2755  
36  4212  3332  
93  2912  3374  
50  2958  1481  
2  1842  2115  
90  2437  2149  
62  3833  1978  
16  215  2450  
16  4029  1244  
3  1667  2743  
9  685  2593  
53  1761  2735  
90  4570  3613  
20  91  2592  
2  2701  1610  
81  4410  2448  
22  3146  2879  
92  397  2717  
19  3201  2541  
3  2340  3013  
57  2556  3175  
12  2043  1884  
86  3009  2296  
86  4260  3524  
59  1475  2451  
36  1091  2841  
38  4169  2010  
99  382  2763  
20  703  3530  
32  1239  2972  
78  4251  2941  
64  4379  3153  
64  216  2742  
33  218  1365  
59  2031  3292  
84  1356  2429  
68  1898  1781  
40  3746  1948  
19  3238  2641  
84  447  1677  
40  4593  2154  
