100  
53  3567  2426  
73  3629  154  
75  2915  1493  
64  3970  2025  
84  3924  2952  
71  4014  2730  
29  2769  2927  
68  113  909  
88  3952  4258  
29  2317  3785  
82  4220  1786  
55  5196  2302  
93  5120  3987  
68  1341  2081  
48  3434  4320  
53  2503  1856  
8  1518  47  
16  3916  269  
82  2919  2144  
90  2652  1930  
5  1664  4098  
68  1027  3747  
55  5288  2499  
92  4031  1820  
89  494  290  
74  2527  1638  
100  4558  2419  
90  1066  2472  
67  4597  3077  
39  382  1254  
72  3757  3545  
54  3499  4143  
96  1640  999  
10  5009  1717  
47  1857  1431  
9  2220  1485  
60  2466  289  
64  2278  3680  
23  1457  3885  
91  2566  3558  
28  3009  88  
94  2536  1605  
93  3321  902  
37  1921  3017  
83  2878  560  
96  1638  1596  
71  3232  1699  
25  492  1405  
31  4363  749  
9  5116  878  
19  5111  1509  
91  2285  1735  
27  888  3593  
37  313  747  
65  4829  3300  
57  3284  415  
77  526  4073  
94  1714  142  
54  2382  3232  
95  4570  4068  
54  4519  4162  
43  510  1305  
67  3010  2536  
55  325  2967  
3  2685  3824  
92  2397  4130  
48  4015  2722  
18  3349  1803  
2  5155  2482  
17  101  3612  
83  215  2716  
58  3457  809  
72  3762  2452  
7  479  3840  
85  827  1113  
98  1514  1702  
91  3945  1873  
100  4187  3979  
65  5719  2940  
26  1977  318  
62  4632  2061  
22  4150  1722  
93  3911  1487  
26  5779  767  
60  3033  3872  
77  1953  62  
67  4891  3502  
48  2478  2884  
92  128  4152  
89  4278  872  
42  1734  911  
30  1290  1371  
20  1121  3966  
96  5500  193  
9  4920  477  
5  5172  2601  
55  297  258  
96  2318  1532  
56  2361  2990  
75  4944  3061  
