100  
18  1550  4792  
53  755  4848  
54  2808  5023  
91  2825  5013  
46  4673  5024  
90  4748  5394  
86  3742  5205  
74  3538  5173  
22  3368  4881  
30  442  5198  
57  518  5390  
83  3154  5619  
19  3038  5490  
29  4533  5652  
43  2291  5558  
50  1035  5838  
16  4379  4831  
77  13  4975  
4  1648  5223  
19  2456  5782  
83  3915  5206  
25  3559  5457  
5  3352  5623  
53  4215  5814  
34  3808  5821  
68  2147  4803  
59  4114  5524  
31  1805  4866  
33  2197  5324  
25  1668  5587  
68  4567  5781  
21  3064  5828  
92  82  5263  
52  66  5294  
29  4094  5042  
36  3130  5591  
84  1996  5085  
63  3883  5290  
57  2218  5000  
49  1162  5658  
90  2655  5338  
10  1830  5735  
1  1089  5537  
48  1484  5815  
42  374  5014  
13  4260  5544  
50  4382  5662  
39  3401  5061  
70  368  5159  
29  1425  5645  
11  1940  5887  
8  3462  5254  
25  1156  5121  
79  4431  5174  
35  4282  5077  
3  4517  5403  
39  2674  4946  
42  2383  5713  
38  3891  5263  
16  508  5187  
72  4120  5138  
60  3897  5343  
75  3498  5155  
21  4131  5408  
74  3619  5679  
68  1341  5450  
19  541  5600  
32  3123  5192  
67  271  5441  
94  2226  5231  
87  2960  5584  
28  1197  5783  
59  137  5807  
76  3477  5092  
72  2866  5060  
98  1407  4823  
28  3208  5189  
50  4773  5224  
37  4542  5298  
84  2934  5698  
73  2767  5332  
77  3393  5602  
7  4650  5440  
23  2040  5377  
32  1781  4985  
68  851  5074  
74  1166  5004  
1  40  5039  
72  2822  5394  
68  178  5613  
40  2850  5569  
95  3121  5142  
52  3336  5972  
86  4004  5521  
44  3956  5258  
20  3202  5125  
68  3640  5693  
3  4521  5335  
22  3164  5158  
48  3764  5151  
