100  
20  3965  5081  
92  3579  3545  
52  3439  6509  
84  1823  5303  
73  2891  4844  
55  3262  5558  
47  5076  3078  
60  6212  4036  
78  4291  5770  
26  2320  5140  
60  2861  5201  
14  5872  4361  
46  1363  4950  
59  4209  3060  
55  2888  3372  
2  5908  4759  
63  754  5021  
24  5226  4508  
60  2798  4437  
87  5290  2746  
75  647  3935  
43  5978  6116  
56  6447  5877  
24  5190  5799  
68  343  6129  
100  2345  3510  
74  3506  4076  
5  4001  6027  
90  424  4300  
25  2131  3953  
67  1325  3185  
83  2060  4065  
68  6290  6343  
91  3684  5918  
50  3755  3684  
7  3021  5715  
32  1546  3713  
97  503  5492  
56  1100  3795  
59  112  2668  
90  2075  3165  
1  1142  6555  
54  4011  4304  
64  5932  3906  
65  4327  5165  
72  3576  3556  
12  4999  5400  
57  4645  5482  
57  5917  6433  
24  1900  3835  
76  6546  6043  
30  4697  3906  
45  3128  5595  
66  3424  4149  
34  4114  5787  
86  5171  4250  
26  594  3491  
96  4501  2788  
75  5296  3699  
57  1745  6253  
68  4699  4096  
65  639  3129  
77  3056  3467  
65  3115  2750  
12  5832  5543  
49  6308  4309  
91  6522  4413  
21  3806  5711  
3  3464  3674  
74  1940  5140  
44  5080  4808  
10  1918  6405  
72  872  6638  
4  372  4412  
56  6252  3483  
13  1966  4111  
21  4019  3266  
23  4918  6208  
13  5667  5515  
97  5494  5667  
25  3486  5894  
80  5142  5462  
60  3628  6651  
93  1315  2930  
80  6111  4280  
92  3034  4623  
65  2897  5584  
100  983  2704  
16  4892  5425  
94  5734  4927  
87  2374  5867  
94  6636  6176  
27  1834  5005  
26  3444  5787  
46  4710  2962  
17  4420  4367  
72  5791  5316  
6  5842  6144  
40  2360  3248  
13  3268  3984  
