100  
90  1146  6872  
37  3423  3247  
72  1429  3036  
92  1616  4319  
40  85  5198  
51  2132  4295  
68  3267  3132  
44  3930  3486  
59  1970  7328  
42  2612  6214  
96  255  5397  
49  4227  3137  
95  1400  7314  
31  1690  5478  
47  2332  3548  
5  4039  4080  
96  2636  5135  
55  2012  3253  
96  1368  5111  
58  4098  6801  
93  1572  5853  
72  2688  5171  
29  3311  6244  
26  3733  5941  
73  578  4259  
56  3400  3574  
79  1985  6293  
25  1430  6661  
38  3843  3655  
96  3511  3831  
99  3246  5742  
21  1129  3699  
4  230  7630  
89  3147  5209  
17  3600  5056  
4  2121  5949  
92  2413  3785  
77  1002  3408  
88  1576  6347  
82  1054  5116  
47  674  7153  
75  2079  3740  
69  3775  7978  
67  3184  3373  
55  3628  6496  
67  215  4571  
62  3545  3775  
18  4222  3860  
95  4299  2935  
52  4147  7292  
58  958  3641  
58  1434  6472  
77  4290  5421  
51  814  7403  
86  2231  6944  
93  3537  6644  
52  338  5474  
89  1163  3990  
37  2700  8077  
50  2876  5121  
9  1828  4217  
34  325  6979  
58  3731  4662  
84  3979  6541  
70  2076  5429  
53  3050  4803  
18  2329  3755  
69  612  3957  
91  2616  6988  
96  4197  3376  
39  3626  3154  
56  252  4168  
14  593  3500  
43  1556  4596  
79  1999  5661  
69  3992  8346  
18  452  7828  
11  3907  5554  
41  3882  3664  
53  2972  8449  
57  1454  5593  
87  4204  3032  
26  3755  6216  
42  1862  6452  
72  3635  3525  
65  3809  5167  
82  2564  5458  
25  1180  5847  
56  200  6028  
66  860  5429  
25  3707  6660  
21  1328  6793  
61  1546  8524  
90  1224  3535  
96  1376  7714  
35  1649  6306  
26  2719  7702  
40  1672  3734  
24  3945  3868  
94  1489  8339  
