100  
8  226  3091  
17  894  3655  
5  732  5694  
73  31  5575  
11  1105  3944  
18  351  6151  
87  83  2958  
91  734  3724  
36  604  1149  
3  1194  4456  
36  798  5021  
34  926  2277  
43  766  1727  
73  1006  4058  
36  999  5938  
31  109  2039  
34  342  3466  
36  994  6275  
36  361  5805  
73  616  5955  
29  292  267  
88  355  197  
91  218  2299  
98  286  1745  
23  1246  5262  
8  376  3704  
31  1143  3100  
67  70  6238  
42  1091  5571  
19  857  1209  
20  718  3015  
64  61  1759  
47  619  1619  
10  1023  731  
24  1266  1112  
28  837  1952  
50  1146  3867  
81  733  3606  
74  629  477  
99  621  6423  
90  490  4414  
8  617  560  
95  818  4627  
15  546  5844  
74  135  1624  
59  202  382  
99  629  6367  
90  817  5071  
41  422  3167  
1  1196  5315  
92  90  2594  
33  1029  4016  
72  1246  326  
91  450  4054  
93  529  1542  
41  251  2439  
63  366  2252  
7  1261  5499  
100  599  828  
58  1273  2129  
39  1098  3776  
70  571  2951  
65  757  1340  
13  645  800  
90  677  5663  
98  390  4325  
18  1  493  
40  813  3693  
34  1232  2960  
100  678  1240  
49  668  2265  
77  251  5946  
35  602  1492  
89  1276  440  
93  1214  676  
82  716  6177  
63  35  2755  
32  99  737  
63  257  4190  
13  106  1436  
13  839  4077  
56  200  1211  
42  10  218  
73  87  6151  
51  684  6278  
13  866  2223  
19  1083  5396  
59  198  4811  
52  676  469  
50  667  4759  
99  647  2484  
100  856  1917  
71  501  3445  
45  1208  2648  
34  1011  4415  
29  1288  3534  
89  1179  4394  
47  138  6038  
32  417  67  
70  1057  1869  
