100  
63  939  1691  
57  1565  1814  
50  188  4268  
56  2215  7136  
34  1914  1469  
72  1672  2437  
83  573  623  
1  1363  4762  
71  1032  6759  
32  746  3803  
42  153  1277  
20  751  6192  
83  937  6971  
80  1392  3950  
33  567  3505  
46  1408  6542  
70  1243  4532  
27  1371  6088  
42  1609  5203  
54  830  4001  
7  190  2629  
19  1271  996  
44  384  6879  
41  1516  5272  
95  2279  5507  
73  1617  796  
91  1464  6307  
59  16  688  
12  2320  1825  
99  2387  538  
98  1234  481  
60  1850  2920  
37  1620  3317  
1  2337  902  
9  1156  5901  
84  1902  3197  
89  1022  6828  
19  983  750  
95  1637  2220  
5  1823  4096  
90  1932  622  
21  172  1123  
16  763  3444  
55  1322  3458  
15  405  5691  
44  2192  1534  
70  383  6688  
7  1806  4027  
67  560  2192  
54  2073  2646  
16  159  6612  
9  361  4724  
31  1342  74  
20  2063  330  
48  2044  4662  
23  32  766  
60  2472  4432  
61  996  5838  
23  261  2687  
1  1326  1014  
89  1017  1567  
62  2329  6132  
11  52  806  
25  752  6774  
41  1377  22  
86  2341  2914  
33  1491  4658  
32  864  3513  
57  1115  6247  
52  1257  6276  
68  584  1317  
48  1907  6473  
79  304  1398  
60  2374  6993  
38  1600  5588  
11  2125  5431  
55  733  4930  
61  1806  5703  
94  501  4510  
10  1224  6114  
95  2437  4827  
15  1103  541  
39  806  6445  
84  2160  7186  
46  1660  3831  
39  708  2615  
79  1166  1377  
95  2178  1017  
12  356  4135  
75  2041  3584  
52  1383  2563  
88  1549  4863  
25  577  2626  
83  1786  7254  
35  1222  6700  
91  2298  1437  
6  1796  569  
71  1602  870  
65  1997  4006  
60  902  1179  
