100  
56  1334  99  
84  2039  1028  
61  2242  1209  
11  3419  541  
20  4946  499  
9  3735  948  
88  210  1155  
45  2725  159  
23  510  196  
32  2629  944  
6  4966  324  
47  1947  916  
84  5552  811  
10  2266  495  
7  17  1184  
6  265  589  
53  5640  381  
63  2206  601  
6  3547  749  
33  2004  533  
80  5842  1201  
90  2385  770  
71  5022  226  
87  5043  1048  
11  2101  958  
44  2355  104  
84  97  545  
2  2830  1098  
19  2648  1169  
87  1096  844  
9  5134  1067  
83  2894  1219  
77  1116  150  
36  3918  305  
94  1147  859  
41  2527  119  
36  845  157  
54  4219  529  
45  5429  412  
52  2262  118  
92  1484  746  
7  1041  282  
88  738  1088  
97  5997  240  
98  4655  147  
49  5329  787  
68  272  82  
23  2854  782  
43  4092  1151  
62  5761  959  
23  4483  892  
58  5456  852  
21  1225  550  
52  5168  503  
83  3659  703  
81  2  129  
56  5639  1034  
96  4397  1229  
1  5634  536  
24  500  542  
63  3159  998  
5  4290  660  
95  5496  781  
20  155  628  
10  2789  106  
18  5055  393  
14  2641  129  
63  1414  228  
15  2880  278  
75  3827  437  
20  753  874  
71  3643  993  
26  1728  759  
61  4549  768  
36  1639  825  
22  2485  367  
66  3699  923  
80  5697  1197  
65  3231  1089  
8  5065  481  
67  296  241  
85  4980  296  
46  5005  901  
76  1086  1152  
100  2673  933  
64  412  1099  
69  684  336  
62  4872  843  
8  141  1127  
43  3494  119  
3  5325  252  
7  2353  317  
58  3490  966  
28  5303  326  
72  1110  501  
1  836  224  
54  5001  636  
98  3121  190  
91  2384  1205  
86  5390  539  
