100  
58  3378  4890  
14  504  1295  
6  2850  4197  
5  708  4162  
58  1714  1758  
63  3074  6108  
42  714  2806  
68  3048  3373  
63  4706  2712  
6  641  518  
100  2558  3301  
1  3422  1140  
62  542  311  
51  3679  5141  
6  1779  4290  
22  3768  2772  
43  4677  5170  
4  4428  2571  
47  2410  5327  
23  2433  4999  
68  1315  2237  
33  4788  57  
67  995  1483  
89  1691  4135  
78  4434  3525  
93  4989  54  
38  3874  4490  
90  787  4556  
78  3343  701  
94  914  6042  
16  1820  3857  
80  2348  1306  
88  4391  3643  
15  3092  1037  
80  2838  154  
16  4135  5090  
22  5115  1725  
82  2310  1209  
3  812  2976  
71  262  4368  
45  2629  5385  
69  2493  1382  
71  229  679  
60  5200  6037  
88  3938  5013  
24  315  1729  
68  2486  5471  
79  137  4233  
53  3898  2643  
82  1983  142  
17  4484  5460  
10  5059  5235  
6  982  5158  
9  4756  1545  
50  4492  4904  
13  4763  6452  
8  1818  5494  
76  2602  2736  
46  4968  1099  
93  1851  3790  
73  842  5723  
57  4009  4256  
26  3042  1784  
80  2908  5411  
60  2933  5964  
11  2848  4607  
15  1349  4678  
44  1814  3923  
17  615  6085  
65  5165  3338  
77  2824  5431  
91  1897  300  
9  1824  3545  
44  4344  3426  
84  4045  4603  
79  138  2806  
78  5035  4310  
93  4622  2374  
76  4836  2297  
97  3392  5291  
76  2491  6244  
38  4935  2798  
28  2893  5112  
71  2114  2042  
4  372  1180  
79  3544  4243  
25  4043  306  
91  172  6048  
52  1496  1170  
48  961  3209  
74  3004  5687  
87  2386  1008  
60  4666  5656  
50  3050  1659  
66  329  5502  
84  4486  4793  
66  3435  976  
40  2479  6128  
38  4583  6225  
53  2398  1487  
