100  
24  5102  1449  
41  2889  1904  
64  4568  1383  
10  3791  1314  
11  1211  2045  
23  1576  1665  
20  371  1664  
10  3150  1430  
15  4776  2520  
3  4803  2569  
62  2473  2281  
31  1513  1395  
1  2711  2050  
100  2401  2134  
18  3249  2142  
96  4222  2065  
94  2373  1346  
6  120  2512  
62  897  1536  
85  2695  2298  
30  1896  1936  
33  11  1802  
75  4217  1502  
63  3167  1578  
54  4847  1920  
7  1536  2569  
12  4912  1821  
79  2361  1513  
34  259  2164  
55  66  1826  
57  1238  1859  
5  3199  2126  
74  1432  1544  
67  596  2137  
44  31  1812  
59  5168  1552  
96  518  2522  
81  3590  1338  
19  4228  1581  
11  681  2380  
21  3555  2243  
66  4236  1599  
36  2192  1600  
65  2491  2564  
43  3303  2492  
93  363  2246  
4  655  2232  
39  1165  2545  
55  3529  2307  
49  1789  2397  
92  373  1748  
78  3487  1556  
87  4404  1649  
64  4353  1458  
76  2214  2482  
4  760  1803  
74  3654  1617  
26  291  1723  
41  4045  2117  
13  569  1405  
64  2949  2038  
72  4392  1399  
48  248  2279  
28  645  2028  
12  1539  1743  
79  496  1378  
71  289  2466  
7  836  2108  
89  593  2339  
78  5121  2403  
8  3796  2438  
64  5023  2045  
69  3616  2468  
93  1962  1383  
14  4920  1417  
12  3944  2144  
80  168  1634  
67  4188  1530  
63  492  2081  
56  3852  1409  
89  1508  2019  
75  4933  2222  
83  3758  2441  
87  5003  1500  
99  5018  2401  
61  3362  1684  
99  4803  2086  
74  4464  2188  
4  4804  1796  
74  4737  1926  
42  4351  1593  
97  4077  1543  
92  1087  2202  
73  932  1478  
8  3669  1780  
88  3456  1766  
69  2950  1305  
42  3907  2342  
12  2085  2036  
73  1753  1445  
