100  
24  591  1841  
39  166  2053  
98  3904  1583  
47  5510  1303  
9  2243  1393  
100  6333  1088  
39  2983  1293  
77  5166  1165  
35  963  1779  
7  160  1907  
38  5730  1103  
11  4547  1225  
49  2292  1541  
1  2085  1808  
96  6231  1726  
41  1153  1423  
2  4349  2031  
18  2438  1378  
38  5768  1435  
87  3247  1149  
7  429  1152  
65  5494  1191  
57  3707  1073  
8  6299  1891  
73  4259  1334  
99  6179  1642  
50  5990  1102  
10  1661  1322  
58  1968  1523  
58  1230  1722  
72  1962  1104  
98  2866  1442  
70  3103  1958  
39  2287  1420  
48  4131  2053  
51  5775  1878  
97  786  1096  
15  1939  1312  
54  1330  2070  
10  3822  1653  
40  2197  1222  
42  1178  1668  
22  4083  1227  
46  4255  1714  
21  1937  1199  
1  1844  1480  
52  2913  1553  
65  125  1874  
16  2415  1282  
3  5524  1260  
91  3296  1628  
45  6057  1668  
94  4950  1366  
25  1532  1679  
63  1618  1486  
3  84  1221  
6  1641  2104  
23  131  1316  
3  3879  1750  
56  3581  1961  
20  761  1592  
28  5642  1685  
22  1655  1427  
55  6156  1780  
41  6290  1092  
70  2603  1498  
20  5145  1954  
45  4760  1325  
58  3858  1720  
39  1293  1360  
58  4855  2124  
40  3947  1509  
36  4383  2088  
14  5524  1092  
59  831  1496  
61  1232  1763  
43  2018  1995  
92  1571  1086  
56  5075  1155  
61  6115  1269  
31  4956  1740  
14  4842  1466  
7  383  1648  
19  3789  1265  
1  2288  1824  
56  6299  1627  
3  2150  2030  
13  4359  1176  
4  2670  1375  
6  5699  1514  
43  3903  1071  
6  6036  1307  
67  2586  2035  
94  2324  1620  
96  995  1459  
7  5086  1121  
87  576  1578  
55  5462  1067  
14  6243  1444  
97  999  1934  
