100  
41  1492  1840  
83  2305  1102  
71  306  416  
12  444  435  
80  2372  1676  
60  1897  726  
72  1576  2344  
37  2737  1268  
37  2502  2448  
90  1730  1769  
24  4730  278  
38  1981  923  
32  689  2374  
96  2078  1552  
3  1005  57  
81  3312  1443  
93  1664  1786  
52  2683  1967  
24  854  652  
45  807  1650  
86  1204  150  
81  2517  504  
81  4433  517  
38  3591  1566  
40  3748  559  
22  3513  2101  
10  3419  1870  
59  1099  1051  
93  4590  285  
96  4664  2347  
25  3899  777  
2  2530  505  
92  2496  2224  
85  524  1138  
51  4030  319  
63  3560  477  
66  1209  1926  
44  1875  349  
11  2567  1205  
37  3377  1175  
44  771  1409  
47  3858  870  
22  2197  2209  
25  3798  2446  
93  3200  29  
23  2094  247  
93  3512  1026  
27  3251  950  
15  3780  279  
26  1291  977  
14  4720  180  
72  3491  1067  
87  4404  575  
21  806  1365  
59  4670  1359  
58  4273  39  
69  3067  153  
16  4875  2326  
32  4549  469  
94  1952  867  
7  4296  1799  
63  3561  1767  
59  502  2420  
6  1404  2294  
39  1442  1195  
20  1350  372  
4  1623  326  
37  89  1754  
59  3731  2150  
36  3866  2256  
91  3246  1143  
44  4386  112  
47  2898  911  
57  4714  268  
21  2446  1970  
50  2667  83  
88  4216  933  
24  1989  57  
29  3935  2191  
86  365  785  
33  2087  1038  
12  3684  1017  
29  2574  1481  
27  3843  1838  
46  939  1100  
27  1528  173  
51  2013  650  
48  2631  1258  
28  3462  931  
79  4723  1975  
22  3411  1271  
97  307  1068  
75  2653  1499  
60  2833  1669  
47  2781  849  
7  2405  444  
81  4048  135  
15  205  2046  
83  4671  1735  
100  2263  730  
