100  
98  1324  2725  
42  4459  3886  
36  2619  3052  
80  447  6601  
50  3824  5873  
81  2520  6932  
40  1009  7150  
21  3460  3828  
69  2475  7390  
22  29  6651  
38  2873  5892  
40  2838  5930  
2  1779  6064  
3  2545  3585  
64  1494  7476  
74  4951  5517  
23  4852  6420  
37  5074  3172  
85  425  6014  
87  3615  6227  
78  1215  5661  
12  4112  3569  
57  1110  4927  
65  3905  5430  
31  2459  6205  
45  5019  7036  
1  4356  6400  
84  560  7552  
48  1161  3245  
99  889  6854  
33  629  3958  
23  4508  5001  
24  62  3014  
73  3261  3920  
44  3979  3643  
96  2295  2780  
30  2842  5967  
85  5008  3518  
90  155  4069  
23  3501  6595  
75  3156  7377  
63  2325  5610  
42  2476  5176  
3  4457  3447  
22  303  3928  
1  5055  6530  
56  4471  3122  
17  4287  5727  
82  2300  4596  
31  3026  3267  
13  43  2548  
91  4289  6982  
3  681  5881  
38  617  6312  
89  207  3921  
73  3705  6976  
62  4101  4840  
20  2697  6636  
23  1018  5397  
24  849  3128  
90  1203  3649  
57  3991  5077  
92  2288  7186  
74  4871  6863  
87  4273  7039  
98  1941  3877  
51  4727  7277  
87  4904  5320  
66  4658  5845  
2  1013  6180  
17  4629  5697  
49  1606  4402  
58  665  5821  
34  3460  5492  
76  2716  5155  
74  4715  3306  
27  2410  4037  
31  2749  6862  
99  4227  4754  
53  3314  6582  
23  2065  4706  
13  3779  3178  
14  2700  5474  
90  1462  2956  
56  3468  4900  
7  421  6107  
42  2292  5467  
82  4191  4040  
32  2375  5870  
79  3134  4530  
18  4367  3857  
8  3831  3158  
39  520  7222  
76  2762  6158  
69  600  7537  
57  4632  4635  
83  3828  2926  
33  1541  2769  
94  2339  6486  
83  3981  6560  
