100  
98  657  6501  
24  573  3287  
24  756  7589  
29  27  6268  
72  1112  7467  
6  1016  4068  
26  174  4542  
42  684  5246  
90  1259  7950  
78  345  5575  
67  460  1947  
92  10  7675  
57  115  4330  
19  2  4578  
85  863  5546  
2  217  7786  
62  776  5549  
66  907  3528  
67  975  6597  
25  561  2005  
76  270  2487  
62  584  3249  
94  1046  4776  
33  1124  3223  
50  917  1400  
79  429  3127  
32  470  1802  
65  967  5363  
99  510  5139  
66  112  8145  
49  150  1851  
93  739  6506  
94  4  7048  
59  1166  3807  
80  1035  3415  
57  943  3607  
12  1195  5688  
20  637  7424  
61  1159  3301  
47  819  1550  
81  707  5985  
5  1283  7330  
8  124  6048  
44  685  5757  
9  966  5326  
74  590  3025  
91  512  6207  
46  1043  8085  
28  1005  4429  
81  195  7541  
24  154  6483  
45  1217  3334  
33  574  2450  
78  881  5276  
78  263  5962  
24  384  7949  
45  918  3298  
66  575  3632  
92  1167  7170  
80  713  2592  
18  626  1665  
98  88  2926  
3  882  2946  
59  787  6189  
70  767  7962  
63  66  4465  
62  865  3782  
18  408  6865  
92  752  4678  
75  457  5016  
64  772  5874  
78  573  7901  
92  939  4995  
91  160  2975  
4  1147  7855  
11  497  4382  
71  677  5504  
11  1335  6046  
22  962  4922  
5  1141  4677  
37  137  3215  
13  279  2237  
25  988  4365  
87  1239  2936  
74  924  4112  
95  783  5136  
25  296  2963  
42  998  5062  
32  979  5519  
96  940  4231  
7  451  6855  
23  382  1541  
46  1080  1637  
93  709  7852  
100  821  6477  
76  1038  4439  
93  1149  1882  
64  666  2252  
46  521  3387  
87  1247  2901  
