100  
9  60  6103  
96  2513  6778  
80  630  7619  
63  2732  7971  
7  4542  5804  
85  5027  8222  
11  2879  6217  
65  3692  6956  
98  1766  7746  
83  55  7251  
42  386  5843  
99  2135  7349  
98  3138  8101  
28  2763  8149  
27  3898  5681  
7  4544  6704  
91  1910  6778  
54  4652  6979  
89  3294  7185  
28  4924  7994  
40  3749  8147  
99  4078  7569  
93  3962  7603  
30  2006  6384  
97  4038  6453  
68  2445  6322  
99  1761  6715  
22  4034  7248  
6  3971  6946  
57  1190  5890  
65  469  6435  
89  2585  7348  
7  952  8141  
76  3205  6743  
36  5046  6794  
77  3534  8328  
88  5175  7214  
77  4041  8030  
73  832  7884  
87  5325  5978  
20  5516  8216  
35  1512  8354  
87  5010  6912  
46  5576  6941  
71  3659  7816  
51  1150  5848  
38  2083  5727  
5  417  8284  
4  2958  5715  
35  3658  6054  
54  1565  5731  
15  4631  6981  
88  3657  8264  
10  2223  6503  
31  2596  6907  
32  2516  6622  
22  241  6240  
73  1710  7079  
64  2775  6346  
8  224  7628  
94  4083  6861  
36  3291  6702  
83  5472  7004  
45  4542  6755  
76  304  6533  
75  792  5940  
32  4478  5850  
89  4916  6313  
20  3081  7680  
76  4617  6306  
79  3827  6531  
46  1224  7007  
73  380  7873  
81  3931  6935  
88  1644  6488  
98  3116  8401  
83  5275  5709  
71  1421  6690  
92  3573  7888  
11  1053  7503  
98  4400  7776  
52  1135  7516  
84  1198  8172  
13  1539  6447  
89  4774  6345  
80  4313  7356  
16  4548  6054  
83  5576  6306  
24  1515  6997  
78  2964  5742  
43  2154  6620  
6  1795  7873  
29  4871  6057  
23  2273  6834  
44  5404  7864  
61  17  7733  
41  2394  5758  
67  2606  8029  
28  5224  7801  
85  3521  6915  
