100  
67  801  2775  
71  1982  194  
27  1906  2777  
33  3730  3061  
50  2646  2193  
68  2365  2440  
17  2963  342  
77  1300  2983  
40  1734  2323  
53  866  2792  
15  222  1001  
38  2937  566  
83  4578  3604  
52  4339  616  
22  3192  758  
12  5248  1852  
15  4027  461  
74  639  3321  
62  4497  2159  
14  313  1361  
64  1732  1589  
59  2738  3400  
26  338  3381  
12  548  3101  
15  1966  2178  
93  4409  2893  
98  613  3624  
99  2771  3564  
52  794  2262  
62  1851  1896  
19  2957  1499  
12  2918  3244  
73  2195  3441  
44  3244  1652  
73  5187  1938  
75  4187  2569  
71  2476  689  
68  2616  3221  
87  4366  3247  
86  1226  1507  
15  851  3632  
44  30  602  
85  4114  1118  
62  2089  1457  
59  1862  3071  
86  3655  1588  
80  4711  2614  
13  640  1617  
72  4814  2210  
23  3788  2230  
74  4586  533  
50  5004  3313  
43  3400  1745  
78  2876  1671  
1  2930  2211  
37  4576  1130  
78  3806  3770  
92  3320  701  
20  4671  1474  
1  887  2358  
4  3359  1620  
28  1557  2288  
18  4124  1375  
56  3094  3436  
11  3036  3532  
51  348  3695  
55  708  2680  
87  3838  1489  
64  2667  1440  
83  1244  1414  
32  3111  2227  
73  3345  3183  
42  4633  1299  
39  6  531  
68  4505  3405  
79  3864  164  
23  5052  2264  
72  3434  3409  
21  87  283  
70  1253  818  
98  213  2315  
63  2351  2370  
51  2389  2712  
81  2185  2548  
100  1032  2899  
20  1963  2717  
83  4472  2225  
9  5269  2223  
100  1665  754  
91  5039  1049  
71  4032  3186  
76  942  723  
83  5216  3744  
13  109  1200  
66  4175  2389  
43  1229  3183  
40  5072  1908  
76  1533  968  
32  958  247  
16  5224  105  
