100  
37  578  2833  
69  1622  132  
47  1296  1119  
88  2060  1188  
64  629  2585  
64  878  4156  
38  543  1813  
61  69  749  
21  1644  3178  
69  1827  4433  
51  1769  576  
73  33  1382  
32  1341  613  
71  2370  1565  
14  723  4038  
15  2120  784  
48  965  4621  
5  2115  1099  
51  2329  1249  
85  1974  1816  
29  345  4217  
41  590  4051  
99  1498  2619  
14  1351  4890  
20  186  4504  
49  1106  2424  
3  1797  766  
19  1333  2564  
100  680  2595  
33  1207  3994  
51  1601  4901  
50  2081  1795  
56  634  4716  
95  94  4816  
40  2441  199  
72  255  1422  
31  2368  561  
95  2379  2713  
72  1465  4544  
9  850  1024  
72  1574  2488  
71  2139  2851  
53  2428  1055  
65  748  309  
2  2460  3752  
28  213  3380  
83  1527  807  
21  1716  1574  
10  1928  4063  
4  1596  4098  
9  2019  1919  
78  2187  1241  
75  1090  1759  
63  525  91  
53  783  1626  
44  620  2904  
51  1705  3699  
32  2315  2188  
35  212  794  
94  1918  3104  
92  2464  4157  
97  558  4868  
99  198  1254  
75  305  4616  
69  658  3048  
55  1285  1688  
82  1830  3838  
82  245  4223  
52  2153  3130  
5  109  4036  
27  100  200  
19  56  4250  
84  1894  4113  
25  1030  4850  
91  562  1694  
35  644  2834  
20  2423  2877  
60  1003  3673  
2  2398  2956  
79  1921  294  
30  170  2939  
17  2218  2843  
17  190  3143  
30  1529  1537  
92  1694  1709  
93  1888  71  
100  947  523  
34  2320  4387  
40  1854  4023  
63  36  1050  
56  404  3767  
56  274  2407  
17  444  662  
30  284  2135  
16  1314  3720  
8  57  119  
94  737  212  
10  1707  1216  
16  2213  592  
44  2073  786  
