100  
57  3661  6582  
9  4518  3199  
49  5396  5176  
12  1347  5460  
29  4541  2810  
35  3974  1089  
86  5718  4940  
36  1759  6478  
49  2472  437  
39  4345  4522  
74  5549  1764  
8  4733  4840  
95  5778  4885  
22  2291  4974  
54  3809  2244  
1  5819  4818  
98  446  3884  
63  4295  17  
74  748  5802  
8  409  5184  
63  6250  6519  
47  2612  3605  
83  6910  5508  
58  5959  985  
99  4720  2870  
82  2992  1562  
53  3270  4898  
40  1617  473  
61  5006  5298  
82  742  5091  
47  141  5606  
97  1526  6273  
76  2304  4369  
23  714  4933  
67  5901  1424  
2  5853  6877  
64  4045  4530  
10  4680  6214  
21  2937  2823  
50  4004  6254  
56  3553  3874  
82  4973  4036  
30  3759  4610  
94  6001  3037  
37  5441  1244  
96  3953  3115  
3  579  1062  
50  551  438  
21  668  4560  
67  3200  4414  
15  5897  6074  
97  1714  473  
48  3366  6562  
80  683  842  
2  960  2217  
22  4142  6867  
1  2727  2084  
91  5879  3013  
58  232  6931  
12  3434  3969  
76  2572  4042  
56  3372  6654  
68  3670  5051  
94  522  2578  
79  1713  5492  
63  1806  827  
61  6943  5096  
19  4702  2975  
92  3970  114  
53  4196  6461  
47  394  6141  
55  5011  1895  
67  6521  1982  
40  2136  4456  
97  3039  5936  
84  5216  4978  
95  4323  6122  
34  1216  4216  
89  1323  4792  
24  1917  5934  
67  559  4644  
92  6049  113  
93  5567  2428  
9  3324  549  
92  4783  4118  
80  2142  5602  
27  862  4022  
77  1444  2985  
80  3288  248  
71  1698  3283  
70  6968  3961  
85  2814  4019  
68  4149  3094  
20  5151  4248  
86  5917  203  
47  4961  4055  
96  2150  2615  
97  2598  2071  
61  257  3601  
32  3978  899  
