100  
49  2208  6101  
46  4092  5604  
60  2896  6191  
62  3315  3917  
81  1295  3822  
71  3146  4210  
79  694  4525  
63  4671  4186  
43  4442  4715  
88  4971  4594  
99  3464  5079  
73  321  3873  
40  4261  4693  
9  137  2815  
55  3296  3936  
41  1789  5396  
22  2313  3418  
81  32  5254  
99  2751  5454  
50  1726  3907  
98  1451  3992  
64  1350  4288  
82  2321  5526  
48  3912  5010  
93  985  4707  
2  1734  2985  
8  4851  3014  
26  1169  5760  
77  1513  6086  
89  3381  6113  
36  1865  5105  
76  2647  3752  
34  2952  3602  
4  4623  6234  
9  2881  3463  
59  723  4623  
65  2822  6081  
77  989  3642  
66  2519  4836  
70  574  4752  
100  3622  4606  
88  4471  4396  
26  4555  6076  
33  619  3445  
15  3336  5208  
33  935  2744  
48  1950  4644  
62  2451  3718  
18  1780  6010  
20  2203  4693  
41  1774  3512  
61  3742  6271  
41  525  2622  
24  4799  4168  
7  2435  5041  
90  1961  4030  
35  2621  5910  
77  3823  5224  
95  1262  5877  
3  3860  5738  
18  2613  4557  
36  2339  5400  
37  1449  4102  
100  833  5335  
9  3760  4480  
15  3331  4579  
6  4572  5517  
78  4781  4523  
52  1153  3722  
18  4410  4981  
19  2326  2862  
76  647  3845  
7  1443  5853  
72  2285  2952  
9  3126  2581  
17  3103  5941  
68  4595  4255  
79  4058  2565  
59  3318  5135  
5  4373  2667  
100  1763  5152  
2  79  6168  
11  1725  5940  
18  625  2762  
19  452  3070  
77  3262  5338  
89  2983  4611  
89  2459  6035  
4  63  2864  
75  3223  3363  
96  3206  6126  
41  1562  2780  
45  2712  5510  
90  4461  5284  
93  1213  3607  
77  1293  5516  
12  3454  5933  
56  993  4747  
22  3629  3740  
16  4781  5519  
