100  
74  5876  1791  
40  2540  1578  
31  2928  1916  
5  5557  1590  
60  5048  2036  
38  3504  1908  
3  1971  1447  
67  3691  1310  
75  140  1945  
55  409  2301  
50  499  2299  
71  1526  1825  
25  2224  2255  
77  4231  2230  
57  1883  1779  
95  1728  1567  
48  1953  1253  
62  1185  1357  
50  3526  2275  
86  770  1777  
45  568  2042  
99  3043  1330  
16  5497  2341  
9  3822  1597  
90  4552  1181  
53  1265  1556  
81  4453  1488  
18  3649  1624  
46  2244  1267  
80  5681  1581  
38  5153  1247  
75  5499  1762  
72  47  1308  
53  757  2252  
96  1851  2288  
55  4435  1768  
73  4557  2016  
48  5009  1748  
60  389  2353  
37  5290  2269  
4  4308  2060  
4  2041  1458  
79  5308  2338  
29  4212  1237  
32  3443  2317  
97  2639  1730  
78  4226  1451  
2  2920  2099  
12  5325  2143  
76  2058  2184  
18  997  1511  
35  551  2216  
67  5655  1712  
21  2983  1594  
46  276  1904  
77  3428  1281  
40  5086  1291  
98  4014  1373  
72  1794  1337  
11  3521  1457  
42  3815  1490  
50  2153  1672  
35  3735  2165  
68  5730  2074  
53  1787  1740  
1  2949  2068  
72  1861  1712  
26  4701  2207  
50  3136  2229  
82  1428  2263  
33  3093  2071  
2  3308  2235  
29  2964  2240  
27  1287  2298  
13  5566  2110  
60  4576  2035  
85  1777  1747  
56  2814  1919  
83  541  1888  
35  2130  2009  
10  4117  2132  
18  4771  1219  
45  3095  2021  
53  3889  1417  
50  4115  1659  
32  5731  1594  
1  4860  2178  
20  5326  1181  
4  5660  1629  
40  1590  1622  
69  4335  1913  
28  3561  1302  
6  5206  1511  
10  4863  1611  
52  751  2166  
71  2081  1747  
28  4276  2084  
22  397  1398  
63  2107  2210  
85  132  1402  
