100  
37  2843  1214  
36  3290  3111  
25  660  1465  
49  1700  1309  
44  1205  1676  
62  468  2393  
80  2645  1261  
20  643  3251  
33  78  1234  
9  1805  3383  
46  1784  1785  
41  2644  2621  
29  1686  3055  
54  1181  1729  
62  904  3038  
42  2598  1975  
54  875  1628  
11  298  3204  
46  163  1612  
45  3443  2854  
7  3242  2516  
59  2474  1245  
80  2782  1942  
54  2003  1212  
82  1071  1172  
23  1868  2546  
34  2007  2634  
7  1985  3159  
25  2416  1639  
63  3323  2171  
20  1607  2368  
87  979  3335  
43  584  1986  
37  451  3204  
53  2825  3074  
19  883  2371  
1  2410  2144  
26  1103  1195  
13  2166  3308  
86  2885  1443  
94  2481  1480  
6  997  1624  
1  2807  3018  
43  218  2137  
37  2558  3400  
94  761  2137  
100  1579  1943  
19  647  1962  
56  2182  1480  
47  2927  2084  
46  2844  2022  
10  128  1500  
38  841  2460  
62  2331  1201  
77  2971  3256  
94  2098  1731  
89  1968  3217  
42  1721  2449  
4  2874  2776  
48  2539  2977  
8  807  3252  
100  743  1975  
14  2654  2496  
63  700  2723  
57  3332  3382  
99  2244  2196  
22  607  1845  
13  116  3202  
4  2266  2652  
71  1187  2724  
77  875  2980  
14  2240  2395  
83  1075  2312  
47  793  2498  
18  2051  2920  
2  1474  2183  
66  2656  1280  
55  3014  2214  
86  188  2705  
22  642  2557  
74  1480  3286  
31  2252  2278  
82  2123  2192  
48  3038  1849  
25  2614  2743  
10  2314  3069  
13  1613  1151  
88  1968  2892  
40  298  2677  
14  3140  1247  
66  603  3336  
32  3178  2523  
82  2044  1951  
92  2868  3363  
50  2549  1749  
70  2501  1960  
66  738  2202  
66  2001  3381  
9  1438  1938  
69  3069  1602  
