100  
10  1343  2187  
88  6138  2478  
99  766  1965  
78  4101  1837  
96  7723  1972  
56  5859  1663  
51  393  2102  
68  5352  2230  
36  1065  1548  
83  4054  2277  
5  7852  2210  
28  6225  1400  
59  1875  2228  
17  332  1777  
22  4445  1519  
82  7324  1906  
95  5636  1592  
60  6470  1540  
5  3552  1494  
63  6530  1570  
48  6823  2363  
21  5935  2498  
86  5765  2031  
88  3808  1482  
47  3523  2602  
80  2043  2162  
99  3742  1432  
48  292  1719  
73  6217  2475  
82  7739  1562  
72  4350  2236  
40  2595  2088  
93  2129  1361  
5  2428  1636  
75  1120  2061  
32  6039  2376  
33  3367  2413  
64  2466  1532  
90  1167  1730  
15  6378  2487  
6  823  2066  
92  5801  2104  
30  5363  2346  
68  2740  2442  
45  6290  1904  
11  279  2313  
43  983  1892  
30  7001  2425  
75  2733  1318  
36  2779  2383  
36  1016  1821  
86  4637  2437  
78  5164  2197  
37  7617  1944  
27  597  1521  
23  4556  2565  
5  635  2343  
25  5908  2007  
37  616  2446  
50  4777  1347  
70  5757  2018  
43  7116  2039  
71  7269  2440  
7  3036  1784  
33  4318  2594  
11  613  1888  
66  4968  2425  
76  7561  2512  
49  4248  2037  
73  1715  2496  
9  2493  2116  
25  7339  2061  
13  2440  1894  
82  952  2126  
76  3310  1652  
80  5582  1679  
11  4289  1575  
20  7084  1581  
100  1369  2045  
70  4283  2512  
95  1729  1359  
73  5280  2147  
49  1668  1555  
64  6889  2297  
61  7634  1607  
13  6163  2323  
40  2423  1496  
52  760  2578  
96  2427  2212  
57  4866  1871  
67  6266  2119  
60  4267  2237  
57  2962  1787  
77  1309  2066  
39  1338  1521  
69  863  2358  
2  4131  2238  
75  5541  1393  
38  4405  1443  
56  2967  2600  
