100  
22  948  628  
13  4031  4431  
38  1083  2976  
79  200  2863  
22  2915  2155  
92  1491  5645  
94  185  4364  
20  2860  4120  
55  1743  3257  
78  3507  4319  
92  2048  5839  
97  1054  2021  
28  3854  173  
58  2319  2578  
88  4051  2277  
35  3764  4078  
96  1808  392  
6  434  2486  
92  2328  5391  
46  5  2286  
65  2099  5882  
11  2382  4106  
44  3473  913  
63  986  5962  
68  2718  1293  
19  392  46  
67  2293  1095  
60  3853  3191  
51  3737  6741  
45  1774  905  
82  3188  4893  
15  2769  467  
67  341  2296  
16  657  6300  
54  3179  854  
39  1512  1365  
62  3051  258  
19  1917  2741  
73  3514  1832  
93  3753  5915  
96  2256  2821  
81  2985  5054  
20  343  1449  
21  3250  3119  
75  2432  699  
10  3563  3167  
56  1028  2054  
4  197  191  
37  3805  1063  
22  1930  41  
99  737  3659  
59  2105  6105  
95  1989  1852  
93  2614  6469  
69  1262  3496  
20  437  1632  
43  1279  2932  
49  2740  287  
81  1187  1880  
54  1317  1476  
45  623  4540  
64  860  3423  
90  2989  6682  
41  3375  392  
80  3039  4428  
48  2965  3535  
21  3303  429  
41  3367  2466  
18  751  552  
27  2370  105  
1  1414  4504  
68  3349  6546  
72  887  4323  
89  1303  6013  
21  854  2128  
59  2681  1111  
5  2991  5762  
29  3659  6325  
59  1546  1060  
62  364  3222  
38  2783  6781  
83  1909  4295  
24  405  844  
60  1720  5135  
93  146  100  
51  1467  2597  
39  1964  1578  
59  2964  700  
60  228  4451  
84  47  2519  
76  2755  2698  
55  3366  1388  
9  2810  934  
83  2196  6313  
79  3509  5649  
86  330  2295  
39  3697  6660  
87  2225  1927  
63  3371  6276  
82  2348  2375  
