100  
58  3826  3967  
3  2563  4327  
81  4088  3045  
90  4539  4087  
20  920  3454  
29  4605  2662  
7  2849  2715  
72  1995  3889  
67  910  3726  
35  773  4413  
14  1635  3597  
57  1838  3548  
61  3665  4187  
10  3608  4566  
71  680  2401  
31  66  3327  
94  2400  2883  
4  2581  3823  
14  3129  3752  
41  1091  2645  
94  3523  3322  
90  2004  4342  
41  4129  3139  
18  2256  4650  
30  2880  4126  
2  3815  3682  
15  1251  3716  
35  3766  3668  
51  2665  4031  
57  201  3936  
39  765  3056  
8  678  2710  
19  102  3467  
80  3564  4362  
2  2623  3216  
65  3214  2430  
14  4475  3110  
10  2767  3723  
50  3111  2380  
32  4663  2926  
70  655  4548  
63  4048  2419  
87  1865  3856  
88  2282  3965  
33  2376  4646  
95  1634  4535  
60  299  4506  
96  2993  2922  
84  2605  4645  
14  1190  3868  
98  374  3784  
1  2000  4472  
78  3419  2989  
93  4058  4244  
58  2439  3832  
14  2808  3900  
52  2638  3279  
46  1487  2903  
69  3416  3092  
11  2011  2379  
96  417  4615  
7  4608  4622  
82  3953  4454  
76  2953  4587  
7  2442  3539  
8  4052  3838  
46  2777  3741  
21  3547  3411  
99  3496  2939  
36  2408  3496  
27  1092  4612  
58  150  3998  
40  2526  2845  
67  3522  3505  
93  2326  3161  
17  1131  3780  
13  2961  3990  
58  1327  3741  
4  4415  4016  
78  4537  4124  
22  3120  3704  
27  3439  4226  
34  243  3893  
28  2034  2625  
15  1040  2383  
18  1971  4646  
47  3927  3925  
7  4142  3266  
52  1683  4430  
65  4004  2598  
93  3310  2687  
30  614  3469  
68  3317  3704  
53  155  3108  
93  2759  3119  
36  1338  3224  
39  528  3918  
92  2072  3267  
16  2833  3832  
79  4123  2758  
