100  
44  3419  3535  
85  1557  2327  
51  1728  1682  
60  2433  3723  
27  3587  3414  
34  3807  2056  
24  1115  1775  
51  1717  3941  
56  384  2350  
71  3546  2207  
86  35  1881  
6  3165  3795  
74  3004  1655  
96  893  3187  
49  2702  2893  
45  11  2874  
81  2341  2360  
40  1906  3899  
86  1960  3837  
57  2472  2556  
10  156  3873  
81  779  3675  
42  598  2503  
11  2494  2847  
95  1478  3363  
9  1898  2180  
86  22  3598  
38  1087  3996  
94  2317  3255  
51  2611  3975  
70  3181  3179  
66  3798  2101  
55  3006  3617  
4  1814  2462  
63  3916  2156  
52  1621  3781  
33  2519  1481  
28  1647  1994  
45  2804  3363  
60  1210  2830  
61  3476  2507  
31  773  2735  
47  2890  3305  
32  232  1596  
75  2566  3015  
39  2164  2817  
81  813  2568  
63  625  3566  
50  489  2479  
4  520  2960  
100  2090  1643  
63  2862  2393  
46  3314  2613  
6  2675  3906  
98  3243  3293  
84  613  1642  
66  3268  2902  
91  1755  1604  
34  595  3513  
51  177  3042  
83  950  1932  
19  183  3566  
16  1876  3626  
87  1163  1892  
11  945  1833  
5  1003  2861  
99  1010  3217  
74  3830  3756  
85  3376  2329  
4  3384  3223  
28  3881  1791  
48  110  2442  
71  3326  2220  
13  130  2412  
83  1536  2859  
69  1237  1915  
82  1253  2128  
91  3694  3567  
64  224  3743  
91  2746  3778  
42  3214  2570  
25  1094  1835  
11  1502  1550  
2  3033  3873  
95  1364  3673  
58  621  1979  
71  3926  1474  
92  2995  2146  
44  1908  1939  
65  3298  1771  
54  1310  3188  
8  793  3681  
40  3527  1415  
74  798  2758  
2  2702  1734  
89  1698  2636  
82  2546  3806  
56  783  2320  
47  376  1653  
13  3099  2801  
