100  
22  2393  5205  
22  2962  6294  
44  2263  5472  
78  2100  4375  
11  2343  4804  
56  5083  4263  
1  667  5148  
83  5169  6346  
71  367  5849  
100  4703  6489  
54  834  4026  
68  3935  4318  
24  1688  6028  
100  3615  6555  
54  1126  4502  
71  3249  5033  
53  1002  4800  
65  2438  5194  
54  2169  5718  
77  631  4927  
16  1880  4737  
86  4845  4185  
52  1736  5360  
79  2278  6481  
82  3616  4017  
49  4062  5052  
28  1403  4022  
93  2076  6065  
49  754  5854  
85  1341  4738  
27  1354  5123  
27  1712  5033  
32  809  6042  
23  2756  5878  
36  3846  4168  
82  4411  6323  
71  3790  6040  
25  2228  6120  
14  2622  6280  
31  1237  5034  
43  2556  4856  
63  1706  5385  
37  4775  4213  
27  1992  4350  
55  1454  4477  
47  982  5194  
12  245  5431  
66  3785  6413  
67  1125  5313  
97  2812  3946  
70  880  4643  
82  2351  4391  
83  209  5233  
23  3028  5759  
1  1375  5535  
71  472  6329  
78  2743  4794  
76  3148  4333  
20  2508  6555  
26  2155  6103  
31  2525  3993  
17  1343  6404  
61  4398  5792  
72  3030  4992  
62  4057  4442  
42  4971  5270  
92  5179  6187  
2  4755  5149  
5  15  4088  
64  2178  6329  
1  1358  4268  
30  3141  5833  
55  173  4779  
87  4984  5091  
57  521  5723  
17  3983  4259  
33  425  5547  
89  2476  5102  
24  1427  4473  
86  2763  4645  
81  2124  5817  
33  1456  5765  
95  4504  4771  
88  5015  5454  
84  843  5718  
7  3750  6322  
21  4008  5208  
29  3060  5889  
60  1313  6126  
99  1444  4589  
5  2794  6114  
74  3531  4753  
82  3774  6386  
48  1027  4268  
40  3361  6503  
100  3354  5429  
84  4545  4579  
48  926  6105  
34  4332  4711  
80  896  6267  
