100  
16  228  754  
67  3425  1365  
3  2973  3370  
98  3590  4398  
19  4432  3398  
25  3608  4720  
78  1739  4746  
88  7  925  
13  3167  4674  
34  1900  4368  
1  3309  336  
52  1914  1959  
45  1223  3241  
99  3250  3170  
31  103  3577  
45  595  124  
69  4253  1409  
30  2086  2628  
1  4006  4729  
98  1588  426  
44  4550  4146  
7  3580  3536  
1  220  4660  
82  4625  2554  
53  3160  131  
36  3267  972  
44  647  2215  
10  153  3919  
23  1876  4053  
72  2063  1063  
69  759  1001  
59  1018  2741  
63  3220  1986  
13  3056  1585  
8  2422  1433  
65  1079  2375  
89  3001  2796  
76  3649  775  
11  2594  2917  
39  776  3617  
90  3587  4453  
19  1232  4211  
1  204  1123  
32  1778  1288  
66  354  86  
1  385  1388  
41  2891  4183  
68  1999  2513  
83  1990  874  
34  4429  2404  
46  962  3625  
33  2575  994  
5  1378  2246  
92  571  2278  
36  491  1540  
73  1935  1360  
5  1458  1477  
35  3056  3374  
1  2048  1255  
75  4746  506  
76  1830  4113  
2  3643  3403  
73  3301  1155  
30  4246  2406  
89  878  4258  
34  1235  488  
100  1798  4247  
43  1234  2279  
31  4242  4243  
67  1266  3154  
30  200  4345  
99  3706  2878  
93  4253  3256  
48  4525  3842  
35  852  4628  
36  105  1880  
35  4553  1174  
77  3836  2790  
61  4536  1272  
18  4382  328  
21  4582  1903  
74  2175  1351  
54  2810  1979  
53  992  2042  
37  3956  2301  
97  1938  2115  
83  4515  3052  
55  4145  1626  
28  3032  2946  
95  3363  3876  
40  285  3453  
96  744  3037  
24  4309  4344  
99  2820  2100  
42  1263  1811  
23  2388  5  
11  1560  2685  
53  4653  3414  
4  4244  3876  
83  59  3309  
