100  
73  701  3698  
19  875  2869  
28  528  2744  
24  1001  1247  
2  208  4466  
5  998  986  
14  749  3872  
89  898  2366  
62  950  2606  
93  1040  525  
30  109  872  
50  575  1513  
18  1215  2598  
63  623  1358  
48  753  1480  
57  1076  3257  
87  685  4414  
91  707  1095  
30  685  1385  
60  445  2261  
8  870  4134  
84  113  4  
87  789  3812  
48  1002  3920  
11  578  4481  
84  1198  3097  
36  511  396  
18  350  3823  
56  643  3898  
32  1142  3833  
70  541  3986  
22  259  3863  
34  309  530  
75  261  3431  
62  1050  3412  
10  160  1968  
96  106  2781  
24  711  2310  
14  659  677  
41  845  4782  
2  341  1124  
83  497  2595  
18  542  4547  
23  1208  605  
37  935  951  
34  835  2964  
47  299  1832  
70  79  2568  
65  573  4663  
10  451  1410  
75  457  2976  
62  150  4030  
79  848  884  
18  345  2500  
47  1133  3704  
38  466  4807  
37  986  673  
62  451  1823  
38  416  2707  
90  822  629  
64  897  454  
34  361  2612  
61  1136  2219  
87  631  1655  
73  916  653  
27  747  2882  
27  334  1572  
47  1027  1613  
29  195  2594  
82  101  3077  
53  1220  3258  
66  130  3016  
7  16  3463  
59  919  492  
9  97  4763  
6  543  3953  
83  310  3884  
99  828  2832  
26  473  3649  
56  876  4378  
26  955  1440  
86  519  2708  
97  492  2045  
56  595  2836  
54  320  3184  
79  335  84  
82  221  2073  
27  391  193  
32  544  1627  
48  1163  768  
6  461  2373  
79  281  4374  
40  342  4507  
76  938  589  
15  634  3934  
87  276  4402  
50  612  1470  
50  301  955  
36  42  2771  
91  48  1844  
