100  
65  3097  2440  
63  64  6282  
79  1011  727  
63  3557  970  
41  599  709  
35  4785  5346  
86  5212  1428  
99  3547  2866  
39  1359  1222  
68  4415  1931  
40  514  4962  
19  4723  5634  
7  2145  5126  
93  922  6494  
93  1396  3125  
78  4635  2203  
23  3121  3528  
33  5265  1813  
40  1290  344  
35  3289  1000  
24  1146  2875  
55  1105  2133  
76  1429  4214  
99  4191  3458  
91  2245  1098  
79  818  1996  
37  5104  583  
68  2101  1549  
94  2328  1178  
82  30  3719  
66  2861  3665  
6  1545  866  
53  3823  856  
82  2786  4958  
43  445  5952  
2  2860  6623  
54  2317  638  
84  1788  785  
35  598  4938  
45  1326  5542  
12  3238  3034  
94  5005  2002  
17  1642  3066  
49  2541  4174  
26  920  483  
69  2117  3897  
49  2811  1290  
23  3272  2076  
47  139  5942  
92  478  1617  
71  3420  4883  
63  187  5706  
67  2598  2481  
6  3612  5986  
18  472  677  
56  1324  2122  
32  809  5301  
25  4352  4911  
29  5181  5501  
96  3791  1523  
48  2076  2710  
23  2996  1188  
28  2974  739  
4  1433  5767  
14  1200  5983  
64  3825  1874  
92  3260  4765  
52  1339  3738  
98  3  2305  
98  2269  1767  
75  4603  5122  
25  1147  702  
44  121  1721  
10  4460  1660  
2  1346  1748  
93  4419  2952  
94  2328  5602  
29  646  2733  
54  1846  1410  
19  1526  2754  
91  1772  1980  
32  5279  6114  
57  1686  2722  
25  437  5765  
74  4043  4438  
27  3960  2005  
83  1366  2703  
48  4172  3623  
56  1327  1068  
99  523  1768  
62  611  5705  
63  4726  2559  
18  1231  5156  
32  2839  4591  
18  604  5494  
50  1412  5138  
82  394  3397  
30  1086  2184  
76  5063  1008  
97  1703  641  
