100  
13  458  4574  
67  2013  3599  
42  1770  4671  
13  236  6963  
74  675  4652  
21  87  6913  
54  551  4665  
7  1825  5958  
27  209  4905  
2  1597  4247  
63  1936  4757  
4  1844  6942  
55  1181  5027  
45  1209  5834  
7  986  5267  
36  2216  6409  
73  1807  5243  
30  2035  6780  
63  1426  6877  
84  1686  5886  
43  769  6437  
28  116  6520  
58  1812  5904  
11  368  5813  
26  2065  4585  
10  444  3835  
30  335  5080  
53  2134  6544  
98  1816  6844  
67  251  5118  
56  1452  6698  
2  2292  5328  
4  1378  5480  
22  541  5680  
92  2334  6920  
84  586  5739  
21  40  3509  
58  2286  4140  
42  924  4888  
70  1304  4446  
1  1724  3736  
12  2198  3938  
90  2013  5044  
44  1946  4647  
59  1507  6865  
77  2101  5894  
5  292  5281  
6  1493  6650  
40  692  5711  
49  1156  3660  
61  567  6614  
75  1796  6524  
39  1369  3961  
93  548  4839  
10  1839  5169  
48  1191  4257  
29  1260  4924  
63  514  3977  
31  742  5076  
28  1015  7009  
44  1097  4951  
90  1664  4078  
42  380  5878  
69  1789  5117  
35  670  4353  
58  1817  3740  
3  527  5392  
21  1699  3749  
83  2249  3734  
85  861  5899  
43  588  3670  
72  241  4103  
55  750  5914  
71  717  3697  
28  1891  3935  
21  1369  3758  
78  1528  5921  
32  1059  5102  
86  1367  6209  
8  331  5606  
17  1381  6878  
22  191  4036  
48  1743  6638  
93  1021  3567  
86  681  6053  
71  944  4644  
12  230  3586  
72  1227  3660  
12  2282  4618  
77  761  6437  
7  2124  5088  
76  1424  5650  
84  1216  4008  
64  1026  6770  
52  1822  6506  
22  1738  5264  
92  14  4315  
99  1767  5641  
85  826  5245  
46  1029  6756  
