100  
60  2999  101  
22  41  0  
1  3702  1410  
22  1553  803  
67  83  1324  
96  1276  2165  
73  570  167  
46  52  325  
64  2880  2438  
91  3893  1506  
22  2168  3142  
20  2147  228  
38  2349  1081  
10  3060  2072  
35  418  2932  
9  2283  3062  
35  2466  2759  
45  4118  1568  
22  3203  1280  
2  3476  732  
8  2424  1528  
90  1548  1374  
64  1164  504  
2  261  446  
2  375  2716  
60  2610  63  
99  4348  2782  
21  335  637  
36  708  751  
27  1029  609  
22  1074  2541  
33  3393  832  
61  1121  2667  
77  1645  1252  
10  1421  2613  
42  1910  238  
92  2453  565  
66  396  1831  
55  2702  365  
12  2085  3090  
48  539  975  
19  464  94  
39  3374  1733  
26  3849  2386  
21  3354  331  
41  551  68  
52  2713  3151  
69  2490  219  
25  265  2904  
66  3270  196  
20  3575  2006  
97  1520  2071  
35  3050  1445  
34  1856  3288  
33  1534  1621  
47  1540  2916  
1  1871  2574  
43  935  1639  
37  1202  3272  
98  635  1529  
29  4138  2796  
62  4281  611  
69  2807  2414  
79  3446  2007  
57  4144  3100  
98  1741  504  
25  1057  2722  
79  2077  2133  
83  3669  2298  
50  2153  2984  
34  3961  929  
92  1984  1131  
7  3565  875  
73  4322  599  
3  3015  256  
12  1134  2080  
7  2916  2868  
36  3069  1870  
43  4234  1578  
48  3922  2271  
30  616  936  
69  3083  1820  
22  2476  672  
27  1565  2095  
30  1766  2625  
72  2991  544  
25  2822  1273  
5  3370  2136  
96  3414  375  
40  3808  2651  
30  2031  3083  
53  2305  814  
78  3767  1193  
31  3052  1215  
61  1403  2961  
24  250  2307  
24  3928  249  
86  1149  2801  
94  227  1686  
19  4150  427  
