100  
6  4621  5860  
94  5549  5469  
53  4167  5562  
15  4575  6068  
60  5874  5251  
58  3647  5206  
59  6061  2945  
51  1639  3593  
79  1288  5321  
2  1830  3492  
27  2496  3495  
78  4983  3217  
56  599  3959  
75  3124  3004  
81  4695  5619  
43  5880  2738  
3  2467  5342  
66  3868  4171  
27  4076  5491  
63  5419  2899  
16  210  6393  
99  2681  5211  
85  1209  5541  
4  5541  3925  
42  3203  5354  
81  3031  2961  
76  2253  2929  
96  4936  4360  
5  635  2582  
2  3337  5277  
20  6309  4743  
25  5089  3168  
44  4528  3204  
57  6148  5915  
24  1276  3521  
88  2981  3512  
21  999  2562  
46  2889  5239  
92  774  5845  
64  4381  5231  
3  2296  3113  
51  3887  5443  
62  5677  4871  
86  5734  5757  
89  236  3187  
82  3348  6188  
50  5412  5133  
69  4968  3464  
16  2106  6322  
57  2834  3581  
68  6379  5332  
71  2623  3881  
29  2202  3135  
25  4079  2949  
45  1826  4003  
6  2447  3039  
25  5961  5468  
51  2565  4869  
9  148  5457  
51  4252  2834  
71  4375  6359  
80  4329  2903  
26  1795  5416  
64  4228  5692  
4  1758  6211  
90  3380  5707  
84  321  2910  
5  2698  4705  
94  6309  4230  
8  3803  6143  
95  5600  5970  
95  4728  3228  
2  2345  6135  
25  2991  4423  
73  545  5666  
32  3379  5343  
89  3726  5468  
51  1034  4786  
57  4406  5119  
53  4913  3840  
89  6181  5367  
92  5779  5196  
2  977  5695  
38  2009  3887  
40  4119  3689  
96  1860  5002  
49  720  3685  
39  4122  5517  
8  5741  5759  
92  3022  5903  
58  5148  5834  
95  2471  4202  
64  2887  5336  
9  2837  5025  
89  807  5949  
32  1154  4013  
40  3605  4152  
26  2515  2716  
64  659  4189  
72  6026  4268  
