100  
36  3902  5159  
53  3326  3141  
65  1726  3700  
86  3858  3880  
97  1677  3715  
55  3664  3433  
47  1687  3269  
33  1780  2729  
58  2570  3593  
31  2186  3395  
92  3460  4048  
36  1676  2722  
17  1348  4891  
54  3578  4054  
80  408  5034  
3  2461  4672  
7  2972  4125  
64  3227  3624  
39  516  3992  
41  3425  4340  
97  2984  3878  
59  2857  3754  
95  228  3626  
12  135  4382  
46  1656  2981  
94  3242  4329  
95  3876  5160  
14  3054  5286  
9  2611  3730  
78  1348  4650  
5  1371  4670  
48  3985  3169  
22  3308  4075  
62  1246  4121  
49  1524  3872  
7  1587  3395  
12  1546  4985  
98  3664  5372  
84  4003  3887  
96  3679  3705  
55  2376  5094  
78  3974  3795  
28  371  4298  
74  4003  4992  
43  2858  3389  
71  3320  3933  
4  528  4132  
56  2480  2880  
9  2506  3353  
68  1762  4412  
35  3996  5083  
62  1319  5382  
36  2134  5339  
65  3018  3109  
66  1072  5287  
1  3975  4041  
41  3267  3888  
17  2701  3756  
17  1112  2854  
78  3942  2730  
65  3745  5277  
99  1643  2780  
97  3149  3414  
85  2860  5386  
82  2274  3652  
57  526  3034  
6  3357  4345  
87  3602  2699  
62  2597  3581  
64  3604  4267  
100  1645  4789  
97  784  3595  
26  1390  3599  
97  3313  3971  
13  2149  5313  
31  99  2990  
19  3510  4403  
66  2893  2904  
43  650  3384  
87  371  2791  
73  3201  3289  
60  634  3279  
88  3915  4021  
25  1827  3296  
91  427  4225  
33  1913  3368  
24  821  5227  
89  1751  4528  
68  934  4429  
3  964  4195  
24  1148  3343  
97  607  3363  
27  1165  3730  
3  1975  4983  
63  43  5092  
76  1774  2806  
97  253  2707  
19  2035  4400  
70  3045  3178  
96  2705  3802  
