100  
48  761  1574  
32  4230  2087  
97  967  1062  
23  2594  283  
10  302  1280  
32  4739  2318  
69  3433  106  
68  4240  1001  
13  1715  892  
52  2556  2355  
64  3793  990  
56  1865  421  
77  4070  249  
38  2735  613  
90  155  1349  
84  684  1634  
73  1641  401  
81  2419  2286  
64  924  1267  
57  1227  1471  
42  412  266  
3  50  1362  
43  4128  1375  
95  3448  2386  
100  1898  879  
55  794  1224  
9  85  1184  
90  3826  2095  
9  942  1275  
31  1918  2088  
75  3702  55  
81  4441  1692  
4  1077  1340  
52  1364  63  
14  901  304  
49  69  2346  
45  1787  62  
46  773  1810  
43  4796  461  
11  3654  1857  
64  2631  1059  
72  1030  1863  
15  2929  799  
14  3683  113  
31  3418  1681  
68  2143  526  
21  4331  647  
71  10  1508  
9  2971  1551  
83  3698  1320  
68  4248  1839  
25  2854  746  
95  4707  1129  
65  4635  139  
27  417  65  
1  824  1421  
93  1162  1853  
65  2229  1852  
15  3167  882  
97  3904  1006  
82  2967  2024  
82  1472  2334  
61  3905  243  
30  3318  1620  
93  3535  1852  
26  1534  1979  
81  1254  2040  
45  2554  1765  
40  4442  1459  
69  1939  1573  
42  2252  578  
78  1491  2316  
82  2824  623  
23  3788  314  
86  2406  170  
17  4063  545  
4  1583  1541  
60  3181  1204  
7  4464  300  
8  1134  1790  
1  3528  1807  
6  362  1987  
58  4735  94  
28  557  1724  
16  1225  278  
22  2455  1869  
9  934  2210  
5  1608  557  
32  587  1025  
30  2108  863  
63  878  434  
20  2383  711  
80  4674  1494  
95  721  2192  
52  2066  2014  
26  333  729  
97  3635  878  
5  961  2082  
21  473  297  
97  3271  600  
