100  
77  5871  7666  
51  692  4048  
17  6877  3227  
52  5703  6202  
96  1090  747  
76  3336  6742  
62  1224  5191  
97  3780  2142  
10  7736  1873  
58  7743  3451  
74  2817  5674  
63  1154  7775  
63  4029  7080  
19  1459  4599  
16  4648  11  
95  1960  2581  
93  4609  3783  
9  1523  6571  
74  159  3981  
29  4860  3990  
67  5126  4159  
21  3691  59  
32  2320  5852  
51  3704  3415  
59  4053  3945  
23  4555  5099  
65  4728  6932  
30  5633  3891  
45  5313  4927  
28  214  2676  
28  4529  431  
4  6394  1021  
100  6759  2089  
79  7261  6714  
43  1454  7718  
87  83  3482  
96  85  1815  
91  1323  3698  
82  4032  1953  
45  3704  4315  
68  7536  2376  
17  3210  5946  
74  4490  1677  
42  5360  1448  
94  4106  2755  
50  5114  4227  
75  7418  6319  
100  5250  1588  
24  6479  4763  
29  3930  1032  
22  519  361  
2  5824  959  
61  4449  5023  
36  5510  6441  
64  5695  5576  
54  109  3356  
19  5074  5504  
100  492  852  
66  1048  7635  
87  3527  7407  
51  3214  4971  
12  106  285  
10  5905  5347  
33  5936  4414  
60  6303  136  
27  7901  4508  
38  7599  7437  
71  2517  7371  
63  7052  5976  
40  7926  251  
70  7539  3477  
15  605  2410  
83  1360  2220  
81  1596  3807  
11  6821  7577  
37  4650  3455  
60  3993  540  
83  2337  3673  
83  4011  7584  
64  5625  2016  
15  6471  5804  
81  4117  6804  
45  7421  1133  
56  929  2632  
90  3909  375  
72  2478  6542  
3  5344  5616  
34  711  2065  
20  1316  1744  
94  2403  2342  
30  907  6883  
5  2293  778  
91  46  5659  
89  1529  7876  
15  2983  5016  
67  1896  5631  
27  5713  1370  
24  4358  3949  
51  2015  205  
96  6199  7502  
