100  
30  3739  2869  
65  4882  4283  
55  3788  4420  
67  4485  287  
32  4889  2465  
22  3129  439  
66  833  339  
97  976  3469  
65  911  2980  
58  2384  595  
34  2736  2963  
35  3022  449  
35  2417  3911  
83  3227  110  
5  4467  3183  
4  709  2578  
76  2221  4072  
88  4846  195  
34  4850  1751  
22  578  560  
3  4107  2184  
51  1504  2150  
72  3659  4384  
2  1632  3939  
26  4389  3168  
55  2757  2105  
42  3196  703  
19  3365  2565  
8  669  3715  
48  739  3891  
69  4003  3948  
17  4169  444  
87  1862  2102  
47  4747  44  
81  4623  4602  
31  4135  164  
100  172  945  
27  63  4857  
75  1047  3425  
34  4152  1180  
24  2240  549  
69  1675  3207  
40  1731  4328  
57  668  2842  
42  1006  81  
44  3793  2901  
50  298  3095  
56  2200  2375  
24  1620  3901  
48  3426  3672  
54  3  991  
92  3202  2454  
21  1977  200  
80  2862  614  
25  562  19  
53  1217  56  
6  4691  270  
80  2961  4261  
14  3189  3414  
81  634  3240  
26  417  1836  
87  1940  1529  
24  3038  3030  
31  1365  1689  
97  3129  3802  
93  3926  2196  
54  1362  2722  
59  2494  4244  
93  4198  3167  
33  1855  3077  
79  3689  1969  
14  1872  2753  
16  4659  1069  
80  3348  1347  
18  2077  45  
17  1260  3154  
67  1910  2854  
49  4447  460  
17  2998  4003  
62  2335  1711  
4  2684  1325  
62  1056  3182  
12  2309  1081  
8  3190  4376  
77  2538  1627  
93  2670  4407  
46  1167  1977  
16  327  1484  
36  1039  198  
97  4697  4806  
69  4812  3928  
42  152  653  
87  4767  1954  
16  2473  1301  
99  1140  1466  
8  3170  3554  
96  2525  3096  
33  2362  1050  
80  1419  808  
71  47  4764  
