100  
87  411  2043  
70  1058  578  
80  681  3199  
93  520  2040  
15  316  2557  
2  1032  897  
55  1051  451  
51  1166  808  
61  560  3541  
17  132  5004  
63  886  1797  
33  493  3517  
8  400  3702  
47  728  3919  
22  76  3460  
16  275  2618  
47  502  4716  
49  127  4506  
63  806  421  
84  132  1630  
67  332  2409  
75  695  1806  
58  784  1292  
68  533  1609  
37  424  2960  
56  610  3776  
34  472  1686  
27  1001  2034  
88  1035  2524  
55  335  1671  
70  1016  1750  
80  378  669  
11  326  1524  
9  811  1251  
88  1250  4372  
76  1022  2180  
7  52  4095  
28  1241  4704  
78  193  3183  
83  5  3927  
36  122  3635  
33  1074  2621  
10  431  1586  
1  1183  388  
13  606  706  
24  462  3497  
9  102  1974  
58  925  1492  
6  909  4090  
77  4  209  
83  1176  3573  
21  810  3881  
95  57  2522  
6  706  884  
36  641  3586  
18  643  4587  
85  119  4760  
60  1139  4685  
51  416  4995  
49  70  223  
14  930  1858  
19  839  183  
12  473  496  
88  614  4791  
81  12  2410  
86  225  1564  
34  1185  3417  
16  697  1542  
91  428  4927  
48  276  2949  
2  1148  2844  
81  832  1995  
77  403  3159  
91  442  4811  
92  426  3306  
87  681  4103  
15  1017  451  
71  268  1352  
29  688  5000  
100  1214  3995  
9  606  4201  
74  1070  3450  
55  1001  2931  
64  1112  1307  
41  995  3051  
22  1069  447  
98  599  1149  
41  1104  2777  
40  1222  1010  
97  634  1905  
82  54  3226  
78  554  3266  
3  23  4238  
93  249  1849  
25  64  4835  
25  94  26  
35  980  3096  
77  145  4129  
65  125  134  
32  268  617  
