100  
1  3099  1588  
66  1742  3069  
13  1447  3162  
99  1814  597  
79  2921  4774  
76  1253  2607  
62  2269  176  
80  146  599  
80  3773  3511  
92  2691  5241  
19  1683  2592  
96  3076  4323  
93  3591  4318  
32  833  3299  
27  1337  4543  
20  845  3664  
9  3373  4654  
19  617  3629  
19  2432  2655  
10  2584  1515  
50  1416  1177  
98  581  2525  
64  3829  2278  
33  567  5867  
29  937  2691  
14  2340  14  
70  2895  1317  
20  1099  178  
97  1221  761  
81  2732  3244  
85  1666  545  
78  1806  600  
78  2185  5168  
62  127  2367  
65  1409  4692  
87  606  3601  
19  1839  4070  
66  1961  3586  
77  1126  878  
77  3629  5925  
42  1687  3072  
59  1053  1289  
35  2823  1468  
7  752  3024  
14  1650  5611  
75  2356  1746  
66  2411  1724  
72  371  5908  
55  580  2629  
98  2262  987  
90  3226  4783  
47  3062  1572  
71  956  5650  
8  2834  4205  
12  1238  4345  
50  1539  6067  
18  2484  4497  
55  2779  589  
32  1639  1879  
45  150  3669  
20  1956  3417  
60  2227  2613  
90  2268  1149  
16  2558  4100  
18  2595  2880  
36  3282  6070  
37  3179  83  
17  668  1536  
75  3313  4986  
75  503  2592  
1  815  3138  
72  3587  5405  
14  841  3364  
44  2343  2019  
20  2565  2944  
64  1189  2522  
57  651  3017  
21  3183  6040  
78  1447  2634  
49  1632  2213  
87  329  1311  
1  3051  3861  
37  2761  5639  
51  3391  1379  
83  737  5826  
60  644  4003  
65  46  3777  
41  966  1335  
48  1346  5393  
31  337  3087  
59  396  803  
86  1310  6168  
41  3218  5893  
31  3081  3793  
17  834  4773  
29  458  5414  
38  3657  4333  
70  3396  2673  
96  2987  2081  
97  1544  5562  
