100  
6  3096  5808  
63  4310  5258  
50  3116  5272  
92  851  6625  
42  2814  5899  
79  131  4940  
82  3133  6811  
43  344  4641  
71  2622  6811  
91  3015  4119  
46  2976  5173  
19  2927  6414  
58  1877  5989  
57  660  5280  
98  4343  6919  
25  4461  3691  
1  4563  5388  
13  3904  6216  
46  3142  6632  
74  776  5169  
17  362  3608  
38  2468  6009  
31  4643  4899  
46  1807  3602  
85  3292  6377  
16  239  6820  
69  4595  6599  
53  1178  5212  
6  4014  3688  
29  3307  4457  
74  3302  4061  
69  3732  3771  
35  2327  4422  
27  2348  4280  
33  2616  6837  
90  2700  6411  
90  2664  5418  
43  2868  5812  
98  1340  5331  
95  3881  3597  
6  3245  6175  
10  4501  5032  
30  286  4019  
36  3019  3640  
99  3255  6744  
40  2353  4257  
72  96  4148  
88  2951  6072  
54  1722  3615  
46  3708  5699  
59  1447  6678  
36  2969  4150  
85  1792  4695  
63  3054  4308  
29  1062  6310  
57  2152  7096  
84  3841  5033  
11  2699  3932  
63  3199  6300  
15  2477  4148  
78  3603  5410  
27  3395  4424  
67  402  3864  
72  1580  6209  
10  1704  5164  
96  2062  5026  
75  4749  4261  
51  1836  3900  
24  1627  6475  
13  584  6296  
95  127  4712  
14  4534  5537  
34  481  4321  
26  4743  5049  
55  971  7028  
3  3739  4606  
25  1339  7076  
21  771  6970  
1  2601  6733  
91  4448  4810  
91  3287  5237  
67  3138  3607  
43  1584  3748  
24  2950  7103  
18  2795  5887  
18  813  5463  
58  2023  6201  
54  2802  4551  
8  945  4199  
58  1508  6543  
20  4487  6811  
62  3051  4242  
54  3805  6938  
50  2918  5070  
35  2913  3634  
22  1039  3841  
41  4654  4108  
22  1872  4033  
2  19  3849  
73  4311  6442  
