100  
49  3539  3497  
13  1322  6911  
91  3269  4825  
76  2858  5033  
8  32  6369  
69  1172  5213  
21  1613  6050  
22  5516  4170  
55  5092  5678  
81  4475  4526  
94  493  4653  
41  3002  5830  
37  1874  5730  
39  1937  3818  
3  2127  6374  
68  2546  3691  
75  568  5613  
40  4914  4747  
94  3291  6229  
10  2344  3618  
76  1988  5864  
82  4635  5677  
63  3617  5651  
35  5661  3928  
55  1540  3607  
76  1106  6315  
39  1243  4605  
14  28  3627  
2  2339  6898  
19  1411  5715  
5  3747  3576  
60  5433  4469  
21  1137  5048  
46  5357  3620  
22  3169  4863  
53  1593  3822  
35  4452  3797  
8  2167  4408  
7  1883  5374  
47  5392  4053  
22  5593  4023  
23  2430  3836  
74  740  5634  
11  3959  4317  
50  4272  5322  
99  2344  4763  
65  5367  5894  
60  1932  3555  
64  5059  5430  
63  931  5191  
31  1484  3561  
40  4361  5290  
57  3915  5664  
23  5295  6004  
78  5115  4382  
40  3515  6709  
73  2281  6468  
87  1507  5037  
64  1071  6249  
57  2444  5460  
81  4638  5774  
39  3583  6813  
52  875  4226  
88  576  3589  
97  764  3553  
12  4033  4990  
46  3383  5610  
9  996  3524  
4  294  5728  
84  1513  4510  
22  4991  6523  
71  1193  6508  
6  499  4427  
94  2483  3521  
36  3640  6609  
84  1372  5634  
14  3920  4315  
74  2535  5745  
43  2688  4412  
48  1965  6068  
44  390  6563  
16  4981  4282  
76  564  6866  
36  1504  6721  
52  2813  5262  
94  860  6887  
2  3720  4085  
43  1008  5136  
4  4907  4895  
73  3884  6332  
6  3205  5908  
17  3966  6331  
10  1394  3591  
52  3269  4549  
74  5104  6498  
39  3499  6474  
84  1403  4471  
12  3032  6602  
15  5505  4092  
41  4153  6911  
