100  
88  318  1918  
40  3201  1637  
49  1663  1617  
84  3408  1943  
75  374  3834  
5  1446  3403  
72  2145  2547  
9  2471  1448  
7  1600  2879  
28  2951  1817  
7  2132  3528  
74  1418  2070  
67  3457  2601  
60  2479  3042  
100  2024  2143  
9  3527  3251  
100  585  2265  
8  2057  2843  
7  2607  2389  
61  1933  3627  
27  1002  3812  
11  1218  3462  
5  358  3361  
84  1065  3524  
44  1219  2876  
33  656  2360  
41  3635  3287  
96  3025  3597  
54  2496  3471  
53  3557  1990  
23  131  3441  
40  2013  3472  
53  2536  3027  
15  240  2915  
18  1479  2321  
82  3190  1293  
36  3224  1293  
18  97  1376  
89  2546  3193  
33  1640  2684  
19  3792  3578  
31  2728  3068  
85  3706  3686  
26  1443  2532  
77  1898  3343  
79  1689  2103  
92  3580  2826  
64  1516  1315  
92  1216  2253  
89  2202  3013  
74  3175  2706  
27  594  2838  
76  1223  3393  
48  458  3110  
95  2376  3014  
11  3278  3682  
62  2024  2103  
99  3112  1835  
23  1198  3718  
74  1927  1579  
83  738  1594  
79  2095  3330  
12  2988  2260  
89  2788  1674  
79  319  2819  
69  3254  2475  
77  1975  2375  
57  3356  1792  
90  826  2561  
40  3362  3529  
32  2783  2669  
41  297  1664  
85  481  2909  
38  338  2047  
51  3190  2844  
45  1294  1350  
7  1984  1582  
3  2646  2471  
46  2863  3310  
21  937  2966  
4  2971  3295  
20  3061  1684  
79  2622  3043  
76  3241  2961  
88  289  3315  
33  2536  3464  
13  1184  1558  
95  1263  2514  
12  2204  1683  
10  634  2657  
97  1031  3377  
65  141  3470  
41  1203  1815  
6  1846  3813  
74  403  2384  
90  3486  1847  
95  2315  2069  
89  1767  2330  
37  1913  1860  
2  2791  2835  
