100  
21  2207  3160  
30  2641  2973  
78  738  3488  
63  1916  4624  
75  1644  3827  
85  3164  4280  
61  1637  2605  
80  2353  6120  
33  3260  5828  
100  2857  6410  
38  2211  1755  
39  1164  6366  
63  3895  2553  
58  3900  5799  
6  2036  4430  
96  3866  3773  
2  24  5901  
59  3961  6636  
38  916  3733  
42  3454  5003  
8  2399  2403  
11  2315  4660  
59  495  2341  
21  1365  6459  
32  2198  3380  
90  2638  3878  
28  2892  2498  
67  1593  2159  
82  3258  2341  
60  1720  6270  
67  2363  4129  
76  2275  6520  
46  2192  3940  
41  3976  3598  
50  2932  2999  
27  3852  1493  
73  839  6365  
91  2007  3028  
97  1065  5028  
3  1226  1809  
57  2387  1479  
53  2808  6379  
94  1054  5016  
52  878  4993  
81  888  5730  
87  2185  6192  
60  35  4713  
41  1623  3790  
43  2215  3298  
96  1566  2033  
88  231  4454  
11  3162  5930  
93  186  3804  
49  3711  6096  
5  435  6457  
80  2071  6612  
95  250  1554  
24  1392  6035  
94  2916  6231  
37  1335  2398  
55  1581  3629  
10  1355  3502  
73  26  3559  
63  3768  3319  
5  3623  1576  
53  1384  2999  
5  2275  3410  
15  377  5933  
76  3485  6193  
20  838  5574  
71  930  3785  
51  3966  2264  
15  1428  5122  
86  1425  5317  
16  897  3450  
88  1938  5503  
58  344  4654  
40  3504  1805  
63  213  3535  
27  1612  2588  
84  3266  6255  
12  2539  2346  
30  2872  4531  
37  2778  6425  
59  2033  5100  
74  2204  2597  
50  1227  5177  
60  3187  4690  
88  1836  3036  
73  1120  1583  
81  3404  6634  
20  3680  1797  
54  2978  3508  
94  3438  2505  
45  2813  4458  
92  3717  1619  
23  3508  5619  
40  1990  2313  
24  2602  3649  
62  1801  3992  
