100  
77  5036  4190  
62  3484  4761  
42  1007  6512  
14  3566  4135  
87  3449  5255  
10  1355  5329  
50  3976  4238  
93  1638  4597  
6  1822  6575  
29  1003  5794  
7  2384  5935  
7  3957  5315  
64  150  4362  
7  3266  5147  
51  767  3357  
86  3505  4090  
42  278  5133  
56  3471  6371  
7  1905  5746  
11  1676  3581  
41  4961  4883  
17  3236  5110  
5  691  4737  
22  1669  4776  
7  98  5564  
14  1461  6665  
88  4007  6684  
32  2630  6464  
19  1899  5771  
18  4717  4576  
5  325  4482  
23  3452  6002  
22  2842  4338  
14  5094  4258  
21  4062  5681  
38  3948  3906  
57  4056  5890  
63  3892  4995  
35  5273  4145  
37  1272  5744  
43  4189  5695  
23  3131  5938  
5  3253  3359  
14  1989  6640  
49  359  4109  
79  438  3495  
36  3078  5807  
83  1856  6248  
93  637  5777  
97  2717  4404  
94  1497  4022  
58  4858  5350  
42  4530  3477  
52  5115  5850  
56  2099  5330  
53  3765  5936  
75  3792  5314  
30  3315  4098  
43  18  5950  
69  754  5611  
81  4590  6153  
9  1425  4105  
54  5484  4211  
37  2569  4484  
13  5292  5833  
30  2033  4028  
7  1920  6343  
94  4601  6467  
28  5392  5294  
69  3754  4702  
20  5382  5835  
48  2665  5145  
99  3317  5651  
58  5428  4062  
2  3639  4794  
46  4158  3393  
78  5317  5384  
18  3228  4495  
2  394  4007  
83  4357  6145  
16  4478  4413  
45  4375  5957  
92  241  6096  
99  830  5368  
79  3120  5353  
33  2482  3663  
81  1891  5888  
65  2708  5335  
20  2526  4520  
77  348  4034  
11  1898  4500  
62  4748  4288  
36  2794  6465  
86  3573  3847  
88  807  3368  
62  4826  4511  
1  41  4334  
72  789  5001  
20  501  6442  
70  4361  4584  
