100  
32  1405  4771  
4  527  5295  
53  715  5001  
60  797  4634  
59  2735  5309  
34  664  5344  
27  3283  5307  
36  1588  4598  
21  1739  5351  
54  4223  5708  
37  1274  5356  
66  2243  5421  
9  1389  5412  
13  1081  4672  
17  1264  5630  
9  1385  5228  
23  3856  4836  
35  3099  5348  
37  1250  4616  
43  2017  4984  
42  3334  4588  
16  3086  5316  
76  2893  4753  
73  1339  4654  
60  2396  5396  
87  549  4898  
57  3706  5573  
93  2441  5619  
65  3632  5100  
48  1589  5401  
68  1405  5381  
26  1712  5659  
16  4569  5709  
86  1141  5584  
2  1890  5204  
2  4454  5292  
48  4145  5409  
14  3411  4680  
21  904  4921  
44  1603  5291  
24  1074  4728  
60  2985  4598  
93  346  4668  
73  3734  4675  
65  2573  4616  
3  3876  5499  
59  377  5282  
74  1535  4822  
11  218  4854  
96  39  5221  
19  120  5293  
67  1789  5622  
94  1628  5556  
67  1659  5447  
71  2533  5632  
36  4410  5041  
40  795  4918  
87  2863  5689  
4  1932  5491  
22  4351  4584  
22  2887  5211  
45  402  5289  
26  2274  5247  
22  3822  5047  
82  459  5674  
27  2804  5668  
26  2142  5419  
48  3959  5578  
29  695  4979  
60  1353  5638  
36  885  5571  
43  3962  4622  
29  650  5382  
8  4148  4686  
55  1194  4983  
79  1408  4686  
60  3150  5373  
22  715  4592  
40  3249  5293  
75  2186  4938  
56  2299  4973  
65  1738  4882  
65  4320  4865  
78  3904  5177  
72  567  5640  
64  607  4728  
37  4167  4702  
15  3924  5646  
80  206  4968  
70  4486  5680  
16  874  5579  
41  1171  4679  
62  913  5563  
3  2040  5280  
1  5  5163  
58  188  5258  
53  2019  5014  
83  3276  5064  
51  3630  4973  
89  798  5473  
