100  
38  4586  830  
17  5724  2056  
19  3556  2712  
55  76  4810  
42  3502  3081  
99  2699  475  
85  113  3771  
27  3028  485  
22  1873  3387  
38  4274  3752  
76  789  4361  
26  3925  3464  
89  3774  2661  
55  500  3995  
75  5233  225  
73  411  626  
56  5695  2076  
17  3278  2691  
23  3736  4030  
51  2599  1522  
88  918  1329  
38  3435  2151  
100  2991  166  
41  2068  73  
37  2044  2177  
44  3327  469  
64  2460  1986  
31  3471  1696  
18  2518  1772  
51  1276  582  
3  1760  4408  
66  778  1247  
7  1904  2237  
31  2607  3145  
61  1247  3754  
23  4034  2690  
38  3429  2535  
88  566  303  
77  2453  4000  
75  4584  287  
52  2116  1101  
57  496  1469  
60  1886  3269  
93  1987  1175  
9  4752  1242  
25  4284  157  
44  1069  1398  
8  4656  381  
11  1463  3279  
27  586  343  
9  4539  794  
72  2339  2384  
47  1545  4746  
67  605  436  
28  5794  4794  
33  4056  3683  
69  3200  1411  
11  5313  3236  
100  2399  167  
8  824  457  
54  2264  4463  
10  1154  3509  
58  1566  3311  
68  5454  4011  
61  1385  3139  
85  2581  183  
87  5135  3817  
30  5818  2385  
68  5197  2865  
39  4537  3585  
57  4472  1390  
7  4491  4491  
7  5210  2314  
71  2904  1332  
15  5086  4285  
22  5782  4268  
76  3082  2140  
69  4823  505  
75  213  4438  
62  4542  302  
70  3318  819  
88  2714  515  
100  6030  4426  
56  1675  1884  
8  3145  2544  
82  6043  4407  
6  1009  1697  
73  2567  2228  
12  2547  1602  
10  4167  4652  
62  1152  1981  
29  6049  4053  
65  1127  4030  
49  5906  4297  
72  3434  4495  
83  2969  1031  
100  5753  4660  
26  2534  1781  
50  238  3082  
13  3590  4613  
