100  
4  102  4942  
90  406  3442  
90  1170  5324  
71  717  5634  
55  871  6001  
18  977  3050  
37  24  5835  
86  687  6958  
91  1089  6515  
62  536  2599  
53  178  6797  
52  1157  3387  
37  501  4237  
61  425  5871  
90  1146  6446  
19  1090  5542  
95  246  6397  
1  370  2514  
53  159  2720  
33  1063  6637  
75  806  2678  
84  401  5992  
18  612  3468  
1  714  4430  
80  713  6814  
36  715  3339  
39  762  6989  
3  488  4777  
99  76  3709  
16  1034  6847  
84  532  5001  
33  878  3982  
85  441  4731  
4  549  6756  
86  236  7287  
78  881  5462  
55  640  5177  
94  988  3953  
17  666  5707  
78  581  6258  
9  59  6386  
2  468  3529  
28  328  2959  
64  152  3534  
53  378  6207  
49  110  2547  
23  835  4916  
27  983  3040  
75  704  3951  
65  1006  5176  
14  627  3781  
50  650  3503  
39  352  4993  
78  235  7068  
35  1120  4462  
74  1115  5031  
21  537  5959  
90  22  3132  
41  44  3601  
13  543  3998  
3  133  5212  
63  659  4198  
35  868  3814  
5  900  7083  
49  17  5660  
21  995  3288  
76  1026  3527  
47  972  5848  
31  382  6007  
1  115  5340  
85  924  3389  
42  838  7247  
70  508  5226  
54  228  5444  
17  479  3306  
54  545  3025  
87  220  3998  
58  245  4363  
4  974  6845  
92  1201  3238  
51  612  4313  
36  664  3181  
60  714  4104  
65  422  6292  
10  1082  7099  
66  256  5110  
41  28  7045  
100  37  6616  
64  840  7213  
36  1008  4665  
53  48  3297  
11  919  2519  
96  258  2688  
39  103  6073  
18  497  3667  
1  1030  4047  
93  635  5176  
7  840  4032  
98  1019  6135  
11  1129  6150  
