100  
68  225  780  
76  618  1035  
84  2361  3300  
73  2642  2579  
79  127  1681  
96  2670  2057  
73  603  3517  
9  2569  845  
54  2516  2282  
67  923  2356  
88  525  3747  
31  3224  1270  
97  276  1299  
34  2313  340  
21  143  2281  
33  3074  2118  
60  468  834  
68  3364  234  
88  334  1703  
29  2394  2457  
22  3344  2751  
98  2756  1085  
57  1408  211  
96  2583  596  
41  663  1135  
57  3536  2972  
83  2694  976  
49  3362  2048  
69  507  1217  
27  531  2384  
88  1169  2339  
42  474  895  
85  1544  1136  
89  3773  1926  
33  3753  185  
42  1034  2368  
82  2304  2653  
40  2902  1573  
22  3040  1992  
7  1059  2401  
4  921  1704  
84  1038  183  
26  941  1726  
81  3092  701  
10  1888  3300  
14  3813  285  
98  1608  464  
42  1448  3690  
51  561  1819  
38  336  3539  
76  3111  2874  
63  2427  189  
54  2929  1322  
7  1293  1879  
49  1821  3195  
81  2763  1224  
32  2452  1731  
30  2400  1840  
61  2342  3316  
35  3464  3453  
1  1556  1398  
29  1512  1750  
29  2946  341  
42  2219  3505  
92  2290  1198  
99  906  990  
9  1442  1273  
59  1788  793  
89  503  3772  
95  453  2258  
62  1064  3713  
62  1870  3342  
84  2095  696  
43  52  3145  
55  2882  1588  
21  2968  3083  
6  608  466  
84  3662  2563  
8  1106  349  
43  1424  3076  
54  2045  3792  
56  3814  3741  
86  415  1887  
43  2401  360  
12  3379  1394  
19  3730  163  
28  2509  678  
23  3116  1143  
72  2838  925  
68  2374  1768  
75  1053  453  
31  1115  2481  
28  274  1176  
43  1561  1620  
46  3380  493  
27  3684  1627  
10  447  481  
19  292  2001  
9  3543  2523  
37  2451  2311  
