100  
60  1924  1057  
24  1808  3360  
67  1691  1184  
85  1963  11  
69  1100  290  
66  438  1143  
54  1966  2697  
79  1548  1788  
44  2321  1511  
87  332  1840  
46  1154  307  
40  2154  3037  
43  168  533  
9  324  2348  
4  1350  789  
64  29  1336  
80  2330  3039  
86  1908  3497  
46  1200  234  
100  1193  1702  
84  1786  3147  
58  2420  2990  
82  2204  956  
57  2362  2736  
83  742  3672  
68  834  960  
61  1969  1170  
90  1832  1342  
12  739  1738  
24  1274  1515  
54  1390  1984  
40  1095  3621  
65  1188  1145  
5  2  2329  
6  1837  166  
50  1503  1183  
91  626  3235  
32  1907  3633  
20  2442  819  
66  1771  1140  
76  2354  2735  
96  1504  2959  
6  1371  2913  
45  514  3620  
43  1275  1183  
33  2101  2179  
4  570  93  
43  1083  894  
17  2419  2056  
12  1762  779  
21  555  3156  
30  1553  2262  
28  680  153  
20  667  1026  
93  1076  712  
48  1566  3108  
22  2006  427  
99  1433  1270  
75  1721  752  
8  1622  2405  
20  1060  2379  
53  3  2269  
95  2138  1171  
52  2153  983  
75  355  2149  
7  458  2122  
76  1953  3299  
41  1831  2001  
61  1128  782  
89  2389  720  
31  994  522  
16  2392  3049  
40  2191  608  
52  1921  248  
58  609  3568  
16  898  2996  
97  438  1363  
11  1093  1501  
50  696  13  
43  2373  377  
88  1347  1292  
30  1851  2545  
98  1609  1565  
95  1477  1437  
28  2471  2733  
30  856  2957  
21  642  2043  
66  1665  2305  
96  1470  85  
8  1188  3365  
82  909  2341  
44  2185  3399  
50  1997  3391  
10  2461  1538  
26  2325  893  
5  1599  1816  
6  478  1697  
73  548  2909  
39  839  542  
48  1679  1739  
