100  
94  3047  2955  
62  1543  451  
21  2480  326  
78  1137  3052  
47  4793  1289  
81  4193  2105  
90  5398  4567  
16  3949  2581  
24  3551  2258  
34  1683  397  
55  785  807  
58  5523  1817  
96  616  592  
91  756  2190  
71  5441  1704  
62  2611  2245  
37  4546  2822  
49  961  2254  
55  5416  2849  
47  2113  393  
24  1648  1776  
8  4528  1829  
37  1196  4066  
68  5496  2121  
88  1424  797  
20  3848  804  
9  4257  543  
20  2290  3773  
5  5771  3706  
96  3070  1130  
50  1328  2125  
45  2207  490  
9  2508  3928  
67  4807  4252  
59  4891  4517  
46  1927  3460  
35  5077  3931  
98  5005  2618  
33  3727  3544  
2  1194  2582  
94  5335  3945  
57  1482  751  
22  940  1074  
99  2395  3713  
54  3913  3577  
38  5536  1163  
33  1159  889  
7  3287  2845  
69  4218  1000  
42  3510  1903  
35  3426  2698  
8  4929  746  
17  2011  835  
78  1179  803  
31  25  3537  
59  3375  1001  
20  5909  3979  
3  1845  1981  
64  519  3006  
32  3569  4120  
54  2005  2175  
50  2906  3190  
62  4093  2797  
19  5870  1902  
93  2166  1774  
21  2605  3295  
9  3643  1389  
94  4701  2445  
16  2632  4354  
3  1728  3762  
53  1760  695  
67  3127  2391  
93  4440  4689  
99  516  2822  
100  2069  3019  
46  3324  1589  
4  2216  809  
10  1208  3223  
93  1154  598  
32  2351  3625  
61  5261  1919  
93  2572  3586  
32  5439  2180  
82  2954  1770  
15  1564  1330  
7  5018  2255  
64  234  336  
23  284  1069  
44  1701  1988  
65  1974  1923  
19  445  3438  
19  2022  3190  
11  1350  4657  
17  3489  3808  
100  1537  501  
29  5349  2265  
40  1376  122  
93  1741  821  
60  342  2238  
24  2325  3314  
