100  
2  312  4622  
25  243  5057  
10  6537  4232  
28  195  4766  
95  3127  5044  
92  4942  4348  
44  2640  4941  
42  6237  4577  
30  5331  4587  
32  3087  5118  
30  1969  5085  
93  809  4257  
4  1304  4331  
4  5983  4167  
23  2563  4301  
22  2434  4699  
66  1323  5189  
31  2788  5010  
30  4892  4439  
5  5523  5022  
36  841  4378  
91  5092  4998  
85  563  5123  
78  1122  4368  
94  4483  4389  
100  800  4283  
54  3706  4634  
34  136  4471  
89  1040  4690  
89  4488  4093  
61  3782  5203  
66  1455  4357  
51  440  4695  
86  3804  4355  
17  1332  4493  
89  2457  4466  
34  4613  4817  
31  2432  5236  
88  5639  4870  
35  2155  4922  
50  45  4751  
98  6078  4357  
26  2432  4196  
60  2561  4954  
76  5779  4296  
48  2483  4506  
88  3270  4814  
42  1139  4766  
72  240  5065  
89  1364  5037  
62  3480  4740  
97  5821  4955  
24  6307  4423  
81  4362  4794  
79  6095  4308  
91  4215  4402  
39  275  4655  
64  2801  4264  
74  3180  4301  
41  530  4649  
12  6125  4820  
23  3826  4363  
93  4519  5197  
13  1975  4057  
63  6145  4848  
16  1891  4758  
64  5358  4463  
35  2671  4441  
56  61  4886  
38  6430  4140  
81  4708  5243  
46  4353  5241  
53  2595  5011  
14  3757  4752  
88  5391  5057  
13  5991  4622  
31  3824  5187  
65  5856  4439  
70  903  4743  
51  3166  5172  
28  1127  4663  
83  2277  5239  
14  1396  5091  
73  504  4899  
88  4857  5014  
10  3912  4432  
2  4154  4357  
11  2568  4161  
20  4515  4132  
61  1652  4277  
93  350  4097  
16  1345  4811  
34  6128  4303  
47  5552  4888  
93  393  4396  
99  4802  4006  
71  5296  4382  
34  309  4628  
99  6194  4863  
40  1551  4924  
