100  
78  2022  923  
36  2605  445  
43  1162  750  
78  3009  110  
45  2619  703  
6  2005  24  
76  1157  49  
17  4460  82  
12  603  469  
32  4558  871  
52  2183  307  
41  4482  450  
33  2515  668  
65  3194  386  
20  1411  513  
89  3295  1032  
32  2696  1128  
91  2263  1057  
52  839  430  
84  2410  1162  
100  5004  842  
42  2457  1017  
35  1587  542  
48  4028  399  
76  2699  104  
60  344  422  
66  3870  574  
92  59  272  
37  2395  53  
10  3961  335  
28  224  446  
97  2965  57  
78  2247  264  
29  3164  881  
43  4703  245  
7  548  765  
37  3349  785  
32  1883  440  
23  3708  490  
89  1272  474  
35  463  1053  
22  3191  1195  
14  646  477  
30  4618  1138  
10  1771  1047  
65  2538  403  
23  2634  30  
84  3243  241  
10  95  468  
1  4302  243  
34  1300  800  
30  47  254  
9  148  936  
66  1294  434  
88  4346  606  
95  4799  1061  
88  3784  411  
28  3415  639  
38  4004  1008  
67  3689  756  
85  1076  1254  
57  3930  209  
53  3045  337  
31  2886  1237  
53  1959  372  
31  2945  795  
5  2404  1025  
12  4573  606  
83  3241  25  
86  4634  331  
97  140  1253  
56  4976  818  
26  3893  905  
63  4787  1241  
71  3167  1208  
12  199  1067  
97  2572  872  
47  650  1228  
33  792  1239  
94  2158  181  
74  1823  260  
13  4449  4  
68  4667  1129  
100  3566  328  
69  3295  308  
54  1544  201  
88  221  24  
94  4324  480  
92  927  1043  
73  1320  540  
24  1903  1052  
31  1828  132  
18  45  446  
57  2683  704  
14  3156  936  
42  4419  86  
25  2184  438  
58  1301  775  
35  2261  635  
92  1354  1060  
