100  
14  57  3542  
48  3488  5124  
83  1111  4944  
66  4999  2916  
72  306  2811  
58  892  3232  
59  3851  5331  
61  953  4976  
69  1214  4406  
31  2705  4965  
93  545  3026  
42  322  3606  
68  2839  2997  
99  5186  2812  
67  927  3744  
67  3781  2977  
75  826  3753  
36  2037  4176  
93  5257  4165  
90  4850  4422  
77  4746  4375  
7  4451  3759  
78  852  4638  
98  3538  4532  
81  806  4538  
78  1907  3012  
60  329  3746  
24  2556  3089  
91  5184  3694  
2  1524  3988  
39  4977  3551  
34  4456  3470  
21  4536  4337  
69  4277  4629  
100  1560  4027  
88  1833  3339  
11  1624  3717  
20  3653  2956  
6  3238  3599  
59  5232  4125  
12  779  5110  
63  5148  4432  
49  285  4545  
94  2209  3599  
31  1247  5346  
8  1460  2821  
49  1615  5406  
95  3770  4785  
95  2013  4752  
29  3975  4397  
24  3239  2842  
37  3516  4738  
48  1794  3871  
51  4787  2835  
61  640  4058  
87  1587  3202  
56  5002  4741  
85  3839  4614  
80  2424  2905  
88  1360  4983  
43  2853  3611  
47  1416  3878  
86  4440  5398  
74  1777  4813  
39  3886  4476  
44  5036  2749  
68  5063  3890  
38  134  3288  
47  4446  2710  
53  2818  5366  
23  1829  2713  
65  1165  3283  
79  2052  4111  
95  1364  4522  
25  4092  4907  
41  2589  4986  
88  2557  3423  
99  5038  4106  
22  204  3882  
48  3073  2813  
13  2291  4773  
32  4799  4921  
66  4848  4133  
1  3324  4457  
22  4980  4668  
43  3503  5090  
5  677  3784  
57  832  3553  
84  1730  2753  
20  5064  3974  
3  1471  3889  
73  388  4603  
14  4524  4104  
21  1562  4352  
74  4373  4979  
35  1450  5082  
26  4664  3595  
59  1846  4426  
79  4390  4795  
90  3753  5001  
