100  
1  969  4712  
33  1004  2733  
44  567  4861  
13  4288  4782  
59  2667  1411  
21  2818  3504  
4  2114  3322  
39  1666  4672  
92  4509  2752  
85  3424  3094  
14  2859  1812  
64  3101  4352  
43  406  2945  
15  2463  4872  
75  4690  4422  
47  656  2929  
15  4131  4434  
25  4821  3430  
14  1002  3832  
70  1410  2932  
28  1528  4399  
16  2351  3464  
92  2553  2328  
20  1679  1816  
91  1276  1268  
88  3846  1989  
54  120  2748  
8  1710  2338  
22  4156  4955  
64  1688  4733  
54  3290  1842  
15  2926  1682  
65  75  3171  
57  242  1965  
78  225  4790  
34  2468  2562  
36  999  3697  
97  1769  2047  
71  14  1400  
54  1899  4522  
64  405  3294  
41  2633  1670  
83  4335  1546  
85  4291  2154  
49  1611  3854  
88  3801  2654  
83  2683  4209  
70  846  4436  
48  3741  3050  
41  4844  3308  
80  1603  3637  
26  1687  1964  
34  4520  2921  
7  4343  3886  
36  4681  1614  
100  1670  4021  
56  4297  4530  
12  2493  3486  
1  4948  1933  
99  2923  3655  
36  3095  3555  
63  1392  4641  
52  4035  1900  
51  3057  4920  
6  110  1531  
80  967  1445  
77  2161  3705  
48  72  1714  
27  709  2322  
94  2822  4601  
51  1209  2463  
67  1073  1457  
13  3524  3649  
66  4483  1373  
47  2947  2002  
31  2562  4743  
56  2246  3021  
16  1757  1321  
62  4013  2235  
92  4810  2763  
31  3056  3888  
62  4076  2919  
2  2093  4092  
22  2334  3351  
16  209  2763  
77  3155  3004  
78  794  2475  
42  3772  2647  
48  3128  4088  
82  3782  2963  
69  1117  2345  
9  2733  4751  
59  1487  2771  
93  2089  2706  
51  3804  2836  
91  403  1945  
10  3801  4208  
26  963  3170  
89  2018  2254  
69  2673  3812  
