100  
95  4541  4753  
76  3227  4451  
84  1902  3870  
70  2060  4041  
65  4435  4692  
20  1847  3610  
100  5647  4647  
11  1513  4687  
54  2941  4452  
70  1202  4674  
90  4195  4733  
75  2649  4099  
59  4958  4327  
62  826  4205  
36  1950  4215  
66  5411  4003  
86  2713  3611  
2  418  3639  
37  2909  3732  
93  1603  4576  
33  177  3607  
69  4636  4258  
76  2339  4210  
68  1359  4431  
81  5480  4021  
14  437  4716  
55  852  4283  
3  4771  3749  
20  3761  4161  
54  3842  4188  
11  3197  4187  
40  2756  3866  
39  4851  3891  
19  3783  4456  
54  5776  4459  
56  4824  3818  
55  3632  4430  
29  1002  3674  
56  1357  4437  
61  1659  3809  
83  4705  4418  
73  3325  4357  
33  3309  3829  
71  1626  3745  
38  2949  4448  
3  2409  4257  
7  5607  4624  
98  2404  4644  
78  850  4331  
32  3026  4336  
8  45  4260  
91  2547  4099  
63  123  4261  
37  552  4326  
11  2724  3863  
1  774  4227  
62  1363  4474  
15  2290  4782  
44  4395  4490  
38  1404  4472  
37  2373  4395  
4  3796  4245  
91  5670  4043  
89  1787  4388  
9  2398  4156  
63  2468  4744  
34  1682  3648  
27  5526  4407  
75  4262  3797  
5  3334  3630  
83  1366  4382  
12  4859  3913  
18  5577  4222  
48  3229  4586  
70  3665  4589  
46  429  4225  
15  3738  4395  
29  4623  3728  
45  4612  3602  
29  5030  3929  
60  3629  4701  
89  3278  4371  
85  2023  3734  
19  3424  4248  
71  3033  4046  
62  4004  3965  
44  3145  4008  
7  5241  4423  
16  2498  4433  
10  662  4644  
5  3579  4233  
40  2791  4650  
29  3427  4325  
65  1587  3918  
41  79  4401  
80  4571  4467  
55  1812  4672  
44  1161  3835  
61  3598  4339  
43  90  4139  
