100  
31  1410  1355  
70  1212  906  
59  2834  1436  
7  2159  4458  
61  2865  4578  
97  2288  1655  
22  1524  4653  
29  3380  509  
79  428  579  
25  1444  446  
7  2476  2346  
81  343  4132  
49  3547  538  
12  3392  1032  
57  2008  1359  
25  1597  3741  
21  3462  1554  
29  1985  1024  
7  2522  4124  
37  3346  1654  
8  2296  3725  
37  742  3178  
56  199  844  
86  1561  2454  
5  946  494  
19  2116  218  
27  852  544  
69  1742  3662  
25  792  1962  
60  2330  1605  
38  3076  2439  
47  3425  1665  
52  848  4536  
92  473  1742  
94  276  3621  
98  3514  906  
58  3405  2315  
52  2482  2881  
57  2907  2195  
55  2999  1644  
66  1169  2328  
9  970  2607  
81  3523  2465  
76  803  802  
93  1209  1096  
72  2005  1567  
15  1567  445  
85  434  4140  
56  1464  3537  
63  1554  338  
56  1718  2551  
52  437  3412  
32  3167  72  
62  622  1586  
20  3392  2336  
44  1504  4120  
13  1196  4054  
18  778  4706  
55  1594  1790  
62  2153  976  
23  1348  1882  
35  776  591  
82  2678  3988  
17  2183  4231  
78  1593  3031  
41  531  1496  
61  1804  4363  
84  2506  39  
65  3291  2096  
45  1922  2217  
56  3304  3354  
50  2264  4591  
5  1661  1615  
84  1458  3674  
5  2581  3274  
59  1137  4195  
50  3071  4211  
8  586  2422  
4  2479  980  
35  1012  1068  
60  475  1998  
8  1210  2367  
47  1344  1597  
70  2492  1251  
36  3529  2139  
92  1633  1557  
44  254  3742  
30  3374  777  
8  2793  1751  
74  910  4728  
73  226  3695  
44  619  1116  
32  2059  970  
46  1693  872  
79  2408  3852  
45  559  4597  
66  1126  1621  
23  96  812  
57  3453  227  
45  130  2527  
