100  
77  209  6309  
64  787  6636  
8  1797  5964  
24  3772  5143  
36  3851  6901  
80  318  5987  
78  1228  4925  
26  3891  5335  
86  1194  5983  
25  3558  6552  
84  2780  6106  
27  1734  7864  
69  1991  6263  
6  1394  4133  
20  3900  4933  
41  857  6647  
34  316  4132  
44  990  7187  
84  2970  7053  
9  2862  6179  
17  1917  4301  
85  273  6660  
23  593  5160  
77  2594  4499  
88  2804  6377  
75  2785  7580  
50  1783  4733  
1  585  6260  
95  3238  4502  
15  2687  7597  
90  2  5694  
30  2620  4908  
79  203  4661  
42  2017  4614  
17  1562  6638  
46  197  7235  
9  1447  4436  
29  1550  6729  
100  3495  7246  
38  2917  5644  
24  545  6188  
100  3303  6957  
72  720  6500  
86  3066  4997  
71  822  7856  
71  1850  7679  
88  2277  4753  
57  925  6095  
32  3976  5831  
43  3754  7916  
42  3597  7553  
91  2505  5894  
35  2457  4280  
91  3490  5181  
16  3211  6230  
54  1542  5868  
43  303  4528  
33  1890  6166  
81  1745  4316  
79  729  5105  
72  219  4782  
53  3319  6808  
80  3132  4517  
57  780  6022  
84  2090  6815  
39  2259  7117  
58  215  4292  
56  367  7813  
6  1827  7077  
8  3264  7290  
17  394  4817  
72  1434  7805  
85  1639  6656  
37  993  6880  
57  1596  6514  
50  1889  5846  
15  3737  4007  
93  2519  4541  
62  8  5951  
78  1215  7609  
74  2868  7096  
6  1119  6698  
68  3949  7038  
67  685  4540  
77  727  6839  
38  1632  7723  
77  44  4061  
79  1152  6545  
20  744  7954  
45  2852  5913  
10  3849  6205  
53  2178  6496  
8  2686  5745  
65  1344  6125  
53  2359  5479  
43  3063  7536  
83  2065  5197  
59  1779  7704  
65  2945  5805  
99  1499  7490  
