100  
82  1161  2272  
94  1765  2067  
14  1365  1318  
3  1758  1721  
19  4784  1291  
38  1337  1831  
3  3199  2166  
30  1633  2064  
65  3454  2158  
84  3952  2183  
16  3765  1816  
82  1866  2246  
84  2611  2177  
48  3123  2336  
43  1433  1464  
19  4253  2283  
20  2853  1554  
32  2763  2230  
16  1290  1299  
13  2289  1619  
6  1466  2400  
7  795  2304  
9  1313  2374  
3  2013  1844  
29  2760  1908  
50  1344  2271  
65  4821  2083  
99  4794  1536  
79  1458  2242  
33  4114  2347  
57  2730  2150  
84  625  1532  
49  4249  1837  
65  1763  2024  
72  4573  2384  
55  4760  2234  
63  841  1472  
75  1297  1889  
27  2593  1692  
79  2757  1365  
13  3110  1529  
69  3319  1882  
66  4357  1637  
84  162  1402  
21  1772  1244  
70  4310  2435  
77  3271  2369  
28  180  1665  
38  2926  1541  
48  942  2087  
74  1798  2045  
1  3157  1532  
86  1283  2326  
94  3152  1560  
62  1064  2058  
11  2419  2090  
71  3778  2107  
85  2964  1975  
43  2171  1899  
95  2617  1715  
14  2608  1807  
17  2512  2019  
95  870  1462  
78  4270  1993  
88  2248  1527  
2  1778  2017  
56  4324  2431  
59  4670  1396  
3  1000  2097  
27  3015  1988  
61  4433  1833  
72  902  1466  
6  3815  2144  
97  480  1782  
65  423  1698  
69  359  2119  
37  3008  2261  
51  467  2364  
48  470  1595  
30  656  2044  
34  3793  1681  
58  1916  1238  
9  4148  2054  
69  3819  1354  
32  3798  1263  
79  537  1733  
57  3601  1296  
38  3188  2071  
80  605  1640  
21  2408  1550  
61  44  1398  
53  864  1910  
56  1449  2210  
22  4033  1749  
37  4706  1425  
27  2058  1629  
67  4630  1344  
55  4217  1599  
78  2355  1502  
50  3778  1413  
