100  
36  4135  4148  
20  3771  3937  
96  3896  4782  
47  4032  5232  
24  3  4300  
100  2347  4505  
89  3417  3889  
45  2426  5786  
70  1816  4497  
24  1526  4865  
87  3661  4174  
51  4809  5967  
14  4450  5448  
84  3626  5642  
28  4556  5374  
30  1790  4566  
60  3143  6033  
23  2956  4188  
87  1658  4853  
1  4463  4013  
75  4572  4999  
77  206  5209  
23  3438  4870  
99  447  5817  
8  4917  3980  
68  2152  3825  
26  4755  4806  
2  3901  4502  
34  78  4843  
8  1250  5055  
74  1586  4490  
85  1534  6093  
9  3372  4766  
57  1754  4125  
9  3155  5282  
1  3796  4016  
82  949  4039  
29  2349  6027  
78  2056  3960  
26  2675  3788  
77  1084  4559  
60  1346  4473  
76  4393  6111  
52  3240  4242  
31  407  4451  
37  3566  4209  
74  1497  5818  
54  2742  4215  
55  3421  3835  
11  1707  5831  
25  4375  5471  
41  2893  4045  
99  3362  6046  
64  801  6172  
37  4571  4696  
51  3187  4672  
79  2279  4681  
74  3830  4786  
86  3234  6116  
32  3811  6037  
81  4059  5199  
2  3338  4202  
12  3222  5816  
73  3879  3851  
70  1047  5663  
1  1541  4044  
46  321  4334  
18  3768  4126  
67  2913  3754  
30  1243  5408  
50  4391  5597  
92  4209  4090  
25  3075  5759  
19  4931  5892  
40  4230  5118  
98  782  4947  
65  3220  3833  
61  3322  5569  
27  205  5113  
30  1335  5517  
17  4465  4664  
74  1258  4759  
53  3150  3842  
43  2170  5882  
24  67  4837  
50  2468  4496  
37  3424  4013  
43  2324  4442  
68  4539  4474  
1  2986  4446  
81  4866  4315  
73  1449  5841  
92  2138  5698  
65  3607  5444  
97  428  3872  
38  2880  5143  
69  2196  5782  
28  4012  4095  
63  4219  5127  
21  26  4200  
