100  
36  1186  21  
66  951  6136  
56  172  2049  
58  456  4116  
37  1056  2137  
59  681  2658  
63  263  4614  
62  639  1925  
87  551  4008  
51  774  924  
49  478  3060  
100  756  2483  
70  904  5928  
41  1099  2769  
84  943  3250  
49  808  1723  
48  1018  1779  
52  829  5728  
49  629  5577  
21  1136  5818  
47  672  4253  
23  552  4514  
33  226  1451  
85  308  3567  
75  1020  1310  
46  284  1291  
80  1158  1001  
38  1145  2091  
59  1011  4250  
65  562  2904  
67  789  3762  
27  224  5582  
1  1215  300  
78  200  4181  
23  1090  1443  
66  796  1477  
72  220  5999  
36  42  2325  
2  481  1411  
89  49  1611  
11  634  5453  
8  890  5737  
26  829  5662  
18  13  3387  
20  334  5065  
92  56  5668  
17  1177  5569  
13  42  2645  
70  120  503  
35  216  3802  
55  680  1402  
51  1046  3363  
57  995  5651  
20  534  1752  
18  641  4465  
1  309  1380  
65  1022  3252  
50  967  4887  
32  32  2820  
70  6  2914  
86  321  259  
40  253  3058  
67  583  113  
62  816  6194  
6  767  1468  
16  12  506  
79  1209  1910  
72  841  2566  
58  519  3597  
32  1039  5031  
47  46  2925  
7  232  1856  
28  1130  5496  
100  363  5451  
59  592  2981  
44  1065  4123  
74  678  4616  
76  539  3940  
22  672  2861  
48  735  5448  
32  135  1471  
85  1119  1347  
58  770  4225  
83  962  1282  
78  546  4403  
52  179  5474  
98  795  2688  
34  1149  1924  
68  1190  4598  
54  909  476  
4  56  947  
45  1086  1764  
97  211  3974  
79  90  2143  
1  996  1503  
5  38  5878  
6  32  2425  
54  169  6025  
37  763  2392  
99  195  6038  
