100  
81  4737  2746  
58  3087  3432  
54  4358  3203  
87  2791  2703  
72  3282  3646  
78  3782  3096  
70  2879  2833  
90  4936  2786  
43  3188  3067  
6  3731  2753  
62  2038  3006  
77  846  3609  
72  5143  3033  
48  1057  2932  
61  4002  3869  
80  4984  3567  
26  378  3367  
85  3211  3949  
62  3804  3029  
9  411  3447  
96  2360  3651  
7  4117  3083  
24  3187  2736  
61  2502  3122  
93  5081  3618  
21  778  3329  
73  2331  3154  
6  1055  3656  
63  5264  3277  
48  803  3368  
42  2015  3041  
45  2518  3210  
28  2773  3529  
43  1094  3963  
68  5040  3316  
43  2660  3293  
74  4093  3931  
47  1816  3748  
98  3114  2877  
89  587  3961  
74  4288  3443  
41  1206  2929  
40  1889  3174  
15  3317  2900  
27  1471  2832  
47  5334  3408  
81  5363  3054  
65  4903  2709  
91  4291  3191  
22  4051  3890  
10  403  3817  
53  4529  3909  
84  1675  3288  
50  1981  2990  
98  3692  3939  
18  488  3388  
23  3534  3663  
60  2225  3824  
9  377  2768  
78  4073  3780  
24  482  3712  
16  1109  2832  
25  3052  3751  
100  944  3410  
13  3670  3638  
60  2991  3670  
40  4981  2944  
80  1779  3611  
61  4758  3828  
73  4162  3337  
31  1510  3967  
2  3389  3977  
96  1461  3654  
94  4339  3457  
60  4194  3213  
98  5220  3143  
37  3140  2847  
62  3050  3140  
5  2949  2915  
95  4867  2856  
80  1494  3592  
87  5023  3711  
15  553  2741  
93  3195  2722  
98  3255  4017  
2  1443  3917  
68  3554  3075  
39  3992  2842  
8  4441  3530  
57  2724  2748  
66  3999  2739  
18  4947  3557  
1  3649  3720  
86  1280  2732  
50  2290  3769  
33  1017  3217  
98  681  2703  
8  2608  3819  
92  548  2926  
30  688  3303  
