100  
87  3873  1894  
13  2825  624  
95  3998  1555  
20  452  1270  
64  5580  947  
9  1866  1098  
46  2262  1147  
38  3281  62  
48  5382  5060  
72  6387  2916  
62  5182  2646  
93  1756  3713  
51  188  4608  
49  3292  4592  
84  6095  3938  
6  632  198  
10  3743  2815  
20  1223  2534  
62  5556  3473  
35  4924  1109  
68  6151  4523  
86  3726  3354  
75  2940  656  
58  3059  1137  
75  5157  3672  
34  2115  684  
10  5022  4397  
89  3527  4352  
36  4483  1299  
61  2161  4384  
100  3890  2498  
66  3194  1225  
97  2572  3752  
100  5349  1783  
96  4670  4665  
13  602  1601  
56  4248  3047  
96  1965  2003  
1  4419  2140  
81  4837  3699  
27  5088  2964  
32  1573  530  
29  1244  3005  
10  527  3483  
16  6449  2113  
93  2705  2711  
52  3506  4421  
63  870  12  
22  3682  5099  
85  255  1032  
81  931  3167  
55  2563  4960  
9  3858  340  
81  3414  1405  
63  3204  4463  
69  3615  2565  
96  460  2690  
54  1257  609  
81  242  1095  
29  2173  3315  
79  3979  906  
31  4059  4862  
13  1645  5187  
95  5072  3422  
39  4266  2816  
68  3780  294  
32  2007  2510  
86  6154  5184  
35  2209  992  
70  529  2785  
2  3083  5014  
33  2120  1676  
58  1571  4646  
33  220  4890  
82  5309  3150  
79  441  744  
88  556  5025  
74  5081  1827  
15  203  2125  
10  214  4178  
93  5206  4758  
99  1998  2993  
3  2167  4050  
28  5963  4905  
45  1088  865  
12  2762  2525  
6  6071  893  
66  6229  3437  
40  5700  3151  
14  3574  1525  
31  1835  2707  
96  5890  1854  
6  2020  2583  
35  3842  1256  
48  6115  4351  
63  15  1237  
71  871  1580  
3  3730  2424  
22  4735  3954  
80  5590  407  
