100  
18  677  1176  
75  1199  1353  
51  3060  1951  
15  3794  3565  
28  446  725  
58  332  1986  
9  2756  3129  
66  607  1421  
14  506  779  
19  2327  2176  
76  5038  3482  
71  3961  3272  
21  1610  1743  
58  1370  860  
13  1568  1526  
32  618  870  
61  2136  175  
71  1822  1009  
76  2292  118  
77  3264  1096  
84  2424  368  
64  4273  341  
51  4784  2162  
95  3739  2846  
77  2877  572  
3  1076  822  
52  3081  326  
41  2762  2046  
81  3652  1376  
52  1344  3568  
22  4346  2964  
12  3105  3810  
83  591  367  
22  4222  1680  
85  737  534  
38  4558  1157  
6  4195  3095  
7  4023  697  
63  1099  581  
80  1719  507  
40  1447  3544  
22  4538  555  
69  3299  937  
45  2662  1931  
99  1666  3110  
18  1695  449  
72  4091  2186  
58  2236  2796  
8  4170  265  
65  2107  351  
2  1414  3103  
20  221  3783  
34  2790  3470  
64  4288  2231  
19  1064  3320  
54  3308  2670  
98  1500  418  
2  4276  1197  
92  4435  2328  
80  1630  809  
79  552  2921  
7  2486  324  
16  3931  1010  
29  4640  1336  
33  4596  3615  
21  2838  2259  
10  807  1063  
78  4779  2936  
50  2262  2710  
52  1210  3683  
87  1448  830  
100  4519  2079  
91  4807  2430  
30  1196  3544  
54  2059  1809  
69  4630  2735  
64  774  2934  
20  1217  189  
81  2437  2171  
22  133  431  
75  2448  3089  
52  1910  909  
48  1726  220  
9  4667  2043  
63  3429  257  
43  675  2567  
83  3104  2434  
16  3801  3415  
72  2532  252  
87  2399  1257  
49  3082  3048  
9  2245  894  
89  502  3204  
80  4951  566  
90  4069  1327  
63  239  168  
69  2772  2399  
99  96  1286  
60  1882  603  
49  2547  518  
