100  
84  1224  5720  
13  2389  3926  
34  2767  6651  
35  350  6504  
19  3079  5432  
5  3309  4301  
22  2111  6266  
4  1265  5539  
62  779  3523  
87  222  5094  
24  3298  4076  
45  2733  4457  
14  2208  5124  
48  2984  4332  
7  1418  4179  
97  1606  3734  
14  2405  4907  
73  1809  6523  
24  2378  5558  
21  1695  6899  
20  1162  6448  
7  3102  4084  
32  3278  6332  
87  3005  3535  
48  3355  4159  
8  1635  3631  
49  3382  5559  
32  1820  6107  
64  3033  4136  
3  2101  6033  
40  2788  6203  
9  1552  4491  
91  2500  6407  
9  2599  4859  
80  3030  5753  
32  2883  6899  
41  2137  6100  
78  980  4754  
32  2801  4248  
12  707  6035  
91  2872  4311  
25  3271  5558  
18  2828  5300  
75  2053  4522  
9  3209  5459  
16  2806  6508  
69  1273  4393  
1  2054  5204  
79  531  5658  
100  2339  6088  
96  1181  6000  
44  1644  4988  
43  571  5025  
35  1156  4574  
37  3378  3708  
44  110  3712  
20  2871  4444  
82  2001  5617  
64  2104  3726  
82  2461  6912  
47  1505  4681  
19  3464  6288  
82  1666  6618  
34  3095  4561  
38  1909  5056  
92  3404  3594  
35  2905  4379  
64  1671  4626  
87  1069  6378  
41  2621  4334  
68  3406  6602  
6  1560  5813  
20  945  5344  
3  3409  3902  
75  1194  6084  
17  1512  3833  
31  722  3887  
29  1819  4659  
87  2598  6233  
100  1103  4001  
42  1533  6331  
100  1158  5347  
97  893  4185  
21  372  5173  
47  1704  6862  
86  504  3980  
35  456  6676  
83  1374  4970  
24  1359  5771  
96  3323  3926  
98  2681  3878  
76  3033  7018  
66  953  7008  
100  2086  5937  
5  1542  5351  
62  1460  3815  
52  1888  6216  
49  3002  4241  
3  2469  5040  
43  1527  5407  
