100  
14  3444  5547  
59  2606  1681  
8  4507  5946  
28  462  3333  
63  1032  248  
92  1936  5136  
94  1181  5873  
57  2707  4909  
65  2887  2264  
49  2283  4040  
79  2068  3869  
86  4102  4073  
16  1591  1066  
87  1522  1859  
2  1887  4693  
58  2701  3976  
24  360  2411  
36  2319  4382  
79  2209  1785  
19  3530  1514  
4  3452  18  
3  3292  2916  
51  2671  971  
69  2530  5056  
29  1701  1667  
22  512  5799  
83  591  6231  
79  5009  6083  
65  4787  3242  
92  1533  3476  
16  2760  4397  
6  1651  3975  
90  2449  6238  
4  2837  4579  
78  4342  1005  
39  1111  3456  
19  3017  4184  
45  4310  1990  
59  3028  5112  
98  2110  497  
87  110  3999  
69  3789  5379  
33  531  1816  
66  584  543  
33  4348  370  
84  21  5128  
57  5057  2538  
78  4081  2180  
11  4340  3131  
50  3238  4306  
43  1916  4617  
93  2887  4461  
76  4265  3224  
20  4633  3736  
53  3151  3437  
39  3122  2631  
12  1853  5268  
15  3460  157  
57  806  1499  
70  4874  1817  
73  2887  634  
97  987  6113  
30  3134  2728  
78  2253  5419  
92  3376  2088  
47  3913  5447  
37  1521  2614  
61  2297  131  
12  4476  169  
82  4727  6172  
73  1710  3300  
98  2650  3910  
95  2296  6227  
19  4999  3252  
69  1432  2605  
50  2780  4156  
6  827  448  
34  1618  3140  
94  2683  4672  
67  2910  1695  
14  313  2299  
43  1495  2001  
60  4912  2983  
97  1598  429  
11  1661  3083  
4  4878  6048  
83  1700  4904  
41  3348  1664  
84  569  1568  
3  1903  3337  
31  1546  5399  
30  1129  4550  
59  275  5678  
18  2753  4695  
94  2932  1750  
30  3991  4060  
53  2559  5075  
7  4821  2602  
48  492  4136  
64  4331  2717  
