100  
81  349  7914  
100  3192  7344  
29  4052  7986  
25  3789  6534  
81  2831  5598  
44  3176  7602  
35  863  8150  
94  1010  6350  
47  349  5809  
88  1416  6894  
76  5257  6514  
33  3412  7781  
71  2924  7157  
7  3077  7335  
79  1477  8151  
89  3351  7664  
77  5299  7356  
38  1991  7758  
76  3622  6409  
27  2357  8010  
22  351  6952  
64  1136  6613  
51  4257  6072  
90  694  7869  
98  245  5451  
30  4414  6441  
3  4626  6318  
51  3169  6844  
36  998  6759  
58  1600  7352  
65  2893  6140  
26  3837  5619  
6  4434  6788  
55  113  6594  
37  699  7552  
92  1358  8037  
13  2404  7245  
22  3758  5586  
45  3971  6848  
50  5244  7967  
99  3597  7994  
35  1133  8102  
9  4532  7288  
43  678  5554  
72  2324  6396  
71  2866  7952  
20  2973  5583  
82  1338  6877  
75  742  5506  
54  4779  6679  
91  1512  6514  
97  3348  5760  
3  70  6346  
81  3069  7970  
6  911  7468  
19  2199  6456  
20  4172  7229  
30  443  6941  
32  4680  5651  
96  5356  5801  
94  4971  7936  
66  2897  6356  
81  2424  6976  
96  237  6510  
60  303  6099  
57  3056  6799  
71  3450  7669  
57  3708  6607  
96  2555  6338  
44  4184  6944  
81  1675  7741  
69  436  6562  
80  2778  5694  
70  602  6569  
69  5268  6800  
36  2715  8003  
19  2602  7118  
27  7  6199  
33  4759  5511  
76  1360  6966  
79  5285  5699  
76  2984  6952  
68  1633  7867  
50  1870  6908  
9  1353  6681  
41  3969  7935  
37  1261  6227  
8  1063  5991  
8  3645  6601  
74  54  5452  
38  4006  7627  
8  3616  8013  
56  5414  7057  
89  3818  6963  
77  4607  6867  
38  1799  6973  
71  3177  6113  
60  1511  7416  
70  2662  6115  
56  4547  7749  
