100  
40  4735  6724  
36  731  5010  
39  2200  6886  
34  3159  3926  
42  2071  6065  
66  3554  3510  
4  2240  4559  
54  3384  4938  
19  3717  4790  
94  3922  7091  
84  3495  3981  
89  3706  6918  
19  4408  4534  
55  4244  6007  
86  917  5669  
51  3518  6051  
97  4396  2997  
11  3892  5001  
84  923  2921  
59  2025  6808  
55  3219  2634  
38  4162  2697  
23  680  3543  
25  2353  4185  
56  500  5693  
2  44  6709  
48  2439  4417  
64  1284  5824  
50  1368  3812  
21  3672  6833  
33  1635  2721  
44  3743  6607  
49  2917  5003  
75  863  5021  
69  2951  6967  
100  3793  3251  
16  4475  3132  
44  4271  2794  
82  2029  3258  
8  1081  2588  
30  4650  3982  
13  729  3311  
12  3549  3408  
31  2225  7190  
44  418  4718  
71  1322  5331  
36  1159  5838  
81  299  6668  
99  3783  6685  
79  4099  6035  
84  2114  6818  
68  2109  3867  
4  1233  7091  
8  3117  7114  
3  76  4578  
66  1399  4548  
65  2882  4413  
61  1844  5912  
21  1485  6789  
95  4067  2904  
87  3796  6106  
12  166  6322  
45  4806  6746  
24  3788  4428  
11  4698  6198  
75  1902  7218  
19  4172  3335  
35  1629  4691  
52  1955  6850  
100  875  5623  
64  2181  3750  
94  112  4705  
74  4789  6199  
77  4779  6469  
25  3277  6930  
17  58  6125  
23  4556  5604  
47  4157  6223  
14  1570  4567  
32  3914  6871  
78  3625  3767  
30  1020  3439  
88  622  3936  
8  1439  3157  
23  3136  5812  
36  3907  2669  
84  1857  4325  
18  948  5221  
56  135  3346  
32  1284  5730  
99  655  5345  
52  3988  4353  
75  573  5896  
27  463  5056  
40  1491  2488  
18  741  4516  
38  3460  2808  
20  2579  4989  
75  2599  2572  
53  901  4175  
