100  
17  2203  2478  
92  3360  1637  
91  3993  2127  
52  1870  1365  
28  2363  1803  
51  1498  1572  
76  140  1495  
79  2149  2379  
92  2331  2636  
41  3295  2268  
22  3837  1829  
66  4957  1828  
9  2175  2596  
58  3352  2670  
31  3455  2143  
93  4465  2216  
67  750  1388  
77  3391  2322  
22  3115  1716  
73  1131  2469  
27  4  1886  
64  2761  2592  
13  3844  2600  
53  1113  2471  
41  5154  1577  
74  2748  1516  
13  3997  2057  
48  4897  2647  
65  1999  2068  
67  3908  1588  
7  2852  2214  
26  4270  2253  
62  3102  1978  
100  2827  1893  
81  4882  2053  
26  4460  1482  
17  1146  2504  
79  5265  1362  
87  4249  1421  
90  4191  2371  
1  772  1966  
94  4331  1482  
43  2773  1622  
76  184  1391  
5  1665  2366  
48  493  2394  
76  3445  2005  
95  3472  1750  
61  3069  1664  
39  774  2423  
38  1156  2437  
72  878  1956  
79  1094  2311  
20  4789  2671  
55  4444  2673  
14  2961  1377  
50  4139  2576  
77  3769  2308  
58  4081  2390  
10  4923  1750  
89  1244  1410  
53  4765  1943  
46  1562  1839  
4  5400  1705  
58  4676  2008  
26  1279  2014  
94  3106  1623  
99  4084  1897  
8  4356  1713  
45  2649  2127  
57  711  1871  
30  1452  2202  
34  1238  2004  
27  1063  1578  
49  5069  2442  
98  4755  1489  
64  3118  1871  
31  5240  1410  
85  4128  2151  
34  1684  2414  
21  4199  2580  
81  1239  2564  
54  3082  2090  
86  2660  2636  
29  5157  1721  
13  1895  2391  
94  575  1901  
70  3923  2009  
100  615  2649  
23  1942  1412  
54  1542  2551  
74  4053  1928  
34  2189  1458  
91  1492  2573  
56  3933  2408  
69  1122  1810  
53  3409  1872  
52  82  1998  
74  4636  1575  
76  1004  1686  
