100  
59  1114  554  
21  711  3162  
29  1010  4584  
55  551  4636  
89  612  2756  
61  844  556  
26  816  4747  
80  196  2290  
10  147  3944  
69  993  2554  
97  932  4794  
67  145  2591  
81  1025  1236  
79  131  4076  
74  528  58  
98  433  2349  
80  594  2537  
33  649  2603  
97  1167  2054  
36  759  4583  
49  898  2382  
40  285  3239  
16  549  3737  
28  895  3420  
85  1093  3124  
65  1103  2115  
38  849  197  
9  1059  3467  
71  212  3251  
9  1072  1030  
70  1124  1604  
17  859  3747  
10  982  261  
88  346  990  
89  290  193  
91  365  1471  
32  284  1750  
73  1098  1950  
50  480  4292  
46  106  77  
15  585  2833  
33  155  877  
79  920  1485  
98  1079  512  
14  105  2632  
44  596  270  
38  1215  3721  
35  487  2824  
77  730  3801  
43  216  968  
20  1211  3633  
3  471  135  
10  277  1680  
77  1170  503  
58  975  3446  
5  678  3238  
36  1190  26  
64  952  4655  
72  1054  3572  
84  778  622  
14  1168  2594  
49  1174  4492  
10  236  2165  
86  91  605  
65  227  3577  
68  680  988  
73  66  725  
31  130  419  
67  300  3675  
16  809  1604  
4  1179  2104  
51  404  4384  
84  923  3162  
27  688  4355  
26  147  2334  
25  1216  2484  
51  312  885  
27  1131  1177  
70  60  1666  
65  416  3674  
90  587  3042  
45  761  1985  
39  976  4110  
1  879  3131  
14  52  816  
36  216  475  
19  397  2208  
66  729  1452  
24  511  3120  
46  458  2322  
77  1202  3852  
33  504  1541  
30  1142  2369  
59  895  1544  
58  899  3246  
49  689  902  
18  1009  1958  
70  340  2027  
60  325  1000  
3  286  3891  
