100  
82  3477  2340  
74  3801  785  
83  1250  3598  
42  560  1431  
92  474  1512  
40  2736  282  
61  3890  1535  
18  257  2361  
53  921  2994  
91  3194  3145  
21  2820  1556  
14  181  3589  
87  247  846  
18  2270  1661  
95  3138  3109  
92  3204  2997  
67  2449  3866  
26  2048  2770  
21  286  1802  
53  769  1177  
28  3027  411  
89  2074  1877  
81  2865  3367  
16  308  385  
67  3157  3722  
76  2453  3988  
34  1174  3583  
11  507  2132  
54  2571  2357  
3  2043  401  
88  3799  2430  
47  3519  150  
62  3127  1388  
23  3115  2706  
59  1922  1087  
61  2680  222  
93  2548  2756  
44  3655  3945  
33  2587  580  
2  16  3588  
91  1199  398  
34  2493  3807  
65  3714  685  
6  1367  3808  
86  618  691  
4  336  3167  
7  3153  1005  
30  2241  3744  
92  1426  3943  
5  1948  2187  
84  526  2646  
22  2693  2052  
23  2377  1175  
48  211  800  
38  1817  2542  
61  2965  2797  
33  3233  1467  
75  1923  1588  
74  492  379  
41  169  1873  
51  1682  638  
14  1349  957  
80  139  564  
90  3973  3769  
100  1299  3093  
58  2106  967  
16  879  668  
28  983  1330  
51  2988  3212  
61  3818  2893  
11  568  2341  
24  1035  2309  
54  2110  3997  
75  3467  3837  
38  1930  29  
2  1468  3887  
38  442  261  
56  3102  158  
64  3681  424  
87  2293  208  
90  1174  2434  
97  1171  667  
44  1540  2486  
51  691  165  
99  1981  3449  
62  1389  1171  
44  889  956  
84  2102  163  
80  1451  1071  
70  2784  713  
51  1817  1466  
77  3658  1446  
38  66  3297  
60  771  3247  
3  2992  1364  
65  1670  3206  
95  2592  635  
46  2305  3470  
85  2539  102  
78  2699  247  
