100  
15  89  2976  
64  2170  5882  
12  2312  4630  
68  787  2146  
92  1458  2309  
20  2993  6265  
50  1478  2018  
89  288  4357  
79  2600  3591  
16  3485  5945  
52  2858  203  
79  2915  6201  
83  1043  4371  
16  3361  6263  
1  132  4849  
79  1911  819  
69  2003  2513  
77  1072  790  
52  78  2775  
34  391  6020  
9  2578  1916  
89  1951  3612  
35  1361  123  
53  1505  3132  
55  3816  1259  
33  1858  5978  
68  776  715  
29  3005  1784  
82  3019  3571  
57  2831  2621  
85  1795  5550  
36  1125  1324  
55  511  641  
49  2039  4282  
91  1664  3345  
6  239  1728  
30  803  578  
17  201  3146  
41  2330  1693  
72  3427  4114  
29  109  2568  
9  753  2731  
74  2734  511  
85  3854  3413  
37  2058  3041  
65  3240  2172  
75  2156  4219  
60  3475  5686  
43  889  5284  
65  210  5642  
45  1325  3265  
6  1559  754  
87  2880  3546  
49  2531  6437  
1  2854  2047  
30  1356  5875  
19  2111  1870  
100  2457  3007  
98  750  6136  
51  1508  6004  
70  2496  4381  
45  1338  2629  
41  1429  2400  
64  1855  836  
26  460  3894  
95  383  1988  
44  3823  3611  
33  1276  5636  
37  504  4828  
94  1731  1751  
50  2148  5844  
87  2974  3691  
37  1054  1991  
23  3542  512  
3  1448  593  
45  2043  5954  
89  1908  778  
93  2901  2542  
81  3632  2059  
40  998  1460  
70  3339  5637  
89  3053  1394  
95  1504  5186  
59  1304  1738  
23  3291  2057  
3  231  3059  
81  642  2602  
2  85  309  
56  1442  3729  
33  3851  4916  
88  2353  1318  
32  1138  3386  
4  3848  2197  
48  741  875  
27  2977  2388  
67  1709  6164  
23  3683  5388  
97  1580  939  
72  3169  2292  
38  1338  5472  
