100  
78  3049  4835  
78  1309  3304  
71  1227  4527  
16  3174  4682  
54  484  6384  
72  3642  4426  
41  4587  5567  
21  639  6978  
16  1276  3256  
14  426  6811  
19  5131  3035  
97  3488  1520  
32  1146  4117  
77  4483  2072  
85  1507  1750  
98  4944  4355  
83  2679  2403  
44  1987  3862  
66  2670  2465  
55  3142  6630  
73  5469  4084  
99  4011  4353  
62  5469  3215  
77  2281  6384  
81  475  5420  
69  3715  6692  
96  5077  5624  
37  1354  4135  
63  3569  4917  
73  3255  2975  
51  5198  2430  
25  5070  4531  
56  225  1909  
94  4152  4427  
12  2738  2191  
56  2684  4594  
76  1821  6322  
60  3799  3171  
23  2458  1940  
97  4514  4029  
60  4820  5626  
16  32  1737  
30  5273  1470  
5  1581  5477  
55  1815  3492  
36  1563  4249  
62  5460  1944  
48  2239  5215  
41  4029  5277  
80  4875  5200  
15  4641  4657  
74  2343  2954  
81  1676  5774  
50  1389  3487  
96  1426  2383  
43  566  6862  
85  1994  4944  
98  5029  6242  
61  2238  4824  
85  1386  2402  
8  123  3461  
7  3805  3596  
9  485  1922  
27  5427  4379  
100  4468  3402  
28  4208  3055  
83  458  6994  
89  3002  3346  
65  253  5633  
57  1656  3606  
47  680  2673  
70  808  4282  
57  2629  5041  
39  1508  6616  
80  5218  5991  
50  4341  3680  
79  4382  2884  
12  312  2488  
14  4849  4548  
75  4297  1902  
73  264  5579  
2  4983  3301  
21  1979  3735  
4  5355  1827  
80  3806  3471  
93  3959  2764  
57  3648  4686  
10  798  3667  
92  3638  2728  
90  667  5676  
96  4453  4428  
74  375  5439  
73  573  4105  
13  4787  2656  
41  2371  4845  
94  5330  5575  
98  1438  4574  
10  2657  6013  
66  4732  3670  
18  3594  5823  
