100  
61  1083  2580  
27  1305  2878  
58  71  703  
62  743  1506  
96  1775  2022  
71  2982  342  
29  1299  146  
78  3731  3796  
78  101  707  
58  1729  2704  
48  488  587  
66  3632  522  
5  2360  1600  
39  2642  1049  
34  3210  1484  
30  2196  2005  
80  361  693  
39  676  1415  
48  3140  210  
17  748  3647  
66  2417  540  
76  3282  2718  
48  258  538  
86  709  1970  
81  282  541  
24  863  188  
84  2155  3585  
71  3565  2843  
53  2100  2205  
39  193  1265  
91  2389  2048  
63  853  3723  
73  1826  3261  
22  752  2761  
23  434  3105  
9  2279  3187  
50  302  3928  
91  2037  2028  
90  663  1226  
33  2300  1037  
37  474  2900  
59  1283  2574  
80  1203  1045  
92  1844  647  
25  1943  394  
69  3787  1606  
17  707  2071  
51  2278  726  
57  1994  393  
81  407  2771  
22  1307  2124  
57  2872  3817  
46  3141  3776  
63  1671  1420  
81  3642  144  
38  668  2636  
8  812  2249  
81  712  2870  
78  3504  435  
32  1352  2482  
26  3061  2534  
10  14  2704  
27  1941  1646  
65  156  3217  
38  3558  3123  
46  3333  3509  
32  1462  1394  
51  23  1466  
8  419  2358  
62  1517  320  
11  2335  464  
28  3725  1946  
49  442  26  
77  2083  412  
90  1059  1787  
7  563  1763  
90  1014  3221  
48  1232  1870  
30  852  206  
21  216  832  
86  735  3354  
62  331  1441  
57  3956  1455  
89  2358  2094  
42  3259  2705  
24  3735  3878  
23  2700  3307  
66  106  749  
68  3755  872  
70  3867  1228  
34  2130  1528  
55  3830  1311  
70  2081  1507  
61  3276  499  
94  150  3642  
8  3157  553  
94  94  1683  
29  207  1729  
71  3041  1412  
93  2517  2894  
