100  
53  3025  5562  
51  3128  5362  
78  3748  5622  
87  2477  5912  
55  4128  4867  
3  4159  5244  
59  3678  5971  
76  3684  4891  
96  4130  5818  
40  2093  5010  
63  986  5470  
14  881  5527  
44  3514  5367  
39  1269  5550  
31  560  5733  
71  1232  5008  
10  4165  5018  
22  3396  4968  
10  3568  4891  
79  3574  5271  
57  3477  5940  
29  2682  4863  
56  1101  5649  
3  3664  5726  
46  2485  5894  
92  1938  5531  
54  4443  5685  
33  188  5411  
19  1929  4871  
59  1905  5295  
18  4732  5846  
63  1269  6029  
5  156  5669  
87  828  5433  
38  1628  4964  
54  1399  5614  
38  4286  5945  
67  2337  5082  
17  3949  5042  
60  796  5168  
78  2248  5751  
35  3101  5462  
78  3512  5184  
40  1937  5180  
26  4488  5156  
38  4095  5610  
49  2602  5193  
6  1600  5319  
46  3563  5339  
20  107  6048  
28  750  5971  
79  288  5132  
18  1985  5440  
52  1601  5249  
81  3361  5402  
6  4570  5521  
18  2326  5490  
34  4001  4914  
100  498  4968  
31  3103  6042  
47  4781  5209  
96  2241  4871  
79  3670  5833  
47  271  4906  
44  191  5314  
39  863  5480  
57  3335  5668  
25  2814  5789  
72  1492  5222  
12  2116  5194  
83  3905  5438  
39  3495  5962  
87  3681  5425  
6  4519  5250  
3  3078  5283  
27  4330  5796  
8  3900  5499  
30  3995  5286  
74  2994  5841  
88  581  5019  
60  2487  5536  
47  3445  5663  
52  2429  5963  
87  4137  5425  
82  3716  5484  
55  2033  5294  
58  2508  5084  
33  1937  4888  
92  1647  5517  
23  4407  5049  
33  2287  6018  
63  3844  5739  
30  1311  5649  
55  3265  5796  
63  381  4942  
62  2643  5088  
54  905  5596  
53  1792  5046  
65  2107  5763  
74  2020  5442  
