100  
44  1326  2358  
63  4806  4771  
54  307  273  
36  4030  3380  
45  1819  2510  
66  765  1907  
54  4851  2101  
59  3538  698  
64  1988  3197  
82  799  4394  
67  3962  4343  
18  82  4554  
72  2199  781  
67  1485  1157  
32  1454  3023  
63  4622  3280  
36  4629  1874  
46  2046  3784  
67  252  3329  
99  465  1965  
9  4312  1082  
42  3683  3023  
43  394  192  
22  395  4773  
52  4063  3155  
74  119  2965  
40  4253  1211  
28  2429  3366  
93  1578  4924  
71  816  4464  
16  3665  1661  
22  2752  1871  
64  3946  2283  
81  1145  2970  
7  3304  1735  
50  789  1671  
11  2158  2053  
31  1820  2507  
39  232  2950  
29  2654  74  
11  70  4472  
19  4682  3368  
32  3773  4923  
35  1289  4501  
65  4095  4013  
34  3727  2077  
59  44  4372  
44  1217  3902  
65  4008  574  
15  2337  515  
62  143  4591  
51  2886  2735  
90  3456  1628  
21  104  43  
61  3971  736  
33  810  1257  
7  674  233  
78  4406  42  
80  4707  2720  
87  4714  4245  
23  2099  3070  
72  4303  2530  
75  2421  3414  
79  4839  940  
52  1681  465  
52  1093  730  
61  925  1599  
28  2967  192  
55  4334  2249  
99  1781  2358  
28  3144  1654  
76  966  2946  
86  2537  3982  
12  3826  3595  
1  3273  2759  
98  4386  4490  
99  4918  3859  
21  2864  2323  
20  2000  4527  
53  594  4699  
40  3272  4474  
50  3868  1866  
70  1523  530  
16  4034  4339  
64  2646  434  
36  3375  3849  
62  2808  4058  
77  892  4627  
44  861  2722  
99  1991  2976  
45  1815  1433  
41  3706  1526  
50  3167  2115  
33  1730  1320  
9  578  4876  
46  4071  1417  
81  3421  397  
60  4027  4038  
9  4640  1551  
12  2360  975  
