100  
13  2428  5108  
45  2077  3136  
45  90  4158  
89  2027  3779  
45  2265  2669  
53  2266  2247  
84  193  4718  
62  1639  5418  
35  1335  3533  
13  2627  3311  
44  2933  4931  
16  2016  4734  
6  412  4266  
16  1995  2602  
37  1686  4158  
54  1226  4698  
75  623  3323  
36  2241  4379  
44  2977  2899  
26  1916  3972  
95  2722  2577  
42  1919  5361  
12  2112  3872  
69  2818  3372  
36  2254  3774  
75  450  5108  
37  2605  5326  
43  40  3505  
50  1999  3460  
87  542  2984  
2  877  2551  
11  2309  4368  
13  3052  4223  
52  1816  4738  
83  3161  5258  
29  467  4366  
52  2059  4542  
61  1257  4375  
36  1942  4335  
39  2168  4754  
51  260  4932  
53  1459  2439  
22  2183  5038  
47  1256  4965  
49  1940  2463  
19  1620  3037  
83  2325  3650  
87  72  3955  
2  1521  3351  
60  280  2822  
23  2970  4937  
10  1381  3103  
30  1309  4002  
8  517  2755  
26  1305  4332  
97  672  5001  
70  3124  5319  
3  254  2623  
77  830  2830  
64  1616  4990  
37  361  2426  
43  2285  4444  
1  456  4272  
61  157  2273  
76  56  5176  
5  1250  4818  
12  315  4924  
28  851  5197  
53  621  5126  
80  2120  4145  
43  713  3193  
100  1763  3751  
70  1534  4555  
70  3252  2335  
46  2591  4625  
50  3222  2317  
42  2624  3504  
62  1452  3628  
42  1410  2536  
70  2135  2729  
15  23  2456  
47  1952  2233  
7  1349  3763  
7  1125  4458  
8  1608  4798  
49  1515  2863  
3  381  5401  
57  1901  4791  
12  579  2782  
58  2223  5209  
98  2816  3844  
9  1265  2638  
94  1419  5398  
23  2687  3036  
6  1008  3200  
79  2719  4881  
38  1988  2267  
3  1637  3330  
47  3139  2902  
45  339  3376  
