100  
89  4770  1682  
39  4519  1817  
55  9686  1624  
88  8889  1868  
51  5912  1881  
17  4064  1367  
91  1102  1524  
95  9421  1658  
28  4371  1583  
48  1563  1495  
8  4276  2302  
7  6869  1819  
72  1562  1755  
45  8718  2195  
92  5697  1292  
12  8785  2389  
63  6747  2099  
85  2238  1899  
8  6941  1820  
76  5806  2016  
63  6193  1523  
40  8383  1776  
88  6000  1672  
56  7205  1304  
80  3317  1339  
67  7945  1298  
40  320  1454  
39  4546  1331  
43  8504  1773  
74  3937  1403  
90  9594  2129  
49  7084  1610  
47  8385  2320  
23  8876  2096  
90  9390  2114  
25  9529  2028  
91  954  2124  
45  7221  2047  
82  7808  1484  
98  8648  1385  
71  8085  1553  
40  8094  2297  
31  7343  2108  
82  4431  2055  
62  5770  2076  
84  7411  2072  
1  9618  1666  
24  5205  1929  
1  7694  1819  
66  42  2057  
26  8413  1511  
88  7953  1757  
8  9664  1321  
13  5052  2352  
57  4300  2314  
52  1315  1350  
6  3670  1982  
75  4852  1847  
3  8803  1947  
31  3547  2137  
54  9584  1689  
48  6274  1271  
92  265  1655  
9  6487  1792  
53  4780  1236  
90  9555  2340  
31  9231  1287  
90  4430  2409  
28  47  1607  
82  4754  1304  
12  833  1741  
5  2583  1400  
22  9386  1702  
5  7361  1566  
20  4715  2138  
28  5113  2158  
26  4938  2101  
37  45  1937  
59  9180  2254  
62  1265  1993  
86  1133  1621  
30  1851  2123  
86  5784  2434  
87  388  2367  
6  5845  1596  
64  2828  1554  
23  9583  1952  
20  5421  2363  
31  7674  2005  
36  9081  1625  
98  6475  1831  
47  2785  2341  
64  4825  2210  
46  6516  1516  
12  384  1787  
84  2919  2136  
19  4127  2099  
18  4901  1583  
26  2488  1761  
42  3540  1681  
