100  
1  1475  4174  
55  9  4593  
41  1388  3448  
37  2320  3473  
88  114  4978  
42  2962  5157  
27  1874  5136  
31  806  3681  
84  3485  3132  
74  160  3660  
86  2148  3366  
52  2340  5274  
92  429  5156  
44  1824  4743  
45  1083  4707  
29  3769  4965  
13  3785  3649  
19  2771  4129  
86  2203  4702  
81  2801  2818  
76  1154  4743  
55  2872  3471  
91  2679  3948  
62  2255  4207  
34  2598  4626  
23  1979  3077  
47  3303  2769  
65  2552  3355  
23  2950  4803  
44  1270  2894  
8  3146  4262  
6  1395  3457  
9  3250  5330  
27  3035  4285  
87  4005  4528  
36  3156  4677  
58  3961  3219  
41  15  3973  
24  3802  3784  
85  1411  4591  
67  2114  3475  
53  3613  4738  
51  1724  3284  
35  1607  3372  
59  3164  2988  
46  1923  5283  
5  1309  3711  
89  3920  3341  
86  3644  3016  
77  203  4862  
18  1522  4570  
38  2299  2799  
90  2762  3518  
92  1870  4056  
20  394  3843  
98  1894  2741  
62  103  3905  
72  2300  2807  
55  486  3931  
63  1680  4138  
43  2552  2813  
63  2027  5182  
93  808  3294  
12  1333  4930  
12  467  4005  
33  1207  4406  
68  3811  5155  
94  3574  4267  
57  1914  5283  
99  1023  4587  
51  180  5298  
86  3338  4552  
98  913  2976  
67  2693  4099  
29  971  5126  
55  1548  3967  
39  2005  4584  
86  2876  4177  
6  2634  2821  
30  985  4776  
86  2122  4743  
37  2293  4182  
43  3786  4616  
8  2496  4011  
94  3113  4230  
99  3873  4246  
87  1980  4218  
57  558  4062  
48  3718  4198  
48  3422  3444  
78  2921  4189  
76  2303  4505  
96  121  4399  
34  1997  4702  
97  630  3329  
34  264  3437  
11  2142  4985  
22  1091  4125  
27  2439  4243  
70  1014  2794  
