100  
52  2584  2000  
37  2164  1615  
15  1810  3314  
48  4824  1749  
37  98  1427  
64  557  2240  
96  2974  3622  
28  1712  2104  
66  3104  2671  
51  37  2142  
28  2963  1480  
97  1684  3366  
81  3218  3036  
68  737  3118  
66  1436  3429  
14  4588  1673  
61  8  2911  
22  3434  2242  
28  4747  2980  
86  2728  1740  
48  3309  2190  
68  3717  2426  
17  2765  3357  
50  3447  2416  
53  3273  2347  
45  1059  3525  
8  1657  1633  
97  3803  2212  
51  1140  3267  
54  1411  2532  
4  2410  2738  
68  2816  1598  
75  3273  3401  
35  1850  3564  
43  1633  1828  
44  4384  1302  
71  3371  2900  
36  1546  2684  
47  1652  2533  
1  3753  3096  
42  2246  3133  
66  756  1788  
67  2185  1254  
68  3333  3219  
42  1072  1533  
73  493  3278  
75  130  3440  
62  4579  1666  
37  4454  2214  
30  995  1825  
55  4427  1388  
96  29  2884  
72  3721  2344  
93  1744  2993  
1  42  2442  
64  4524  1863  
76  185  3387  
22  882  1482  
20  3670  2836  
78  2784  2630  
11  2055  1906  
42  146  3161  
50  4862  1922  
77  161  2359  
28  4740  2267  
97  4296  3711  
32  1289  1546  
92  4104  2985  
60  117  3397  
10  188  2125  
6  874  1240  
41  1031  3416  
62  1110  2801  
4  4201  2515  
33  3630  3405  
74  3939  3159  
44  4229  2529  
11  3308  1429  
22  2491  3052  
91  543  3089  
8  2304  3360  
4  4857  2188  
99  971  1999  
50  2726  1943  
26  521  1775  
100  1165  2644  
78  372  1819  
49  630  3196  
20  2087  2467  
78  4854  3210  
47  3127  1811  
42  1606  2812  
65  3733  2053  
60  4253  1939  
75  1543  1251  
11  2513  2841  
39  1782  2079  
49  4491  3158  
17  2323  2750  
55  3015  1577  
