100  
56  3754  1026  
6  1341  4689  
58  1496  3099  
35  3329  4401  
2  2082  3964  
30  966  705  
11  2949  3517  
37  2359  2064  
15  3276  3917  
21  239  4330  
25  4378  739  
35  701  5141  
33  227  3397  
39  1400  2357  
24  815  6712  
88  2550  5334  
98  3834  157  
10  3406  2606  
25  929  4163  
44  506  156  
28  2525  1162  
29  389  5214  
17  4185  5494  
76  1221  5428  
54  1269  5720  
79  320  2147  
77  1444  4311  
59  1720  3380  
20  2754  4820  
14  2450  5887  
63  1226  4903  
74  1297  4634  
68  2311  3574  
6  917  3662  
50  444  1702  
43  799  3601  
5  942  5438  
51  4105  3575  
51  241  5356  
83  424  747  
95  3520  3162  
19  458  2426  
3  4042  1849  
47  2553  1486  
55  3782  1425  
7  4087  511  
37  2216  2249  
42  4186  6086  
81  1081  2107  
98  315  3442  
14  431  5475  
70  3634  1952  
30  2588  5825  
37  3710  37  
67  1373  848  
32  2736  2221  
15  721  4385  
9  4450  5009  
55  4022  64  
88  3160  4631  
70  2607  2923  
52  4430  5679  
83  3747  6567  
28  1819  4924  
16  549  5380  
24  801  4125  
5  4344  4532  
9  3122  4479  
98  649  2596  
80  3419  4024  
20  2648  779  
43  3573  5208  
11  2183  68  
15  78  635  
18  3538  3892  
93  2016  879  
2  2508  1611  
50  2075  5004  
9  887  374  
46  3928  60  
69  4006  1751  
60  3510  4262  
34  1922  4029  
15  1376  3915  
78  2428  6145  
86  1422  2402  
78  2008  4888  
77  2798  1500  
8  643  5954  
9  896  3337  
65  1367  5333  
74  1378  3611  
95  3576  936  
69  2309  3383  
18  4361  5865  
91  1432  988  
55  51  3968  
94  1673  6130  
29  512  5232  
87  2969  4323  
