100  
4  3029  4977  
88  453  3795  
71  3766  5983  
61  3609  3122  
53  2704  4800  
48  2813  4022  
56  831  7418  
53  3123  5974  
11  1680  3950  
66  3050  7336  
29  169  7277  
32  527  7222  
32  3523  6399  
15  1445  7285  
21  2437  4358  
64  1741  6990  
3  498  2622  
13  1340  2935  
29  299  3320  
35  2059  3647  
99  1289  4863  
16  2471  5377  
53  386  6450  
46  1769  2544  
99  1548  3226  
75  3238  5537  
77  2608  6519  
34  137  3592  
23  478  6556  
19  1909  6362  
99  2482  4997  
79  2508  3438  
28  1907  3521  
76  3749  5286  
90  2900  6011  
70  213  4866  
3  2988  7271  
28  2018  7512  
52  1977  4914  
77  23  3541  
81  781  6763  
25  2220  3671  
61  3437  6946  
92  832  2981  
31  2551  3401  
57  2152  4530  
71  2022  6869  
53  1134  5328  
36  191  5620  
19  1605  3745  
66  3361  4333  
17  1668  3375  
93  3618  4178  
92  1990  7225  
22  120  7369  
73  757  4091  
100  685  6491  
34  3554  7421  
3  3228  5689  
56  1721  5789  
59  2113  5826  
19  2145  3391  
9  2233  4823  
85  3112  3286  
78  914  4541  
12  3548  2867  
25  3156  6418  
85  1309  6990  
53  3138  2624  
62  2598  6700  
88  3697  4952  
18  480  5552  
37  1036  6638  
22  1003  5765  
62  3404  6552  
50  3465  4067  
50  2612  4532  
83  3184  3108  
97  734  6250  
97  207  2924  
93  1836  2652  
75  607  3848  
84  1793  5707  
97  2497  5115  
12  1913  5316  
8  587  6759  
45  2264  5554  
86  809  7421  
64  774  6124  
68  1452  2806  
1  2751  3582  
20  598  5510  
24  1018  4209  
7  1985  3321  
6  1233  4316  
20  36  4682  
11  1466  3232  
67  2127  5725  
53  3396  6470  
82  491  5247  
