100  
52  1488  2505  
70  2061  1140  
37  603  3410  
34  2675  2901  
57  843  1391  
66  1583  1604  
54  1391  3969  
69  2778  2301  
54  156  2938  
11  2936  1214  
33  1809  1461  
29  689  1575  
31  1912  710  
38  2003  367  
18  655  2680  
40  886  2937  
8  1355  3853  
16  2146  4480  
33  845  3267  
26  1738  2756  
23  3067  4255  
50  520  1114  
89  623  298  
63  1528  2758  
44  2531  4337  
71  2440  2930  
24  739  3039  
9  2753  712  
26  556  159  
24  531  593  
35  3340  3192  
31  1635  1499  
41  1232  2276  
93  650  2333  
30  2518  927  
50  2823  916  
1  882  1120  
5  3053  1960  
53  700  423  
71  3281  2449  
67  1738  331  
84  1725  3072  
19  2626  1553  
90  2241  1696  
54  2662  3869  
7  3080  4129  
5  1039  1520  
17  3295  66  
91  2816  4368  
40  3104  520  
65  1403  3696  
64  2384  2910  
9  2135  4031  
47  2028  4252  
77  1454  106  
67  1578  2815  
38  1998  3321  
12  167  281  
4  1175  1071  
24  3122  664  
48  863  1770  
39  3363  3505  
35  1926  4434  
89  3236  111  
40  1049  1604  
53  2772  3360  
45  3289  3301  
8  3167  101  
8  1163  1416  
44  1314  3758  
56  2723  1990  
46  3372  352  
63  1324  2895  
82  2647  1484  
6  2431  4288  
7  1815  2319  
98  2590  3301  
16  1986  1429  
85  2344  44  
48  2997  3798  
64  1440  4310  
90  3093  3779  
34  881  4007  
79  852  3097  
46  1851  3413  
83  1178  988  
65  2090  2985  
48  889  4263  
20  2796  365  
27  1755  1830  
37  2839  3619  
66  582  254  
100  2268  4289  
98  1657  1511  
41  63  381  
49  2198  4444  
67  1458  2631  
93  301  407  
24  1753  3913  
30  2391  540  
