100  
84  2663  5241  
91  5161  2882  
37  2006  2661  
11  4663  4085  
37  2583  5462  
84  1383  6059  
99  5212  6485  
12  1953  2986  
70  743  3071  
98  2792  2931  
5  2868  3657  
57  5035  4575  
12  1758  4635  
19  1748  5707  
90  4002  5840  
15  4419  2794  
16  2010  2698  
26  2515  4487  
5  1981  3242  
63  3716  4111  
72  5065  3116  
68  2212  3946  
86  2086  3156  
45  3052  3680  
58  44  4352  
73  3038  4967  
3  871  5259  
75  4480  6050  
63  5046  3170  
23  1319  4669  
86  4827  4484  
18  1400  6348  
47  2326  4102  
39  1665  4090  
71  3678  5625  
77  806  4663  
19  112  3334  
34  4902  6072  
26  1611  3958  
81  884  4994  
88  4325  6168  
13  5237  4246  
50  1045  4615  
25  669  5034  
99  2075  6351  
58  4012  3111  
47  5014  6578  
82  1587  4262  
41  2061  3051  
64  4539  2815  
58  2173  5782  
32  199  4029  
34  3797  6404  
50  2945  3336  
100  4205  6284  
93  5  4194  
61  1912  4802  
22  1164  5132  
57  130  2678  
18  1882  3893  
40  4228  4451  
72  2173  5342  
41  880  5786  
73  4963  4018  
79  2902  4934  
39  5173  4309  
97  3651  6596  
71  4380  5867  
4  1970  3688  
36  4361  5540  
68  910  5339  
87  5225  3285  
35  1085  3337  
2  2594  6013  
93  233  6357  
93  3374  4011  
48  1810  4412  
59  1676  4803  
96  2358  5465  
62  2922  5774  
87  4684  5377  
25  582  4974  
56  5171  3479  
82  4541  5440  
16  4189  3004  
11  2682  4084  
26  165  3492  
21  2728  5977  
24  1767  4765  
77  1354  3282  
89  620  3542  
62  192  6377  
76  3222  6095  
59  2047  2712  
12  2709  6141  
19  2376  3093  
98  5030  6189  
53  1357  6105  
65  2516  6294  
42  3481  5470  
