100  
69  509  5128  
92  425  2582  
13  226  2830  
75  108  6741  
46  136  3235  
5  231  3015  
64  1044  4341  
84  319  6180  
17  834  7653  
5  548  4120  
47  741  6680  
21  1021  3372  
65  633  5772  
51  223  7255  
55  101  6807  
45  597  6179  
1  171  2784  
56  82  3929  
47  1158  4281  
73  1194  6344  
54  234  6962  
80  278  7517  
14  902  5695  
51  985  5818  
15  831  2859  
12  264  4444  
91  448  6914  
54  506  2922  
13  488  3257  
82  797  6682  
34  972  2623  
44  417  4951  
72  975  6168  
69  1026  2867  
77  828  5799  
60  737  4399  
1  1056  3487  
37  132  3096  
57  936  6794  
67  113  7659  
21  225  4975  
77  303  7068  
51  1051  5888  
72  1256  6463  
69  930  7391  
71  25  4910  
24  560  6041  
60  553  3272  
52  452  5533  
74  1024  6063  
97  952  4122  
79  169  4731  
93  731  3395  
5  466  7093  
89  753  4750  
71  444  7493  
95  615  6287  
45  631  7417  
26  1169  6157  
98  1165  7240  
28  271  5018  
74  538  3749  
31  1058  5798  
32  867  4676  
79  586  7467  
50  530  5795  
85  721  6069  
7  1051  5701  
26  701  3739  
36  404  3417  
89  294  6486  
31  1035  3343  
42  357  7443  
24  300  5111  
33  1131  4359  
25  411  4924  
7  102  4432  
78  981  5365  
67  1056  6866  
35  746  6454  
11  738  3289  
66  1043  2645  
15  1162  6796  
48  704  4604  
13  1171  5891  
79  1012  3965  
57  1119  6602  
68  1156  2815  
44  148  3789  
81  508  4701  
7  869  4443  
90  434  2918  
65  762  4828  
70  205  3107  
99  175  4966  
59  402  6907  
7  527  6880  
57  587  3946  
55  419  5331  
85  588  3866  
