100  
99  4843  6070  
92  5774  5624  
27  4447  2903  
57  4092  5775  
30  2694  3438  
86  4123  2465  
15  4790  4912  
20  878  5005  
3  3439  3127  
40  4612  5029  
87  5873  3650  
13  102  4093  
11  920  3942  
33  3300  4291  
94  5827  4802  
87  1291  4099  
76  59  3301  
37  1594  3352  
87  2545  4886  
51  4883  5603  
13  5214  5826  
30  764  2879  
23  3568  3311  
94  4560  5133  
29  5226  5277  
48  3745  5757  
77  3554  5894  
65  5459  5885  
89  3012  5962  
14  1183  3148  
70  1222  4527  
46  4748  5349  
32  1095  2717  
90  4117  3563  
61  5737  2704  
55  1968  5065  
89  1341  2748  
44  6023  3319  
60  2594  5273  
43  655  4081  
36  2821  5342  
26  5932  3567  
16  2886  3666  
50  1897  5626  
4  1500  5383  
37  3431  5291  
22  4543  5109  
25  3554  5661  
22  2777  2633  
100  1788  2598  
14  2706  2536  
18  4936  4733  
21  5836  2469  
81  4151  3721  
77  4622  3742  
16  4200  3545  
48  5044  5003  
2  621  5548  
26  4964  3472  
48  2021  3875  
96  5477  2807  
14  733  4208  
77  1093  5479  
40  1873  5477  
50  3706  4288  
37  2501  5704  
7  4903  4538  
97  4251  5027  
13  2728  5496  
75  5673  3263  
44  4379  2908  
14  2416  4048  
14  4500  5585  
59  3384  3229  
8  4492  3927  
65  1902  4800  
73  4084  5132  
15  4026  3393  
79  5406  2771  
84  5750  4912  
21  645  2916  
98  5106  5122  
73  1879  2760  
84  4540  4961  
70  4357  4688  
1  3443  4502  
44  1097  3385  
82  978  4059  
4  4785  5866  
41  2066  4578  
70  4217  5410  
72  5051  4907  
59  3503  4546  
74  4738  2506  
84  3221  2992  
13  3924  4771  
71  5031  4920  
36  3135  4679  
73  2613  3553  
28  1166  2434  
