100  
45  4047  1596  
88  4899  2154  
42  680  2033  
37  1146  3013  
54  4605  2361  
92  3748  3696  
52  4269  2849  
50  4234  2199  
90  4248  2633  
89  2780  2591  
35  5016  3744  
32  1026  1386  
36  4475  1520  
26  2678  1326  
79  3209  3706  
11  1470  1386  
81  4612  2167  
93  2620  1357  
35  1095  2714  
21  4496  3262  
92  908  3180  
46  4773  2444  
8  2465  3525  
93  4238  1695  
93  4343  2020  
12  3574  2880  
9  4680  2340  
19  4536  3567  
35  2824  1620  
66  1790  1713  
7  3659  2541  
89  4795  2585  
63  1678  1448  
68  638  3118  
80  429  2582  
11  4974  3473  
39  285  1472  
87  1287  2911  
15  4910  3180  
27  2861  2800  
22  1708  2904  
41  4740  3462  
74  5101  2025  
79  1910  2928  
4  4358  3925  
28  2209  3434  
94  1328  3466  
71  709  3343  
90  4076  2240  
73  567  1787  
54  5068  3705  
90  3405  2775  
64  393  2397  
49  1445  3931  
33  3222  2652  
74  408  3245  
52  4591  2851  
73  2241  2712  
37  4415  2770  
75  3976  2778  
36  5164  2204  
23  965  1919  
48  3994  2342  
53  4040  3254  
74  2920  1835  
44  2784  1965  
55  3323  3419  
84  739  2830  
79  3230  3279  
77  1160  1313  
55  188  1678  
60  1379  2594  
27  3092  3741  
38  4027  3688  
15  4520  2977  
60  1403  3182  
28  4076  1372  
75  179  1330  
44  1973  1342  
22  4295  2746  
40  965  2405  
57  4577  2720  
70  4791  3334  
96  3835  3583  
9  4223  2365  
52  4277  3824  
20  2035  1341  
45  2197  2172  
16  3362  3812  
27  1940  1513  
59  3578  3898  
19  987  3176  
60  4062  1345  
25  2532  3769  
70  4217  3234  
92  2414  1583  
70  5214  3587  
59  383  3289  
79  321  2410  
58  1908  1697  
