100  
35  25  2534  
28  328  2800  
30  517  2657  
32  1979  2721  
88  2036  5002  
29  818  1658  
49  386  5470  
42  204  1662  
32  612  2966  
24  662  1232  
71  1964  5451  
22  586  1330  
53  1423  5635  
42  78  4800  
33  2876  3232  
55  2270  2823  
9  2127  3818  
17  3135  5065  
71  1392  2053  
66  2282  3377  
14  1128  2687  
2  998  3847  
30  21  1899  
41  527  4260  
58  212  2520  
9  2692  5040  
26  706  3805  
76  251  5095  
67  2300  1693  
83  1154  4445  
67  2924  3396  
34  1808  5268  
23  2902  1980  
75  1908  4564  
23  441  4943  
93  832  1978  
84  3240  1947  
95  723  5034  
61  2570  3341  
45  3392  1398  
91  1347  4654  
3  978  2029  
33  1928  2390  
30  1365  5049  
4  997  2255  
77  190  2427  
69  1859  3360  
29  2720  4134  
84  251  4465  
63  3239  2093  
43  1935  2709  
70  1759  1365  
9  2008  1505  
37  1306  1517  
94  458  2196  
60  1385  5491  
96  2965  3371  
22  1575  3699  
60  2581  1388  
43  1008  4068  
52  378  1442  
95  2701  4766  
24  2750  3865  
64  2911  2404  
13  2222  5340  
12  1333  1733  
12  1615  1609  
31  3395  3848  
85  1287  4418  
86  105  4138  
20  2573  3669  
66  1381  5535  
85  2349  5156  
18  1818  4239  
99  2156  1815  
69  2734  3469  
90  36  5457  
12  580  2397  
19  399  5203  
18  2170  3904  
20  2065  1364  
53  765  3089  
88  2081  3419  
92  2438  1786  
99  693  4819  
17  1951  5654  
13  2032  2290  
74  2002  3781  
96  2417  3112  
22  1641  4179  
10  3240  2736  
19  2449  2086  
17  274  4128  
11  3142  5121  
2  2749  1992  
30  370  2849  
8  1958  3152  
20  1376  2876  
53  3043  1565  
3  1198  3537  
