100  
8  1433  4299  
4  3119  3082  
14  1440  4187  
48  2145  3008  
71  3913  2696  
14  3342  4001  
71  3817  4028  
62  621  2905  
60  2495  3213  
36  2325  4581  
26  2386  3681  
17  3339  3081  
37  1853  4447  
86  577  4810  
32  3092  4063  
85  2555  4527  
40  1346  5162  
48  3200  3069  
26  1752  4191  
93  652  4892  
32  546  3263  
24  3679  3770  
100  1619  4964  
72  3894  3780  
47  3345  4791  
56  3790  4050  
46  1605  4233  
96  2575  3765  
39  3604  3192  
79  550  2744  
58  3066  3373  
85  1095  4633  
21  3738  3162  
94  3613  4814  
50  2143  2925  
69  3881  3483  
90  328  2766  
43  2148  4034  
56  333  3356  
59  2550  3314  
34  3827  4861  
78  1043  2955  
97  237  2661  
71  2819  2691  
97  1426  3949  
91  3424  3972  
86  1031  5143  
33  1734  4206  
80  2766  4719  
87  3861  3275  
72  3672  2749  
44  2274  3465  
51  1020  4008  
36  1532  5143  
88  317  5234  
41  1818  3735  
39  1158  4909  
21  1183  2660  
38  67  3384  
66  3756  3041  
18  3798  3699  
29  1150  5113  
95  764  3554  
36  2020  3751  
66  362  4593  
39  639  3728  
45  3506  5119  
2  3940  3010  
38  2463  2717  
32  2981  3665  
2  58  3230  
20  3138  4078  
33  2324  3986  
33  2685  2930  
47  3325  4003  
69  2301  2847  
55  1937  5143  
22  2188  5194  
84  758  4194  
99  2683  4504  
1  3929  4217  
31  3628  3019  
72  2509  3698  
62  3259  5008  
64  941  4908  
47  1728  4410  
45  2682  4341  
14  1905  4583  
52  523  4243  
99  3075  4197  
19  3678  3140  
99  2583  2969  
54  1211  3134  
69  1903  4442  
49  2938  4470  
53  2960  4076  
80  2948  4498  
12  3626  2991  
65  1784  3405  
67  3306  2689  
