100  
2  1986  1346  
71  1858  1989  
70  917  1488  
92  2124  1560  
8  417  3978  
51  1872  3989  
18  1479  1443  
59  123  687  
94  1957  4313  
59  241  1011  
45  17  4704  
42  997  3137  
60  1215  4242  
61  2109  3042  
79  1943  2659  
41  2359  2848  
54  575  4785  
60  1714  4764  
45  514  4783  
25  217  2124  
8  2118  4293  
84  796  3019  
95  1340  4428  
17  888  2675  
8  1148  2875  
78  2329  1174  
55  1138  3722  
70  1529  2962  
14  365  1381  
46  273  3511  
54  1175  343  
8  1728  1847  
43  1073  2964  
7  1277  402  
78  284  2638  
54  1629  1571  
77  956  1945  
38  1360  614  
12  1169  2092  
98  1049  2703  
84  2018  4746  
46  1405  61  
76  2516  699  
26  1289  2481  
65  1909  1419  
3  1121  1730  
31  940  2217  
54  1810  1017  
87  1778  351  
60  2445  3309  
92  2260  2743  
7  238  4616  
82  2144  3001  
90  2309  4911  
60  834  1433  
41  989  4843  
25  1420  200  
40  1439  1173  
20  1342  1202  
26  640  1708  
70  374  1032  
8  2111  195  
48  554  2835  
2  1795  577  
99  1489  3364  
84  931  4589  
44  1491  5016  
42  566  2282  
47  648  1361  
40  714  2948  
78  2476  3924  
8  1004  267  
56  1859  4419  
48  1001  3951  
7  1640  1698  
59  1160  4817  
40  675  1743  
80  171  2481  
65  548  4802  
22  2498  358  
43  2351  3966  
47  1273  4856  
72  1601  3084  
13  819  2261  
95  29  931  
59  1333  1941  
63  184  797  
2  1450  3419  
20  1603  3788  
61  1424  1452  
63  774  1447  
88  101  4156  
86  1687  3265  
61  352  2960  
97  441  4368  
66  1289  988  
8  927  4005  
60  2410  4603  
73  63  1825  
18  1371  2768  
