100  
39  2265  830  
18  2710  2414  
91  9489  588  
69  9931  2013  
20  5373  231  
34  3847  1184  
32  8431  658  
93  8301  2467  
76  543  3212  
60  15  164  
1  9763  831  
79  2349  854  
99  4601  1333  
39  976  3824  
83  2913  2626  
84  176  1870  
64  186  3272  
82  8564  2576  
48  1766  3071  
64  133  644  
100  1285  3256  
35  8449  2275  
48  5091  1136  
15  2662  1255  
54  4130  2329  
86  4364  742  
78  5526  2408  
43  349  1191  
83  8249  1710  
69  4055  2878  
2  9382  3705  
35  4886  3016  
58  1958  3143  
67  2426  2775  
82  9640  1684  
74  200  2449  
45  8764  1968  
81  4829  968  
82  9714  1861  
94  9128  523  
85  9442  2207  
43  2743  283  
20  6351  237  
21  6037  1002  
16  4015  1590  
22  666  2094  
5  10046  1337  
42  2298  1882  
59  7689  2353  
50  621  939  
62  199  3009  
66  8224  803  
72  10153  3320  
24  9289  1898  
3  667  1582  
75  3030  975  
34  3397  1209  
90  2522  907  
18  6007  3646  
22  51  63  
69  2954  1476  
23  8232  355  
17  5772  2717  
61  5001  323  
53  7836  3617  
15  1877  297  
92  629  3460  
25  6715  1871  
84  376  3688  
73  1159  1007  
87  7287  2026  
48  4723  1115  
30  4643  1310  
17  9368  2428  
92  9455  2283  
9  1329  2797  
32  2447  1780  
78  1785  870  
95  4771  1245  
45  5476  1740  
10  4635  519  
59  9873  1345  
83  9389  952  
35  348  334  
77  9921  1985  
71  9887  446  
12  8647  1381  
12  9796  3626  
31  4909  2143  
4  7424  759  
15  9436  2393  
2  9487  1073  
60  8374  2454  
68  1425  3308  
75  738  985  
5  2141  1666  
59  9504  125  
42  1083  2012  
84  5573  2473  
29  4379  420  
