100  
21  1556  6075  
97  1256  3115  
9  3117  3620  
77  2778  3549  
55  109  3920  
30  1616  3617  
3  1893  3042  
92  2672  3831  
92  547  5405  
93  1779  3051  
33  1439  6318  
7  1640  3719  
60  3859  4990  
41  3918  4079  
7  2926  6282  
23  1348  5948  
55  1503  2573  
65  98  4472  
33  2100  5430  
2  2010  4331  
33  2573  3270  
29  3523  2793  
40  1694  5143  
8  3041  2665  
94  5003  5711  
64  2580  2910  
59  751  5093  
55  975  3772  
7  1775  5936  
90  846  3176  
36  1408  6418  
13  2202  4864  
33  4659  3529  
36  4684  4550  
10  4670  5680  
21  1151  3584  
90  1042  3336  
22  2111  4716  
38  4580  4942  
80  2022  5173  
79  1470  6405  
88  495  4858  
95  4217  4379  
30  2485  4830  
16  4791  5424  
53  976  3900  
77  2223  6370  
39  2391  5624  
89  2272  5867  
39  1709  4366  
78  4  6007  
43  1247  3895  
56  1546  5720  
95  2618  6398  
29  1804  4853  
30  232  2634  
33  2696  6150  
34  610  6092  
63  3289  5617  
91  4257  4439  
18  4663  6217  
66  3001  2705  
35  4393  6297  
51  4073  6116  
93  2590  4574  
50  1389  5497  
45  1924  4541  
46  1365  5353  
28  2686  6217  
86  2868  4939  
21  800  5398  
46  1305  5490  
14  2023  4069  
61  3443  4647  
43  426  5747  
55  1801  6154  
4  568  2645  
35  350  2988  
100  239  3477  
70  1350  5749  
81  3485  5000  
26  436  2858  
95  4322  5794  
55  2707  5253  
92  1759  2692  
91  1545  6189  
63  77  6028  
14  4532  5693  
88  1706  2805  
71  2632  6295  
91  4218  3252  
96  4115  3252  
72  641  4616  
56  2390  3717  
26  3352  4756  
54  2810  2894  
95  4539  5338  
49  298  4931  
17  427  4258  
34  4110  3667  
