100  
93  1520  1232  
59  2266  6143  
30  1966  815  
1  3362  3147  
67  2527  6537  
76  972  6125  
62  4425  5683  
17  5234  4241  
90  2962  778  
16  2335  4213  
53  390  3310  
85  1788  1265  
34  4085  2034  
61  1975  4656  
41  2046  4195  
96  1616  670  
37  978  5661  
49  2883  4575  
53  1383  5442  
83  5051  276  
89  2568  2913  
90  5269  3731  
18  3563  3154  
39  1392  6024  
90  147  1326  
17  875  4932  
86  679  3398  
39  3261  2946  
64  4922  3266  
81  4719  23  
66  2588  775  
69  1966  4229  
54  4716  2421  
3  2196  4606  
42  1547  612  
87  4747  4500  
29  182  2872  
39  2869  2643  
63  2994  2742  
82  5007  6587  
33  1753  4379  
94  1292  6213  
48  1252  4526  
52  4739  447  
25  3248  873  
49  886  5705  
20  4233  2115  
99  5166  3049  
76  617  2038  
73  1708  6496  
34  5059  5573  
81  2800  1467  
52  3159  5021  
35  3925  4295  
96  2717  3002  
16  1770  4823  
34  587  5394  
68  2950  2388  
61  3529  2382  
8  643  5857  
48  804  1313  
93  4540  4151  
30  1106  220  
53  2670  2013  
30  1963  1500  
82  1040  601  
6  3395  1466  
84  339  2252  
69  4835  2180  
30  1187  178  
73  2302  4756  
2  4470  2121  
37  761  876  
21  508  5525  
68  872  2841  
55  2062  4851  
58  2294  1971  
73  3859  6346  
13  3105  199  
54  3705  3157  
63  76  6045  
61  4217  5107  
73  587  672  
88  526  636  
1  2549  5168  
13  4557  4028  
62  1662  1948  
23  4378  5994  
72  3744  2157  
3  791  6588  
67  2351  6507  
8  2682  669  
91  671  4252  
19  141  3412  
85  3365  393  
26  4611  1993  
52  4882  6310  
37  4788  727  
81  4968  3526  
79  1004  5593  
