100  
92  1282  6030  
11  1075  4414  
58  1106  5207  
34  534  3967  
89  598  5766  
41  1038  6784  
15  319  2674  
51  154  5725  
36  264  5778  
94  451  1175  
81  692  4402  
32  333  6849  
77  1158  1237  
77  268  3864  
80  717  1436  
85  452  3291  
82  779  2639  
84  15  1416  
81  49  6172  
17  1047  7501  
30  1126  174  
40  773  4769  
70  410  1166  
65  1298  6061  
73  939  6701  
22  1051  252  
72  625  7573  
27  365  2593  
99  862  1493  
63  445  3373  
14  339  4833  
53  112  4930  
3  209  6718  
14  1088  841  
21  288  4993  
36  1164  2552  
22  1161  4686  
46  1109  6819  
58  566  356  
16  858  4653  
53  414  3903  
8  326  1099  
88  103  6005  
24  730  3659  
65  1064  2822  
52  816  250  
6  788  3875  
12  151  3667  
28  1248  4648  
50  247  3461  
81  457  1329  
87  47  454  
27  445  481  
31  949  553  
21  494  6983  
27  190  5090  
69  1267  1577  
89  981  6327  
43  144  3687  
94  2  5077  
86  53  1149  
80  1254  3232  
71  321  246  
60  1297  5799  
38  874  6903  
52  1178  1987  
1  779  1750  
89  29  6730  
53  523  425  
49  378  2520  
43  187  4460  
14  818  3870  
14  1002  4692  
28  1124  7719  
91  664  6939  
68  763  7381  
2  441  774  
64  696  6456  
40  752  3955  
71  955  2712  
23  269  2162  
90  468  2468  
90  874  4557  
9  1275  1602  
85  995  5891  
77  183  2188  
56  587  2771  
84  974  3621  
100  1087  516  
9  1188  5498  
61  479  6090  
35  917  580  
43  1092  7503  
47  1058  4204  
82  451  962  
51  1194  5317  
93  1240  2305  
21  673  4452  
47  885  6212  
63  1039  1268  
