100  
34  2909  3981  
23  4191  2193  
73  3457  3141  
92  2845  6016  
59  4126  2005  
54  87  3357  
93  797  6181  
10  2097  5582  
18  4632  4259  
57  1203  4765  
98  4858  5725  
29  4879  2719  
86  1375  3045  
13  4334  3043  
81  819  4703  
34  119  5332  
17  993  2217  
76  3696  1424  
98  602  5324  
51  1174  6098  
9  1405  3439  
16  2642  2002  
99  4863  2051  
57  2779  5532  
79  577  4994  
45  2336  1320  
88  1085  4985  
26  252  5194  
50  4110  4035  
18  3977  5825  
98  4592  2125  
51  2055  4669  
58  3226  3789  
83  3421  4733  
10  3276  5361  
79  3089  4897  
73  4380  2258  
70  2537  2424  
26  4565  4860  
24  4919  5357  
2  2835  4762  
16  208  2433  
92  1069  2404  
64  3674  4367  
53  3342  2679  
49  1327  4191  
51  1197  6125  
47  36  5769  
52  4534  3711  
48  4448  1699  
41  4830  2253  
10  4435  1436  
51  1842  3733  
8  1002  2023  
99  3034  1671  
69  2166  3867  
89  359  1397  
37  2722  2547  
72  2884  3033  
9  2347  1768  
55  1358  4424  
47  577  5119  
13  1279  5994  
25  513  2362  
32  3690  4467  
64  2816  1497  
5  4445  3574  
6  504  5564  
13  37  4415  
74  4343  5495  
43  1658  1843  
77  3017  4213  
96  2799  4440  
14  1625  5658  
12  3825  2500  
74  3764  1394  
54  3877  4357  
53  4706  6194  
32  3139  1985  
45  1185  4791  
64  1074  5852  
7  4088  2369  
53  2908  2733  
30  3499  4512  
87  3351  1338  
18  1051  1719  
15  4699  2057  
60  1001  2727  
24  3948  5638  
45  1355  1350  
53  1407  1926  
64  1651  4737  
72  1851  1559  
81  3787  6018  
22  2158  3190  
93  2538  5238  
38  4777  3373  
77  4698  1930  
76  4531  5658  
29  491  3256  
