100  
42  3178  1116  
55  1703  5527  
59  404  1031  
66  1029  6959  
89  3734  522  
33  657  842  
23  2729  1863  
28  711  4959  
16  4940  7007  
97  3342  6065  
92  3006  4649  
52  1752  5421  
96  4970  5632  
55  1863  5190  
50  2334  3881  
29  4844  364  
91  1572  2182  
52  3175  4464  
92  2106  1241  
20  2479  7857  
69  1798  6049  
38  1130  6228  
46  1744  4156  
9  2222  7567  
28  2075  7783  
60  3455  1427  
79  136  136  
50  4640  4758  
35  1333  281  
91  2067  6723  
63  1762  7552  
69  1551  5590  
91  1031  789  
72  723  515  
77  2142  7573  
24  294  3659  
94  5103  7254  
100  3539  5555  
87  4041  1155  
88  3634  362  
8  383  6928  
69  1543  2602  
64  5075  7712  
69  3553  6835  
32  4228  7509  
17  499  2106  
28  4165  1041  
54  3205  6200  
40  1903  2052  
31  3129  3110  
6  1502  4650  
11  1518  4879  
61  2624  2596  
49  3537  6468  
78  2192  2077  
99  348  6132  
14  922  1268  
11  4943  1222  
89  3254  5001  
82  199  2876  
20  4718  5039  
67  112  616  
32  1735  2460  
80  562  6394  
8  580  4180  
65  2238  4787  
98  911  5633  
93  3876  5325  
36  5029  3989  
14  4527  161  
71  919  6814  
28  3321  5448  
88  3266  3503  
83  3641  2527  
35  1190  2243  
12  3984  5053  
70  4764  3594  
78  4415  2530  
53  406  5264  
2  4521  2726  
33  4818  3287  
72  4732  3017  
76  3000  6298  
7  5204  2011  
38  2652  936  
43  4709  3682  
62  1654  4113  
16  2590  3920  
100  644  3915  
7  66  7112  
36  1719  3926  
75  120  6706  
85  3951  913  
52  1015  3143  
61  4943  3277  
6  4187  3028  
23  1075  7426  
14  297  7603  
53  1125  4195  
46  4312  3516  
