100  
28  2333  4639  
46  786  2989  
35  4141  4044  
35  3389  3012  
85  2296  6241  
55  1822  3732  
47  7  3552  
23  1131  4206  
68  3237  4128  
55  2617  2637  
26  1331  4215  
25  93  5320  
5  3077  3374  
83  4961  3280  
94  3445  4149  
26  4856  4281  
35  1113  3354  
94  1520  3305  
26  4978  4014  
14  192  3223  
36  365  5610  
51  2423  4079  
49  4356  4489  
18  3155  3484  
7  3495  3481  
97  2357  5088  
58  4270  3318  
86  3318  4907  
23  1344  3100  
78  1007  5900  
86  2850  3111  
39  4143  3338  
45  3114  2844  
3  4505  5530  
73  1542  3864  
7  2042  4932  
22  2118  6051  
24  3301  3235  
70  1116  2926  
54  9  3391  
46  195  3897  
13  914  3308  
41  2625  5485  
19  4862  4414  
54  2377  4093  
98  675  5505  
58  3095  4103  
83  4063  3118  
83  978  4589  
96  433  5082  
79  3794  4710  
96  3489  2994  
17  2836  5659  
92  3349  4036  
50  4975  3440  
20  2591  4017  
57  5002  3340  
83  380  3061  
46  572  2985  
94  2148  4526  
93  2345  4019  
32  4604  5139  
37  2576  2733  
75  2041  4305  
47  3722  6266  
3  4105  3773  
22  4877  5948  
54  4983  4046  
9  3260  6164  
19  3872  2819  
72  3514  5739  
27  4561  5478  
49  794  3467  
74  4899  2747  
61  902  5278  
22  312  2710  
20  1491  5567  
71  1766  3693  
78  265  3681  
92  474  5799  
49  2245  3203  
20  4402  4571  
24  3022  4467  
9  2423  2600  
62  454  5098  
86  2936  3394  
68  4265  3968  
71  4459  4569  
92  2952  2684  
22  4886  3289  
79  1922  2608  
19  3740  5065  
77  2959  2515  
38  3275  5519  
31  3290  2972  
73  633  5081  
11  3268  6181  
86  4974  3180  
55  2951  2805  
31  4470  3528  
