100  
65  294  3675  
85  324  2656  
76  920  4768  
87  2990  5127  
70  531  3333  
3  1356  4670  
9  3322  1882  
91  2356  2608  
31  334  1538  
57  3517  3865  
59  44  2801  
7  2139  2952  
56  1466  1802  
22  712  2887  
10  939  3367  
60  1143  2133  
68  2334  4834  
27  3472  3906  
59  921  2416  
93  3785  1643  
72  2648  5145  
94  205  2138  
22  1820  3734  
41  3406  4013  
81  1748  2498  
61  2493  1355  
83  1866  2129  
78  3270  3203  
95  369  4682  
62  2305  3451  
20  1544  1399  
50  1855  2156  
44  254  2417  
5  2728  5013  
52  23  4808  
4  3254  3984  
76  1669  4572  
81  1084  4470  
41  1013  4316  
76  633  5110  
15  1785  4845  
6  304  4793  
32  202  2203  
46  2839  3981  
36  3601  2295  
74  2371  2243  
71  765  2539  
42  316  1324  
85  2480  3564  
28  2205  1663  
62  3807  4094  
28  2833  3063  
23  1063  4929  
91  1435  1714  
55  3616  5184  
54  3885  2551  
91  1482  1726  
85  2674  3353  
83  334  3639  
60  495  4482  
55  919  5099  
70  3254  3696  
16  81  1432  
12  612  4489  
73  2626  1833  
17  1805  1884  
83  3924  4081  
98  1580  4842  
28  3113  3910  
3  2624  4860  
75  3783  3209  
44  869  4540  
29  3604  1883  
11  2132  4456  
84  3870  1335  
64  2344  1985  
30  356  1780  
99  781  2181  
45  1936  4465  
57  667  4747  
46  3308  2051  
7  99  1792  
98  744  4644  
11  2332  1421  
52  3073  2967  
49  2932  1530  
92  3134  3311  
63  3799  2835  
56  2928  2839  
18  3934  4104  
71  3572  4829  
77  457  3313  
8  187  2967  
26  3510  3183  
64  1392  3855  
93  2100  4670  
36  1698  2110  
73  3462  4782  
14  1780  2049  
98  686  3369  
