100  
6  542  5386  
96  982  5271  
19  3119  3499  
78  2454  5394  
62  1471  2304  
81  2622  3121  
40  1060  5448  
84  897  3119  
59  1041  5499  
51  1955  2338  
51  1088  2723  
51  1165  5502  
61  98  2832  
74  983  4645  
50  871  4975  
98  3293  5484  
48  3086  4850  
7  726  5180  
51  2831  3338  
14  814  4524  
39  835  4289  
20  426  3468  
50  1485  5161  
59  2041  4869  
23  1064  5128  
42  3294  4208  
38  1434  3757  
65  1728  3506  
81  292  3116  
99  682  3117  
52  1477  2650  
32  2281  5681  
1  2388  3793  
85  508  2353  
20  332  3193  
96  145  2920  
20  1279  3021  
12  3363  5330  
4  22  2674  
18  2476  3601  
84  2336  2302  
28  2594  5702  
29  2866  3783  
58  2906  3281  
64  784  2895  
74  2752  5370  
2  1862  5037  
43  1869  4290  
8  2503  2943  
3  594  5247  
69  202  5097  
57  3246  2300  
22  2457  4638  
64  1272  3919  
5  1764  3780  
7  3152  3182  
46  437  2356  
54  2532  5452  
94  2374  4795  
61  47  3344  
62  3117  2845  
24  891  2299  
52  808  3928  
84  798  5700  
22  2787  4256  
99  2467  4613  
35  674  4743  
20  2891  4978  
72  357  4358  
47  752  4757  
45  3055  5636  
19  1040  3553  
35  869  3296  
4  693  2352  
28  197  4356  
83  673  4708  
26  2595  5702  
26  2213  2750  
64  2131  2570  
48  809  2850  
47  1909  4308  
53  1565  2890  
78  685  2851  
53  358  2690  
38  457  2833  
54  2747  3058  
45  1249  4209  
100  1596  2503  
8  2521  3320  
60  3141  3505  
10  163  4155  
86  795  3323  
89  929  5559  
88  2072  2912  
1  2694  5141  
13  2070  3805  
22  3353  3308  
13  2026  2629  
9  2810  4123  
1  2687  4314  
