100  
6  885  6193  
9  393  15  
10  840  2030  
3  294  3269  
2  126  814  
85  563  5738  
3  484  6109  
60  374  4451  
35  703  1507  
18  395  1841  
61  260  3520  
15  1020  991  
14  911  633  
61  601  1678  
54  701  3215  
44  220  4415  
89  776  1225  
42  791  5602  
61  331  5819  
94  352  1350  
89  905  5811  
84  32  1719  
41  839  4246  
85  856  5357  
99  547  3650  
41  79  6508  
70  797  3458  
36  117  1439  
84  566  6342  
86  435  4601  
14  324  3097  
11  98  4229  
27  199  5197  
48  43  2213  
94  743  6394  
55  203  2074  
33  1022  3239  
50  439  602  
22  468  3999  
11  751  3961  
87  687  6050  
58  863  417  
27  1041  3734  
2  586  1665  
41  310  1262  
42  266  3047  
15  378  6368  
100  647  2336  
16  336  4412  
17  860  3269  
89  351  6074  
46  234  5870  
43  714  3186  
19  73  6542  
10  934  5042  
7  244  2838  
70  556  3002  
87  165  5827  
9  1011  3394  
53  123  5403  
83  733  2189  
65  997  5612  
22  782  1204  
61  884  5399  
46  276  4844  
11  652  1023  
55  100  2491  
5  254  2038  
15  285  3491  
15  693  6168  
92  978  288  
29  71  2239  
37  873  6472  
7  745  6160  
74  559  5474  
49  465  5311  
34  345  2971  
36  425  1713  
43  857  889  
62  163  2449  
6  311  4780  
78  1061  1969  
48  521  2721  
64  681  5783  
25  802  5047  
20  410  40  
19  8  4394  
45  975  856  
8  608  1074  
58  577  3027  
90  1027  4994  
34  185  4383  
6  440  3792  
64  336  4048  
39  758  6374  
89  150  4363  
78  118  3587  
1  28  4634  
23  732  4069  
51  317  3485  
