100  
96  2304  243  
25  896  3414  
35  1549  3501  
11  2644  284  
5  2897  1588  
84  1765  1801  
49  2507  1945  
27  2152  1361  
5  2310  2733  
15  1526  2565  
54  378  1770  
97  601  1094  
77  3173  2892  
2  113  2237  
69  1388  926  
51  2220  424  
74  607  2353  
84  321  3485  
1  417  712  
77  254  1755  
87  283  221  
33  1661  3398  
52  1351  1958  
36  1298  939  
93  2902  2857  
95  2967  3160  
32  2531  952  
20  64  296  
39  3130  2411  
26  1874  748  
88  733  1002  
5  407  1603  
39  2584  1217  
57  3355  2609  
32  3155  1382  
27  151  538  
4  3073  1653  
95  2611  801  
97  557  2230  
44  3451  1410  
25  1201  1279  
84  815  3059  
57  2344  927  
84  2002  724  
9  51  781  
47  1969  824  
16  653  1758  
18  737  2365  
33  1831  1904  
72  2529  1787  
39  3165  227  
81  662  2566  
39  3277  2573  
36  1828  2556  
27  3460  3040  
41  1716  1998  
34  2738  2068  
73  3049  3549  
40  1111  1568  
47  2529  2357  
1  570  433  
99  2090  50  
31  2764  3503  
91  1277  2346  
8  2447  3405  
17  1715  548  
70  1818  2917  
44  1295  1782  
60  1279  1287  
27  2792  2920  
60  168  1611  
39  1968  3426  
77  465  3538  
7  421  2582  
21  1329  210  
83  335  1342  
70  3488  1824  
28  3248  1507  
67  3425  2367  
78  1382  2815  
73  3479  3272  
85  1234  3264  
2  3518  3346  
6  465  430  
39  2748  746  
58  1267  476  
7  201  453  
98  604  2369  
88  1878  3403  
72  1259  1964  
80  2496  2011  
76  750  1424  
1  2406  2112  
77  2155  2103  
13  1753  1446  
3  1363  187  
80  1567  75  
26  1285  2655  
14  3164  609  
19  1613  2898  
