100  
71  2616  6488  
18  1527  5099  
73  4122  4908  
43  119  4997  
33  4782  7162  
13  2347  6856  
9  1039  5885  
94  2663  3838  
44  2961  7114  
81  4900  4276  
93  3156  6237  
35  3245  7537  
86  3533  5142  
94  3613  6626  
63  4780  5619  
51  391  6865  
7  2563  5164  
68  2671  5313  
40  4932  6879  
61  2441  6928  
96  562  5603  
81  451  5894  
27  3979  4242  
96  109  5020  
20  3894  6235  
92  549  4290  
74  3518  4179  
4  1696  5569  
20  4968  6096  
95  3511  5264  
24  3843  7038  
27  2726  7004  
22  19  6357  
92  3969  5190  
71  3525  5547  
72  5071  5448  
36  2265  7026  
86  561  4296  
38  2901  5456  
37  1627  6460  
65  1763  4447  
85  1071  5873  
53  1513  4398  
44  2579  6141  
15  2122  7378  
62  4460  7523  
73  2777  7065  
21  3248  4590  
78  1544  4775  
55  1082  3987  
42  319  7325  
65  4999  4417  
92  3694  6743  
37  4318  4353  
83  2375  6598  
54  46  4858  
5  926  5533  
19  3699  7421  
1  1617  5994  
100  4462  4708  
3  4267  4552  
91  2079  4838  
63  2449  5253  
99  3939  7529  
40  4151  4822  
72  158  6479  
37  3163  7428  
58  1898  6083  
19  2599  5145  
48  4004  4338  
46  1390  6823  
3  4552  4192  
6  4908  7079  
96  1373  5709  
71  1426  6415  
74  3525  6485  
45  5073  7395  
41  4041  5735  
64  185  6277  
34  266  3969  
4  854  4526  
44  4960  4619  
98  3055  4165  
60  1766  6104  
21  1792  6237  
84  4470  5258  
21  1107  5686  
22  4527  4268  
88  1816  4455  
56  3210  6863  
27  4968  6413  
41  1633  6155  
23  4528  6858  
34  2802  6466  
16  4634  7514  
80  4638  4210  
55  1533  6063  
25  3503  5753  
6  18  4928  
47  424  5186  
