800 2
35 76
59 61
71 19
70 18
19 49
33 4
44 91
43 51
26 75
63 22
44 9
37 36
1 96
79 58
45 61
93 53
92 62
22 53
94 41
34 6
99 9
39 33
64 71
15 37
100 26
22 28
13 55
85 13
77 76
89 67
60 87
61 29
18 68
89 50
57 96
75 37
45 83
18 12
67 15
43 82
91 52
94 87
15 27
48 2
39 28
10 68
27 84
72 25
23 39
78 88
2 10
8 44
26 9
38 13
43 20
57 44
11 80
83 37
36 19
94 2
27 90
63 68
85 100
54 3
91 45
91 50
48 24
96 47
88 9
71 69
12 91
71 65
100 34
86 36
34 52
86 31
1 72
3 55
13 27
13 43
34 32
71 71
45 32
53 77
50 39
83 97
96 83
99 88
8 3
79 13
63 77
77 32
19 71
23 30
29 61
83 12
54 57
90 6
79 53
86 97
13 14
6 91
91 70
47 86
85 21
36 29
26 73
35 52
57 51
61 92
65 19
93 62
74 70
60 22
29 34
5 24
11 35
75 33
37 33
30 64
51 63
72 61
27 80
7 58
85 81
92 86
34 81
21 48
67 87
15 16
48 56
71 33
22 70
5 60
92 76
22 66
50 68
43 88
96 93
39 95
43 86
28 67
26 40
87 6
88 63
43 14
100 26
65 90
18 15
64 88
73 53
52 86
28 76
64 23
71 51
4 34
81 23
48 33
51 64
7 73
86 75
18 2
21 78
78 5
15 95
59 53
36 65
47 14
73 85
77 58
49 81
29 91
47 34
72 38
57 22
65 40
49 7
8 69
96 40
56 48
38 5
63 4
69 44
2 98
62 20
94 2
77 79
95 9
4 77
16 93
5 60
35 2
99 26
67 30
88 41
9 40
14 89
22 97
73 66
32 22
14 73
99 69
82 35
76 18
15 31
34 9
18 43
95 18
11 74
38 16
74 65
99 73
24 82
12 75
12 57
26 47
20 42
20 59
36 66
5 98
64 64
30 82
87 28
78 88
49 34
64 97
51 24
46 24
94 80
69 30
46 72
33 86
56 81
77 93
32 83
53 8
97 48
18 46
36 52
91 70
26 31
36 75
70 85
90 46
69 61
32 5
15 34
67 6
5 22
20 57
49 38
47 24
38 17
26 56
9 17
75 82
90 22
23 87
56 60
55 80
94 99
45 63
64 85
74 72
11 75
98 82
48 44
32 58
64 43
31 79
67 23
38 42
44 77
41 65
85 11
11 62
75 82
7 18
22 42
1 30
85 32
60 54
39 57
95 99
31 83
93 28
27 87
81 36
22 65
85 22
36 6
5 95
56 16
24 64
19 82
36 95
78 86
9 39
48 38
91 24
34 71
76 15
22 63
97 42
9 24
35 41
63 87
77 31
70 14
74 93
5 54
28 85
30 14
30 43
51 96
68 52
35 5
66 58
35 58
77 12
69 49
41 4
57 98
52 34
64 87
86 53
1 69
73 21
50 14
34 35
35 18
69 100
33 60
68 5
60 31
59 88
76 64
30 58
69 58
54 80
77 43
74 60
32 3
50 65
66 70
43 24
31 99
5 53
13 21
31 51
78 87
38 32
52 79
2 41
87 99
78 46
58 57
24 97
90 89
74 9
41 54
64 40
24 39
92 73
63 98
89 8
42 61
82 77
68 9
38 35
23 5
91 90
59 78
57 14
98 32
44 75
41 12
95 44
71 49
15 89
89 94
94 99
5 31
87 92
59 17
55 74
41 47
61 67
37 45
62 51
28 52
94 65
12 7
12 57
20 90
88 69
41 52
1 89
53 100
36 78
50 5
49 96
73 27
64 81
18 23
39 87
85 88
48 86
10 63
74 12
14 27
28 16
5 16
92 33
73 48
12 29
14 4
45 90
49 87
29 60
68 1
11 88
82 48
63 10
6 40
16 24
66 37
27 65
96 63
3 22
54 52
40 73
78 63
70 100
70 62
12 92
38 64
40 74
36 28
28 82
49 45
94 66
27 35
62 95
51 46
98 76
61 98
82 39
68 30
36 24
1 84
69 28
31 62
91 28
95 77
39 33
99 22
11 29
14 68
85 31
34 27
39 13
69 60
12 51
46 39
13 97
27 38
100 57
32 3
61 95
44 15
63 93
76 86
90 23
5 95
46 91
4 19
78 72
84 87
73 79
10 13
91 80
12 51
90 80
12 21
6 81
95 67
53 35
44 58
100 85
45 32
3 85
23 69
88 35
41 81
78 43
69 34
24 62
75 55
10 2
55 36
79 90
50 62
3 39
81 28
42 53
78 27
51 43
82 25
30 55
46 62
69 70
35 15
42 49
9 78
71 98
3 4
65 43
42 9
89 15
70 38
76 27
65 22
64 20
2 4
39 74
2 65
87 24
16 4
12 18
19 37
46 51
19 57
28 71
69 63
38 12
42 83
24 75
20 48
78 16
4 96
31 1
5 27
12 99
18 82
31 33
30 67
93 40
84 5
25 48
23 51
36 8
73 79
15 57
52 38
51 54
61 44
2 78
75 56
28 58
48 71
72 62
19 80
90 95
64 62
17 78
27 11
74 17
75 10
66 17
44 97
10 59
32 39
40 27
63 59
66 7
61 14
60 38
45 76
42 55
64 91
41 58
42 88
12 93
51 25
68 80
71 29
71 100
98 44
72 14
10 7
11 14
66 82
28 16
25 12
79 21
12 14
67 8
26 69
75 16
43 58
20 17
21 16
1 87
83 94
35 29
33 55
76 42
75 85
9 86
92 68
89 18
26 37
15 43
57 92
53 40
87 68
78 29
16 98
86 38
91 1
68 62
40 70
47 70
46 77
71 43
28 16
64 4
21 32
34 50
38 81
19 90
17 75
49 14
61 98
57 5
28 1
80 12
2 33
60 98
53 15
66 93
88 64
63 10
10 100
14 67
55 61
94 19
98 67
40 3
45 8
33 34
76 11
76 97
73 57
56 23
44 19
8 94
8 7
52 82
78 81
34 66
77 30
39 97
62 59
93 76
49 98
10 52
79 22
4 72
62 76
50 47
62 17
24 48
33 45
95 74
51 59
3 83
62 19
71 76
75 50
52 48
14 16
56 36
61 23
31 6
41 91
88 13
57 38
20 84
71 23
21 16
80 63
81 63
16 70
83 81
71 92
65 64
69 10
64 80
53 56
96 72
69 23
91 5
44 63
17 63
15 38
7 7
1 60
15 25
31 36
5 7
20 12
67 6
98 89
20 33
31 47
4 2
8 44
65 68
84 15
46 55
66 81
77 20
99 30
12 84
91 59
52 100
14 69
40 8
45 23
23 96
15 56
4 44
54 6
6 39
53 25
91 26
16 62
39 38
95 45
77 95
80 40
36 4
16 57
15 57
3 49
51 42
40 19
92 23
77 25
12 64
67 22
61 99
26 95
80 42
65 53
78 95
29 96
39 68
46 80
51 20
87 81
38 37
30 100
65 53
30 29
85 23
40 94
21 47
10 85
63 2
2 52
51 29
98 74
78 100
40 70
18 22
92 36
31 11
68 24
39 45
45 53
92 83
25 20
7 71
56 25
40 47
61 6
93 37
66 39
6 80
76 66
10 37
71 37
96 76
80 11
69 4
4 22
59 12
