510 2
49 47
57 70
35 50
51 96
49 19
100 57
14 27
9 18
90 37
7 14
30 94
24 51
45 32
58 31
29 73
58 69
48 7
32 57
47 24
31 32
45 48
97 84
34 80
79 85
24 6
66 49
60 91
42 5
16 78
31 26
82 99
39 39
28 87
56 48
89 73
15 97
42 29
21 64
54 27
81 79
42 56
88 67
45 10
35 84
18 28
62 100
7 36
96 65
44 48
13 25
14 95
29 68
33 29
91 53
49 10
10 25
47 89
66 92
97 81
70 71
36 46
64 60
85 87
41 4
22 81
77 59
45 86
100 79
80 70
97 78
1 100
8 10
15 10
69 14
74 43
4 47
22 70
43 72
76 30
93 6
69 20
13 2
57 74
9 88
6 65
62 64
76 71
6 72
64 39
44 53
32 36
61 81
82 31
57 22
95 71
31 8
5 74
27 97
5 54
28 30
72 49
81 14
55 7
20 20
19 58
100 35
86 20
90 12
61 71
86 24
90 60
57 10
8 98
46 89
4 85
11 91
86 72
100 30
22 46
91 41
12 20
11 27
92 87
70 28
7 65
32 29
80 25
28 37
56 19
23 53
33 19
33 2
5 97
90 14
62 36
22 47
79 13
37 89
34 62
31 71
26 99
29 28
52 61
6 58
55 21
94 94
67 3
88 98
77 88
75 45
53 3
44 18
40 82
40 2
72 81
38 64
98 57
100 90
14 3
5 19
57 44
95 64
72 78
69 53
70 62
87 64
70 16
16 56
36 80
7 17
40 70
25 96
66 73
56 49
43 25
83 51
84 61
52 28
7 58
22 92
70 58
17 60
97 100
46 59
82 28
14 72
23 87
95 80
14 98
26 10
29 32
72 49
97 8
58 73
21 63
37 52
95 18
21 22
18 42
35 39
49 84
32 80
52 85
26 97
86 79
90 18
49 53
73 14
77 62
50 73
51 26
26 1
24 37
12 41
98 90
80 72
34 35
76 56
59 89
76 33
69 85
40 58
14 93
52 64
48 96
50 74
86 37
98 66
47 82
55 40
84 72
32 94
3 77
65 65
77 97
7 71
11 42
41 7
86 49
96 38
8 26
28 85
93 46
84 50
88 21
55 99
37 87
83 7
69 46
90 73
44 41
12 39
97 97
77 47
59 18
82 88
21 72
13 49
5 95
42 80
54 6
42 18
50 58
11 54
76 59
59 71
95 10
77 64
50 59
94 88
97 29
16 39
71 12
20 34
63 76
48 55
6 42
86 3
89 20
6 51
44 9
41 58
18 4
24 33
83 87
15 96
80 99
4 45
28 49
20 56
26 76
50 32
72 42
94 56
77 6
47 83
28 49
20 45
53 88
51 48
37 67
14 76
7 14
83 14
62 7
61 69
17 87
14 14
62 54
35 31
85 96
89 76
76 56
5 51
60 46
18 34
60 89
90 47
3 62
84 9
23 79
58 85
22 46
70 95
70 61
14 32
18 84
23 66
61 46
33 20
84 67
75 4
3 48
51 60
39 9
67 19
83 73
39 86
27 6
42 5
36 35
70 27
73 9
61 25
95 6
3 72
51 93
42 87
62 70
60 74
63 7
36 13
98 41
61 33
17 80
74 34
27 19
10 46
92 78
54 54
82 69
19 73
24 97
62 28
7 81
62 32
95 80
31 58
5 62
27 37
72 42
98 54
62 43
69 40
84 73
77 1
82 8
91 86
76 62
33 76
76 29
57 45
58 73
20 63
8 92
65 48
48 25
95 10
49 51
45 8
38 30
39 35
70 38
52 56
94 15
82 14
57 60
12 53
20 31
8 24
36 66
20 74
65 12
28 89
24 6
17 92
64 19
93 93
46 62
44 22
24 53
23 41
41 38
68 29
16 41
23 92
18 73
28 5
15 13
63 77
50 69
99 47
13 39
45 8
95 71
46 34
80 84
10 18
38 95
71 56
56 72
7 89
8 14
44 52
31 15
35 28
60 60
3 86
14 40
28 66
76 21
93 2
93 39
38 52
26 41
69 43
17 12
12 7
16 64
77 91
76 22
8 59
62 5
45 63
62 94
19 80
61 48
25 29
28 83
43 54
47 58
25 20
76 40
50 4
16 20
94 66
69 89
34 44
24 97
76 50
90 75
82 30
29 65
79 34
64 94
24 55
76 96
62 7
61 92
24 100
59 80
2 70
63 31
27 84
92 25
69 82
11 92
49 78
62 87
46 8
58 72
30 89
66 68
54 95
45 45
72 78
80 97
15 81
27 42
39 51
91 52
83 45
19 18
67 73
59 44
29 92
32 79
86 100
52 72
72 55
