140 2
17 11
55 89
98 15
10 3
100 62
97 56
6 26
14 5
85 66
76 8
61 16
33 6
9 39
86 2
97 13
16 78
27 76
26 24
86 45
4 12
19 96
36 75
45 46
21 65
100 94
79 31
65 73
9 13
75 98
2 68
28 92
25 37
22 97
69 1
93 13
28 65
91 61
47 90
76 24
57 87
14 24
46 49
55 28
66 30
53 15
98 41
16 60
15 67
18 64
98 47
91 37
72 93
6 11
42 64
15 50
37 59
77 95
40 88
57 29
71 53
38 55
25 9
61 87
48 23
2 87
63 87
14 51
57 67
85 87
11 16
19 51
52 89
76 14
95 22
9 47
26 44
26 77
52 16
30 55
93 64
36 98
92 99
75 76
35 97
83 52
46 61
86 78
52 63
66 36
19 99
59 14
16 33
63 64
30 81
18 4
13 95
7 9
64 87
4 23
49 78
87 42
20 39
80 80
13 98
10 85
97 67
99 64
60 26
38 85
64 63
65 34
70 44
70 70
3 98
5 56
16 50
58 41
49 57
59 5
5 23
72 85
100 39
91 22
63 56
18 40
92 50
63 98
15 73
87 63
85 71
88 70
74 61
61 72
21 65
8 51
34 64
76 49
79 87
46 99
37 42
