670 2
68 35
23 46
8 2
73 35
37 5
87 35
73 100
9 83
75 8
34 78
14 53
65 59
66 4
45 71
32 33
49 76
23 76
75 91
7 40
30 53
94 91
3 35
42 43
16 97
5 99
38 48
78 79
77 93
76 98
95 69
63 19
67 1
17 45
14 23
79 54
7 16
31 22
39 55
61 51
71 8
52 82
73 21
40 62
74 77
67 47
67 40
1 51
33 100
7 21
12 26
58 37
30 80
44 43
7 4
88 63
14 44
62 75
82 53
60 16
19 67
9 52
14 8
33 54
7 87
12 91
78 58
68 15
87 32
38 73
13 98
42 11
87 87
94 52
49 40
40 99
52 22
83 22
59 16
94 84
54 71
73 17
24 74
94 25
1 54
68 94
84 17
17 3
16 38
71 39
85 81
85 17
40 14
28 74
48 13
64 86
94 48
14 90
92 38
61 90
93 56
7 63
61 14
71 16
32 78
1 51
58 22
69 96
71 85
21 49
62 3
34 6
59 100
63 90
51 49
68 93
61 22
23 72
95 81
83 87
77 32
44 23
99 21
41 76
86 15
1 6
52 60
73 38
66 77
29 40
95 94
3 88
29 24
51 56
67 20
3 36
94 4
99 44
24 83
100 76
67 23
56 14
55 59
47 79
1 32
95 20
89 71
93 96
67 87
49 65
27 32
26 83
39 62
52 7
76 54
41 52
28 86
22 27
49 57
84 62
73 71
15 57
95 1
13 91
76 11
87 92
51 33
36 7
74 31
66 30
6 63
49 37
2 97
33 25
56 80
49 73
77 45
24 10
91 30
98 87
33 62
76 68
68 51
92 94
64 44
75 53
65 4
38 99
26 70
8 97
33 14
12 98
36 58
78 40
42 77
75 35
47 7
57 54
61 89
40 40
66 46
16 38
3 34
41 6
13 91
29 100
100 29
69 77
59 80
8 37
85 71
35 42
57 73
16 50
56 61
3 100
45 2
31 42
84 89
31 28
96 45
90 33
29 5
65 89
67 28
54 37
15 84
87 40
79 20
71 92
28 43
41 70
23 56
27 52
3 63
15 32
59 27
21 55
2 83
27 86
13 79
64 9
60 90
20 10
24 66
32 16
75 2
55 30
61 78
76 55
92 51
10 60
23 15
41 99
8 4
16 70
38 20
88 88
13 15
58 58
34 75
72 66
32 60
20 47
19 40
30 91
94 71
45 58
24 80
2 27
5 67
18 42
30 65
21 7
17 28
67 42
68 10
97 53
1 20
26 99
14 98
44 73
33 30
7 76
98 14
80 33
73 53
69 86
95 29
45 63
77 10
23 80
22 32
45 70
46 21
73 25
10 99
17 47
54 58
5 60
21 9
74 64
2 34
77 44
33 3
34 15
3 88
76 40
35 18
34 54
86 92
20 18
100 26
52 79
45 78
37 66
9 96
61 14
17 27
84 4
50 8
36 2
89 49
97 95
77 53
71 45
84 90
7 6
20 94
49 6
51 54
25 98
64 83
32 51
14 49
76 62
59 40
65 35
78 19
19 69
52 37
63 73
8 83
43 55
17 77
4 89
29 53
59 75
91 74
55 39
24 54
55 24
98 36
53 87
86 32
39 10
37 55
31 40
82 52
33 60
31 38
61 37
3 96
15 94
63 24
19 75
59 34
35 18
40 5
75 60
7 89
42 70
8 21
24 20
13 100
12 25
30 98
22 71
69 42
85 76
6 37
50 40
26 17
3 87
89 25
27 14
68 69
80 49
54 54
62 18
89 90
18 75
21 38
49 76
98 87
66 29
76 72
26 86
36 97
83 78
15 7
65 57
19 14
15 30
76 71
41 14
41 35
74 95
58 7
90 67
74 75
91 70
44 3
14 15
98 78
86 86
74 15
88 24
21 99
50 53
50 56
13 99
53 14
14 74
28 40
23 57
41 52
84 98
73 89
76 6
67 70
79 1
28 22
37 91
4 82
45 59
64 20
8 44
61 83
62 81
67 98
8 32
8 43
3 95
31 22
42 79
93 30
40 47
86 92
51 22
41 6
25 70
89 7
84 88
72 41
13 11
82 49
60 92
89 26
25 20
91 9
100 91
87 83
81 32
17 66
83 76
34 75
33 25
96 49
89 27
69 45
75 40
17 84
82 38
15 81
69 26
71 15
35 28
67 33
63 36
1 76
94 54
6 13
74 93
50 53
26 16
72 31
51 37
59 34
95 53
23 16
96 97
79 69
22 72
83 57
14 76
77 40
4 84
79 16
8 50
14 43
54 14
32 36
27 99
18 44
66 70
8 27
19 29
20 48
94 4
54 44
24 21
8 9
95 66
84 73
86 22
87 68
16 9
12 47
55 64
56 54
65 29
8 75
80 94
18 42
64 78
97 94
78 57
20 61
17 52
24 30
87 93
18 14
76 95
81 93
96 42
30 98
65 6
93 72
78 92
22 1
34 30
28 65
87 18
40 64
49 76
69 77
59 39
16 26
76 52
40 30
77 59
61 13
61 4
5 28
10 11
75 39
2 35
9 48
82 8
31 90
98 69
16 24
85 41
16 12
51 40
7 40
65 76
55 16
67 86
100 75
27 36
82 74
71 11
71 37
47 30
48 18
32 49
94 92
90 6
46 63
32 50
14 9
65 83
12 73
89 16
3 39
100 58
50 81
32 86
47 68
65 38
22 85
54 11
65 93
59 85
61 84
93 97
48 18
93 35
49 63
36 89
53 63
88 35
81 5
71 40
80 51
41 82
66 88
49 35
61 43
67 4
6 84
21 49
85 42
77 90
56 90
69 38
76 7
11 5
7 84
48 47
67 17
83 31
82 68
47 14
56 28
70 42
18 52
92 12
74 27
62 95
88 6
82 44
55 88
51 98
10 73
45 4
5 68
11 14
45 38
18 65
42 26
77 91
1 82
52 42
82 50
42 79
8 42
49 64
12 82
89 51
72 41
2 83
40 11
96 36
73 23
68 59
52 12
1 35
51 37
14 49
31 93
95 80
83 45
17 78
37 5
41 44
35 35
87 60
24 7
