180 2
52 9
6 4
94 21
30 13
86 14
64 87
61 42
98 30
99 94
31 14
23 94
50 97
54 9
8 79
33 15
5 96
10 57
98 48
78 81
4 23
42 14
90 58
49 18
82 74
72 26
26 33
63 57
87 37
29 26
95 21
56 68
25 12
75 4
81 86
13 27
5 18
1 47
100 53
73 70
10 44
24 88
94 94
83 68
64 25
27 74
61 65
46 46
80 72
18 9
57 55
81 49
10 73
11 17
67 39
13 16
64 30
7 77
70 43
3 29
38 33
50 91
46 9
21 37
10 69
74 31
67 79
65 40
52 80
8 70
90 15
75 61
34 84
4 5
44 54
34 26
43 98
8 18
27 71
94 43
97 85
8 31
64 10
73 79
90 98
5 45
10 54
77 95
79 11
71 62
17 35
93 6
14 5
64 65
29 84
45 56
62 39
30 3
8 4
100 26
69 78
49 88
88 95
3 71
62 7
50 99
49 90
17 56
90 55
71 18
15 57
16 79
48 46
25 44
56 8
31 30
12 76
2 30
53 96
97 69
73 6
2 93
32 8
10 8
17 57
24 37
6 41
45 78
84 32
38 17
78 51
62 85
16 85
10 10
33 70
27 64
91 95
46 29
57 92
39 47
100 71
38 84
32 68
35 41
90 70
65 14
7 45
53 91
80 63
36 11
27 18
67 30
40 95
71 27
16 48
93 19
5 31
90 57
84 98
59 15
3 64
5 35
36 76
50 39
11 8
36 79
50 64
3 49
50 57
6 29
27 49
24 85
56 69
7 85
40 5
70 98
45 4
78 97
44 34
97 76
28 97
