630 2
94 91
56 60
100 70
67 12
49 48
23 40
57 25
48 67
25 87
31 17
60 91
90 36
39 68
60 100
61 99
15 7
20 20
65 11
65 27
39 24
87 16
30 26
90 92
88 31
63 41
14 71
57 83
75 86
31 98
22 29
2 62
17 5
21 13
68 10
96 94
1 57
16 66
95 75
65 33
21 37
85 80
60 25
12 98
71 99
20 81
16 82
18 15
40 21
91 93
61 66
72 11
62 28
18 92
84 57
32 41
69 54
14 71
11 78
50 86
93 50
85 57
78 79
65 3
99 88
89 23
78 39
30 91
21 66
30 80
92 95
42 99
7 53
99 30
47 93
8 24
50 37
44 58
77 37
72 68
25 93
23 47
6 41
22 85
6 67
31 67
48 21
44 47
41 100
32 39
88 38
76 4
17 68
36 8
100 78
98 98
54 34
86 23
32 75
17 91
62 57
69 27
87 18
83 2
28 37
22 57
12 90
42 55
67 44
20 25
85 4
13 54
49 69
1 1
98 95
30 50
43 14
55 69
81 18
48 56
83 30
16 38
37 86
89 85
73 97
57 29
36 10
85 96
55 10
28 66
21 91
61 72
58 9
95 66
97 58
97 32
16 81
4 65
90 69
85 30
76 53
65 17
72 56
79 72
84 92
53 61
84 79
20 95
1 89
100 51
85 62
95 1
75 59
36 73
44 24
14 88
5 10
3 74
51 60
21 75
92 13
34 23
69 54
31 53
99 38
24 83
99 29
68 59
9 58
51 34
59 19
44 6
23 24
58 18
27 1
68 100
36 8
41 16
2 99
70 3
69 91
61 21
24 88
42 93
78 95
100 27
92 41
43 47
39 99
33 86
50 39
52 51
86 35
99 44
63 7
4 86
83 2
48 92
93 19
5 47
64 62
21 66
39 61
89 64
62 27
93 54
89 82
57 72
22 69
73 90
36 5
53 3
40 16
41 40
73 11
8 32
86 43
95 79
56 22
9 94
45 46
2 25
83 74
73 45
18 39
13 67
94 99
27 75
34 34
21 63
6 67
4 17
14 36
60 9
68 42
92 73
78 2
95 80
43 30
72 39
12 77
55 57
13 49
46 16
1 66
1 29
51 82
67 83
83 23
11 43
99 45
28 26
60 50
59 96
23 57
92 75
99 66
75 11
49 79
44 2
2 1
32 82
76 88
32 7
85 27
20 31
18 39
28 42
75 33
19 75
46 57
23 22
87 80
83 39
7 45
61 39
65 70
76 100
53 53
32 27
30 27
55 36
72 43
68 4
97 26
66 74
94 90
40 3
65 45
74 30
2 86
79 19
53 39
89 21
44 93
52 8
77 14
39 83
42 72
61 29
33 78
46 15
98 37
57 51
90 10
69 92
7 37
15 66
62 69
38 89
4 84
75 82
94 5
99 92
97 97
90 94
23 85
81 83
20 68
75 41
14 98
35 16
6 33
1 88
37 68
49 17
4 19
15 100
1 54
25 64
85 14
63 52
80 19
89 94
56 64
90 93
23 10
86 27
49 31
70 55
18 51
74 80
11 88
89 73
46 62
68 4
16 70
25 34
60 52
51 57
34 7
60 58
65 10
12 16
4 60
22 54
25 21
94 24
45 33
78 35
100 90
45 6
26 48
21 74
18 24
48 66
64 32
44 23
5 69
95 78
5 30
60 100
85 36
68 13
51 69
43 33
29 5
68 94
46 60
50 50
33 83
75 29
78 85
15 92
63 73
21 79
64 82
49 26
92 59
38 41
29 58
77 27
20 61
81 16
75 50
63 17
55 21
79 64
58 61
46 2
98 36
50 56
56 80
75 80
73 38
43 9
99 61
88 42
48 2
76 29
84 43
50 8
4 25
27 8
66 79
60 21
75 5
83 76
26 64
20 94
65 61
93 53
41 97
98 7
82 100
29 96
65 69
28 10
47 44
17 85
90 26
21 70
28 68
82 34
94 95
75 25
86 43
18 42
34 3
35 3
20 30
51 64
19 15
49 50
60 32
45 16
2 37
96 13
18 89
42 8
45 39
85 87
27 45
51 97
62 91
64 83
21 88
79 76
65 81
41 37
84 58
24 28
33 31
3 92
24 84
15 92
38 8
89 31
18 7
75 43
58 54
96 54
9 8
77 3
51 80
93 51
63 9
9 83
32 50
34 97
9 83
76 47
42 51
19 70
34 11
91 50
57 22
81 100
10 81
60 54
17 60
36 61
82 100
65 23
95 14
77 40
61 46
17 3
100 22
75 11
3 3
16 66
9 14
76 52
61 68
19 58
17 31
66 70
23 77
100 87
81 12
15 31
34 82
52 75
27 48
16 85
56 68
48 22
5 2
41 53
99 37
48 29
49 22
99 70
16 23
85 18
54 32
10 14
47 34
87 77
61 29
8 29
79 48
90 46
20 73
53 35
14 87
60 15
27 40
12 64
52 89
7 67
25 19
44 81
30 11
26 30
69 89
13 23
31 36
26 12
98 95
46 17
12 30
80 39
93 5
70 80
16 88
21 86
83 92
52 18
48 9
86 33
81 6
28 30
7 16
15 73
12 97
62 11
70 22
99 59
2 21
13 17
43 69
34 7
1 89
10 6
76 22
43 99
66 76
30 74
74 48
7 85
41 8
4 29
72 93
24 60
65 84
81 61
38 18
55 7
64 63
98 47
38 69
33 70
61 20
66 9
33 89
48 92
26 65
42 71
26 7
76 10
66 21
16 66
74 81
94 58
21 100
20 71
59 31
51 79
22 12
18 24
74 22
96 72
74 94
97 24
96 83
37 99
7 63
9 2
90 9
50 55
32 76
24 75
77 46
37 72
17 29
23 1
28 21
37 74
66 20
