920 2
29 19
11 67
93 51
46 1
36 96
7 64
31 68
65 10
25 11
15 77
47 80
99 81
14 89
80 17
60 95
99 77
100 21
97 67
62 61
20 45
38 64
22 58
13 59
47 23
48 20
86 26
48 49
18 10
33 19
32 18
91 73
62 40
25 93
1 42
70 55
87 50
46 64
29 27
12 8
61 86
45 44
22 49
9 20
5 27
28 56
72 42
100 72
87 92
18 83
22 13
90 5
28 53
43 74
54 53
6 63
24 62
65 55
28 84
96 47
49 80
2 31
54 36
53 96
11 51
69 94
39 56
95 5
80 24
33 73
33 9
14 86
42 61
96 72
50 86
71 42
7 59
61 89
97 11
14 37
7 67
91 90
33 58
42 42
50 98
15 88
9 20
49 14
66 65
80 13
39 75
38 18
82 18
65 63
38 92
44 28
10 46
62 23
45 80
15 100
89 2
13 75
37 88
98 45
50 50
10 35
47 38
1 67
22 73
1 68
40 18
95 51
34 6
67 66
18 73
7 72
28 85
94 31
23 82
55 90
41 7
40 87
97 71
39 68
60 28
55 21
20 44
8 97
88 43
91 32
39 51
58 65
52 62
54 51
88 43
58 65
89 74
14 26
21 56
53 97
39 82
21 33
60 9
60 16
76 96
19 11
25 67
5 76
60 12
66 27
5 10
20 47
46 29
25 95
31 80
8 96
76 90
17 50
66 16
100 4
54 27
11 17
76 19
87 83
58 53
27 11
75 67
100 31
85 40
27 18
8 97
35 91
1 64
100 54
34 92
100 82
27 22
18 59
3 90
29 74
38 91
7 79
79 83
52 14
33 78
22 77
17 66
75 61
47 36
87 14
24 83
84 49
15 79
26 79
84 66
79 7
91 49
58 11
12 20
58 4
57 34
51 81
15 89
15 86
65 51
38 6
63 15
79 23
58 28
72 39
31 34
67 37
56 12
4 59
55 45
7 4
7 88
92 100
2 10
15 3
11 62
80 33
8 8
85 48
17 85
9 93
93 47
69 10
36 6
89 10
38 9
10 38
87 47
59 94
58 13
59 45
77 97
17 27
42 83
78 76
13 92
83 63
45 36
98 18
25 46
7 51
44 60
88 96
47 84
11 1
35 13
23 69
54 41
82 70
100 90
96 9
97 42
8 38
72 83
39 44
13 75
71 93
60 95
37 73
31 23
99 49
72 91
98 84
3 80
22 5
23 3
44 93
88 52
90 63
77 4
80 76
18 35
60 100
28 64
7 16
45 100
66 39
56 11
22 100
27 29
91 20
49 13
64 98
64 23
5 81
69 25
8 1
75 3
83 73
46 85
6 32
67 29
88 11
71 28
9 53
12 4
81 45
76 9
92 57
6 93
12 33
66 71
26 63
93 79
40 83
25 72
38 34
91 17
13 30
86 67
10 26
83 8
20 93
27 73
5 45
36 67
48 40
54 70
36 65
82 52
37 30
66 87
13 76
62 53
13 73
24 5
10 41
8 42
31 38
51 66
88 39
84 60
6 80
34 76
60 43
56 80
38 85
88 15
32 76
67 91
72 41
1 70
9 97
70 67
53 48
85 73
78 35
38 96
1 2
35 34
59 79
46 32
97 92
74 78
22 16
13 34
84 40
11 99
28 78
83 24
80 100
33 54
30 12
17 73
91 19
33 64
43 55
80 75
1 88
52 21
88 65
76 73
76 65
37 38
67 85
35 73
93 62
3 80
42 19
34 56
41 61
19 49
42 69
15 46
79 27
81 30
47 72
16 77
51 78
25 5
91 72
41 39
46 66
51 48
6 35
39 99
12 96
20 13
31 99
64 8
65 47
15 91
93 99
36 49
88 94
84 11
16 80
92 39
34 88
63 24
92 32
54 11
46 19
100 14
78 87
91 76
46 33
67 37
45 66
94 49
68 30
60 10
99 11
17 28
34 88
8 74
70 35
8 85
92 54
9 34
33 72
93 37
6 82
69 41
10 50
90 98
42 32
13 60
6 77
55 44
52 94
57 57
76 25
80 18
82 78
64 39
8 43
17 74
31 77
81 66
18 99
17 12
44 79
60 62
80 28
76 24
22 84
67 8
93 92
58 29
12 21
31 33
34 19
23 99
89 78
91 3
47 32
45 91
100 41
52 49
26 29
75 72
60 64
64 14
38 92
30 7
5 95
95 47
50 90
21 36
23 32
3 59
10 83
64 94
21 44
59 55
4 3
67 32
55 62
100 98
5 34
35 49
46 5
27 62
80 49
62 58
86 38
86 74
68 58
76 52
65 56
83 18
80 38
11 44
69 86
74 11
22 51
4 9
35 76
91 42
58 94
20 55
40 67
23 36
12 15
67 99
59 26
72 76
12 4
7 100
89 12
55 29
45 49
13 35
6 96
46 79
82 47
86 77
7 80
36 1
84 81
45 58
85 53
2 45
67 39
72 35
51 34
96 20
52 59
66 46
30 69
56 54
63 95
71 63
75 62
40 26
24 10
6 50
86 41
61 62
82 35
22 46
37 28
97 84
28 28
78 94
35 22
83 67
99 19
60 62
57 9
59 26
59 11
100 100
45 35
97 29
82 86
46 26
74 3
1 52
20 88
55 58
60 32
9 40
45 68
20 16
76 38
8 98
39 91
28 82
69 58
44 37
40 73
22 20
13 6
69 71
28 84
25 45
83 30
3 39
50 41
96 84
56 85
13 100
16 57
100 85
76 20
51 95
46 10
100 23
28 49
25 79
41 45
41 93
25 85
27 13
32 52
78 3
99 41
19 83
81 36
38 57
19 70
89 51
39 60
62 94
99 76
11 69
39 70
30 14
70 26
99 71
56 28
57 89
73 99
60 46
41 45
88 28
19 4
67 12
99 55
35 61
1 7
100 68
8 53
26 63
16 87
63 12
70 34
18 27
64 38
90 16
31 68
71 80
9 3
54 95
67 39
14 82
63 79
75 86
60 74
28 2
64 14
90 61
23 68
80 19
50 69
21 31
35 32
44 39
71 66
58 97
72 93
50 71
75 13
91 57
52 53
62 2
98 80
73 74
5 65
13 70
33 28
95 16
63 97
9 74
40 84
75 9
10 60
63 57
28 91
16 82
46 91
44 3
49 23
24 61
35 91
80 2
2 91
6 43
98 45
51 78
32 65
65 25
61 93
7 73
90 81
26 38
44 21
3 70
83 13
34 48
66 11
54 87
7 59
77 23
1 8
42 87
87 15
92 24
51 97
44 89
26 22
31 4
20 30
69 47
19 2
19 63
1 55
34 16
28 65
87 9
35 42
52 28
100 100
45 63
78 11
63 40
6 86
68 30
64 69
54 90
46 89
100 79
91 50
48 11
49 19
69 49
72 60
51 69
89 23
100 95
72 92
4 46
79 55
3 6
86 79
9 100
21 76
46 40
46 32
70 41
15 14
61 29
56 64
15 5
65 39
95 20
42 68
58 81
65 64
36 88
97 11
79 88
92 52
90 73
89 96
77 76
11 26
44 21
19 26
81 1
22 64
50 71
22 39
68 31
41 78
81 10
70 72
51 74
40 53
23 80
39 55
86 60
98 17
44 17
21 27
82 55
26 93
99 70
87 89
86 6
60 31
15 77
18 80
39 38
67 40
78 4
63 98
84 7
52 74
90 73
79 62
38 50
22 47
12 49
66 29
11 20
12 1
58 38
40 14
27 12
37 6
88 100
89 27
58 54
2 47
35 39
90 90
44 65
75 90
65 13
89 7
90 29
47 38
63 71
79 66
26 69
44 58
57 2
100 22
31 98
49 98
54 6
88 73
11 46
48 35
67 97
6 51
41 53
52 56
83 82
96 71
8 62
72 2
34 33
44 9
15 57
50 2
76 9
83 84
60 36
8 38
8 93
20 64
33 65
82 16
57 34
43 99
70 28
7 96
76 19
56 89
74 51
8 62
29 13
93 63
37 51
31 4
80 26
96 94
1 39
25 10
87 57
2 19
57 14
69 56
5 59
21 32
79 84
89 82
27 84
83 67
58 36
79 11
85 26
74 12
59 77
51 98
27 38
54 19
55 1
35 70
15 70
96 28
30 35
59 17
43 51
11 55
58 58
99 5
51 22
33 84
66 85
99 99
61 56
73 31
100 93
82 2
32 38
46 80
83 35
52 4
49 83
32 69
87 14
