880 2
38 21
24 55
75 43
69 87
50 99
93 20
92 84
29 58
86 67
68 22
92 43
94 95
70 2
55 36
92 41
13 78
68 18
33 66
28 70
26 31
25 91
17 77
58 45
54 28
99 39
20 99
89 96
18 78
86 88
97 74
21 73
24 92
49 90
88 51
52 34
90 59
100 78
59 87
96 85
74 96
75 75
92 85
46 35
3 82
65 77
86 69
63 15
12 44
46 37
59 29
58 44
52 78
63 3
58 77
29 3
54 22
39 81
71 61
85 99
46 95
43 5
89 60
28 64
12 27
69 87
65 31
95 42
8 46
58 34
86 52
92 63
21 23
71 85
14 86
12 71
42 23
48 2
87 19
57 60
9 59
52 91
99 47
84 35
96 19
12 12
35 62
77 41
62 9
88 87
13 9
68 73
82 27
52 72
21 91
5 31
22 83
75 18
65 94
7 12
25 64
78 65
55 58
33 44
42 82
85 17
94 19
11 27
81 27
54 96
92 31
59 23
22 53
56 20
6 44
95 32
77 77
39 13
63 38
24 65
76 25
13 28
52 47
8 30
31 4
64 4
15 67
60 16
78 58
15 54
91 39
49 84
77 73
23 25
51 52
96 22
61 59
50 43
82 62
51 91
40 41
15 48
3 100
80 97
63 7
8 5
12 36
40 93
88 3
62 70
67 36
33 61
88 31
61 11
65 43
93 57
70 11
32 91
37 56
94 14
75 31
89 10
5 37
97 52
14 39
75 39
31 78
76 48
64 45
17 73
59 91
100 31
63 1
84 24
90 25
2 13
71 37
82 7
87 49
5 25
84 93
94 77
95 60
61 52
36 67
48 44
56 14
16 98
36 44
29 1
43 74
71 16
39 79
17 37
41 28
100 82
62 38
33 44
56 46
2 61
49 56
47 38
29 86
14 55
41 64
74 21
15 77
55 85
36 72
31 80
32 96
51 54
21 86
61 8
72 49
6 33
77 32
34 91
82 22
18 30
71 1
90 2
37 60
74 21
70 61
37 20
53 40
87 48
44 89
95 28
82 48
29 37
20 81
92 64
30 70
7 28
95 57
36 5
63 78
100 1
34 31
20 63
54 20
81 76
79 59
51 41
89 61
31 55
62 2
27 7
57 62
79 53
1 81
22 79
21 32
43 15
40 85
28 69
44 9
77 47
18 43
16 44
79 95
92 41
51 47
54 82
63 80
58 23
5 49
31 96
61 62
70 57
54 97
77 70
7 2
66 89
78 80
66 1
61 43
90 43
42 18
37 97
54 18
74 46
83 82
14 77
92 67
66 51
11 27
77 14
58 93
37 20
42 16
35 37
54 9
36 75
90 92
94 64
88 44
53 82
82 30
58 81
49 23
40 46
60 48
90 47
80 61
70 45
81 62
99 95
5 73
14 48
23 16
100 6
37 52
48 29
84 94
11 21
44 4
55 55
6 47
99 9
17 40
73 66
17 26
37 62
76 98
88 75
82 74
68 17
3 4
34 48
69 93
31 75
22 10
99 64
90 81
43 10
19 78
67 48
33 10
71 69
45 6
56 90
24 2
11 33
58 33
84 73
77 16
10 82
79 51
25 67
75 37
26 62
63 46
20 30
70 99
17 26
51 78
24 65
10 59
48 76
21 32
82 53
3 74
59 93
29 90
60 32
54 61
15 91
8 43
90 56
23 12
4 13
13 66
52 84
94 88
43 45
32 90
86 100
61 83
54 98
38 46
52 52
67 25
78 93
13 65
8 55
77 3
54 22
47 43
88 17
47 21
20 83
74 39
99 34
19 86
97 11
1 75
76 13
85 91
98 14
82 1
30 52
60 4
37 16
32 24
11 93
83 36
6 15
73 21
78 31
10 40
57 8
67 14
26 31
5 18
97 32
89 9
18 54
69 68
22 93
44 1
17 75
96 46
64 17
9 81
99 47
49 23
68 38
37 95
31 99
26 59
8 89
85 66
45 12
71 51
35 9
35 45
71 51
10 97
82 41
49 73
88 80
34 76
99 86
40 39
55 37
82 31
21 82
51 53
50 99
33 23
78 98
14 76
14 73
80 67
95 60
91 13
15 5
4 41
75 53
22 55
80 71
71 53
29 13
41 89
46 62
89 50
10 2
73 52
25 95
89 98
57 9
42 98
62 39
83 78
13 51
25 45
64 23
27 64
22 88
46 58
71 52
47 79
93 64
29 27
74 54
78 21
55 11
71 66
85 24
86 28
22 91
63 95
50 11
87 25
88 97
44 58
83 26
100 41
98 68
82 53
48 15
90 24
14 81
36 36
57 56
45 10
100 80
12 1
80 1
45 9
11 34
6 27
57 32
53 89
50 38
49 57
23 1
94 86
99 100
23 91
78 51
38 64
57 56
44 16
25 21
35 66
32 47
12 46
19 78
90 4
26 81
69 29
38 85
58 21
58 12
20 37
54 8
36 80
94 42
31 93
57 84
75 49
45 81
82 80
91 78
43 96
77 58
94 15
46 5
29 44
77 79
41 57
25 84
10 93
66 49
15 20
40 56
36 1
93 63
4 99
1 92
100 1
82 1
1 98
4 37
75 88
28 63
71 8
78 87
29 41
44 56
20 28
25 10
67 87
58 21
45 84
39 1
14 2
44 38
61 22
63 19
46 61
68 73
92 100
27 85
33 95
63 34
14 34
87 71
37 93
89 20
36 96
93 88
36 96
52 51
10 79
16 61
10 55
7 10
98 11
97 52
57 3
17 47
21 50
57 34
59 49
98 3
22 84
46 18
29 9
69 14
3 55
6 45
86 37
78 18
46 67
88 48
57 85
24 56
25 80
49 77
33 94
51 53
55 70
2 100
9 33
63 74
40 95
70 26
65 83
23 82
40 39
81 75
32 88
37 24
98 68
81 56
39 57
11 77
12 24
35 69
82 76
8 19
42 23
97 29
3 1
54 51
1 72
71 78
92 97
67 73
57 29
82 40
27 1
27 38
1 59
1 90
88 69
94 81
59 86
11 18
61 68
8 83
41 57
96 25
65 36
75 53
97 49
39 74
36 16
62 33
88 33
79 63
58 92
51 3
39 9
71 4
78 15
14 8
61 34
99 57
1 81
97 74
13 93
8 28
34 15
53 99
57 82
51 91
20 35
95 61
7 25
42 100
51 18
24 17
44 17
86 69
28 61
33 14
26 45
47 75
46 18
31 88
54 34
62 55
11 37
39 17
36 24
1 77
20 55
28 72
33 50
1 98
75 43
7 33
9 24
69 26
89 33
85 46
85 25
52 19
91 30
70 56
15 22
52 69
3 10
67 46
22 39
98 59
52 34
90 32
68 22
62 16
58 44
17 82
45 39
37 96
23 61
7 61
15 34
26 58
42 21
96 55
21 19
18 54
42 27
95 80
14 33
83 38
20 44
52 65
17 26
23 42
10 64
41 47
33 13
48 72
90 75
5 75
7 6
50 11
48 26
3 18
11 15
56 82
72 54
4 42
28 4
87 28
77 75
60 81
68 87
6 22
88 9
68 70
72 97
12 95
76 96
37 38
68 68
7 94
24 50
8 49
40 19
45 6
5 22
51 29
45 46
43 67
86 85
2 10
72 5
26 97
12 69
66 27
33 67
95 81
6 80
63 98
5 51
52 46
25 11
11 7
33 7
59 81
38 13
92 52
38 23
38 34
15 19
91 12
51 12
64 19
63 15
39 99
45 92
47 77
69 56
85 23
47 50
3 63
21 27
63 81
16 6
70 36
73 89
75 42
22 34
79 45
16 12
44 37
20 84
68 91
4 4
39 14
37 89
52 73
93 64
97 33
20 26
57 5
86 74
52 47
48 81
100 46
71 60
32 81
77 100
36 13
39 53
59 51
95 77
42 39
10 25
100 31
66 96
43 29
53 13
51 57
49 98
40 25
95 12
77 71
59 39
81 10
83 33
63 85
18 66
5 74
37 19
66 1
18 85
45 84
74 76
37 43
76 47
41 23
10 37
