850 2
77 55
68 46
25 64
17 63
44 66
57 53
84 93
58 68
24 40
64 12
74 69
52 87
78 44
7 91
36 64
26 35
45 53
32 18
77 19
9 19
16 45
55 57
19 26
27 93
38 88
95 69
78 16
53 57
10 28
26 11
93 21
56 100
67 97
27 89
62 36
54 9
38 58
27 7
77 100
88 47
34 76
51 93
91 55
63 6
39 77
31 29
97 13
62 40
87 83
61 15
66 40
34 14
5 43
87 72
35 33
85 84
49 36
93 71
65 5
87 62
78 55
66 18
50 17
49 57
30 83
55 44
64 12
13 35
47 1
86 71
100 47
99 76
28 68
53 34
29 93
68 20
52 48
58 50
36 80
69 26
83 77
91 42
14 67
3 7
50 97
61 29
23 55
47 19
38 34
28 84
89 96
64 24
60 87
53 40
78 71
31 16
64 56
2 23
85 1
53 6
45 93
42 79
44 55
14 44
17 25
26 74
82 20
65 83
4 38
59 89
77 51
50 70
34 57
74 23
55 53
35 10
11 68
57 74
20 81
45 11
86 72
80 93
27 40
57 38
26 79
80 13
26 29
80 16
78 40
88 8
61 51
65 71
42 40
50 29
3 89
35 43
84 32
74 33
61 40
33 49
65 80
46 58
4 11
37 15
57 95
35 33
13 18
17 72
51 12
3 21
79 39
18 49
25 10
85 73
80 60
36 29
92 97
9 5
25 55
8 66
4 79
71 89
18 37
13 64
17 36
46 100
66 22
47 48
22 88
67 1
20 48
66 1
69 39
49 48
53 31
17 28
21 23
70 24
44 72
84 53
2 57
54 26
43 37
71 5
61 70
58 13
23 53
42 45
9 91
92 42
59 3
39 27
55 98
54 73
53 35
93 95
30 49
17 69
19 26
63 70
32 48
68 33
96 67
34 56
74 58
15 18
62 37
17 32
40 7
23 8
47 67
22 57
30 62
4 56
25 7
58 55
43 95
96 82
53 92
94 27
35 30
47 54
49 39
13 9
28 64
34 92
46 37
3 75
80 7
92 57
67 86
51 24
41 91
69 32
36 7
13 14
99 80
41 29
94 77
77 72
72 99
1 43
34 26
71 55
94 30
46 55
23 36
35 7
75 62
38 96
9 44
93 67
23 22
11 63
87 46
41 50
11 75
6 32
70 90
37 89
70 27
60 29
58 31
76 16
84 19
42 50
69 6
11 17
11 10
67 4
36 79
53 7
47 73
95 16
95 29
75 80
29 62
38 10
31 72
77 33
51 10
84 76
49 55
82 100
64 50
37 42
54 73
11 71
57 20
97 38
34 13
2 53
69 71
100 55
32 64
69 43
39 58
92 93
43 97
12 66
23 93
58 2
19 73
86 75
66 43
8 30
16 49
84 59
38 54
16 76
89 5
57 24
63 46
30 42
54 52
91 62
19 97
69 57
40 1
56 24
86 51
69 17
39 21
18 29
77 63
66 71
69 95
32 56
54 54
2 80
5 17
8 64
60 39
35 20
61 93
14 8
20 61
72 12
72 92
99 88
85 73
42 69
81 98
46 28
5 79
73 100
77 11
70 98
28 75
60 93
85 59
39 23
36 80
9 41
37 15
54 93
44 78
16 64
6 67
79 31
73 54
83 84
40 54
70 63
45 52
52 39
38 74
42 24
61 13
63 46
80 98
58 25
7 42
19 73
95 19
96 16
97 89
74 57
88 44
89 62
53 99
60 52
28 40
34 17
68 9
59 84
51 20
2 93
84 3
17 9
45 9
6 82
7 25
45 68
22 98
4 41
24 3
72 3
87 66
1 34
53 22
43 85
34 12
9 16
63 29
46 23
34 25
49 83
20 55
75 54
43 22
56 95
50 23
16 68
29 69
97 86
69 38
29 84
24 39
10 97
35 39
10 18
41 15
5 93
35 95
31 90
87 77
96 86
18 76
2 93
94 17
87 6
26 31
12 22
50 90
4 6
38 42
48 10
38 58
91 49
23 99
25 75
46 60
99 57
20 92
29 43
71 14
12 51
76 87
1 7
38 68
32 28
30 49
36 60
15 99
87 1
13 80
53 28
64 29
69 92
89 10
51 57
88 96
63 100
46 8
47 20
45 85
31 26
96 96
63 84
33 53
61 2
64 59
88 82
23 71
22 61
26 97
79 69
99 48
53 14
51 19
34 68
38 62
46 45
81 81
60 31
59 36
10 10
93 26
39 69
93 99
96 71
41 10
34 12
100 82
12 99
13 37
69 12
13 47
68 68
34 84
11 53
13 77
64 98
21 22
26 32
84 40
71 52
4 31
66 45
79 40
12 39
79 31
27 67
49 68
6 2
50 100
25 92
42 23
7 2
47 26
27 11
33 98
9 50
39 70
79 40
5 31
94 100
1 41
61 29
15 60
67 2
56 45
90 3
37 3
20 46
16 26
51 64
95 10
14 87
81 63
81 53
44 43
27 80
87 70
21 19
3 69
34 31
5 4
82 75
58 83
93 70
20 12
13 69
39 77
73 13
75 50
90 44
77 16
12 78
71 75
54 80
73 15
83 80
27 31
39 41
15 89
21 56
88 30
94 43
59 3
23 75
61 58
54 62
32 32
79 30
74 87
26 58
17 72
28 64
78 83
4 51
91 97
22 95
76 9
85 70
55 54
47 84
96 22
10 18
38 39
92 51
23 3
13 76
25 10
89 40
25 6
26 70
9 25
44 51
47 96
16 91
3 29
26 30
96 81
43 71
10 80
62 31
41 37
15 51
50 81
30 89
100 38
78 81
19 65
76 30
6 90
28 45
10 45
10 64
30 72
93 5
54 64
58 54
81 34
11 94
66 48
93 21
91 22
34 46
26 58
74 66
71 16
81 83
81 73
27 90
74 32
33 89
40 80
23 21
59 22
53 88
74 63
37 58
76 18
38 95
27 91
79 6
3 90
77 7
5 21
97 26
97 22
30 72
34 95
38 26
39 93
52 74
49 94
12 16
66 19
37 84
5 12
65 71
80 6
36 40
33 81
46 94
80 46
41 20
40 64
60 81
18 15
10 2
22 38
69 11
80 63
55 46
88 62
42 99
69 24
35 31
1 57
19 47
66 50
64 3
47 26
87 38
38 68
56 74
46 78
84 29
48 35
75 33
52 60
11 73
87 26
34 54
55 96
10 1
97 78
35 99
30 56
23 55
22 23
92 68
56 82
57 58
23 49
20 15
13 80
83 68
46 78
99 44
94 71
89 66
73 49
90 81
71 89
77 45
70 3
92 6
21 1
42 39
24 71
44 58
32 85
39 65
78 83
87 66
20 94
4 45
14 78
78 25
41 75
37 33
45 52
65 44
3 58
6 50
32 25
66 50
99 36
59 67
96 51
55 87
81 19
37 98
1 60
89 73
84 96
49 86
2 24
4 90
44 71
15 29
52 55
23 69
99 35
50 78
83 15
4 22
64 53
48 48
33 18
26 16
47 79
29 23
5 69
92 18
85 87
53 49
99 13
99 77
30 10
40 48
96 79
90 35
99 32
95 63
6 23
93 33
15 78
97 84
86 78
25 54
86 91
50 15
30 63
82 43
88 48
83 9
94 40
71 58
61 99
46 79
14 36
57 3
17 46
10 5
86 67
41 85
35 59
9 85
63 54
55 39
87 53
56 75
27 44
71 90
68 22
64 31
27 53
27 46
41 20
65 14
23 97
2 33
1 38
77 64
11 46
92 58
2 75
75 13
80 75
91 21
81 36
40 73
47 33
25 29
42 81
17 57
28 95
33 98
39 11
24 59
100 90
100 42
10 77
72 50
40 20
46 20
31 68
75 6
50 6
45 29
42 82
68 58
32 69
90 25
