470 2
83 21
55 9
61 48
11 47
33 12
67 70
84 18
91 23
88 65
58 5
8 19
9 28
55 97
84 12
28 78
75 73
22 27
20 28
76 88
65 92
57 92
36 87
83 38
43 13
21 19
60 54
84 88
85 1
58 69
54 55
1 58
90 52
38 37
84 86
17 98
1 59
5 64
63 14
30 83
48 87
74 79
20 93
31 32
12 23
71 80
75 65
41 15
12 66
95 56
95 87
1 45
35 17
26 10
13 84
22 49
18 46
100 58
35 66
77 36
51 52
91 64
40 50
92 42
44 4
47 58
41 85
9 73
35 30
33 17
44 36
65 19
82 41
86 2
69 47
95 97
9 11
47 40
74 34
58 89
48 96
2 88
38 55
48 28
33 22
44 39
84 20
20 98
65 72
3 84
30 91
20 54
1 22
73 62
83 95
90 96
38 100
72 4
42 59
77 55
89 82
71 58
86 26
27 98
45 21
5 13
67 71
78 59
51 12
11 7
88 77
58 56
26 5
21 67
55 55
93 83
84 45
32 47
90 85
72 10
71 75
71 46
60 80
14 85
57 21
11 34
67 52
72 69
22 82
31 72
91 46
45 16
86 45
14 4
100 86
75 32
33 52
55 57
31 7
65 70
1 34
70 85
1 68
12 23
94 63
99 17
64 90
36 56
2 6
11 97
16 12
47 56
54 31
81 16
95 9
4 94
66 35
70 48
44 59
90 78
83 25
78 88
29 67
13 19
33 3
14 37
63 52
50 75
51 36
71 34
56 12
43 79
14 4
15 39
41 22
74 57
84 14
59 85
26 95
2 36
25 87
13 99
9 25
65 57
42 1
73 25
10 82
1 94
53 92
14 62
29 44
90 45
86 80
79 63
16 62
62 57
21 15
55 49
37 8
11 50
23 42
73 44
26 33
47 35
59 79
97 61
18 69
96 87
4 65
77 97
25 64
20 42
74 45
55 14
51 93
69 77
72 26
64 86
41 3
14 40
71 16
97 87
6 22
64 4
97 88
31 51
36 92
52 46
90 61
51 9
95 81
6 47
18 64
23 25
88 64
45 40
26 42
40 61
62 72
88 8
16 41
23 56
85 2
63 38
69 50
73 92
80 28
44 66
67 25
74 63
93 71
97 35
58 77
15 92
88 52
52 42
74 83
11 37
39 34
46 3
29 23
91 26
16 20
34 82
66 83
94 73
15 98
33 21
63 34
17 88
43 65
73 14
47 77
49 42
39 43
87 70
20 62
28 59
90 24
3 34
15 56
65 76
26 78
89 35
22 35
16 68
41 3
38 68
76 8
2 50
3 51
64 2
68 91
64 52
17 35
4 66
17 72
28 28
81 7
4 87
74 24
61 28
30 67
42 20
72 77
23 41
64 4
19 92
52 87
64 21
9 70
22 46
63 10
47 58
63 30
93 16
62 43
31 52
30 78
57 69
99 49
84 77
6 29
51 15
68 36
31 79
93 53
69 22
21 75
66 84
25 27
53 75
10 76
44 57
14 61
71 27
2 7
89 25
4 81
48 49
40 33
11 42
71 77
52 71
75 88
63 40
67 20
85 70
59 41
83 69
95 27
88 88
25 97
13 70
84 32
86 80
3 96
96 17
12 42
91 63
31 82
20 1
69 27
90 53
13 93
49 90
24 19
65 61
76 37
61 30
12 9
2 76
65 17
8 38
67 15
53 13
9 25
32 55
23 72
71 88
95 48
62 83
8 14
48 70
96 78
98 53
61 14
73 54
45 21
83 56
84 31
91 2
22 86
53 54
79 68
6 27
18 83
87 57
93 27
73 96
94 73
98 53
56 50
23 74
3 74
9 27
59 37
9 21
70 27
93 76
88 10
85 57
45 86
49 63
28 97
44 6
88 69
23 17
89 2
92 36
64 85
87 89
100 29
3 13
76 17
34 74
87 4
58 36
66 68
23 36
13 71
28 83
28 46
54 60
19 4
61 87
88 9
83 76
3 14
35 91
62 29
94 36
95 18
60 23
23 7
67 74
48 69
88 2
79 4
85 14
47 10
60 37
85 70
76 65
53 17
17 3
53 69
54 62
32 53
36 31
81 69
77 35
9 99
48 21
32 46
76 67
99 24
83 8
18 74
82 6
9 51
