900 2
60 25
51 24
82 19
52 87
56 80
33 94
4 93
59 64
75 83
84 27
57 89
39 11
80 95
98 92
75 80
39 90
91 55
75 57
42 8
32 61
98 3
3 45
65 9
58 55
89 61
83 7
7 87
41 88
1 48
68 93
49 96
71 23
62 61
39 76
78 17
31 51
57 19
15 53
43 52
59 12
2 25
41 55
75 87
75 10
43 98
40 90
1 91
27 62
79 71
89 14
84 91
90 77
46 96
35 3
53 36
73 53
73 15
13 86
65 68
33 71
69 21
38 10
81 34
54 54
87 95
73 18
6 37
86 70
77 28
52 19
77 80
34 98
23 60
81 63
31 9
73 33
91 81
28 14
17 79
11 17
69 42
35 3
6 86
13 94
57 12
60 30
100 62
81 24
28 19
11 12
73 13
32 28
17 92
62 54
94 66
28 61
72 90
63 83
93 50
49 41
14 50
71 61
33 6
83 82
8 69
40 70
41 76
92 8
80 66
81 29
84 25
49 57
1 35
58 62
67 63
16 88
71 18
46 1
23 70
23 47
50 14
54 77
36 3
44 65
33 16
68 27
9 35
76 16
94 20
42 47
25 52
19 38
48 27
39 12
48 16
49 50
76 20
96 99
49 36
26 60
44 40
47 62
7 25
40 24
37 47
21 16
31 4
54 56
57 32
96 5
7 69
14 87
13 54
2 39
97 56
68 64
96 43
39 60
52 2
1 55
26 23
96 67
23 50
4 54
94 5
52 70
46 4
80 41
91 15
35 4
63 71
45 89
70 86
53 73
96 95
97 33
30 63
91 3
38 99
69 4
75 43
57 22
28 39
69 88
8 4
97 16
54 37
63 78
43 19
76 35
79 80
11 50
21 94
10 57
62 23
15 35
71 99
46 17
95 36
78 46
66 26
87 100
97 10
32 1
23 9
2 88
82 86
88 35
23 50
26 47
86 46
13 98
3 22
75 21
30 42
47 65
26 23
19 33
40 70
39 81
13 73
27 77
4 30
12 68
68 91
90 33
5 48
41 47
86 18
70 38
53 41
1 59
16 5
11 80
93 68
19 96
29 18
98 11
99 89
19 67
14 89
75 88
23 61
45 54
78 40
17 8
68 69
2 7
80 44
87 46
73 87
89 37
58 47
25 43
87 9
53 95
5 49
77 67
75 60
96 29
59 68
79 49
65 19
19 36
28 67
99 61
59 9
33 99
57 16
64 40
92 65
70 69
9 44
19 49
55 61
90 7
37 74
98 6
38 96
3 65
76 96
87 13
98 50
43 23
89 4
50 59
44 89
60 27
1 24
31 21
78 15
67 18
40 74
40 48
42 22
38 100
98 92
95 10
5 57
20 34
7 50
8 98
50 12
16 90
19 44
10 50
30 46
4 42
7 31
89 13
64 73
71 49
18 90
5 1
97 33
94 13
15 28
5 10
70 49
23 61
39 45
18 21
82 50
3 45
99 62
1 71
81 70
23 28
72 75
73 87
3 62
63 1
79 80
55 65
5 71
10 86
32 60
66 70
90 20
86 86
7 52
30 72
26 32
72 5
90 90
17 74
75 41
97 56
64 97
88 44
11 65
86 43
63 28
88 63
61 44
37 77
92 10
1 84
86 25
65 87
96 89
47 36
69 44
97 31
16 40
20 18
77 75
92 88
92 20
53 40
13 36
19 66
13 55
11 1
39 37
80 52
68 64
64 60
25 66
54 80
28 3
39 11
100 72
3 44
56 41
63 41
83 51
98 23
75 16
85 8
35 93
68 24
87 4
3 10
64 51
87 49
68 23
40 9
54 58
62 88
21 66
23 6
36 27
57 29
43 50
95 34
50 14
35 83
41 18
16 22
25 12
69 87
6 66
43 34
9 61
71 58
13 8
83 49
4 39
70 61
51 16
24 12
6 77
79 44
22 17
76 55
10 30
60 21
37 43
88 97
78 27
96 10
100 94
7 75
5 39
67 62
42 71
39 4
60 4
24 68
71 95
82 78
25 1
62 68
5 35
81 22
52 47
98 12
1 58
83 2
45 81
33 64
81 89
24 65
10 62
82 51
85 13
72 80
45 65
31 79
46 100
13 95
65 8
92 21
59 77
97 93
60 57
22 52
94 55
27 68
35 88
99 13
100 57
91 84
2 24
29 62
51 79
86 75
73 41
65 70
71 56
58 56
1 90
14 62
30 23
4 84
70 85
22 48
75 75
22 62
56 62
63 57
35 98
7 30
56 89
25 74
99 6
78 44
29 24
54 14
85 98
28 18
69 30
84 17
19 3
1 38
78 20
87 54
75 84
75 74
99 30
69 91
36 69
30 69
38 13
88 50
1 19
42 42
26 70
65 71
45 30
39 49
52 45
58 63
79 6
59 64
32 84
72 40
26 31
51 20
3 90
95 28
30 20
76 77
30 88
80 19
29 47
43 68
69 100
34 63
78 77
59 34
52 20
74 27
28 7
18 50
58 36
70 32
32 89
52 71
17 49
9 47
44 84
22 30
89 57
68 69
91 20
76 20
21 53
82 88
53 80
7 89
16 86
69 16
39 31
35 3
27 90
54 76
76 20
66 7
62 52
30 45
83 71
18 30
31 45
60 30
24 29
10 74
47 27
10 61
84 42
76 22
64 34
72 24
76 56
90 10
79 65
47 93
39 18
98 27
57 9
73 59
28 30
11 13
78 45
27 65
77 75
98 24
36 22
46 53
84 20
83 34
41 69
16 72
54 84
41 75
56 26
90 22
2 84
36 22
98 31
66 59
12 43
48 50
67 85
96 61
60 89
95 69
59 86
28 65
44 40
68 64
69 26
85 16
25 56
85 40
66 83
73 2
42 92
63 23
65 94
7 2
60 82
44 88
71 59
86 46
75 29
39 69
34 57
83 33
62 4
7 86
12 88
71 69
18 64
58 63
94 81
27 57
16 96
50 95
46 52
65 68
60 44
50 5
24 96
30 44
73 91
96 94
66 96
19 51
34 12
87 58
22 93
39 11
8 42
65 74
84 90
79 52
58 46
12 19
45 86
4 10
17 89
18 81
91 6
18 48
93 89
41 1
62 74
57 74
91 56
9 40
72 86
16 35
13 99
31 6
17 39
50 1
57 27
85 70
89 63
100 93
11 50
49 39
46 40
40 97
47 73
83 53
13 100
50 61
53 4
52 16
49 7
28 8
62 35
71 72
13 29
95 67
25 87
90 70
70 39
24 91
51 58
52 87
22 61
80 66
62 46
43 47
94 69
19 5
27 69
74 13
52 63
81 76
13 28
83 56
89 39
57 35
77 96
27 81
46 93
98 16
14 31
89 79
12 95
98 99
6 51
5 56
43 29
43 45
90 35
88 50
96 65
38 83
40 81
69 1
6 96
55 14
52 9
50 57
60 51
31 84
78 18
35 40
82 92
80 82
91 88
85 62
100 36
97 17
27 30
97 82
92 63
67 38
24 41
60 18
93 5
27 44
24 37
15 3
22 82
34 10
98 50
94 37
96 7
74 52
8 54
92 94
93 37
91 87
7 2
52 69
71 15
97 62
90 80
6 64
15 76
87 68
68 69
70 40
89 11
52 92
98 50
55 54
28 27
66 29
19 84
11 70
24 46
65 72
10 86
18 30
10 40
84 52
46 15
22 94
56 16
92 62
88 20
85 46
9 88
31 21
59 86
40 7
64 39
73 89
20 1
7 54
80 95
66 61
43 26
1 9
99 94
1 43
60 15
12 3
58 27
79 51
51 57
56 30
62 54
70 31
1 83
6 23
100 4
87 34
69 4
78 68
17 39
33 10
89 23
94 92
26 14
43 72
25 12
37 40
47 44
16 45
80 49
65 33
96 49
94 43
1 70
91 31
14 24
57 97
95 50
62 93
3 40
77 19
78 39
12 52
41 99
88 82
12 80
94 90
20 13
25 47
16 34
51 83
77 26
67 1
57 39
80 36
84 22
41 59
92 8
24 74
40 87
77 93
51 48
37 31
18 35
27 33
91 50
1 84
58 55
38 46
65 80
57 80
18 26
67 10
94 89
8 34
42 97
60 32
91 83
64 19
77 36
19 64
