190 2
65 48
100 61
92 43
69 47
15 23
55 69
98 50
87 11
20 1
44 91
76 34
26 66
79 94
59 56
7 60
37 6
16 63
59 47
7 77
88 48
33 55
44 87
38 99
4 70
35 23
38 46
54 3
58 42
39 82
5 77
15 46
94 5
69 95
51 32
23 11
69 13
17 94
19 82
64 56
36 45
59 89
80 32
94 68
73 59
6 10
42 48
5 19
78 93
82 13
49 66
93 11
44 82
96 39
55 52
3 24
96 33
93 84
96 11
56 15
25 74
34 39
79 66
70 32
89 7
48 74
61 28
98 56
36 96
89 100
24 36
65 86
6 78
52 24
87 37
35 1
53 27
3 54
85 17
36 35
60 77
82 41
13 29
29 3
91 42
29 9
79 37
94 92
78 59
76 54
82 77
43 70
50 61
72 2
44 44
41 45
57 20
60 96
64 27
69 90
22 87
50 33
52 5
85 74
11 81
63 72
45 11
27 96
68 48
39 38
97 41
58 87
60 4
20 80
75 22
80 46
73 56
54 98
3 97
37 72
96 63
31 49
69 17
49 78
16 13
51 28
28 15
74 38
23 21
99 100
95 52
71 53
46 97
28 54
77 36
41 99
47 81
14 86
88 82
98 82
41 65
69 69
51 29
52 64
97 60
37 58
21 23
52 37
1 69
43 98
60 84
23 88
13 50
75 84
54 54
53 25
82 4
80 29
18 79
80 65
11 77
74 94
53 3
42 79
32 22
73 81
61 88
12 48
3 96
77 84
50 71
66 25
21 59
48 93
31 23
61 92
26 42
17 38
9 4
27 74
60 59
32 88
78 57
31 23
60 65
83 15
78 43
21 32
60 93
9 1
96 5
