990 2
4 9
75 79
55 9
5 5
50 38
44 49
44 30
72 7
32 65
99 57
44 60
95 89
76 55
26 62
10 33
22 10
45 100
14 37
64 29
5 58
49 2
88 75
38 34
5 68
18 39
53 11
92 24
96 9
88 7
100 20
91 4
4 92
49 38
56 57
5 80
45 82
13 56
98 79
56 86
69 52
64 76
15 15
9 95
26 30
51 45
45 52
1 86
75 85
42 2
53 58
48 84
43 99
35 74
65 38
93 26
20 94
41 1
70 64
2 87
25 82
3 44
85 85
98 39
25 69
61 49
74 25
29 42
48 100
76 14
11 49
52 73
80 32
91 32
91 93
87 33
38 84
37 80
33 44
94 15
62 22
96 55
21 71
66 73
22 18
74 59
33 48
69 22
70 82
58 13
24 39
22 88
73 10
74 52
59 98
69 51
12 75
85 20
24 63
59 53
57 78
58 25
89 25
92 87
70 83
82 82
91 70
30 17
37 61
23 10
72 8
3 26
33 84
5 33
12 3
19 63
89 8
15 66
11 29
55 19
90 96
100 41
27 10
81 67
16 25
5 60
49 43
13 25
46 39
37 88
33 91
51 56
82 44
20 94
95 36
21 59
44 72
82 36
5 61
58 47
63 1
69 78
35 96
51 88
34 39
4 54
13 55
77 58
24 93
39 43
51 82
60 75
34 74
58 13
65 68
27 60
99 66
21 4
21 9
32 5
22 51
43 95
27 37
100 73
83 100
74 77
66 77
86 13
90 92
26 77
8 66
80 62
6 84
24 45
84 87
22 34
22 14
89 54
91 58
18 19
55 54
74 85
19 59
47 65
36 61
42 13
82 15
15 59
58 71
31 7
70 13
90 62
17 72
34 79
48 99
35 86
94 64
35 38
3 22
37 78
23 46
69 34
62 18
70 24
80 36
75 97
87 67
28 34
58 27
30 75
59 8
85 8
70 80
93 59
40 59
32 87
6 99
52 7
21 3
57 18
44 71
36 80
68 46
88 64
89 27
22 23
75 22
100 63
75 84
63 51
93 49
38 62
40 50
97 69
16 11
47 62
22 37
50 69
6 21
77 57
60 8
10 86
69 87
41 44
85 22
13 82
41 80
61 13
24 76
72 47
95 39
12 97
41 69
44 94
78 83
2 87
73 85
40 71
80 98
38 97
8 55
86 5
96 18
1 16
49 64
89 83
33 72
25 24
28 14
3 61
42 73
9 7
26 84
39 56
54 20
99 72
8 50
9 58
37 93
52 62
34 22
49 96
62 47
24 60
12 90
64 70
60 1
87 1
79 53
60 76
24 37
91 82
98 49
46 29
41 3
59 38
87 59
64 64
15 62
71 13
10 97
8 100
96 50
42 6
64 33
74 48
25 31
24 21
29 82
60 56
80 71
89 99
76 54
92 98
76 49
70 51
46 76
63 20
55 13
47 30
42 18
36 77
12 8
76 92
77 100
36 84
67 39
48 2
28 13
52 25
99 61
31 75
33 30
6 94
74 69
26 49
29 18
9 81
26 86
90 38
12 19
70 51
11 99
10 27
22 30
24 82
27 86
97 50
88 99
21 56
76 50
79 64
31 47
16 15
12 9
78 21
42 10
36 73
22 44
89 86
93 90
73 44
21 45
27 84
87 25
46 65
29 68
1 11
1 69
38 46
16 54
84 97
46 15
43 5
42 36
54 65
7 62
92 40
22 44
23 7
19 77
79 52
10 50
32 80
46 27
29 75
27 60
93 24
29 81
15 58
81 68
63 52
3 62
8 79
8 67
95 68
17 74
46 73
74 87
23 28
63 73
14 62
35 25
66 81
13 1
51 54
39 44
68 79
2 100
16 61
35 46
58 94
59 80
7 96
5 91
67 55
48 22
11 25
28 46
80 95
37 72
52 55
87 16
39 55
24 57
73 24
29 60
69 10
19 26
61 11
41 33
83 26
83 79
94 44
75 45
65 13
70 33
64 59
70 73
59 87
34 78
37 59
69 64
49 84
83 69
99 17
62 8
25 57
46 93
17 82
82 17
43 91
23 45
27 48
36 83
100 74
83 77
37 29
26 38
20 8
5 4
96 86
89 35
8 16
78 91
72 27
26 39
32 21
27 93
58 47
9 48
51 41
9 45
3 79
32 51
31 67
3 56
45 89
60 44
75 72
85 52
61 100
4 29
22 81
67 63
39 3
41 3
26 64
25 94
19 99
60 32
60 24
20 26
42 31
59 86
61 69
97 22
8 67
40 90
22 61
38 37
37 81
41 93
18 22
68 97
42 71
58 55
77 96
95 69
23 35
61 25
63 85
95 28
29 26
69 55
12 40
45 41
95 97
13 37
82 20
51 39
27 50
66 58
49 89
84 30
42 28
21 26
78 39
66 81
38 78
92 17
83 72
11 6
47 100
69 53
40 75
52 32
75 52
97 47
58 16
77 72
75 34
33 59
13 76
70 19
53 45
67 13
22 74
50 50
77 19
90 16
12 95
20 26
17 33
3 27
43 24
80 88
41 39
12 71
28 81
89 66
23 66
8 68
95 34
71 81
16 85
94 60
70 87
27 3
89 82
38 5
67 14
14 9
44 5
23 48
56 90
1 28
35 83
21 19
71 1
51 74
65 84
79 59
39 74
40 21
95 98
20 45
1 25
31 78
58 78
43 41
20 14
9 40
37 16
60 63
47 50
76 68
93 64
50 33
73 62
23 68
45 25
75 55
88 17
98 8
31 54
29 87
50 54
82 43
17 38
35 78
78 39
74 85
73 87
14 11
77 95
55 78
29 75
10 90
73 1
70 36
38 81
53 21
37 71
96 100
31 81
82 27
65 6
79 26
84 49
36 28
6 72
52 23
31 60
80 3
71 79
44 57
65 29
66 61
26 82
41 52
77 35
68 75
99 93
47 41
15 12
93 82
60 80
75 65
81 16
23 90
52 29
66 1
66 90
88 42
49 83
96 51
76 6
69 74
10 51
62 56
77 61
16 7
49 63
63 41
36 98
62 44
98 8
32 81
100 88
48 11
78 21
43 5
6 68
21 77
12 20
29 6
75 31
32 31
30 77
23 29
28 32
56 54
44 43
59 75
19 20
100 42
85 18
6 35
89 36
57 26
23 14
1 68
43 45
32 56
18 38
26 13
77 83
5 6
30 66
11 57
99 79
65 79
39 24
77 77
9 11
56 3
14 89
92 36
34 55
95 56
75 17
4 43
95 19
26 58
77 93
98 22
68 92
30 22
60 74
31 27
10 11
85 53
69 84
28 58
12 77
39 4
30 56
95 37
5 95
67 68
88 18
18 93
96 64
86 64
6 53
55 21
16 44
76 57
24 77
19 5
5 30
100 51
1 35
43 38
30 51
44 38
66 69
51 7
50 29
57 74
7 47
44 34
83 5
90 29
34 32
72 11
23 36
32 23
46 20
92 100
80 98
61 3
72 68
11 62
11 81
79 92
14 45
77 71
41 22
19 47
68 71
12 55
68 1
84 65
33 67
88 21
82 47
54 72
24 79
85 74
43 28
76 6
81 34
11 69
28 5
94 26
31 33
3 3
43 98
45 15
67 70
96 48
66 9
85 70
12 27
12 63
14 46
67 8
23 94
32 88
86 73
40 89
80 66
29 15
51 97
96 70
78 76
54 17
11 34
94 47
29 1
58 37
7 35
22 29
64 55
50 45
48 49
66 4
77 67
24 13
73 73
31 64
44 42
57 95
19 25
9 83
8 92
28 62
94 37
50 82
72 48
55 65
65 100
39 87
96 5
80 84
86 53
10 60
74 78
2 8
91 49
45 35
69 5
16 96
10 57
81 2
69 31
91 18
52 24
50 78
51 100
59 29
63 10
32 98
5 66
36 25
37 91
22 97
28 31
77 60
47 61
75 3
54 65
80 98
33 20
77 37
57 12
79 36
3 16
67 14
23 80
86 2
85 10
51 12
11 26
34 84
11 47
47 100
78 13
38 9
33 78
49 84
10 21
99 9
48 11
30 9
30 49
22 52
41 80
25 72
22 4
97 16
93 77
25 41
18 11
16 16
8 67
96 53
44 82
29 56
54 15
93 79
81 47
4 92
48 23
64 11
58 83
78 69
17 79
80 11
65 40
68 38
38 90
97 5
28 42
36 24
56 55
61 79
67 64
99 7
61 55
95 94
80 48
22 52
66 12
95 83
63 46
92 47
21 88
96 43
33 53
84 74
42 77
12 76
47 21
17 14
57 89
83 83
10 79
63 10
83 33
52 84
36 25
53 59
39 100
84 20
71 53
68 4
60 98
72 1
13 47
53 66
95 87
13 23
21 52
5 64
74 64
24 75
65 45
24 22
5 77
96 100
90 64
27 65
82 24
31 38
65 86
26 23
20 44
60 32
99 83
96 84
36 59
29 44
10 57
72 83
1 84
23 15
71 49
78 3
51 76
57 43
22 24
24 88
1 62
50 47
9 96
61 94
18 81
70 16
