160 2
99 26
32 48
31 26
12 3
54 4
2 44
25 88
86 9
29 13
86 22
93 22
6 54
66 14
42 42
72 81
25 80
27 70
51 55
16 30
28 14
46 42
23 2
52 84
41 2
50 28
59 29
9 85
36 84
80 48
6 9
28 53
39 99
77 64
14 92
69 73
22 33
13 77
42 81
90 50
87 99
89 18
43 23
82 98
89 41
86 62
9 43
3 78
75 58
49 66
82 95
30 65
76 91
2 30
3 79
98 16
40 31
95 55
97 32
80 11
8 18
48 64
38 26
20 49
27 83
5 31
93 77
57 95
43 18
36 41
83 98
6 67
54 83
37 97
4 30
94 43
44 32
27 70
7 86
32 88
90 93
29 78
49 67
42 24
57 81
1 9
63 9
25 7
82 19
27 17
12 23
76 71
27 31
65 11
55 93
60 40
22 93
26 32
55 23
78 32
39 37
74 58
82 26
35 62
11 47
51 49
22 61
57 55
65 79
95 56
98 20
62 3
98 49
55 11
98 39
77 69
20 71
94 23
33 49
60 40
59 37
49 72
78 62
10 43
18 92
61 26
20 25
1 2
65 94
93 48
63 52
54 51
96 48
50 63
40 83
76 10
53 5
16 50
73 21
25 98
56 33
99 97
93 45
66 91
63 82
89 48
90 8
84 50
55 95
32 32
62 5
47 81
91 87
4 90
86 83
19 34
78 59
88 19
33 32
78 75
85 21
