820 2
54 38
5 90
21 60
72 88
91 43
31 28
51 32
57 38
27 36
4 50
41 53
36 92
89 75
47 64
85 74
59 14
19 16
81 79
13 11
52 4
68 34
86 74
46 92
95 41
18 47
50 32
32 39
9 90
31 72
58 27
15 62
23 40
13 55
8 99
56 26
100 55
30 39
25 10
29 54
24 32
18 78
36 47
26 86
98 4
19 51
36 21
43 100
88 50
24 70
28 73
77 33
32 75
48 78
9 31
62 81
61 21
56 89
49 15
31 3
34 71
99 57
48 56
48 88
2 85
6 63
64 55
90 94
6 45
51 7
98 92
53 81
81 96
29 67
15 23
18 44
62 55
9 64
57 53
30 70
80 67
18 13
53 44
83 1
50 10
13 63
79 29
73 51
98 89
35 77
6 38
48 48
86 91
91 7
5 22
94 76
80 31
66 45
15 18
58 68
65 21
100 71
13 29
8 92
23 47
27 50
69 12
32 37
16 78
35 84
62 87
26 57
76 64
22 98
55 93
85 20
84 50
96 79
54 61
51 35
17 24
27 94
97 4
65 36
28 17
22 34
60 59
61 42
81 82
74 30
27 45
53 43
84 46
66 9
11 52
87 35
30 9
50 90
1 59
71 7
21 90
88 84
94 64
22 68
42 1
24 44
18 99
23 63
18 97
53 51
92 14
79 15
75 46
77 7
70 42
94 46
76 92
37 38
40 92
16 14
37 48
59 12
36 40
93 17
20 75
9 9
19 44
9 90
23 96
47 28
38 85
63 86
24 31
34 54
39 38
34 22
64 35
3 31
8 89
58 25
76 91
98 15
19 96
63 88
39 71
27 55
98 28
12 2
17 79
66 84
90 30
50 23
74 26
30 4
95 62
3 10
3 6
75 41
61 38
15 14
29 61
44 86
86 57
31 71
82 82
8 7
59 44
84 10
69 94
57 28
18 39
91 22
37 76
95 55
86 20
83 41
7 80
38 82
37 99
37 89
46 42
21 72
85 86
85 61
55 85
47 53
12 38
50 52
9 82
68 55
49 7
65 67
40 40
10 62
64 89
85 74
22 9
94 52
62 69
57 60
46 4
97 43
12 91
22 58
51 19
36 89
79 6
89 79
54 99
35 33
79 19
22 32
93 96
58 66
97 30
51 41
11 44
67 46
65 1
35 22
70 60
72 86
13 33
10 40
90 66
16 23
5 16
16 36
87 32
53 54
74 53
16 79
77 10
95 64
8 99
37 10
45 9
53 69
2 13
5 89
74 65
53 91
64 94
51 50
88 11
93 33
50 12
68 69
72 88
55 33
41 54
99 37
24 50
90 23
16 83
63 57
75 64
31 68
15 16
37 36
39 17
19 77
60 85
95 51
11 98
4 69
85 29
20 20
45 69
94 94
85 94
37 40
30 6
76 95
47 44
25 16
17 81
9 46
47 57
20 72
86 14
23 14
34 22
91 12
5 8
64 5
47 31
32 14
6 64
36 4
12 24
84 74
64 20
32 89
29 91
26 82
5 62
24 6
29 41
67 69
61 41
68 78
43 83
8 10
95 8
20 77
52 53
97 30
95 26
14 91
71 30
22 8
22 35
82 35
94 99
67 50
92 37
10 74
56 5
97 41
95 16
32 20
86 57
19 82
54 3
38 28
66 54
45 56
93 1
72 6
42 99
52 14
69 75
70 46
10 40
79 20
36 25
24 100
19 12
24 33
97 46
10 91
3 17
91 20
53 18
66 54
63 47
94 25
71 79
33 18
65 9
60 80
60 81
76 31
46 29
77 97
21 67
18 7
2 25
97 13
31 22
18 66
51 85
60 59
71 42
1 72
29 37
9 99
44 56
20 19
68 7
5 76
62 80
97 81
89 12
63 37
54 60
53 33
90 11
57 93
35 4
59 64
90 45
20 59
76 81
8 16
45 59
26 41
30 38
67 57
18 2
6 54
12 74
38 97
44 55
48 80
74 7
47 65
23 11
92 39
42 17
41 1
43 64
7 44
77 24
21 47
61 37
21 14
17 69
76 98
37 36
42 57
22 9
83 24
13 40
29 3
79 41
33 8
19 89
76 14
16 96
5 77
57 49
17 18
60 98
10 63
13 14
23 88
74 68
97 75
16 32
4 82
27 19
54 33
95 55
98 39
26 84
39 41
40 33
31 33
47 22
87 37
48 78
32 22
27 31
29 44
84 58
80 64
78 90
17 26
4 53
17 27
24 35
73 93
71 15
63 44
76 84
54 84
31 26
15 22
74 37
56 18
68 1
19 97
2 52
11 87
50 6
41 67
84 55
38 10
69 48
76 24
63 22
52 16
31 65
96 37
32 87
97 73
45 10
71 2
100 78
54 12
83 99
16 4
12 74
57 61
90 46
92 19
52 71
48 53
96 28
32 75
85 24
29 64
81 71
13 4
93 75
17 71
81 37
1 23
5 38
18 22
22 81
56 45
68 1
68 49
99 99
84 49
83 76
8 50
17 86
2 77
17 53
67 72
95 91
50 62
16 98
31 74
30 20
39 53
81 35
88 54
25 27
68 91
4 19
43 36
88 75
60 96
32 55
39 38
36 58
73 25
33 99
82 53
14 88
24 3
26 49
91 42
2 63
31 72
45 57
38 34
68 24
22 81
75 36
5 91
25 60
72 15
69 95
97 28
99 59
29 90
15 21
85 85
11 33
85 85
29 52
48 35
88 31
18 81
13 22
68 84
17 60
44 88
77 48
77 17
33 22
50 45
1 71
80 89
100 24
54 47
7 51
21 20
23 82
25 48
12 4
89 45
31 39
16 97
51 71
37 59
59 32
59 43
58 55
3 12
94 8
53 59
45 45
79 40
86 2
56 86
37 17
65 10
1 14
25 5
26 43
66 58
43 86
23 93
20 32
85 91
22 79
84 83
53 71
10 98
45 23
7 36
37 65
15 69
64 1
42 97
76 27
20 53
59 69
34 95
67 93
11 63
87 60
12 43
48 43
20 84
88 74
92 65
2 59
13 10
25 65
32 38
70 1
50 62
52 45
23 6
48 31
37 32
81 21
77 4
7 8
32 7
23 94
72 96
63 71
55 25
69 45
16 93
40 86
41 84
65 8
85 13
59 98
97 93
22 10
27 64
94 89
28 98
79 94
73 78
58 7
43 92
90 43
31 3
87 16
60 62
7 6
11 43
11 7
68 64
35 45
78 36
78 79
97 85
81 12
73 70
75 9
26 16
60 42
95 68
32 42
73 77
19 67
31 69
1 31
61 35
14 66
96 19
36 9
63 92
2 17
86 55
90 63
28 34
43 11
77 23
65 10
5 24
64 51
6 67
34 54
32 96
21 98
98 96
38 3
25 49
36 53
6 11
98 12
69 90
71 54
78 98
31 27
32 91
23 43
92 66
8 17
7 67
80 79
52 87
57 91
88 61
77 92
3 32
63 85
34 9
54 98
65 32
3 25
81 52
60 46
17 100
15 97
4 16
59 2
23 68
46 45
71 30
88 17
65 72
85 52
71 74
99 10
37 64
10 60
18 82
72 67
77 96
66 44
53 89
16 49
61 84
91 73
80 64
32 68
18 50
53 58
55 38
91 62
69 47
97 72
30 97
89 10
8 10
17 84
100 37
50 10
9 69
9 100
10 100
70 63
89 49
70 45
74 1
8 78
35 3
79 85
80 20
65 59
80 38
89 41
86 57
1 77
6 37
83 64
