140 2
67 63
28 76
61 60
36 2
94 55
95 32
32 42
56 75
29 76
20 74
1 54
6 6
61 94
99 65
5 55
68 51
62 90
13 58
64 31
11 72
97 2
89 94
53 28
17 46
38 31
83 12
3 62
86 40
21 91
59 74
96 75
4 59
60 99
18 91
52 24
48 81
60 91
82 1
81 10
50 89
43 68
5 38
55 97
35 90
79 70
74 27
88 11
80 43
95 8
66 87
47 7
15 50
47 60
80 6
47 47
23 83
72 91
9 72
91 100
27 18
43 31
70 15
84 62
95 97
75 90
27 97
96 98
29 42
46 35
65 88
55 36
7 9
48 45
58 63
65 68
16 61
91 69
87 69
38 58
80 48
87 89
9 25
59 12
11 51
23 37
10 14
22 36
15 90
19 64
20 27
67 81
3 38
54 88
70 17
61 45
54 57
95 83
3 38
25 9
3 30
67 83
43 53
75 44
84 83
42 63
76 86
90 68
71 57
59 39
73 17
40 22
34 30
62 48
37 99
7 19
46 37
59 22
80 21
92 69
37 24
23 91
89 86
20 21
31 15
6 41
74 17
57 34
48 24
27 72
91 5
86 41
45 19
48 58
70 21
69 39
16 4
52 64
99 19
59 41
20 1
