420 2
92 62
71 15
98 47
34 87
97 71
90 25
50 12
95 100
9 41
31 72
29 29
49 50
98 82
99 40
37 76
26 37
60 90
37 30
7 30
38 83
19 56
60 71
96 100
35 44
51 56
94 9
14 99
43 45
52 72
83 10
53 1
77 50
40 86
8 48
57 66
64 55
54 4
98 99
94 10
61 70
21 87
80 49
13 37
96 81
61 30
3 58
38 70
93 4
20 59
77 64
94 92
90 18
64 26
2 15
76 79
55 80
75 40
51 48
20 14
61 38
48 84
51 41
72 75
89 70
69 35
26 71
55 72
38 39
29 89
72 3
86 51
67 36
14 39
48 60
74 46
45 95
93 59
26 71
9 44
82 55
92 58
74 77
61 83
17 68
11 45
55 11
25 84
3 17
81 30
21 62
52 28
77 12
51 92
81 100
80 37
100 78
64 27
99 74
58 51
67 60
88 89
50 47
75 53
38 64
14 69
11 87
62 46
30 35
5 75
56 14
82 74
82 80
57 99
81 45
15 12
63 41
54 28
37 36
8 53
7 20
16 5
76 13
50 24
56 79
54 80
54 62
21 99
100 59
65 90
31 28
23 23
49 27
63 26
9 73
53 67
23 39
25 54
75 65
10 97
17 6
6 56
61 72
89 79
58 21
55 59
16 48
55 75
12 82
39 93
92 60
2 10
21 80
70 28
87 99
76 96
99 33
88 46
38 11
49 36
50 4
63 88
14 45
6 1
56 82
89 87
51 45
22 71
43 26
7 5
34 42
48 61
89 84
66 52
69 43
80 24
20 20
17 95
7 3
99 50
45 93
87 80
62 83
58 40
83 15
39 35
18 82
8 11
65 85
1 27
37 19
1 92
49 94
71 60
23 9
64 4
36 93
55 54
68 61
83 4
85 92
86 72
16 63
79 50
19 16
11 56
62 14
19 31
6 34
50 90
44 65
29 51
47 78
78 70
1 96
96 87
81 93
13 53
86 54
46 70
88 14
29 55
53 90
21 22
98 20
5 70
49 9
88 4
18 13
31 3
91 90
47 4
74 49
31 78
74 34
63 71
25 38
68 71
10 89
35 51
1 97
87 97
72 19
34 90
57 39
2 95
60 73
89 39
27 40
40 37
15 86
60 48
49 55
50 12
77 51
24 12
29 22
31 75
24 80
48 2
15 87
76 62
50 11
6 98
25 18
14 51
44 65
91 1
72 59
20 49
86 61
87 5
89 43
85 10
94 15
80 29
68 69
28 87
8 78
3 35
44 81
66 12
51 86
61 24
77 11
77 32
2 35
17 100
5 12
72 47
75 8
99 45
21 62
30 15
11 98
71 57
51 45
53 63
24 24
36 14
21 66
50 43
94 4
90 32
67 40
16 7
13 87
73 46
75 78
81 92
24 21
24 34
75 23
89 35
33 34
4 92
96 52
56 11
45 74
81 23
89 17
18 7
76 63
50 90
87 36
70 50
9 71
25 96
72 22
45 44
89 76
16 38
29 23
10 15
91 62
22 36
45 49
95 8
100 45
10 66
23 8
68 82
5 71
53 15
58 66
1 68
64 15
26 44
29 67
92 40
57 26
20 34
20 8
89 46
60 8
96 29
56 47
73 99
48 75
24 41
62 4
64 94
24 62
84 96
74 21
77 1
90 34
91 56
96 74
96 79
69 97
10 9
94 57
19 11
84 30
62 7
24 90
56 93
10 50
63 12
50 89
61 24
64 7
20 19
94 38
11 5
22 54
21 13
3 69
27 2
71 27
24 3
98 75
12 39
91 29
82 16
74 31
69 33
9 43
32 12
87 9
91 67
77 22
30 7
62 30
11 30
76 60
19 73
70 67
61 23
68 58
60 10
27 96
6 39
19 30
65 61
86 52
65 3
95 76
1 2
95 62
