330 2
80 15
16 53
35 97
63 83
79 23
33 85
50 37
23 76
77 65
57 23
33 57
94 27
42 28
84 80
80 68
64 48
98 83
73 16
47 31
1 8
60 41
16 34
48 84
10 68
29 36
62 73
23 88
31 7
44 60
72 22
34 42
95 26
10 4
93 65
12 18
33 52
39 31
96 62
69 82
88 50
22 40
27 96
7 82
10 35
81 54
2 55
54 95
96 76
50 15
93 4
49 77
81 53
32 96
58 40
78 14
19 9
67 63
77 90
81 5
50 44
2 55
10 99
35 57
11 45
75 2
14 14
22 41
1 18
94 25
11 54
6 1
33 98
7 24
62 22
72 80
70 54
66 30
82 18
15 23
8 71
51 11
34 96
90 79
71 38
19 48
5 60
80 51
98 49
80 78
82 97
58 65
34 21
5 8
83 9
37 11
36 35
18 33
51 2
83 61
29 63
22 32
91 69
55 9
92 46
75 48
22 67
91 42
95 77
91 77
35 59
42 85
61 90
56 28
97 63
90 98
78 65
22 76
30 4
44 41
64 62
74 61
85 77
83 69
27 50
57 56
3 61
40 93
81 13
6 48
76 28
78 35
94 87
69 14
41 1
99 36
30 73
8 31
44 56
95 4
18 68
46 99
71 81
53 80
81 50
55 92
2 80
54 28
46 40
87 60
51 3
63 42
11 22
12 8
12 65
38 17
50 22
85 18
49 40
84 37
14 68
3 17
36 45
75 38
8 65
45 78
82 30
42 52
48 31
44 21
36 83
32 61
99 59
98 94
76 43
5 58
93 54
88 47
100 100
42 59
29 63
33 72
96 94
46 94
96 20
43 10
22 22
43 96
71 38
54 59
76 82
7 11
85 63
42 99
22 21
62 76
97 82
23 80
36 73
88 98
55 42
21 27
80 51
64 33
87 75
73 79
7 19
8 29
86 67
44 35
5 57
1 8
72 34
98 12
44 74
92 11
17 37
19 54
73 95
41 61
41 29
89 70
44 9
91 26
87 78
62 49
91 32
43 21
79 37
54 10
40 17
93 56
96 22
3 35
8 66
46 19
3 51
32 27
34 53
10 9
68 77
64 68
64 25
58 19
67 23
84 49
45 78
25 85
28 89
65 6
37 14
92 79
9 62
11 50
7 32
26 95
87 30
8 65
48 38
37 12
68 84
39 32
54 84
56 7
86 24
87 3
81 78
26 12
29 61
71 70
7 94
21 88
9 5
75 31
54 63
93 93
53 64
59 60
59 31
54 44
98 59
49 40
46 45
39 43
80 8
27 33
65 15
79 43
90 33
26 46
99 95
93 15
14 7
18 49
80 27
74 41
48 27
31 7
69 80
94 97
18 25
89 32
25 84
11 27
47 87
96 9
40 84
67 41
44 96
4 60
3 19
49 33
3 56
18 55
2 50
57 37
92 14
41 81
16 96
39 40
65 62
56 21
14 54
37 72
32 95
33 85
18 59
90 75
59 32
7 23
75 37
