740 2
61 100
56 96
73 48
92 83
87 1
8 53
53 36
38 57
57 58
1 50
38 60
67 16
52 16
74 86
45 92
56 35
95 14
35 47
5 13
64 89
1 73
71 14
30 70
53 20
90 73
53 89
81 39
76 66
62 71
70 100
12 34
1 26
31 20
65 78
60 96
55 1
18 79
78 22
21 29
66 82
59 23
37 26
39 98
30 23
42 6
24 90
17 20
74 73
18 74
37 68
10 15
82 64
95 86
36 55
34 1
94 2
22 78
26 15
77 10
95 17
76 9
3 5
53 85
37 91
67 46
10 46
20 85
39 55
98 12
62 14
42 8
81 43
55 1
80 48
14 10
73 41
71 42
96 24
95 34
17 70
16 14
27 71
9 29
10 91
70 87
33 53
62 99
84 48
32 74
3 43
82 41
62 31
28 18
65 94
24 93
9 97
94 14
34 68
46 8
72 49
76 58
14 34
17 63
68 43
42 94
52 11
14 14
34 96
73 27
8 77
28 68
82 86
65 55
61 2
96 38
58 79
93 51
1 14
61 77
57 22
64 31
75 73
72 69
46 8
57 29
77 47
25 69
19 84
42 88
99 10
22 37
60 8
37 61
19 92
88 16
86 35
66 20
69 21
52 64
34 12
8 73
87 19
83 75
64 24
97 25
69 65
32 46
49 29
21 60
36 35
65 33
38 19
26 9
55 81
24 16
72 75
71 23
94 4
33 6
48 63
19 96
62 43
4 17
16 81
83 14
88 82
97 82
4 43
38 80
23 48
92 55
62 57
34 49
1 92
47 35
93 60
62 36
83 38
37 76
42 75
6 42
1 16
82 52
59 79
69 72
12 38
39 33
27 57
57 83
1 35
8 8
77 62
57 6
54 12
8 17
76 37
53 52
70 80
45 87
73 38
68 10
74 32
58 88
76 8
88 11
58 68
89 2
41 74
35 44
15 15
63 28
59 83
23 96
55 50
13 49
71 7
35 10
1 7
100 77
12 13
90 14
19 75
55 45
51 41
84 75
99 76
8 32
67 78
18 81
98 42
36 28
4 81
74 78
16 22
99 82
31 34
42 14
26 98
89 83
18 75
21 69
1 56
100 49
8 98
11 90
28 94
1 81
25 4
17 78
46 92
73 40
29 20
2 63
78 6
39 41
47 22
45 67
71 76
69 66
62 24
58 28
51 99
49 56
84 68
41 10
2 97
18 14
42 68
1 97
78 81
1 14
30 87
68 54
74 11
39 89
63 72
62 36
61 75
97 26
57 9
29 59
19 15
27 19
18 76
59 92
21 2
77 28
10 84
61 36
40 16
68 58
66 62
47 38
21 100
60 43
34 4
62 34
96 35
83 65
86 74
79 88
17 54
34 72
41 26
33 84
6 41
53 95
70 37
82 3
8 35
85 32
57 10
7 96
91 30
15 71
52 66
85 70
46 72
88 83
73 69
37 90
8 35
55 88
49 15
25 11
77 78
1 9
45 2
53 12
87 72
31 51
59 71
30 70
90 57
95 33
43 67
80 95
40 64
16 76
28 86
46 33
6 79
21 99
16 58
89 71
72 87
83 91
20 66
89 57
41 46
97 28
77 51
79 13
68 58
91 44
76 31
36 19
72 22
70 73
63 21
50 75
11 73
83 72
15 7
100 35
79 84
56 34
55 65
72 21
73 56
38 88
14 32
11 50
29 65
65 22
5 19
1 97
1 4
59 4
18 55
56 90
48 58
64 57
74 22
55 75
39 72
19 52
21 45
95 77
76 69
35 21
59 72
49 22
48 89
99 6
83 50
34 85
72 25
84 14
30 87
35 95
38 70
93 58
91 76
37 5
8 82
68 99
67 29
59 93
34 73
58 96
92 15
60 75
80 72
20 39
14 46
67 8
66 63
98 36
32 70
65 10
96 22
83 81
82 47
65 96
58 26
40 10
3 63
15 95
51 62
29 10
12 91
78 60
40 13
78 83
70 49
58 69
96 34
89 13
72 69
34 48
84 63
72 17
95 73
32 87
22 37
58 36
51 84
2 2
71 86
27 69
56 1
82 75
56 40
1 54
38 82
68 84
1 4
43 94
79 27
69 31
54 31
34 13
95 45
78 66
40 14
97 39
21 83
38 52
37 98
42 20
19 81
3 62
96 11
52 26
44 70
45 88
95 57
54 90
87 69
61 33
35 27
59 19
63 44
38 62
6 35
86 35
30 87
57 10
99 25
78 37
62 87
83 28
27 17
79 33
3 94
10 99
95 98
38 5
75 93
63 85
78 16
13 28
35 3
2 82
24 56
10 47
73 9
74 34
49 63
92 22
2 27
42 88
32 87
30 96
78 29
94 17
27 49
71 76
1 9
97 39
58 7
56 9
63 51
15 2
40 42
97 45
58 58
54 50
89 37
24 11
90 11
65 72
28 27
7 100
65 23
39 54
65 22
7 72
63 60
49 85
7 44
90 13
92 85
20 49
52 58
95 54
35 66
41 57
25 94
31 69
45 19
86 43
44 80
17 69
100 99
91 54
54 100
93 59
32 18
28 78
38 100
60 18
24 34
27 87
100 70
53 4
18 76
62 44
32 79
63 16
26 30
18 91
45 90
53 55
85 10
20 33
85 60
43 60
98 79
96 22
9 20
99 11
88 67
53 9
73 79
47 18
58 14
70 1
94 31
64 47
77 10
74 75
26 31
60 91
27 35
27 35
87 83
82 38
48 21
68 74
66 72
11 97
4 58
68 100
6 9
53 94
32 80
47 12
84 29
11 6
53 69
46 5
69 76
5 57
67 41
86 17
81 77
93 91
84 75
39 39
67 64
3 16
17 70
2 16
42 18
96 26
86 97
77 80
11 13
71 53
49 33
100 65
85 34
39 61
6 29
32 59
10 74
73 78
100 47
41 18
10 23
80 66
100 23
65 30
31 54
51 59
2 64
52 33
80 83
97 75
91 90
32 95
80 17
22 56
25 24
20 42
11 67
24 60
30 56
3 47
28 65
59 90
34 73
59 62
66 65
52 51
93 89
48 67
26 39
74 73
84 57
82 27
13 73
83 20
52 61
24 65
6 19
81 15
27 54
46 18
13 4
21 9
71 81
73 63
22 62
88 32
86 44
24 43
16 13
99 81
53 72
68 44
33 52
7 88
94 14
80 71
22 1
98 6
2 56
29 5
59 68
89 46
27 70
46 37
14 11
28 42
64 16
69 9
9 61
87 25
44 24
29 99
63 94
97 27
62 9
21 76
60 86
29 93
1 21
5 62
25 37
62 26
1 38
51 43
79 2
99 34
97 98
96 13
93 73
31 74
62 73
68 91
84 52
7 69
1 16
56 85
50 41
2 39
35 32
