750 2
53 61
46 39
12 70
89 68
59 45
36 98
81 96
45 49
68 6
40 17
32 78
82 91
58 30
67 11
48 76
53 62
95 20
8 33
54 76
21 7
90 99
88 10
10 4
70 89
2 14
90 62
95 79
2 35
72 77
21 48
20 96
51 90
51 27
17 68
4 45
39 45
44 63
9 98
55 2
96 17
96 74
19 7
61 37
48 26
30 7
65 39
41 66
36 69
17 63
37 78
40 62
28 83
8 52
69 26
20 76
52 68
8 15
24 52
48 70
57 65
30 95
13 19
5 74
42 18
10 81
38 64
52 18
96 100
10 51
18 50
29 18
70 87
18 19
28 30
5 10
62 40
36 19
58 39
78 24
94 64
84 4
20 95
31 99
35 17
1 20
85 11
73 14
16 77
8 91
83 30
96 33
24 75
44 66
88 31
21 26
45 86
16 83
46 85
24 47
62 53
12 48
95 40
3 77
21 51
44 54
64 73
44 86
10 24
68 76
86 60
17 20
18 76
23 78
85 80
73 82
70 74
54 27
18 80
71 5
51 45
15 53
44 19
45 8
38 41
79 31
30 74
88 18
40 71
98 63
9 43
19 81
10 25
56 96
42 29
83 89
16 96
33 79
35 5
15 81
23 100
27 86
93 54
64 17
48 33
86 93
52 94
88 51
93 14
71 40
46 17
38 82
44 31
58 21
36 19
20 20
72 13
98 14
44 96
65 85
92 63
14 22
29 82
27 2
94 54
61 89
48 53
96 44
64 82
32 50
37 74
23 62
64 13
65 80
95 43
89 80
55 68
37 83
57 38
50 37
35 26
25 100
88 59
10 24
51 51
70 51
50 12
73 89
15 19
13 33
88 29
58 88
60 80
57 56
52 79
2 65
98 58
49 88
32 93
45 97
28 57
16 8
27 52
85 62
40 30
98 66
9 88
1 92
63 5
87 33
59 4
70 51
64 57
32 34
94 64
61 23
76 6
39 37
4 71
70 56
36 10
74 65
26 75
87 67
22 62
16 97
72 53
92 49
70 13
16 9
27 75
13 76
84 70
71 40
14 78
34 51
33 77
17 97
53 2
33 33
95 82
70 70
42 78
75 56
67 11
100 67
83 73
21 94
18 95
27 93
80 32
81 36
29 12
9 34
74 72
33 36
19 28
19 78
62 11
28 99
26 61
18 93
54 37
41 26
25 62
94 28
7 12
13 76
92 2
35 44
31 35
59 65
87 99
18 23
51 50
99 10
7 79
17 94
89 5
13 24
30 81
68 86
75 91
72 42
31 60
50 8
78 91
68 56
57 33
8 83
74 63
40 31
98 14
87 15
19 83
46 7
33 56
31 89
12 13
25 39
85 57
52 30
53 42
14 40
31 21
78 37
34 96
62 80
82 70
29 9
67 3
36 33
39 47
36 56
37 5
66 37
28 46
31 34
36 56
75 93
80 22
66 46
17 77
37 40
72 41
83 37
97 45
5 85
4 86
15 59
23 49
98 46
48 66
72 35
87 86
74 56
20 17
8 3
79 9
5 16
21 81
12 37
59 38
97 20
91 86
14 54
16 7
40 39
59 70
63 79
74 90
32 48
82 28
71 83
10 5
59 16
46 20
42 75
52 75
25 6
45 59
16 52
43 49
73 16
100 72
83 73
83 78
64 45
28 8
30 82
55 78
21 16
37 80
81 85
88 66
93 43
92 95
98 88
81 36
95 43
22 67
45 37
32 92
86 83
88 67
57 20
73 14
23 31
7 23
37 97
57 76
32 47
47 45
66 38
92 7
4 50
77 24
31 61
66 52
36 15
29 45
86 53
62 78
52 90
40 85
81 35
53 17
20 71
9 44
15 93
8 33
24 28
36 2
40 27
68 98
19 98
81 11
19 39
52 97
45 23
21 11
27 22
2 39
16 13
92 95
1 97
13 23
75 55
50 65
86 41
41 7
80 9
62 70
38 18
35 65
58 41
77 45
4 32
6 92
30 67
67 36
82 59
97 99
4 83
69 37
50 98
33 96
12 42
90 56
52 71
89 83
35 54
3 56
90 84
89 85
43 48
82 65
78 37
21 4
18 49
6 41
72 36
39 2
52 41
49 26
2 22
86 100
6 100
79 84
38 93
18 73
89 83
8 4
96 78
70 64
74 1
25 28
6 100
10 62
85 41
61 44
95 20
51 64
63 80
37 80
27 98
52 35
5 72
75 81
32 93
37 28
42 60
71 16
40 19
98 6
30 61
6 2
25 15
100 92
96 10
44 58
42 20
36 78
13 12
35 81
20 16
8 74
90 45
17 29
15 11
75 90
13 94
99 15
57 49
91 12
60 9
81 39
72 89
60 27
95 13
1 17
29 38
46 4
89 68
72 46
13 76
18 59
48 88
53 22
94 36
41 19
22 4
87 54
69 67
16 41
72 39
52 32
11 43
43 27
100 48
24 92
79 54
12 15
62 47
94 11
48 8
42 14
3 64
98 56
86 59
34 91
32 77
81 99
27 32
11 68
26 47
68 70
7 28
24 19
20 2
80 42
20 83
3 77
1 2
57 29
42 53
97 11
64 88
13 93
95 34
6 34
44 88
35 8
75 95
21 67
84 42
48 40
98 83
17 67
35 47
22 30
91 59
2 5
22 76
26 73
2 77
37 5
40 34
21 65
80 44
33 79
73 94
54 99
27 57
53 90
78 45
72 82
89 22
66 27
67 19
40 38
80 20
51 1
81 32
13 43
50 51
82 53
15 34
92 46
20 64
37 25
5 22
85 81
64 83
36 55
18 56
47 3
79 5
6 69
54 88
65 78
59 32
57 48
91 33
20 11
27 66
18 67
26 23
12 64
32 18
58 61
82 47
57 37
1 45
32 27
55 18
71 62
54 88
69 71
91 99
98 100
62 100
34 36
51 93
75 9
48 35
70 88
55 48
60 90
34 37
25 71
59 41
29 66
40 1
64 32
10 12
52 23
85 48
28 42
47 48
6 43
39 77
21 4
51 57
93 52
77 67
20 71
72 54
37 68
79 57
68 83
88 1
47 17
20 7
7 78
55 61
81 52
68 87
30 73
43 55
28 78
74 94
99 1
41 5
23 5
24 31
9 14
41 38
77 81
32 39
47 11
33 65
85 36
31 18
73 87
19 54
55 41
20 40
54 84
60 61
52 91
20 74
66 28
63 87
40 59
94 56
71 91
34 24
69 43
78 29
16 84
12 81
57 61
59 20
57 30
23 60
63 47
33 54
15 81
26 73
80 85
47 89
37 41
77 69
45 35
41 9
47 11
19 94
85 88
86 35
4 21
99 86
78 47
34 80
73 85
62 8
31 15
11 93
76 70
5 72
54 15
37 98
54 58
65 53
14 30
44 19
75 55
33 88
99 92
100 34
71 29
