580 2
90 98
90 88
24 29
69 85
31 75
14 66
1 67
8 35
52 13
80 81
75 7
43 92
81 8
45 27
94 56
51 40
24 57
92 63
36 88
21 10
45 82
17 20
75 76
43 59
21 9
100 52
7 11
66 8
22 13
14 69
86 16
29 42
37 95
65 100
19 84
27 94
53 93
28 7
88 13
98 74
52 33
19 45
79 66
29 77
40 22
64 61
42 49
26 90
62 44
38 6
56 67
17 36
54 32
33 48
40 41
53 41
11 39
56 66
19 78
66 71
51 43
68 45
89 32
26 93
35 39
93 84
13 24
44 64
59 80
16 13
73 95
75 28
57 92
3 69
87 52
34 84
8 23
93 97
43 73
57 61
7 56
44 1
69 42
73 85
71 89
41 88
79 40
12 72
11 34
91 42
17 64
30 94
10 71
24 91
88 38
25 68
29 82
36 46
33 17
13 11
55 36
34 54
69 13
88 54
23 50
30 29
76 88
9 88
18 52
44 59
67 44
19 44
26 83
15 21
98 40
1 13
12 16
64 16
37 65
62 19
80 20
57 88
56 10
68 77
30 57
62 41
80 65
66 52
40 17
22 32
15 18
97 79
73 74
25 53
58 45
53 86
78 91
92 57
26 14
50 28
59 76
14 34
7 15
23 57
65 36
98 14
5 91
40 52
60 84
83 79
43 47
54 97
27 12
28 45
9 77
9 30
18 30
49 33
22 7
81 59
84 20
37 6
81 52
34 73
98 59
52 34
100 61
62 30
82 16
16 58
12 22
44 11
83 67
15 86
14 77
76 72
66 80
58 96
56 70
78 83
87 76
14 70
50 18
93 39
31 12
25 66
84 58
22 13
49 61
59 16
42 90
7 90
1 77
20 87
12 9
2 10
74 26
85 72
27 79
36 83
33 24
26 87
68 80
53 97
61 14
33 19
43 40
64 7
84 77
49 60
50 8
72 68
50 69
4 14
82 9
100 3
58 31
60 96
75 79
51 35
76 9
21 33
43 96
80 52
89 72
80 72
22 99
68 54
21 69
60 76
48 51
31 99
17 80
32 73
74 2
44 76
68 9
18 10
85 15
38 77
17 94
24 36
20 80
93 80
67 12
11 73
81 35
38 11
22 87
66 95
38 60
22 1
55 19
3 37
85 22
46 12
93 62
38 35
35 90
49 31
55 67
82 76
23 34
95 40
43 21
53 64
65 72
74 45
44 29
89 67
29 30
40 24
21 44
31 23
8 35
9 63
69 66
12 2
47 93
24 39
74 1
35 28
85 75
38 62
77 73
69 22
71 72
49 69
83 40
45 63
65 92
61 100
35 23
99 81
97 76
94 70
3 15
88 33
71 99
13 26
61 20
80 27
89 20
73 6
6 84
62 18
14 27
57 66
99 64
5 86
25 16
26 78
95 85
65 16
52 64
29 34
32 98
45 91
82 100
95 11
72 6
95 38
99 90
35 67
64 34
16 99
68 100
56 88
41 21
5 65
86 27
44 71
96 11
85 79
24 17
24 51
87 72
67 4
67 34
69 36
1 44
49 3
51 67
50 34
100 23
30 40
81 66
93 77
87 96
93 19
100 31
26 96
41 67
51 51
85 54
37 34
26 16
37 10
66 13
74 42
94 71
77 56
50 63
49 52
87 54
36 15
30 53
61 63
97 18
54 90
69 21
73 29
83 100
29 63
17 100
98 35
6 83
88 49
42 89
96 45
79 52
95 63
17 58
52 74
11 76
23 17
76 78
46 34
23 72
5 76
66 67
31 60
76 64
67 95
44 35
45 88
47 3
78 21
21 26
5 82
49 32
54 5
39 13
99 89
38 39
75 82
22 95
6 5
39 30
95 46
62 30
73 21
82 43
29 90
55 83
83 28
76 23
21 67
55 24
71 70
42 69
43 29
35 78
91 39
66 99
36 12
25 41
19 76
56 54
36 84
11 37
49 60
40 14
13 70
10 99
87 46
50 71
52 15
42 85
27 40
84 33
84 89
16 94
94 39
31 78
79 57
17 79
28 41
49 57
56 70
36 6
27 96
86 97
62 11
35 11
90 91
83 94
64 73
89 3
64 25
34 65
51 19
29 26
88 70
67 69
95 64
6 39
8 56
9 3
89 21
78 93
70 23
9 63
57 62
87 56
79 42
56 36
94 33
89 62
86 78
25 76
57 4
97 50
30 48
50 94
94 53
6 53
84 33
7 34
15 45
28 55
46 82
77 4
38 80
3 61
80 85
14 47
39 21
42 94
9 65
96 77
57 15
38 77
57 60
89 93
62 76
18 76
79 49
10 31
12 31
64 11
7 99
73 16
8 61
42 49
82 20
35 23
60 45
5 21
38 76
69 62
5 20
1 66
41 68
81 87
17 57
77 28
35 54
41 87
85 56
40 11
20 23
12 52
45 26
30 53
26 7
80 43
63 65
43 33
100 14
32 67
67 61
5 27
6 41
88 29
82 26
30 72
94 92
74 16
96 17
95 12
2 38
76 40
2 31
17 83
36 70
86 80
87 1
7 43
51 96
24 86
45 96
53 12
21 3
80 61
28 25
23 89
9 59
35 4
53 97
44 57
44 54
14 52
64 28
18 23
59 94
13 90
42 40
65 40
15 9
