210 2
67 33
89 13
35 85
67 40
96 52
3 9
73 14
31 37
33 32
97 86
72 79
74 68
24 81
64 68
1 20
3 42
99 89
99 71
54 73
44 1
62 25
24 14
94 40
93 98
55 33
90 35
76 26
81 52
86 78
73 73
46 13
49 61
80 26
32 42
6 44
46 61
98 31
69 43
64 30
56 72
3 89
10 14
73 18
30 53
6 27
60 53
69 95
10 14
88 71
57 92
18 29
95 28
28 48
13 5
33 2
76 53
16 36
83 76
58 27
12 44
31 79
16 12
33 77
69 96
81 98
31 6
61 89
36 70
22 85
97 90
94 1
63 28
53 43
13 12
65 75
30 74
36 1
55 90
45 46
97 58
72 90
22 4
95 13
81 74
3 86
36 25
23 21
30 95
6 94
23 26
27 26
17 38
59 8
85 58
29 80
18 5
16 93
93 27
47 81
97 98
39 88
56 20
89 9
21 61
49 1
22 48
5 69
23 88
54 14
11 98
21 28
10 20
54 14
56 30
90 22
35 92
67 92
72 87
68 76
75 43
58 21
77 69
85 73
28 58
55 23
79 57
36 41
34 78
28 94
99 3
26 52
38 49
99 69
60 12
75 15
89 17
7 30
95 90
69 15
72 62
51 84
75 92
95 18
7 67
24 69
30 17
31 7
66 78
70 10
31 69
71 11
44 68
69 12
34 34
43 71
18 23
6 55
63 27
18 29
90 82
12 67
19 80
57 10
55 93
82 70
11 95
98 42
59 22
88 36
44 4
5 98
2 100
4 100
86 89
4 93
4 11
42 22
97 96
82 75
11 11
89 25
62 13
57 69
83 48
8 81
96 78
4 93
20 46
41 49
87 15
65 83
38 97
38 34
21 11
70 19
77 86
74 70
62 37
63 67
99 10
20 23
98 37
65 80
6 41
49 61
6 65
56 60
4 6
77 7
1 85
