530 2
21 89
39 94
96 36
22 9
54 95
87 74
49 9
87 57
56 6
1 1
81 39
8 90
69 93
25 99
73 25
56 87
51 87
53 50
51 98
18 51
5 65
79 44
89 43
71 65
90 26
81 61
16 6
27 43
81 43
72 35
46 27
64 64
81 73
62 31
37 16
60 40
2 33
64 11
45 77
18 73
15 18
90 16
32 90
45 65
69 64
4 33
27 19
5 70
3 91
34 54
67 93
73 79
8 7
75 65
69 81
56 42
56 62
98 26
26 96
35 84
48 76
65 88
33 6
96 90
62 14
100 90
60 42
90 22
38 58
93 55
77 30
71 78
43 3
20 1
2 42
24 76
44 51
36 21
51 84
21 38
87 44
70 56
15 25
36 59
49 10
41 38
1 1
14 24
65 100
66 1
12 38
31 39
16 69
87 23
37 46
25 71
67 1
52 60
62 20
21 39
26 30
74 2
51 73
41 94
40 81
21 22
29 13
3 12
23 96
41 9
17 71
29 29
61 3
91 57
79 8
5 27
8 21
23 36
81 22
60 73
91 28
13 51
51 31
93 89
19 36
11 65
3 66
12 99
36 62
100 87
96 72
93 40
95 9
46 18
31 46
65 71
20 93
65 1
92 90
26 10
17 95
33 27
68 61
8 11
58 51
78 27
15 37
4 20
60 69
33 78
93 11
78 19
76 25
28 62
22 100
75 58
39 46
87 77
30 45
45 3
91 84
56 19
97 76
39 17
95 5
35 81
63 53
27 30
2 12
10 22
4 41
16 36
34 91
86 82
90 74
67 36
17 60
64 71
72 48
57 10
4 16
17 58
98 28
74 62
69 100
53 34
43 16
52 63
71 67
48 96
3 48
87 15
67 1
79 57
7 11
29 82
11 48
4 86
70 100
96 5
55 21
96 58
22 74
61 39
10 21
62 99
90 68
20 24
22 25
37 24
30 22
19 89
27 5
75 82
59 81
8 90
12 91
24 50
71 97
18 98
14 31
26 35
17 25
58 33
91 29
100 54
93 19
97 18
26 76
68 24
62 8
3 50
55 19
79 36
25 100
74 62
82 22
34 18
24 57
74 25
38 94
55 21
85 80
6 61
44 20
22 57
62 44
68 66
68 58
16 37
30 89
51 44
32 87
75 26
34 60
78 61
7 26
17 67
70 38
94 7
35 98
38 56
47 56
44 73
90 40
70 82
31 50
96 62
75 17
8 70
80 93
38 46
52 14
89 20
91 16
3 61
43 62
74 9
81 72
70 20
55 55
88 16
61 8
12 82
29 100
54 31
45 29
4 1
34 83
56 46
88 21
21 99
78 58
67 23
72 3
60 41
30 46
100 86
77 35
66 22
64 10
98 100
83 49
72 17
9 30
30 71
46 13
49 56
26 15
66 34
74 72
30 37
16 25
39 48
62 7
72 14
64 61
41 88
89 28
38 27
29 61
37 61
100 80
86 84
93 75
96 36
97 41
47 100
29 4
75 48
19 81
61 54
14 88
31 71
1 8
91 48
53 31
34 58
36 89
90 31
69 20
72 93
65 18
43 73
78 61
69 47
39 46
45 41
3 40
14 99
41 71
98 63
83 77
4 36
65 7
49 6
100 52
60 85
77 94
23 36
91 34
78 89
30 79
17 25
12 72
18 1
43 77
7 39
51 70
94 38
6 65
89 74
38 1
80 34
26 34
64 35
63 80
99 95
63 73
63 67
20 54
66 55
20 38
42 67
25 10
88 38
5 74
15 88
82 57
15 35
62 23
57 5
31 99
80 26
76 47
35 81
76 94
72 84
32 42
26 30
53 18
20 80
56 63
60 42
7 56
26 94
94 62
84 89
79 28
97 23
91 83
44 48
34 74
6 33
15 92
96 70
40 47
65 96
93 52
21 26
73 10
26 80
50 64
57 40
32 33
87 81
14 84
35 49
57 10
64 84
2 9
56 39
42 22
96 62
27 45
19 81
97 78
2 9
29 27
38 91
96 30
93 50
76 39
50 37
45 73
37 33
47 7
1 39
4 14
58 58
89 54
59 48
18 5
1 30
40 74
78 94
34 88
9 100
15 41
17 78
74 21
52 38
40 7
72 81
33 13
3 93
70 49
61 20
37 4
86 28
3 43
89 85
84 33
55 47
71 85
64 68
57 38
83 94
57 56
65 41
11 73
31 93
19 76
71 56
25 24
59 28
10 15
81 21
78 72
21 83
74 97
71 67
31 66
1 98
90 36
15 53
78 80
27 59
53 96
79 57
1 65
56 30
22 74
46 51
95 64
43 72
35 75
29 16
75 63
91 37
32 50
20 64
13 33
16 81
81 63
23 19
20 71
31 3
39 66
54 59
99 68
19 68
65 43
27 62
81 71
32 68
82 97
14 100
39 75
89 52
