450 2
62 67
49 90
13 79
69 50
98 49
38 46
26 32
67 26
59 30
27 16
6 57
81 39
57 52
4 25
12 6
61 57
59 25
83 48
32 31
74 53
34 11
35 40
12 22
62 98
48 62
73 69
71 2
23 59
97 18
8 79
78 88
26 43
21 47
10 20
1 80
68 59
46 44
40 96
52 64
92 8
2 37
61 46
88 71
59 6
13 17
96 67
3 72
59 5
25 36
13 16
51 26
69 54
10 5
12 2
68 26
7 14
48 25
44 97
87 82
18 58
72 3
6 94
42 53
5 66
69 53
25 72
85 37
11 77
50 18
70 40
14 77
34 34
57 37
50 80
4 93
47 64
75 22
32 22
85 94
9 99
70 26
74 42
62 54
91 70
45 26
68 78
30 25
42 49
17 90
35 15
78 45
11 60
98 72
52 31
13 70
84 75
23 60
67 49
80 99
72 83
47 53
66 61
93 73
50 89
59 90
26 60
89 77
94 79
47 50
69 67
5 94
67 42
95 89
77 85
53 56
45 19
16 49
28 89
82 81
39 68
61 71
49 96
35 67
4 16
7 43
15 84
12 65
37 18
85 96
49 39
16 95
1 21
19 7
47 69
31 42
75 42
82 61
99 71
67 3
90 69
29 45
18 49
23 93
58 32
86 69
24 57
51 3
56 91
89 59
5 51
19 47
1 80
11 86
61 94
84 79
22 52
13 13
80 91
69 91
8 78
42 56
90 8
49 83
74 79
31 93
24 32
18 95
25 56
63 89
31 52
90 44
88 33
93 7
11 97
73 94
62 28
16 9
12 99
22 3
94 19
60 22
23 15
51 31
9 63
38 86
87 81
13 80
77 29
71 73
17 85
58 32
29 36
3 78
92 43
69 51
32 41
38 56
75 24
32 18
50 100
55 18
33 20
75 94
76 96
55 49
29 76
3 58
36 17
85 50
55 27
27 65
81 80
11 23
19 68
4 2
24 29
83 61
8 81
100 97
87 94
53 3
80 100
88 26
10 37
9 59
86 32
89 32
50 15
21 30
76 28
26 71
12 71
76 33
44 81
36 86
84 75
57 45
11 89
88 44
21 31
99 68
88 44
72 74
57 20
45 3
99 49
59 92
10 29
19 18
88 98
29 58
91 96
3 75
3 31
14 31
40 51
40 38
30 78
2 90
11 43
87 30
29 74
43 72
29 25
89 18
86 55
47 6
79 2
16 23
68 10
65 40
84 69
79 29
82 50
39 43
77 8
32 87
7 98
8 50
60 74
76 9
84 26
37 53
72 95
6 49
81 4
50 45
51 9
19 15
87 64
40 61
18 53
63 24
28 39
5 56
70 70
92 57
64 20
62 100
44 82
26 71
54 50
71 77
89 63
91 8
57 27
94 39
83 17
14 69
3 94
97 66
79 87
27 14
51 78
65 18
26 93
64 74
99 76
96 48
32 92
39 18
88 82
4 43
53 52
65 3
59 29
46 22
51 58
41 50
46 23
80 97
87 91
70 1
48 32
84 5
25 51
16 2
3 35
81 56
81 3
94 43
14 1
3 13
73 92
80 44
1 6
80 72
96 61
22 51
35 54
19 58
14 54
59 45
17 2
47 74
32 98
94 43
34 11
48 64
94 21
31 75
64 34
24 33
60 37
20 84
42 70
76 13
80 75
91 41
79 63
97 40
55 42
12 74
69 38
55 88
48 49
28 96
15 51
4 27
24 83
72 85
71 66
76 34
86 69
74 62
72 79
39 14
89 64
17 56
98 29
89 91
46 18
67 71
18 65
2 87
88 68
21 28
13 40
25 85
92 5
85 20
45 20
6 2
84 17
100 74
97 89
67 80
4 38
21 86
54 74
89 71
6 70
62 70
23 41
31 34
49 64
85 1
76 75
57 85
65 96
43 84
5 97
56 10
50 9
32 16
84 20
16 59
68 69
85 93
69 92
67 87
92 81
12 56
83 24
51 55
52 79
66 61
35 97
18 21
31 30
68 37
39 40
52 9
12 59
73 94
98 41
39 77
94 48
96 59
9 88
