610 2
37 35
34 3
41 88
100 75
62 84
35 57
57 65
23 18
19 3
15 10
17 59
1 87
22 79
38 39
24 59
56 11
6 55
55 80
57 33
89 70
10 44
50 47
36 94
92 92
5 27
57 98
34 83
28 65
21 46
78 79
42 13
73 94
84 84
58 19
24 61
87 35
28 18
52 13
69 48
92 74
26 96
52 26
37 35
43 52
50 14
67 21
4 56
2 73
88 99
3 64
40 66
49 94
79 62
8 18
84 52
60 82
23 10
41 49
5 80
4 57
89 11
7 68
39 45
62 72
100 79
1 40
6 58
38 92
4 96
53 63
85 47
96 49
68 61
86 92
96 27
52 38
89 97
5 74
43 99
74 16
33 67
80 29
93 65
29 92
71 26
18 33
79 99
61 28
59 53
72 24
86 17
87 64
49 54
44 88
90 50
62 61
86 59
78 21
4 19
69 45
28 20
43 72
16 25
83 73
37 39
81 3
14 7
57 3
35 2
100 41
10 57
61 6
78 81
1 10
90 67
98 18
60 69
81 44
7 69
97 64
100 79
59 69
23 18
78 62
12 22
2 30
7 23
92 94
81 92
86 31
27 35
95 70
1 93
57 57
64 47
65 62
38 9
82 9
18 27
1 36
60 85
57 71
49 56
59 51
86 100
79 98
28 24
74 45
33 5
53 70
17 66
27 7
33 11
46 11
62 19
34 41
69 32
65 4
21 63
71 33
75 20
12 100
33 32
4 51
50 74
37 73
26 73
41 22
10 41
45 10
66 7
83 84
17 73
81 48
55 55
19 68
25 63
34 5
7 54
39 11
59 90
65 78
3 51
53 66
98 6
21 37
23 35
22 70
6 31
68 90
52 13
56 93
59 75
61 7
3 15
54 79
2 55
69 42
40 88
69 97
53 59
13 24
85 51
63 73
22 64
82 2
37 30
79 64
13 51
22 31
37 58
31 9
6 13
31 96
85 68
32 82
47 20
38 22
4 78
90 66
54 89
19 19
79 49
62 9
49 58
41 76
5 29
49 67
63 67
41 98
82 50
4 74
46 12
73 64
27 70
24 19
46 75
66 39
27 88
52 25
20 70
50 76
79 79
74 26
76 38
38 92
3 97
16 98
95 21
59 75
21 2
97 45
39 42
7 23
25 56
14 35
62 61
26 42
38 42
59 12
41 32
77 76
43 41
65 19
87 14
19 74
8 53
31 2
61 20
17 71
1 87
41 49
73 19
22 83
31 15
92 5
95 25
48 37
45 44
15 17
25 96
5 3
52 48
16 14
66 12
11 3
26 28
67 77
69 23
69 22
23 26
92 57
42 97
81 26
28 39
31 12
25 87
22 10
53 17
76 31
51 83
24 35
41 80
65 7
82 14
3 18
60 94
10 36
86 10
55 33
59 89
46 12
50 14
65 23
58 88
71 81
41 64
28 17
80 40
68 70
100 47
74 72
36 44
94 85
27 90
69 16
19 89
84 4
42 81
66 2
85 90
66 4
51 39
8 7
18 89
6 73
50 2
28 12
5 72
74 68
9 2
2 55
29 87
98 37
44 68
91 7
33 39
91 22
44 69
22 25
19 43
97 87
48 46
49 85
89 85
21 37
40 4
57 43
66 95
38 39
64 68
23 13
86 29
64 7
30 78
19 4
23 90
36 84
72 24
11 16
79 14
54 8
93 90
4 40
61 86
4 35
73 49
30 54
72 40
12 45
9 76
90 12
85 41
2 39
50 72
91 72
28 90
99 64
50 41
81 30
39 40
57 81
26 49
31 78
11 65
100 7
42 27
60 35
99 80
99 60
29 68
77 64
65 92
98 10
52 47
57 94
20 57
82 30
84 12
16 39
76 29
55 39
66 60
57 73
36 93
54 57
31 82
93 48
97 51
13 88
20 67
42 69
99 13
16 27
64 89
32 33
90 13
72 10
49 20
45 5
34 87
89 83
28 5
76 2
74 77
59 40
68 29
28 98
53 52
14 90
23 49
48 14
49 84
46 91
41 26
17 8
23 9
50 75
87 32
34 44
46 51
34 67
54 61
57 17
32 66
55 95
86 92
52 19
89 47
37 46
83 20
22 74
79 84
63 6
10 21
72 92
81 84
48 42
92 69
71 96
25 100
69 51
13 98
85 78
18 89
59 51
24 26
30 87
62 77
74 45
7 68
80 70
78 69
98 100
17 29
41 18
52 71
2 33
88 6
12 77
27 66
60 81
74 38
95 94
50 56
23 72
83 89
41 73
70 29
38 6
17 31
27 100
55 92
5 61
57 97
19 50
32 77
62 31
51 97
45 89
69 23
88 25
64 82
87 41
38 63
30 7
59 33
20 96
94 38
22 22
73 42
58 60
69 44
79 14
18 19
34 9
25 92
77 74
89 36
99 18
48 15
44 12
11 33
4 37
30 6
1 6
45 14
99 63
75 30
81 41
19 2
15 99
18 89
27 81
89 60
60 65
44 38
66 79
96 47
19 70
54 88
24 86
24 6
94 89
32 99
45 95
3 39
3 5
39 75
20 22
24 51
84 58
12 63
58 92
18 4
77 12
99 22
48 79
94 49
46 99
16 68
68 22
94 32
81 61
76 26
58 80
82 28
75 62
48 14
7 57
72 26
99 69
4 54
19 27
77 36
56 55
16 80
45 17
51 10
29 21
46 28
16 68
100 31
57 67
80 4
33 84
50 20
64 6
55 98
15 90
95 27
93 95
96 18
21 83
6 95
33 2
2 58
10 70
40 66
52 10
