970 2
67 28
61 54
19 88
13 40
18 44
41 59
71 84
43 31
57 28
34 65
61 48
10 42
15 61
56 42
5 67
44 34
37 76
34 21
44 67
42 58
55 51
20 91
87 61
70 17
57 40
96 48
78 52
73 8
40 93
49 73
10 98
96 64
59 67
17 15
66 23
57 83
42 8
90 67
72 83
96 27
68 84
39 13
16 20
52 18
42 33
24 39
39 65
44 97
32 18
47 57
30 14
76 13
49 33
74 96
88 58
25 92
83 57
26 24
81 73
21 86
67 80
91 23
34 68
33 66
91 25
95 72
9 98
28 78
55 34
3 11
12 96
93 72
35 9
53 95
92 11
58 13
54 35
71 4
59 54
59 93
4 17
12 48
40 48
97 1
26 66
51 5
30 33
23 81
94 79
69 95
62 91
39 41
46 15
51 90
38 77
47 2
87 65
35 39
16 52
69 41
20 21
94 11
65 24
93 84
68 14
40 51
61 95
57 51
57 73
53 55
12 80
47 13
70 67
15 84
99 80
59 46
15 95
40 16
7 22
76 43
1 62
4 98
78 87
7 77
79 68
29 62
87 34
88 50
79 57
19 29
83 30
40 6
90 55
64 77
85 3
55 12
9 24
71 90
31 27
85 34
94 17
36 99
48 59
80 60
21 92
91 59
81 29
28 55
100 41
34 93
92 80
15 5
87 46
31 71
68 59
78 40
27 75
48 69
67 63
5 27
13 29
96 97
88 81
22 46
10 19
60 72
11 14
79 72
48 96
42 81
85 20
49 33
84 1
68 98
26 9
92 94
85 43
5 46
66 16
8 78
25 1
38 7
36 74
75 50
1 68
64 86
29 71
27 19
63 56
39 23
74 47
28 88
92 73
34 99
96 92
53 18
72 69
87 25
41 80
34 57
39 17
87 95
14 51
17 35
73 79
67 37
54 92
21 24
67 46
32 48
75 37
40 42
93 81
54 73
80 26
60 77
13 23
48 75
13 76
46 70
99 17
63 58
85 14
57 86
59 97
52 42
73 93
56 63
91 36
82 65
84 34
70 69
33 6
82 95
65 33
16 51
3 87
15 52
87 8
40 28
54 75
74 39
57 100
9 46
8 25
19 80
43 55
85 3
30 60
28 39
89 56
93 44
75 36
83 61
3 89
92 99
84 83
69 54
73 31
36 76
31 78
88 46
1 92
85 61
99 93
92 49
82 73
39 12
15 16
41 56
82 35
2 21
22 7
93 41
99 74
79 90
23 41
62 73
18 27
100 80
34 4
100 31
72 14
32 6
76 3
75 44
81 43
81 19
10 90
6 36
99 30
94 59
84 79
76 43
84 89
83 7
10 27
82 43
50 97
18 17
82 55
35 80
32 35
78 37
52 87
6 90
9 41
46 72
54 67
78 93
45 15
96 34
91 95
46 24
100 18
9 29
86 69
8 83
37 1
41 83
43 61
27 10
45 49
78 23
70 16
21 69
23 12
27 47
87 95
89 60
76 15
45 32
23 87
26 65
51 19
93 70
23 72
6 6
61 72
17 43
14 44
37 78
73 99
64 18
31 46
91 11
60 25
26 61
51 71
74 97
90 23
17 45
93 4
96 89
64 83
60 58
73 68
74 46
18 86
71 98
75 55
69 93
96 58
94 74
67 47
62 65
51 31
45 71
22 97
79 47
23 15
36 31
63 48
50 94
10 87
77 83
69 65
12 55
42 77
6 1
8 96
84 77
55 35
25 21
50 72
44 37
87 49
37 93
87 81
98 64
89 97
9 26
19 22
22 7
97 47
24 37
2 69
98 38
82 16
97 49
92 2
33 52
56 25
55 62
69 6
27 74
4 6
32 9
34 99
29 75
98 67
53 95
42 46
58 78
15 64
39 96
56 82
41 66
73 60
55 28
74 74
80 86
96 20
43 40
61 93
99 68
63 60
89 60
56 87
88 98
25 60
61 5
73 64
46 21
61 53
54 25
91 98
25 41
70 11
31 33
52 50
73 95
57 35
42 55
18 14
18 83
1 3
79 63
68 81
11 34
53 29
48 88
41 22
52 38
20 34
54 27
7 27
89 88
49 14
74 78
40 79
58 62
69 90
4 75
88 78
5 28
48 92
34 74
90 38
3 98
52 98
36 39
4 80
33 24
43 12
68 16
45 7
2 74
22 14
37 43
23 46
95 86
33 13
91 37
42 77
96 31
64 40
70 36
100 37
81 20
43 8
13 50
64 30
38 34
8 45
87 95
95 15
13 80
95 82
82 5
89 76
35 13
62 70
17 76
78 95
94 79
34 18
20 98
41 48
6 68
1 28
45 17
68 1
52 16
54 65
32 10
34 12
32 80
77 34
53 47
90 17
79 44
32 50
77 95
41 80
71 86
57 45
73 70
87 25
85 90
18 47
52 8
58 77
61 17
19 18
49 67
84 16
23 54
59 38
49 40
57 84
94 13
21 20
23 51
92 70
70 90
75 52
2 87
59 40
72 43
10 65
92 33
43 57
12 51
90 86
60 50
67 9
50 8
77 47
69 2
79 20
84 52
62 38
93 74
46 31
42 10
15 25
1 94
15 29
70 61
65 68
54 43
82 85
89 72
41 19
71 5
1 56
73 42
36 60
77 44
96 86
22 65
89 66
89 65
100 49
14 57
61 96
29 53
16 36
49 2
2 51
66 32
80 56
97 59
11 29
10 22
24 49
40 99
52 28
22 22
4 54
83 64
32 26
2 80
24 84
21 23
44 10
55 42
78 93
28 54
91 89
51 67
34 46
65 50
69 46
35 28
3 30
75 66
83 32
100 87
50 87
51 92
98 9
44 57
19 21
67 26
93 34
63 59
90 3
84 51
16 57
84 5
1 69
77 92
51 33
86 39
58 82
21 41
93 16
27 5
57 68
34 94
88 16
91 95
55 67
32 83
88 87
88 58
72 91
32 14
95 98
75 5
17 77
89 63
73 82
47 70
57 96
21 47
88 35
52 81
68 20
84 69
18 31
25 41
72 23
74 44
67 60
46 96
18 59
15 91
24 90
67 63
29 79
2 100
99 56
17 32
58 82
96 65
78 90
2 95
48 79
1 82
12 97
32 42
18 8
97 9
26 31
58 71
51 19
51 8
35 92
47 71
37 33
68 96
17 11
39 34
91 12
83 59
28 92
12 99
80 39
96 45
98 77
66 8
82 37
12 22
93 29
34 27
93 10
19 43
45 82
37 9
28 61
2 79
7 90
56 63
11 20
100 92
32 52
91 91
34 55
2 55
93 33
96 40
40 13
98 76
100 84
17 40
66 55
44 68
20 81
86 14
95 83
81 13
13 12
19 25
49 99
46 12
16 21
36 82
7 1
47 61
72 94
36 41
83 3
96 50
41 21
74 65
31 65
90 43
71 38
18 86
97 4
57 68
38 41
9 38
61 95
46 40
43 79
77 78
65 86
77 95
52 64
51 92
93 70
61 3
33 78
14 73
89 63
16 94
72 60
70 58
49 8
52 50
34 27
7 18
33 23
76 3
21 76
98 16
94 77
36 67
90 75
86 3
64 78
66 49
26 8
92 53
66 47
20 5
99 67
41 78
6 63
23 39
3 53
68 36
67 95
93 64
66 73
5 44
58 24
71 81
37 9
98 49
26 99
20 63
69 45
53 75
76 81
10 44
36 29
21 77
58 56
73 55
53 89
39 48
96 14
8 16
85 1
52 45
51 72
16 27
39 67
15 89
35 79
60 12
25 39
4 7
20 90
12 10
72 14
33 57
79 24
88 28
1 21
56 13
93 2
90 1
8 37
92 13
15 13
100 36
95 90
52 60
53 86
40 65
99 8
77 18
31 87
79 2
19 96
96 3
39 82
6 40
43 28
7 13
63 61
10 49
26 64
52 74
58 6
62 30
94 21
27 40
49 34
29 88
17 27
93 39
83 31
1 66
33 41
60 52
17 67
41 45
9 1
76 78
45 25
33 89
54 31
38 56
60 62
76 3
44 45
66 24
9 36
25 80
47 69
2 95
22 98
72 18
82 12
63 57
39 47
1 46
34 79
89 18
10 77
40 49
48 72
59 12
15 97
31 89
58 72
80 84
38 90
6 47
46 68
70 71
13 97
83 66
21 12
57 54
67 54
70 17
2 86
10 87
31 55
95 20
71 73
98 76
59 42
45 71
49 59
17 63
78 2
99 6
7 26
12 13
85 92
94 40
65 42
2 7
5 57
72 18
79 90
94 59
22 86
84 37
63 47
3 79
13 6
5 61
46 18
58 16
92 53
84 50
97 90
28 6
64 62
6 89
63 72
30 33
96 99
87 20
80 47
29 38
19 47
35 38
66 61
94 77
72 94
5 98
54 4
29 21
55 75
6 39
87 10
9 94
56 9
89 90
