200 2
54 4
18 41
49 81
20 52
47 2
56 85
23 20
76 24
28 13
3 51
61 20
35 44
26 3
64 51
21 39
71 36
30 25
63 78
93 64
56 56
21 63
86 8
46 14
9 42
91 62
78 38
19 31
67 64
28 54
63 2
40 81
21 44
81 40
88 80
55 79
16 77
17 68
37 44
93 48
89 17
48 73
61 9
3 58
48 54
32 27
42 89
30 41
82 61
36 72
44 74
43 90
25 17
42 81
74 30
91 76
79 31
32 63
73 61
3 41
66 13
50 97
19 80
42 11
68 63
60 78
94 35
9 58
50 100
25 99
36 92
19 47
100 8
61 32
29 82
1 42
46 80
62 72
19 35
41 63
41 78
69 26
83 25
77 78
16 38
94 8
95 25
68 65
37 32
49 55
90 2
39 34
27 19
38 4
4 84
83 98
54 11
48 60
100 19
58 81
49 72
21 77
57 98
41 14
36 59
36 26
91 78
59 37
21 76
17 42
3 16
7 42
71 62
48 19
41 93
49 71
4 81
56 83
42 51
23 42
79 98
5 83
37 42
73 97
73 6
66 8
93 92
92 17
64 9
9 18
20 14
67 21
92 31
12 97
47 46
44 11
53 44
97 9
64 52
70 8
68 54
83 51
89 20
71 12
27 58
21 15
98 34
30 31
8 83
88 72
4 7
83 90
29 62
6 6
29 98
30 20
18 65
41 42
50 97
82 86
51 3
66 98
38 64
4 86
92 90
54 71
9 6
26 76
5 27
30 75
63 1
45 90
11 75
48 66
22 51
28 20
69 1
81 96
80 37
35 72
48 66
50 21
26 97
78 33
43 26
42 34
51 16
84 37
58 4
58 78
84 86
66 99
52 27
24 15
6 50
14 96
27 26
98 73
95 96
39 89
87 28
