870 2
99 26
29 71
46 4
53 47
82 17
26 3
64 98
84 76
18 63
25 86
100 100
8 68
44 32
62 25
81 67
84 100
30 2
46 79
90 66
81 66
11 43
78 28
44 67
100 15
4 68
87 78
55 7
22 70
36 84
52 60
1 10
42 11
65 45
63 100
2 74
36 42
29 65
92 3
69 35
92 75
65 9
19 55
50 5
66 100
33 41
34 9
86 43
51 20
38 39
50 43
17 86
62 15
53 60
57 29
23 35
29 18
43 17
48 69
65 34
32 86
22 56
61 95
83 94
80 87
7 69
11 13
26 55
69 32
62 84
63 34
60 55
2 84
52 47
28 22
44 47
39 56
14 4
57 20
73 23
19 100
66 81
69 87
22 36
15 28
70 72
89 29
8 22
2 86
19 62
56 20
61 98
68 90
58 30
39 11
66 49
9 67
51 53
22 89
35 67
80 97
19 20
52 35
72 63
96 41
25 15
55 24
56 93
97 33
63 20
74 17
38 59
6 45
53 71
95 97
67 43
26 44
40 34
56 14
56 99
40 89
58 46
91 12
91 25
44 30
76 21
51 76
59 4
50 30
21 64
16 43
49 58
54 49
41 13
95 44
51 90
54 9
5 72
86 32
48 54
27 72
9 13
64 48
81 25
43 87
32 5
61 28
61 78
77 91
27 86
65 90
6 84
94 43
74 43
69 96
3 91
75 1
26 30
28 91
92 18
65 71
90 11
39 71
74 72
64 81
98 36
23 87
76 36
82 39
77 95
73 41
99 94
40 33
89 51
58 68
40 46
85 54
17 71
99 94
32 43
74 15
64 68
95 21
80 48
83 73
9 5
63 9
5 66
21 53
84 15
27 59
20 41
62 1
53 9
30 23
65 30
50 94
73 97
76 16
71 27
76 97
68 42
23 5
80 27
89 85
82 74
17 38
92 86
61 35
24 94
66 46
59 45
22 8
1 85
96 25
85 2
81 57
95 17
65 75
65 73
15 46
88 36
89 23
92 1
79 54
65 52
16 34
42 30
90 31
50 93
64 25
85 86
49 93
14 1
54 22
93 16
10 91
77 83
7 55
74 92
2 36
20 99
37 90
35 7
82 36
14 37
96 75
47 17
40 99
57 3
25 47
40 75
25 64
22 40
81 74
88 7
65 35
3 44
89 16
17 23
12 34
74 4
85 56
33 28
52 65
11 6
39 47
89 95
23 40
23 57
85 93
57 19
18 86
4 96
32 79
31 3
53 97
33 37
91 20
81 65
77 25
74 83
94 56
62 28
14 12
26 56
66 59
28 75
17 62
51 32
60 20
84 2
40 41
14 76
28 23
49 71
74 80
20 17
19 100
99 54
49 47
81 37
82 42
70 82
56 11
23 82
10 32
97 68
17 28
17 85
16 74
58 48
14 93
31 47
43 90
87 82
93 58
38 99
78 85
23 12
33 60
9 81
16 52
10 14
23 31
19 42
41 93
86 96
32 23
27 77
89 46
89 54
65 30
27 71
40 33
37 78
78 42
69 64
33 38
90 33
12 46
88 65
11 50
31 18
3 84
17 16
11 47
68 93
37 11
40 52
65 97
50 91
6 94
19 63
73 27
1 93
98 25
31 88
95 48
10 39
87 60
44 77
93 75
78 65
72 30
26 82
74 6
58 50
90 8
56 41
1 67
91 32
13 9
97 38
35 96
70 75
56 24
63 33
7 39
12 86
88 63
13 30
30 23
2 58
1 82
63 64
94 32
46 62
90 17
29 31
13 50
50 87
57 49
11 47
31 25
49 15
14 83
15 29
31 3
77 80
84 14
83 67
68 2
25 19
68 84
36 75
67 10
74 91
9 85
4 59
83 41
43 4
20 32
52 30
60 31
37 62
88 100
65 56
41 32
65 92
1 11
67 55
69 80
46 80
99 26
93 87
10 31
26 75
27 63
22 97
64 31
89 73
41 69
65 61
52 13
67 80
89 19
47 80
2 60
34 8
43 26
5 50
28 58
8 34
22 13
22 74
4 3
92 96
37 25
50 3
97 44
21 20
12 64
18 15
55 78
25 59
47 14
84 30
14 91
1 38
77 72
10 11
9 36
4 45
67 70
40 12
79 14
1 90
72 61
55 9
49 8
64 77
94 10
85 46
39 31
84 74
92 72
28 72
55 85
3 46
45 33
50 3
4 13
10 38
5 10
14 42
23 45
46 66
23 45
66 68
89 24
64 38
89 39
29 46
78 94
59 54
94 98
39 2
66 46
53 96
63 39
24 11
18 85
48 66
75 5
17 19
34 63
22 19
46 30
10 100
78 57
34 95
90 22
42 42
13 94
94 36
75 12
74 68
24 10
65 31
32 28
47 16
67 100
40 85
27 94
79 82
20 14
72 9
16 18
55 71
45 33
51 89
22 27
14 15
54 26
16 73
13 7
67 42
82 37
50 15
25 75
26 17
69 71
33 96
70 56
94 79
1 95
21 78
90 98
53 53
1 68
24 100
95 54
26 46
19 42
38 49
59 38
47 62
38 55
90 78
75 47
94 85
53 76
41 41
36 2
58 18
62 48
22 39
9 40
88 88
91 54
89 96
32 38
91 98
31 12
51 28
31 100
93 51
42 58
53 5
79 95
77 68
86 36
92 17
95 59
65 14
71 75
87 12
41 49
43 85
15 99
43 62
29 40
34 86
26 11
10 79
35 85
48 81
1 66
28 48
83 37
69 57
14 44
38 29
6 18
58 72
74 55
73 6
94 44
4 31
87 1
61 50
34 41
34 36
92 31
35 69
80 86
77 41
28 33
76 47
46 96
48 98
56 48
78 76
70 81
95 50
32 88
78 26
75 15
100 62
28 51
80 27
11 24
46 3
49 33
28 92
59 88
3 37
69 51
90 71
4 62
80 46
14 68
16 91
20 38
75 51
5 95
56 49
77 24
55 8
30 59
89 44
35 2
34 95
79 66
82 79
5 14
31 50
78 62
57 3
19 4
33 71
79 11
74 38
82 82
95 42
6 87
15 47
1 57
53 24
82 73
20 42
32 49
21 63
91 21
78 27
2 22
37 34
91 70
83 29
7 20
40 13
74 67
62 16
11 39
47 71
8 2
5 55
1 5
75 25
21 24
76 18
44 30
97 78
54 82
44 78
82 76
4 32
59 5
46 4
27 78
6 1
98 48
33 40
2 43
6 81
78 94
76 5
38 25
82 87
56 5
76 41
88 91
99 42
51 71
54 35
98 96
88 48
95 59
75 63
43 69
57 45
78 77
65 54
18 28
23 14
2 38
38 4
28 19
50 83
39 21
74 27
8 57
43 63
16 94
22 92
44 95
31 28
69 96
64 51
89 53
59 13
47 45
85 28
14 24
31 4
68 60
71 70
65 63
96 85
63 62
15 85
61 70
88 12
16 98
32 97
78 51
86 35
37 69
23 58
34 75
28 33
88 50
25 88
55 68
100 84
2 42
54 71
34 74
54 67
61 92
6 16
80 14
7 78
37 13
45 85
72 69
69 23
98 92
5 81
36 81
41 6
26 22
49 15
48 22
39 2
42 39
11 3
2 60
84 25
53 33
91 67
90 14
13 1
35 90
65 100
34 54
85 39
6 92
82 19
88 1
50 53
8 42
72 61
61 20
98 71
100 18
52 13
83 41
7 90
32 93
62 25
21 62
11 72
63 91
29 79
78 34
51 20
10 92
68 56
57 15
11 4
68 31
16 19
39 20
1 62
9 9
20 91
32 21
38 14
60 70
70 17
64 48
20 75
39 86
89 79
8 40
21 90
16 50
20 55
60 18
63 72
95 44
10 19
48 32
56 53
88 69
14 56
41 93
69 83
39 39
37 97
24 31
17 89
13 53
66 67
50 23
90 96
38 79
7 54
75 92
22 70
11 90
82 6
10 66
71 65
30 57
63 59
24 73
8 76
89 20
