110 2
15 52
52 59
35 50
89 62
54 84
22 15
17 90
93 8
21 14
54 76
62 73
87 57
24 79
49 100
46 79
4 88
94 17
62 63
15 53
57 6
9 34
84 41
2 91
87 68
99 96
74 93
73 29
86 44
67 67
89 90
80 13
56 85
94 32
62 45
85 87
83 50
20 72
79 7
2 83
21 65
61 64
22 10
97 63
42 31
43 36
7 65
29 71
83 49
52 31
11 59
57 74
58 12
64 58
41 16
64 96
84 3
14 52
53 5
72 71
1 12
78 80
82 39
66 72
27 84
86 59
44 47
7 29
59 43
72 99
80 77
61 92
85 47
92 58
15 13
98 85
29 1
44 46
82 38
71 67
48 90
14 6
22 64
18 92
96 93
53 14
33 79
26 25
16 51
28 59
25 92
44 14
97 54
6 82
87 76
16 99
58 59
85 76
65 18
64 1
68 95
7 71
56 75
62 66
100 23
89 75
23 94
17 14
50 85
77 78
42 65
