810 2
38 87
14 27
49 24
83 78
59 62
88 13
80 35
53 96
2 56
91 54
98 36
18 73
42 96
61 73
17 54
67 80
42 36
46 58
8 84
98 69
1 21
34 76
16 43
33 60
21 6
79 78
88 30
19 100
83 98
77 27
41 59
33 47
79 100
39 3
20 17
38 48
97 80
3 66
93 19
93 17
85 49
37 62
82 58
87 12
7 5
64 41
37 11
76 43
72 51
30 12
77 19
79 23
75 40
65 85
1 66
21 100
18 57
53 51
1 48
56 85
28 45
46 86
44 84
85 71
55 59
68 58
27 78
12 38
68 47
86 47
23 78
87 68
3 14
55 48
19 49
35 6
28 100
99 24
57 10
13 15
97 3
73 28
50 24
24 88
22 18
96 20
40 33
9 33
80 69
86 42
20 51
61 25
37 24
55 3
51 51
40 99
73 76
76 70
39 86
24 98
13 76
25 2
58 1
49 29
96 95
28 68
58 67
96 42
3 56
100 28
45 19
35 78
16 90
65 1
49 27
81 32
28 45
98 36
8 6
82 60
11 15
78 39
9 65
56 52
80 51
86 50
33 4
90 63
18 2
75 13
76 83
23 51
6 56
89 14
78 82
97 6
41 58
58 91
54 33
66 50
12 74
70 44
32 21
7 94
69 57
51 60
4 37
98 99
61 15
29 96
100 29
50 23
23 11
64 83
60 23
13 6
13 23
79 43
16 13
55 72
7 6
53 31
83 30
68 20
88 34
88 91
7 64
54 11
34 35
10 31
50 41
85 67
44 78
20 50
85 45
70 64
40 90
93 93
38 51
40 93
86 58
81 68
66 17
69 36
3 24
32 33
1 34
10 1
38 29
16 55
16 48
77 18
70 31
7 67
65 55
57 33
81 56
88 29
36 39
5 41
6 34
18 8
62 50
34 88
60 40
2 91
96 61
72 60
17 51
96 28
84 86
21 55
19 90
73 6
64 39
5 100
4 34
85 84
27 1
44 35
33 82
49 42
73 13
40 60
75 2
60 73
51 50
24 79
11 28
36 99
83 96
92 45
78 73
28 88
84 38
59 43
61 80
72 36
82 11
64 9
71 94
11 64
61 80
9 5
13 34
35 37
46 54
58 22
22 86
66 77
50 23
20 97
98 63
40 77
91 62
2 15
83 55
35 2
34 88
57 58
45 51
52 47
47 37
31 26
42 43
80 85
88 22
71 71
41 42
29 67
91 31
40 42
25 50
86 62
89 86
11 33
93 10
73 44
42 87
60 96
76 97
96 78
46 43
24 2
23 43
58 83
41 37
45 17
15 23
98 75
9 76
14 85
31 64
88 3
43 58
39 22
86 21
12 76
52 33
97 10
90 59
38 63
47 60
2 64
38 92
67 21
97 16
78 18
77 76
100 63
64 49
57 75
80 67
21 80
29 74
95 73
98 96
42 65
47 77
8 17
99 98
31 67
100 4
86 47
37 87
63 56
68 20
33 54
84 75
51 49
13 20
38 1
52 66
82 27
8 100
26 14
18 97
51 18
99 65
40 19
99 21
3 91
68 50
4 79
54 28
23 29
45 10
95 32
46 88
35 21
61 77
35 24
8 88
78 18
43 28
45 31
85 27
25 7
76 13
43 96
96 84
89 36
9 56
66 34
48 93
53 91
92 46
41 57
22 4
26 89
63 45
44 69
83 10
66 24
63 74
36 65
21 3
42 25
81 43
27 11
20 13
5 13
89 58
33 82
24 17
36 15
77 39
11 34
57 4
44 67
77 70
10 5
87 65
56 23
34 29
85 75
6 79
24 54
49 20
60 30
78 29
11 69
93 12
29 97
100 15
35 40
53 100
15 41
60 66
19 71
61 24
91 29
22 67
24 69
12 34
99 33
8 28
70 22
50 75
41 35
81 37
4 72
53 88
32 91
45 89
87 63
69 73
78 66
46 19
76 43
90 76
15 58
51 63
54 65
93 24
27 76
79 40
46 79
76 22
27 90
23 23
33 60
95 71
94 100
72 53
34 25
12 44
45 97
11 17
22 39
66 77
48 53
81 47
61 17
94 79
25 40
39 100
40 37
38 38
63 73
39 19
97 84
34 62
61 16
74 54
17 27
4 8
90 99
22 63
41 26
39 78
9 14
73 60
6 65
56 73
36 79
93 74
65 12
29 39
99 76
12 1
68 69
67 81
68 99
9 5
66 95
10 42
42 33
45 35
98 14
79 17
62 45
12 98
48 6
96 87
41 82
12 77
40 5
4 50
57 8
88 99
68 44
5 83
84 6
99 73
12 78
100 58
57 92
26 55
3 53
45 50
54 20
40 34
57 98
62 86
88 39
12 45
71 66
41 13
89 3
57 58
3 31
34 69
91 47
96 53
65 42
77 11
51 98
52 37
80 32
61 77
99 88
7 76
55 5
62 77
55 71
27 40
91 67
32 5
53 45
95 21
81 7
54 45
23 61
33 50
10 47
64 56
1 58
14 73
81 24
4 69
10 48
6 7
56 79
100 91
73 15
68 28
70 65
56 53
99 43
7 47
31 53
20 33
17 65
6 46
41 8
19 21
5 90
39 56
88 50
38 29
48 5
68 85
88 1
11 32
46 69
54 87
46 95
81 85
99 38
59 63
61 55
35 18
85 74
94 37
20 72
39 58
87 26
77 64
84 52
89 29
11 49
46 4
59 15
33 97
25 94
89 44
35 17
91 75
46 51
2 48
4 69
66 89
12 79
46 12
95 60
95 60
35 84
89 43
52 15
11 31
2 77
24 66
67 97
52 66
88 18
14 54
32 53
44 32
39 85
52 23
69 80
13 15
100 19
55 5
13 33
81 6
21 61
1 6
53 57
19 1
49 37
87 49
17 68
20 34
22 76
5 56
38 18
30 34
98 22
85 75
33 63
10 20
20 95
72 78
85 44
88 88
86 16
54 31
85 32
91 86
6 59
91 26
43 39
11 71
25 95
31 56
91 54
91 2
54 86
22 73
89 50
47 49
65 69
40 100
4 4
78 89
92 17
55 89
10 46
54 53
18 47
86 73
10 86
55 29
18 73
51 62
6 4
2 22
29 53
13 83
100 90
9 35
79 68
46 39
16 8
35 62
71 19
85 51
20 63
41 65
83 4
39 39
60 17
31 51
57 52
73 24
54 80
25 28
3 23
48 69
75 12
77 97
14 3
95 45
79 37
60 94
78 81
39 59
41 36
33 87
77 80
5 51
66 1
33 2
9 33
89 2
88 39
25 57
37 92
97 73
56 93
33 93
45 32
61 56
73 36
46 29
25 6
62 63
30 87
83 2
51 89
56 40
90 48
98 2
10 31
71 60
77 2
19 9
73 67
48 67
89 53
90 11
41 69
15 39
24 98
67 3
23 92
65 97
35 100
33 30
11 74
23 77
21 28
6 92
90 63
52 99
48 47
98 58
85 50
100 47
79 14
70 9
82 60
75 19
59 72
77 39
83 11
44 2
16 50
91 30
94 51
44 95
18 93
19 84
21 27
8 74
99 14
13 16
45 14
1 48
60 23
82 21
31 24
89 76
8 89
82 29
6 18
77 47
21 25
89 33
26 35
98 66
5 99
100 12
89 25
87 58
9 32
29 66
65 7
25 15
13 49
8 40
41 22
54 37
27 54
19 5
63 89
13 27
61 23
