940 2
90 95
75 47
1 60
68 2
35 87
41 57
61 11
20 81
22 25
11 11
94 96
23 46
94 5
8 74
19 53
27 58
42 14
3 43
57 81
61 48
18 67
61 19
93 60
11 82
96 43
36 3
19 52
88 45
9 33
48 3
86 28
78 23
26 21
49 75
68 92
80 65
94 85
32 21
11 66
20 79
38 67
21 86
51 75
46 70
86 12
39 25
31 46
58 13
95 54
90 24
7 51
41 72
25 66
97 68
54 22
60 56
71 72
39 62
29 81
71 43
26 67
82 24
7 70
100 18
74 67
93 11
16 80
20 23
42 93
91 18
43 22
31 13
26 90
48 96
77 19
69 76
24 88
22 55
100 46
74 76
36 97
77 79
56 59
30 86
53 36
9 91
96 13
6 69
44 62
17 45
49 73
83 23
34 80
30 67
84 80
1 89
40 31
87 9
49 42
51 74
6 86
60 17
48 74
75 81
11 32
10 6
8 71
49 40
20 25
41 33
69 44
19 23
69 30
8 1
68 11
42 64
56 97
67 76
82 82
75 40
69 10
48 98
84 90
55 40
56 30
96 63
15 39
14 73
59 13
99 42
93 86
99 13
78 46
63 90
71 69
13 40
43 56
58 48
26 55
100 51
72 25
77 62
54 80
62 55
22 88
99 92
15 76
83 15
29 59
19 50
54 76
15 44
34 19
56 34
94 45
100 68
15 12
98 6
67 31
58 99
57 8
91 79
39 79
9 89
83 45
36 24
13 56
73 29
8 94
43 19
49 33
48 95
67 1
5 22
87 20
32 18
56 99
57 55
82 62
75 85
84 53
30 31
42 40
43 1
54 51
80 26
69 16
58 42
44 82
89 26
77 87
8 67
30 20
35 60
95 40
96 24
24 30
27 3
6 20
100 12
11 29
24 31
98 24
54 31
40 74
93 42
92 85
87 33
70 79
40 43
38 91
19 12
22 96
83 74
9 9
9 11
57 86
54 93
70 44
9 26
29 37
73 31
93 48
1 79
34 41
38 67
96 94
88 33
65 19
85 73
6 18
54 74
28 24
70 66
68 87
79 38
10 62
41 35
33 2
62 28
8 23
19 31
44 26
37 73
90 90
58 66
84 81
72 76
76 41
24 38
34 93
45 84
100 64
92 3
98 48
66 41
30 7
16 46
64 88
74 52
83 35
60 69
77 70
70 63
59 47
1 100
20 66
47 82
51 22
83 76
6 65
100 93
5 82
97 80
26 20
60 98
73 5
38 80
56 41
13 1
63 71
71 61
52 4
19 47
66 21
86 93
29 62
87 50
57 93
7 96
68 77
22 82
47 59
7 17
24 49
45 42
7 67
12 12
11 64
57 9
66 3
12 10
46 6
69 97
21 9
83 60
84 34
54 71
62 93
74 31
87 4
24 58
28 71
95 95
89 33
53 66
83 41
30 3
97 3
21 80
90 24
79 10
22 6
43 36
38 90
49 63
66 38
5 46
82 78
85 51
96 10
92 46
63 32
45 31
81 54
73 95
73 32
74 40
43 26
16 50
13 20
41 13
37 73
92 9
10 6
14 37
18 94
70 5
81 94
23 10
40 44
19 56
88 21
57 88
42 18
59 91
4 59
12 7
57 2
4 54
72 94
77 14
14 48
43 15
46 21
39 68
81 55
88 12
22 13
68 8
50 23
39 52
12 16
41 73
55 82
18 36
93 70
23 13
66 97
81 74
43 38
1 81
44 31
45 25
20 34
56 85
38 63
59 45
79 13
5 57
41 6
50 28
19 31
8 73
59 13
19 69
57 2
71 24
54 34
1 42
27 67
72 85
40 88
42 68
44 46
46 57
32 56
77 19
8 70
55 94
12 64
2 41
55 92
19 60
62 23
40 87
26 86
52 69
56 55
69 47
24 39
17 67
44 63
52 60
88 71
3 98
97 6
61 61
67 8
86 80
45 1
21 96
73 68
20 46
52 88
35 100
17 8
85 52
8 29
99 63
3 4
9 99
49 70
29 21
44 74
49 53
14 21
51 35
4 14
3 78
25 100
71 93
60 48
42 7
65 32
13 34
26 52
81 21
69 7
37 34
58 87
48 48
10 54
11 30
27 24
79 11
47 54
7 63
59 77
33 9
57 48
76 25
19 86
67 65
100 47
23 42
45 10
58 49
40 15
66 24
99 2
66 5
50 32
20 61
26 70
67 50
73 9
47 39
99 27
19 95
47 4
100 12
63 3
67 82
100 37
10 32
30 47
30 91
59 57
65 25
76 22
61 100
46 50
78 88
69 82
71 33
71 60
69 83
52 6
22 28
99 88
66 9
28 4
61 16
40 39
47 67
80 84
96 99
23 91
61 46
39 88
99 77
61 96
9 28
60 62
45 21
56 64
44 95
10 55
40 93
17 43
21 5
72 9
64 42
17 99
46 93
88 78
33 99
1 73
4 3
22 86
58 63
39 90
70 51
44 30
14 41
96 73
48 83
8 56
78 74
16 11
93 86
50 10
14 23
63 83
16 11
95 29
75 39
64 49
85 52
43 83
15 80
26 96
71 77
25 45
88 67
83 2
56 89
3 38
16 12
87 5
43 37
25 78
63 95
97 56
20 88
31 45
75 82
12 8
71 47
94 81
60 80
41 75
31 83
36 2
49 47
37 53
36 3
2 45
68 50
78 80
92 21
11 57
95 99
19 14
29 29
63 38
68 94
49 43
90 49
87 23
17 22
20 68
31 87
22 55
33 52
96 43
13 78
58 74
52 21
28 50
82 58
29 54
27 51
13 26
66 90
74 97
87 7
59 57
73 75
62 11
21 5
9 65
68 3
89 14
48 90
75 34
62 30
15 15
38 72
45 31
94 45
97 24
72 84
3 68
96 99
61 70
5 24
52 8
46 92
22 14
86 62
21 39
14 5
85 22
11 13
35 56
82 9
80 35
79 9
31 13
74 85
74 70
8 4
61 80
61 19
75 48
14 74
61 58
80 72
9 50
95 84
49 30
78 57
19 72
80 77
68 44
87 77
79 63
50 18
8 64
63 40
7 72
44 90
39 100
80 2
51 57
64 12
53 31
26 5
84 83
61 3
73 92
70 44
93 28
79 32
81 8
80 72
8 73
33 57
66 58
13 94
89 85
93 45
19 7
79 93
87 64
88 11
25 92
22 3
54 91
69 14
33 19
96 51
80 1
97 95
67 1
42 56
63 53
16 50
73 72
88 92
7 90
21 87
42 77
91 53
89 42
33 87
40 92
42 31
87 10
48 83
79 38
20 11
18 62
9 23
79 35
11 73
25 13
79 85
38 36
50 44
56 60
39 9
43 15
79 99
70 47
65 66
8 93
65 32
34 15
76 21
41 80
45 24
33 75
70 77
75 16
70 37
48 43
14 61
78 75
76 77
89 17
36 66
5 25
47 18
56 69
61 53
38 11
53 19
66 35
5 91
61 53
93 53
35 47
63 54
12 47
55 66
79 15
64 2
91 17
79 59
67 17
9 25
18 62
32 36
73 11
84 29
65 38
43 96
18 69
90 77
10 66
59 13
41 46
94 15
4 100
77 86
4 29
46 20
51 98
63 51
59 41
50 13
47 60
8 58
94 34
13 33
88 50
71 42
49 74
99 37
94 56
86 34
68 95
29 13
74 48
54 46
57 21
69 87
41 65
43 29
8 66
67 47
84 52
27 87
9 22
60 35
46 93
49 97
2 73
50 4
81 12
51 78
23 48
87 14
63 53
39 79
58 97
69 63
58 69
62 74
44 42
4 66
74 44
4 11
71 90
41 46
37 95
83 26
17 96
35 12
33 59
13 22
10 25
79 95
36 50
40 46
9 55
84 32
28 51
61 86
67 10
66 37
29 28
89 95
55 25
94 89
31 60
43 68
9 46
84 83
76 35
65 22
79 56
57 5
23 25
61 52
18 79
50 1
28 84
85 73
3 2
50 61
99 90
83 66
10 27
56 37
25 76
57 27
47 30
23 6
77 22
17 22
5 47
46 19
51 89
49 47
39 82
98 9
92 87
23 95
47 2
87 18
85 82
97 53
18 17
81 70
70 82
62 89
44 92
51 78
32 97
74 5
31 60
81 66
5 32
90 38
85 99
80 41
9 51
39 50
30 25
26 78
25 97
71 44
68 39
18 83
11 31
70 64
44 53
30 98
20 30
66 29
8 18
66 52
46 45
15 8
44 23
97 41
59 45
13 88
73 100
12 38
95 40
19 71
19 1
29 34
23 36
57 87
