550 2
65 70
90 47
82 42
6 47
98 75
21 88
6 51
92 27
32 63
8 50
83 59
80 15
4 36
18 72
42 41
63 79
72 62
26 92
20 16
92 52
20 98
72 23
28 4
69 69
86 5
91 30
47 48
79 71
72 58
12 34
100 22
16 79
22 30
94 97
55 34
50 51
52 8
37 89
48 71
77 33
43 32
20 70
35 93
94 29
47 58
66 90
68 34
59 99
96 15
48 89
98 36
15 47
78 64
1 84
46 33
100 11
29 40
45 30
5 39
93 46
83 30
31 90
41 56
54 91
48 59
100 19
55 88
24 46
98 53
22 51
46 69
43 74
50 19
85 43
51 85
6 66
12 1
72 42
57 71
65 7
2 40
46 76
65 95
66 75
26 36
11 77
77 51
9 58
86 53
37 35
31 17
78 1
61 53
42 72
17 33
91 37
95 69
76 66
63 60
94 35
73 72
44 33
96 69
46 8
52 60
86 66
9 33
38 56
35 87
75 38
83 46
76 77
20 34
71 83
45 77
97 92
86 86
16 6
56 11
45 85
30 36
29 30
52 50
61 14
86 23
71 94
94 68
11 7
88 57
74 10
3 67
33 66
18 39
14 64
73 37
49 88
97 48
24 24
45 50
51 22
79 47
23 87
27 97
1 89
47 29
1 45
11 30
23 64
2 65
63 24
42 87
88 39
52 51
20 22
30 6
70 66
50 15
43 67
73 21
43 7
61 12
25 25
26 77
97 44
77 88
60 41
17 28
47 98
59 75
50 48
75 27
11 40
78 12
96 59
7 60
61 46
83 60
94 36
5 80
29 50
91 1
24 39
19 5
10 12
76 57
87 5
18 41
97 50
19 28
49 40
6 53
95 27
66 53
27 55
2 48
62 39
61 6
99 57
53 61
7 32
11 6
6 90
43 16
15 11
86 22
63 93
59 56
99 14
26 66
52 100
59 19
75 29
82 72
84 95
26 88
86 46
71 56
44 47
69 91
9 17
65 35
69 86
42 92
43 5
42 56
32 48
91 29
1 89
53 57
67 57
29 72
38 10
10 4
82 57
26 85
40 19
76 36
49 99
37 97
10 95
12 63
15 30
73 25
70 51
28 8
99 65
87 47
65 18
96 45
74 19
80 67
19 67
16 21
19 67
9 55
95 15
87 69
22 85
28 27
100 22
73 33
85 15
74 36
50 1
90 1
62 71
84 43
14 67
97 98
14 42
92 59
93 63
47 5
35 12
14 80
2 42
1 64
67 28
15 22
51 78
22 18
93 26
74 55
53 70
62 86
17 75
27 53
32 97
16 94
62 66
56 70
8 71
85 65
90 67
72 17
84 28
79 8
93 7
46 19
21 31
66 74
21 38
10 95
21 82
48 98
54 25
59 33
62 52
19 56
54 9
66 39
93 6
96 82
64 90
7 69
94 64
86 25
59 9
13 49
10 63
33 16
32 47
89 83
20 58
1 3
68 97
61 66
2 28
24 37
1 88
100 75
62 14
54 24
68 31
36 64
44 40
69 3
1 19
79 12
35 56
64 22
53 2
70 72
54 8
10 50
4 62
18 24
27 66
99 99
77 58
5 70
80 94
44 19
93 6
81 87
79 91
66 14
96 15
82 100
40 80
7 83
6 12
93 71
58 100
12 8
78 15
24 82
54 94
84 57
51 10
70 15
72 22
68 89
89 25
86 12
2 89
27 13
74 27
77 95
72 81
84 10
2 88
31 42
62 40
15 24
28 9
43 85
64 58
1 63
29 30
1 10
82 80
24 71
63 81
83 18
79 10
32 15
94 6
29 12
50 25
4 81
77 70
37 95
7 65
55 27
6 95
90 88
77 81
32 52
99 37
86 41
72 97
71 44
55 76
25 36
34 5
57 65
69 42
69 54
86 14
90 91
69 77
32 16
73 20
75 26
11 75
89 66
17 55
84 27
6 25
44 77
73 34
88 1
88 14
20 30
56 13
55 51
5 27
29 32
73 58
87 75
88 2
99 90
41 87
68 65
53 12
44 54
91 91
43 26
84 13
18 27
38 10
43 63
62 44
96 1
15 33
87 89
83 90
35 16
53 73
89 73
29 5
58 98
64 90
11 22
26 23
16 22
57 47
81 5
74 98
91 18
35 38
65 64
83 88
86 27
62 24
19 59
61 83
6 83
12 42
47 80
5 7
88 42
26 98
63 55
83 13
30 5
95 90
72 14
56 57
63 86
17 92
90 4
91 65
1 80
50 35
74 21
88 62
13 49
60 20
91 78
54 74
16 29
98 50
7 73
41 81
27 79
27 35
78 24
28 1
51 61
77 38
54 58
28 26
9 50
62 10
82 74
69 98
70 40
51 54
15 30
31 95
74 18
54 20
67 77
16 92
87 67
26 94
62 70
94 80
92 44
24 49
36 79
18 83
92 94
98 48
86 33
48 95
24 90
46 18
33 10
49 10
50 100
50 98
32 65
63 24
31 73
46 11
62 89
35 41
