580 2
57 55
80 71
73 45
55 3
74 24
38 64
34 6
14 3
8 36
24 22
1 19
16 44
66 48
99 31
53 43
34 33
27 43
74 21
79 49
46 31
80 57
94 54
38 19
18 86
29 36
14 87
63 34
98 25
73 59
16 16
98 56
88 10
14 93
96 96
39 26
27 91
77 32
84 9
33 86
28 37
28 75
88 66
28 81
66 71
42 26
98 38
20 54
25 5
12 47
57 60
75 35
4 98
74 94
2 42
82 73
96 53
77 3
29 83
59 9
28 94
75 1
61 49
65 32
70 40
13 18
89 25
52 15
84 11
15 27
55 79
83 62
74 27
72 4
51 95
10 79
100 6
13 96
48 100
45 18
43 54
40 77
70 96
61 56
62 39
97 66
66 46
35 33
20 10
26 9
59 7
47 87
67 75
46 29
50 56
97 39
46 63
58 50
96 20
30 8
48 8
25 8
43 15
7 8
96 6
10 2
93 22
41 27
23 46
69 13
31 79
54 25
88 29
13 61
97 64
97 54
29 31
12 8
81 59
96 16
86 38
51 66
26 95
65 89
71 12
74 2
18 46
37 37
99 93
71 28
7 50
23 92
10 60
32 85
78 94
22 89
23 30
5 56
48 9
62 59
73 23
38 97
13 12
63 7
96 96
29 67
100 91
39 70
55 82
66 9
63 34
63 98
74 89
9 34
41 24
42 18
100 8
86 32
13 73
30 87
33 92
10 32
46 67
15 69
68 84
81 98
6 95
15 59
49 34
64 15
82 60
78 90
81 38
34 7
44 74
82 10
38 95
99 99
77 66
83 63
27 48
84 41
48 21
17 88
30 24
57 40
17 47
26 22
37 19
82 23
32 17
7 53
76 7
52 68
55 1
8 68
100 91
44 6
80 3
25 86
2 14
71 52
83 18
2 21
87 68
38 10
69 46
33 17
98 67
16 12
72 69
58 18
53 80
77 22
61 51
88 59
21 51
35 73
38 7
99 67
94 69
25 52
75 41
50 29
29 61
83 15
36 39
15 11
89 66
73 42
55 47
80 31
4 90
1 48
23 93
92 28
31 68
38 83
34 31
67 80
86 51
29 92
28 33
100 69
15 35
12 52
97 63
55 37
46 6
57 69
55 35
7 78
59 63
57 60
60 35
63 16
88 95
40 23
17 61
85 21
36 34
76 16
11 80
72 21
49 22
27 3
65 14
32 52
46 80
39 54
90 59
89 44
62 27
78 87
47 87
37 8
73 83
18 63
8 99
44 16
34 13
93 58
99 10
55 94
94 99
13 31
18 40
78 88
8 50
77 7
62 8
81 3
17 35
87 22
87 36
42 77
65 75
38 57
71 84
42 3
92 52
97 26
14 87
45 71
49 17
68 45
92 30
22 90
32 28
11 75
11 52
38 91
35 56
62 93
64 51
73 66
23 78
19 33
6 50
41 83
37 22
15 20
5 21
68 41
31 28
28 69
4 26
100 87
77 22
34 86
39 93
21 44
40 83
53 51
20 98
80 75
75 62
67 71
28 15
49 53
81 21
94 23
34 45
100 67
93 53
90 1
35 67
68 42
95 63
59 69
36 3
88 82
86 69
65 38
30 44
15 11
6 78
82 77
23 76
42 77
67 80
47 52
99 64
94 75
19 20
62 90
5 75
81 3
95 71
54 55
1 93
7 45
92 35
1 61
47 99
58 55
95 24
62 73
54 84
13 15
22 70
56 76
22 18
23 21
4 64
38 19
75 18
97 42
63 62
71 75
70 24
96 88
62 54
81 60
63 6
58 37
6 55
68 10
64 33
4 99
100 50
30 69
42 95
84 44
18 40
41 23
39 14
36 13
98 83
9 60
57 88
84 87
5 41
76 9
92 31
94 54
16 70
42 50
90 23
2 12
69 53
13 13
39 82
41 15
96 50
100 61
17 49
89 18
54 46
80 49
15 55
26 41
7 23
29 19
28 9
34 21
20 26
45 39
69 6
83 85
98 9
35 79
52 5
76 13
88 39
33 60
67 46
28 67
2 97
41 85
59 80
36 9
93 10
30 30
17 72
29 35
72 37
15 1
75 26
55 100
10 69
40 68
24 3
16 69
47 54
44 100
33 46
28 40
21 55
20 84
48 64
95 92
1 96
25 95
82 40
49 20
84 70
90 20
35 38
49 49
70 27
10 95
18 81
13 12
85 28
52 74
95 30
16 35
88 19
100 64
61 25
87 38
76 13
1 44
99 32
39 24
12 27
24 92
74 75
59 18
56 88
60 76
26 37
54 71
11 36
88 44
79 32
14 6
3 20
24 79
94 69
30 99
88 76
52 4
51 44
96 16
70 11
32 29
67 24
95 94
24 81
35 36
77 17
92 36
40 96
23 37
82 76
12 73
67 34
49 29
56 32
61 82
42 53
21 53
84 10
24 15
32 53
20 81
9 11
63 70
53 38
82 28
39 36
61 95
59 20
71 81
60 87
92 73
89 42
81 19
91 19
71 60
29 49
26 91
57 75
18 87
29 2
95 16
28 58
56 70
70 47
72 17
20 22
46 30
37 19
26 51
40 38
54 99
4 83
87 94
85 10
11 32
81 18
32 42
3 23
12 28
45 13
18 39
68 86
45 79
100 78
