770 2
93 58
52 52
43 14
61 47
73 48
69 34
73 98
27 75
75 45
91 2
52 7
83 36
67 26
30 33
89 12
90 79
92 37
69 39
11 97
71 2
91 90
53 1
14 26
77 13
10 39
2 50
40 98
86 55
5 89
56 20
8 63
87 74
15 23
98 23
88 74
4 41
87 28
1 34
8 65
23 83
68 20
19 27
76 87
8 41
40 63
86 41
35 53
37 51
38 60
55 8
76 41
4 6
100 8
66 52
44 10
95 12
63 32
26 99
92 100
29 9
10 71
60 4
76 89
94 25
29 40
5 17
10 38
33 80
13 97
71 20
98 59
63 97
6 67
36 82
35 61
14 13
21 59
36 34
95 84
29 35
98 20
68 77
31 23
75 92
39 26
52 9
54 32
12 13
5 44
27 29
84 81
15 18
14 87
88 7
43 12
15 30
89 44
5 23
59 17
43 86
42 13
5 79
29 91
42 27
85 13
69 79
83 18
2 68
50 34
90 47
74 46
55 62
56 63
48 19
94 8
32 96
81 69
69 36
64 47
18 82
88 52
30 75
29 8
91 47
41 42
14 22
32 19
41 90
77 12
25 13
1 70
40 75
72 53
69 61
95 54
84 100
33 93
99 85
27 96
72 51
3 43
57 97
76 33
90 63
27 98
67 90
77 76
34 31
26 32
81 27
95 83
19 55
14 30
15 22
42 6
65 47
52 26
65 74
37 23
15 69
39 89
11 49
77 92
64 17
32 59
88 45
23 99
66 81
75 93
59 60
87 45
6 15
56 15
80 8
73 76
44 79
12 92
9 73
87 49
17 31
15 41
9 3
47 7
64 71
1 40
16 48
66 34
88 70
28 34
73 9
66 71
62 44
70 87
25 19
14 22
100 93
77 47
16 93
55 71
93 40
14 79
71 26
27 26
71 71
97 13
100 78
17 61
96 16
30 52
42 19
86 6
63 4
55 74
50 57
48 44
95 20
72 12
33 91
61 51
50 50
12 61
10 85
71 23
28 10
88 51
59 64
22 62
30 74
1 4
5 50
43 13
29 45
89 64
89 22
95 31
68 40
23 39
90 81
79 21
9 29
78 32
47 79
32 62
32 6
23 69
57 98
37 15
75 63
44 59
83 20
3 78
99 63
100 51
29 16
46 8
86 9
90 6
70 91
35 89
14 16
79 86
76 6
87 100
29 74
79 36
86 34
49 8
16 52
48 72
43 79
18 53
36 43
43 57
48 85
33 73
86 61
73 100
54 56
64 6
37 82
80 22
31 12
88 76
6 64
85 78
78 17
63 40
88 39
24 68
3 3
67 86
69 90
66 86
24 73
16 48
14 86
83 2
10 9
39 86
62 53
31 5
40 49
47 82
63 20
3 68
91 72
45 45
2 87
55 69
53 38
44 34
82 88
8 13
48 38
17 63
98 74
67 11
73 16
78 29
8 95
21 77
82 70
14 33
99 81
61 94
4 35
27 21
33 28
47 43
2 26
74 24
56 81
97 83
80 89
24 68
21 20
33 16
69 36
93 24
29 39
40 37
53 98
84 62
41 58
82 27
43 15
43 90
93 73
61 75
58 34
62 98
54 97
89 48
20 19
65 67
71 47
12 96
51 98
20 32
1 12
16 92
72 6
45 56
4 75
85 76
19 55
97 100
21 91
7 75
72 58
36 91
55 79
83 72
76 30
37 45
96 55
7 87
9 97
15 76
40 25
86 26
93 18
19 88
72 56
76 10
62 63
52 58
91 63
82 48
52 74
88 100
13 27
26 19
87 6
9 94
55 10
30 60
86 3
32 53
21 74
20 10
13 76
87 37
53 10
58 46
81 38
56 55
89 73
78 9
3 59
88 83
50 10
28 81
18 40
4 81
90 43
38 71
56 97
70 90
28 10
61 6
58 50
76 18
8 97
17 69
42 30
25 21
82 21
29 39
82 98
58 7
49 53
29 95
43 47
4 35
38 8
20 38
51 46
27 86
19 43
86 42
62 83
91 62
88 69
36 48
4 50
64 5
85 12
89 40
24 3
13 5
90 95
96 4
24 96
73 68
36 70
45 86
26 15
2 58
35 88
50 36
43 96
47 89
70 59
60 1
38 31
28 84
34 98
59 44
87 64
92 52
24 41
33 8
77 31
74 90
91 20
83 32
21 29
40 12
40 99
99 13
15 45
35 39
6 86
78 40
21 95
50 19
52 60
63 47
4 40
42 52
70 38
44 94
12 38
44 38
38 9
11 71
64 12
53 84
11 32
89 99
94 12
43 14
54 53
84 74
3 82
53 85
35 70
12 92
71 72
36 91
5 18
34 99
90 100
69 72
75 45
1 90
5 72
2 74
37 77
9 85
36 49
48 53
67 23
20 91
73 52
15 53
29 68
45 98
37 59
63 90
78 78
60 65
51 98
28 84
99 12
72 29
3 1
50 62
60 31
15 62
81 29
71 55
71 92
45 42
73 8
97 44
38 87
32 41
79 69
49 20
85 35
98 50
1 27
11 80
6 62
56 72
33 89
49 19
92 84
25 28
85 75
43 82
41 87
42 37
94 97
28 97
29 10
71 35
54 84
16 14
72 10
50 46
20 42
92 39
21 54
74 17
44 56
46 88
5 8
71 21
5 15
62 49
28 98
60 68
63 8
8 78
41 68
80 74
1 7
71 66
55 68
27 42
9 69
14 26
81 10
92 82
18 65
86 61
14 83
73 39
72 41
35 12
50 75
44 59
97 10
62 64
4 3
85 28
68 14
86 17
97 100
48 85
2 84
23 24
62 34
99 91
57 84
80 36
26 76
11 70
78 75
37 82
49 99
59 7
97 88
29 94
52 17
71 69
35 89
84 44
98 29
79 39
41 45
38 53
62 34
47 50
85 24
16 57
88 53
42 92
25 87
79 87
93 56
80 72
20 18
94 13
11 4
10 93
29 39
86 42
74 34
100 27
3 53
71 26
46 65
41 47
53 69
90 75
97 48
72 95
23 31
10 80
64 65
11 5
51 29
91 39
29 12
74 76
4 10
16 21
88 94
36 96
27 23
24 38
39 35
15 54
42 77
41 7
40 32
32 5
45 40
26 17
24 58
59 26
50 91
98 76
80 18
66 21
1 87
43 5
58 63
37 19
8 18
98 44
13 96
28 1
18 54
19 78
89 26
14 26
8 2
51 29
40 95
33 40
86 6
21 7
75 27
75 16
5 25
50 66
44 31
93 75
11 99
30 79
68 32
29 55
55 81
39 81
80 57
30 3
98 89
52 7
80 10
5 76
62 24
61 66
45 63
89 61
34 53
1 36
3 30
65 52
17 6
11 19
8 33
52 33
53 15
19 68
65 42
57 17
28 100
47 99
22 60
30 85
12 51
88 18
95 91
69 16
8 30
12 66
54 76
19 80
46 68
36 43
44 93
69 73
46 80
88 42
9 15
75 55
20 31
54 77
48 73
53 53
73 44
25 17
32 30
91 49
64 40
