700 2
96 76
94 18
65 7
1 92
64 66
6 51
40 28
96 64
6 27
36 27
24 65
52 46
100 15
48 18
39 18
21 18
99 22
6 31
41 13
23 93
37 1
11 48
36 16
38 39
55 51
21 57
31 34
8 72
35 3
18 20
17 91
44 4
48 26
75 86
44 44
49 94
25 3
74 33
100 92
38 43
9 9
34 91
94 11
2 66
52 88
10 67
76 85
2 17
31 49
70 54
55 89
40 40
53 4
55 66
11 89
77 65
80 28
83 55
90 44
9 24
91 99
77 54
69 50
8 62
26 62
26 91
61 42
7 76
8 5
23 89
44 31
6 31
33 92
71 85
19 69
30 14
7 61
51 14
34 47
64 54
31 17
3 34
1 57
94 33
77 2
28 77
37 22
20 78
62 68
47 92
44 37
83 32
71 52
34 63
77 43
37 53
19 21
45 60
26 73
49 20
54 25
50 60
45 94
84 55
47 48
90 78
2 62
3 54
53 63
33 82
69 58
9 25
28 63
47 87
82 48
45 68
37 98
76 71
33 99
48 38
73 72
59 100
85 10
11 32
51 61
42 21
44 44
14 71
15 67
11 98
43 38
20 61
77 37
50 88
27 2
65 37
56 17
59 24
64 80
73 42
7 95
27 57
59 11
21 7
83 20
23 68
30 97
78 11
52 44
16 7
28 28
9 82
39 100
86 5
42 76
46 28
13 88
46 81
62 9
37 44
77 9
46 89
16 97
13 46
2 11
77 71
98 5
79 57
76 57
53 43
79 41
48 99
69 70
51 77
12 22
30 64
99 1
78 20
15 71
78 19
96 84
100 61
89 94
82 11
15 33
15 71
77 82
11 69
77 43
41 19
99 82
55 97
23 65
32 30
26 55
84 63
17 48
31 93
4 56
12 99
14 2
8 18
33 58
12 3
57 75
63 15
15 13
88 26
51 60
98 27
65 84
69 30
56 4
32 98
60 14
60 36
46 18
47 75
83 41
91 13
9 9
52 42
75 98
97 82
78 4
98 51
11 12
19 84
37 52
62 1
35 28
100 94
45 93
74 75
62 74
63 17
28 1
41 96
83 84
1 89
80 71
63 86
100 100
19 31
14 21
11 44
41 33
14 35
81 67
49 89
87 35
38 32
80 84
60 51
1 85
34 39
51 45
38 15
34 66
8 56
25 67
60 64
31 51
71 63
68 48
48 94
97 15
44 90
73 81
55 70
15 91
9 32
4 64
95 74
19 88
68 76
66 46
72 28
83 34
22 37
41 63
95 92
38 54
99 28
5 74
87 51
58 10
14 17
3 70
50 90
52 44
77 23
98 48
33 1
91 60
10 57
33 20
70 39
20 68
15 96
82 91
42 36
34 30
9 55
65 7
31 21
68 63
61 25
9 88
33 5
29 9
20 51
81 53
55 99
63 36
32 46
6 5
46 56
87 4
8 80
49 49
97 52
80 78
16 26
91 88
35 31
33 36
91 58
66 73
34 41
92 31
57 67
9 70
58 11
56 94
83 40
86 56
1 53
58 95
63 96
84 70
77 67
69 66
86 75
92 76
24 74
91 1
42 74
83 59
65 95
40 52
90 12
27 17
3 12
15 49
19 29
9 87
49 67
68 13
4 7
70 34
64 70
59 75
55 14
24 51
71 31
3 34
1 81
49 63
78 61
39 100
18 45
99 5
8 15
77 25
8 37
76 7
29 23
35 46
97 72
36 9
16 59
75 24
96 97
3 50
75 35
46 89
90 10
98 73
48 47
50 58
38 42
63 42
36 89
65 86
86 79
37 57
1 43
3 62
75 31
80 26
75 76
75 83
79 51
28 59
99 40
72 91
33 35
65 74
18 14
26 2
56 47
84 54
1 34
59 38
88 69
21 68
98 9
38 5
10 26
9 94
90 25
95 1
31 11
44 87
92 18
19 91
55 15
22 65
81 18
57 58
17 70
52 52
53 98
31 36
28 64
46 21
87 22
92 80
77 73
78 97
92 27
79 96
78 14
50 66
80 56
78 90
80 79
19 14
7 36
91 26
72 88
24 85
86 29
68 84
69 89
53 55
28 74
68 13
99 34
11 2
62 89
94 94
3 34
43 90
97 65
37 97
34 23
15 65
48 28
68 40
83 45
84 40
68 73
1 11
47 36
68 90
38 4
56 50
33 82
10 17
47 55
8 9
57 78
68 52
3 1
99 83
18 68
81 81
88 80
45 5
33 76
24 81
24 26
32 29
71 84
70 78
46 46
17 34
10 84
83 16
97 3
88 6
42 39
75 56
35 9
21 96
71 90
60 44
7 24
42 68
7 61
45 36
43 52
24 47
7 89
21 37
20 83
4 79
20 83
51 47
27 9
73 45
2 35
39 22
47 29
95 2
63 51
70 50
32 13
9 23
98 78
43 27
65 63
8 71
49 80
66 58
24 26
50 20
46 52
77 96
19 8
89 90
35 83
9 17
5 33
22 63
48 31
2 44
11 82
40 49
5 87
22 94
15 17
59 63
1 6
88 77
55 72
40 61
62 12
8 54
94 3
51 93
99 97
33 99
36 16
21 49
97 89
99 98
82 63
37 10
8 10
25 21
25 68
57 79
1 25
33 34
26 69
67 54
83 33
45 60
96 94
68 8
15 10
96 15
34 92
82 23
90 43
73 26
49 88
79 67
7 96
64 97
20 77
62 71
53 24
1 50
52 50
60 24
3 37
94 33
22 7
56 7
25 14
48 84
49 37
84 34
75 19
24 54
71 34
68 15
51 12
67 22
46 6
91 99
9 68
13 19
18 88
86 78
68 28
76 100
14 15
13 94
53 19
35 92
74 59
78 98
47 94
20 37
99 89
27 8
93 36
25 2
29 72
8 70
3 89
45 100
89 9
24 84
97 16
52 28
44 30
29 82
36 23
64 81
14 50
71 64
9 31
9 74
81 89
78 55
16 75
47 5
18 29
42 37
84 10
84 15
96 34
27 82
52 3
63 26
28 89
5 2
95 45
54 7
55 52
23 61
10 50
100 3
78 45
3 73
17 83
17 5
69 69
98 19
58 74
29 95
81 38
6 4
60 83
5 29
64 82
10 32
85 99
53 99
76 56
64 7
97 100
16 67
29 90
93 94
16 49
89 51
33 52
6 40
98 23
27 54
84 9
11 79
17 98
