590 2
2 69
22 27
4 89
7 61
39 94
50 96
17 78
22 49
34 2
89 51
14 40
17 34
20 15
97 34
52 53
46 13
70 71
19 93
18 94
22 98
23 55
10 46
82 92
59 55
76 52
4 37
92 98
76 81
46 17
20 44
34 14
60 81
4 76
100 86
38 100
2 72
34 26
96 19
32 90
62 41
24 87
81 90
98 32
10 78
44 26
14 80
86 23
100 13
92 5
54 72
40 24
88 55
44 65
10 87
58 16
83 76
62 58
77 70
6 47
90 28
6 34
30 4
4 35
14 97
14 73
82 42
56 78
44 68
4 52
42 20
54 58
35 73
63 49
7 27
85 40
16 93
97 49
56 91
58 17
5 10
61 3
62 100
53 89
5 91
16 93
57 17
36 11
6 22
91 66
45 53
27 7
57 13
30 33
53 69
23 43
67 8
83 15
77 82
40 10
54 90
89 86
50 58
62 23
6 48
81 99
76 25
67 4
17 5
62 50
12 41
49 13
11 61
49 45
33 56
27 2
35 39
65 83
25 72
99 36
64 4
9 14
88 97
89 44
34 67
76 3
82 81
69 97
82 71
13 43
43 58
71 8
8 25
25 40
20 68
4 39
56 48
90 72
99 49
35 98
92 3
78 34
8 41
22 24
98 88
19 38
51 91
24 69
67 54
92 18
42 23
51 61
45 27
97 40
97 82
85 79
8 93
65 97
51 5
10 32
63 39
22 72
57 7
12 12
68 80
75 58
14 73
4 57
13 75
56 74
88 13
36 6
72 34
32 50
38 44
42 2
58 91
28 95
21 80
87 67
16 65
58 38
11 59
28 16
17 60
39 30
74 100
85 65
15 6
93 7
94 40
8 35
5 80
62 28
13 7
9 13
35 71
67 40
97 22
34 50
100 99
75 6
10 26
8 27
80 25
28 41
96 86
26 39
12 23
6 86
92 62
33 15
13 25
83 17
67 35
21 88
92 70
87 54
33 18
7 1
75 46
17 80
49 78
18 4
52 75
18 61
42 31
34 72
15 27
95 39
95 2
38 66
42 34
95 47
45 93
4 87
21 48
94 96
60 9
61 95
51 94
96 4
13 36
49 19
9 39
38 47
49 90
76 53
76 9
43 96
81 74
95 11
37 86
1 39
76 95
24 72
52 82
60 88
73 43
6 8
49 21
46 36
45 18
46 30
9 22
9 70
30 97
10 75
80 81
51 33
26 22
61 71
71 95
92 11
23 65
13 49
76 95
8 40
47 38
48 78
90 22
2 67
66 16
71 35
49 89
85 58
93 38
40 73
72 41
78 69
33 16
1 62
51 71
53 6
67 77
54 68
8 50
95 49
86 56
55 84
30 22
6 51
50 41
76 46
100 52
77 98
2 49
47 85
21 62
43 29
65 28
49 99
31 41
47 74
79 70
1 50
90 50
97 91
86 81
74 55
81 77
26 49
91 12
93 2
4 12
60 9
17 43
2 49
49 92
1 63
17 65
62 43
92 100
64 45
37 86
71 29
88 82
3 40
33 25
77 54
37 97
91 11
86 41
10 96
95 35
17 43
51 18
14 76
7 77
32 37
40 19
100 93
50 88
11 63
97 33
87 34
17 72
65 23
63 52
93 84
10 32
11 93
59 90
44 5
82 76
88 84
1 69
94 2
2 81
52 5
2 43
5 7
81 24
90 56
80 33
27 32
12 25
24 24
44 44
59 3
94 50
46 6
73 95
38 86
1 80
40 84
68 78
44 40
63 78
23 84
85 51
40 37
83 67
87 30
72 30
7 25
29 51
12 84
92 77
23 45
11 76
13 63
41 52
34 87
30 82
14 98
53 17
79 36
67 23
27 68
85 20
37 100
29 4
93 70
29 54
99 29
79 17
37 50
39 74
28 96
32 79
79 29
40 77
21 43
93 69
65 59
91 88
87 3
16 33
1 60
31 72
90 58
99 66
84 1
75 94
57 10
31 89
16 58
35 63
89 73
10 40
67 50
74 79
56 5
3 61
10 75
39 53
13 57
100 26
20 49
80 71
57 75
52 53
85 88
89 34
75 15
88 23
49 81
7 86
39 33
32 24
83 45
54 74
87 34
38 61
3 19
66 70
60 46
84 66
1 7
13 35
40 89
84 60
55 22
81 23
32 69
15 74
29 60
77 50
46 3
67 39
89 67
8 99
12 80
67 46
70 98
80 39
39 79
5 78
84 30
84 45
75 50
19 21
72 44
38 4
56 61
70 20
50 83
28 96
58 27
84 42
24 57
30 81
37 26
29 36
63 81
91 19
48 48
51 82
5 98
94 32
100 2
17 1
69 2
45 52
68 5
18 68
48 27
35 63
15 58
35 40
38 37
78 10
22 88
65 47
5 37
7 53
93 12
68 68
8 37
60 16
60 82
68 51
16 46
50 29
92 82
34 33
20 96
41 92
35 4
99 56
7 33
31 94
99 61
69 19
90 99
21 14
58 81
12 61
95 21
15 76
25 7
47 74
2 52
100 57
45 73
86 82
91 19
44 82
93 51
56 57
27 37
75 90
2 78
91 97
7 3
36 97
57 64
76 38
89 85
9 51
85 76
90 50
62 53
59 69
16 61
56 59
33 78
90 86
78 58
55 99
57 87
80 61
56 65
14 81
40 90
25 51
96 58
31 56
32 25
30 31
