780 2
18 36
24 63
6 6
15 20
61 88
22 53
39 9
9 32
72 31
49 59
56 83
51 96
62 59
25 56
41 100
93 30
57 97
82 23
63 6
14 24
66 87
89 97
34 93
82 41
55 72
15 75
60 1
5 53
23 86
97 25
33 30
7 22
9 24
78 92
11 64
16 96
39 57
56 44
64 25
15 10
46 65
46 30
57 3
12 72
74 18
39 5
18 100
55 28
33 25
24 46
65 58
27 53
74 71
66 93
70 95
27 23
5 50
79 98
72 68
57 69
66 54
55 2
36 6
72 32
29 32
25 72
19 42
12 28
93 1
36 11
15 92
74 33
13 44
7 42
14 82
45 21
85 33
6 29
19 97
66 47
37 84
51 24
62 2
65 42
48 27
15 99
100 77
22 57
97 79
54 8
86 44
88 5
50 2
33 76
74 71
83 11
40 3
40 97
37 18
71 100
65 51
67 47
59 52
85 31
46 53
10 52
39 16
36 50
96 95
28 91
46 41
24 66
44 31
65 47
76 80
16 89
35 46
57 54
13 70
1 78
73 2
12 24
66 23
51 60
29 62
53 54
51 82
27 61
59 13
50 58
13 51
89 83
62 96
84 62
31 19
40 51
71 15
55 97
37 35
82 3
39 88
96 37
87 76
73 72
61 45
53 95
51 83
17 24
25 43
3 58
96 61
95 51
12 29
9 37
61 89
28 37
80 35
94 80
60 54
27 28
4 4
16 96
12 74
84 58
19 72
78 90
86 64
84 27
33 56
48 84
55 82
31 31
18 90
29 55
34 83
22 14
57 11
16 59
15 59
39 40
94 84
64 72
21 55
66 93
21 35
29 29
18 49
67 38
97 88
91 50
93 71
100 97
62 12
21 73
62 7
66 41
21 66
78 58
45 28
3 8
38 75
17 39
91 79
43 10
62 30
27 11
49 71
27 36
71 62
99 8
79 62
21 88
18 31
20 14
8 48
57 73
62 71
18 18
82 1
11 44
32 48
56 87
86 68
69 83
22 4
58 84
40 59
53 64
63 4
88 82
77 1
28 32
74 31
87 10
80 46
17 33
17 57
2 23
15 97
19 63
60 78
83 3
31 11
40 4
67 92
74 40
40 3
3 97
59 56
26 11
93 3
58 90
20 65
94 9
63 24
86 83
48 78
94 54
10 69
98 50
45 87
37 5
83 73
69 79
33 31
17 42
93 15
84 67
34 58
48 2
54 15
31 68
39 86
11 36
88 62
56 16
40 81
68 57
67 36
19 25
18 57
60 14
38 4
37 70
16 10
94 63
77 30
43 93
79 76
27 14
63 48
67 22
83 4
34 48
62 78
15 66
92 48
32 10
87 6
55 71
32 26
64 43
1 6
83 80
17 33
24 18
32 6
41 33
9 61
23 3
89 76
39 71
45 17
88 76
7 40
97 19
20 97
46 36
85 33
50 46
80 27
11 24
8 8
87 42
34 75
37 14
45 75
11 43
25 57
74 56
28 35
80 49
97 79
69 96
1 95
36 65
40 94
19 56
29 88
86 74
74 71
21 85
50 56
90 75
30 84
55 49
29 9
52 33
79 33
18 64
3 18
65 24
22 4
17 57
83 38
11 83
72 81
82 81
6 63
20 58
50 11
80 9
74 76
47 15
22 11
41 8
60 25
64 31
71 77
58 17
6 25
1 6
15 34
91 8
35 5
84 90
98 38
9 60
47 38
94 51
43 44
78 61
7 34
9 2
1 89
67 93
5 50
1 30
40 31
23 59
16 66
7 85
29 6
23 3
67 24
74 19
92 73
26 57
27 49
51 84
5 35
58 7
83 6
24 1
51 68
86 30
62 29
28 99
73 44
38 5
78 83
39 80
29 73
88 41
86 19
86 21
16 55
68 14
64 33
81 66
24 78
67 48
85 32
58 21
29 79
26 96
40 100
25 34
62 8
83 19
2 7
92 5
38 60
29 96
31 67
45 49
84 28
37 29
86 25
35 61
49 23
94 7
72 70
66 16
73 74
27 50
75 48
67 37
72 33
65 62
40 28
60 77
80 70
80 75
84 84
97 17
76 86
40 69
14 56
68 16
90 87
51 17
11 77
30 60
30 74
83 63
71 11
17 1
18 92
12 62
61 69
7 35
59 53
62 55
24 84
74 46
39 11
95 67
38 6
51 93
13 32
77 21
65 59
42 18
58 93
15 35
13 100
60 12
54 34
14 9
99 1
39 17
39 8
54 78
26 28
27 47
82 80
79 28
40 4
75 19
39 32
42 5
24 78
77 37
3 8
55 61
78 30
81 11
85 46
84 45
31 70
52 80
55 17
23 70
53 56
86 25
45 28
84 95
60 75
88 26
6 90
77 88
38 81
66 62
63 67
6 88
64 89
15 38
29 92
79 14
73 47
90 18
40 67
25 59
23 21
59 74
67 64
76 48
37 61
51 24
73 57
95 53
95 41
46 86
63 85
40 79
58 88
14 73
78 75
30 61
2 17
75 3
78 64
9 84
48 27
13 34
36 73
90 62
90 82
41 93
22 65
98 91
64 95
17 82
89 16
23 82
76 41
4 43
95 45
85 40
8 87
28 63
52 18
11 91
34 17
14 16
3 26
91 25
5 28
39 13
32 2
63 76
67 3
65 58
77 8
62 48
71 91
66 37
57 30
94 8
25 4
40 71
47 73
35 30
60 41
42 26
99 60
82 29
52 96
12 85
39 3
40 16
42 14
39 83
85 74
84 13
58 62
67 84
74 26
22 12
58 62
97 42
25 52
17 25
22 81
50 91
57 8
95 70
69 45
95 84
92 63
4 56
69 70
65 56
44 38
90 56
63 20
32 96
23 10
30 42
27 72
26 98
25 24
2 59
28 91
67 3
8 71
92 74
39 47
58 53
20 75
36 16
14 18
77 23
52 53
94 95
11 14
44 98
20 46
45 76
89 99
11 79
31 96
98 47
80 21
6 33
59 46
81 84
37 64
28 7
28 54
62 79
37 32
51 62
46 59
38 26
49 51
59 69
3 15
94 17
42 95
31 13
93 71
69 73
34 58
24 93
53 12
8 8
33 13
90 86
28 51
39 60
43 17
18 63
48 96
31 86
77 99
56 35
2 95
46 56
66 46
44 78
95 64
83 38
77 26
14 45
89 6
30 38
87 38
94 43
3 90
61 62
51 26
60 67
50 5
91 10
65 36
77 74
66 65
52 14
1 81
36 58
17 67
50 2
1 78
75 72
7 6
87 67
84 56
92 28
52 29
46 53
6 26
81 90
47 45
96 6
99 41
18 47
10 82
21 24
28 85
53 74
58 94
39 76
22 52
73 67
58 80
42 91
25 51
6 65
8 83
38 81
67 14
88 88
100 42
56 99
67 73
23 9
52 52
66 81
70 40
74 16
32 7
36 6
41 78
44 48
57 12
30 32
45 5
92 30
78 34
35 58
22 79
56 21
19 27
74 19
91 24
97 42
60 45
34 69
83 46
13 82
76 71
63 79
59 12
41 55
25 93
81 49
79 6
90 7
