760 2
8 47
89 20
44 99
38 56
40 98
58 45
86 3
65 15
86 25
70 57
96 17
26 52
100 71
25 31
91 84
79 65
96 51
58 64
58 26
35 38
82 36
59 76
92 70
40 71
15 15
99 52
5 89
13 50
6 41
19 88
95 8
83 92
19 98
8 18
22 50
84 38
2 12
64 32
92 58
75 71
15 95
22 85
14 8
33 100
82 73
80 48
48 33
73 89
89 2
27 71
50 25
30 85
3 25
29 86
37 6
91 77
44 11
70 36
14 27
32 52
62 20
48 14
43 8
47 100
89 65
71 97
35 66
28 72
52 25
48 41
33 9
33 11
57 82
99 8
20 33
80 17
36 17
31 25
11 26
25 63
5 50
46 96
19 82
99 37
68 41
90 94
63 26
8 63
73 68
79 58
16 82
52 77
98 86
53 90
85 23
86 83
13 32
7 53
51 38
99 83
14 16
41 9
29 87
85 26
58 48
4 37
90 14
53 81
55 7
71 3
60 16
88 72
16 97
18 2
57 20
16 98
58 13
11 46
13 91
78 72
82 73
8 73
26 43
45 17
63 62
12 91
18 26
22 35
69 4
45 5
100 61
51 18
98 53
14 7
25 12
80 52
58 12
48 42
87 22
78 21
5 98
29 30
31 98
98 57
17 9
30 68
60 57
66 13
50 65
13 13
8 12
43 85
57 35
72 27
10 29
4 4
17 13
63 90
13 87
51 8
85 37
52 42
20 20
91 42
79 9
55 78
70 48
93 28
65 17
62 12
86 69
22 35
9 91
82 8
3 23
62 20
47 55
14 40
69 71
78 45
82 77
55 96
56 67
11 54
11 87
6 38
80 84
47 48
14 83
28 10
64 69
66 70
6 2
86 21
43 39
7 83
69 14
78 34
44 33
3 48
26 2
71 61
46 79
56 2
45 13
45 82
67 90
50 70
95 15
66 19
74 16
47 9
38 61
92 61
33 70
79 64
57 59
77 43
96 2
89 71
75 83
25 94
35 5
53 1
74 31
47 52
6 27
12 90
16 71
69 46
91 93
28 39
84 59
2 66
83 56
15 92
10 48
15 42
41 35
50 56
23 54
31 100
55 15
38 45
61 9
73 51
73 90
100 79
29 5
46 22
52 33
99 56
18 19
63 72
47 56
56 26
35 12
53 16
10 96
6 46
53 20
26 48
90 7
47 67
81 84
25 35
45 50
76 99
65 9
81 31
13 39
53 12
28 66
65 93
83 85
94 56
52 18
16 37
41 98
26 25
80 86
73 92
66 7
7 85
77 14
61 36
70 61
81 30
17 22
94 17
52 60
66 51
66 24
64 46
64 26
68 48
73 13
24 91
1 100
55 22
74 8
56 30
65 43
62 33
58 1
34 64
17 17
11 40
46 18
89 97
13 29
88 94
2 34
44 87
37 3
37 97
27 27
92 35
26 44
62 54
96 9
99 44
16 85
35 10
98 47
86 6
77 19
20 87
88 16
66 40
92 78
23 87
23 79
29 22
59 47
87 86
36 33
43 53
16 79
37 41
45 68
90 49
87 45
56 34
76 55
46 83
35 59
87 11
39 33
28 19
9 45
20 29
92 85
55 10
77 10
34 36
53 89
95 95
72 39
32 71
30 64
5 98
14 65
22 32
25 55
78 75
20 61
85 45
4 80
77 60
13 70
72 59
78 46
26 10
67 48
10 32
64 19
67 30
47 96
69 48
52 98
37 30
34 83
29 12
74 10
88 100
10 14
65 32
47 6
94 20
30 83
29 46
2 40
5 17
26 62
54 80
71 30
68 68
39 59
80 34
59 35
64 36
32 81
53 62
85 13
62 10
30 74
51 63
91 37
26 64
69 53
94 68
31 70
11 6
42 10
28 20
75 65
7 92
59 54
23 20
2 55
65 23
65 63
49 89
65 93
93 50
90 18
36 17
55 37
11 7
73 33
42 59
69 96
75 14
58 70
7 96
90 31
34 92
97 49
64 12
54 74
90 3
95 74
70 54
89 30
35 94
45 41
25 53
36 33
98 65
93 6
25 5
13 4
1 37
57 100
9 66
68 58
92 96
41 35
96 81
88 81
84 74
51 59
35 28
8 30
66 66
65 73
81 72
17 8
43 97
82 85
2 72
45 70
59 72
92 87
45 24
50 92
28 30
47 99
93 47
67 5
63 26
17 61
87 46
5 21
46 46
15 69
5 59
30 61
59 73
48 38
26 56
89 68
94 47
20 68
76 91
4 45
37 51
5 39
68 45
3 26
50 76
26 91
3 29
84 86
10 83
12 52
97 37
98 8
38 61
19 87
22 91
92 86
99 84
5 82
58 60
45 64
34 15
92 64
69 16
40 93
17 98
18 96
7 1
93 45
40 20
67 95
68 30
23 22
36 39
79 79
52 97
23 84
23 66
25 64
17 78
18 87
82 69
38 58
98 14
25 75
48 20
5 83
73 86
93 60
94 87
84 77
86 60
36 60
77 45
73 50
55 34
42 100
99 9
61 3
42 16
96 20
36 35
61 88
45 61
61 29
24 4
83 15
64 83
58 8
32 14
55 94
81 54
57 22
56 30
95 40
94 53
66 51
51 25
42 48
25 45
37 47
82 55
22 66
9 38
48 13
26 43
80 68
76 60
16 42
52 71
27 31
17 32
11 34
7 71
52 53
31 57
63 26
83 49
16 60
60 90
87 99
73 64
57 1
29 96
4 74
49 40
57 46
93 78
48 5
26 76
42 94
83 21
90 82
3 47
31 35
59 20
47 53
84 1
11 66
83 90
89 30
50 84
31 14
36 60
42 76
97 93
26 7
99 78
63 27
64 60
58 11
54 8
53 51
3 37
5 90
11 49
93 96
83 39
71 92
67 8
45 12
97 34
39 62
42 94
20 75
42 31
66 19
23 75
77 21
54 81
57 16
80 76
16 82
9 88
69 64
21 19
25 8
16 60
75 60
5 66
92 85
40 100
15 99
37 35
55 88
40 52
25 75
29 24
13 76
39 28
75 51
79 24
83 77
78 25
22 99
62 61
83 16
31 24
19 100
23 8
56 75
86 75
10 70
60 11
34 44
50 95
76 96
57 67
78 69
76 16
59 38
1 82
69 47
22 35
65 17
94 48
35 17
21 69
38 71
36 35
71 97
90 1
48 28
17 89
67 85
74 48
12 68
79 38
63 46
87 97
51 12
19 88
48 18
50 4
23 11
76 12
13 5
53 98
66 73
10 42
27 39
81 88
54 40
14 79
36 35
25 88
76 64
66 23
29 24
48 8
47 9
85 67
85 48
80 58
20 38
29 85
45 65
88 65
19 100
65 38
38 92
20 16
97 31
45 1
92 78
11 62
9 34
63 78
64 99
26 10
43 58
8 66
28 71
47 41
68 91
60 2
35 84
55 66
43 14
78 53
36 93
51 25
66 26
10 81
