870 2
29 15
45 82
23 42
72 85
79 8
39 77
34 87
37 3
86 10
16 42
41 7
18 26
8 43
1 41
91 2
38 88
44 79
20 48
64 80
69 64
34 75
81 39
1 4
17 6
49 8
70 28
47 29
61 14
28 63
60 56
36 88
83 67
10 67
64 3
37 7
56 49
48 4
3 41
46 82
99 51
65 79
87 91
10 5
57 68
35 100
21 35
98 11
38 56
97 20
59 30
33 93
49 86
16 20
8 25
8 71
53 47
54 92
82 75
19 8
61 25
92 29
58 40
5 58
60 71
13 97
10 21
11 74
64 52
72 92
26 35
1 34
22 65
12 53
31 77
32 74
65 69
28 68
80 74
23 68
52 92
100 64
47 65
65 63
6 7
66 60
25 50
16 55
89 12
40 77
20 71
68 32
53 21
7 55
74 5
69 47
88 76
81 71
61 88
97 61
46 53
79 12
23 88
33 54
77 40
79 73
65 46
33 79
1 97
61 19
2 32
94 80
23 22
78 22
15 25
22 77
55 53
74 47
27 71
9 4
97 94
93 60
85 98
87 79
35 91
58 49
17 42
38 20
52 10
44 63
75 86
46 32
3 5
66 90
25 99
86 55
76 69
95 72
46 46
85 23
42 45
66 88
79 87
7 59
97 68
97 57
77 92
33 20
60 53
14 66
22 21
12 71
40 5
38 3
62 93
62 86
86 82
98 27
60 26
94 39
89 14
90 72
48 50
94 29
93 5
92 82
38 86
36 75
34 2
47 99
26 68
79 86
60 54
2 50
88 6
4 78
47 75
14 45
41 34
12 90
36 22
90 11
94 63
82 29
62 45
31 67
34 91
66 26
81 30
60 6
62 97
87 97
25 93
52 62
12 84
45 40
31 95
51 68
87 96
77 12
59 42
78 81
8 95
77 53
43 90
68 53
18 82
65 15
36 60
15 32
25 77
99 28
79 69
18 87
63 42
13 83
83 85
46 93
73 62
38 48
90 40
41 62
21 54
39 78
96 26
37 7
43 58
38 54
16 61
89 33
75 69
63 50
73 90
16 79
89 76
92 3
76 60
38 92
80 65
66 51
63 52
70 76
78 61
86 16
89 23
87 44
82 56
13 81
11 15
88 80
35 50
24 14
35 25
66 30
18 83
15 59
79 88
30 57
53 71
71 77
24 11
38 47
5 51
67 49
39 24
77 98
86 80
54 72
9 100
33 34
17 7
65 6
7 36
82 39
94 46
68 32
16 10
26 58
68 51
71 48
3 81
77 2
16 61
94 22
10 16
95 20
67 2
4 75
60 55
30 57
3 73
6 97
79 9
37 88
78 28
31 15
49 97
97 44
22 27
26 58
42 43
56 12
84 70
53 88
45 57
87 29
66 56
68 63
56 22
59 31
83 93
1 79
55 3
93 7
26 20
72 29
20 63
99 31
89 59
70 99
60 62
38 10
73 45
45 42
55 14
52 62
68 14
47 68
90 100
25 49
9 54
81 33
33 53
85 32
4 42
82 1
90 49
88 15
83 55
94 86
80 43
88 70
35 88
18 84
89 58
16 51
11 66
36 10
15 72
24 48
75 13
81 32
58 67
56 34
47 68
97 55
26 88
26 10
45 56
56 38
18 23
67 78
2 1
19 81
87 92
47 65
26 8
82 96
48 93
89 53
17 55
61 97
58 40
96 7
58 56
52 8
9 23
71 36
33 87
56 47
89 30
93 25
73 47
75 36
1 30
32 86
79 31
39 17
46 69
2 70
5 61
69 60
12 6
55 83
7 39
40 25
58 56
66 95
88 29
29 2
75 68
99 19
36 25
38 98
45 100
2 99
93 5
64 8
68 50
54 76
83 55
10 41
20 55
30 83
92 39
65 69
97 6
44 40
85 67
38 95
72 29
94 85
35 8
89 84
28 92
60 65
53 2
67 60
35 85
63 34
23 54
94 86
40 33
95 49
15 90
9 99
58 51
88 27
5 67
59 24
66 83
1 91
2 72
91 26
84 88
38 93
8 68
15 15
7 75
9 52
20 49
70 83
8 6
77 75
39 95
67 7
37 92
82 5
4 79
22 97
26 83
5 33
62 25
96 65
72 41
33 70
94 56
79 98
4 23
5 25
66 9
30 4
35 7
9 27
46 59
60 84
16 61
48 80
13 70
76 18
34 28
49 5
26 3
74 54
94 3
94 3
19 28
47 21
85 64
23 60
41 43
20 44
32 55
49 24
65 78
22 36
75 53
32 2
83 72
49 96
80 40
20 98
67 29
6 10
88 65
6 7
53 73
27 73
38 5
60 52
79 71
9 55
1 78
39 63
53 68
87 80
82 48
11 48
1 68
21 61
98 8
29 90
67 11
6 19
32 69
28 92
100 3
20 40
58 100
55 68
30 43
74 60
58 68
53 52
70 96
19 19
85 87
10 99
87 67
33 56
19 67
64 40
94 60
19 93
38 58
84 91
7 71
95 1
52 91
93 40
22 28
73 45
13 49
87 64
47 94
30 100
77 7
82 41
19 66
38 8
44 62
8 83
91 72
46 41
40 94
42 68
86 27
63 75
29 46
68 50
94 79
41 61
90 67
12 94
65 57
54 58
32 58
16 10
88 95
13 88
34 25
16 18
42 61
30 58
7 11
5 22
13 38
64 1
40 54
74 82
75 80
2 75
70 15
3 31
45 45
80 50
72 26
35 12
50 1
43 68
19 43
99 93
65 88
93 48
53 47
30 76
35 18
89 78
26 3
49 14
89 97
66 83
45 15
79 15
45 55
3 35
71 27
18 66
54 35
20 93
95 83
3 80
12 94
5 87
23 23
17 32
69 34
84 85
51 52
97 68
42 97
44 48
37 90
42 73
80 50
79 28
76 15
59 75
73 10
54 31
46 6
66 32
18 49
46 29
59 68
72 17
6 54
91 15
41 55
92 87
72 74
8 52
88 35
52 4
33 69
96 18
9 21
12 17
59 44
5 84
37 34
47 56
19 62
91 60
59 34
8 36
9 50
59 90
60 44
92 95
10 7
28 43
25 58
35 25
59 77
75 33
11 49
80 57
67 3
13 42
15 43
82 75
69 96
37 57
50 80
84 56
46 24
19 18
92 99
51 91
29 16
31 28
45 54
57 90
94 44
23 10
76 100
20 69
72 22
46 35
55 32
99 82
51 12
25 88
70 95
49 97
68 83
24 28
80 61
92 58
22 17
39 6
47 29
13 30
27 63
42 28
37 19
98 66
39 77
85 88
24 48
53 74
83 32
81 88
34 78
70 8
16 74
84 84
47 55
48 46
95 90
72 97
9 4
20 25
85 2
93 83
45 13
2 1
64 24
42 22
65 47
13 76
1 4
27 65
80 24
100 91
77 56
22 27
75 56
72 71
8 20
40 20
69 64
47 57
91 89
21 34
63 100
81 78
57 68
92 59
47 87
83 18
72 21
44 86
76 93
55 96
91 52
60 33
75 8
65 68
39 18
40 59
62 29
36 3
22 31
95 24
41 15
42 22
98 39
23 22
44 81
24 13
51 96
72 80
70 50
35 62
9 99
35 12
42 81
28 18
35 93
18 73
72 86
36 43
16 77
67 20
17 41
67 72
46 33
12 2
34 55
67 83
66 67
47 65
74 26
22 33
70 59
84 41
95 80
43 13
21 34
55 50
41 75
25 97
75 49
39 54
87 77
20 18
64 14
84 87
23 28
25 89
4 87
67 49
93 22
63 50
5 5
11 52
9 24
62 27
27 91
80 66
74 14
37 72
46 94
6 34
86 14
99 8
47 37
25 33
15 86
60 75
30 36
30 59
53 44
48 17
87 72
33 30
100 95
25 46
88 25
4 95
27 48
35 35
44 71
12 29
6 80
74 82
23 70
39 99
99 2
6 43
11 75
64 89
58 5
16 8
89 1
33 76
49 11
53 59
47 49
