320 2
76 74
19 34
52 74
21 37
60 3
37 68
16 14
88 25
8 12
66 55
99 37
32 18
32 11
34 46
89 49
48 13
66 16
22 60
48 77
11 61
8 3
32 35
31 98
59 35
26 94
20 46
49 88
61 38
4 89
43 27
49 18
41 12
84 86
20 27
16 10
44 34
14 82
9 15
76 4
82 18
4 49
2 63
14 32
95 52
84 75
27 7
5 47
17 23
10 87
40 34
21 83
55 57
84 32
96 97
47 26
72 34
86 18
41 100
55 16
16 53
14 88
41 86
98 80
74 92
79 40
35 95
19 53
90 11
69 36
43 41
27 57
98 100
41 69
20 52
68 17
93 83
80 48
8 69
14 35
79 75
85 40
5 24
25 18
25 45
72 48
76 30
45 66
8 89
27 86
95 81
43 83
22 66
67 4
44 4
64 41
6 64
92 86
66 12
75 88
81 58
28 47
34 38
17 46
24 36
91 90
61 64
63 62
33 37
100 36
73 50
34 76
32 5
40 55
37 7
7 56
2 50
73 69
66 18
50 39
70 56
17 95
86 59
47 47
27 64
60 76
30 72
46 84
38 84
49 3
75 13
18 16
3 33
4 60
21 47
33 46
94 26
78 56
6 12
97 56
8 74
79 29
19 81
96 33
60 4
57 73
19 51
18 47
86 14
91 62
38 26
16 88
51 100
8 28
17 48
8 84
30 96
88 89
100 75
39 32
87 82
77 66
68 34
35 20
59 72
74 46
20 88
32 55
12 64
76 34
73 54
93 34
44 40
78 90
96 46
92 80
46 59
94 65
15 23
58 93
25 93
14 64
91 37
88 94
85 19
57 94
14 68
30 17
19 88
36 4
21 28
77 27
51 86
17 61
50 14
60 53
35 91
4 99
86 36
6 36
94 50
44 85
47 13
11 21
71 49
30 65
11 16
3 45
1 18
91 17
69 92
78 21
5 62
100 84
38 87
82 44
76 46
22 68
92 18
57 100
54 63
62 35
24 27
80 27
41 90
34 28
97 30
82 59
25 94
18 92
57 67
28 78
54 99
96 75
24 11
45 16
6 2
18 49
1 63
57 97
22 9
33 25
81 81
33 90
67 50
73 86
49 44
28 64
9 47
46 61
32 15
4 46
24 1
72 73
72 25
9 72
59 29
4 86
73 47
7 61
80 27
30 60
58 30
14 17
79 61
25 36
11 95
40 67
44 7
99 21
88 89
59 86
48 78
82 90
4 68
20 53
70 92
3 1
78 8
61 20
23 4
72 84
81 62
11 21
97 16
67 75
97 36
45 24
32 77
83 90
42 73
53 99
5 17
31 27
10 42
80 100
80 67
93 60
45 15
59 47
58 80
4 26
22 26
2 71
68 69
8 56
1 78
37 9
60 44
2 22
94 36
16 29
4 7
57 66
81 70
55 64
84 45
67 90
63 42
44 88
70 44
