920 2
40 8
10 6
82 14
38 78
46 40
49 2
80 90
88 45
14 95
51 76
60 8
47 44
87 66
2 3
58 2
60 2
60 42
61 75
88 17
94 20
48 77
82 96
43 82
97 59
79 92
54 3
32 44
21 52
81 89
93 100
80 31
72 13
86 96
50 2
35 95
8 80
26 97
37 12
12 15
22 76
81 11
30 45
66 38
90 100
23 28
96 57
91 40
48 30
53 64
35 2
87 50
16 40
81 56
57 10
46 65
79 11
11 85
13 76
4 8
25 83
30 1
53 35
96 45
90 78
24 32
16 57
50 100
95 6
54 62
38 94
22 8
68 82
73 25
62 78
31 41
99 79
73 64
89 64
70 52
31 15
80 75
5 81
67 27
63 7
99 62
50 58
26 2
62 30
73 88
37 61
90 36
24 94
13 2
69 48
29 62
16 3
78 72
99 88
26 79
17 65
27 65
94 27
59 81
58 37
73 72
59 69
14 19
49 47
72 97
4 9
93 93
75 45
80 22
7 19
73 18
23 17
18 32
25 93
93 60
3 32
1 68
32 69
56 55
50 63
63 79
8 37
14 38
82 61
34 13
95 62
57 32
67 57
44 79
76 80
14 14
91 68
20 38
81 89
56 5
29 48
89 90
42 36
54 66
94 84
50 36
85 5
42 42
64 59
19 82
50 76
63 2
62 77
17 49
83 8
36 87
68 41
43 88
73 87
4 84
58 38
45 70
28 33
34 13
15 41
28 69
64 27
64 53
95 47
97 44
41 61
42 83
64 77
99 1
56 93
15 98
42 24
80 87
5 16
59 19
14 3
29 81
39 95
25 59
68 78
54 89
19 50
61 84
4 46
23 91
99 76
56 40
89 64
31 96
24 50
83 41
34 84
36 77
54 78
84 44
34 70
50 99
46 4
66 52
55 1
34 14
49 87
11 53
54 97
82 18
43 50
23 97
62 13
79 87
42 40
70 15
48 88
2 33
14 76
65 52
94 29
1 98
64 100
63 72
33 6
88 90
42 79
36 11
78 63
42 11
57 66
48 16
64 96
16 65
35 22
69 1
37 68
76 65
58 11
31 9
26 71
80 18
92 55
87 90
6 46
89 56
33 3
44 56
26 26
2 70
100 16
35 10
66 39
87 89
47 72
82 21
51 7
91 47
89 10
78 24
64 18
12 70
91 75
25 8
16 18
52 86
94 5
11 7
93 14
22 96
87 64
75 8
8 14
10 81
5 7
76 89
87 83
62 8
93 3
88 50
96 52
39 52
32 23
68 46
41 6
16 93
40 82
88 35
14 13
9 82
41 35
96 30
58 58
89 12
19 48
28 59
77 2
86 34
16 32
2 80
11 82
16 63
47 18
1 79
17 48
11 87
3 17
73 15
3 24
31 84
18 82
64 51
31 25
17 77
81 95
37 65
44 92
11 93
57 96
26 9
43 67
36 54
54 53
28 55
37 88
13 34
78 58
32 26
73 91
90 53
7 7
91 28
89 86
87 96
83 21
75 80
21 92
34 2
25 81
84 90
35 16
46 21
50 67
62 49
93 31
97 20
96 49
55 29
78 22
38 100
54 84
54 62
87 76
12 65
16 80
43 43
36 88
23 46
29 65
6 56
51 31
11 68
93 48
65 82
30 72
47 68
64 16
19 50
33 19
24 90
81 3
60 14
35 20
48 91
6 100
52 79
57 7
17 43
5 91
18 27
49 50
60 65
23 19
23 69
83 98
4 30
84 25
3 75
89 25
11 52
9 95
1 75
82 75
99 56
3 51
12 44
12 26
64 29
22 88
3 39
13 21
55 14
84 7
3 10
18 1
56 96
67 13
57 25
16 3
16 93
87 88
70 92
18 6
99 42
92 2
47 44
56 90
70 62
75 51
61 35
65 17
22 32
56 87
11 60
18 80
20 81
92 77
43 32
96 81
50 14
25 72
100 3
59 93
75 56
96 100
63 91
10 71
1 74
92 47
54 83
49 40
47 89
8 71
93 54
91 16
5 19
37 97
34 41
61 71
1 72
45 51
39 95
41 19
1 11
75 54
9 45
99 52
46 67
42 94
99 93
83 12
21 56
38 49
16 32
23 28
17 14
73 11
26 89
99 65
58 22
52 30
16 73
56 47
76 65
63 91
14 12
99 57
75 54
94 7
22 70
56 5
44 92
47 64
57 91
100 88
56 12
8 45
13 18
30 87
15 48
4 74
92 13
47 94
38 3
89 36
93 85
78 86
90 100
40 100
93 23
95 63
30 68
23 91
66 31
5 90
76 83
14 100
64 91
55 32
77 17
23 24
82 91
25 12
61 93
39 30
52 42
86 63
19 10
48 46
14 71
21 40
71 39
15 31
80 47
78 99
92 34
30 98
9 39
19 100
86 88
83 65
54 81
65 37
54 57
70 73
96 43
39 63
40 23
50 44
83 33
76 24
10 36
15 23
9 28
49 16
79 71
41 58
71 85
34 11
27 68
90 41
63 72
38 5
5 38
44 19
64 17
53 37
72 5
69 7
57 51
97 29
73 93
76 74
82 15
82 53
22 97
35 8
81 90
76 100
22 84
58 38
64 7
15 13
26 10
18 48
22 91
99 8
77 56
23 21
62 30
21 53
82 7
55 54
9 80
78 54
100 26
50 91
64 80
95 91
8 100
69 90
86 91
48 17
100 15
14 69
15 73
100 34
100 19
4 80
2 8
96 87
96 50
35 3
47 100
21 4
69 33
51 15
8 24
45 69
65 42
75 64
20 45
51 47
34 56
11 48
53 21
24 98
69 69
51 18
41 80
38 28
36 43
73 56
3 95
65 47
83 22
61 87
66 100
49 61
54 100
31 59
81 36
29 10
44 7
83 100
27 59
44 74
85 95
58 24
59 40
58 62
82 64
80 97
73 92
79 7
33 11
94 49
34 84
90 31
35 41
31 2
63 58
28 22
80 96
79 49
5 91
7 28
2 72
68 58
51 62
33 11
100 76
73 14
5 35
6 42
4 26
30 51
82 30
1 81
27 93
17 43
61 31
77 76
8 6
10 3
21 56
22 69
44 31
42 2
63 18
66 50
65 98
93 92
96 11
85 58
58 27
98 33
12 42
92 80
98 72
98 98
2 31
83 74
50 92
72 38
66 48
80 66
47 38
86 94
16 38
61 82
49 34
39 37
32 51
96 68
36 67
99 8
66 5
6 2
15 41
31 23
36 67
2 93
95 100
91 58
97 21
46 98
78 90
71 17
54 85
48 99
89 99
18 13
35 25
39 37
62 3
68 99
35 39
53 74
95 83
63 47
63 56
68 83
21 90
83 85
38 35
95 45
84 45
79 60
55 10
100 74
50 76
6 73
71 93
52 69
80 92
32 39
86 17
94 12
68 2
9 93
89 58
1 50
18 71
83 47
39 34
63 54
44 90
39 71
47 97
59 33
5 48
21 23
85 21
91 37
11 31
4 38
90 24
99 34
20 33
34 20
48 26
29 42
93 60
63 3
25 78
3 81
5 59
53 91
71 92
1 5
56 21
98 23
47 9
64 25
42 27
95 51
9 25
27 97
40 24
64 10
72 13
87 49
20 65
67 75
70 26
20 55
56 42
9 46
50 91
97 89
87 19
51 48
77 45
30 72
68 56
62 46
75 10
14 39
4 9
37 3
63 93
85 52
47 17
61 26
29 43
21 78
48 7
88 1
5 15
96 77
99 90
10 59
67 99
19 95
91 94
58 24
33 81
99 68
29 60
31 47
91 63
40 3
53 44
77 13
91 1
98 88
12 14
88 69
12 17
21 24
44 74
58 97
6 50
100 91
18 76
84 79
99 65
42 22
9 51
70 97
55 83
40 60
11 48
4 66
29 48
76 80
34 56
11 31
55 61
38 8
92 20
8 96
16 79
27 67
62 76
44 97
38 94
26 75
38 54
31 79
58 25
64 31
68 81
87 28
58 60
52 46
91 79
93 16
33 5
24 98
1 18
67 77
90 92
52 39
33 91
38 17
39 12
70 16
59 73
61 83
65 48
49 24
49 3
77 47
29 9
57 49
55 4
90 91
85 59
56 42
91 94
1 95
11 41
7 81
86 39
83 54
53 47
38 58
69 29
50 25
59 46
23 31
49 85
99 75
51 81
94 8
96 79
91 97
28 32
20 62
