620 2
66 14
16 61
5 71
12 28
97 95
20 67
14 43
58 15
70 49
15 8
95 75
52 95
99 25
37 23
86 68
47 12
100 54
81 12
24 50
77 75
72 84
75 98
61 31
24 60
59 55
74 52
90 29
26 57
80 44
93 25
37 6
49 50
71 16
50 33
72 95
37 68
16 64
31 9
48 70
41 99
17 43
22 5
72 62
88 47
89 78
25 86
75 94
13 7
19 89
81 99
79 9
18 13
25 83
61 80
47 3
81 38
64 64
21 99
80 89
9 3
75 48
78 55
46 55
62 5
21 26
88 78
46 57
45 40
51 18
14 96
52 24
37 35
69 31
42 76
4 94
39 88
6 93
36 40
40 69
81 7
19 27
29 77
49 78
90 36
12 26
7 2
44 97
83 84
57 66
64 61
58 52
11 100
93 39
75 87
76 58
9 49
98 41
10 54
25 9
89 90
95 10
41 86
41 46
31 7
74 39
50 97
72 8
8 37
5 86
7 35
18 33
71 90
14 85
20 7
97 3
61 81
68 52
46 41
5 27
39 39
42 26
52 47
46 96
11 99
53 53
41 43
52 19
43 13
45 45
86 58
58 58
54 21
51 66
45 88
34 3
43 65
94 34
71 90
76 92
72 9
35 22
81 6
38 55
89 41
16 15
95 72
5 88
63 60
17 45
8 97
82 87
89 39
44 75
70 62
82 90
32 46
80 9
12 34
84 87
51 2
3 8
25 50
24 64
16 26
3 67
90 29
93 92
61 36
94 89
10 34
8 87
52 87
23 9
11 22
56 48
8 78
3 44
60 38
82 49
2 58
3 77
12 63
21 58
63 14
87 64
20 40
24 99
96 71
11 75
20 89
44 57
77 33
89 2
49 2
71 74
13 27
16 70
32 60
26 37
15 96
25 92
98 24
58 68
47 17
14 81
60 84
4 8
96 78
53 81
95 81
29 66
60 40
46 64
10 93
7 60
33 59
87 39
17 95
29 57
62 74
52 58
54 55
62 20
63 29
24 50
49 99
28 18
3 99
22 58
63 31
37 57
48 69
35 13
22 54
24 20
63 55
12 62
84 11
6 51
41 85
49 61
97 39
71 81
35 46
4 6
57 9
30 45
63 55
71 5
83 59
33 95
68 74
10 10
5 18
32 52
72 3
89 92
70 49
72 54
17 78
76 63
52 12
43 57
38 85
89 29
42 54
18 40
12 82
79 86
6 2
90 45
22 15
6 85
39 89
44 8
51 62
93 90
33 43
70 17
59 36
22 79
36 47
62 23
99 96
93 77
24 61
45 67
96 86
22 94
1 19
38 15
3 7
86 52
32 99
42 84
21 38
40 66
20 93
84 82
62 30
60 16
1 46
92 100
19 72
32 60
39 60
48 16
64 92
55 93
77 39
13 60
2 24
100 12
84 87
49 44
43 92
34 58
26 36
46 41
92 22
71 43
81 26
28 51
76 25
85 33
88 13
66 38
61 1
53 53
27 40
75 70
35 69
45 11
56 28
69 3
35 4
58 85
100 81
5 58
90 97
97 100
81 74
31 54
73 47
21 35
19 40
13 92
14 32
15 52
92 9
82 46
24 77
79 71
32 50
22 44
95 3
53 61
56 42
48 7
27 31
37 53
87 80
33 67
16 72
27 91
88 41
18 51
82 64
93 68
99 5
89 2
20 3
56 1
18 75
3 12
42 69
86 68
20 75
88 2
30 64
40 77
34 7
87 8
72 23
12 45
14 22
64 19
48 19
45 31
38 83
54 64
27 92
31 72
37 42
44 75
4 41
65 22
74 22
40 12
93 64
56 82
36 35
19 89
39 97
33 43
45 76
15 2
25 41
69 66
56 32
9 48
7 50
19 56
53 49
81 27
68 20
92 50
16 15
60 85
97 17
92 95
18 9
64 71
88 49
83 32
15 15
30 85
95 7
9 15
18 56
7 25
24 23
5 51
26 69
59 95
95 85
95 81
96 28
63 18
7 46
54 95
39 87
64 46
76 23
26 93
98 13
79 55
10 2
82 59
54 71
2 98
91 12
18 25
44 45
78 23
54 5
41 13
15 29
62 30
9 60
57 5
9 41
60 62
17 82
70 94
93 23
61 20
13 3
94 98
40 74
22 8
69 79
68 55
10 44
78 42
99 12
58 10
88 63
92 57
16 87
65 11
81 56
39 98
31 44
72 72
76 13
15 64
41 82
66 6
24 59
40 34
53 71
70 20
5 89
42 75
8 64
72 27
91 23
81 80
73 75
38 30
36 80
96 55
92 44
10 43
68 24
27 58
18 57
14 28
22 82
57 12
33 57
58 68
96 60
61 16
8 31
60 41
87 10
84 87
99 54
97 78
80 56
95 85
91 13
73 30
88 72
7 59
71 31
56 34
80 54
82 13
23 72
9 62
66 41
73 58
46 33
94 27
34 66
89 97
1 80
20 75
11 92
72 53
36 47
54 46
37 19
43 19
83 54
65 87
23 1
20 13
72 56
31 90
4 74
75 92
4 52
47 89
62 49
89 20
85 21
33 27
9 39
60 50
56 64
2 78
52 44
82 75
62 45
71 31
45 67
56 63
62 22
76 64
32 94
1 76
53 38
36 80
14 60
15 33
79 50
97 10
67 42
36 86
8 89
89 94
43 38
56 76
13 11
94 91
67 70
29 87
21 83
31 87
60 43
33 99
38 68
36 7
95 41
67 53
42 47
83 63
48 28
23 63
17 41
71 64
98 73
47 61
79 91
20 4
36 47
21 19
21 61
82 96
60 97
80 35
65 60
41 73
65 79
36 39
21 86
