730 2
65 22
16 80
33 62
14 50
43 42
24 93
23 51
70 1
87 12
89 96
48 79
44 53
29 7
5 64
59 40
51 92
12 94
48 20
93 11
30 53
85 49
26 65
39 62
11 87
55 43
67 96
91 30
100 66
17 100
98 80
75 32
89 44
88 19
98 39
2 53
18 35
10 28
29 81
95 53
16 35
28 84
34 10
34 9
51 79
31 1
69 36
59 7
79 37
76 72
59 91
39 80
69 80
37 73
23 24
78 28
13 23
78 61
29 82
34 17
85 13
55 57
89 51
63 88
55 96
31 18
68 54
46 7
69 52
43 100
65 10
25 24
73 20
14 58
66 46
56 25
25 72
64 89
90 42
77 31
2 55
64 25
21 33
71 83
36 96
31 10
54 84
94 74
29 87
88 26
64 92
4 18
56 1
51 4
19 35
89 73
80 46
63 51
92 33
15 22
43 32
63 21
83 55
9 6
48 18
26 61
24 53
6 8
33 19
38 52
62 21
92 33
60 76
99 18
76 13
64 71
78 20
81 45
70 34
31 59
64 83
94 57
94 60
27 4
78 56
76 21
66 99
98 100
49 9
69 36
6 18
41 17
77 45
64 9
51 21
41 75
59 21
13 89
96 12
71 89
74 45
41 59
75 17
74 92
39 45
10 55
5 73
16 60
48 1
17 24
89 57
48 56
93 48
95 49
39 52
44 36
95 74
56 45
27 66
33 22
56 54
7 68
2 59
71 17
55 77
85 56
23 85
82 22
43 17
22 82
92 17
93 12
56 36
55 97
95 2
42 78
84 43
93 13
89 28
68 93
2 73
36 13
89 34
88 58
78 51
11 25
79 79
86 66
88 35
61 64
61 69
3 92
47 37
89 42
46 22
62 67
43 92
25 56
39 88
83 74
26 28
27 72
89 4
32 81
90 87
86 8
26 39
31 67
3 65
87 41
25 48
13 7
98 92
61 14
78 44
52 58
45 25
80 47
53 10
41 48
22 80
71 17
93 64
79 67
40 61
11 36
64 71
39 38
45 4
7 88
72 36
90 41
90 25
23 91
93 12
60 26
67 51
3 34
94 25
28 84
94 88
35 100
45 40
23 56
79 75
25 18
41 82
30 42
93 19
28 96
71 43
61 97
83 40
52 30
42 54
91 77
6 17
91 99
34 22
95 29
62 46
58 5
75 8
14 79
87 13
34 53
75 94
73 92
73 34
35 74
25 73
41 9
90 47
34 63
28 24
57 21
17 19
59 68
7 43
55 79
63 8
80 42
98 81
75 84
93 40
55 60
44 76
81 100
67 62
45 10
35 82
73 28
4 37
38 68
7 32
96 35
96 45
81 64
72 90
7 15
98 84
5 9
16 62
48 96
27 54
98 96
61 42
1 49
58 57
51 13
77 9
70 24
63 59
87 73
20 2
88 85
49 1
33 76
58 32
46 64
4 13
26 81
45 74
48 66
20 45
83 79
27 14
38 5
6 80
84 12
47 25
38 8
62 94
67 82
81 43
46 95
31 41
6 29
69 16
63 93
56 97
13 1
91 85
53 26
17 4
65 90
70 73
91 80
50 4
52 66
41 64
40 58
34 55
41 55
77 25
33 23
67 71
50 76
52 7
76 30
52 39
34 12
28 55
90 32
47 91
55 12
15 47
17 47
88 67
79 8
28 32
2 46
80 59
96 87
90 41
68 35
57 62
67 58
27 76
73 78
66 95
13 75
10 10
2 82
60 97
35 44
15 3
56 61
61 26
59 98
3 21
41 4
52 23
42 51
32 19
87 5
97 21
72 56
23 1
7 33
9 56
85 1
61 59
69 3
59 56
46 86
64 6
15 75
38 42
88 40
23 89
61 20
84 73
44 89
63 75
12 17
95 89
51 4
13 41
57 29
54 92
63 67
38 61
82 18
79 25
81 12
100 51
69 62
54 89
23 83
97 63
78 64
24 84
31 35
92 91
37 78
27 51
10 75
100 19
6 31
54 56
51 94
86 16
32 53
82 69
79 61
97 27
52 26
100 51
48 42
7 69
42 76
43 86
77 74
39 41
71 94
6 55
99 46
89 43
15 20
79 57
40 3
6 61
12 59
82 18
92 83
98 43
63 97
60 22
87 17
72 70
81 4
84 9
18 93
19 17
15 60
92 10
68 24
92 59
56 36
35 91
68 10
42 100
62 86
89 12
21 32
83 94
36 58
19 6
80 70
74 54
38 100
82 96
18 38
62 50
47 45
39 13
24 39
95 19
77 22
99 66
14 81
79 41
16 60
62 21
12 67
92 6
41 57
64 46
50 43
73 16
72 15
39 35
68 77
18 59
45 71
42 93
54 40
16 34
74 50
44 28
36 88
55 35
59 85
91 30
21 87
72 90
32 68
29 84
67 27
27 83
43 68
65 34
55 32
74 10
76 31
40 47
68 50
26 36
78 76
36 88
8 27
36 58
21 52
84 5
61 89
18 1
39 87
51 24
23 11
62 29
35 61
11 23
92 82
81 63
10 10
91 39
47 6
8 44
61 100
83 92
21 90
58 96
5 77
100 80
33 22
33 94
4 26
75 99
61 87
63 47
20 42
38 27
30 22
43 43
33 44
58 68
30 57
65 11
99 20
83 16
2 77
89 68
68 58
38 39
1 97
9 30
44 13
62 75
71 97
61 95
86 80
79 58
94 31
56 39
94 46
45 2
35 2
12 33
56 45
73 75
82 69
88 59
85 34
53 33
88 55
65 56
44 20
22 11
41 61
82 78
5 84
2 88
1 12
57 27
12 26
10 21
92 59
15 2
52 16
64 24
11 98
12 75
88 34
20 11
12 87
12 90
63 91
13 39
54 73
91 89
98 93
50 54
52 45
89 94
67 99
35 3
77 19
53 52
63 27
15 24
77 83
64 79
21 63
68 46
24 96
14 28
18 19
14 89
32 92
48 10
21 38
24 54
18 21
59 64
10 37
24 94
7 82
29 61
20 45
20 80
91 68
79 10
21 32
95 99
57 75
49 83
52 1
39 94
61 33
90 72
40 94
97 63
1 57
21 93
100 2
59 81
44 39
49 56
83 3
17 35
63 13
90 40
96 16
90 41
45 64
20 40
97 53
5 47
86 21
86 91
69 67
64 32
53 77
19 75
62 8
40 56
29 44
79 70
8 69
87 75
38 80
56 4
14 83
87 68
64 32
78 82
83 7
66 82
24 6
47 72
31 35
96 79
10 24
79 45
77 76
33 27
51 28
5 1
15 67
84 90
36 6
26 30
74 26
78 8
3 83
16 98
30 98
28 49
70 58
3 100
