630 2
98 12
76 90
24 12
27 10
60 81
44 26
81 6
15 56
14 19
29 90
48 15
3 63
41 2
71 50
8 33
46 97
72 83
69 66
89 50
89 10
22 68
97 26
75 71
78 14
100 69
42 71
90 98
10 17
33 71
30 99
34 66
69 37
73 2
26 5
48 89
96 5
100 97
31 91
42 78
78 53
90 46
1 83
70 41
8 43
72 33
37 85
77 42
72 47
40 71
77 52
100 67
87 11
10 59
66 81
99 2
64 35
62 11
52 35
95 99
83 93
54 83
51 54
91 56
81 29
82 7
86 12
1 50
67 26
72 95
21 9
21 46
33 45
52 73
25 71
87 68
41 39
43 57
7 81
13 37
20 87
45 83
96 83
41 35
80 100
17 86
31 83
7 12
29 43
48 44
48 86
80 64
83 95
86 41
63 96
67 67
53 70
39 33
59 20
4 62
79 40
73 64
3 51
51 20
88 15
43 54
73 17
23 15
46 38
83 48
57 94
65 100
37 67
50 5
17 45
38 99
2 81
19 74
90 1
90 99
9 51
68 43
87 99
17 76
77 86
11 78
38 24
24 64
84 71
64 82
70 20
28 7
13 61
27 88
63 44
31 11
33 87
51 90
85 15
92 94
68 10
8 86
63 59
57 59
66 25
81 37
21 55
94 2
81 28
52 45
39 55
9 89
72 31
95 56
32 60
55 53
97 62
100 25
47 49
27 79
47 15
53 56
18 55
91 49
17 31
89 42
90 16
45 4
90 56
90 38
84 49
94 2
25 86
94 26
26 86
71 62
10 84
90 44
35 48
84 87
16 88
52 47
5 58
59 61
67 87
13 54
88 19
31 25
63 40
64 42
22 45
98 86
96 55
17 66
48 73
86 52
30 100
33 99
25 71
23 7
62 20
60 43
52 45
24 81
19 58
18 17
45 52
89 80
92 75
85 93
18 25
98 65
80 38
17 67
60 63
65 85
91 44
74 8
2 9
19 43
17 89
50 8
60 77
23 49
23 1
51 94
63 60
15 5
17 94
8 84
16 13
93 78
26 40
82 75
9 52
91 88
3 81
54 98
90 96
75 17
75 65
43 11
64 45
18 54
26 72
63 50
5 91
58 27
58 4
96 53
68 43
17 67
55 44
58 58
65 9
29 69
56 95
9 17
78 76
78 9
93 5
72 90
66 3
93 52
96 96
76 67
49 35
3 20
17 88
28 41
12 29
38 5
12 5
64 27
3 11
75 76
71 76
55 11
94 86
9 20
81 47
51 85
41 66
54 46
39 64
14 97
10 62
29 79
84 42
23 54
51 65
1 45
5 50
93 44
89 94
58 7
61 11
19 56
15 22
22 69
10 47
91 86
4 41
46 62
62 79
43 2
91 16
94 57
24 32
76 6
63 1
17 58
91 87
38 58
33 36
93 16
84 72
12 53
33 19
92 38
16 53
24 15
80 19
67 47
73 92
41 88
16 33
51 80
72 1
31 5
25 19
14 15
25 69
92 30
7 28
98 22
19 98
37 56
92 63
88 60
95 68
65 16
47 16
76 12
13 57
72 3
53 73
35 42
45 78
53 65
72 10
18 81
40 65
30 90
35 56
14 4
85 36
30 34
33 13
90 80
82 92
50 62
89 72
32 30
17 56
83 11
65 84
50 84
99 99
76 93
97 71
56 44
20 46
15 3
34 6
30 83
3 55
68 23
65 11
97 21
55 67
18 70
73 39
37 82
15 60
11 72
44 33
51 36
98 29
78 33
32 72
45 91
22 20
95 2
61 93
83 27
15 11
80 49
40 71
71 7
13 55
45 74
65 34
30 62
60 2
56 23
99 18
30 5
86 27
14 26
91 31
27 7
69 72
13 96
84 11
10 85
17 65
72 63
32 39
94 60
9 5
89 53
38 47
75 26
34 96
1 7
7 73
29 55
8 75
52 44
31 51
99 32
32 38
20 19
68 28
8 92
11 71
82 33
78 89
46 4
62 63
71 53
8 24
92 40
65 94
79 52
74 11
37 71
35 34
46 37
2 23
58 97
38 4
58 80
68 10
3 13
80 95
21 82
36 80
17 9
8 32
74 61
9 2
85 94
93 97
60 47
48 82
53 25
26 31
87 71
63 12
71 7
13 48
69 18
9 16
74 63
92 33
67 95
23 94
4 19
89 3
67 32
4 61
83 63
92 95
37 91
28 100
95 12
72 10
62 47
59 100
44 28
5 70
76 70
27 79
77 12
60 92
81 46
30 60
64 50
26 9
89 36
21 69
90 59
45 68
49 48
70 29
3 73
21 24
54 9
86 20
15 30
25 94
93 38
12 4
20 33
73 90
85 41
48 50
94 44
10 49
6 64
84 30
23 52
12 23
13 24
81 63
51 56
57 57
35 17
25 74
5 38
88 38
15 17
89 25
85 96
3 86
58 69
85 98
44 25
10 94
69 42
28 68
81 45
44 54
88 4
75 99
77 100
91 49
91 36
55 92
94 44
39 78
50 23
62 28
12 66
60 23
13 100
21 26
93 25
64 4
80 59
40 33
56 54
90 23
49 93
73 46
16 96
46 36
86 47
69 11
31 58
85 27
33 33
72 45
55 28
71 85
47 51
21 100
16 48
4 87
90 44
61 32
27 69
4 62
15 48
83 48
71 97
32 56
59 63
71 37
33 30
83 12
48 75
73 44
82 72
78 96
44 85
60 35
93 67
7 91
16 3
25 54
100 22
13 5
25 53
43 4
97 59
5 46
91 96
65 30
99 45
98 60
53 83
40 74
26 10
13 7
91 34
18 90
14 40
42 88
58 80
24 67
40 89
100 89
40 74
79 27
90 95
79 98
59 15
19 86
