510 2
58 14
63 81
51 85
70 20
15 45
51 42
66 71
49 71
3 21
22 55
30 36
61 14
36 85
15 93
11 85
30 51
32 11
87 64
57 56
24 50
1 13
67 30
47 61
72 36
16 99
59 3
93 69
62 8
9 34
47 2
53 47
72 1
37 51
73 41
61 43
48 41
23 49
90 56
56 51
33 90
9 42
46 59
2 97
77 80
9 80
7 59
78 72
97 36
45 82
10 60
35 86
27 67
71 91
10 97
68 89
4 33
91 6
2 76
43 52
100 27
87 81
73 39
34 92
43 29
20 84
21 12
64 85
67 34
12 44
12 84
52 53
13 97
63 47
73 56
25 11
85 27
53 95
36 26
89 85
75 51
93 24
14 82
78 64
49 34
7 25
78 30
19 60
89 17
57 90
82 48
9 37
93 93
19 13
33 43
37 57
67 9
55 68
76 95
52 88
46 45
19 6
69 51
23 5
58 49
56 74
35 18
10 58
4 2
86 7
13 70
68 73
36 60
91 99
45 58
72 51
21 9
65 84
4 68
14 82
53 31
97 51
5 22
1 74
93 53
17 71
55 71
86 91
55 7
33 36
1 93
100 78
86 77
76 64
45 98
58 8
56 15
72 48
13 49
66 65
81 54
23 7
40 28
82 58
66 66
12 85
41 68
13 38
9 3
69 89
71 24
50 97
42 19
95 47
58 46
85 93
55 77
5 57
71 87
22 26
73 96
34 39
92 68
88 7
82 92
33 68
62 28
35 2
41 59
9 60
79 91
68 44
59 44
94 27
76 34
52 26
37 26
9 48
23 2
71 83
24 47
66 7
83 17
76 71
18 43
12 100
54 96
22 69
11 51
59 94
84 24
95 86
57 80
49 52
100 36
10 1
7 10
18 65
30 91
34 35
80 22
8 85
63 81
30 9
3 66
28 89
63 3
95 69
79 1
44 27
64 64
80 74
91 69
41 9
79 51
46 20
70 38
40 43
37 8
49 36
90 79
63 60
56 70
78 61
76 74
8 28
19 94
29 90
68 39
72 15
75 42
2 3
2 13
99 47
90 83
73 94
89 50
77 27
87 46
35 11
76 65
74 27
23 6
77 72
74 77
32 55
98 42
76 42
41 22
30 49
54 23
53 92
34 26
58 90
58 10
41 59
89 97
69 76
73 30
64 90
6 25
68 62
18 51
18 96
16 60
65 67
22 78
27 87
96 10
35 40
72 58
93 89
96 78
40 60
50 77
85 31
19 43
95 61
24 49
7 37
37 100
79 4
80 18
46 87
20 100
84 17
68 6
30 75
95 5
73 72
71 100
1 20
44 83
31 48
19 32
40 71
37 57
97 86
13 19
34 39
75 62
62 70
64 81
23 56
66 46
53 41
47 95
2 46
89 18
67 36
31 2
39 38
32 84
39 20
36 54
34 97
47 21
21 6
30 79
37 72
6 46
32 94
32 14
84 69
48 38
32 63
69 24
82 55
82 22
42 84
73 39
44 69
86 25
69 100
81 83
43 24
12 38
78 45
59 90
87 97
80 43
62 51
64 52
4 23
99 100
37 37
7 10
14 98
37 25
23 98
7 41
94 35
68 66
1 29
62 22
14 63
72 67
57 72
40 39
10 96
45 93
7 47
52 72
95 98
18 72
51 94
7 61
33 69
43 24
73 66
49 59
99 47
43 37
19 21
89 70
31 73
22 40
63 96
24 82
81 88
3 89
69 12
60 21
64 47
86 45
98 18
48 65
73 29
76 40
23 44
74 50
24 99
30 58
38 14
89 11
87 14
24 14
32 73
41 15
14 52
61 26
57 34
86 78
64 56
23 81
84 22
6 23
13 43
35 100
40 17
32 69
79 78
30 83
35 88
57 43
70 35
27 60
36 1
17 83
63 84
100 70
3 49
82 17
96 94
3 77
19 22
57 44
13 47
72 80
44 94
83 46
20 28
7 34
46 87
84 14
90 33
21 39
52 74
56 27
62 13
5 75
75 79
52 35
12 22
33 76
47 50
69 69
88 10
77 9
16 14
100 18
75 10
76 58
35 19
55 79
35 15
10 100
12 58
88 18
27 33
84 55
51 3
30 67
1 73
4 16
31 13
64 14
67 62
12 68
8 30
54 27
10 29
91 34
58 78
20 14
99 74
6 29
91 19
96 67
87 64
100 81
15 62
11 66
41 50
5 49
92 61
15 36
69 82
80 93
68 9
47 91
30 24
5 90
14 4
90 61
87 30
100 87
47 46
66 26
98 10
4 56
20 11
21 66
65 77
86 15
53 97
76 39
5 33
74 49
31 96
53 43
