150 2
5 63
52 63
66 76
93 79
87 63
30 92
8 68
3 55
74 41
71 9
35 83
54 61
15 64
80 83
45 58
90 56
3 21
37 93
25 61
45 57
30 65
29 76
88 44
78 92
85 60
17 38
93 92
50 54
87 84
95 47
61 21
80 27
37 89
96 12
86 62
17 23
26 21
78 63
13 54
64 39
31 27
72 7
3 46
34 46
87 21
23 65
5 9
44 56
15 80
30 16
72 29
63 34
44 46
99 6
99 72
35 20
89 66
78 86
14 91
7 57
59 97
15 14
79 79
14 72
6 65
14 22
81 16
27 47
21 94
38 91
57 98
65 64
94 13
20 83
47 43
18 16
26 57
54 99
99 1
32 61
44 37
65 22
11 35
48 92
97 54
47 81
86 32
20 97
97 68
54 30
18 55
53 53
59 67
88 47
4 57
19 99
2 92
67 9
11 44
41 52
99 22
56 8
51 98
5 85
83 20
74 8
81 92
85 67
38 54
52 88
90 71
39 93
96 41
45 2
36 68
79 19
90 52
58 83
27 70
80 80
84 57
90 45
84 52
100 26
39 11
5 69
43 50
93 93
95 17
67 70
37 28
12 66
71 40
67 44
97 82
21 3
4 70
76 34
31 100
39 93
55 65
15 94
8 48
34 81
65 46
16 7
97 84
16 58
39 74
95 1
