590 2
11 51
41 17
68 7
59 58
32 100
40 42
95 13
32 4
17 42
53 18
52 6
68 30
46 80
28 89
80 77
35 95
34 5
77 61
19 62
76 33
54 71
89 38
79 44
32 86
25 8
100 7
42 3
56 71
20 51
15 52
31 45
78 32
17 24
64 63
93 64
59 42
60 52
94 29
50 81
1 9
67 62
18 89
68 12
20 76
53 14
31 89
43 60
99 88
77 91
80 50
36 2
84 93
4 52
31 29
47 48
58 71
47 2
30 99
72 74
39 37
96 74
90 74
16 24
56 12
7 19
48 36
69 86
68 47
60 42
20 98
18 58
11 69
45 15
89 83
68 50
90 13
76 48
82 94
63 15
89 34
15 40
60 75
34 41
32 39
30 13
17 26
3 99
18 19
14 48
15 59
45 15
31 48
75 18
84 39
52 70
14 20
8 75
42 17
4 43
76 88
95 12
83 99
58 65
37 23
72 79
95 84
33 65
63 75
56 41
42 48
72 38
63 16
31 32
50 15
29 80
88 89
12 9
47 48
61 49
28 2
50 44
60 2
27 24
85 87
55 12
73 65
77 6
51 57
30 65
81 89
89 49
50 75
29 24
53 77
89 17
97 68
4 64
19 22
19 80
72 82
15 21
90 37
91 89
82 67
77 38
39 6
48 30
44 32
87 55
7 33
84 66
43 45
53 63
32 77
47 29
72 58
35 97
98 87
49 33
34 9
99 9
25 97
25 79
95 57
26 56
75 10
14 87
60 81
48 48
60 88
95 34
17 9
59 29
82 5
100 71
1 54
68 53
37 5
32 42
54 90
86 27
6 81
62 64
25 74
20 40
98 57
52 48
21 92
98 41
25 65
55 94
92 25
3 53
28 11
48 30
81 74
98 17
81 16
4 14
79 74
59 32
94 60
74 15
48 86
59 37
68 83
67 89
19 42
88 80
31 52
91 27
23 72
2 48
86 20
45 82
57 20
22 26
65 41
15 99
32 19
69 100
78 76
40 97
92 31
29 57
73 49
17 65
63 60
90 15
22 84
92 62
84 64
100 88
19 26
20 98
94 26
23 14
49 96
62 70
63 97
97 60
52 79
75 88
98 7
22 9
85 2
63 35
100 41
37 13
38 32
73 48
93 16
90 57
89 38
56 28
89 62
17 79
4 76
85 75
22 88
92 8
84 11
52 47
65 99
23 49
10 94
95 2
42 89
87 52
51 20
71 32
4 58
28 30
67 99
34 60
96 48
68 34
81 87
6 54
11 69
17 46
18 71
21 87
87 17
42 100
23 66
20 81
16 42
15 72
25 90
14 5
34 40
20 31
72 46
77 29
14 35
66 34
5 62
43 82
77 5
97 26
96 34
37 100
56 58
22 9
86 23
39 69
84 74
68 60
74 1
13 64
14 38
25 69
45 77
64 10
46 66
85 49
74 69
40 96
82 38
87 69
15 19
3 40
26 12
78 93
71 3
75 75
32 61
48 85
70 67
43 47
18 31
85 99
60 84
26 51
15 82
71 7
19 84
36 94
18 77
78 99
1 28
63 24
29 24
14 6
28 86
12 97
16 95
25 76
76 47
47 18
84 99
53 47
100 22
46 42
8 67
57 87
19 64
32 77
96 93
38 9
50 65
95 58
27 6
17 11
22 98
18 75
19 23
91 82
46 95
64 46
41 48
82 20
15 97
48 75
58 67
31 72
45 41
45 1
72 51
28 57
52 57
80 50
80 95
37 9
11 27
77 29
74 25
67 13
88 27
68 3
24 21
2 59
91 35
74 26
20 98
98 6
3 46
31 87
42 11
39 77
70 33
22 20
69 75
11 15
92 74
16 20
91 92
18 4
62 99
74 8
61 65
27 35
62 29
53 35
53 18
45 86
64 51
76 31
88 24
17 20
70 2
57 36
8 24
84 24
36 91
53 45
91 19
53 70
16 27
24 34
49 73
63 89
39 70
49 65
94 90
36 45
33 75
65 31
71 33
73 57
7 2
18 46
75 18
56 57
42 91
59 31
10 25
83 30
43 38
95 80
92 18
57 11
45 17
31 96
90 25
54 14
77 28
54 70
10 38
100 41
35 83
74 14
17 25
36 32
32 45
85 58
97 73
52 10
81 23
23 61
95 47
9 29
100 94
36 41
27 92
38 84
4 38
65 20
17 100
49 10
89 48
47 2
74 91
64 51
83 14
23 96
91 70
36 32
63 29
18 15
98 41
62 9
53 17
16 55
73 79
89 68
30 31
87 55
6 66
34 89
92 29
14 64
91 8
30 40
50 49
41 91
18 1
24 75
51 95
12 61
76 22
89 61
26 60
13 92
88 20
89 31
78 16
89 26
5 37
32 10
92 10
17 21
82 99
75 16
93 65
41 39
55 82
69 32
57 46
16 42
95 85
30 61
57 60
9 69
26 92
11 51
95 35
5 84
63 92
36 39
87 69
53 95
20 92
91 62
1 99
11 81
19 55
96 92
71 81
5 52
14 31
29 51
81 47
84 46
6 62
46 9
85 54
96 99
7 38
30 50
19 41
28 23
65 27
19 48
59 8
19 26
85 55
76 91
22 25
71 42
76 76
11 53
60 20
73 77
66 75
67 44
100 59
95 46
49 17
77 19
62 18
16 9
9 30
9 34
39 68
91 6
35 96
22 52
30 36
