490 2
24 50
78 45
55 23
96 1
80 35
66 37
91 83
51 11
99 94
72 8
20 68
66 20
28 73
65 70
98 38
25 61
61 17
14 10
66 27
81 83
9 72
89 44
11 90
62 41
84 31
5 80
83 62
22 88
3 34
65 91
52 69
13 71
20 7
99 36
10 17
98 77
95 18
43 6
54 76
72 83
31 23
9 33
90 83
90 36
47 85
81 54
81 72
83 98
55 28
11 40
53 72
63 99
1 36
96 11
13 47
16 54
91 54
75 44
41 26
79 18
99 11
69 13
89 14
87 18
37 51
33 85
67 85
72 7
58 69
69 77
80 7
64 7
60 64
31 3
74 72
31 80
22 23
24 68
19 16
82 1
18 16
45 20
26 35
88 68
40 16
59 91
91 14
73 31
17 21
43 58
12 57
58 77
12 66
46 6
52 40
14 77
59 90
64 29
17 4
28 51
2 62
15 38
75 91
67 59
5 27
58 68
92 34
100 36
48 61
82 93
53 86
60 56
87 28
16 96
37 16
90 27
87 13
92 79
23 80
78 27
24 23
94 30
75 39
96 64
100 86
69 5
6 7
46 4
99 55
57 15
47 49
85 52
27 50
69 90
42 56
67 68
86 8
9 5
75 81
78 77
63 100
27 34
69 87
24 80
7 36
47 2
47 64
28 17
95 53
82 51
26 8
46 54
20 88
46 96
76 57
19 17
27 62
4 75
100 13
35 40
21 85
84 69
67 33
44 70
28 12
88 98
55 1
37 77
50 98
85 97
6 80
14 25
27 2
64 60
22 51
95 18
77 19
65 59
45 7
38 46
30 98
91 88
19 89
68 18
39 70
48 87
92 66
8 18
92 42
59 52
80 75
89 71
48 66
75 25
78 62
20 45
14 98
4 69
77 54
56 39
12 60
22 70
90 71
42 88
48 12
69 73
48 84
42 30
77 36
45 26
36 45
22 27
68 95
47 22
15 38
53 16
10 92
11 8
93 48
45 77
92 60
95 73
96 92
36 24
22 96
32 36
14 32
19 40
21 53
89 22
66 79
94 69
78 96
28 49
41 15
79 45
53 42
92 36
46 89
97 53
1 29
45 52
49 16
80 64
25 74
94 80
49 34
9 62
97 51
85 81
94 86
44 60
1 62
58 77
34 75
13 23
1 7
25 17
48 66
84 49
49 25
62 4
23 11
53 99
73 92
67 61
4 73
9 20
91 56
54 90
60 15
61 28
71 18
28 27
61 78
63 13
28 4
21 82
62 10
86 46
12 28
28 19
56 75
6 12
70 63
81 25
54 32
64 49
23 62
99 39
21 7
70 95
52 7
5 23
14 80
15 20
88 39
10 52
83 37
35 83
59 80
53 67
69 21
33 70
77 31
17 26
82 11
58 81
34 70
91 39
88 65
61 93
34 15
48 19
2 100
27 13
39 60
48 40
87 67
96 67
4 49
11 61
39 63
32 66
31 95
51 55
80 37
63 15
66 27
37 36
79 79
68 46
49 38
60 20
46 47
32 94
55 41
88 92
88 48
41 51
1 44
76 97
23 25
26 67
75 95
18 41
14 54
98 75
16 30
91 81
4 54
70 29
14 92
81 24
77 18
68 44
5 31
33 11
25 43
79 5
64 96
6 51
60 12
46 12
41 21
47 91
91 99
71 94
50 24
15 63
5 2
65 61
99 65
9 25
95 23
79 75
11 13
15 15
100 69
89 23
83 59
78 70
92 39
8 48
83 65
18 63
30 36
98 47
78 79
67 50
46 91
80 71
75 69
96 94
94 75
23 87
8 71
46 68
24 35
98 41
43 2
25 81
13 56
31 6
62 93
31 27
45 77
96 76
70 42
59 81
45 10
17 92
95 23
93 45
26 64
54 83
76 67
40 67
19 92
71 19
87 34
12 8
90 35
17 3
85 58
12 83
6 12
96 81
45 54
29 29
75 13
67 95
6 81
100 61
45 90
81 64
49 83
36 37
80 27
85 23
19 74
26 25
5 86
64 40
21 25
20 71
78 32
12 99
90 6
40 74
98 72
70 7
54 73
39 35
5 53
26 60
18 10
85 28
56 56
98 92
93 92
16 95
48 78
23 95
72 21
24 35
76 56
32 67
21 47
49 77
57 13
54 77
78 11
59 41
48 86
38 12
32 28
5 66
14 48
87 9
9 84
30 4
5 11
6 96
43 71
81 76
94 77
95 15
14 33
33 29
