500 2
55 96
91 100
34 86
46 85
40 90
70 20
57 32
81 77
47 34
71 86
84 13
54 51
13 36
73 67
61 90
13 4
66 95
98 100
21 94
80 56
65 82
19 80
17 40
84 45
77 8
76 35
61 20
14 44
92 45
49 31
19 90
44 19
48 66
92 88
65 66
47 83
66 17
9 19
85 37
8 19
28 65
15 33
3 86
33 80
96 7
77 69
60 31
12 30
26 14
85 20
86 43
54 100
90 71
1 76
50 31
84 33
65 78
31 54
44 74
38 48
81 90
86 45
61 1
11 92
100 85
60 22
61 66
46 28
74 94
68 92
94 60
34 93
44 89
64 28
56 35
16 33
77 18
69 52
37 85
1 15
72 100
11 3
11 85
22 75
4 7
24 94
87 96
11 4
57 73
54 84
32 49
51 78
1 18
1 43
13 2
77 81
26 24
94 68
21 14
23 91
46 18
72 45
46 24
96 4
98 17
100 76
65 10
28 43
18 71
84 32
32 67
68 18
70 95
44 41
87 91
84 63
72 54
62 79
50 92
26 94
7 21
30 46
74 67
67 87
51 1
8 8
1 3
36 86
51 67
26 46
19 91
39 13
83 44
8 59
54 46
21 90
95 94
28 95
26 41
62 6
93 15
75 14
54 41
7 73
18 77
67 88
7 52
90 45
13 45
18 58
5 13
84 20
90 62
36 1
94 15
19 77
99 55
82 99
60 54
35 18
35 77
92 95
41 39
63 53
64 11
75 20
18 39
59 70
99 20
22 16
94 86
31 88
18 45
70 67
100 4
64 52
13 88
17 76
95 17
62 1
55 86
48 100
29 83
50 51
14 19
98 90
11 15
18 28
60 77
20 65
12 34
89 67
7 20
22 98
80 66
26 93
95 44
96 66
60 34
59 39
98 35
16 84
17 38
3 36
32 69
34 24
92 68
95 66
31 31
45 96
93 86
10 11
46 70
84 100
22 61
96 2
21 33
81 90
95 47
22 67
48 73
23 29
38 37
54 30
91 28
22 12
10 10
79 98
33 62
5 9
10 64
19 85
31 73
49 29
82 11
92 76
84 3
88 86
14 89
89 82
6 59
81 56
20 31
63 65
48 45
55 60
15 22
28 84
82 6
10 56
64 40
29 5
20 14
97 17
4 56
52 31
22 95
56 58
30 76
48 67
80 37
66 32
20 67
90 49
39 89
53 35
16 17
50 54
32 4
44 76
53 65
83 29
100 22
68 20
30 29
9 62
61 64
30 56
96 38
97 76
83 31
27 41
90 34
51 71
12 61
83 93
44 84
44 61
80 41
72 64
84 71
7 49
49 65
84 49
49 97
7 77
50 84
71 94
46 4
62 48
50 54
27 69
51 93
23 29
25 69
71 35
10 99
6 85
10 60
74 45
69 1
89 36
78 48
54 86
54 7
28 41
55 90
24 25
87 71
4 20
44 100
42 48
62 71
12 62
76 37
52 25
20 86
79 45
15 36
85 53
59 40
59 8
84 20
27 60
47 52
87 14
80 6
33 24
36 34
82 84
52 17
95 98
39 96
12 55
92 84
64 35
74 60
36 68
78 80
46 71
30 73
50 6
34 65
26 97
95 15
66 18
98 9
14 70
16 39
67 48
5 55
14 72
57 75
75 55
32 33
85 36
3 53
91 5
95 68
72 23
40 61
86 76
17 84
19 22
79 64
69 27
99 3
81 92
75 80
11 58
74 23
88 24
92 79
26 94
97 97
87 75
70 77
92 8
96 66
46 97
45 29
21 62
64 88
60 61
5 46
48 85
7 27
60 12
69 10
100 87
81 77
49 19
40 89
61 55
53 88
41 91
76 1
44 26
35 98
77 84
62 46
57 33
38 42
10 8
14 81
87 46
73 72
33 44
47 45
33 43
54 18
28 23
9 59
73 13
36 89
87 2
14 67
83 50
33 25
92 45
93 61
10 53
10 64
2 19
77 61
99 23
64 18
8 18
74 33
46 44
88 37
56 74
96 61
23 56
12 34
19 35
40 67
28 80
33 13
95 58
47 64
21 28
7 72
79 51
9 88
18 83
53 76
37 36
50 45
99 47
12 60
96 28
61 18
32 37
18 87
30 65
19 26
70 79
20 43
53 44
71 33
56 49
92 26
62 91
53 90
65 20
68 61
36 83
20 82
41 79
36 26
62 32
96 48
73 82
15 69
9 45
65 1
65 99
33 76
88 87
82 76
36 63
55 81
50 81
21 62
29 70
60 17
34 71
70 53
25 41
