510 2
1 96
68 43
75 61
29 62
6 50
15 23
36 42
48 46
15 75
47 9
29 95
17 21
83 18
54 56
43 6
78 70
4 16
62 82
93 93
7 81
89 46
54 73
96 38
77 93
94 5
36 42
57 70
99 71
36 63
16 34
81 27
46 10
23 2
6 36
92 45
92 16
41 66
23 96
71 40
29 51
43 56
65 93
48 93
71 98
50 80
62 81
33 34
100 30
4 20
58 66
79 13
10 59
93 40
43 56
14 81
67 43
9 22
3 48
34 5
35 66
26 100
40 45
82 93
60 55
97 69
17 44
40 9
29 99
91 22
10 37
88 55
5 62
61 72
10 72
94 37
27 78
89 29
79 48
83 57
94 71
34 57
53 45
1 44
39 64
49 64
34 35
84 44
28 11
32 65
54 62
67 17
26 55
23 88
64 96
83 72
35 94
19 82
26 61
85 38
6 41
81 12
61 91
10 57
47 62
84 30
21 19
71 25
56 15
26 67
15 40
24 3
87 100
7 17
70 62
85 32
88 37
93 1
26 53
24 62
81 43
50 20
75 45
20 17
94 96
38 17
77 29
19 55
59 34
91 43
20 89
7 67
18 55
87 4
62 45
77 66
96 14
58 98
84 28
10 99
13 56
4 11
92 17
37 93
2 98
25 55
7 26
54 2
70 19
61 67
15 45
91 57
92 46
90 68
36 75
72 61
46 92
46 81
21 67
9 6
85 92
75 27
14 79
78 84
29 66
74 52
29 47
48 24
30 12
30 31
43 67
93 54
23 52
65 45
3 30
69 42
81 99
2 36
35 72
49 84
7 14
7 11
52 85
27 19
80 8
1 7
40 88
99 22
14 79
76 84
69 81
73 28
77 50
89 96
6 63
25 25
15 24
48 54
90 95
51 10
34 20
6 50
17 15
34 99
5 20
35 74
76 85
67 70
73 32
84 38
88 17
14 64
15 85
16 42
17 20
26 16
24 69
84 98
38 12
47 82
24 59
62 49
46 93
87 46
73 24
47 32
97 20
35 22
41 35
89 57
46 74
42 61
50 23
39 75
23 77
99 70
80 54
85 14
67 59
42 22
67 72
87 24
67 16
57 6
21 55
17 35
41 70
46 17
20 38
86 29
11 56
58 17
7 71
30 93
71 67
67 39
89 85
55 12
86 3
67 53
22 24
53 84
42 78
11 77
37 2
96 54
56 80
33 18
42 5
48 43
49 85
20 75
58 44
48 76
30 26
71 33
15 75
89 56
22 15
78 66
45 95
88 95
81 16
44 48
81 94
90 25
72 66
37 98
56 74
84 58
45 86
31 67
38 60
28 50
44 73
22 64
95 56
56 9
16 89
26 14
93 62
50 98
16 43
95 81
89 65
96 54
47 95
90 1
35 91
65 61
8 72
58 21
67 82
37 6
16 2
56 60
94 91
51 36
81 86
45 85
36 5
46 55
6 22
8 92
86 9
68 57
27 20
69 43
96 51
42 72
81 8
82 93
78 8
45 100
81 31
66 2
45 87
29 35
54 43
4 99
26 20
38 91
4 27
4 61
2 90
29 6
71 65
88 44
83 36
96 82
24 30
82 40
98 67
77 68
28 98
61 83
100 53
98 31
65 76
43 81
54 7
67 79
98 63
81 92
25 92
85 98
51 44
38 63
57 33
53 96
8 11
86 11
83 5
72 35
25 80
91 75
7 11
55 99
81 82
32 46
67 64
46 14
33 51
3 7
18 41
26 3
2 80
97 47
91 82
66 83
37 6
31 83
93 35
40 80
74 93
9 93
73 47
94 92
33 1
15 58
60 38
79 46
3 25
41 35
33 79
89 17
41 29
93 7
41 67
95 91
12 25
42 48
15 24
85 54
85 36
1 4
72 77
93 26
72 85
58 45
42 80
71 81
100 51
70 8
51 88
52 55
99 36
26 4
55 58
25 67
63 41
6 20
62 70
57 83
25 50
21 98
13 71
38 66
10 58
59 33
43 41
68 38
72 95
76 16
11 54
49 14
62 31
84 36
90 97
64 38
23 24
10 75
78 9
37 26
13 46
1 87
74 57
6 62
14 82
96 6
20 82
6 98
20 83
100 28
37 78
23 47
6 79
89 52
11 71
30 3
30 66
54 23
71 75
72 16
72 79
93 79
78 97
30 21
70 33
6 8
60 66
18 54
86 82
78 27
10 87
28 22
34 14
76 13
8 82
7 88
23 17
45 76
89 13
54 29
28 90
34 44
28 96
39 24
82 15
3 48
48 70
90 77
14 10
79 69
30 16
6 30
7 96
88 46
20 100
58 3
26 33
