520 2
3 35
64 12
93 98
37 69
73 5
66 6
33 75
39 96
59 76
47 26
39 30
31 7
49 51
55 52
6 36
44 100
20 97
30 54
93 94
74 18
28 69
21 98
22 5
48 2
24 46
69 8
20 72
99 80
34 55
96 98
71 25
4 43
30 61
69 80
40 3
76 68
55 55
65 15
78 69
50 36
89 67
99 55
36 85
56 56
41 73
99 26
47 21
32 67
47 62
92 13
21 16
83 20
21 86
63 1
16 13
74 18
83 82
29 97
44 57
31 63
85 92
94 27
77 30
24 48
98 88
5 10
78 23
21 61
85 13
74 55
96 61
83 93
2 29
16 2
42 26
93 64
16 99
68 5
76 68
19 3
41 32
85 25
59 87
64 43
29 10
20 68
36 58
95 77
33 32
29 11
47 96
81 19
11 52
56 33
88 33
94 37
44 95
2 82
60 87
33 24
10 62
67 64
67 93
30 4
7 45
61 46
22 43
64 48
88 66
25 49
37 78
88 18
72 92
78 51
52 97
100 72
10 2
56 84
30 2
3 62
88 22
13 72
22 98
51 89
45 32
93 43
98 30
70 21
15 67
14 4
70 72
53 98
37 18
80 35
86 30
23 11
34 60
38 75
30 93
42 33
74 40
15 1
79 64
96 48
67 61
94 99
63 86
95 89
56 84
76 68
62 74
51 3
72 58
8 79
76 80
96 27
47 35
90 21
58 55
17 78
28 11
60 82
61 5
63 58
17 31
85 5
86 80
93 55
56 75
38 14
55 24
5 32
15 46
75 16
43 60
26 14
40 25
4 46
78 51
15 50
3 47
4 47
88 4
32 43
12 98
67 27
66 91
52 6
38 86
98 3
3 72
14 73
97 72
18 22
84 19
70 97
32 19
72 82
81 86
2 2
52 41
45 50
39 22
36 41
99 68
9 77
58 21
31 73
52 14
98 19
38 22
85 100
17 83
93 23
56 13
52 57
31 32
51 99
53 6
48 25
67 99
75 36
33 41
22 38
79 84
3 82
42 38
93 100
9 29
21 27
58 12
46 31
48 60
77 44
30 78
90 39
94 44
84 47
78 17
71 81
14 93
42 90
81 96
14 100
41 40
61 31
49 47
25 12
74 31
26 52
49 44
19 86
1 31
41 35
52 12
19 66
2 46
81 40
31 74
91 13
27 18
21 48
81 43
55 98
90 4
7 14
8 15
38 88
44 40
62 72
31 55
36 29
60 34
66 98
19 87
52 18
28 19
73 85
72 53
90 13
72 95
65 79
9 65
94 51
26 46
99 77
100 10
19 34
57 1
36 94
25 13
82 19
33 5
17 82
10 37
8 80
75 13
92 37
76 91
20 12
34 12
57 14
3 91
11 78
12 41
37 7
22 20
99 35
70 94
8 54
33 23
2 40
89 72
71 93
55 25
27 86
22 3
87 8
92 24
56 66
28 76
60 8
4 59
25 35
73 43
25 69
85 15
2 15
32 55
12 11
100 98
88 45
6 96
52 40
57 46
49 96
87 51
13 25
79 54
10 11
7 62
51 98
99 81
100 34
59 29
38 5
81 31
55 13
87 68
34 5
52 13
36 94
100 92
90 69
83 96
41 35
56 99
5 7
66 13
9 65
38 52
41 1
27 17
4 97
58 63
96 23
52 95
12 43
56 70
35 79
30 87
32 15
83 37
57 52
68 92
36 98
52 30
70 70
30 38
70 54
84 27
88 4
10 68
71 38
40 43
89 88
1 89
21 47
20 72
35 29
15 20
100 73
48 35
30 16
30 94
5 31
48 23
100 76
40 58
23 82
26 74
3 2
97 49
58 24
66 87
21 42
22 37
33 24
27 31
86 98
12 84
12 27
24 58
62 27
36 18
16 57
56 93
75 59
73 62
7 98
78 79
86 72
83 35
47 22
18 4
43 74
92 62
99 77
68 88
69 36
86 95
47 41
39 21
90 61
93 29
1 45
67 15
53 30
93 81
2 65
10 82
67 30
23 67
16 46
74 42
59 23
56 58
55 86
67 62
100 73
71 60
52 5
44 78
12 92
18 83
58 73
64 18
65 71
19 33
55 26
45 72
86 45
90 100
78 28
19 10
8 80
72 43
45 50
42 62
50 70
2 15
64 69
18 77
82 22
55 65
70 92
100 79
67 48
11 46
45 81
13 76
51 43
57 85
98 72
10 53
83 79
15 99
60 20
98 25
15 33
90 4
34 16
43 32
45 39
67 13
25 61
6 24
55 99
66 75
95 84
23 8
3 44
71 22
7 79
31 45
58 38
37 9
68 14
37 53
76 85
100 44
88 82
6 61
95 9
91 39
10 48
97 65
7 92
33 54
45 59
