860 2
49 27
97 38
19 29
35 85
89 63
42 24
31 97
41 14
97 100
79 7
8 13
63 59
46 65
2 14
77 34
71 71
6 34
20 48
16 68
41 56
37 93
12 41
8 48
38 37
55 38
37 39
69 33
16 83
45 12
48 40
3 89
33 65
15 47
78 82
25 1
25 95
13 38
84 33
25 94
71 98
89 33
39 14
79 63
74 22
89 59
23 93
51 34
89 83
62 86
82 67
8 24
80 45
33 24
64 52
96 66
46 85
87 53
77 11
29 11
67 75
95 84
93 71
95 23
48 8
66 58
83 48
44 55
75 28
12 41
56 13
19 70
78 80
87 75
28 97
20 79
17 75
82 57
52 17
7 63
20 16
19 38
65 39
46 72
59 6
7 37
59 41
4 100
61 77
95 89
75 32
94 48
97 11
88 19
45 73
5 82
3 79
72 48
38 6
98 49
100 39
95 52
51 31
78 60
12 63
54 95
74 60
23 6
86 16
63 40
13 58
37 54
73 3
18 80
53 17
10 46
90 4
83 18
86 85
19 32
84 33
3 18
48 92
6 6
74 68
93 68
81 90
61 48
96 15
46 15
85 3
64 95
42 11
59 5
8 89
19 50
45 63
45 56
84 62
96 16
100 79
29 27
4 96
29 9
15 87
42 78
50 16
91 74
12 78
46 11
77 39
71 74
12 18
23 54
89 41
24 94
18 97
65 34
63 64
79 29
77 97
72 18
64 2
28 16
11 41
55 70
21 48
72 35
12 72
48 94
68 59
19 20
3 18
14 58
43 21
43 91
60 57
55 37
54 84
40 77
62 41
71 74
6 52
2 71
18 55
69 89
79 87
77 4
8 67
95 34
39 12
38 43
42 25
23 47
70 14
88 84
42 5
93 13
52 9
4 74
77 26
28 12
35 62
54 58
80 80
65 80
95 63
30 83
81 16
58 83
15 71
49 82
51 86
28 33
93 71
47 69
9 58
96 40
28 2
75 48
31 90
23 66
84 42
77 45
8 87
7 84
33 41
70 51
7 35
11 84
39 81
44 3
19 17
34 27
48 93
11 29
28 9
49 60
38 56
60 39
95 13
35 1
25 52
14 50
41 23
5 63
17 6
15 74
51 63
75 78
84 87
3 65
62 16
82 98
91 83
21 15
42 29
11 83
14 39
89 34
78 44
29 66
80 21
82 81
90 49
17 58
11 79
60 86
31 37
42 31
25 74
79 35
24 57
9 13
42 10
33 11
27 5
29 46
50 61
68 39
23 37
71 34
74 12
62 81
26 48
92 27
11 54
94 29
60 8
16 4
49 55
25 15
84 12
2 62
58 46
20 8
75 37
65 71
45 94
61 84
90 72
67 62
68 12
69 40
10 58
21 93
90 37
12 91
86 100
42 84
55 80
96 24
54 34
23 42
77 49
1 84
8 77
68 90
46 16
34 78
58 46
91 59
75 20
81 25
79 10
92 64
25 95
45 15
14 78
67 93
86 55
22 88
71 49
67 58
82 13
16 38
50 47
98 35
6 67
18 11
80 36
16 17
25 22
46 59
1 53
53 37
68 19
85 37
1 11
24 64
26 30
88 71
79 14
53 53
35 72
17 87
34 79
33 90
64 95
15 6
22 79
25 90
55 72
74 79
92 69
90 90
4 12
88 5
53 81
69 37
71 88
45 34
32 44
46 4
65 54
33 67
8 24
13 54
35 100
72 43
80 91
82 29
96 64
63 51
6 57
63 42
41 22
94 28
96 91
90 61
38 39
98 7
51 29
48 78
32 54
21 54
42 91
33 86
47 74
99 3
94 59
87 30
87 29
68 2
88 33
8 39
54 13
12 47
26 94
37 25
45 84
52 41
55 43
86 60
62 1
85 16
25 69
20 37
49 97
60 96
87 66
7 86
60 82
31 80
86 55
16 58
34 57
89 33
60 86
60 35
84 86
86 3
67 61
18 33
40 57
19 52
23 53
94 17
83 6
74 46
19 20
75 72
76 85
30 80
47 100
90 14
56 46
58 34
60 22
92 36
33 55
92 3
73 94
1 78
74 99
16 25
23 4
59 92
66 67
44 62
13 90
94 26
18 20
61 85
97 90
16 72
82 34
93 12
77 59
84 37
80 58
66 25
44 37
61 79
94 65
73 88
76 18
42 66
83 6
76 41
48 92
92 68
22 81
74 8
1 36
78 69
62 12
22 48
35 7
79 96
31 76
100 50
41 56
16 13
71 96
77 58
66 81
93 42
81 99
50 56
81 78
98 87
83 50
43 89
10 68
69 59
7 59
82 11
85 42
65 61
89 82
66 75
69 23
69 73
38 24
22 63
15 12
95 30
86 25
58 59
30 58
34 5
4 17
53 7
77 2
23 76
100 62
70 80
96 47
55 33
18 37
73 8
63 3
96 25
53 76
2 30
82 82
57 34
64 66
83 35
57 45
30 60
37 41
82 14
73 37
76 47
79 52
26 43
38 18
3 29
100 11
29 20
50 19
16 44
100 89
75 5
93 38
96 96
20 57
18 86
31 8
33 66
45 72
26 35
92 96
92 89
89 4
95 30
23 50
52 72
2 60
75 50
96 92
49 18
57 90
28 4
1 14
56 96
4 73
49 93
56 17
87 60
78 25
17 91
82 15
44 57
2 4
65 28
25 13
77 20
85 37
26 19
90 24
32 85
93 94
17 30
63 72
15 88
87 11
86 93
2 96
5 68
16 88
36 38
3 30
41 3
92 4
82 2
70 87
48 100
94 71
74 52
16 78
20 29
70 51
71 34
91 50
89 69
9 35
11 30
38 19
8 94
80 83
31 42
74 92
15 72
88 64
70 77
1 31
87 33
16 87
14 73
82 12
3 95
89 73
5 45
44 78
37 38
73 84
59 87
77 9
2 70
86 28
45 99
70 55
62 21
85 24
87 78
64 16
82 83
10 5
93 82
74 4
48 1
12 37
17 15
40 73
24 88
42 75
34 40
80 65
36 63
27 88
52 13
91 54
3 93
78 30
3 51
65 66
92 13
97 8
90 4
18 27
92 11
32 43
92 85
52 46
95 41
16 96
98 33
21 66
55 78
100 64
69 47
4 55
9 97
26 34
22 23
87 73
7 34
13 75
46 23
73 76
76 12
51 53
76 4
66 50
3 26
10 68
56 56
31 9
32 77
26 93
88 52
23 93
8 43
68 4
97 84
68 63
11 29
72 99
91 71
30 58
36 24
56 69
95 34
88 1
86 68
6 12
75 8
29 11
17 33
92 12
2 82
61 17
22 63
30 45
72 30
99 20
31 81
60 83
44 20
95 51
89 61
30 44
31 48
3 19
78 89
8 6
22 8
84 11
98 64
26 49
59 12
15 86
98 13
38 24
4 59
82 69
78 46
18 52
91 63
52 64
4 17
7 96
59 28
76 99
31 51
3 98
8 22
14 87
90 25
14 70
61 52
66 53
100 17
54 41
30 83
22 99
48 23
18 7
17 71
8 6
73 80
13 57
27 96
66 70
48 44
57 66
65 46
3 85
65 32
76 32
11 43
92 18
96 75
34 80
81 69
15 83
44 10
42 98
79 59
31 39
95 1
82 78
11 85
88 75
39 4
75 94
84 17
39 77
3 47
92 26
16 41
67 24
45 68
83 23
48 82
57 27
42 92
43 86
94 75
77 53
80 12
23 61
29 53
65 50
13 88
56 92
29 83
88 6
35 25
65 90
84 5
69 17
4 11
5 88
98 13
15 60
12 67
31 48
66 4
21 21
38 12
100 66
40 3
91 32
44 8
39 42
30 63
27 49
38 26
38 67
50 70
49 81
11 5
58 15
29 43
50 60
55 3
20 16
85 56
32 16
35 82
98 70
50 24
52 1
50 45
77 2
86 95
88 30
