170 2
54 93
39 36
41 97
45 52
11 72
100 41
64 79
7 51
39 90
59 64
83 16
48 80
14 4
29 7
2 18
14 42
89 93
56 29
22 12
25 93
48 69
1 89
7 34
6 15
7 39
10 34
43 89
79 49
35 90
22 18
75 59
16 17
41 19
97 75
53 82
58 86
16 67
68 31
74 62
85 63
36 42
99 94
62 29
12 34
99 38
92 11
46 72
32 85
83 95
27 89
10 10
64 8
28 2
86 28
60 50
25 63
14 44
27 76
98 68
66 41
98 40
91 59
84 20
65 14
17 29
47 50
58 80
66 26
100 52
25 9
36 55
22 88
40 74
83 14
19 60
14 96
15 31
3 59
24 35
4 61
85 68
58 46
34 16
71 11
46 56
28 20
51 65
56 66
43 7
57 35
48 13
7 84
49 94
55 25
38 25
52 23
77 36
68 78
64 67
56 14
88 7
83 32
15 29
15 7
5 74
35 31
9 69
13 36
29 80
90 92
52 51
51 13
29 94
89 35
64 27
22 27
45 82
37 91
77 37
94 1
13 24
65 90
80 62
95 40
89 31
22 41
88 9
22 24
43 59
19 2
86 61
55 43
3 23
34 10
22 87
98 2
77 46
61 75
1 63
32 61
15 6
3 73
88 38
30 68
65 22
97 19
100 13
13 39
95 43
58 63
95 45
70 33
85 63
33 47
59 2
46 39
91 43
67 100
85 77
62 15
35 88
67 94
82 3
19 53
29 85
19 46
64 4
32 74
95 90
56 47
