550 2
11 18
89 12
44 3
53 70
37 96
74 72
21 89
92 83
86 13
40 75
96 48
16 24
76 34
92 94
82 23
20 53
54 100
74 88
84 15
75 65
52 22
53 33
2 43
84 87
78 18
66 22
53 43
41 96
6 85
73 31
36 67
68 19
62 15
65 40
52 81
64 8
64 85
19 58
20 78
100 93
63 40
84 38
8 10
23 86
9 56
9 2
51 3
87 56
44 44
69 76
88 68
66 94
92 36
1 96
97 50
74 84
36 20
93 22
10 69
11 29
33 9
2 42
77 63
4 68
68 10
22 28
82 100
53 24
100 86
38 47
17 58
96 98
56 9
3 51
84 43
4 87
67 64
18 67
8 1
72 68
90 27
76 95
80 25
38 91
85 38
89 62
93 24
77 89
74 80
20 26
26 100
43 26
50 34
31 67
53 12
5 91
31 21
24 42
53 97
38 67
91 27
52 68
36 28
62 10
89 55
37 5
51 84
10 17
74 33
100 45
15 1
46 44
13 60
94 62
83 99
43 63
43 19
96 46
15 43
56 48
81 55
9 68
20 20
22 87
70 13
2 63
29 25
55 64
25 93
30 25
77 10
18 23
96 23
39 49
98 21
61 16
97 70
16 14
1 8
82 61
13 89
64 76
12 59
4 62
79 48
96 82
95 90
30 91
55 72
57 98
3 17
93 68
93 69
76 63
60 62
78 62
82 52
61 47
99 7
92 43
55 64
42 90
30 82
78 48
17 63
38 44
1 25
50 28
91 44
26 24
38 26
72 34
41 59
15 13
50 25
61 84
8 83
32 74
45 33
65 26
23 82
40 74
20 27
55 58
74 2
69 21
13 10
24 57
20 76
27 74
33 16
39 49
98 19
58 53
6 22
71 1
88 39
26 96
3 51
95 52
100 31
66 9
64 59
70 9
61 3
27 88
12 33
47 98
10 65
82 75
12 55
70 54
62 88
79 49
63 12
95 30
17 90
46 52
22 80
19 89
68 76
18 31
85 63
9 84
6 51
1 29
78 83
89 38
77 21
41 71
28 74
16 67
4 63
30 18
7 77
78 72
4 83
85 60
11 33
68 69
85 40
96 88
53 55
3 55
12 21
35 91
4 44
52 65
60 49
4 79
33 61
40 21
27 86
1 49
45 33
88 86
53 29
96 73
49 2
88 80
61 74
44 20
100 83
47 46
24 10
40 22
96 59
66 47
16 20
41 78
1 6
94 62
15 6
77 82
64 21
66 33
11 64
30 50
19 65
7 44
28 88
89 96
19 39
25 66
6 7
38 52
81 2
62 45
81 64
13 76
51 91
70 54
15 58
54 91
58 5
36 30
79 81
13 28
18 38
90 92
55 64
52 42
65 11
60 75
74 37
65 75
80 41
34 45
81 37
67 59
91 79
99 20
93 43
29 12
40 10
88 9
18 36
58 72
72 58
35 74
47 68
50 57
18 81
27 62
68 10
13 37
9 88
97 13
12 45
16 66
36 7
49 27
42 100
90 5
81 65
61 72
94 54
94 72
57 67
93 56
66 80
45 29
81 45
42 44
63 3
84 41
77 98
30 26
78 26
2 76
25 54
59 54
4 58
70 97
31 56
71 97
23 79
40 4
25 52
88 91
71 84
86 82
28 39
52 86
80 14
53 18
58 29
87 5
71 26
88 12
21 83
3 100
99 80
52 63
9 34
46 17
57 30
17 86
54 14
79 36
11 11
89 19
32 56
26 33
66 90
27 37
42 20
62 7
96 91
54 20
96 34
88 93
32 88
32 52
90 45
31 28
32 77
2 87
94 21
77 100
52 48
87 12
39 56
24 16
29 77
30 50
21 15
54 98
73 45
67 48
41 84
51 30
73 98
2 95
29 82
27 94
37 66
20 53
33 43
23 36
2 4
44 62
28 90
46 63
28 93
85 62
73 42
17 60
4 60
80 44
9 42
22 88
60 7
88 74
66 22
81 31
68 2
59 62
25 47
72 35
93 54
82 61
62 89
47 60
52 5
97 15
67 72
53 86
64 72
23 87
82 53
43 10
48 1
84 46
66 77
98 32
45 8
75 82
29 79
60 97
100 14
14 36
58 60
53 82
55 67
38 44
34 86
82 23
64 60
18 91
24 11
33 35
40 88
27 70
61 40
63 44
86 82
12 50
23 46
40 60
82 14
19 75
98 80
27 17
69 80
73 76
70 83
13 40
76 45
89 23
78 19
36 62
13 76
51 1
93 37
16 58
54 67
96 38
14 43
9 58
6 4
3 54
79 97
50 89
21 55
66 44
45 3
66 97
40 40
9 2
15 94
92 56
64 22
21 17
12 55
56 44
38 68
60 66
52 88
35 81
52 44
70 11
83 99
46 79
50 51
72 37
79 21
59 3
94 48
50 22
21 41
39 60
5 58
98 90
88 47
73 89
97 90
65 30
42 17
41 60
69 76
2 52
54 86
22 43
74 84
43 67
19 84
12 98
33 27
6 65
