720 2
65 63
43 23
37 88
37 98
2 63
22 21
48 91
41 97
34 25
10 53
6 84
98 70
60 88
97 18
73 57
20 94
14 86
13 40
36 74
57 61
94 7
42 41
1 52
83 98
40 9
100 66
20 82
94 7
28 4
55 51
93 5
60 61
95 80
32 23
93 79
26 55
8 78
43 47
74 31
3 54
79 1
85 76
35 12
40 44
77 3
17 46
41 14
41 8
10 47
51 56
3 87
28 73
56 33
69 74
18 18
44 14
54 80
79 49
14 91
46 36
26 24
9 84
51 34
40 57
16 18
23 42
62 82
72 99
73 43
52 26
24 93
64 50
86 2
53 7
87 33
79 61
78 71
64 39
57 11
20 2
85 1
60 87
96 7
74 21
13 35
18 35
30 44
5 7
97 2
30 86
79 88
57 69
36 28
46 13
83 74
20 5
98 42
55 62
28 38
46 31
50 100
49 18
40 78
81 17
46 97
48 53
75 14
77 94
61 55
58 26
92 73
79 40
69 47
78 54
53 10
87 27
30 80
85 29
88 36
44 68
93 62
99 86
43 48
92 34
91 67
44 49
81 38
83 11
15 40
95 86
37 53
40 52
91 53
24 74
14 37
83 61
65 60
68 98
73 7
99 66
83 66
83 28
61 79
57 64
12 68
11 9
39 78
86 52
10 66
12 12
92 42
78 7
44 80
97 80
36 58
57 35
41 9
52 67
30 85
46 12
57 83
32 32
15 14
57 1
86 17
2 85
27 94
40 34
2 9
53 71
26 19
28 4
24 12
44 63
90 82
26 49
92 15
72 31
100 47
32 4
27 91
66 59
62 71
42 100
61 79
57 22
61 85
3 68
89 7
33 20
33 70
95 30
73 14
24 96
12 43
64 69
1 14
93 34
62 16
27 22
87 55
18 59
82 29
1 9
4 80
36 97
26 34
69 80
79 44
15 47
1 67
27 65
70 71
68 17
22 5
73 3
36 64
19 60
59 96
56 51
94 23
26 15
82 9
100 51
76 6
21 12
56 51
45 55
24 70
64 1
22 36
78 80
72 47
95 81
20 1
56 81
58 37
2 74
59 67
22 16
18 35
62 45
27 48
59 16
87 2
38 32
91 79
76 77
98 8
10 100
77 67
95 98
58 58
41 94
45 18
83 98
9 92
18 97
83 16
45 54
25 25
73 80
36 28
96 7
22 54
95 32
82 88
41 69
79 9
89 36
89 16
37 8
62 48
77 26
44 11
43 5
82 80
33 8
43 73
8 22
99 80
81 83
7 12
61 16
35 79
34 79
32 78
95 31
72 57
11 50
54 73
67 56
97 19
69 54
5 42
43 15
92 4
62 2
3 10
60 15
93 48
21 60
56 65
71 80
17 51
61 80
5 90
81 70
14 62
24 92
76 4
61 81
12 6
4 6
90 48
83 60
89 76
23 4
29 76
81 18
40 99
72 9
41 48
48 64
67 21
78 23
24 15
58 28
94 14
12 31
48 12
19 33
85 4
24 90
43 24
58 34
65 9
41 68
67 20
93 36
21 81
9 80
10 66
89 79
96 75
16 39
1 7
84 16
76 53
35 54
21 79
25 69
72 19
86 31
69 97
60 8
84 24
81 69
9 76
27 97
85 66
75 24
24 41
62 71
21 27
93 29
10 91
51 40
55 87
13 5
55 8
36 52
50 23
14 3
1 75
68 62
64 26
36 60
67 76
92 63
48 45
33 57
79 90
67 48
31 35
62 64
3 41
65 95
67 11
57 47
85 21
9 56
6 64
56 1
70 39
8 37
86 27
70 61
68 11
1 51
37 19
65 39
48 78
86 6
40 73
29 44
5 95
32 61
79 65
80 69
61 86
82 81
44 75
32 92
45 92
58 92
100 17
18 65
32 10
14 19
1 85
60 40
41 91
65 85
3 24
54 16
7 95
47 6
22 54
20 60
26 72
60 44
42 40
78 47
68 45
73 53
15 92
24 88
92 79
11 22
13 70
64 48
98 32
86 40
15 26
21 51
12 27
72 94
34 41
90 47
67 18
5 45
8 39
6 60
57 80
33 10
83 80
55 49
87 11
23 43
49 61
41 11
3 9
98 2
33 57
100 20
51 32
73 50
91 50
64 55
94 41
80 19
12 85
45 6
25 26
7 36
63 30
67 21
66 12
72 30
51 91
22 32
65 40
39 63
96 79
85 87
97 45
71 94
90 27
62 65
80 76
31 75
11 56
9 5
77 37
79 94
4 17
87 30
68 48
95 30
58 17
73 78
84 57
9 58
98 59
36 89
58 83
58 77
99 44
52 7
41 99
84 11
54 54
99 79
16 49
94 12
4 82
43 51
2 92
87 52
96 97
96 39
21 97
1 82
14 56
22 36
36 9
93 13
15 77
40 21
66 86
63 68
28 67
42 32
62 72
39 28
55 32
13 7
2 5
44 43
58 84
5 14
95 84
86 6
61 19
21 15
79 49
35 29
29 91
44 45
21 73
34 100
55 23
52 30
85 71
1 92
54 47
84 97
95 3
84 80
46 13
17 25
63 62
6 60
93 3
83 81
46 92
43 14
63 94
93 92
53 98
61 20
49 18
70 56
26 100
3 94
82 79
84 91
54 52
10 73
35 59
69 38
11 89
33 54
73 80
36 65
58 31
23 96
82 58
19 76
6 13
68 79
18 86
42 10
9 61
76 86
79 18
8 57
88 11
58 43
62 42
47 14
42 12
11 78
10 38
51 42
15 10
24 55
91 30
28 75
32 83
100 81
40 64
55 56
98 84
37 66
2 62
53 21
98 93
34 41
68 36
38 27
70 46
3 69
60 94
44 46
2 74
37 13
98 70
9 46
4 77
20 99
81 63
43 80
7 68
41 31
48 61
4 33
48 6
19 71
11 33
40 78
79 82
52 7
97 84
46 19
28 29
60 22
5 21
80 61
71 80
25 29
4 99
75 6
65 86
67 97
30 23
91 69
78 62
92 85
41 16
93 89
19 74
92 76
96 79
25 53
52 48
17 5
90 39
74 79
97 21
34 23
90 32
31 71
94 1
81 92
5 41
93 67
18 6
54 6
12 7
1 39
38 29
68 59
45 22
78 41
19 61
40 65
76 47
10 20
37 87
63 19
95 1
11 78
2 38
38 4
81 33
23 36
23 53
98 27
7 49
95 92
49 69
77 39
37 6
92 70
96 36
4 77
18 28
39 76
13 36
29 60
29 83
43 70
40 68
55 96
68 96
40 53
30 43
41 58
