640 2
29 27
66 14
97 53
21 91
15 80
74 84
37 58
59 30
63 98
34 23
14 40
64 32
1 29
98 38
54 28
14 79
24 95
58 81
16 70
32 97
25 78
43 63
4 44
78 29
74 57
15 90
27 93
18 26
18 63
37 55
42 81
50 100
5 7
84 41
12 32
90 11
40 43
56 60
60 48
13 87
2 32
17 17
97 76
92 57
86 41
12 91
6 82
53 18
42 46
72 84
7 20
88 28
56 3
64 60
21 3
43 75
16 12
14 92
88 40
95 17
43 38
87 59
62 83
77 83
53 97
1 3
24 57
15 43
84 20
2 86
77 1
87 98
50 73
27 76
41 41
13 60
76 2
30 81
47 55
65 36
49 82
79 29
39 5
13 17
60 84
58 75
78 72
48 30
62 81
43 4
25 1
9 37
96 96
31 6
13 82
26 90
76 61
3 7
64 49
29 41
63 2
19 69
52 16
61 81
80 29
15 82
50 77
71 67
55 99
82 64
71 75
59 3
98 74
2 98
95 58
83 2
13 93
10 42
57 87
57 60
54 50
8 56
5 55
13 37
45 61
25 69
3 49
75 44
26 66
98 16
58 42
7 8
78 39
17 55
49 25
65 40
84 43
93 32
11 54
79 73
46 3
66 24
90 27
7 88
10 74
90 51
94 43
16 84
49 98
20 91
7 63
66 86
19 79
30 66
51 95
62 30
73 48
18 69
38 15
46 73
73 53
65 90
50 25
96 93
79 37
1 79
14 71
54 35
18 57
41 30
91 97
59 53
12 61
42 1
69 94
96 100
32 12
36 65
62 19
93 35
25 15
47 41
92 72
52 60
61 46
17 84
36 100
74 73
65 12
1 31
26 83
90 76
82 49
32 31
19 48
7 79
94 61
19 47
50 59
21 51
67 92
18 53
3 58
9 96
51 79
17 7
86 60
40 43
15 24
97 71
85 58
72 55
19 53
26 100
89 27
55 41
51 85
93 43
49 50
52 32
83 86
76 20
24 85
73 81
16 51
42 68
61 93
55 14
15 77
27 48
97 75
80 64
22 37
66 20
14 79
34 90
27 56
87 66
15 43
31 30
72 16
25 2
2 76
44 52
89 84
71 68
54 54
47 64
16 67
74 30
57 22
24 2
99 83
80 5
5 95
1 15
53 41
12 4
88 67
24 68
36 5
67 11
50 73
70 17
66 87
49 2
59 82
47 8
55 36
22 27
74 36
43 73
94 33
7 93
89 98
56 8
76 9
52 16
73 52
84 41
47 44
62 72
84 67
73 53
63 76
17 59
58 18
83 44
53 86
79 97
89 22
53 57
16 68
60 22
3 39
50 41
80 37
77 55
80 4
25 80
50 39
2 51
89 29
3 13
93 55
42 54
84 30
68 81
45 38
56 80
20 90
23 7
95 74
54 53
96 39
4 69
57 58
16 92
26 43
17 48
15 30
28 64
27 19
4 73
35 20
23 52
22 50
17 74
60 51
69 18
58 37
93 39
98 20
83 33
57 20
17 13
44 42
22 24
32 45
78 15
55 38
85 16
85 74
47 98
40 26
77 24
11 53
59 40
21 38
71 35
68 82
84 45
61 89
34 91
81 92
70 97
75 28
15 18
68 24
97 65
86 35
60 66
27 1
7 62
28 25
21 39
72 91
31 61
98 13
73 38
33 82
9 98
57 3
96 68
1 24
25 43
52 12
83 9
85 61
30 2
87 55
45 2
89 46
18 31
15 7
30 15
63 84
100 30
6 25
32 18
68 25
53 12
39 83
82 72
83 87
10 57
75 90
85 94
22 53
95 95
42 74
7 36
25 66
23 37
20 32
45 22
32 66
34 80
9 8
77 100
70 16
6 93
33 98
96 73
47 63
23 27
56 86
32 39
62 3
78 41
64 3
23 66
66 58
24 21
90 72
56 17
74 69
41 94
33 21
49 46
56 25
29 41
30 16
81 15
24 66
3 69
91 44
87 40
62 8
58 44
24 1
12 55
76 2
76 66
47 96
16 32
7 42
69 15
83 42
70 35
79 59
14 82
90 56
9 69
27 54
84 67
21 87
2 28
76 56
50 90
26 40
83 44
31 91
95 16
98 54
26 24
9 80
15 22
42 42
70 69
18 91
21 68
77 58
36 43
93 43
34 31
41 8
53 68
82 19
51 92
98 88
64 52
99 91
73 22
88 95
48 12
64 66
36 90
69 55
22 86
45 88
33 70
2 88
68 32
14 39
76 61
4 79
16 44
32 72
71 85
22 97
24 30
70 20
90 72
66 73
24 61
6 90
13 6
9 19
41 43
26 57
91 14
78 43
60 65
71 14
49 6
2 1
24 33
2 82
5 64
16 56
79 5
31 19
72 73
1 23
89 28
11 59
81 92
7 93
7 91
83 24
85 58
38 9
50 86
91 75
48 67
44 100
17 81
40 50
93 3
39 40
65 7
69 46
12 81
93 10
65 4
82 86
63 72
47 65
98 53
43 81
24 13
87 47
80 82
64 13
85 99
67 95
79 53
83 84
9 32
63 22
81 74
90 85
77 85
61 61
8 35
3 9
1 55
67 32
54 45
95 8
28 100
44 56
59 86
93 20
88 40
90 37
29 11
92 23
61 2
13 88
4 34
69 7
36 48
71 54
53 60
85 18
90 78
88 76
38 21
73 59
60 43
63 72
94 18
47 34
9 38
29 38
79 78
69 62
46 20
15 35
59 81
22 98
12 65
7 24
16 43
27 35
60 20
48 100
15 75
23 14
25 13
81 32
67 54
44 6
31 26
91 38
91 96
55 32
55 30
55 94
27 73
94 74
49 49
4 34
79 30
32 39
24 45
67 92
44 76
11 9
80 32
47 4
87 73
71 38
24 8
54 11
77 61
93 12
94 85
