780 2
99 8
6 97
29 63
79 88
74 42
23 71
3 55
27 53
26 43
24 95
87 66
7 11
42 93
60 56
36 7
75 73
71 60
22 63
49 14
3 89
56 71
58 10
75 89
48 95
27 96
81 47
100 10
74 93
25 42
2 93
6 24
29 6
58 95
75 26
14 33
55 59
92 94
90 88
30 100
63 18
81 51
35 92
82 68
5 58
16 79
65 27
23 91
37 55
85 61
96 43
48 8
19 92
71 48
87 27
38 7
88 70
17 72
85 34
97 47
9 92
70 41
16 80
94 54
3 61
74 45
6 28
91 6
88 69
42 64
55 46
99 33
46 47
12 70
54 98
20 74
24 99
88 83
82 74
79 18
70 39
89 96
57 48
49 96
37 95
21 28
24 75
43 100
29 58
75 23
24 46
19 60
37 98
74 96
7 91
36 28
87 11
47 11
92 12
3 95
42 53
66 33
55 86
3 21
17 3
4 35
20 60
50 42
79 45
22 35
92 19
41 8
83 43
76 88
82 70
76 92
81 54
76 92
87 41
74 94
20 75
57 31
98 79
28 17
47 38
27 56
55 56
84 64
74 84
29 96
75 59
67 26
74 60
88 4
41 59
94 27
57 66
24 85
24 87
86 55
44 59
83 98
4 94
34 57
41 74
95 98
18 60
99 73
99 27
81 43
62 91
89 18
95 83
42 72
56 49
6 68
79 15
4 38
96 91
98 28
4 20
48 71
52 72
43 56
33 75
91 51
61 99
55 71
1 93
95 83
33 93
42 55
78 89
23 75
25 81
100 58
50 94
61 55
18 45
62 46
89 87
82 21
86 30
42 37
3 92
5 92
10 28
33 59
96 41
10 51
18 19
61 89
12 66
4 10
64 37
37 30
16 84
100 94
75 35
77 36
40 91
85 49
13 71
82 83
35 54
50 41
49 46
90 37
6 45
65 72
10 11
37 8
1 74
3 41
10 81
63 60
23 50
73 98
6 32
39 63
58 81
53 25
30 69
52 80
55 97
53 46
14 35
76 35
99 13
69 87
65 17
4 93
46 42
25 56
16 64
17 85
94 21
47 75
44 7
52 4
40 58
73 92
97 13
45 89
78 91
52 87
25 75
15 20
17 95
88 71
95 21
89 74
42 8
18 83
98 87
4 63
92 14
12 30
71 35
9 26
53 26
71 94
99 52
37 54
25 80
2 40
40 85
34 23
17 12
68 81
28 23
24 49
35 15
37 71
21 22
76 33
79 65
100 37
64 19
23 48
91 4
79 64
48 43
9 53
63 40
89 98
70 24
1 92
99 49
81 30
56 52
100 80
73 21
65 40
45 71
19 27
34 21
27 70
84 38
11 7
89 74
9 4
50 5
79 87
32 74
20 41
27 62
41 14
23 13
30 97
91 4
69 46
9 52
27 64
63 86
61 94
72 34
3 94
77 16
38 68
7 79
19 96
51 64
21 73
69 45
98 82
35 86
7 31
91 79
19 31
9 73
49 22
20 99
56 17
97 33
43 36
24 83
54 47
16 56
54 95
87 87
69 67
13 98
29 3
74 20
13 20
56 95
70 22
75 25
81 100
24 52
58 74
23 24
51 68
68 23
66 36
25 99
100 19
75 29
34 86
33 29
54 28
11 51
99 2
40 4
5 30
59 60
91 9
51 92
22 55
25 28
70 29
25 38
29 81
40 77
6 52
29 26
81 28
54 88
6 86
76 10
23 71
77 72
67 6
55 100
26 15
40 55
61 22
88 7
96 20
99 71
21 82
18 9
57 78
36 45
15 4
80 84
37 89
6 99
1 46
23 99
81 7
44 84
25 43
52 90
50 51
41 12
33 90
88 88
12 45
34 66
48 35
97 69
41 61
17 97
10 49
2 7
59 46
68 82
95 55
42 54
43 13
62 59
66 19
82 16
97 32
46 78
100 34
7 97
73 98
11 98
63 55
54 18
51 46
56 8
10 18
18 91
63 15
81 69
11 24
64 42
6 50
65 60
17 70
93 27
9 13
83 89
65 12
95 30
7 26
28 64
23 85
69 20
48 32
50 19
3 22
92 48
67 76
11 13
82 28
53 56
68 84
70 7
61 69
89 78
4 85
63 6
4 6
3 96
21 44
81 50
70 57
16 35
3 90
7 34
65 1
76 7
76 49
42 35
93 13
13 17
9 87
8 94
8 46
98 39
4 9
17 27
2 72
95 11
92 38
56 9
7 17
89 92
90 93
12 55
14 69
48 53
28 28
92 61
37 51
38 50
91 8
75 25
93 19
87 39
31 75
42 37
48 32
16 50
25 12
3 23
26 63
50 4
23 88
1 10
52 30
99 12
82 63
69 12
39 73
82 95
21 79
37 29
14 52
65 4
40 86
23 97
57 45
33 59
95 8
100 8
74 49
61 35
28 60
67 68
68 91
47 80
93 14
49 8
91 91
70 24
61 28
44 89
15 69
67 83
18 65
16 67
53 4
52 97
93 94
11 50
43 82
62 57
88 34
76 19
48 39
84 33
29 11
6 44
37 21
49 84
23 17
12 16
47 56
4 5
48 22
98 73
68 22
10 2
25 64
67 1
90 6
78 74
27 38
77 82
25 12
52 17
8 37
61 5
10 35
79 43
67 35
41 61
9 69
20 41
29 73
47 61
1 2
65 67
35 15
14 39
90 18
26 35
32 65
84 78
15 29
42 99
59 38
56 42
58 92
23 14
22 32
14 6
57 69
63 74
56 58
72 31
26 41
63 35
75 77
74 8
12 37
25 26
38 49
49 94
15 69
56 84
53 79
78 34
11 69
88 28
42 73
68 50
33 93
24 33
75 72
19 14
7 25
14 42
36 52
98 62
44 56
66 64
72 69
33 78
49 12
52 31
34 19
85 54
16 71
82 33
59 99
43 73
74 23
81 26
16 2
40 43
96 93
87 77
1 10
6 6
1 33
33 8
63 17
40 78
12 36
53 27
7 90
61 54
55 92
69 41
24 31
3 30
98 93
49 3
67 54
53 52
22 57
55 21
27 83
55 76
29 69
20 48
26 8
78 5
67 8
26 37
41 31
85 31
91 6
45 94
18 50
79 84
95 5
84 83
88 81
33 47
69 3
91 90
99 11
10 90
66 3
56 91
14 73
28 90
90 21
60 29
46 87
45 54
26 86
59 39
75 86
47 64
22 86
70 75
21 48
45 86
22 73
96 48
32 94
78 30
60 86
92 73
47 79
15 5
69 63
81 59
21 54
55 18
26 90
13 10
82 54
88 24
52 7
73 3
63 4
84 56
66 23
91 71
90 34
43 51
56 24
9 16
66 1
16 100
3 68
26 33
4 16
29 100
72 93
5 52
92 34
11 25
18 33
64 13
1 52
76 94
50 29
64 47
50 62
84 48
33 37
28 38
80 55
25 46
28 77
33 7
5 93
15 83
94 5
22 30
62 80
56 87
1 75
25 40
78 22
78 40
46 81
35 15
14 54
54 82
83 33
57 92
53 22
6 53
96 56
36 83
48 90
88 53
17 6
41 21
