670 2
80 67
11 81
4 82
21 31
75 61
83 41
23 49
84 99
47 21
30 2
51 43
35 27
35 9
93 10
9 13
74 52
99 72
25 70
61 56
89 88
16 27
38 27
59 27
78 49
86 52
49 25
48 80
5 53
56 59
76 89
77 72
30 93
10 61
14 32
43 40
35 99
5 68
10 91
79 79
52 44
44 96
48 28
38 49
38 95
39 100
60 27
23 30
66 22
58 20
93 22
29 75
48 71
92 99
100 77
41 20
100 94
16 66
24 49
31 87
63 61
45 57
25 80
100 74
14 100
10 29
26 79
38 70
23 19
39 37
69 34
28 8
14 20
42 54
4 93
6 87
82 7
16 60
23 8
98 9
51 70
50 60
74 62
20 92
23 63
54 41
70 42
24 10
71 6
67 29
21 36
83 71
76 69
56 72
18 51
25 38
74 38
74 52
62 53
10 65
96 79
73 83
25 2
16 53
30 51
60 71
91 50
48 21
62 89
38 35
89 22
64 72
5 54
25 46
66 67
96 78
68 31
56 16
24 48
81 50
100 95
80 59
36 56
82 83
50 98
93 20
65 21
84 89
87 100
68 99
96 75
36 74
31 37
39 53
88 63
5 14
93 47
50 36
8 61
73 40
8 77
49 51
72 4
12 83
11 95
87 83
21 68
2 68
17 6
16 68
1 32
83 93
87 66
37 58
83 23
71 30
20 66
39 48
32 35
97 28
77 67
89 54
6 33
53 50
88 62
41 2
100 83
82 91
60 74
78 24
20 58
91 55
45 74
75 65
31 15
55 9
71 75
98 11
52 10
43 83
86 76
76 45
82 13
86 78
43 73
72 67
89 67
64 25
88 85
71 71
100 36
44 19
74 87
48 43
1 47
43 21
66 95
71 46
74 4
66 36
46 37
82 59
64 92
99 92
68 44
69 5
11 89
81 91
66 96
32 90
70 51
56 87
53 38
47 75
82 68
13 13
68 55
61 52
13 23
71 62
29 3
48 85
86 57
10 54
37 7
71 98
81 6
75 7
99 28
63 5
14 88
13 96
42 3
39 75
13 17
43 36
100 21
92 47
93 66
19 23
8 31
38 53
8 13
31 59
90 6
84 14
42 42
41 15
90 46
20 57
49 28
60 81
25 49
79 23
29 4
26 70
54 37
75 34
44 96
17 29
1 75
78 77
34 77
50 2
94 15
35 89
94 80
50 64
29 96
57 85
45 3
11 97
83 87
52 78
48 32
60 76
4 48
86 3
100 58
8 64
45 83
75 8
56 99
46 88
63 69
14 34
100 29
23 1
3 31
4 27
53 88
13 39
41 68
21 91
66 18
77 20
78 17
65 65
86 17
20 39
58 86
72 63
11 6
21 13
27 78
8 20
95 40
99 90
12 44
42 50
38 14
11 71
35 55
45 50
67 41
58 41
79 67
3 36
63 7
70 82
42 78
14 98
28 100
74 40
7 47
7 82
58 14
10 15
66 50
36 11
4 56
36 85
42 73
8 81
75 98
66 55
29 95
26 40
5 20
76 35
61 37
94 98
68 25
6 68
61 42
53 59
93 57
43 87
3 58
51 57
52 56
26 50
78 50
6 83
19 95
20 36
46 78
83 10
16 8
90 17
45 72
49 93
81 9
43 4
15 41
30 43
32 40
23 78
45 1
11 55
15 15
90 10
53 66
1 91
55 7
15 69
11 34
95 52
59 52
55 15
41 72
89 35
92 18
21 88
11 31
19 18
13 94
17 52
8 7
100 65
28 22
44 33
46 95
58 64
86 25
35 56
55 73
28 16
30 42
47 3
75 64
75 63
14 11
29 33
2 89
14 55
87 18
66 68
37 77
43 90
63 63
79 2
55 57
66 13
76 29
21 60
3 92
31 96
66 99
100 53
95 83
78 98
20 20
22 11
69 25
2 64
15 50
67 44
57 13
8 93
100 7
74 8
97 22
43 71
19 82
2 12
82 33
66 26
13 59
10 63
54 8
17 92
36 70
57 52
26 94
89 19
43 81
38 15
48 63
20 4
30 22
23 51
18 41
91 39
19 73
95 64
1 69
59 34
59 17
32 71
89 1
46 12
8 66
52 35
28 83
58 76
40 39
59 97
43 95
27 27
75 69
15 61
16 32
87 14
6 11
99 75
64 44
46 67
59 26
50 6
46 35
47 65
24 69
39 34
17 87
100 68
65 54
53 32
40 27
61 79
14 54
68 10
36 18
87 29
42 81
15 82
53 92
9 75
27 42
37 18
67 89
74 27
7 1
98 64
81 23
16 62
74 72
84 50
28 64
55 97
62 24
99 1
90 83
67 89
30 82
8 18
38 34
32 48
10 52
67 86
88 61
45 75
49 89
71 14
58 29
83 46
70 4
47 47
81 47
32 44
33 36
35 14
24 24
83 83
81 96
78 89
3 53
1 33
84 27
43 19
6 94
87 71
70 13
74 24
97 40
55 25
4 56
66 91
78 83
80 95
50 15
63 97
86 6
55 87
83 15
88 33
53 40
21 99
68 34
93 66
40 13
89 30
62 53
63 55
97 78
97 68
91 39
74 59
77 6
36 40
99 93
38 63
93 55
6 13
51 91
51 56
92 92
46 76
67 36
9 79
70 12
11 37
69 90
30 69
58 37
4 56
91 69
43 36
91 68
92 68
64 69
88 10
84 87
50 3
88 1
88 62
99 70
11 57
28 81
5 14
77 17
32 85
66 30
84 76
62 30
5 51
67 5
73 37
97 66
85 3
26 6
89 82
32 58
91 11
63 40
41 44
15 21
87 39
78 51
29 41
41 64
95 11
28 78
48 73
19 16
94 100
88 81
12 25
21 44
8 89
85 68
74 53
71 5
86 90
7 87
14 74
75 44
86 67
46 22
49 17
69 96
37 30
59 13
26 18
46 35
38 31
9 15
23 85
99 92
14 31
22 20
31 61
36 9
80 33
87 24
58 67
31 12
88 72
51 97
73 71
91 92
37 12
41 70
96 67
30 77
67 2
25 52
51 17
100 36
98 56
19 61
