330 2
92 28
71 71
13 9
21 2
98 74
80 55
51 62
55 29
57 21
3 26
83 57
29 38
100 33
65 29
49 47
54 62
1 59
82 13
75 81
90 1
45 52
85 42
63 37
25 76
53 63
62 5
41 34
51 58
26 77
32 10
51 33
93 77
1 76
96 44
35 55
71 84
69 64
96 31
92 85
7 97
46 67
65 55
69 16
8 21
43 28
13 18
76 23
55 54
17 41
35 64
100 66
7 88
5 73
42 67
7 40
2 12
100 38
50 16
41 78
60 99
94 2
6 4
10 75
86 8
5 58
27 67
65 41
33 51
57 98
91 30
81 40
94 64
37 32
52 97
74 30
74 82
5 71
78 36
14 27
14 74
68 41
74 49
64 9
68 29
19 14
26 2
45 38
17 85
70 82
33 84
91 23
46 81
9 14
12 75
84 6
26 97
46 77
39 96
2 74
38 22
85 74
37 9
24 41
73 58
80 80
95 76
5 94
88 30
98 99
18 32
72 70
91 58
87 54
60 50
56 5
81 50
22 94
68 74
41 10
26 100
40 3
83 28
73 79
61 71
28 69
60 37
38 86
90 84
25 3
68 13
66 26
53 31
21 89
97 73
86 27
82 80
88 58
91 2
24 50
97 49
32 66
22 1
61 16
45 40
72 11
71 42
16 29
29 14
10 61
66 54
8 44
57 58
52 58
64 10
76 18
91 86
72 71
78 18
98 5
30 8
20 68
57 41
57 35
5 46
65 80
97 24
31 87
2 27
54 2
49 57
63 68
62 15
77 83
22 35
98 77
61 85
23 49
42 44
97 60
9 25
52 37
74 54
62 34
90 47
13 89
96 40
41 30
58 46
98 23
46 57
93 39
39 87
67 69
19 42
18 93
54 84
78 74
7 91
15 67
47 14
98 14
15 41
95 56
61 32
30 70
45 10
41 59
55 37
95 54
64 5
84 48
8 85
53 97
69 2
78 70
26 65
95 27
9 75
29 34
56 42
90 8
23 98
63 41
66 55
7 32
81 39
96 96
45 49
26 89
31 27
100 70
74 20
32 39
80 47
18 36
99 42
58 7
44 10
41 44
93 61
68 82
18 52
25 69
70 1
82 26
22 35
87 95
19 60
12 49
15 86
68 96
86 50
99 21
92 89
66 81
49 75
60 95
33 62
54 93
24 28
81 61
4 27
88 72
45 84
36 61
72 97
57 97
89 24
53 68
13 74
25 16
79 20
23 93
74 36
12 99
92 23
90 29
18 66
97 90
1 98
51 24
45 31
88 75
33 94
13 65
47 36
44 48
36 9
70 79
22 41
69 68
31 11
34 99
1 7
30 45
52 29
4 26
21 65
20 56
61 25
42 86
39 79
2 40
58 75
97 70
49 47
57 13
55 65
75 92
56 84
18 12
25 19
100 95
47 8
68 54
23 70
53 69
41 50
38 81
27 39
57 50
7 88
88 68
69 23
27 3
74 22
47 70
57 23
67 77
84 82
