220 2
25 44
39 31
62 86
71 95
68 18
53 6
28 30
83 48
79 93
16 7
14 86
48 58
89 89
3 78
7 65
48 73
75 91
9 38
37 74
24 3
92 58
33 75
22 52
97 77
91 74
80 81
54 99
80 74
49 100
85 38
71 83
78 98
77 96
94 87
87 98
59 12
67 38
19 69
47 75
50 82
73 32
19 43
73 14
38 3
99 65
40 73
80 25
23 25
14 24
100 29
38 100
19 100
56 52
73 72
8 53
80 90
3 72
61 20
51 82
16 59
98 54
4 83
57 23
96 28
40 72
93 30
67 78
29 42
86 85
78 47
84 32
67 18
85 72
97 3
37 1
45 53
85 16
19 89
73 79
56 44
4 71
19 52
76 98
46 70
87 19
56 85
35 12
71 49
74 49
45 53
81 10
28 2
72 62
55 13
87 88
19 99
25 68
41 74
44 97
16 33
25 100
35 52
70 20
31 76
99 40
66 35
81 6
4 22
62 97
29 1
1 86
66 56
77 51
50 9
8 15
98 50
65 26
10 11
86 25
79 43
4 7
9 49
68 8
79 83
36 11
38 81
78 10
95 42
7 59
53 100
23 81
67 26
75 57
83 53
81 19
7 94
48 29
82 36
35 3
64 57
57 77
37 51
21 8
92 58
18 93
52 98
53 86
17 77
18 45
3 72
12 96
63 93
81 61
50 7
21 73
90 78
9 99
100 34
3 51
68 87
69 34
9 25
26 26
59 30
12 17
41 46
92 22
26 45
52 14
60 70
11 60
2 27
22 87
14 11
78 21
1 49
15 29
97 55
31 66
86 41
17 60
64 70
74 45
49 16
25 28
58 10
86 70
38 40
34 76
7 93
22 75
42 7
19 51
38 66
6 13
56 36
37 7
31 58
27 88
33 14
51 61
69 14
19 60
95 64
86 66
22 24
10 2
21 82
12 63
76 69
24 14
81 25
34 67
54 22
74 70
44 95
63 94
88 78
57 30
98 55
