800 2
38 90
34 100
88 3
60 17
46 46
4 46
12 96
82 72
93 34
22 52
79 21
61 55
77 81
22 48
69 60
80 31
67 19
51 75
69 89
82 56
83 34
89 3
6 44
30 98
1 19
57 38
3 21
11 22
83 21
30 59
65 75
39 48
16 33
81 38
28 99
65 39
49 76
75 96
46 44
54 100
14 55
55 46
9 65
32 36
86 79
62 56
60 89
57 46
94 85
88 77
16 80
75 44
99 90
5 51
1 33
50 25
54 28
79 36
40 8
3 54
70 76
5 17
63 69
65 9
6 47
44 29
81 57
45 44
22 14
39 83
67 62
22 27
90 67
49 71
57 92
78 9
40 67
73 50
6 35
11 94
34 86
56 74
33 2
84 73
22 76
96 21
77 13
21 9
72 14
44 42
60 3
54 21
82 60
15 35
61 25
58 28
56 60
5 82
37 70
59 98
3 95
50 81
86 70
26 16
81 64
23 86
79 28
6 1
5 82
15 95
55 51
48 71
79 71
15 39
3 57
86 31
24 21
32 7
86 17
53 13
83 61
34 90
7 23
62 14
35 83
20 70
25 79
17 88
45 36
62 72
78 17
60 39
63 52
13 65
96 54
36 18
100 1
1 47
13 43
99 25
35 2
3 81
96 34
89 56
52 96
65 28
2 25
61 6
33 2
82 71
18 46
9 48
23 55
99 72
55 98
30 77
41 43
19 90
66 2
41 91
75 43
30 50
100 45
5 80
45 52
53 52
28 50
84 90
95 36
19 81
49 61
6 36
77 59
100 87
92 31
40 100
14 84
2 11
71 24
36 52
82 24
49 30
77 11
17 25
23 71
26 98
43 76
70 56
48 85
48 22
28 93
73 10
60 66
97 46
63 3
44 53
31 9
8 59
56 77
56 40
83 69
17 82
40 69
91 60
50 71
71 45
69 46
2 1
79 76
7 46
1 92
12 81
17 2
43 95
27 62
41 81
95 9
13 77
98 78
52 8
85 80
30 56
78 17
20 57
47 9
27 99
62 45
14 41
67 59
80 24
18 37
20 53
38 88
91 94
40 80
62 59
77 75
86 52
91 51
43 13
70 97
39 28
23 51
46 85
6 20
60 79
21 2
26 63
33 63
51 57
82 91
71 97
53 2
10 98
67 30
41 47
1 63
46 15
53 93
24 52
14 12
53 49
35 66
97 37
27 8
66 99
1 6
33 52
9 19
85 94
29 5
95 39
82 49
22 23
54 76
6 71
56 71
22 60
9 25
3 35
78 11
5 60
31 17
14 19
75 17
91 43
35 11
46 30
94 89
40 6
4 80
49 79
94 21
43 50
97 31
77 4
93 35
41 28
79 28
55 37
65 97
57 82
26 64
68 47
93 9
71 71
57 44
45 30
61 26
26 83
58 33
95 55
79 6
2 4
84 79
22 95
62 80
82 22
83 54
47 40
32 35
13 72
33 94
58 18
52 84
67 74
72 9
35 87
69 61
54 50
91 43
58 4
67 53
38 92
38 78
63 56
80 60
37 45
62 73
48 5
73 9
60 16
4 59
79 44
84 55
36 58
66 77
74 64
31 86
9 93
47 20
44 1
34 63
74 90
9 5
71 60
13 20
78 54
70 96
61 74
61 35
91 66
10 33
28 94
20 57
38 19
1 5
65 68
34 52
96 31
97 14
32 73
49 28
82 50
8 95
48 58
37 11
86 9
77 49
16 97
9 73
77 6
46 65
34 33
75 32
5 45
13 63
32 72
6 24
67 90
12 74
9 62
34 77
45 50
48 64
52 76
50 10
80 78
19 1
81 12
36 5
88 85
8 84
31 96
62 45
100 99
62 80
4 59
61 43
48 40
49 97
59 25
26 98
95 1
74 89
78 38
92 97
8 27
65 96
40 9
18 41
97 19
55 83
32 16
42 69
92 41
96 83
41 80
38 51
37 21
38 85
74 39
57 33
59 84
62 96
20 87
18 93
41 77
25 56
63 73
40 19
86 55
98 56
37 80
73 100
96 68
92 57
84 48
33 45
72 10
74 74
6 2
11 74
39 11
99 55
57 46
83 86
45 64
8 28
13 91
2 81
20 24
88 41
18 10
60 66
21 8
72 21
79 40
6 87
63 57
88 65
99 28
81 64
42 6
17 53
60 60
80 76
43 74
35 5
28 34
31 60
98 58
40 81
99 84
45 22
87 32
45 33
33 67
70 81
91 78
99 41
95 1
30 88
17 80
38 98
13 78
75 92
90 76
53 2
16 73
16 6
53 67
64 14
70 24
37 76
6 69
95 26
23 47
90 31
82 100
24 21
40 40
64 2
1 90
12 77
51 74
77 7
57 80
24 93
12 36
19 58
6 85
86 60
82 97
33 20
32 43
93 86
8 76
99 17
93 90
69 86
20 8
95 88
64 28
77 33
16 5
28 82
98 71
75 92
90 12
95 56
71 35
77 3
1 9
15 87
54 41
11 38
55 41
8 87
13 32
78 56
46 9
61 14
19 39
85 8
66 37
64 40
22 73
84 67
39 22
39 44
17 18
39 3
89 65
6 26
89 71
6 50
86 82
40 99
74 23
38 87
60 89
85 29
51 49
97 80
64 55
44 16
66 50
24 56
25 31
80 85
34 88
33 46
48 24
46 98
30 74
93 96
13 72
74 85
76 3
98 19
84 42
5 10
73 98
5 11
65 16
41 71
84 4
40 63
23 82
53 64
66 38
85 22
4 28
77 13
31 88
86 51
67 59
26 28
50 87
33 15
85 59
41 91
18 36
85 94
9 16
74 82
50 58
48 73
41 66
38 12
50 7
48 94
53 5
37 1
17 65
1 76
77 77
63 20
43 56
12 86
44 16
70 50
55 37
5 96
27 61
70 49
34 69
39 23
22 17
39 56
50 94
79 9
59 69
80 47
84 99
68 74
71 10
48 20
21 5
54 94
34 7
88 5
6 72
97 5
46 29
79 77
19 64
79 33
73 8
56 41
91 5
53 82
69 82
91 1
52 23
22 75
49 18
51 39
83 93
4 86
36 1
33 26
69 88
60 51
23 50
17 99
43 78
49 60
22 64
82 61
54 60
83 75
10 98
94 47
82 99
92 82
16 37
58 92
25 20
79 42
64 47
48 5
69 86
43 86
10 53
38 61
23 74
43 59
38 51
25 9
65 5
15 13
15 23
81 42
55 100
8 83
96 20
96 35
24 50
62 87
13 2
67 94
100 77
10 8
57 81
15 45
60 35
40 67
87 99
47 88
43 23
97 90
45 57
13 63
34 29
99 26
92 58
39 89
99 56
9 43
39 95
78 7
27 98
85 20
11 32
100 12
26 9
73 1
82 94
80 4
48 48
93 9
78 97
92 29
98 59
21 81
88 26
62 55
94 85
68 59
93 79
92 84
78 86
78 32
81 95
3 72
92 64
51 51
48 80
66 61
69 72
40 80
22 91
27 44
83 53
50 37
47 28
51 47
44 56
22 68
38 12
43 60
48 77
46 62
88 65
94 64
59 79
17 63
98 62
35 29
29 22
66 98
43 4
56 67
74 97
58 63
47 8
32 46
17 99
73 3
17 19
85 51
13 20
92 35
4 100
81 45
34 42
100 98
93 98
