830 2
92 63
80 55
40 64
75 67
3 76
38 17
89 28
26 55
2 28
78 93
33 5
40 60
56 42
32 59
17 19
25 10
61 15
78 43
61 44
19 54
15 39
14 66
75 59
32 95
39 64
55 21
87 37
96 24
21 20
93 88
41 46
73 20
48 99
77 46
86 46
99 69
68 40
30 59
1 43
74 61
97 66
67 45
71 85
35 86
97 60
23 3
84 98
4 41
1 80
18 38
54 73
79 41
25 99
27 2
90 96
88 26
54 3
3 83
69 100
6 88
65 36
23 8
7 31
75 99
27 69
72 74
84 12
71 10
90 26
1 97
82 2
98 41
45 36
37 46
92 37
49 99
53 76
56 71
46 77
87 24
88 72
20 7
97 80
60 72
64 32
100 73
94 88
93 30
44 11
44 59
88 7
61 27
14 39
47 87
61 57
2 81
34 37
75 60
51 2
21 28
27 79
74 77
9 88
79 95
4 1
36 48
5 35
1 33
31 70
1 4
51 5
67 74
96 20
31 24
24 73
87 74
3 94
45 99
29 97
81 24
21 86
64 22
95 27
35 92
3 25
51 99
96 15
23 80
20 63
20 86
28 35
22 38
49 11
34 98
91 98
7 84
23 48
41 96
34 21
52 36
53 26
99 21
56 4
94 54
44 60
9 86
69 6
42 79
55 10
67 32
19 48
62 70
50 47
35 14
28 71
64 42
92 79
13 60
91 21
32 18
50 88
77 32
18 78
36 46
63 86
48 73
45 93
84 89
11 5
19 15
50 45
48 48
49 3
81 59
4 14
33 53
38 48
18 65
57 39
90 88
86 84
96 96
81 29
40 90
81 62
21 73
1 5
7 89
56 85
2 52
28 66
16 52
96 62
44 98
62 1
67 10
3 17
8 49
33 41
84 10
16 71
29 90
32 74
70 62
7 66
16 71
59 85
91 90
43 20
41 94
64 39
10 2
50 68
1 28
86 69
38 11
50 88
29 74
95 17
76 23
62 39
55 27
77 38
100 24
63 92
4 99
97 58
6 47
32 17
54 100
59 56
76 78
100 40
48 23
1 67
76 73
95 45
91 39
53 55
93 30
80 55
48 59
89 86
64 46
86 72
82 72
34 38
55 1
48 30
17 9
72 62
93 1
28 41
42 92
59 63
10 76
88 3
22 11
92 67
60 90
12 85
4 15
78 11
68 67
29 34
74 73
100 15
19 56
56 43
19 82
79 72
14 50
70 62
55 28
52 23
32 76
81 81
80 21
33 26
18 8
70 11
13 87
3 39
14 22
6 8
73 4
44 92
46 36
52 29
56 43
50 95
46 6
23 89
91 77
24 10
80 66
95 39
26 41
39 25
11 44
25 54
7 71
79 48
71 25
72 96
99 4
10 8
37 19
71 32
80 87
53 74
95 77
28 84
45 52
100 43
60 40
12 54
99 38
78 42
30 56
50 20
92 30
48 9
40 44
39 54
71 8
45 63
53 52
92 49
17 36
97 10
81 8
90 89
57 35
51 26
10 60
87 88
85 8
80 52
32 38
28 74
70 10
71 32
55 10
13 28
55 45
3 36
89 63
56 60
79 75
45 69
41 35
84 69
81 13
52 74
68 64
38 73
31 26
51 26
8 88
32 43
24 47
71 8
7 2
9 59
64 1
9 25
9 43
18 81
43 19
36 58
40 37
69 38
21 77
48 27
39 87
40 55
80 34
14 81
68 17
44 29
23 89
47 39
57 6
8 76
18 100
85 93
33 70
81 27
90 5
63 23
94 6
60 41
32 49
46 79
86 15
5 18
21 79
69 7
43 83
85 35
52 62
63 20
23 91
89 89
74 3
60 6
92 85
22 34
11 51
86 58
53 33
88 45
26 34
56 17
84 98
9 61
70 12
73 60
80 23
53 80
23 47
31 26
63 37
6 19
55 29
98 48
97 27
74 93
82 74
25 96
81 70
97 98
43 40
70 54
88 23
4 4
40 66
87 30
18 58
99 2
38 36
38 55
83 69
75 43
36 42
41 22
55 71
27 1
19 71
22 47
72 80
33 47
95 18
25 78
46 75
70 33
75 52
92 82
15 17
75 41
40 32
42 67
4 14
91 64
30 21
83 93
95 70
74 85
68 55
37 93
2 35
34 20
51 82
86 41
94 9
37 18
31 70
43 48
69 91
50 96
70 81
53 73
41 40
92 95
99 81
74 2
75 79
36 76
25 50
90 50
32 30
90 35
79 22
37 9
28 39
73 51
92 68
81 70
98 41
27 60
74 62
56 82
13 18
31 77
15 80
88 21
52 52
5 37
67 97
84 60
14 44
46 91
74 90
28 97
30 5
57 8
13 12
41 63
37 96
61 41
48 27
7 80
12 70
12 4
26 66
30 47
95 99
8 31
61 66
81 1
62 43
80 97
88 25
59 7
68 2
55 40
37 53
63 10
94 94
74 79
79 100
97 27
77 70
9 64
87 58
15 84
93 7
54 71
63 64
62 65
72 10
18 38
80 96
76 85
5 86
30 51
84 1
51 61
88 71
19 80
27 24
47 69
56 78
62 31
53 28
77 86
35 98
8 80
54 27
99 26
56 19
88 12
52 93
4 85
75 65
11 28
94 40
50 38
77 20
38 92
62 11
98 58
32 21
45 46
76 3
93 24
98 94
56 95
71 66
78 8
3 2
52 34
41 65
8 50
96 62
52 23
81 99
20 79
90 84
21 63
14 29
16 56
69 65
53 69
20 5
31 73
76 92
56 1
62 98
57 96
67 45
30 88
59 26
34 93
4 30
72 78
16 22
44 92
21 57
86 90
81 98
79 43
62 56
15 12
23 53
40 53
34 28
48 74
15 71
39 89
92 48
24 92
32 70
55 93
83 6
71 83
89 25
57 61
92 58
64 84
45 64
74 45
39 12
56 26
15 48
51 64
34 57
51 96
19 66
48 1
70 52
55 91
18 66
93 36
50 34
9 75
71 25
67 79
33 19
65 56
68 77
10 26
56 28
20 16
35 45
37 100
94 7
54 1
52 35
86 71
50 33
97 57
48 34
34 11
18 73
74 41
95 94
88 75
6 96
46 34
53 41
55 62
36 58
62 30
29 16
59 85
76 98
36 90
55 47
46 36
29 19
63 14
33 37
15 85
46 32
57 33
59 55
7 44
85 55
71 25
71 53
91 43
38 80
4 35
99 74
8 42
49 38
83 2
66 37
82 63
59 37
41 35
65 30
18 68
34 36
7 4
80 31
42 12
71 17
93 40
52 87
92 41
10 20
55 1
96 91
55 60
6 90
59 21
44 46
9 69
26 18
86 33
25 5
98 34
83 85
40 75
39 27
69 97
9 99
15 90
39 39
45 69
56 40
7 15
41 37
24 39
4 92
80 82
26 67
30 15
58 13
48 94
55 33
26 96
68 92
7 89
55 62
62 13
71 32
48 30
14 27
33 73
48 32
61 82
85 18
92 72
38 45
38 89
95 27
43 57
53 72
19 78
88 5
64 17
58 19
56 65
34 32
80 70
60 17
68 82
87 53
16 78
55 92
82 3
17 33
77 9
30 83
20 12
16 81
63 54
69 86
76 55
18 26
65 92
49 86
45 90
98 58
78 26
34 84
41 12
78 85
54 12
30 26
15 32
43 8
22 69
32 57
27 49
32 36
57 10
52 29
69 91
86 29
18 84
47 52
61 68
47 67
52 92
22 45
20 31
34 1
54 27
50 11
72 91
91 13
43 3
20 49
27 72
58 16
