950 2
10 21
20 60
7 15
91 78
77 47
53 91
72 56
12 75
39 93
50 60
9 12
90 61
25 18
82 10
100 24
43 20
31 5
5 28
76 60
45 34
29 7
64 87
67 25
44 5
32 27
6 32
97 29
99 9
83 48
89 89
24 15
21 57
23 25
49 5
17 45
29 98
83 20
61 25
96 33
38 74
25 58
88 10
55 85
75 18
8 19
45 54
55 21
9 65
90 66
56 25
21 99
55 17
10 71
14 1
99 6
78 81
10 93
87 59
3 37
67 91
79 40
84 6
62 5
95 3
95 55
67 32
28 33
57 76
69 47
23 36
16 9
17 32
44 74
19 23
8 63
9 70
65 95
27 37
48 39
60 61
42 29
65 49
26 30
6 1
45 45
86 55
52 60
29 19
96 52
83 30
15 75
27 99
78 42
39 74
31 47
21 7
90 39
39 78
11 51
86 74
13 31
83 52
82 81
12 98
99 97
25 9
55 40
36 25
43 78
62 32
63 36
18 91
67 38
30 27
12 49
27 84
26 20
82 18
34 88
51 9
37 37
60 28
97 8
66 56
56 50
7 73
91 70
92 87
67 14
82 29
42 69
59 90
14 10
8 25
98 47
45 30
91 18
45 7
81 99
20 6
81 82
84 90
25 10
25 29
15 80
79 63
14 46
9 44
97 41
59 94
77 56
35 94
88 69
60 37
32 83
48 83
16 37
81 95
72 73
85 52
79 38
28 93
14 9
77 11
81 69
30 76
61 36
27 79
36 15
28 37
54 80
90 15
42 12
61 76
19 64
36 23
61 68
45 36
3 97
89 95
62 51
96 36
52 2
57 80
18 30
1 82
31 24
33 28
29 86
90 37
30 71
8 20
26 26
78 56
96 40
15 45
83 79
58 6
42 16
40 13
62 7
19 12
97 6
98 67
82 42
18 50
59 88
84 81
34 25
6 85
77 58
84 35
6 32
82 28
63 78
69 11
54 84
52 20
81 82
31 43
92 52
69 62
47 59
76 59
26 8
82 76
56 79
2 7
23 95
71 91
39 42
66 41
91 96
62 75
92 87
56 76
92 30
55 59
28 11
3 15
34 37
50 60
9 69
72 68
52 57
43 88
67 60
20 65
66 31
75 64
91 92
97 69
90 88
39 59
58 11
26 32
5 39
99 64
87 75
40 22
33 27
50 6
7 49
51 88
81 49
26 89
40 41
23 32
57 94
65 89
12 44
45 66
32 20
86 17
90 10
12 58
89 50
26 42
60 56
14 56
20 16
88 9
41 28
87 27
60 42
87 38
69 81
48 65
12 15
16 6
65 61
37 32
74 79
94 32
75 11
9 59
76 14
28 43
99 27
85 81
73 73
94 68
35 40
22 39
33 69
40 35
69 54
100 21
74 59
59 28
18 88
50 94
100 37
3 73
8 88
93 25
17 23
52 69
23 48
74 40
94 92
92 32
12 45
14 40
71 31
17 45
3 71
63 50
1 20
54 12
52 83
30 59
53 59
39 90
96 31
3 46
20 86
98 78
13 100
12 1
2 22
73 46
9 56
46 31
52 1
57 79
52 33
4 1
20 67
11 46
47 15
5 84
11 98
67 79
50 91
95 76
16 41
19 50
32 5
52 17
79 44
33 34
21 45
87 88
20 14
96 37
77 90
91 49
61 50
67 34
16 85
41 15
97 69
4 68
33 99
54 67
44 15
38 47
70 33
73 36
98 48
18 57
22 74
87 10
73 98
78 98
73 9
59 93
46 85
39 75
60 45
96 80
45 5
68 11
24 27
62 21
100 68
91 18
45 53
15 27
85 11
9 64
59 65
61 36
9 63
70 26
71 69
5 70
25 66
58 2
5 69
83 44
73 61
84 37
39 65
87 85
100 77
14 39
34 67
26 9
66 3
35 71
10 96
26 75
28 22
47 89
5 11
43 6
74 59
71 70
89 55
60 75
21 12
15 35
35 24
78 70
45 81
86 95
88 85
89 59
24 88
78 98
98 53
3 67
47 18
16 22
44 73
73 11
58 78
40 38
92 35
70 44
35 27
73 98
84 97
36 31
43 69
4 19
43 67
19 42
66 80
87 3
45 69
12 32
35 8
33 82
52 27
21 65
36 41
30 76
83 21
97 100
22 87
84 61
97 12
9 6
91 50
10 72
21 86
9 68
18 78
4 28
62 78
99 84
39 71
7 43
32 8
48 81
46 35
16 12
68 54
28 98
20 65
21 98
47 20
74 24
33 92
22 33
74 40
46 69
83 67
98 23
95 73
81 80
8 9
47 35
26 56
54 9
70 5
6 12
64 95
2 11
63 98
3 28
37 9
57 83
91 58
82 76
57 43
76 1
37 75
77 9
75 30
65 88
69 27
90 45
87 75
36 7
47 38
60 69
98 85
80 72
15 76
83 8
97 85
65 43
38 51
30 79
99 59
27 1
88 14
95 42
93 94
44 67
18 60
87 81
1 16
83 56
91 5
90 38
24 96
95 32
13 84
11 28
30 18
54 22
28 97
25 96
81 58
86 1
7 88
89 37
41 46
58 94
46 73
96 67
97 1
69 56
99 39
59 19
8 39
69 84
36 68
8 95
53 100
74 49
19 16
54 4
58 84
56 37
55 88
20 10
19 99
2 55
48 1
4 38
65 31
87 28
28 75
36 90
53 35
47 76
42 53
70 17
35 69
61 30
3 74
6 16
14 96
43 31
71 74
100 23
61 93
69 76
89 45
86 23
12 23
77 34
21 29
86 74
76 64
37 33
23 16
74 27
93 9
38 45
30 7
72 18
79 80
4 67
83 78
64 1
80 78
15 7
28 80
67 23
37 75
34 67
7 22
92 94
53 34
66 90
9 24
30 40
80 7
37 48
78 58
64 95
46 85
44 85
81 13
38 10
24 25
31 76
85 50
3 35
71 4
12 99
38 50
83 81
94 71
50 50
87 87
78 14
8 2
4 22
32 2
48 10
76 84
37 100
60 92
52 42
65 51
39 37
5 73
63 8
17 72
16 5
62 33
9 65
79 45
6 24
56 95
27 2
8 57
76 85
71 89
40 61
5 28
58 71
41 97
75 64
18 93
84 1
30 73
4 45
44 44
35 22
87 81
62 43
46 25
20 2
85 23
67 64
2 7
98 91
60 65
59 7
94 97
94 79
63 42
84 48
29 32
27 93
77 74
83 44
99 79
23 28
91 1
59 20
79 17
17 49
18 53
41 79
20 30
23 62
83 69
75 31
25 12
73 31
47 29
70 71
27 81
53 39
94 22
95 32
30 32
35 27
4 84
6 98
95 73
37 12
86 4
49 98
59 11
46 35
56 89
11 55
99 90
35 51
56 70
57 44
94 68
87 39
18 29
24 48
28 55
80 50
16 100
26 58
19 23
57 98
4 33
48 19
66 18
83 87
78 50
79 24
20 81
82 100
61 79
96 74
8 74
91 79
77 5
89 61
99 91
98 33
66 99
92 15
62 79
33 97
23 3
52 34
76 6
35 70
56 4
2 84
100 47
71 54
2 11
56 63
90 34
55 15
78 91
100 66
26 47
66 68
17 63
73 7
21 86
10 61
67 87
65 20
44 86
21 34
73 90
82 61
28 24
14 77
28 49
74 7
74 98
59 58
38 81
52 82
76 67
29 25
9 65
25 38
27 9
65 52
47 73
21 19
87 53
52 28
33 9
96 63
23 15
85 72
74 2
81 89
77 58
20 38
97 56
7 1
91 24
72 28
26 46
90 94
70 13
20 100
30 95
25 15
19 30
24 66
93 93
20 23
39 51
2 3
26 90
25 99
84 41
6 96
28 16
74 27
47 84
34 37
88 68
36 67
86 55
95 90
40 87
32 43
12 30
86 43
49 45
25 62
21 16
9 49
29 26
10 17
73 99
18 31
57 67
64 2
93 54
4 76
66 49
35 91
50 47
22 72
18 69
86 1
98 7
99 30
14 38
83 70
21 75
26 76
57 31
98 34
40 84
52 66
93 2
9 29
86 21
86 98
85 58
78 80
56 16
25 56
9 94
62 88
23 92
53 33
11 30
49 30
98 84
66 34
86 69
59 1
36 98
16 28
78 10
33 40
57 80
46 1
32 26
46 52
35 87
31 38
36 99
35 14
38 27
85 21
92 35
78 39
92 85
21 94
93 35
28 13
19 76
72 81
57 11
62 67
92 50
43 43
2 75
90 5
78 39
74 40
21 14
83 2
16 7
66 73
69 51
84 22
69 31
31 58
28 76
82 100
46 21
42 44
29 31
34 62
58 41
57 97
42 29
35 65
