540 2
8 77
22 41
36 1
68 30
39 45
10 19
73 13
84 80
42 70
82 61
6 78
44 23
56 27
49 100
83 24
57 35
23 18
42 72
41 28
74 54
31 44
4 20
75 74
68 28
88 86
44 43
62 1
81 68
86 58
34 58
53 42
18 68
52 72
27 88
70 34
26 21
36 62
83 55
12 9
40 29
34 29
66 29
31 48
4 53
68 73
62 87
84 36
38 87
33 55
72 86
99 59
16 58
36 78
1 79
86 42
41 21
79 99
70 1
58 12
63 80
55 91
47 27
24 9
57 82
1 76
15 14
64 61
83 70
53 96
86 37
78 89
92 51
40 94
49 95
42 67
85 66
79 93
39 78
19 10
87 40
64 48
69 42
57 8
94 33
4 74
99 77
86 95
94 21
51 36
82 27
51 79
84 5
17 92
48 67
41 100
43 98
24 45
9 53
16 19
75 42
37 4
12 58
78 91
48 47
73 67
82 95
78 72
31 33
25 62
6 22
37 9
6 45
22 65
31 47
79 53
93 32
26 8
7 30
57 34
16 64
23 62
10 33
98 62
59 71
4 80
51 2
24 90
99 7
10 46
72 14
100 24
81 67
61 7
38 58
74 91
87 25
17 3
89 3
17 94
36 20
55 82
100 90
27 51
32 24
51 10
67 36
59 56
96 2
49 77
85 31
64 14
89 93
86 22
14 71
29 41
94 99
94 27
70 36
15 23
57 29
16 4
54 96
25 72
13 99
43 16
67 100
1 91
99 36
76 87
56 28
61 62
6 86
22 64
7 4
81 23
16 100
1 4
85 97
44 71
4 75
78 68
94 22
50 96
21 55
53 97
41 54
72 5
37 19
70 46
2 26
69 70
94 48
29 56
61 10
59 50
41 27
35 61
30 67
32 47
23 84
14 97
38 82
9 68
83 5
84 34
89 60
14 66
70 30
4 30
91 89
14 5
14 11
100 99
22 60
34 64
5 85
41 38
8 86
78 68
42 81
94 51
59 6
49 95
24 11
48 33
33 51
94 38
99 62
78 98
60 52
14 70
41 62
81 38
31 65
56 53
17 46
7 22
98 99
65 36
98 42
12 70
83 97
11 65
44 31
66 9
84 23
34 32
72 88
26 12
14 35
14 1
6 77
89 45
60 68
21 93
75 35
96 87
12 89
98 90
80 78
61 52
41 89
31 7
85 34
68 21
59 89
18 12
44 45
6 98
25 76
82 56
90 65
92 4
16 9
53 72
19 10
70 59
33 5
50 95
33 73
20 93
22 6
58 32
48 85
81 48
51 17
5 17
88 84
17 75
33 74
37 48
13 25
81 10
77 70
75 36
86 82
85 68
97 40
97 62
81 90
87 86
6 91
61 9
91 64
31 3
86 24
11 46
52 93
4 14
27 96
76 76
33 96
61 52
44 79
66 36
45 59
52 21
9 90
81 6
84 41
21 4
56 69
16 2
92 54
76 54
14 25
71 57
99 32
87 93
84 37
29 42
62 10
90 12
3 92
17 96
30 40
57 59
89 7
36 61
93 18
86 74
7 21
25 67
70 13
84 28
73 92
28 58
18 73
77 70
15 72
63 51
32 22
20 84
13 7
68 96
12 94
36 34
6 77
28 3
53 73
88 35
70 23
62 98
17 86
11 33
65 37
50 31
38 51
23 58
61 12
33 100
21 45
39 99
50 88
32 30
7 64
17 61
84 28
9 18
95 44
56 73
100 50
50 13
92 37
51 78
46 51
15 33
22 87
51 54
83 94
82 83
8 41
30 25
96 73
22 93
2 27
29 93
1 3
77 69
77 100
69 79
27 76
52 15
43 63
40 38
29 95
34 17
71 68
13 83
100 16
66 40
52 89
88 24
75 65
90 94
84 23
2 15
7 63
17 23
85 69
60 15
96 100
11 53
37 68
67 84
98 63
71 87
78 69
30 29
83 63
30 99
24 4
24 46
27 43
30 79
54 41
97 86
37 1
23 90
60 69
53 43
88 98
54 6
64 36
10 54
69 67
11 81
10 30
37 53
73 67
36 12
80 98
71 44
48 26
68 74
30 13
87 84
63 44
82 8
81 2
95 75
43 53
81 11
34 72
69 3
85 10
76 28
80 36
26 38
77 31
68 96
95 62
11 30
97 33
39 31
73 15
44 85
100 77
28 83
53 64
46 30
46 80
34 56
40 41
62 46
24 91
55 93
21 100
16 97
82 81
25 28
98 71
86 62
97 80
52 1
19 2
40 15
42 44
83 68
32 97
7 15
86 77
13 90
53 38
97 56
29 16
24 9
95 20
69 32
84 29
93 11
1 91
79 7
83 51
76 19
76 41
15 18
82 35
88 84
79 2
76 23
82 87
9 67
78 100
6 8
86 4
75 9
32 99
17 48
25 10
14 20
76 93
7 89
33 60
89 22
100 60
93 2
2 31
89 84
14 97
