140 2
33 71
50 40
82 90
47 88
16 69
31 57
50 2
51 33
39 12
97 31
39 27
21 57
81 41
99 83
53 5
36 11
100 63
61 95
53 43
92 55
13 21
90 34
65 9
46 54
78 94
71 95
42 59
89 4
98 7
83 83
24 81
57 83
18 1
52 26
81 40
41 74
11 15
21 32
67 92
99 84
98 17
77 88
53 41
58 62
95 18
34 23
88 76
42 37
26 11
54 48
24 51
49 74
29 3
3 72
83 79
81 30
12 60
26 34
90 22
7 52
80 55
77 34
20 12
48 22
73 16
2 92
68 56
99 59
87 64
16 29
92 27
25 35
37 96
64 49
17 56
27 77
28 37
94 87
25 54
24 53
19 4
38 34
31 80
58 32
48 75
88 83
59 11
2 61
18 42
89 51
88 28
92 50
91 55
95 77
33 10
13 72
8 7
43 31
61 46
78 86
77 91
96 6
1 33
65 80
49 39
51 86
48 17
72 6
75 23
34 22
65 64
44 60
17 12
41 91
68 56
19 34
15 41
6 17
64 36
96 47
56 37
34 79
98 34
67 41
56 22
41 95
63 98
20 72
85 82
57 7
25 20
7 30
24 5
61 34
21 91
60 56
15 64
6 57
46 91
72 63
