830 2
17 57
9 62
52 52
52 61
6 12
84 66
45 4
91 85
79 59
9 81
99 66
83 47
88 36
58 73
55 70
5 98
32 40
29 49
3 81
86 92
40 12
89 18
99 30
82 83
95 52
54 66
47 20
100 52
69 3
1 71
61 51
22 53
47 31
78 14
53 61
96 61
66 95
61 39
100 70
92 3
5 44
8 49
31 53
21 22
71 48
48 63
81 70
35 26
27 43
8 66
56 9
13 7
93 24
43 41
43 64
42 15
21 35
37 16
77 30
67 99
1 31
64 85
81 98
50 99
5 33
99 34
19 14
71 8
34 5
63 7
11 55
30 82
44 83
18 26
80 54
51 51
86 24
34 19
53 36
27 49
69 47
69 82
1 96
78 46
54 49
87 29
68 88
73 68
28 23
9 8
53 53
33 63
10 71
30 28
12 37
97 8
43 65
81 17
45 74
33 27
10 72
7 97
33 97
38 59
81 8
82 72
65 12
29 88
75 12
28 74
33 2
6 65
67 67
17 24
32 58
48 21
22 93
87 68
83 57
3 4
77 45
64 41
25 30
73 77
89 21
30 36
65 28
25 86
18 46
100 85
40 14
99 37
77 90
21 65
42 69
71 46
54 91
42 85
56 51
8 59
17 16
40 88
5 5
17 19
48 85
42 39
7 37
58 82
85 92
97 39
79 73
59 16
7 76
37 96
91 42
36 55
4 24
2 90
2 18
70 75
95 91
18 46
35 39
17 13
28 29
12 89
39 73
55 69
31 99
1 81
98 87
50 36
29 85
47 7
49 15
8 53
21 43
99 30
73 49
53 6
37 27
23 15
61 95
71 89
37 85
35 72
16 79
41 91
36 74
62 53
55 28
56 83
86 13
63 63
54 50
36 14
6 25
34 16
50 92
28 63
48 36
28 90
46 89
20 1
65 57
18 50
86 17
66 17
14 71
30 72
88 85
17 56
37 53
47 54
47 10
73 73
79 71
98 93
85 22
5 39
1 79
14 32
94 63
67 2
50 19
96 45
74 98
2 9
30 18
75 93
6 26
48 71
14 98
19 37
47 62
62 57
20 93
33 53
26 100
51 99
4 54
48 68
13 23
67 88
82 84
18 34
16 45
50 40
95 84
6 16
14 56
59 55
7 47
26 27
87 14
74 87
62 60
44 9
47 96
94 20
42 70
60 3
34 56
62 66
85 76
20 96
94 7
27 100
16 37
40 84
69 93
17 7
63 64
56 87
35 88
27 68
54 22
46 9
51 91
25 7
77 64
86 19
73 10
51 57
91 8
45 69
2 29
63 15
100 66
75 31
13 55
51 54
58 76
84 18
32 56
96 41
11 1
67 97
39 64
93 15
60 49
32 17
11 28
70 93
49 93
38 78
76 6
34 100
82 14
56 71
65 45
82 37
84 18
13 76
87 76
92 12
25 50
78 73
79 85
50 18
23 46
99 49
36 66
92 56
13 100
30 37
11 46
81 24
68 25
55 70
87 12
67 7
1 29
7 1
29 64
62 61
73 65
21 33
27 65
47 37
77 79
84 6
40 22
80 68
65 81
72 3
41 95
51 8
60 32
99 31
85 55
3 92
38 46
29 41
80 46
7 79
38 73
20 96
65 17
20 19
69 17
56 43
6 45
32 94
79 70
28 12
24 83
18 90
37 39
68 47
86 99
84 82
98 41
30 52
73 65
97 96
94 46
59 13
91 97
82 78
96 50
42 66
85 50
79 68
16 5
44 25
17 76
76 44
30 22
99 85
93 62
45 60
41 22
24 18
6 96
46 58
74 94
62 59
16 51
82 41
72 72
82 48
74 6
91 17
17 55
61 12
76 9
61 26
32 80
15 64
5 83
3 16
71 83
47 42
2 12
1 75
100 40
73 45
18 83
40 38
40 32
67 75
97 46
66 78
57 47
49 34
38 33
56 100
21 38
69 37
24 53
70 47
47 87
50 13
13 6
96 11
84 73
49 85
93 44
3 70
78 1
56 1
92 67
47 63
11 75
9 6
89 37
15 47
19 45
4 14
89 32
77 5
21 76
74 75
17 25
36 27
22 36
24 7
68 27
15 47
19 16
45 66
39 36
100 81
14 60
56 96
80 100
15 61
21 54
20 36
93 93
16 90
40 40
70 78
81 93
40 100
12 63
28 68
37 98
38 49
99 7
37 15
6 1
99 26
69 30
47 46
30 24
43 65
23 80
71 5
79 43
32 36
51 66
55 6
15 50
7 6
79 68
67 73
57 37
36 87
45 97
3 92
23 71
75 15
28 63
79 31
10 12
69 60
43 7
14 41
42 64
57 53
22 8
5 29
92 40
91 52
7 18
90 95
35 4
15 18
63 96
24 41
35 53
11 31
12 6
93 87
66 62
35 35
7 86
4 88
29 65
26 64
7 36
9 1
76 1
79 64
64 15
59 96
12 20
4 83
32 57
11 32
88 27
20 100
52 27
33 94
100 15
1 11
25 16
72 98
3 52
63 8
64 33
76 7
17 43
68 16
95 17
33 77
15 92
24 36
99 52
30 5
6 84
73 77
50 2
39 80
28 23
82 70
24 64
42 33
43 82
7 54
56 70
68 95
58 7
94 57
86 42
18 72
12 57
65 59
13 41
84 54
12 50
27 39
35 15
37 67
36 3
48 26
31 15
65 96
77 38
39 16
70 42
40 15
18 100
11 94
93 81
45 24
14 16
54 48
47 65
88 24
94 64
11 88
53 7
89 8
19 82
65 39
61 56
9 22
33 61
85 56
20 13
44 70
50 55
96 68
51 56
5 21
16 33
100 55
17 100
49 41
10 62
79 42
25 83
80 16
14 79
12 16
24 40
23 73
53 60
54 4
92 9
13 91
46 29
47 92
69 33
5 42
78 13
15 98
64 2
2 6
75 43
99 66
60 35
13 73
80 86
87 23
73 47
14 44
29 95
41 57
30 15
88 84
81 31
18 3
55 42
66 69
86 67
29 34
65 98
75 38
88 35
49 61
43 28
78 48
9 45
40 13
16 68
1 74
91 21
60 94
60 24
8 90
13 65
28 84
30 28
99 51
73 92
80 12
52 91
87 6
44 25
2 26
31 74
91 88
42 66
26 76
63 20
50 63
14 91
26 36
17 88
48 5
8 36
38 96
60 33
52 23
48 97
49 23
70 49
88 62
1 76
92 83
37 12
47 93
95 42
55 93
33 50
46 67
73 96
66 61
43 61
19 29
74 97
71 50
6 35
73 16
81 97
39 69
71 20
34 65
3 93
54 99
4 27
82 11
90 49
96 89
88 21
40 35
69 57
6 48
93 29
2 97
51 39
74 7
26 19
87 62
17 82
50 76
21 99
54 80
9 11
80 22
14 2
60 78
16 96
71 15
24 88
31 15
82 32
44 100
9 51
68 76
28 88
58 16
15 32
35 12
21 3
17 26
9 96
81 94
52 89
48 23
66 26
50 90
8 61
59 91
33 38
24 41
17 29
21 70
20 45
61 51
29 52
84 27
26 2
6 35
16 42
93 3
70 58
18 21
36 98
4 46
26 59
80 54
70 45
98 78
28 61
57 45
19 48
98 27
74 64
45 19
49 36
27 97
76 68
36 39
89 78
11 86
37 80
56 74
93 45
80 8
100 24
8 5
54 15
42 77
36 34
61 23
33 76
73 55
17 92
53 95
52 4
70 92
90 47
44 70
24 75
94 77
74 50
59 34
2 50
76 76
49 90
97 79
8 29
55 20
54 36
77 39
