930 2
10 69
30 89
24 78
18 9
93 37
97 99
69 21
12 16
98 20
79 5
48 36
91 14
13 6
43 31
53 11
91 97
6 29
8 38
93 63
12 55
74 58
18 91
60 47
81 88
75 91
55 23
95 79
79 69
52 93
12 52
1 18
79 24
27 55
23 61
15 46
6 59
58 16
40 37
50 8
24 79
49 35
77 4
24 88
27 47
15 35
25 40
82 46
83 49
85 98
80 95
10 33
72 33
9 90
26 86
2 54
78 98
30 53
36 65
53 21
41 43
46 17
66 52
32 47
19 100
75 91
27 74
77 5
44 55
76 75
74 15
43 20
8 58
23 66
50 3
51 47
4 2
90 67
27 11
14 74
14 94
73 64
70 3
96 1
46 65
25 18
16 62
63 100
84 65
47 84
4 88
29 85
31 55
2 1
33 70
100 57
55 98
88 15
49 100
48 68
48 93
31 46
58 24
41 75
13 22
21 40
18 65
65 80
90 71
55 77
57 82
100 17
16 20
12 44
89 71
6 44
89 86
36 70
6 93
12 46
51 61
74 99
1 90
14 15
43 94
65 31
5 11
47 43
80 32
1 64
6 63
30 46
81 74
95 42
81 29
5 11
91 52
7 82
32 13
92 39
99 47
86 34
32 20
24 67
93 20
84 78
23 36
37 57
98 7
65 22
92 1
90 7
8 54
16 50
20 51
64 44
44 32
66 55
46 5
56 84
64 36
34 17
84 54
67 40
98 18
99 88
91 58
48 79
25 85
3 74
100 44
2 14
78 31
44 38
96 12
39 83
32 77
9 65
59 89
52 71
94 59
16 59
33 61
48 46
35 89
1 22
26 86
32 16
95 21
44 60
82 37
75 15
34 76
99 41
27 2
38 55
7 74
61 26
57 95
43 15
86 92
22 95
28 52
63 72
81 51
18 42
69 50
98 41
63 8
60 58
24 53
7 90
40 27
39 78
65 100
42 53
12 80
77 53
4 54
94 19
60 14
13 44
25 91
22 76
39 85
9 97
9 96
3 56
2 99
62 53
99 57
55 36
23 36
98 9
15 52
12 63
68 53
91 14
78 44
5 39
80 30
5 75
1 12
12 9
79 56
60 75
63 73
38 71
18 16
100 42
73 67
60 70
67 54
32 93
94 72
57 100
45 79
38 44
37 84
26 12
9 52
4 47
85 88
50 67
83 84
9 29
54 23
69 52
28 64
6 15
43 26
39 71
35 64
33 19
18 76
90 1
19 50
11 54
17 16
40 20
87 42
7 55
83 12
17 12
28 1
41 64
73 75
75 75
64 39
78 21
48 2
64 78
86 20
51 36
50 21
26 95
34 90
69 67
33 31
37 86
56 68
93 5
5 20
56 19
78 12
20 93
46 84
54 47
85 53
32 94
57 50
52 58
97 4
58 50
7 11
70 25
78 47
71 69
57 97
58 98
99 84
71 35
52 58
80 4
24 26
7 40
85 38
90 34
53 17
83 96
90 61
96 91
97 16
86 37
88 67
90 57
11 40
65 15
2 68
18 27
26 13
95 83
2 98
30 71
89 93
15 39
14 16
87 55
38 22
63 86
63 38
7 66
68 79
26 38
62 90
22 95
87 42
43 84
44 28
65 23
67 67
32 15
95 84
56 81
28 80
89 18
89 45
11 40
65 56
90 86
95 13
30 30
100 65
85 47
44 37
33 57
23 10
80 42
5 64
26 46
82 63
41 66
37 44
35 35
68 69
89 59
38 31
66 28
5 1
35 26
24 5
80 14
51 21
6 26
86 74
75 48
80 69
95 7
63 96
24 10
39 17
48 72
71 31
46 57
79 8
100 18
49 11
16 51
26 60
69 44
52 76
2 28
99 97
43 48
61 92
1 82
2 23
89 72
42 98
87 91
87 80
54 69
31 19
91 53
2 43
37 11
90 95
43 95
40 2
30 87
29 74
48 20
87 81
54 8
64 15
50 54
39 36
61 71
63 44
89 2
20 13
84 76
75 64
51 17
6 8
43 93
45 74
26 4
34 79
60 11
60 92
86 26
5 64
54 86
95 97
83 1
84 73
65 1
82 32
42 28
7 19
70 87
12 34
70 29
43 50
31 93
52 49
21 40
62 6
7 37
40 71
55 40
1 30
32 67
82 32
98 70
41 40
31 51
57 60
72 39
79 5
39 35
91 85
84 88
96 87
81 66
38 32
37 90
1 24
17 72
92 73
48 69
51 90
42 64
73 63
13 3
41 25
88 66
19 58
96 80
66 37
53 75
43 70
77 45
45 88
71 33
59 7
7 40
49 27
92 89
75 97
82 83
47 41
34 2
76 58
94 2
1 40
74 36
77 5
40 33
8 31
41 38
56 20
76 13
36 20
47 26
80 83
69 10
33 8
84 89
22 50
66 62
7 73
80 3
5 57
90 30
51 40
35 50
68 26
93 76
97 14
44 79
61 78
13 56
11 18
39 37
79 79
7 85
9 13
26 55
76 90
31 24
14 40
27 56
23 97
26 62
71 2
82 12
58 15
14 64
69 56
39 66
6 5
53 85
93 19
18 57
93 8
36 100
40 71
73 51
38 88
68 73
80 44
48 84
94 88
75 62
40 44
80 82
20 60
44 99
90 79
91 35
100 1
68 57
18 4
30 14
39 77
13 74
66 15
4 83
86 45
67 19
87 48
88 12
69 86
55 53
26 95
78 33
8 16
37 89
41 30
56 86
38 84
53 92
51 8
25 2
89 39
91 56
26 86
42 10
68 16
30 69
95 96
96 47
76 12
17 72
86 23
100 28
20 32
21 19
84 5
30 58
43 84
74 49
39 98
34 44
75 7
23 93
64 13
36 16
17 98
83 85
34 35
73 85
7 85
66 62
55 30
77 8
93 93
2 26
95 91
37 1
10 56
19 70
20 73
92 97
54 47
26 53
34 45
77 90
14 79
28 50
61 71
59 4
24 78
33 74
76 94
75 84
60 58
43 53
40 90
35 4
26 55
15 20
77 14
42 53
36 80
69 100
35 90
8 23
18 64
83 66
29 52
17 43
67 63
28 57
91 66
81 16
24 1
36 93
57 5
19 6
21 3
65 55
38 78
100 8
25 51
54 83
97 63
44 75
14 21
91 80
76 31
71 84
80 70
5 5
46 14
94 31
70 25
75 23
33 34
32 62
16 37
18 2
38 25
19 23
65 59
45 67
72 40
52 71
50 7
91 46
54 93
77 43
70 80
93 88
59 38
86 6
48 100
96 28
25 55
49 68
44 7
31 70
76 24
17 64
35 49
70 55
28 72
22 3
64 3
57 78
2 5
99 31
13 6
30 25
23 69
81 7
60 69
25 38
11 18
23 50
69 67
68 33
33 51
54 66
56 75
78 24
59 15
87 81
58 8
93 97
35 48
46 18
46 76
71 35
60 65
9 69
31 90
48 97
52 61
92 38
14 46
26 29
66 99
69 77
97 18
19 35
11 2
32 48
70 6
63 26
75 82
63 5
81 9
41 19
71 28
28 6
17 42
55 50
66 87
18 8
87 98
21 81
1 24
67 54
81 57
98 4
65 14
9 25
33 59
51 51
1 91
43 15
60 76
64 42
8 81
24 97
91 11
89 86
1 70
28 87
73 70
95 28
100 59
12 53
16 32
36 81
61 54
79 61
14 36
19 23
79 58
8 58
95 44
59 68
46 83
58 17
64 93
18 71
23 45
29 83
49 7
62 19
92 96
59 96
93 55
6 47
58 73
26 64
16 65
80 62
30 38
78 90
89 81
14 38
45 38
50 58
62 12
46 65
10 7
70 9
75 51
46 13
3 15
27 3
31 29
91 28
65 1
72 3
18 71
74 77
78 41
75 59
74 83
20 34
63 93
93 2
47 63
98 50
20 18
9 12
62 48
67 70
14 1
6 7
1 58
82 74
54 46
14 77
28 85
22 11
70 41
63 5
17 59
67 96
4 97
10 45
100 92
35 91
85 39
33 64
84 13
23 17
12 85
7 64
95 55
96 63
99 23
24 47
19 79
99 72
29 65
26 63
26 54
72 64
70 22
10 78
82 70
2 55
100 41
70 90
83 62
89 32
16 11
4 50
44 45
61 43
12 95
67 31
75 54
80 7
11 59
82 70
49 75
86 95
50 4
76 16
23 25
85 21
10 90
8 86
6 10
15 24
91 50
73 74
37 79
80 67
92 16
1 11
59 31
