100 2
100 99
75 14
20 14
22 58
60 41
53 16
69 46
99 27
58 40
60 34
16 12
21 88
39 91
90 78
6 28
42 19
12 92
32 46
51 66
7 87
39 34
23 4
52 58
72 96
71 32
13 60
14 18
16 2
8 100
29 17
26 52
48 88
81 83
11 75
76 34
10 3
9 26
83 57
17 12
43 16
6 60
7 22
74 56
93 51
64 4
49 88
55 23
46 28
24 36
36 58
20 5
79 80
79 32
83 38
64 53
71 62
8 12
36 50
18 54
26 83
68 32
81 70
3 49
92 46
62 70
63 45
73 65
42 50
35 24
4 41
77 29
4 100
36 8
61 68
46 99
75 30
21 13
32 85
31 35
69 95
8 98
29 74
50 46
23 23
31 76
41 95
90 46
76 4
91 90
46 73
73 19
73 25
64 70
40 23
63 5
12 8
30 78
29 3
68 62
1 43
