800 2
25 63
24 4
98 66
84 90
12 23
67 86
47 65
2 15
58 84
23 38
39 72
11 2
92 43
22 32
80 97
31 27
93 64
100 78
23 5
88 70
87 46
12 54
21 87
3 78
33 72
77 11
12 68
19 17
25 24
26 79
65 26
79 80
29 57
6 60
34 23
75 53
86 55
53 29
90 76
7 95
58 65
46 16
72 14
97 41
48 62
76 67
29 87
37 38
61 79
76 65
74 30
26 79
79 55
62 84
70 74
64 40
13 17
55 19
87 69
25 66
42 61
77 40
32 90
40 77
4 12
32 36
86 73
69 10
30 39
86 94
10 7
45 30
56 66
22 36
27 45
4 77
36 89
95 57
33 54
4 61
25 4
29 93
25 71
73 40
37 96
48 92
42 35
35 52
57 56
6 29
11 51
77 18
19 18
69 53
24 53
19 58
49 97
37 34
33 77
94 87
4 100
51 75
82 46
60 55
28 42
53 85
48 33
4 55
29 75
88 30
50 15
2 81
70 46
85 93
95 67
73 63
62 82
39 16
50 42
62 95
88 100
51 73
76 47
3 59
37 35
23 59
21 24
80 63
78 62
62 30
11 8
88 7
1 36
14 41
23 51
95 3
41 32
1 10
14 43
66 22
22 75
83 56
93 15
28 37
23 56
70 22
29 45
24 97
54 7
43 15
24 40
8 4
98 48
55 48
51 63
94 54
96 56
98 14
8 84
80 25
72 49
54 98
58 50
83 100
76 95
26 97
57 30
54 33
72 36
81 50
29 74
16 87
62 84
75 45
61 81
66 51
76 75
38 78
93 78
6 38
84 36
91 23
58 17
30 60
27 28
71 81
45 37
18 19
72 48
93 60
25 77
90 56
76 100
2 47
8 58
50 97
93 73
31 39
84 67
5 36
94 60
86 86
18 21
32 21
75 73
76 21
33 96
73 83
63 27
89 23
37 39
94 49
87 35
22 12
72 53
76 87
68 6
82 66
75 48
75 35
71 50
11 21
97 89
20 45
39 40
96 25
68 96
42 72
95 15
6 76
39 21
84 86
91 6
74 22
38 85
9 40
19 36
23 35
47 76
27 64
29 26
5 87
1 83
48 49
72 29
57 97
10 89
48 47
6 55
45 27
69 37
9 30
70 56
29 83
32 50
81 5
3 21
11 32
20 37
78 48
55 63
71 92
88 56
58 72
67 9
23 21
8 20
21 60
15 30
51 91
77 11
70 12
7 99
95 27
35 29
82 91
52 59
88 22
97 60
56 64
50 92
62 63
56 75
83 20
96 18
68 6
4 66
41 74
43 86
15 35
61 19
21 11
88 9
43 97
99 95
23 27
21 40
92 83
54 94
23 28
80 90
48 75
64 71
32 12
30 75
63 11
45 39
68 46
88 24
68 97
7 38
33 8
17 65
89 51
68 16
56 43
48 31
30 33
1 42
65 55
46 38
7 11
67 69
49 16
4 45
37 96
82 80
82 46
14 65
12 60
21 86
65 56
41 90
21 29
88 19
96 57
28 13
100 73
75 72
36 15
31 65
96 29
27 56
47 62
60 8
93 17
80 53
70 40
38 15
82 13
35 36
19 48
51 43
30 68
82 54
81 59
34 30
61 67
99 83
34 49
60 21
4 75
41 5
52 98
100 38
73 46
63 37
75 46
74 21
6 60
64 6
98 27
48 64
22 4
50 58
45 56
9 52
52 87
16 56
90 42
53 94
32 43
13 30
81 38
1 69
28 78
49 73
70 74
38 48
63 74
71 11
56 96
62 13
10 36
52 85
87 15
63 22
9 4
52 23
7 98
70 68
32 7
80 64
16 72
63 6
32 58
83 64
63 65
84 2
8 48
47 32
91 81
46 60
93 36
5 49
44 96
75 17
82 88
58 59
93 54
6 94
49 14
17 37
20 38
27 23
36 64
76 9
57 88
70 50
12 15
23 76
55 49
19 54
40 55
55 41
3 64
53 75
1 81
91 49
49 37
81 32
27 41
89 43
43 3
68 26
4 66
4 76
66 14
91 25
58 22
65 43
74 84
45 21
16 73
61 87
66 84
94 37
67 16
69 3
19 80
32 11
85 74
62 65
91 50
57 53
24 38
71 44
30 97
65 37
46 47
72 74
48 14
78 21
13 49
47 88
83 56
27 49
84 5
68 37
19 98
91 74
95 4
61 52
42 43
54 13
8 13
13 28
79 99
14 82
78 41
31 47
2 94
81 79
16 34
35 24
19 49
49 32
47 73
37 90
20 42
20 18
52 22
3 73
70 63
55 35
94 60
28 45
84 7
80 58
1 91
29 4
39 61
77 57
78 49
33 34
10 66
36 59
4 25
56 100
60 68
28 93
68 70
49 69
1 79
70 59
86 28
81 84
6 45
85 49
15 10
10 21
47 19
83 83
41 64
86 72
73 57
25 43
54 28
66 64
27 55
70 16
93 73
58 22
35 44
68 23
31 49
33 22
46 13
78 85
65 93
75 62
98 11
99 73
14 61
35 46
83 37
26 18
73 95
40 2
92 80
73 90
48 60
47 64
34 42
7 36
77 22
27 82
72 62
56 65
32 37
66 83
46 39
66 62
99 2
94 56
24 62
66 44
96 32
90 100
94 55
49 30
91 82
50 27
51 75
26 71
95 18
29 82
97 46
74 18
36 78
57 26
83 99
88 4
64 41
3 79
47 8
14 50
40 60
96 37
58 22
61 47
88 23
40 42
29 70
31 73
100 68
44 62
44 59
7 19
33 13
7 44
58 29
21 1
84 85
51 86
97 23
44 26
79 99
3 96
96 78
13 42
97 69
17 64
43 65
39 67
21 61
27 98
68 27
48 21
38 65
39 25
2 67
88 20
5 69
48 56
6 81
73 23
57 70
47 8
78 23
17 47
88 7
5 86
58 38
75 13
22 76
59 65
33 35
54 25
48 53
40 76
38 69
63 23
78 25
87 84
68 19
11 100
93 88
98 72
100 91
51 62
99 43
1 90
74 26
69 26
93 28
63 57
42 95
45 78
54 5
92 18
41 82
30 40
90 79
17 11
34 31
80 86
19 15
20 26
78 80
98 52
72 20
89 84
100 68
5 45
2 22
82 15
7 33
18 36
36 6
51 33
28 19
72 3
43 80
79 95
53 32
88 10
1 78
66 84
6 1
16 85
72 49
57 10
18 75
83 88
57 12
33 36
95 42
8 94
93 88
42 96
6 30
89 13
81 2
73 84
62 62
7 92
26 12
85 36
71 41
72 13
16 75
36 18
90 21
20 87
5 99
44 81
97 80
66 64
95 21
56 47
55 95
29 64
76 94
28 42
32 56
89 48
49 47
43 59
62 6
58 84
5 38
72 97
20 37
60 18
86 94
93 93
87 39
7 2
68 50
28 63
85 9
30 73
64 2
58 5
76 72
22 41
39 6
19 73
17 52
39 37
71 91
67 6
82 73
23 9
37 71
69 84
94 58
30 72
52 36
74 62
4 86
80 1
45 92
35 3
61 12
70 31
68 18
28 20
49 81
52 53
69 99
34 30
61 35
17 71
23 9
38 99
88 12
40 95
86 35
81 32
95 48
57 63
37 8
70 34
59 16
80 17
77 87
50 24
4 48
