230 2
17 17
92 57
64 46
17 90
14 32
48 92
25 6
100 98
17 65
12 54
43 7
53 33
51 26
1 88
8 45
92 77
30 57
59 59
46 51
75 13
79 69
29 17
99 10
88 3
84 21
77 12
54 88
88 96
10 61
39 49
78 6
21 75
96 68
28 16
4 34
32 95
70 36
9 80
50 51
21 20
73 11
26 16
54 63
2 65
8 47
52 72
48 54
51 59
97 6
50 30
90 51
20 11
74 66
51 47
47 8
39 75
37 100
98 33
39 84
5 57
56 51
26 88
40 78
99 25
92 29
73 54
45 2
39 83
78 49
22 59
25 17
22 50
18 56
16 12
38 19
33 28
53 86
18 95
44 84
72 90
42 35
87 20
13 87
66 66
82 6
69 95
64 77
88 80
13 95
80 53
19 82
31 93
40 92
11 85
77 74
88 49
34 29
26 72
44 31
18 93
37 59
24 47
86 8
47 69
31 29
32 34
26 5
89 31
10 11
91 47
86 68
64 52
4 48
93 35
48 60
100 94
50 89
73 87
35 64
43 59
52 76
92 93
35 93
99 82
43 26
47 31
56 48
73 61
35 51
50 94
77 100
65 49
9 56
27 36
17 11
23 44
37 48
3 69
90 2
74 43
80 40
66 12
44 24
98 52
77 19
42 48
74 49
51 39
58 24
15 31
2 59
36 18
31 48
100 92
76 16
35 24
50 16
37 7
86 34
84 70
75 26
32 21
54 15
39 100
41 40
28 92
8 58
73 53
29 85
99 59
29 14
88 3
4 69
83 88
94 16
64 68
46 22
19 16
11 48
94 71
58 12
72 36
41 21
27 47
85 36
95 23
56 65
59 34
35 88
84 87
64 7
15 64
25 83
21 83
87 4
89 68
53 44
95 19
29 57
60 58
17 74
56 52
88 42
53 25
25 60
1 15
36 8
83 6
98 81
90 46
20 57
69 9
4 48
42 84
67 85
6 5
4 20
62 88
23 94
17 9
40 24
41 60
85 25
16 55
4 78
39 30
74 89
16 99
28 98
51 68
