560 2
25 4
78 95
10 64
96 95
58 81
71 71
92 96
54 91
1 1
79 27
78 11
81 55
16 64
70 99
55 14
5 54
92 33
76 46
39 35
11 55
73 24
26 85
67 9
18 77
88 88
100 7
34 18
94 13
37 92
8 68
3 13
59 40
66 27
68 28
55 12
20 89
67 16
29 18
59 83
37 81
87 67
8 64
28 96
88 1
37 54
91 29
62 40
59 45
25 34
86 26
42 64
53 1
48 34
8 100
12 48
3 27
47 32
77 33
89 96
25 100
25 67
99 86
98 36
16 97
75 39
75 42
53 28
97 63
71 8
59 37
47 9
45 81
80 72
52 86
43 99
85 57
30 11
60 76
73 70
94 47
98 13
38 57
55 19
13 22
23 72
50 52
44 10
56 13
53 53
8 12
82 77
90 25
8 90
50 31
51 3
25 7
36 68
17 9
2 18
29 49
68 82
76 77
12 69
74 22
81 61
88 63
46 57
76 2
84 49
1 25
93 19
3 73
78 12
44 21
11 43
74 44
49 34
49 5
88 75
19 31
68 41
46 25
24 70
88 21
24 65
49 33
34 91
85 15
34 13
71 26
73 95
34 52
56 74
43 88
4 65
37 14
70 40
83 29
50 91
6 49
97 39
25 71
5 77
25 17
57 40
27 47
4 70
27 38
3 2
98 30
97 4
70 32
2 8
99 38
94 7
78 70
77 96
44 55
18 43
68 80
33 34
98 39
90 44
42 26
12 80
6 48
45 79
88 80
69 11
65 65
46 32
92 40
33 93
38 72
97 48
100 78
4 4
60 17
61 82
36 74
45 73
10 53
75 56
2 83
65 40
13 10
14 97
39 36
84 96
7 88
61 40
4 43
23 20
46 57
17 46
76 10
95 31
3 98
2 3
95 27
85 92
60 43
23 90
74 78
38 99
42 43
68 19
58 42
30 19
99 55
99 21
29 95
82 59
92 9
24 60
93 41
16 78
95 75
80 88
31 56
79 46
65 89
37 13
55 100
27 41
74 53
62 75
48 52
10 45
11 6
78 2
9 5
19 18
99 72
33 72
57 79
31 4
62 36
69 28
62 86
100 59
50 71
15 5
31 24
36 62
12 58
29 41
52 42
69 54
5 67
93 71
24 19
28 43
15 53
64 7
76 21
46 83
57 57
30 40
64 41
68 77
12 51
16 94
78 64
21 26
83 64
11 66
29 27
41 24
68 3
73 69
61 54
76 16
57 34
77 58
2 50
48 23
57 77
56 14
20 33
82 97
85 22
19 92
2 26
92 78
18 12
8 13
86 49
12 40
65 97
11 16
61 52
73 34
41 86
22 64
52 85
26 2
79 54
48 6
5 39
99 5
14 11
56 38
45 68
13 58
81 94
80 58
100 67
17 17
76 35
91 16
36 3
55 11
20 92
88 27
81 11
35 91
20 34
12 91
31 3
31 67
75 62
57 29
14 21
50 45
4 8
58 89
43 38
6 54
93 30
14 17
20 42
45 81
43 13
16 74
60 22
54 28
13 57
86 23
90 57
18 2
50 47
83 45
16 94
80 38
75 64
27 65
53 25
55 19
91 7
21 56
13 26
72 52
61 84
90 19
42 24
85 70
25 15
94 71
57 98
89 5
92 37
48 8
91 26
64 90
38 100
7 30
100 33
62 49
29 25
96 39
59 45
91 77
85 39
91 77
27 27
29 9
56 78
53 47
4 100
30 72
23 85
3 41
20 64
8 2
86 6
70 51
60 52
90 40
31 53
80 91
94 36
94 95
86 96
67 98
99 68
24 41
73 45
16 73
14 88
10 2
52 69
84 74
93 16
15 6
87 43
74 32
7 61
66 30
90 4
14 52
23 77
66 67
42 96
59 62
36 39
69 93
28 3
94 60
46 89
46 68
90 40
85 65
100 44
73 24
94 28
16 31
71 60
3 34
82 24
48 16
96 42
69 63
5 92
77 57
67 57
17 87
20 28
42 65
73 16
38 88
6 80
21 93
81 53
45 11
10 91
79 18
4 40
47 28
12 44
92 60
83 98
4 25
99 30
75 89
3 7
35 52
93 33
44 56
100 62
71 80
99 64
46 38
51 39
2 28
85 3
32 60
91 23
57 53
49 28
75 58
44 79
75 69
40 32
24 88
83 8
54 71
74 37
58 77
6 68
88 38
2 41
69 84
62 60
27 59
40 86
82 43
80 15
23 5
85 19
12 1
75 16
36 78
10 52
92 83
100 70
99 64
42 81
96 57
34 94
92 75
22 20
17 6
1 83
70 34
34 13
49 72
89 55
35 48
60 34
84 49
54 61
21 73
9 97
42 47
36 66
62 18
93 68
78 23
38 86
55 62
29 93
58 46
96 98
53 59
77 97
72 35
64 90
43 4
65 67
18 35
49 24
15 56
43 81
61 5
7 81
69 27
13 9
71 96
30 24
61 22
24 31
9 91
61 43
44 98
83 91
15 29
37 71
22 64
52 99
91 57
85 56
74 82
75 39
12 99
62 2
62 7
77 55
28 76
58 54
