850 2
22 90
5 56
55 86
68 38
85 47
64 33
94 35
93 69
37 13
6 33
59 34
47 40
71 43
52 96
19 19
82 80
98 18
30 38
51 46
18 2
79 56
8 39
2 42
52 98
76 45
43 49
51 71
69 93
38 95
90 85
88 33
38 9
28 60
83 70
74 9
41 48
93 84
18 33
40 47
86 52
41 10
91 47
27 54
37 23
64 80
55 46
74 60
6 14
7 72
74 23
71 39
50 55
15 8
91 10
7 71
33 32
45 77
14 34
26 36
92 59
40 56
36 40
13 18
85 72
93 94
61 5
72 77
47 85
24 72
83 25
34 78
77 18
27 24
45 16
54 71
46 24
38 55
91 94
33 38
13 27
9 79
5 40
40 79
63 33
79 44
91 53
87 12
21 9
97 28
2 61
18 52
69 11
58 24
76 68
22 45
32 4
3 54
62 77
24 14
19 16
5 64
41 67
51 68
63 9
73 74
85 62
54 88
63 95
70 21
8 52
95 43
23 30
23 96
92 8
71 15
68 37
100 14
8 86
95 33
27 18
89 51
61 81
90 72
96 81
67 9
18 5
47 19
38 56
75 21
49 76
40 63
55 40
16 14
51 37
56 3
80 12
48 96
84 50
79 3
13 56
28 30
43 34
71 11
30 39
15 91
63 85
19 96
56 54
43 97
8 70
83 76
69 88
95 84
41 100
29 89
39 87
35 86
34 38
65 62
84 55
25 65
48 34
17 1
42 46
27 89
32 83
78 19
41 82
13 21
26 97
33 74
39 42
41 17
29 87
3 63
51 50
25 79
20 61
77 29
16 57
68 18
24 73
22 60
93 47
67 24
57 44
51 42
49 14
77 82
9 16
59 100
68 66
88 9
71 60
13 28
12 67
47 31
2 41
70 80
53 86
46 62
48 18
35 24
77 6
90 3
76 18
96 96
83 80
95 49
37 46
12 47
99 97
50 85
77 51
9 48
68 86
59 87
2 83
73 93
53 73
40 23
53 61
95 88
18 52
20 64
56 55
60 56
98 82
50 64
80 13
49 50
34 7
7 46
38 47
63 82
87 100
83 87
8 28
40 73
63 11
9 89
3 5
32 38
88 56
30 76
55 71
43 78
5 87
18 72
74 81
10 81
72 59
46 57
12 40
50 19
24 37
58 74
12 23
36 66
10 99
87 57
24 51
51 95
70 56
32 47
83 46
89 91
30 32
77 72
46 10
64 49
52 46
93 60
12 12
53 82
21 13
85 56
1 80
97 67
18 19
73 63
86 73
79 50
26 33
17 8
66 12
50 89
38 60
49 24
81 10
77 69
53 55
58 20
66 6
15 54
63 57
62 2
10 85
47 93
55 51
56 55
45 44
27 26
38 88
73 96
60 77
11 39
35 78
66 93
59 6
24 62
38 27
51 61
55 35
14 79
67 11
97 24
90 67
99 70
57 68
68 75
98 91
27 73
25 50
94 3
24 77
43 28
94 57
39 100
24 28
5 69
45 79
68 1
57 15
71 73
82 44
15 10
20 63
21 88
46 10
80 49
30 58
29 25
42 89
37 1
92 94
80 65
66 13
19 51
25 92
5 51
50 94
32 86
85 61
21 86
76 32
99 89
29 89
17 12
16 74
75 28
18 98
8 58
94 79
78 52
70 97
44 30
59 11
74 42
15 80
96 92
54 37
24 56
7 96
33 55
41 52
36 100
91 10
35 15
33 84
23 65
85 68
14 90
84 79
66 91
50 65
21 90
45 24
91 62
97 21
78 2
28 11
37 90
17 73
25 76
100 15
81 3
90 49
12 27
85 80
70 49
95 69
11 35
73 64
83 55
63 28
63 85
57 24
51 34
32 78
91 80
47 66
21 30
65 40
6 62
52 77
59 18
61 23
64 66
88 44
83 65
2 32
37 66
16 25
61 84
52 2
6 47
45 10
67 60
83 37
11 13
25 23
71 21
30 11
80 18
25 90
56 47
43 22
62 74
61 75
65 11
40 4
8 13
45 53
83 57
25 46
80 61
100 59
33 18
27 67
58 88
11 43
87 31
39 9
19 20
97 22
43 6
46 87
29 99
79 80
91 96
54 55
70 100
99 67
92 4
23 83
53 51
65 28
9 87
8 98
68 11
55 32
63 37
24 91
8 69
13 46
22 9
58 99
29 84
57 33
28 64
53 18
20 35
91 63
3 41
44 35
67 47
46 70
14 69
14 8
22 47
39 51
87 1
15 49
47 100
84 28
61 35
44 6
59 71
50 58
38 37
76 87
72 19
34 21
79 35
65 48
27 37
27 59
71 70
81 68
59 43
71 18
44 99
81 58
73 99
9 44
10 5
96 49
53 9
14 45
71 31
94 68
60 82
70 27
96 62
15 84
24 55
84 64
1 53
39 79
22 60
44 64
64 73
35 8
94 90
33 35
98 30
24 5
69 22
37 87
53 25
25 17
67 91
91 98
96 34
75 1
76 11
66 4
8 69
53 93
15 82
17 41
40 33
44 1
86 32
60 66
31 42
41 29
18 69
51 81
90 77
7 11
83 34
60 74
33 39
22 48
73 1
26 64
68 84
4 77
32 25
81 62
48 88
66 33
52 12
59 15
30 7
56 36
51 47
93 59
88 90
18 22
5 79
65 39
38 37
25 34
38 76
42 6
100 5
20 24
57 55
68 54
3 21
64 47
63 53
4 26
19 29
34 72
7 19
38 33
36 53
99 1
10 15
1 94
24 19
36 48
43 10
6 58
32 25
63 98
45 95
76 7
44 36
82 7
76 56
20 72
27 81
13 34
13 30
87 96
33 17
26 65
72 100
60 41
96 11
18 5
71 45
26 3
89 7
83 74
12 30
43 48
34 100
82 6
80 38
11 81
28 47
1 96
95 70
91 47
60 78
57 18
12 1
24 97
55 39
28 75
19 80
41 64
76 63
83 38
15 21
88 18
89 2
37 90
96 94
41 26
83 20
20 31
35 72
3 82
60 34
19 27
88 82
35 32
53 1
34 99
52 23
35 59
86 82
8 46
65 40
11 59
48 90
59 57
65 3
7 73
22 1
78 40
99 50
87 76
70 39
63 86
70 87
22 48
2 72
41 48
40 41
39 36
97 87
49 53
86 10
76 61
1 9
17 91
72 8
14 7
63 38
37 57
74 60
7 82
37 11
49 6
10 45
10 27
32 77
2 89
12 57
70 39
95 83
84 25
2 90
53 91
100 11
26 26
48 82
11 2
75 9
59 52
38 85
96 76
29 74
14 20
84 52
99 30
1 93
88 33
39 54
43 73
5 29
71 43
78 99
80 72
44 67
63 89
6 22
57 61
46 61
50 8
74 71
100 98
23 79
73 15
17 69
89 51
5 44
47 38
4 49
82 98
11 74
69 87
29 41
84 61
75 8
39 4
67 62
61 85
53 26
29 26
4 50
67 12
16 87
64 51
53 25
95 49
19 96
25 91
4 36
50 22
41 47
58 62
72 62
96 24
4 55
55 48
25 49
10 53
13 45
69 7
82 74
65 32
25 45
7 9
42 70
57 100
39 14
89 81
8 45
59 95
2 63
84 19
93 20
38 68
34 27
15 68
72 58
88 79
70 57
41 100
22 69
39 65
23 55
68 45
94 14
47 90
86 89
27 3
86 27
60 79
35 33
91 86
30 34
44 60
40 3
47 63
41 72
65 99
74 49
88 21
16 55
77 83
97 18
84 60
56 10
59 78
76 39
83 84
58 75
86 38
64 86
51 44
91 90
7 43
23 58
46 47
9 38
81 83
68 14
95 49
19 89
62 84
38 76
22 62
7 28
90 70
47 5
15 1
25 40
99 24
28 82
77 17
