1000 2
43 76
10 94
81 64
10 63
47 18
99 24
77 42
88 78
19 96
52 94
98 62
60 63
7 1
72 92
13 7
99 56
100 18
21 6
91 90
39 25
54 56
89 13
49 49
19 54
97 91
55 77
64 95
41 67
32 49
92 20
16 59
59 58
34 87
39 97
44 89
91 35
67 76
10 88
63 54
85 79
84 54
51 42
42 86
71 66
60 7
84 12
90 21
21 89
59 32
84 86
35 91
30 1
47 83
55 39
70 50
75 69
94 77
26 58
40 4
36 66
87 46
11 12
2 86
78 15
99 55
36 31
94 62
24 26
63 79
94 79
42 31
45 93
72 11
54 54
58 28
76 49
73 99
89 40
7 85
34 23
89 74
97 91
27 93
72 99
56 42
35 5
84 38
84 61
55 47
15 6
10 30
63 64
32 32
85 30
36 12
29 72
16 46
88 60
6 43
15 54
33 99
50 29
10 45
83 36
36 32
46 18
91 88
18 45
6 86
23 32
90 98
49 30
100 4
10 9
14 75
22 80
45 56
89 47
100 63
36 9
95 37
57 5
68 67
53 20
30 18
28 58
30 51
96 63
53 57
95 50
49 86
28 30
55 95
56 58
95 11
88 9
58 57
31 7
93 6
14 91
31 71
57 81
98 84
6 18
53 34
39 30
55 29
89 36
46 47
90 43
80 56
34 68
94 71
9 80
6 55
40 28
34 51
78 86
26 25
30 61
66 63
43 90
33 33
29 11
43 95
53 94
42 53
44 19
22 51
42 77
17 91
53 96
1 6
61 60
3 67
57 93
72 5
67 71
53 2
26 38
45 37
7 76
97 100
51 45
85 11
19 90
43 84
6 49
18 98
2 2
40 67
17 27
69 35
59 90
34 10
83 85
22 73
65 17
41 59
69 32
96 98
92 14
83 53
59 97
94 7
46 25
98 91
64 7
15 11
54 24
100 86
83 28
20 87
57 9
87 65
86 89
42 31
30 13
29 62
1 22
46 60
29 10
25 36
14 6
84 67
55 64
11 67
30 4
53 96
21 35
100 5
69 6
2 75
11 43
30 54
100 3
50 53
26 35
84 62
60 94
74 98
29 12
3 1
71 36
52 94
65 57
96 85
26 85
80 31
85 73
62 84
97 14
84 75
23 56
33 69
54 10
10 56
55 53
31 20
52 67
71 68
9 51
53 8
66 72
20 89
30 17
13 36
95 10
68 86
38 67
57 73
97 76
37 82
55 25
2 57
57 21
88 20
40 62
1 100
53 78
13 4
32 54
22 74
78 37
72 55
95 32
2 19
70 89
32 16
34 54
49 41
62 31
47 40
37 44
85 25
99 59
12 97
50 55
47 33
74 95
18 42
6 98
2 62
59 5
77 30
93 46
47 17
63 92
14 66
6 2
76 53
48 16
10 28
45 15
96 67
23 62
96 19
44 84
56 54
76 25
61 63
31 20
56 23
60 74
51 8
75 27
28 49
89 75
27 96
12 46
32 28
66 3
48 17
55 58
86 38
71 15
44 44
47 34
19 68
39 72
12 32
67 12
16 56
76 55
8 27
51 47
49 20
65 59
92 18
36 85
58 53
46 8
15 22
44 66
89 99
41 37
61 91
17 94
20 97
54 84
87 43
41 55
12 94
47 73
67 66
69 12
18 14
52 58
95 45
51 44
38 27
40 77
82 29
62 89
10 83
2 41
6 18
79 48
6 73
85 9
96 76
54 60
81 27
7 85
95 39
47 82
31 22
46 38
64 52
30 88
66 38
64 68
7 80
74 83
17 19
98 58
91 10
66 7
42 29
50 12
89 89
30 34
2 40
41 57
39 92
32 47
57 21
66 61
28 7
45 10
53 31
21 42
58 44
12 49
86 13
59 70
84 22
99 18
3 59
5 44
82 11
20 26
29 41
100 97
72 35
66 44
97 50
40 76
55 82
76 78
14 86
71 99
100 60
12 31
31 46
27 41
6 15
71 62
30 27
88 77
7 23
54 25
74 87
58 47
99 11
70 98
9 43
46 84
35 15
98 52
6 41
96 31
68 34
78 19
52 15
96 83
96 35
89 61
41 34
51 25
6 14
72 14
54 27
20 93
39 81
49 90
76 83
82 36
80 17
4 59
80 51
17 9
8 56
88 93
78 11
89 28
96 2
62 20
8 92
38 96
53 82
53 82
21 62
93 60
43 21
86 30
88 77
31 35
100 75
89 48
71 31
8 64
19 33
96 38
4 55
98 34
51 16
82 23
36 21
8 70
4 59
54 56
31 3
9 18
87 40
76 14
18 68
80 49
59 90
43 3
71 87
55 35
79 55
99 28
82 10
83 66
73 42
47 51
91 8
19 92
19 30
32 63
63 13
65 39
43 25
40 18
10 86
49 34
84 98
63 46
67 90
56 88
62 14
34 83
12 65
88 40
95 42
61 90
27 69
70 12
30 80
10 34
81 13
83 73
95 60
55 13
76 19
7 47
60 86
61 50
59 22
7 97
42 38
76 94
7 58
21 89
84 28
93 49
9 69
77 39
12 28
84 55
75 32
7 10
11 91
64 87
94 68
1 78
55 32
87 34
32 50
96 1
30 49
5 31
27 36
51 99
72 36
17 98
22 47
38 88
67 89
99 91
81 5
25 16
21 50
8 34
49 21
67 22
86 27
47 14
100 72
48 7
33 92
41 72
19 24
91 83
85 9
59 62
81 49
21 75
26 70
59 86
53 83
30 74
44 52
70 54
11 72
39 65
82 20
17 30
23 77
77 97
9 7
52 57
68 11
81 67
38 54
91 26
34 41
64 93
73 32
74 41
7 34
51 62
34 41
94 86
22 45
98 32
51 68
57 3
91 18
2 100
89 25
86 11
82 27
89 54
41 68
42 97
19 76
47 55
52 32
47 29
38 87
35 16
10 64
59 66
34 2
51 15
41 46
69 6
89 56
39 55
89 21
76 31
76 26
25 11
88 22
81 83
11 69
12 30
1 74
32 77
27 28
97 42
55 38
42 3
15 49
49 37
75 25
74 100
78 94
92 72
91 69
45 94
82 6
67 51
12 98
35 99
12 90
5 67
87 6
41 98
91 60
42 35
10 78
71 58
58 74
50 88
97 79
62 46
70 84
1 91
27 61
10 26
78 16
13 90
34 63
60 22
9 13
90 100
44 37
71 77
7 47
56 53
80 11
94 67
44 37
48 8
11 17
71 76
66 77
96 25
47 15
86 85
51 59
31 77
36 23
88 87
10 35
66 84
25 70
95 49
20 100
67 36
47 42
15 26
97 46
10 47
92 3
37 84
86 74
79 91
36 33
99 64
79 1
86 46
6 86
20 38
75 85
95 68
15 20
68 57
97 8
53 91
89 75
65 45
63 69
75 61
58 7
48 3
78 70
91 7
35 66
12 29
31 18
13 72
36 77
77 40
3 73
21 50
98 55
78 68
30 59
10 19
67 20
69 58
80 85
98 13
30 19
98 97
68 18
5 68
53 24
39 87
8 25
59 84
15 88
84 63
70 54
7 74
40 7
19 55
53 94
6 87
44 68
91 99
83 45
84 91
33 38
22 28
10 87
38 76
44 47
60 37
92 79
88 8
71 34
29 76
99 74
52 72
73 55
56 79
43 29
1 63
11 85
17 84
44 49
1 77
28 29
47 92
79 91
7 77
30 14
44 96
97 100
90 12
27 50
55 100
2 22
4 83
56 63
63 14
47 45
28 99
15 28
29 35
67 65
63 64
8 81
51 62
97 48
20 32
40 5
15 1
32 92
53 96
79 1
59 16
34 69
71 90
81 88
82 56
15 52
86 11
16 77
30 6
80 5
87 79
58 11
87 96
10 83
88 72
5 61
18 41
37 42
56 71
86 52
48 15
60 54
89 53
79 41
38 62
27 39
87 46
20 83
44 40
47 86
84 77
53 10
40 19
26 85
86 86
30 43
53 80
34 70
40 62
66 80
15 38
78 18
78 92
92 96
75 86
28 85
35 100
85 22
85 73
79 72
89 63
63 75
52 80
77 14
77 94
71 84
84 1
80 92
69 64
7 76
70 17
37 3
55 24
31 52
7 19
56 19
84 100
72 55
27 93
78 24
50 65
28 82
78 83
73 38
68 7
63 36
86 18
45 25
21 22
17 74
45 21
3 72
48 20
49 56
21 76
98 47
63 84
68 83
45 75
28 35
72 32
49 11
45 88
39 26
8 66
57 52
15 86
61 64
80 37
90 74
18 96
73 27
31 73
76 48
35 12
45 65
83 83
95 83
74 94
84 24
42 2
12 56
40 1
37 87
23 19
98 10
50 78
35 26
39 89
30 10
100 77
23 49
87 85
69 84
23 67
32 80
54 58
2 22
88 31
80 76
43 97
57 41
76 68
40 23
51 39
6 32
11 75
35 21
62 38
27 87
30 6
34 95
54 38
39 63
6 19
59 9
15 65
55 30
40 15
91 92
99 2
5 56
29 35
63 80
70 29
68 35
64 52
74 35
52 79
34 40
49 24
21 46
6 47
