930 2
32 10
40 11
93 18
99 36
71 77
68 86
25 84
50 32
46 63
78 89
66 32
8 98
25 70
49 44
27 73
28 92
99 96
11 94
88 67
47 24
67 90
58 68
42 85
16 49
62 11
25 40
48 73
92 35
48 5
42 99
88 54
6 90
53 68
63 68
79 27
95 92
6 22
20 84
16 27
54 96
34 26
50 100
9 92
47 74
35 80
16 48
100 47
3 47
56 28
91 90
16 49
81 11
83 61
44 57
8 68
13 68
76 31
51 73
23 34
71 98
50 33
23 21
26 8
15 28
59 31
53 87
96 24
79 22
85 2
43 46
62 80
80 21
30 35
36 18
18 53
54 16
61 39
55 40
57 42
76 70
10 76
81 85
31 66
58 78
56 88
85 72
89 99
21 2
33 87
68 67
32 18
67 87
65 25
63 9
29 71
74 96
40 71
72 48
81 81
34 78
60 97
5 90
59 91
66 84
74 69
27 56
26 38
53 5
72 100
87 13
65 55
4 25
54 46
35 38
15 27
46 7
67 53
97 69
97 43
16 23
87 96
75 47
10 56
83 13
67 86
79 73
83 85
19 24
61 88
72 67
55 17
9 61
4 81
66 13
66 13
53 65
7 55
86 33
28 26
55 55
55 36
29 94
6 27
89 11
82 47
41 52
30 15
63 63
97 97
55 34
72 99
10 60
58 58
10 7
13 56
67 58
89 78
96 54
62 19
88 100
16 53
79 51
59 74
31 15
32 16
4 75
19 8
76 51
38 75
50 78
30 6
40 43
55 74
28 86
53 78
36 1
87 17
84 11
90 3
95 98
63 51
8 1
57 52
3 71
58 32
37 79
55 43
72 76
94 64
41 94
40 10
44 10
47 27
14 62
45 58
26 14
4 28
22 50
21 97
63 9
75 91
66 43
30 43
84 72
74 73
37 96
16 39
24 55
78 94
79 61
16 21
66 77
94 98
66 6
5 76
5 12
86 81
95 78
72 40
48 48
6 74
57 44
38 20
6 36
60 6
11 53
56 30
50 60
63 25
49 55
28 61
3 51
38 44
94 67
79 27
53 61
5 46
83 37
77 27
80 48
80 18
68 19
95 60
10 33
55 94
4 4
93 2
9 30
58 92
73 12
12 99
46 3
95 62
16 21
78 79
64 80
2 99
77 75
69 86
97 72
86 37
58 64
88 90
11 19
7 59
96 31
48 85
43 65
93 47
93 93
1 56
18 93
58 39
56 33
74 57
33 34
14 2
84 64
60 51
55 47
88 32
92 47
42 13
90 4
95 13
68 79
61 86
73 48
8 27
47 19
38 73
93 65
34 76
38 38
87 25
2 21
73 63
86 41
42 97
29 74
92 77
87 90
99 34
50 39
73 86
38 47
60 85
24 59
58 51
4 97
25 77
60 73
31 11
5 40
61 92
46 78
71 55
82 30
51 70
68 21
94 23
96 46
29 44
9 44
15 88
55 86
44 80
58 29
47 63
50 22
63 35
88 93
34 36
39 17
13 74
81 27
34 56
72 47
39 47
73 52
1 9
23 70
87 58
23 20
90 66
41 47
28 34
49 12
42 59
65 65
97 96
45 40
83 29
91 85
49 95
63 38
98 23
88 46
13 23
81 48
10 36
37 55
20 61
4 14
47 68
60 87
23 90
52 72
76 65
17 100
81 38
73 5
36 38
67 1
78 90
83 3
95 29
87 48
53 36
15 26
78 97
88 53
17 7
65 83
43 73
77 39
1 72
80 25
25 33
75 88
15 44
52 90
53 78
97 61
19 51
34 18
36 72
1 42
70 87
82 9
99 79
44 80
17 10
34 34
68 34
18 96
79 69
65 81
96 97
94 27
53 25
7 84
53 66
67 71
47 2
92 32
27 66
60 80
7 95
92 10
76 39
28 14
24 96
33 68
17 15
42 3
21 40
39 6
63 92
58 36
82 79
18 100
85 58
27 32
21 81
28 77
15 23
46 35
1 88
19 12
87 9
70 56
3 92
55 58
42 13
62 57
83 62
49 69
31 24
90 78
20 53
27 40
23 26
18 99
15 79
41 82
92 35
95 7
17 43
55 65
45 49
47 17
48 9
8 9
87 68
51 13
85 32
81 69
99 82
38 18
98 25
5 20
74 59
20 12
52 13
37 9
62 30
23 25
66 55
14 94
32 88
99 10
89 45
76 37
66 31
65 66
27 36
17 81
2 3
28 59
67 20
36 35
29 24
49 55
6 2
43 70
99 63
51 28
89 73
48 49
62 33
71 84
15 71
14 40
34 54
66 53
21 74
87 4
1 85
61 29
86 98
88 33
91 91
72 25
73 48
3 77
86 33
2 6
16 38
82 9
8 94
84 75
93 2
92 20
72 28
5 88
25 8
39 99
3 39
94 21
75 17
12 79
17 90
24 79
87 83
4 52
1 82
14 71
28 47
48 4
81 33
24 82
17 16
87 73
29 84
29 36
75 73
16 46
99 1
46 88
95 99
11 10
32 81
10 84
73 31
7 37
66 23
26 73
48 4
63 56
87 85
8 36
79 44
54 62
66 15
67 96
81 87
97 12
45 100
61 11
41 51
76 65
33 88
32 15
99 18
99 43
26 97
39 89
48 45
13 36
95 50
97 53
53 16
78 93
13 28
81 92
77 68
16 36
93 49
64 4
89 9
24 4
82 36
40 30
11 66
62 67
13 100
44 67
38 23
15 92
54 99
13 29
89 88
96 37
35 73
67 61
46 85
70 6
39 91
3 8
99 5
67 40
14 10
23 19
73 56
56 7
93 14
64 39
87 24
23 6
9 52
96 52
3 67
65 77
100 75
91 88
20 92
46 18
79 17
12 12
79 14
58 78
21 29
2 71
37 41
86 95
93 10
7 34
96 15
67 99
4 84
57 76
86 95
88 5
17 100
36 30
27 57
97 65
58 53
37 61
35 41
55 53
33 99
77 76
94 85
53 40
56 55
100 66
63 37
76 17
88 48
47 100
41 38
59 30
27 61
56 73
35 73
42 33
79 48
79 99
45 21
5 9
71 36
2 2
32 37
82 82
69 97
3 4
32 51
72 23
7 38
35 20
40 29
30 46
60 50
49 61
3 27
39 77
23 48
89 35
39 82
23 38
47 30
87 42
7 86
56 70
40 29
9 25
85 33
28 68
23 32
36 95
57 26
22 89
51 44
78 72
93 19
72 97
32 54
60 29
31 21
80 90
46 46
50 97
64 89
5 15
84 13
39 20
89 8
67 69
54 62
89 44
30 99
35 16
45 17
46 50
54 19
1 98
82 43
18 54
57 4
39 15
79 97
68 27
18 30
10 26
30 99
79 34
71 55
18 92
65 71
34 95
85 82
92 79
11 55
21 18
41 80
99 44
21 73
87 38
24 2
4 76
70 25
39 20
45 12
6 84
24 45
88 36
60 50
40 16
2 63
7 29
90 42
48 73
73 80
79 49
4 81
89 39
54 74
93 48
62 37
70 19
89 1
31 20
72 72
64 75
74 58
41 99
27 82
69 40
59 37
73 93
75 12
99 38
71 21
22 13
39 92
24 93
99 51
81 7
70 99
27 79
1 78
37 74
43 77
91 34
9 80
17 8
35 63
6 72
5 39
60 71
20 49
13 76
73 89
46 100
35 96
21 47
67 67
63 7
53 77
16 21
62 30
41 35
32 100
21 69
71 79
86 73
60 56
46 78
40 99
23 18
43 89
42 51
61 29
41 44
43 68
81 35
75 80
12 40
35 96
37 5
58 94
49 44
46 88
67 50
51 35
20 11
5 3
34 18
82 89
44 83
42 85
44 17
50 63
29 43
57 18
44 39
9 86
82 62
45 74
94 97
63 34
97 86
33 4
20 47
32 90
98 81
5 43
25 46
85 9
28 22
30 66
96 58
64 79
66 79
81 39
66 7
96 39
48 60
84 55
2 38
33 26
62 63
86 12
25 15
100 29
19 46
61 58
57 9
40 23
59 84
85 23
66 54
61 94
62 32
100 28
38 16
64 91
34 16
81 59
67 22
69 87
74 4
95 92
93 22
12 18
84 99
70 79
58 51
80 66
32 59
41 62
69 40
52 11
92 86
44 30
1 26
58 99
7 60
74 26
60 69
13 84
9 26
39 96
53 87
85 43
16 10
100 59
17 28
42 65
18 72
40 34
64 59
73 40
80 69
26 4
51 38
52 8
74 46
