220 2
34 32
49 45
82 44
12 47
93 67
36 68
20 52
49 73
16 31
53 20
35 66
30 42
48 85
7 47
40 22
74 49
94 6
71 92
6 81
61 7
53 27
31 53
78 79
72 59
80 46
3 99
80 100
82 68
24 17
9 8
35 7
16 51
33 68
16 72
68 95
1 34
81 94
34 83
23 71
61 64
32 67
25 49
92 98
25 68
83 9
52 35
32 20
87 9
19 90
52 80
87 38
93 22
67 74
83 86
86 94
40 53
39 21
3 32
54 97
92 17
48 93
93 68
56 28
14 40
100 33
11 60
6 50
38 81
50 21
46 97
48 97
38 6
24 52
30 93
87 48
44 70
88 24
38 25
94 3
86 11
61 49
40 53
36 38
66 74
68 65
3 99
29 94
14 48
31 72
90 65
67 23
36 43
93 18
60 79
90 8
87 89
44 5
38 88
82 8
38 31
27 28
27 98
46 25
68 33
76 41
91 16
51 94
29 19
14 12
13 92
77 59
68 60
93 16
70 7
78 26
31 76
12 81
87 26
64 28
18 52
83 42
29 6
53 5
93 10
11 97
79 98
65 64
98 42
50 13
60 65
53 100
71 93
68 2
2 24
27 4
4 76
14 43
100 54
15 71
17 77
68 2
32 89
49 43
61 82
90 64
34 94
37 77
16 93
54 1
80 88
28 51
48 79
45 18
8 10
40 78
10 16
68 82
99 74
37 14
70 38
29 30
51 68
62 44
4 76
18 97
53 25
22 93
21 28
78 78
65 19
10 31
58 36
43 44
54 10
12 33
5 90
96 94
38 17
67 69
53 96
6 47
81 3
100 44
31 64
51 55
56 96
6 67
89 13
15 96
17 55
100 3
6 25
8 67
27 47
50 51
78 12
98 4
50 20
88 59
10 42
96 28
13 23
99 28
33 44
46 7
56 66
71 24
56 74
14 63
81 63
55 98
72 83
19 80
27 68
34 38
96 6
15 31
39 71
1 68
58 100
