410 2
14 63
37 10
82 4
97 82
29 58
45 14
39 14
49 36
72 94
95 53
89 50
68 88
74 72
24 25
79 92
59 87
25 83
17 57
68 51
5 21
68 38
90 80
100 53
28 47
47 46
84 86
3 9
19 9
85 77
86 73
11 34
87 76
92 76
45 17
42 25
44 74
47 31
1 11
100 74
50 47
35 73
94 63
8 44
80 38
33 47
87 85
76 73
13 34
41 19
99 10
1 18
5 82
98 27
65 70
86 61
1 81
58 10
32 96
82 55
3 37
17 9
19 13
1 5
37 53
70 63
78 61
46 19
11 6
8 68
37 71
56 41
39 23
45 87
43 91
56 91
67 50
19 24
22 80
8 96
83 42
35 37
13 59
12 3
45 49
64 28
77 94
19 80
28 90
83 53
97 74
5 60
2 49
33 87
67 83
64 19
92 31
43 98
68 100
100 98
94 25
72 81
74 86
85 43
11 60
47 82
18 7
39 60
62 3
6 40
67 26
90 1
88 58
51 17
60 32
22 47
44 28
70 21
59 94
40 28
72 30
20 90
51 98
21 17
44 8
55 27
39 68
27 59
31 96
88 95
18 30
1 10
34 53
33 55
62 47
100 4
32 68
8 78
42 95
38 11
70 41
89 22
8 28
75 64
14 6
16 89
3 36
97 35
28 28
5 47
98 6
75 70
7 75
76 31
33 6
85 75
53 90
3 8
94 68
62 52
65 38
86 68
51 48
42 67
86 39
20 21
45 24
60 57
50 67
46 60
43 47
89 56
99 38
40 19
75 23
64 64
44 3
12 78
27 19
47 17
91 53
57 40
79 36
18 24
98 23
12 55
50 8
79 46
23 25
66 14
36 78
71 58
10 89
37 24
96 3
94 90
29 86
41 59
64 58
80 29
16 23
33 7
38 76
32 67
50 92
28 49
19 97
30 9
63 44
82 45
27 28
94 60
26 81
39 62
60 84
56 28
8 100
92 56
41 69
46 66
19 59
56 46
39 81
50 80
76 9
45 87
82 71
73 63
29 82
4 82
32 92
63 97
66 42
68 14
35 86
100 87
89 83
40 82
17 73
68 91
26 53
69 60
53 15
80 3
59 41
4 41
51 11
13 92
45 99
46 47
13 6
64 39
77 81
70 16
72 67
52 97
78 49
14 12
48 72
68 78
4 9
63 10
94 65
57 17
76 59
2 11
94 24
54 65
28 83
15 46
98 52
22 83
34 24
8 50
7 48
82 9
100 13
52 80
99 62
54 79
2 44
35 32
43 98
20 52
71 17
95 100
9 78
39 91
58 11
75 94
1 89
17 86
32 23
64 91
14 5
90 61
32 17
44 58
47 80
18 16
24 31
5 26
39 66
79 73
98 82
8 42
53 92
33 27
11 57
18 100
11 95
8 83
84 36
51 27
99 9
10 68
89 50
98 94
59 3
84 9
73 69
64 69
27 45
3 88
41 39
38 47
80 25
14 71
14 29
13 20
46 38
57 1
74 75
64 25
33 14
31 46
84 3
44 36
89 1
58 53
33 97
62 15
84 72
88 50
89 17
81 76
35 25
53 71
89 15
25 12
38 43
30 97
79 37
71 84
2 100
60 18
100 3
57 98
69 33
94 45
86 67
36 43
69 39
7 23
17 21
57 93
62 49
88 1
17 13
71 7
55 97
56 63
17 43
23 58
76 25
97 94
94 37
33 35
45 16
92 76
5 52
57 63
39 83
19 9
94 1
98 72
25 2
54 27
93 36
38 26
93 63
14 3
88 86
67 33
22 43
57 94
45 35
24 30
59 31
44 27
89 34
73 59
17 40
67 54
67 80
66 84
84 96
25 22
21 43
100 29
44 4
