250 2
36 12
37 73
74 23
77 2
2 78
90 84
54 51
22 89
57 6
18 53
52 1
34 44
7 75
47 56
25 24
9 62
37 83
6 3
92 30
79 10
7 95
98 11
74 29
32 48
98 26
69 80
23 18
21 39
60 12
12 76
29 49
1 89
6 54
3 68
19 60
63 85
5 42
52 36
52 15
88 96
54 8
61 56
17 51
37 28
91 68
92 46
2 2
74 42
30 60
23 26
35 55
12 57
55 85
19 29
87 15
27 26
53 15
2 83
80 34
37 92
12 56
39 18
26 92
13 50
45 36
37 15
96 26
59 23
60 61
85 50
67 47
62 54
97 5
55 89
27 33
78 38
24 80
6 36
55 9
61 42
44 13
66 71
57 3
12 64
80 79
73 25
23 39
90 24
6 22
37 72
29 57
40 35
99 35
10 99
64 22
29 35
45 55
100 43
26 65
50 74
33 58
73 98
2 22
46 38
99 69
48 96
29 49
98 18
54 72
73 6
36 89
60 23
26 67
56 94
91 35
9 84
2 1
77 44
30 65
44 81
41 62
95 35
23 12
51 93
36 31
42 100
76 78
3 5
75 100
29 62
69 10
34 87
55 7
40 63
83 82
53 95
13 38
29 59
65 67
34 36
28 59
7 51
94 49
11 70
97 58
84 45
54 33
54 60
17 87
50 97
30 52
71 9
48 85
39 89
12 67
48 67
96 78
74 5
8 20
58 61
90 22
74 15
2 100
67 40
43 6
90 59
84 72
50 3
38 31
47 53
97 55
5 44
5 30
91 32
57 35
55 76
66 32
28 4
51 62
83 57
86 28
3 52
61 90
16 71
18 24
95 24
54 53
61 74
83 36
100 11
79 3
99 66
58 66
83 65
56 43
28 65
98 43
87 77
6 50
61 97
27 74
54 27
39 88
22 90
66 89
80 65
97 62
52 4
95 41
82 42
3 86
82 39
74 18
18 16
89 59
8 34
83 72
55 98
90 98
10 70
52 88
93 57
4 53
51 27
24 8
98 9
52 98
21 74
87 2
61 25
75 75
23 99
66 79
11 87
73 69
21 63
16 72
20 54
90 42
99 27
99 30
60 12
59 95
1 69
55 40
79 34
22 52
76 38
21 4
27 92
