850 2
62 47
43 49
19 26
83 95
19 46
7 46
53 51
72 14
44 58
16 92
18 44
53 68
56 60
73 44
20 1
77 31
72 100
50 39
63 29
20 98
41 74
99 59
44 93
18 13
87 24
23 34
54 41
92 41
52 87
31 48
41 75
47 81
71 75
26 83
68 13
84 99
15 77
5 1
1 6
96 12
61 74
43 8
98 41
22 90
77 6
92 94
14 72
1 46
80 45
22 59
88 24
64 21
87 18
84 90
60 51
51 29
59 10
26 6
50 80
1 62
15 6
18 89
3 14
84 38
39 68
58 64
10 62
40 73
65 45
24 84
1 41
51 79
27 23
81 47
47 42
19 3
57 6
24 78
69 60
52 46
4 38
94 98
32 27
26 60
14 79
35 75
78 34
84 92
79 4
39 16
3 17
92 20
71 34
62 10
79 85
85 6
84 74
51 34
92 45
85 66
3 62
37 29
55 46
73 27
73 46
65 60
9 67
20 40
15 74
35 43
23 50
17 96
71 31
44 67
12 54
80 78
13 22
81 20
50 5
87 59
18 76
35 41
44 62
74 47
49 75
99 56
16 20
93 23
42 63
31 74
26 15
5 96
99 30
28 62
74 17
2 58
22 30
83 73
23 48
71 57
38 55
65 81
47 27
58 40
92 80
20 40
8 89
54 69
87 19
73 12
79 13
62 94
68 16
46 13
90 93
37 20
14 69
90 19
57 73
57 94
56 88
16 64
66 17
74 24
18 26
25 39
37 80
73 3
64 21
13 66
32 51
95 80
66 99
83 25
61 83
43 33
99 34
1 66
65 87
75 5
51 81
74 74
31 17
35 73
100 83
49 66
26 68
19 51
20 29
96 33
14 59
71 92
3 43
61 54
86 6
99 47
85 39
41 48
79 65
41 29
44 64
42 12
69 21
77 9
29 21
15 91
99 44
46 25
89 38
25 75
19 47
59 93
16 89
69 52
25 35
36 93
63 52
92 54
49 95
54 4
28 90
88 60
42 54
82 48
36 19
95 41
36 74
58 44
77 61
5 76
75 11
22 29
92 6
18 10
90 14
16 25
88 10
76 93
7 16
74 66
74 46
21 85
25 99
69 13
9 13
42 54
75 22
80 75
49 6
10 22
8 42
89 12
54 95
66 19
16 100
66 81
63 57
48 12
97 86
86 55
10 23
23 34
96 39
40 71
100 30
36 18
79 52
59 28
47 92
3 66
72 44
65 45
89 39
82 74
62 38
85 100
88 62
23 18
87 88
53 4
24 5
30 54
50 74
56 20
71 22
42 51
66 19
88 86
48 81
82 15
15 45
8 21
54 35
30 60
97 54
51 76
98 58
21 8
71 79
20 19
55 35
88 38
48 17
24 79
99 99
25 22
17 94
37 29
41 21
18 99
8 4
94 60
93 46
81 10
54 28
50 29
65 75
66 44
96 42
58 38
87 69
3 60
67 65
7 5
73 99
33 11
18 4
90 93
70 18
73 80
70 24
24 14
30 89
98 96
9 57
40 79
55 56
12 97
97 50
51 43
43 61
59 35
56 59
76 30
74 93
42 84
75 6
63 42
74 10
34 49
93 53
82 17
84 99
43 6
69 61
72 87
76 9
36 73
14 73
6 32
7 17
18 66
33 59
18 17
86 68
97 86
4 29
84 63
79 48
19 33
56 54
82 81
81 78
24 46
66 83
11 91
97 60
66 74
87 86
42 87
38 65
9 23
30 54
51 56
62 53
16 14
71 92
17 1
55 92
12 39
7 15
6 6
68 66
75 69
81 13
93 18
7 49
32 89
23 75
49 57
86 75
51 86
32 39
91 28
64 31
90 59
7 21
49 61
75 19
45 43
17 92
91 13
12 94
53 2
79 94
87 98
47 21
70 66
93 88
44 49
84 15
70 88
10 100
93 88
45 60
4 4
88 2
74 3
5 29
66 17
84 39
18 89
46 94
68 69
35 68
15 1
97 2
84 16
85 98
34 100
79 8
40 77
11 90
84 54
68 9
16 30
92 90
14 72
38 48
28 86
72 44
20 96
1 93
65 54
75 82
89 32
2 87
82 74
87 57
40 69
12 6
5 58
48 45
92 79
29 88
90 42
24 11
55 63
14 31
75 98
100 50
54 44
90 98
99 74
69 63
80 82
10 49
11 57
42 95
50 6
5 45
54 93
11 26
94 73
14 1
93 44
9 60
36 63
71 63
45 39
41 83
87 17
14 33
95 83
100 21
61 48
80 63
53 19
74 66
47 31
53 98
26 8
87 28
80 54
20 95
59 38
63 16
42 46
29 9
85 21
56 28
2 88
15 78
61 76
67 49
75 87
56 24
2 67
67 60
51 64
6 67
54 40
7 34
37 54
52 83
11 48
88 2
92 71
43 21
19 12
34 86
11 49
61 79
55 83
63 49
76 59
82 13
66 33
47 34
51 69
56 12
67 81
75 43
68 23
89 93
38 72
7 93
29 82
95 53
32 100
46 78
89 63
72 25
97 13
31 55
70 7
63 76
23 45
74 56
15 69
17 91
87 42
96 79
55 71
23 74
2 35
86 96
75 8
58 31
65 81
23 94
47 54
15 47
71 4
3 10
92 68
96 22
98 12
5 56
15 9
91 83
24 70
90 79
59 5
53 22
60 51
100 28
60 47
58 70
24 86
41 3
12 86
42 85
100 84
26 36
40 37
29 92
67 62
65 10
65 62
53 21
30 99
27 22
56 10
91 39
77 9
24 11
28 84
49 29
4 64
2 88
98 72
86 73
42 80
62 34
26 43
26 74
85 54
90 79
62 55
25 97
73 51
94 63
81 40
71 82
16 42
94 49
76 16
26 14
65 65
84 17
4 64
55 77
46 52
77 52
78 33
2 53
3 41
19 67
85 19
79 46
6 44
94 80
62 71
97 24
55 21
11 7
81 89
39 94
63 52
4 64
38 50
54 91
73 61
27 68
74 80
59 44
13 96
86 62
54 25
64 18
41 80
13 17
41 31
28 46
97 56
35 7
15 99
69 10
9 16
1 26
12 89
86 85
31 8
64 92
76 22
66 94
73 51
7 62
29 28
55 37
48 62
74 8
10 32
94 56
22 47
23 6
2 58
20 47
2 82
80 42
42 10
7 40
18 99
53 16
91 36
75 53
88 17
29 87
81 6
92 81
100 98
78 2
50 29
41 34
66 83
71 73
32 27
87 20
28 32
22 18
80 79
82 25
47 98
9 80
48 29
99 32
40 75
13 23
18 32
79 99
10 52
29 43
88 6
27 29
59 27
96 42
41 43
91 70
32 20
65 51
79 13
77 16
88 32
35 35
70 39
67 93
49 96
26 81
77 90
70 28
4 24
25 83
27 78
9 15
66 56
35 78
7 48
73 34
31 90
77 74
64 12
48 38
47 71
6 77
25 48
91 61
7 9
35 1
24 87
45 64
16 30
99 95
6 31
83 98
80 2
7 41
74 82
39 37
3 57
99 33
18 67
33 54
69 36
36 95
42 12
48 36
29 26
69 10
89 29
94 22
89 13
50 62
26 15
4 43
4 27
51 54
28 81
42 63
63 88
50 11
12 85
46 8
61 30
32 29
62 93
20 41
4 32
22 97
85 77
63 85
6 65
59 11
18 30
64 51
85 57
84 87
55 69
18 42
27 7
100 54
49 6
61 34
74 10
69 35
60 96
60 20
16 80
5 12
62 94
45 7
95 75
46 48
53 27
52 69
79 88
57 49
1 35
13 53
56 96
70 57
49 44
33 72
48 80
72 58
15 98
81 22
87 81
1 46
76 48
89 93
27 78
35 22
89 21
4 5
82 94
91 75
94 21
73 68
100 12
