120 2
78 31
73 70
28 49
99 71
96 33
47 58
58 51
1 93
5 37
77 3
67 18
39 1
39 29
28 41
3 99
89 36
71 66
72 74
74 20
13 5
59 46
20 18
34 47
75 32
30 33
39 12
74 52
73 28
94 10
93 42
62 23
63 89
90 74
13 77
83 39
5 94
74 49
11 100
8 99
43 45
56 54
16 99
30 96
84 78
2 82
100 81
49 7
40 68
6 41
70 73
20 42
65 90
29 20
7 87
94 51
58 97
77 74
65 12
29 56
38 51
19 17
44 11
61 74
96 7
71 52
34 11
52 65
56 100
90 17
98 18
62 72
26 63
51 84
74 26
72 79
95 68
32 32
10 35
100 56
42 88
74 12
15 86
53 55
47 45
25 42
45 77
84 4
99 40
22 45
79 57
80 19
57 6
30 26
88 48
20 97
94 11
15 95
7 32
80 19
37 2
44 89
15 40
58 61
3 43
27 95
69 28
27 70
67 97
34 71
62 80
94 19
89 90
86 3
49 75
85 68
6 33
22 8
37 26
90 80
35 7
