520 2
17 10
13 71
58 19
65 91
97 69
34 27
43 80
60 80
99 86
7 25
48 49
45 15
9 54
77 78
65 55
1 64
64 83
67 91
39 97
4 30
15 87
4 48
92 78
87 43
95 32
23 47
90 2
65 87
47 67
4 34
86 18
49 58
19 56
76 54
50 72
18 95
39 97
76 36
59 35
49 80
24 42
79 57
54 73
17 33
53 84
42 68
36 8
27 97
43 19
53 18
10 22
8 37
2 61
71 40
35 31
61 15
7 4
30 12
41 30
79 12
20 8
34 5
94 71
6 52
26 58
51 29
10 44
65 54
77 3
40 47
11 31
21 80
28 16
12 32
59 14
72 88
32 37
71 85
31 5
66 49
96 31
62 8
14 20
56 64
94 81
63 3
57 78
35 9
36 99
17 67
23 34
69 69
31 12
40 36
88 55
69 24
88 88
93 8
35 3
11 70
2 85
63 79
36 77
66 2
87 2
82 53
45 80
48 29
33 99
61 73
45 89
62 50
42 10
28 78
56 7
13 28
13 29
17 12
4 63
81 2
95 29
22 37
59 18
59 89
15 19
82 17
39 52
30 100
76 98
40 68
34 11
72 38
73 65
56 80
29 41
1 19
69 87
47 1
14 34
56 68
79 59
57 28
45 27
88 54
97 90
66 55
88 49
56 93
77 54
9 57
81 6
24 61
60 99
45 96
74 10
12 3
58 89
22 100
33 68
28 41
14 97
92 95
54 62
97 1
14 4
31 87
64 60
43 54
48 68
97 56
86 80
92 41
76 93
36 52
62 90
27 72
83 93
87 44
24 96
23 14
75 58
55 52
36 97
47 72
7 60
12 77
97 8
53 36
43 60
92 7
6 20
36 51
20 75
47 85
92 49
49 65
4 47
10 9
81 75
39 59
20 41
85 76
95 38
66 57
62 93
50 16
22 56
86 66
44 29
10 37
89 90
91 1
89 99
1 5
24 30
61 55
62 28
56 4
48 11
57 9
30 50
37 36
44 78
96 23
32 55
33 73
78 63
93 76
70 47
11 17
39 52
9 92
22 96
44 45
78 41
90 54
77 24
32 9
67 30
15 92
96 95
35 23
48 50
5 25
47 13
94 72
28 61
27 32
80 14
65 33
84 87
68 54
3 56
9 87
43 83
3 36
68 47
40 66
62 40
27 76
6 4
95 21
95 8
65 89
78 14
34 8
94 76
54 36
52 49
36 24
40 73
37 10
70 22
61 42
99 38
89 28
6 60
92 15
39 81
11 58
40 64
82 14
98 47
60 36
76 76
100 96
52 95
34 59
22 28
56 51
11 93
10 59
52 10
35 64
2 22
58 79
88 87
34 83
99 8
33 76
68 85
50 10
13 14
58 22
35 58
88 92
94 71
79 16
33 86
54 45
31 95
36 49
11 80
83 23
33 5
1 12
93 18
7 20
75 65
75 82
45 46
92 40
68 16
59 23
52 62
89 30
10 86
19 74
27 37
6 33
59 22
12 10
61 33
48 82
84 55
8 19
95 54
61 9
40 5
52 20
4 93
80 50
81 26
9 57
87 71
49 33
71 77
58 13
33 32
77 56
53 99
81 83
82 5
95 100
1 74
66 50
58 69
1 87
3 4
9 32
26 6
25 38
100 79
2 23
46 62
44 12
8 92
72 83
93 11
75 84
28 78
7 16
86 45
40 99
3 41
51 22
53 73
85 42
76 48
13 73
63 42
27 78
70 73
45 38
58 54
77 83
2 74
35 12
44 67
50 29
14 74
48 74
7 32
44 64
99 89
75 8
53 24
85 21
35 71
98 10
31 74
88 18
76 97
86 34
24 100
95 67
62 17
63 54
42 9
90 16
95 39
5 21
6 3
95 64
84 97
89 25
16 81
4 49
86 47
22 49
62 63
52 59
55 31
74 15
60 99
10 4
38 87
32 33
92 9
5 91
51 17
65 52
90 33
64 81
78 23
26 11
62 92
96 92
50 11
96 87
13 34
57 94
82 67
66 17
40 33
70 13
42 56
36 17
52 38
26 79
86 55
79 35
46 77
14 45
15 86
10 49
12 32
14 38
92 66
99 80
57 89
10 96
74 43
43 15
34 49
24 32
3 94
15 100
94 81
28 64
15 71
77 25
19 60
51 55
48 18
93 53
65 47
32 2
57 98
38 93
95 40
6 13
89 36
91 25
52 55
86 33
33 94
55 73
2 21
36 81
55 52
54 97
95 36
81 46
6 17
74 73
59 10
95 65
74 30
32 16
77 34
57 84
99 17
31 43
22 94
33 68
68 92
6 62
83 13
79 87
86 52
30 12
39 19
73 9
68 43
10 50
66 50
20 15
20 39
30 73
