630 2
81 32
100 69
24 81
56 72
13 56
4 82
90 54
50 53
22 44
79 66
29 73
21 42
66 98
17 84
34 90
15 33
69 31
9 8
30 12
22 98
90 76
87 46
31 12
33 73
51 36
48 41
30 76
64 28
72 40
49 2
47 75
61 9
50 62
44 29
99 83
80 35
82 62
38 63
93 77
38 42
76 96
77 29
40 99
24 31
37 91
44 74
99 86
32 14
35 11
97 29
83 76
54 18
74 16
89 49
54 10
72 10
28 69
77 64
18 27
16 73
51 93
2 9
69 66
12 79
81 27
80 87
57 40
6 16
9 34
2 80
26 6
28 8
50 1
52 51
84 96
4 31
21 81
62 63
77 2
40 70
80 80
69 78
41 15
92 27
3 30
62 56
62 62
57 80
21 1
14 57
44 1
27 71
45 24
71 76
32 13
92 88
52 47
2 56
45 28
57 46
72 60
5 95
67 34
41 16
100 80
56 12
29 10
99 25
59 24
45 78
6 23
49 43
26 45
92 70
96 72
9 90
71 46
83 49
11 5
57 89
81 68
76 43
29 9
72 47
97 48
80 100
65 88
85 87
85 36
65 19
79 37
55 25
59 84
46 86
34 82
80 41
47 61
42 83
9 96
60 43
88 60
33 87
11 45
75 99
8 94
78 9
10 99
78 76
79 89
82 18
10 51
23 74
71 2
54 15
36 89
72 78
67 88
97 97
1 94
11 24
67 85
42 26
2 27
38 82
16 58
89 29
59 3
76 86
86 16
22 94
88 31
51 82
28 47
66 32
58 82
27 40
87 86
46 81
46 50
92 40
50 61
86 64
84 94
38 78
21 23
26 14
29 79
81 9
92 46
15 3
27 89
61 84
88 100
73 27
94 69
82 33
76 18
16 26
60 31
93 32
21 69
25 11
64 68
47 55
79 77
67 75
19 86
47 69
62 8
82 16
46 40
48 84
66 36
11 18
60 32
56 92
44 38
81 60
37 90
91 73
86 51
44 61
71 15
50 99
70 21
8 85
99 43
98 36
28 55
20 2
47 68
71 81
5 14
79 93
98 1
86 15
84 25
68 53
29 2
2 53
41 10
95 97
22 37
64 81
71 97
45 32
86 63
22 35
75 18
68 45
9 16
14 64
96 10
5 83
74 14
24 30
51 82
16 53
29 35
1 56
51 97
13 58
55 15
100 93
72 23
15 34
89 44
85 78
77 7
35 80
94 65
28 80
97 99
47 36
48 37
11 51
31 17
28 99
24 34
63 49
37 70
83 78
94 98
34 43
43 66
12 59
88 71
78 55
27 79
64 50
31 20
68 58
45 18
28 71
4 10
78 82
55 43
54 91
13 9
46 48
57 3
17 9
37 11
52 91
52 17
95 45
88 72
44 28
78 70
91 57
79 37
43 49
68 57
88 91
68 90
1 95
57 60
47 30
28 19
10 13
44 59
12 40
36 92
7 26
27 6
70 27
79 18
15 25
42 74
17 65
64 12
98 46
50 54
31 9
83 13
50 4
71 74
64 81
5 80
42 59
14 80
24 78
41 61
33 61
94 5
67 4
2 94
43 11
40 52
34 17
33 2
52 2
7 45
71 99
5 10
2 7
82 3
98 9
43 32
13 39
95 72
86 92
30 34
12 6
28 73
19 66
20 74
21 78
13 56
90 73
99 30
84 47
88 63
94 45
88 94
61 97
52 4
94 24
35 24
66 23
30 5
28 18
38 88
85 62
50 39
99 98
17 21
49 27
32 73
30 14
23 7
72 77
62 28
28 58
60 95
70 8
82 42
11 59
17 44
88 92
52 92
92 1
41 13
75 47
57 49
84 11
90 11
19 77
25 19
78 47
44 83
74 63
21 73
10 62
5 29
82 47
28 80
65 15
92 41
90 11
90 50
71 73
91 76
62 100
55 51
89 69
94 18
40 87
76 65
41 1
32 27
61 14
40 35
60 95
13 28
13 52
71 60
46 21
66 51
97 83
85 55
41 89
17 36
30 35
81 91
22 30
17 66
69 11
47 57
87 98
24 18
23 52
32 98
39 10
83 58
93 65
61 71
34 90
67 87
52 95
8 80
42 39
36 40
76 60
48 48
44 27
4 57
41 76
22 100
60 57
85 43
72 2
79 10
68 86
9 74
14 48
72 17
81 16
33 36
90 88
48 16
12 34
92 3
92 39
67 32
98 45
63 29
72 91
24 61
89 42
57 16
50 19
72 36
50 88
69 77
13 44
88 44
48 95
68 17
24 74
22 47
5 3
43 47
18 61
55 60
8 14
57 52
73 26
75 91
90 97
12 43
93 5
39 91
72 88
80 90
72 44
78 24
29 80
83 33
73 74
49 87
46 64
84 44
55 91
44 60
4 55
34 81
18 95
91 97
80 22
94 100
24 5
9 23
23 28
32 96
64 32
56 54
49 5
98 39
67 79
36 95
75 7
50 65
92 7
97 35
97 66
85 7
46 10
2 54
55 29
32 7
73 82
86 94
90 5
10 77
89 83
31 25
87 31
70 13
100 92
69 6
42 92
88 70
17 45
50 84
69 12
31 16
48 4
67 30
54 82
86 26
26 36
62 80
43 97
73 53
60 21
40 8
84 11
86 53
50 41
52 34
26 28
63 54
7 100
83 57
35 61
30 34
33 70
6 37
80 93
96 99
71 60
59 23
84 79
46 84
47 20
48 37
71 59
68 3
19 13
85 82
55 37
36 98
5 8
59 86
68 7
77 40
38 60
48 5
20 25
28 8
83 75
4 67
43 62
50 7
32 73
51 70
65 36
14 78
57 32
50 93
34 61
54 63
17 19
79 86
64 58
31 23
7 46
65 16
41 59
