890 2
21 43
32 78
66 12
31 43
81 12
7 74
9 96
19 75
44 8
21 39
21 27
9 2
3 62
59 94
79 9
57 50
40 34
63 94
87 17
43 58
22 26
39 39
44 97
55 94
11 32
91 96
61 12
45 70
32 78
4 78
64 67
74 6
58 2
68 18
94 72
97 100
35 23
51 80
88 10
53 23
6 74
79 66
57 78
52 62
86 43
79 53
14 17
49 8
71 59
4 21
3 75
19 72
78 26
4 88
70 36
61 11
51 84
20 82
59 69
97 92
16 25
34 20
68 94
50 50
11 23
67 94
45 52
44 93
42 53
58 95
77 21
10 40
38 82
50 20
3 27
38 8
59 52
71 44
27 24
15 62
34 51
51 90
98 5
47 69
45 63
10 30
41 4
42 49
39 77
81 3
68 13
65 12
44 58
18 67
68 58
19 34
87 88
73 43
16 9
1 65
49 39
75 29
40 93
66 91
49 15
66 30
10 74
1 71
71 61
24 98
35 80
23 99
59 44
66 88
5 71
26 53
97 57
34 56
70 10
43 18
58 36
66 6
55 68
100 24
71 24
26 2
2 64
31 79
88 42
11 37
15 32
37 61
42 79
34 51
16 21
85 66
63 75
100 57
24 3
66 24
85 28
55 10
96 88
36 95
5 67
70 68
51 53
25 94
71 9
45 78
63 56
3 86
76 80
9 38
93 34
27 46
12 22
63 57
32 48
40 73
54 87
53 80
66 61
78 47
89 7
77 18
50 34
54 50
23 52
34 49
90 95
29 87
54 3
47 21
47 90
100 18
76 15
62 25
45 77
46 78
53 20
54 65
76 82
18 95
98 56
15 16
96 25
73 64
50 84
42 22
9 96
3 87
66 82
40 89
75 36
16 28
5 21
19 69
51 53
43 86
58 64
91 97
74 34
39 46
12 38
52 69
79 57
7 22
30 64
46 18
6 37
36 88
83 18
15 95
51 45
56 23
74 46
35 16
97 37
32 28
4 5
9 27
91 80
79 21
86 1
79 31
61 67
4 45
83 47
26 90
74 49
61 60
23 6
99 10
25 10
12 77
11 23
12 22
29 80
6 100
60 40
13 71
15 14
45 60
15 11
59 8
88 88
75 38
44 67
69 31
47 42
66 92
18 65
38 96
29 84
57 25
61 71
94 98
51 29
62 33
76 13
89 78
8 34
24 65
88 46
40 55
21 58
66 51
86 35
23 44
6 14
36 55
81 2
99 48
68 39
84 84
38 87
4 61
31 4
52 77
10 29
49 96
79 93
90 58
5 54
52 40
90 82
28 2
21 51
39 67
70 37
60 81
82 48
2 38
59 98
72 53
94 20
87 83
26 69
46 91
41 16
28 93
9 54
83 39
15 100
59 47
98 91
66 94
40 51
51 95
88 38
17 77
51 80
42 38
29 70
66 65
75 93
44 86
58 13
84 6
49 8
11 53
6 57
41 96
28 43
36 61
100 82
70 49
50 87
96 3
64 73
25 98
86 8
14 49
76 18
35 42
12 39
85 77
41 1
44 53
28 98
84 80
59 17
87 38
94 48
42 57
82 13
59 33
46 95
16 12
8 82
88 98
81 5
27 57
30 97
42 33
5 89
75 21
79 14
65 38
27 74
92 24
87 45
91 40
58 53
55 25
15 72
63 7
84 36
57 6
14 21
73 92
27 91
48 49
55 82
66 33
34 39
69 47
96 86
7 24
84 90
75 16
87 2
51 25
30 58
21 98
90 61
28 79
64 84
71 98
49 61
99 89
16 31
92 72
14 16
63 42
73 72
99 4
98 72
79 37
57 86
10 87
26 62
62 8
48 82
51 6
89 73
11 87
11 76
42 38
46 7
50 21
39 74
98 55
2 21
27 59
40 34
93 68
15 67
94 6
35 100
79 49
38 47
74 71
22 32
59 89
17 31
63 31
14 5
17 29
50 92
63 20
56 98
82 11
77 55
63 60
56 42
59 87
84 22
43 72
35 80
45 43
86 76
46 49
14 55
64 72
25 78
35 24
72 83
20 24
89 19
41 41
87 70
78 18
80 22
56 64
60 67
93 46
53 61
53 38
90 98
22 22
89 1
42 93
45 77
51 52
36 75
35 98
87 85
77 9
75 47
12 94
85 54
33 76
71 96
58 57
14 2
84 86
74 91
65 98
77 59
41 15
52 89
58 86
16 42
8 63
13 84
62 9
55 74
63 50
56 94
95 70
65 86
57 74
25 62
60 33
49 67
77 3
94 4
68 13
30 55
99 59
10 36
24 88
51 44
69 27
93 42
72 39
55 100
13 88
22 29
32 37
29 35
63 44
83 92
93 58
91 85
59 17
20 26
8 32
14 41
12 19
53 36
44 65
30 40
83 33
33 46
70 64
43 14
100 84
72 21
35 25
8 54
15 49
54 73
68 66
4 24
57 86
41 15
21 44
32 42
63 14
16 48
70 42
57 40
72 92
72 15
73 35
61 38
77 13
97 71
1 65
49 13
62 66
43 3
71 82
54 33
20 89
89 5
3 84
57 38
50 17
14 91
7 66
58 70
44 65
15 6
69 81
32 31
89 34
35 6
52 75
70 28
65 98
61 7
43 77
17 44
76 83
47 32
10 89
68 12
100 83
45 32
42 77
92 11
14 77
39 84
94 69
11 17
99 48
53 31
37 76
91 86
63 37
74 56
6 91
93 8
94 91
64 15
72 87
24 92
72 27
47 88
17 48
29 48
82 33
66 17
70 61
14 39
71 56
31 64
82 85
46 12
56 86
17 25
56 9
90 9
77 40
61 85
7 49
73 59
18 16
92 60
41 11
20 98
61 63
51 22
19 42
73 82
19 47
66 20
47 92
99 65
68 17
64 79
23 20
81 49
87 35
95 18
65 18
49 87
43 80
19 43
94 9
9 59
68 39
80 47
100 88
60 4
30 53
77 17
65 39
45 86
76 14
55 72
37 7
76 2
93 3
95 4
34 66
8 22
44 25
72 98
31 96
8 46
30 24
66 66
98 43
37 38
86 99
25 6
78 41
94 36
10 34
12 98
38 8
39 60
92 99
36 2
8 77
96 82
10 83
1 12
3 49
75 96
57 7
52 82
99 82
18 67
91 34
74 5
76 40
67 42
33 79
36 21
72 46
15 72
70 47
77 62
66 81
73 76
62 97
87 67
33 25
96 44
30 25
64 22
50 85
23 82
18 9
65 44
34 25
75 71
9 3
58 95
92 23
72 92
82 92
89 90
73 20
89 59
72 14
69 44
23 20
44 64
6 37
77 49
30 12
73 17
77 10
1 5
39 65
36 52
82 71
89 98
66 9
16 15
69 72
22 51
28 54
73 55
24 70
69 47
29 99
84 36
56 86
23 43
100 66
60 19
21 57
21 93
97 42
52 61
65 57
41 16
43 33
14 35
11 80
49 79
8 50
85 54
52 66
94 74
13 21
73 95
13 8
36 2
11 53
75 84
97 84
59 59
55 27
15 20
80 20
4 8
73 85
23 65
94 21
18 95
5 60
55 71
62 88
83 34
35 33
24 49
17 42
16 23
44 86
79 94
23 72
4 57
40 95
89 81
20 37
3 89
41 73
81 47
9 24
26 10
66 59
90 83
37 35
25 81
21 8
44 36
66 8
33 61
89 79
9 55
83 75
4 93
100 49
34 6
10 52
33 32
55 48
54 30
100 56
37 44
64 19
58 40
40 34
48 9
98 35
31 88
61 8
32 46
42 66
96 44
29 59
75 58
4 72
12 79
8 86
79 69
17 53
100 95
31 84
11 76
24 61
52 32
55 51
9 35
5 100
50 47
36 84
74 7
65 18
9 33
82 94
64 16
75 12
62 62
53 88
41 10
67 36
23 65
47 69
10 64
98 17
60 19
10 49
10 81
22 28
7 58
83 37
29 94
69 21
23 48
44 83
54 70
40 64
31 68
56 18
54 6
36 19
20 70
75 48
10 59
3 32
25 70
32 71
7 66
90 10
87 42
78 14
12 14
49 82
76 40
25 40
