100 2
79 26
17 44
92 23
42 8
3 19
76 91
19 100
15 68
47 10
48 91
85 51
76 13
44 39
42 18
21 94
56 82
63 84
41 23
91 72
89 79
46 29
86 76
23 49
40 94
89 38
17 23
94 1
90 74
51 99
73 5
24 78
41 79
29 82
73 14
64 19
43 96
10 31
45 41
22 82
12 91
86 82
94 43
58 2
34 27
32 89
9 45
33 14
93 1
7 50
57 94
54 22
53 64
49 45
70 49
13 62
74 84
98 88
29 21
58 10
5 38
3 41
34 14
10 44
22 49
21 94
10 71
12 44
77 79
62 91
4 56
84 22
78 56
21 7
13 43
27 25
53 90
71 93
94 70
34 85
37 39
31 13
7 51
74 71
63 20
7 47
1 55
12 38
85 81
77 62
26 13
4 27
22 82
38 11
61 15
40 51
61 63
85 34
12 83
70 50
24 48
