1000 2
88 61
40 73
2 32
28 7
48 100
68 97
22 64
16 96
26 55
63 98
40 21
82 72
53 97
12 21
17 29
60 23
28 18
14 64
6 42
46 49
42 63
81 13
10 90
68 3
27 20
64 58
11 80
59 56
34 62
80 92
9 20
7 94
51 64
38 68
1 4
29 5
65 63
22 26
36 100
93 13
64 90
35 53
83 12
29 94
74 70
56 87
56 72
10 33
89 23
97 97
65 30
9 85
43 43
69 1
77 47
40 52
35 62
9 8
81 69
92 15
8 62
42 95
73 71
64 44
69 34
94 5
93 18
95 18
11 25
58 47
77 4
99 54
59 24
33 46
60 70
15 64
73 62
26 54
34 29
19 95
43 32
10 48
72 70
34 19
15 19
28 86
2 46
28 81
16 30
26 98
11 32
26 77
44 65
84 67
20 81
44 3
34 29
44 36
71 48
23 48
57 22
63 78
15 23
95 90
15 7
60 63
27 30
57 3
96 92
30 34
33 38
88 86
52 51
38 52
44 87
21 32
41 18
3 74
3 52
50 23
37 39
5 38
12 55
52 65
34 81
62 67
21 98
71 10
9 35
2 43
59 66
100 28
89 34
79 88
75 1
37 19
38 29
7 72
19 93
28 88
49 23
67 38
48 14
38 19
57 2
57 47
28 45
44 15
89 25
91 45
75 16
87 45
51 65
52 12
79 97
39 76
65 44
30 32
15 88
93 75
5 32
57 23
92 29
68 70
21 48
72 48
45 23
43 32
26 25
17 27
82 39
87 25
51 59
30 3
62 13
94 4
36 25
8 80
75 54
84 55
86 31
68 17
80 84
21 95
44 42
31 47
51 13
30 95
34 79
60 18
89 77
42 44
19 96
11 59
56 3
23 39
1 64
17 38
75 5
79 13
70 76
23 88
5 64
50 29
67 80
38 29
19 49
90 42
50 18
27 37
37 96
52 97
33 88
4 80
90 58
80 26
13 71
88 42
94 79
52 76
57 87
61 18
27 46
63 30
57 28
77 13
20 83
3 68
35 19
60 88
34 80
38 73
54 67
82 28
29 57
94 14
19 32
30 57
94 35
49 8
58 23
39 82
17 3
93 44
38 77
24 94
98 68
1 18
57 68
79 5
52 88
64 73
16 73
72 80
70 20
66 90
71 63
43 76
62 28
80 65
40 2
1 56
96 88
50 64
73 41
28 13
39 17
80 2
83 91
1 81
1 44
20 6
95 13
62 86
73 30
78 87
74 89
90 28
27 42
2 33
8 96
97 74
95 76
89 90
53 3
3 29
98 45
87 9
77 25
28 29
25 92
5 72
45 38
40 37
70 56
77 60
82 22
77 1
6 76
66 33
73 61
99 56
16 63
84 35
80 48
67 2
55 47
75 17
9 88
47 59
40 25
35 45
2 97
53 22
41 86
41 15
13 74
39 20
93 1
87 21
1 42
63 14
48 53
84 97
15 54
54 46
31 60
17 59
67 39
99 10
42 10
17 19
69 66
64 47
97 7
94 49
99 54
55 63
65 61
25 45
17 64
28 12
60 56
31 47
67 20
95 7
87 46
23 76
32 10
17 85
67 2
7 81
2 29
7 16
29 2
5 21
36 9
40 34
46 89
20 47
92 14
12 70
43 4
86 52
31 33
50 8
65 17
92 11
6 65
31 49
91 12
21 73
47 78
2 81
87 31
53 28
59 9
48 18
63 42
33 41
3 39
15 78
58 85
72 84
75 67
21 21
29 19
39 34
68 8
29 37
22 30
96 65
51 97
36 99
17 32
23 59
99 8
57 42
16 7
97 94
71 54
20 13
11 18
85 58
83 65
60 53
77 75
40 5
92 2
68 25
52 3
96 15
20 34
61 91
76 71
38 51
94 53
75 58
6 83
85 85
54 78
49 2
10 30
15 62
56 12
95 65
52 24
37 20
59 41
59 5
94 69
65 4
8 84
96 30
26 94
79 15
68 95
18 25
75 35
34 74
89 70
91 6
79 100
50 43
48 22
40 33
50 60
76 77
48 46
95 41
28 5
72 6
85 37
76 59
10 60
62 40
87 57
98 79
58 27
30 22
48 59
27 58
100 95
82 35
58 17
76 11
93 23
18 33
65 54
58 26
95 94
15 74
7 61
48 4
65 85
30 75
91 99
80 74
68 49
68 63
86 22
51 48
2 52
10 52
99 77
1 7
17 91
14 82
85 21
82 40
56 93
96 69
38 98
83 30
54 35
25 97
56 8
86 3
82 97
1 2
80 36
42 89
18 60
12 11
96 78
30 12
14 73
97 3
60 71
97 75
33 51
92 63
85 77
69 45
89 20
10 97
71 86
10 71
87 94
72 92
53 50
55 70
52 41
79 31
27 21
90 79
98 94
84 10
29 69
95 20
81 20
19 2
38 20
37 31
24 1
72 14
92 75
4 23
5 57
93 83
53 32
18 38
42 35
48 56
65 17
23 14
45 33
96 56
47 24
64 14
78 97
40 21
15 24
100 26
14 18
5 66
38 42
55 84
16 12
26 83
3 89
78 19
61 78
80 46
75 6
15 53
44 83
95 53
74 36
84 93
68 76
67 21
98 79
91 35
63 29
94 69
62 20
41 75
78 98
57 20
46 11
92 56
70 61
59 72
66 39
69 24
34 63
77 10
20 83
3 7
42 41
39 75
14 63
68 51
29 73
16 36
41 10
92 20
3 9
12 36
23 39
32 12
39 63
31 11
27 51
94 90
1 94
42 62
16 5
48 70
90 23
45 18
71 69
74 41
86 73
61 67
92 31
92 67
79 45
57 62
95 57
21 96
2 83
26 9
88 5
82 4
8 86
15 100
72 31
26 65
13 86
34 78
8 54
93 63
94 84
10 10
45 30
98 96
73 100
14 60
47 88
69 9
56 89
30 37
57 25
59 70
42 70
71 95
63 53
60 96
51 64
30 26
77 64
70 13
36 47
28 79
8 24
92 9
19 83
3 45
41 35
72 76
79 70
2 38
94 23
59 41
61 52
68 93
97 20
33 28
6 56
22 33
2 26
2 65
84 5
96 9
83 18
47 13
59 15
12 60
46 15
98 37
39 62
42 23
8 32
35 82
51 70
100 8
10 32
51 98
93 31
94 18
43 21
69 21
39 81
13 58
17 83
55 75
81 42
10 47
29 72
90 97
55 8
8 59
88 96
16 51
49 79
78 9
57 31
5 9
72 27
2 14
5 10
90 81
21 25
68 82
60 37
79 7
71 18
96 48
90 82
60 76
3 38
82 97
15 76
78 65
15 53
17 37
30 57
65 44
100 11
3 4
20 31
35 99
28 37
14 16
26 54
28 56
90 80
64 52
88 27
14 10
53 23
97 4
78 89
28 39
18 58
98 12
34 36
79 42
88 37
15 85
43 97
75 25
66 1
27 31
1 14
29 41
77 31
25 98
44 26
21 64
62 58
47 33
46 82
58 85
31 36
65 67
38 17
58 11
5 37
98 48
59 67
67 80
73 21
94 89
91 71
89 49
35 71
63 33
68 55
98 43
78 77
70 32
5 5
32 1
13 2
16 57
32 79
85 3
17 74
55 96
86 2
41 11
64 40
62 49
91 9
80 26
49 97
13 1
30 91
74 60
77 36
77 85
11 26
22 90
63 63
52 37
48 96
32 40
43 70
55 27
59 79
10 6
94 29
10 66
59 58
60 100
45 5
96 14
12 59
25 97
11 18
45 38
79 60
42 61
23 9
44 11
85 67
34 95
29 2
22 69
97 23
35 10
11 63
24 91
83 1
68 11
85 94
100 96
60 91
79 18
71 80
27 32
43 13
32 19
20 44
37 15
27 36
81 5
30 57
2 45
4 5
99 35
91 92
19 4
49 79
15 11
29 52
42 46
40 85
87 69
52 18
78 47
12 22
45 34
79 33
29 51
98 77
34 70
54 68
92 37
57 50
71 100
14 30
38 19
85 72
23 55
37 57
56 15
18 12
49 16
55 94
82 3
89 97
70 99
67 61
25 31
80 76
17 43
70 19
67 35
43 84
43 97
93 88
3 43
48 66
79 99
64 27
73 96
94 92
94 83
11 50
28 11
52 23
10 1
5 70
1 68
1 41
83 93
42 33
36 93
98 1
70 87
16 27
98 15
50 27
59 85
81 71
23 24
76 3
23 22
6 2
36 25
33 47
11 15
79 66
4 30
29 19
64 40
15 100
26 49
30 10
36 58
36 4
22 55
37 75
79 84
34 79
34 17
26 75
5 63
3 66
57 34
6 86
44 14
24 15
36 98
41 41
22 71
100 56
86 21
58 36
96 50
64 99
37 94
63 99
44 23
94 3
6 73
94 92
39 16
38 97
23 19
84 17
48 88
78 25
58 75
52 15
37 86
57 83
6 63
69 34
10 54
22 18
32 26
95 28
3 51
1 98
40 66
68 84
79 83
60 53
3 28
77 16
20 38
92 72
96 85
77 40
98 52
14 66
52 45
39 18
8 23
59 80
2 83
68 37
99 27
80 82
31 10
