860 2
54 60
54 93
57 75
9 32
91 9
73 6
47 15
37 97
45 79
73 76
66 16
9 28
20 77
97 37
12 5
42 8
63 38
22 85
6 59
11 8
51 31
39 35
99 49
27 74
90 40
76 73
66 69
96 18
47 84
52 48
33 59
56 43
97 87
48 8
16 49
67 23
61 21
62 98
62 50
31 56
99 60
75 80
91 97
67 14
37 75
34 73
83 55
47 4
92 67
5 47
23 62
92 99
11 43
81 20
60 15
29 74
96 10
6 59
94 94
88 19
56 10
62 41
38 11
99 15
42 92
39 76
26 34
64 75
52 46
93 47
48 82
82 74
96 90
57 82
8 76
89 31
83 14
33 73
96 22
45 94
82 57
14 53
24 8
29 75
20 27
29 85
92 32
24 83
17 70
50 46
6 3
60 80
65 14
18 5
89 15
11 90
44 3
37 91
31 21
86 5
28 98
72 16
42 20
57 23
92 78
7 97
43 21
30 76
56 95
80 37
92 71
16 43
9 31
92 34
61 58
5 21
18 5
85 34
17 11
24 46
24 87
71 81
48 83
82 48
8 86
49 81
5 21
24 50
96 49
26 94
6 38
49 10
36 23
53 24
37 6
69 48
73 74
94 28
82 59
28 57
66 14
3 16
81 89
14 23
81 26
13 3
97 58
71 48
47 63
22 12
69 72
53 74
78 84
7 59
98 25
99 98
7 80
9 68
13 2
66 5
64 32
97 26
64 1
60 61
78 90
24 35
85 11
94 62
45 39
29 39
77 77
96 15
16 71
58 78
91 64
93 77
46 82
62 27
80 99
76 81
23 72
50 37
11 67
70 92
31 25
5 89
2 25
80 95
24 84
70 13
33 57
60 7
39 73
83 89
30 30
42 54
20 13
43 54
51 63
16 99
58 3
15 74
17 24
24 25
48 93
47 15
77 75
78 81
88 38
35 10
47 1
32 27
61 71
57 12
10 39
51 43
81 98
84 17
65 36
40 91
13 35
52 85
94 50
36 50
84 82
36 46
23 40
19 34
46 96
95 3
39 5
48 100
27 25
93 45
19 74
50 23
59 88
68 97
66 6
87 15
34 35
58 8
90 66
41 11
69 2
33 89
69 31
17 18
98 73
55 76
3 43
56 66
28 84
14 42
30 23
92 69
14 99
14 63
79 70
17 57
22 40
66 18
54 37
96 90
98 92
46 69
7 96
15 34
79 68
81 54
76 43
70 96
95 79
45 7
57 67
93 8
15 49
3 43
52 37
39 85
7 93
2 98
80 18
100 44
65 59
36 27
37 82
66 55
11 72
36 70
26 95
27 77
58 75
8 50
81 41
45 6
53 40
68 87
35 95
44 100
55 60
81 42
70 25
32 19
66 86
89 61
5 85
24 40
36 62
75 87
2 80
41 78
50 42
79 66
30 10
4 26
99 38
31 12
29 55
60 93
60 31
59 41
21 19
78 78
78 72
24 56
77 99
70 46
74 36
99 54
9 54
18 12
41 6
21 59
56 8
87 5
57 13
44 15
11 49
44 83
41 69
79 2
35 59
63 9
22 56
37 12
37 58
28 62
25 23
31 21
74 81
29 14
61 36
51 37
91 15
72 25
55 55
41 86
93 6
7 18
10 63
85 60
8 55
74 60
88 65
50 2
4 57
66 79
66 64
4 91
95 15
13 81
97 66
81 26
41 71
94 72
26 71
38 8
17 1
93 74
19 16
31 38
50 63
64 63
73 8
74 90
30 46
21 18
26 72
61 52
69 16
87 22
20 96
80 2
90 38
41 12
6 100
57 17
88 1
74 4
82 12
84 92
39 93
28 92
21 98
60 97
56 70
65 75
10 18
59 86
11 84
21 77
61 65
86 47
38 72
51 35
37 34
83 48
99 47
86 30
8 62
54 28
67 62
80 89
92 76
25 69
54 41
11 8
19 46
70 5
82 34
41 97
10 8
4 48
18 2
73 11
52 15
87 94
63 52
19 2
33 93
33 19
26 22
35 8
78 28
94 36
76 50
33 73
77 9
90 18
6 47
95 35
100 82
56 31
19 77
90 64
86 22
66 46
75 51
26 53
32 50
12 67
23 63
14 73
85 97
54 87
17 64
61 66
58 16
51 50
20 65
61 91
92 30
59 16
68 64
56 33
32 79
61 10
38 86
19 42
64 51
52 14
62 99
21 12
24 69
98 72
94 91
43 96
16 21
71 100
7 87
71 8
32 37
18 16
61 9
55 20
38 77
53 8
41 38
72 46
5 92
42 85
74 57
28 6
84 80
78 6
30 62
32 57
63 95
31 33
100 56
3 45
48 16
19 17
4 18
83 17
38 59
62 73
55 3
51 22
61 91
60 16
92 69
74 64
49 47
68 8
68 16
62 11
75 4
19 79
30 20
50 90
35 52
9 39
15 44
80 97
18 14
100 98
90 11
70 4
22 30
65 82
69 99
68 59
75 37
95 18
83 17
14 69
43 12
21 94
11 20
16 50
30 89
42 56
77 33
73 23
66 34
24 76
26 87
15 17
10 5
95 23
80 22
3 69
97 19
56 1
68 3
90 86
67 97
94 8
43 62
95 90
4 44
20 2
89 20
76 100
1 72
40 39
1 18
16 96
19 10
86 61
72 83
32 1
17 10
73 4
6 52
76 13
31 24
26 14
59 74
70 13
8 80
76 13
50 86
80 21
70 67
27 13
55 69
97 49
77 60
85 100
53 97
89 87
28 59
38 100
86 90
97 15
54 44
74 89
30 89
46 71
53 30
47 48
87 48
89 62
53 37
23 45
72 25
53 33
91 39
58 19
76 89
33 65
81 30
68 94
35 59
79 82
48 83
8 72
46 79
55 22
82 61
73 44
90 2
73 53
77 88
33 88
54 1
68 71
42 66
67 87
87 82
25 10
5 94
66 35
34 98
34 7
9 28
40 80
26 72
54 12
26 15
27 87
42 35
16 71
45 58
31 2
66 96
12 10
39 77
3 32
23 24
40 75
55 93
96 74
51 65
76 84
35 75
6 42
59 72
11 15
62 49
93 24
47 8
94 93
67 67
98 16
2 95
53 31
53 29
59 47
21 4
99 59
57 95
17 98
70 65
11 5
16 70
2 77
82 46
72 94
2 50
65 14
98 60
81 73
3 1
40 54
3 74
39 8
53 71
77 33
32 99
30 97
48 67
6 4
26 69
56 16
86 45
34 51
88 40
84 8
96 3
86 47
24 18
47 92
52 10
59 60
63 2
46 20
55 36
21 84
65 58
82 63
10 80
95 34
68 2
61 60
3 2
49 96
65 37
29 53
74 9
82 58
78 68
81 23
34 41
36 2
59 38
70 45
68 18
6 66
34 61
24 74
52 58
48 76
30 1
15 93
21 45
3 93
94 71
74 42
85 43
89 93
29 95
63 63
56 60
67 4
3 35
32 63
64 64
88 100
61 21
9 21
38 38
83 37
55 21
12 64
92 29
2 59
70 1
38 54
80 55
93 63
90 47
5 82
81 32
79 78
6 27
58 52
27 83
13 49
31 88
16 78
88 2
60 98
78 9
28 50
26 55
60 62
91 94
60 48
10 36
24 82
99 78
24 94
51 4
46 82
39 96
29 98
13 82
40 61
52 62
33 16
14 15
3 58
10 79
99 91
91 13
2 5
88 56
71 64
28 6
15 58
56 83
68 95
90 43
44 98
95 76
47 87
73 38
46 97
17 45
1 72
26 90
76 50
21 52
44 72
12 31
55 49
18 33
33 1
17 49
4 89
89 54
74 59
40 37
9 70
37 61
94 81
26 47
11 89
29 27
30 36
75 51
12 88
86 93
52 58
2 95
27 62
23 89
95 40
41 56
89 14
92 73
37 77
95 26
36 49
59 5
88 25
