330 2
38 51
60 86
28 51
27 10
51 26
32 3
71 38
50 6
14 61
21 96
51 20
66 99
2 31
27 90
52 40
78 7
66 37
86 64
37 74
11 81
12 56
31 33
84 91
29 88
5 30
13 8
92 89
13 50
53 31
99 49
56 23
97 19
68 36
47 41
40 10
38 97
1 69
82 43
59 79
49 20
21 74
46 10
98 14
82 1
66 40
68 55
11 5
49 94
100 54
96 6
95 85
8 24
50 1
38 54
76 3
82 14
57 34
79 85
43 26
66 82
80 14
93 49
18 40
36 10
4 54
50 81
63 70
70 37
41 61
29 19
10 56
45 8
23 88
36 20
28 100
68 74
25 45
35 96
33 2
59 10
9 83
2 88
60 97
22 79
67 48
4 22
32 85
85 4
45 82
96 4
55 56
57 13
33 70
44 30
29 85
26 100
16 64
98 11
33 59
74 98
41 46
33 95
9 22
73 71
89 22
38 97
98 75
23 21
1 24
65 86
71 10
46 84
24 7
66 76
88 46
18 15
57 51
71 1
16 21
54 78
56 22
43 6
42 98
8 62
95 30
92 18
36 96
77 9
30 77
38 31
7 32
89 97
22 47
6 95
97 22
63 33
77 51
20 31
72 30
65 37
38 7
98 87
30 62
83 51
46 33
27 77
75 76
35 20
94 72
97 46
95 68
3 25
29 4
67 53
82 33
13 37
72 53
84 32
17 76
84 6
66 41
3 43
8 97
35 86
66 64
85 14
43 75
4 41
16 72
17 28
60 63
22 14
8 79
7 62
33 37
33 61
74 89
30 73
14 89
10 61
16 63
33 92
2 4
26 91
33 46
51 68
87 65
89 36
68 51
43 87
63 97
27 62
38 100
36 77
49 52
49 1
57 18
29 51
49 94
8 99
38 61
34 14
19 1
72 14
70 1
25 56
67 77
27 65
82 20
46 17
69 87
75 81
37 1
40 28
75 32
100 47
15 52
3 18
51 78
100 91
43 62
57 48
17 89
56 54
72 38
72 7
28 86
95 13
55 26
52 61
67 9
59 41
20 34
83 71
9 32
44 32
63 50
35 21
79 66
30 97
79 29
2 27
80 98
46 31
77 47
18 95
90 51
6 67
84 69
45 25
24 77
72 60
31 38
91 4
12 11
33 80
78 63
93 39
59 43
35 94
63 26
87 84
58 60
5 36
98 76
79 6
74 54
59 69
9 78
40 47
50 44
74 62
58 30
79 50
13 100
5 85
26 99
88 33
3 44
61 27
52 70
94 75
13 7
67 96
3 38
15 91
87 64
41 55
80 82
36 28
5 61
92 21
14 88
65 85
65 59
85 59
9 87
93 55
74 76
13 50
41 65
60 24
30 53
32 40
98 9
16 5
34 69
43 57
72 92
54 58
15 19
50 42
62 89
21 71
9 71
19 99
76 16
22 63
98 72
80 83
69 66
47 84
22 34
74 87
75 9
80 52
4 82
68 38
13 93
90 45
