640 2
23 100
79 69
24 83
96 1
88 7
33 100
73 63
3 6
39 2
6 28
79 27
54 47
55 47
39 13
49 68
16 35
35 1
88 53
12 93
48 48
58 60
46 31
72 4
10 45
64 11
82 68
45 23
11 76
67 9
6 32
74 6
55 67
60 42
24 38
42 95
84 22
62 53
45 50
84 40
56 41
27 90
11 81
33 1
3 61
33 72
53 24
81 1
43 92
13 40
86 92
56 13
4 44
25 85
81 91
19 61
90 56
44 40
77 50
26 98
21 60
75 98
26 48
10 4
69 90
3 55
90 29
24 61
19 9
69 46
22 27
71 3
4 27
52 84
28 49
14 65
72 24
98 92
2 62
88 28
93 85
5 43
31 96
81 75
63 92
98 97
59 55
94 22
84 60
88 96
99 19
52 5
25 98
93 70
3 58
29 67
35 22
37 98
27 19
16 96
60 96
29 43
9 93
68 52
15 60
29 40
52 15
30 15
49 27
74 33
68 23
69 8
84 4
64 32
70 95
7 67
100 83
67 85
33 86
89 66
81 58
30 65
23 67
70 59
88 46
66 63
79 46
90 47
77 10
12 1
100 63
86 81
23 95
3 95
5 30
62 12
62 46
82 25
58 74
59 42
68 80
53 13
53 79
98 9
100 3
34 92
30 67
38 53
17 35
83 78
73 87
22 13
64 58
79 14
23 73
70 42
19 22
41 73
61 85
36 48
37 75
78 26
55 40
41 59
62 53
64 65
62 35
98 11
35 30
7 62
77 63
32 98
66 76
85 79
16 67
57 50
49 63
100 11
10 9
43 33
76 35
60 4
100 20
68 16
48 47
76 21
95 70
26 49
76 35
95 91
35 71
44 19
77 6
87 3
69 96
3 36
39 29
12 54
20 24
30 46
51 63
68 5
20 66
98 83
74 4
90 97
62 17
27 34
43 80
63 26
85 71
49 70
25 28
2 58
14 40
97 80
37 46
8 20
59 4
30 9
37 19
64 37
4 36
6 5
4 47
9 1
39 55
87 15
23 40
36 72
12 57
15 55
62 29
81 99
98 22
93 10
50 61
68 31
17 29
84 81
28 83
60 83
27 71
16 1
5 42
63 59
60 15
69 90
74 45
87 49
36 8
58 30
51 56
47 42
78 35
22 75
80 81
100 46
61 69
12 14
10 91
72 60
35 87
91 53
24 53
59 1
9 38
20 84
90 1
86 19
78 13
87 88
54 87
1 51
23 17
40 4
2 58
29 13
79 25
78 63
74 35
68 79
96 88
63 80
14 69
58 51
19 82
53 58
35 70
49 80
25 93
60 81
80 11
41 89
7 30
22 65
51 18
94 18
85 40
78 86
55 13
58 16
27 81
79 66
90 80
99 48
91 58
60 84
34 6
20 82
60 12
75 24
64 82
98 22
25 77
85 9
83 2
42 91
46 46
69 97
79 36
26 90
70 69
4 71
45 79
13 92
33 80
88 23
27 53
59 81
4 43
14 14
13 19
12 94
56 74
48 99
10 88
4 5
46 71
35 20
40 8
42 16
46 21
100 43
56 89
56 42
39 93
5 66
100 5
89 78
97 61
77 57
49 52
19 96
55 23
63 79
26 27
79 21
83 46
77 47
32 49
58 60
51 63
4 31
12 4
72 54
14 88
5 80
34 65
54 66
9 62
46 69
55 100
17 49
39 66
18 4
5 7
19 22
68 93
5 70
17 6
35 41
57 63
63 88
32 100
98 21
23 99
14 11
95 50
58 70
87 70
81 40
13 47
64 79
18 62
78 28
34 38
94 32
18 40
31 36
48 1
4 4
85 73
48 52
93 95
69 73
100 9
97 26
98 67
96 3
65 1
99 58
70 81
76 20
75 48
88 88
55 88
90 62
17 6
88 27
55 60
67 67
96 60
1 16
25 44
42 7
60 19
70 37
7 93
35 44
99 24
23 51
92 78
76 25
28 90
37 9
65 83
99 74
15 95
78 4
79 2
23 81
17 46
39 36
52 91
53 68
49 54
75 95
97 25
20 40
65 84
42 46
98 56
33 41
93 81
56 68
87 75
40 20
44 73
78 27
98 2
56 74
81 5
69 23
88 32
38 43
25 24
87 15
75 11
64 33
70 65
68 87
21 100
28 79
40 63
36 24
54 64
59 99
13 58
55 71
52 96
63 32
18 1
60 63
40 20
91 90
29 87
73 51
84 36
20 94
29 81
84 59
81 88
86 100
69 37
91 14
53 28
1 5
47 91
56 56
77 92
27 64
91 73
55 41
99 31
72 75
21 21
90 40
23 87
90 10
94 33
87 99
70 45
72 44
84 24
10 65
53 40
55 38
33 96
6 56
1 89
97 20
65 19
18 32
96 5
31 24
89 38
85 33
26 18
5 66
34 49
34 24
39 14
43 52
41 79
100 35
47 99
24 6
58 81
14 26
65 94
8 16
17 32
8 59
50 35
36 59
6 6
61 89
22 32
86 78
14 98
13 100
78 88
40 99
81 75
91 40
79 21
50 95
64 30
87 73
64 84
32 8
1 92
24 76
86 71
49 74
14 79
10 56
15 90
17 86
44 31
23 70
82 55
41 15
21 84
98 26
68 55
73 7
12 32
80 6
11 74
71 84
62 28
70 62
45 17
36 29
38 78
87 7
82 69
63 67
35 46
52 16
28 97
43 42
67 6
16 91
82 24
72 4
38 32
17 57
3 49
90 36
94 55
89 85
94 76
33 32
1 31
77 97
11 75
53 3
86 25
8 21
37 87
58 85
23 16
39 47
2 84
90 14
35 4
50 45
5 3
9 58
61 39
64 26
58 25
18 58
67 85
20 31
19 56
80 62
80 51
27 32
4 28
49 69
25 44
14 1
45 8
45 34
69 15
4 100
41 39
