910 2
45 93
39 26
16 92
77 6
53 69
64 78
53 81
61 1
25 17
20 60
18 19
31 31
26 76
70 66
8 59
88 85
71 63
71 49
19 14
75 32
20 44
69 5
32 14
29 36
18 98
6 25
100 88
60 24
89 71
58 99
83 74
51 87
71 73
62 27
21 76
59 11
97 94
20 32
96 33
83 73
88 100
6 74
21 98
95 26
21 97
50 18
37 32
65 8
56 98
75 88
93 8
10 42
42 92
15 12
51 49
42 38
45 7
21 38
11 10
96 40
75 64
23 21
93 60
91 97
33 23
56 53
67 38
62 49
74 32
36 94
7 4
10 2
60 72
8 92
40 25
81 69
39 75
1 89
90 65
18 72
42 68
98 73
97 32
14 19
32 12
33 71
50 86
22 49
20 28
51 70
43 7
94 65
90 100
23 55
89 30
30 75
72 76
19 67
40 96
95 55
4 16
1 82
85 16
75 36
75 56
68 21
7 70
54 25
83 100
56 44
56 87
96 9
13 14
65 7
19 66
75 43
60 62
71 59
62 73
4 68
25 75
78 9
46 25
86 97
21 79
38 12
61 11
86 8
55 42
55 8
8 18
82 15
8 50
36 100
42 69
84 62
13 84
85 20
49 69
40 3
8 95
23 21
20 25
81 41
24 92
100 42
86 61
49 53
9 38
43 26
73 75
57 66
65 47
84 82
55 64
46 91
3 37
52 91
51 58
17 29
56 56
40 3
92 55
67 16
65 12
29 51
60 86
84 30
27 20
94 84
18 74
16 79
24 20
41 69
86 72
47 36
95 40
41 33
9 96
68 69
16 97
32 15
76 82
1 4
96 35
60 90
55 38
29 23
74 65
34 36
46 44
32 46
91 6
15 73
41 37
54 83
31 44
96 70
6 34
83 95
48 83
4 79
37 43
59 53
24 39
76 63
80 41
50 90
43 79
6 51
83 41
67 2
63 67
55 6
87 3
72 21
32 42
26 81
78 21
93 94
68 46
88 15
17 92
17 23
17 70
25 13
54 23
37 98
73 62
71 99
27 38
41 43
50 100
78 36
48 51
29 47
17 95
89 6
64 25
19 52
61 91
83 96
92 81
8 20
34 47
69 94
69 47
34 56
53 1
83 48
51 15
51 72
100 95
69 31
3 55
43 65
8 76
27 12
40 91
48 12
77 19
55 61
6 53
30 97
37 11
47 60
25 76
97 34
90 25
14 19
27 73
33 100
42 60
29 13
71 49
72 81
55 76
64 20
53 15
21 59
45 66
33 35
73 64
11 25
60 50
33 91
35 67
36 76
17 47
21 39
38 58
18 81
35 74
83 98
99 25
84 11
79 5
21 29
46 85
10 70
18 15
34 87
55 9
65 50
43 5
34 5
17 12
43 2
48 8
82 17
64 59
28 74
38 86
2 47
87 3
42 66
44 39
3 27
90 71
28 7
1 56
32 66
93 27
11 33
12 85
41 64
17 30
31 90
11 43
21 76
29 59
28 11
38 79
43 93
100 69
42 23
29 6
7 81
98 49
94 85
33 34
68 14
92 80
48 56
70 36
88 21
48 78
60 40
50 70
57 25
53 49
73 74
47 32
95 50
17 4
80 33
23 14
14 28
19 69
30 95
29 27
85 97
23 25
87 30
19 48
73 74
15 31
27 64
43 92
26 45
40 52
42 96
26 23
7 64
24 17
65 9
61 4
92 70
46 33
39 89
97 88
92 3
16 94
48 57
65 91
34 8
99 66
59 93
61 98
48 56
35 96
14 30
51 81
69 73
9 72
81 25
54 89
53 93
23 31
14 60
47 58
99 80
71 45
47 2
95 97
50 97
54 8
17 80
6 82
81 63
79 63
85 15
22 100
6 89
91 53
50 51
92 6
74 23
87 51
17 74
63 92
77 2
100 9
71 8
88 6
72 69
7 47
66 68
6 24
63 21
21 78
74 95
56 41
49 49
63 94
74 83
84 37
18 43
57 89
79 87
66 28
52 96
70 83
66 74
86 13
33 96
90 71
15 94
30 41
9 79
82 30
17 59
85 17
87 5
18 47
64 27
23 62
80 77
26 28
93 57
92 54
64 95
87 74
74 70
38 45
79 19
50 63
45 69
54 36
59 60
24 31
76 56
15 74
47 46
13 56
87 3
77 47
55 75
43 6
9 84
70 19
89 1
45 11
74 89
18 22
73 40
26 85
81 2
17 87
72 84
94 49
34 87
32 92
25 32
18 96
78 47
50 4
75 41
77 70
97 93
3 55
74 99
87 28
87 8
32 83
51 47
77 75
14 96
49 75
98 36
75 57
3 97
4 68
91 75
27 3
51 93
100 53
48 30
59 14
67 94
76 35
45 15
87 9
34 95
87 7
60 99
47 88
81 98
56 52
78 30
11 64
42 18
37 84
95 14
66 16
6 56
79 27
74 43
22 8
36 65
40 75
10 4
33 41
85 28
75 5
78 16
16 26
19 23
68 70
82 70
72 13
82 46
33 99
58 77
67 25
73 9
63 68
14 32
59 93
7 24
23 66
33 25
19 14
28 24
64 31
24 57
17 95
24 9
26 48
45 78
5 27
34 9
3 43
34 20
22 77
10 29
93 71
19 32
69 81
46 82
5 3
50 99
87 3
30 10
69 34
7 11
95 44
86 55
5 85
4 48
43 56
83 100
35 42
10 55
47 17
40 86
75 80
61 49
20 41
44 48
43 93
79 89
58 32
86 54
12 32
42 20
34 84
67 15
30 58
43 36
80 90
64 58
59 82
33 24
92 56
43 68
85 58
39 26
67 61
69 1
8 1
2 97
59 93
38 41
77 71
67 3
69 64
65 46
55 12
14 22
58 85
29 53
12 100
24 29
62 16
48 3
95 77
56 86
92 33
81 41
5 7
93 58
60 64
35 50
43 43
12 63
42 1
83 95
90 48
4 15
46 87
96 61
99 16
98 75
24 30
56 7
40 18
86 32
4 44
33 43
63 24
94 93
57 37
1 36
28 41
52 56
31 37
43 93
89 87
69 62
60 63
80 34
93 2
86 68
100 59
1 70
58 49
36 93
25 22
95 58
48 58
20 92
24 28
21 58
3 73
36 12
42 82
95 96
1 21
14 65
79 63
7 88
2 79
6 31
14 64
54 3
67 59
22 83
34 68
22 4
26 69
83 100
89 10
20 73
66 38
70 74
37 99
35 87
52 63
21 6
97 14
74 19
57 27
82 55
6 62
75 83
81 34
72 13
63 3
78 5
42 92
50 24
35 84
55 26
44 26
80 57
100 86
17 24
79 58
27 23
42 73
59 44
22 76
86 8
80 33
59 52
3 39
46 72
88 45
58 41
18 15
97 15
1 9
29 89
19 76
74 10
89 55
65 99
89 90
25 50
61 4
35 16
46 97
5 53
35 68
13 72
42 56
18 85
56 68
84 63
14 80
46 15
26 89
62 73
37 28
60 48
32 19
65 55
49 96
9 21
21 43
93 8
46 2
51 65
17 28
44 52
80 18
94 70
54 50
40 86
75 83
13 50
35 99
91 88
62 23
65 28
27 49
91 58
42 25
77 29
58 31
31 7
47 50
67 70
54 32
76 46
70 56
80 8
82 95
46 35
20 88
91 73
1 77
38 83
64 78
7 26
16 29
31 7
61 78
81 84
65 93
29 49
20 62
42 18
93 34
62 53
21 45
31 36
3 7
83 13
97 98
86 65
54 32
77 75
88 36
10 6
34 94
88 82
97 78
44 39
9 48
66 85
9 89
46 100
53 83
10 17
54 79
44 73
94 23
77 17
55 64
7 8
88 84
15 1
59 54
26 26
17 7
31 7
64 82
50 34
10 77
86 82
46 86
54 24
32 66
42 52
19 29
27 88
3 11
72 41
100 73
79 25
32 2
39 67
44 78
64 49
24 78
88 21
19 89
18 57
75 88
97 81
82 43
35 9
24 74
48 20
48 88
40 89
14 63
27 4
68 77
23 10
65 65
84 67
17 59
44 66
4 85
78 44
52 46
86 53
1 17
98 90
57 50
54 42
60 43
59 40
26 44
40 76
72 88
15 79
81 16
52 42
86 20
77 6
11 10
10 93
7 48
3 57
42 63
52 32
