340 2
87 72
100 43
48 25
60 92
30 8
91 36
28 59
54 27
16 68
42 48
73 52
64 3
64 16
56 97
80 33
33 71
91 13
35 96
40 1
1 8
96 94
35 5
57 48
53 6
20 31
100 16
7 94
55 40
100 6
57 99
78 63
21 75
53 68
95 21
23 94
72 65
85 43
96 40
20 59
27 96
35 34
76 92
63 74
95 77
20 48
15 83
77 62
89 25
53 53
81 42
36 58
94 47
66 60
72 90
86 94
32 86
62 9
8 90
42 25
76 96
90 19
46 83
92 76
8 56
89 64
59 16
72 42
25 92
52 1
99 82
14 61
38 29
90 3
33 8
21 45
49 8
6 38
16 26
13 53
88 51
64 60
46 19
62 100
1 57
15 20
58 74
91 95
89 60
14 57
56 28
95 42
2 53
98 38
23 90
59 21
73 93
78 4
89 38
27 66
71 81
13 63
93 53
60 51
18 22
57 5
19 95
45 40
32 10
51 82
30 74
9 41
66 40
54 35
62 17
43 54
7 37
50 60
66 21
84 6
88 27
56 80
3 51
89 14
41 91
90 45
5 85
24 51
9 31
33 4
90 80
61 29
12 18
20 99
87 8
92 56
50 57
56 52
42 37
84 1
42 30
95 82
23 36
21 81
84 15
89 53
73 36
29 43
29 90
22 65
96 56
10 60
71 86
2 47
71 9
31 67
5 43
58 29
24 15
29 49
100 57
72 97
84 72
50 38
46 43
48 18
53 15
41 16
4 57
2 95
45 86
47 64
2 47
21 80
48 5
72 52
69 64
35 38
12 17
99 25
44 87
76 75
90 70
76 56
84 23
41 72
51 77
20 52
32 41
56 4
5 50
83 24
43 86
45 9
47 12
62 98
76 97
58 89
47 10
75 26
61 67
33 76
43 28
9 23
59 26
35 98
33 43
68 83
3 86
9 80
64 55
89 21
15 26
35 54
98 12
51 36
88 49
10 41
20 90
56 99
43 32
20 19
17 87
34 100
58 6
95 87
66 13
1 14
35 68
89 14
22 75
93 57
10 79
72 69
35 6
100 72
77 85
33 32
58 99
39 71
86 98
83 94
94 16
18 52
66 15
63 97
77 32
2 94
2 67
3 42
66 70
76 78
2 43
84 66
6 70
16 35
3 25
28 37
92 4
44 5
71 95
15 89
93 7
44 49
91 29
44 83
67 93
85 56
76 76
5 82
24 14
100 31
9 13
53 90
54 73
39 54
3 18
82 10
21 38
56 58
55 100
34 19
65 15
20 91
88 93
94 45
73 68
25 51
100 21
7 59
35 80
66 72
34 75
89 93
42 77
10 23
50 1
75 20
1 32
29 11
93 34
96 56
48 54
88 46
64 92
16 98
54 51
46 63
66 81
13 28
3 37
74 80
45 8
39 31
65 73
87 97
51 38
84 13
51 35
46 6
68 50
19 93
91 73
42 25
17 99
17 29
3 61
19 35
94 71
63 50
33 13
24 53
13 28
86 73
47 100
47 63
33 42
70 51
16 65
96 2
89 42
