520 2
33 94
9 69
82 36
40 99
8 91
39 27
66 91
1 64
46 46
35 95
100 5
43 98
81 100
98 82
47 86
81 41
72 49
39 34
41 19
52 37
51 47
4 61
22 97
91 27
12 86
32 35
14 79
13 84
56 20
72 66
39 36
69 29
48 63
97 44
29 90
9 39
71 99
1 68
13 7
21 52
17 30
82 30
27 19
80 53
11 76
95 32
3 2
17 6
58 79
2 50
38 58
27 78
94 41
92 68
5 3
95 70
96 88
13 95
61 34
40 10
94 12
60 6
99 60
21 93
31 4
92 70
77 38
52 52
56 21
80 66
10 76
77 60
66 67
25 45
66 82
99 36
25 36
82 12
61 56
98 44
8 32
56 3
22 77
11 78
28 3
45 87
16 20
60 9
78 68
10 8
75 99
66 98
34 34
53 41
18 39
82 68
72 17
55 46
18 26
36 28
8 40
6 50
29 17
45 94
87 19
73 48
50 76
11 2
26 48
21 37
93 86
14 48
37 38
59 80
92 91
74 43
67 10
90 70
41 89
1 15
21 3
68 27
66 74
22 13
9 53
25 35
64 2
16 52
99 47
33 16
68 31
87 82
87 66
35 17
79 88
87 28
81 54
28 13
61 85
53 83
93 12
73 61
28 2
15 40
83 9
13 13
6 80
38 86
77 65
74 79
1 86
43 53
61 78
96 71
43 65
53 34
88 78
8 64
80 50
16 69
40 99
94 7
35 24
83 13
12 54
92 27
28 36
85 8
16 56
52 32
28 13
30 77
27 29
99 61
25 52
10 64
74 70
38 34
82 69
75 78
65 26
48 70
63 40
84 35
68 44
26 16
18 35
98 9
64 94
48 80
97 14
88 54
38 98
100 72
82 87
79 97
60 82
4 37
56 90
100 39
94 3
7 15
99 95
36 76
11 26
32 63
7 73
82 35
60 22
51 18
15 50
31 9
44 60
60 100
54 12
46 60
37 29
45 42
83 14
29 49
33 77
31 81
3 13
50 80
88 37
96 48
18 73
95 81
56 57
83 21
40 82
31 38
84 63
5 11
40 79
22 58
74 13
7 21
96 49
79 64
40 86
19 65
80 3
50 51
73 5
35 53
31 81
56 37
27 8
33 35
94 79
60 98
78 56
84 80
64 59
83 13
41 57
50 6
53 63
85 1
3 97
95 12
23 87
71 3
3 19
39 26
9 72
11 5
2 79
65 21
94 83
47 90
28 28
40 29
52 44
79 95
37 58
2 23
72 16
83 53
24 86
30 50
43 73
93 43
55 60
90 80
74 62
9 36
91 86
88 98
56 66
97 94
48 58
35 74
39 44
21 67
70 99
82 21
41 97
7 70
100 29
27 81
93 51
60 67
6 85
73 20
22 60
25 47
45 69
59 75
61 58
19 80
66 79
65 57
20 44
53 75
25 86
90 62
39 53
70 85
49 32
75 91
65 36
82 5
47 41
27 63
24 65
48 68
28 73
31 86
10 28
40 1
32 90
51 6
61 86
26 83
63 60
11 44
7 50
10 32
83 68
7 100
50 35
77 6
7 97
24 66
68 81
1 64
26 25
70 30
91 7
37 7
38 64
78 39
95 12
55 15
20 30
53 48
21 70
80 26
98 79
25 30
86 42
64 41
96 58
33 38
48 70
21 46
84 83
59 35
22 29
64 58
24 4
34 31
73 28
36 43
27 3
29 79
82 48
14 74
36 50
69 61
68 60
89 15
31 79
45 4
32 87
87 67
47 35
28 26
55 51
46 67
82 93
10 79
92 32
22 96
1 78
50 56
59 83
24 13
55 22
41 87
56 71
44 58
69 69
33 27
39 59
43 72
46 1
71 7
66 84
55 9
5 41
86 60
20 54
84 90
42 19
65 88
94 33
51 91
11 42
75 51
42 39
30 74
16 95
3 46
11 1
55 47
54 83
67 70
49 81
57 32
67 100
82 18
22 50
43 46
86 99
73 77
85 92
98 78
27 27
14 18
79 83
80 32
16 95
46 23
32 97
2 85
3 44
11 55
53 82
46 19
27 38
30 9
73 36
49 44
96 59
38 80
79 92
67 9
54 38
88 66
39 51
24 35
96 29
90 16
38 26
43 56
2 31
33 10
9 36
55 24
46 74
43 97
36 14
20 65
4 87
78 36
79 26
2 44
87 97
41 28
36 8
84 4
76 40
53 59
37 68
3 36
14 12
39 41
59 48
28 29
76 43
87 9
46 83
59 35
100 55
3 54
60 65
4 70
25 12
24 33
56 84
46 26
95 1
63 93
20 95
23 76
97 74
47 43
19 9
41 58
22 91
30 13
34 72
71 75
57 81
44 47
47 73
54 65
