250 2
16 3
61 22
72 68
87 57
67 96
1 61
18 100
60 77
98 8
92 30
60 15
54 14
55 4
71 89
66 15
100 79
61 20
17 26
87 77
98 76
82 50
33 62
63 100
16 69
26 63
44 30
6 58
54 72
14 1
24 37
71 2
87 93
92 71
47 46
60 65
5 2
22 84
33 86
38 25
99 18
28 51
24 21
16 51
75 5
50 78
86 98
49 71
46 59
34 51
86 61
3 50
57 88
88 46
9 56
80 89
16 32
74 47
90 96
19 12
42 8
95 15
53 39
19 50
10 1
62 2
28 26
47 6
84 67
99 34
21 37
28 90
96 89
15 80
69 29
74 18
37 70
38 65
9 29
4 2
39 14
95 55
77 10
2 41
30 6
19 13
48 10
49 61
93 47
98 92
71 50
90 38
52 92
32 30
86 79
43 30
40 71
12 12
1 42
3 16
98 36
64 54
34 99
20 63
65 75
55 16
41 61
32 71
44 42
96 98
15 18
70 99
10 58
64 43
13 18
30 76
48 98
73 64
65 13
44 47
34 20
49 82
6 98
86 77
60 21
30 94
50 3
20 38
38 56
98 95
48 99
36 55
99 60
60 19
5 46
9 57
14 4
59 27
8 65
60 16
47 50
34 97
84 62
69 83
97 30
62 86
93 8
28 13
63 41
40 30
68 3
100 24
57 38
10 39
65 42
91 59
86 24
50 7
21 73
23 43
34 99
97 51
88 68
52 19
58 24
72 67
39 6
58 54
55 33
18 2
58 84
49 88
27 19
62 9
91 27
44 27
94 71
52 61
54 89
18 46
78 17
28 68
56 93
65 61
78 7
53 86
89 4
34 67
67 51
76 87
30 23
8 89
43 100
48 100
31 34
1 45
4 88
68 78
99 19
61 26
74 54
96 11
42 77
58 55
33 100
2 41
25 88
84 95
42 53
58 8
95 61
65 77
60 64
91 44
45 33
21 56
10 76
91 4
31 68
34 19
24 62
27 52
96 17
59 94
27 24
8 91
23 23
83 19
62 14
14 98
10 60
48 84
63 55
78 16
63 14
55 22
8 100
38 21
79 70
48 15
37 35
71 52
74 71
30 5
48 23
14 55
75 2
27 75
23 24
4 24
96 53
