390 2
83 24
71 37
8 47
19 10
65 46
7 42
50 7
72 25
96 14
74 13
20 84
53 7
34 90
94 70
46 96
68 73
54 42
34 79
71 9
71 35
35 2
77 31
70 55
46 40
59 9
80 99
24 64
83 7
88 48
33 66
59 40
68 61
5 44
52 49
20 29
4 94
7 48
51 1
75 84
40 35
81 51
14 47
2 13
18 100
87 100
93 29
43 7
54 51
81 48
49 56
8 47
4 45
80 3
66 47
83 48
90 59
55 43
63 69
74 28
61 74
90 32
75 13
78 40
63 35
29 60
20 73
76 6
91 25
42 20
11 89
99 100
73 94
50 3
76 16
4 18
59 55
35 64
10 98
99 40
24 33
87 84
30 22
11 13
10 81
75 7
17 56
83 54
98 87
18 31
63 58
25 81
71 14
29 32
1 79
69 32
13 34
48 21
32 63
69 99
2 27
40 50
28 26
95 24
66 57
34 82
20 47
54 41
52 71
51 53
98 69
5 96
85 43
71 6
5 7
92 47
72 74
85 45
90 97
28 70
15 42
61 48
7 12
41 35
29 88
70 89
96 43
59 70
14 72
82 7
62 59
80 92
36 80
93 14
37 68
67 15
45 86
97 82
15 38
35 55
53 12
77 85
77 44
33 15
59 12
5 1
53 47
54 19
51 51
55 69
71 47
38 41
86 43
31 100
82 88
52 29
64 64
55 56
47 78
80 46
80 77
6 22
85 30
36 37
100 17
30 72
14 55
24 24
49 55
35 66
40 79
83 14
68 83
51 13
40 50
21 71
67 30
52 28
92 43
69 8
85 48
97 27
26 12
85 47
11 81
26 10
87 26
45 56
15 14
57 1
21 63
65 38
61 25
39 40
59 74
25 58
22 96
23 30
99 80
96 15
62 98
49 10
79 90
53 72
21 22
45 67
70 44
86 67
35 85
26 16
28 82
91 97
41 90
88 88
64 39
2 68
58 40
58 36
4 58
25 79
62 20
74 81
54 14
96 63
45 53
44 57
63 76
74 8
50 16
65 32
95 38
34 20
43 16
12 65
5 77
41 34
43 41
10 75
85 17
38 14
48 17
66 56
31 40
71 33
1 9
55 99
12 86
58 7
84 86
49 33
78 16
39 40
42 28
32 64
89 45
23 3
13 47
49 79
13 36
56 87
14 49
88 39
10 45
61 30
25 61
55 67
35 1
93 80
12 26
35 10
81 63
65 9
2 80
1 63
15 74
48 62
83 14
85 39
45 14
40 75
46 13
36 75
89 84
46 42
69 100
25 70
63 28
50 71
5 60
23 77
51 55
93 10
67 7
69 33
31 67
67 9
49 70
40 68
18 60
92 22
26 84
3 77
78 5
59 3
40 93
50 36
33 44
1 31
3 85
1 49
86 1
34 46
92 93
16 87
79 79
7 66
11 66
62 30
28 7
4 23
64 82
49 31
92 18
59 24
22 27
64 29
55 79
42 8
34 27
19 84
50 6
43 75
7 34
60 30
46 27
42 19
22 54
97 85
47 34
76 27
7 98
45 27
73 60
25 99
40 48
13 25
87 85
45 79
76 56
38 19
54 8
82 49
8 92
4 79
72 80
91 59
21 60
33 2
90 41
12 34
84 90
32 15
50 38
12 9
78 79
12 90
26 56
47 54
40 92
7 83
98 21
90 47
37 23
55 6
6 53
17 70
97 83
74 85
24 22
25 67
34 27
47 60
78 79
25 69
83 77
41 74
39 48
72 73
22 20
42 9
83 62
