720 2
43 65
45 16
94 63
2 27
23 45
73 52
55 6
31 39
90 44
80 71
93 60
70 49
62 13
47 58
98 40
18 83
9 63
71 24
93 82
90 25
91 86
16 62
27 6
87 61
15 82
36 22
73 2
19 68
97 78
89 9
9 60
85 56
21 60
21 66
54 57
31 27
78 81
33 28
70 68
61 25
73 29
52 90
18 3
38 68
40 58
52 25
31 43
61 71
26 5
10 64
49 39
84 32
66 48
87 10
73 58
16 80
22 52
59 12
36 3
25 67
61 67
1 68
53 32
13 41
72 35
97 23
36 72
9 59
39 20
49 46
77 28
67 24
24 84
65 100
67 2
84 25
71 49
74 3
69 52
11 1
61 69
36 85
20 51
29 19
15 33
79 90
80 38
2 29
16 57
43 63
27 47
97 21
54 98
54 4
68 25
24 98
89 86
36 51
57 18
69 71
44 64
82 70
36 2
87 17
84 23
28 63
75 55
21 61
36 76
20 47
25 72
84 73
52 59
39 87
76 65
63 93
49 29
55 67
63 95
10 48
76 73
62 89
20 53
63 31
66 73
85 78
76 99
54 89
92 68
27 16
66 99
97 29
82 96
73 99
57 82
75 18
55 81
18 91
61 48
1 70
7 82
2 73
97 25
76 4
38 93
1 54
42 35
82 92
53 97
29 11
25 48
61 80
36 35
89 32
67 94
68 59
29 17
65 32
17 19
34 27
25 94
1 54
66 70
11 72
8 45
22 57
54 57
91 27
86 7
65 7
9 46
74 25
66 39
25 75
18 2
14 96
80 32
95 96
65 8
88 65
91 64
61 91
2 84
54 16
27 53
48 19
34 2
79 23
7 53
67 84
94 87
95 14
57 36
90 72
44 17
72 40
3 11
61 15
47 56
63 72
58 41
92 60
58 24
50 40
20 15
96 54
57 64
87 43
95 50
99 72
24 31
64 84
98 93
99 89
97 87
94 27
80 39
38 53
95 9
100 86
17 34
74 26
88 73
37 80
75 13
41 14
59 1
49 24
86 73
82 50
44 51
67 71
100 86
88 78
17 100
87 42
3 30
96 97
91 66
87 91
12 25
74 27
96 84
35 4
44 35
44 67
71 33
79 68
89 82
6 23
55 22
30 42
28 9
39 100
26 13
82 86
32 49
83 1
82 38
74 79
67 2
90 44
64 38
69 43
76 76
10 8
94 79
35 77
66 91
85 44
84 71
40 9
68 71
66 87
21 32
90 43
46 97
33 80
84 63
27 27
24 61
87 10
35 27
55 29
45 86
37 61
65 60
49 13
47 8
50 36
63 46
57 31
41 59
19 61
82 4
13 69
23 10
66 63
100 99
17 28
56 6
96 21
96 7
71 92
70 23
100 94
53 73
69 95
57 95
26 56
73 34
77 2
34 36
56 66
63 73
24 84
60 39
98 63
61 48
87 89
19 100
22 12
98 34
58 16
56 7
72 34
48 19
25 1
18 78
94 86
55 16
65 72
96 19
31 81
57 78
19 19
95 53
69 7
85 26
54 95
99 59
60 13
2 8
8 4
94 47
44 46
35 73
89 41
64 26
15 30
39 97
55 4
20 64
89 70
56 66
97 15
3 19
10 62
3 59
54 35
53 75
90 18
59 22
91 32
29 81
81 8
7 89
19 10
14 64
66 51
60 30
19 92
31 18
7 4
61 47
59 11
44 88
11 46
56 80
57 16
39 100
20 86
16 86
58 19
28 26
4 62
21 38
63 28
30 65
80 98
81 21
4 24
22 8
46 67
40 56
40 95
6 84
65 34
34 16
71 97
1 58
2 75
80 99
93 78
98 9
68 30
42 96
15 23
60 15
81 94
20 27
20 87
56 90
67 23
15 24
25 75
34 89
16 93
23 58
5 24
19 75
4 8
75 6
50 69
24 13
82 85
67 88
99 84
97 26
95 100
59 55
86 19
32 13
44 99
35 56
47 68
75 67
35 60
83 63
33 90
56 66
80 19
80 77
98 85
54 63
77 80
84 5
14 31
79 60
47 2
28 31
74 73
98 93
51 51
15 95
88 86
91 81
50 97
98 7
30 84
21 86
57 14
3 32
16 97
47 53
80 24
44 99
40 56
33 96
94 91
60 92
57 85
27 73
17 85
37 31
97 47
50 85
77 40
75 32
6 86
83 97
96 78
92 19
83 43
23 59
78 67
32 83
4 23
84 30
38 100
93 82
97 85
67 64
50 70
41 73
70 15
38 3
5 17
16 73
26 12
69 79
48 34
11 44
52 39
52 92
66 93
56 29
33 97
76 1
17 44
68 71
13 91
53 94
80 21
29 56
63 22
37 5
15 82
100 33
20 94
77 88
15 77
22 2
69 68
86 94
22 29
60 73
96 30
44 36
69 88
82 56
43 77
87 75
71 36
31 32
70 81
53 72
82 28
42 65
24 92
17 8
12 37
26 67
19 36
40 59
27 6
48 99
52 12
67 100
48 49
17 92
29 78
87 73
8 93
8 96
68 17
56 52
30 87
4 72
67 55
90 26
27 20
35 67
48 18
52 18
77 68
98 21
92 64
100 71
97 44
56 55
99 51
37 64
80 18
67 32
61 70
56 11
22 19
39 86
97 54
86 33
77 31
62 96
90 46
61 88
50 50
28 11
23 40
92 27
87 25
89 21
84 67
10 45
4 52
28 39
37 91
69 12
31 17
35 99
99 12
84 40
20 58
85 3
90 22
59 44
77 70
23 57
46 83
2 10
62 61
80 12
22 5
41 79
76 14
67 64
73 99
85 96
70 17
27 67
49 98
76 6
16 50
98 3
50 7
30 44
50 42
39 50
11 61
15 77
69 42
1 77
18 97
16 9
48 55
25 14
75 63
24 9
65 78
65 44
41 45
27 80
41 48
22 30
29 60
54 29
46 97
11 64
9 75
10 87
89 47
15 14
57 38
93 20
17 69
59 5
86 19
70 22
38 43
76 14
18 39
50 42
15 81
66 34
79 27
6 85
75 13
55 61
44 89
43 9
22 100
67 9
24 5
75 46
82 74
64 26
84 85
28 91
98 72
74 52
90 52
58 55
37 44
94 28
54 84
10 93
64 56
92 81
61 53
26 36
98 48
15 77
81 95
36 54
44 15
77 37
56 31
29 28
30 83
93 60
22 82
40 48
99 92
97 29
89 29
20 94
22 49
17 14
20 79
12 100
7 10
9 8
55 73
83 51
90 89
82 37
63 57
35 45
65 23
30 56
56 67
