210 2
71 82
9 10
20 16
1 31
9 100
99 98
35 23
15 98
58 44
16 65
99 100
69 60
66 16
62 86
79 36
11 46
12 46
23 50
25 70
33 93
3 80
99 12
9 21
19 44
21 67
89 69
25 62
97 81
45 4
44 50
97 56
14 66
100 52
28 22
25 80
82 62
100 76
96 90
9 96
30 85
100 64
72 99
59 50
42 83
48 26
6 5
58 25
1 74
46 3
86 48
84 44
54 96
1 41
60 11
18 13
77 67
72 99
15 76
18 61
64 71
71 93
98 44
16 80
5 82
41 32
40 69
55 38
5 14
8 39
86 18
90 34
49 20
36 44
53 10
68 47
10 64
40 95
39 53
3 4
37 42
24 92
12 18
68 78
77 13
47 15
13 34
99 43
41 16
24 74
28 75
11 30
7 36
40 98
71 97
70 11
92 71
74 89
70 39
71 85
39 13
52 97
6 40
54 12
85 43
35 95
7 18
9 13
76 1
14 62
6 61
47 52
70 14
34 21
76 72
32 11
43 22
24 84
73 90
14 81
3 61
28 94
91 17
22 95
88 66
31 53
1 88
67 35
74 94
100 25
64 71
31 8
56 28
79 86
50 25
68 38
45 18
52 76
53 75
37 35
32 79
16 91
54 33
83 78
64 1
15 52
76 25
96 33
89 17
74 24
83 75
16 86
32 17
92 6
30 32
96 6
94 10
88 51
18 28
36 15
74 1
84 27
92 15
90 2
53 14
44 27
58 19
19 93
83 16
48 42
53 49
85 67
88 36
57 85
26 82
19 27
50 46
25 86
85 32
63 63
36 56
7 33
1 56
60 21
8 8
96 59
68 38
27 53
15 37
19 37
36 23
55 99
2 61
98 68
9 76
59 45
39 83
29 58
26 89
36 62
50 35
21 62
29 57
18 3
100 31
83 63
50 29
71 66
83 19
15 35
93 48
