280 2
13 11
62 86
39 45
46 41
97 88
29 89
59 90
5 98
54 18
61 24
70 14
54 59
26 32
57 33
50 13
18 12
86 41
61 48
55 93
93 98
96 22
98 55
33 13
23 97
55 4
66 33
68 16
66 84
57 51
21 2
76 80
8 55
74 30
11 78
56 31
3 31
80 77
44 10
56 96
64 8
40 43
5 92
43 93
79 76
70 19
17 87
91 93
54 57
30 87
13 23
98 28
36 30
100 68
72 68
5 40
65 45
12 85
38 84
20 8
19 48
78 32
52 39
47 6
87 19
71 23
93 31
14 32
33 17
61 47
99 48
57 49
60 24
78 79
9 15
92 43
38 76
4 96
37 81
34 25
11 67
91 26
83 39
32 56
79 48
29 11
5 88
84 21
86 75
62 62
16 87
83 14
42 3
53 19
88 75
15 87
60 78
17 50
44 9
58 28
21 66
15 55
19 88
79 11
96 7
94 65
63 30
80 20
21 13
76 71
32 51
73 10
42 57
28 87
59 56
100 62
15 99
4 46
18 73
66 88
58 63
1 57
83 38
45 77
95 80
94 11
48 26
8 33
36 41
7 2
23 1
17 100
83 49
96 67
32 72
64 72
79 5
28 96
40 82
45 8
22 77
41 65
52 58
98 51
7 31
84 100
7 35
2 78
100 93
27 35
53 88
89 59
87 45
39 81
9 69
92 93
19 31
55 70
65 13
6 10
32 71
86 17
58 23
10 7
97 41
13 32
32 36
49 8
13 70
40 21
20 1
13 31
69 85
71 22
47 31
23 5
99 71
95 26
88 94
10 97
87 50
67 16
93 100
82 53
29 54
2 31
69 73
87 86
88 12
84 90
62 32
95 49
77 2
60 96
66 76
91 40
83 63
55 62
24 6
6 3
46 17
11 33
90 92
13 100
7 61
2 59
15 56
31 35
72 47
4 84
86 69
78 42
14 24
28 59
1 68
48 11
98 15
100 75
97 11
80 34
83 39
47 34
47 54
78 61
19 79
51 45
44 50
15 77
24 59
55 64
11 31
57 58
94 88
15 89
97 87
65 65
54 97
19 55
31 75
46 52
14 18
95 52
98 49
100 57
70 29
4 48
47 64
27 59
13 26
70 68
62 96
37 6
22 94
18 28
88 84
92 98
37 86
49 9
39 39
51 49
23 64
55 27
94 28
1 38
88 15
10 59
54 100
13 88
39 23
81 86
14 48
24 38
66 30
15 77
51 69
95 54
27 54
34 62
4 33
50 41
49 69
