600 2
84 25
15 92
90 96
33 56
92 93
20 8
59 15
62 37
96 42
52 32
92 57
68 91
67 25
79 51
36 50
30 47
91 38
89 94
83 87
64 78
88 4
78 29
30 78
28 84
10 92
74 1
5 37
86 29
55 74
100 52
43 44
35 3
2 81
55 60
4 9
100 93
91 74
54 76
51 49
95 96
35 72
96 45
24 46
55 63
25 30
80 9
14 78
59 54
81 73
76 99
38 90
44 85
73 74
95 61
88 50
24 90
87 48
18 76
20 6
12 72
30 53
99 23
62 21
1 57
24 11
64 76
84 47
59 39
20 42
44 74
82 2
19 100
35 68
27 1
23 28
30 28
41 31
50 98
68 100
18 67
88 41
82 31
35 93
17 36
96 84
37 42
48 15
24 60
87 35
67 82
51 13
95 79
14 55
85 10
30 99
90 56
52 34
11 8
28 52
85 86
1 6
32 99
16 47
33 67
94 81
38 16
37 41
40 72
9 70
70 90
39 97
57 35
45 14
57 51
98 79
97 70
34 65
45 64
7 70
61 5
64 43
62 77
19 64
8 26
1 70
35 39
76 3
74 61
49 2
70 82
44 7
73 24
89 50
93 30
95 56
52 88
89 28
96 26
38 53
65 65
95 85
27 93
73 29
48 40
96 47
19 25
46 51
41 35
64 46
99 85
75 93
91 91
59 90
68 36
68 66
37 31
85 49
78 61
25 67
19 87
98 53
69 64
62 50
69 76
19 42
34 20
73 17
46 59
99 59
29 37
12 2
77 35
52 48
36 18
39 58
29 81
7 39
15 84
61 36
73 61
64 29
96 45
53 49
72 12
61 70
1 28
75 78
87 97
73 63
68 62
48 43
49 25
93 72
92 1
39 13
52 36
95 9
3 82
14 83
37 69
39 98
37 33
90 73
75 32
14 69
75 88
53 70
32 8
94 19
13 80
15 90
35 54
89 44
54 97
49 90
58 40
59 15
97 58
76 52
99 5
59 4
44 6
9 72
69 8
20 27
17 44
75 58
27 54
56 68
61 87
45 44
96 46
50 61
16 5
95 88
78 21
58 29
18 34
65 81
8 38
22 93
34 16
50 25
83 84
89 84
37 82
29 36
48 58
86 97
57 99
36 52
29 65
85 13
71 83
94 14
28 83
4 20
42 98
42 33
58 35
81 49
43 5
28 86
21 85
39 69
15 69
23 3
88 27
73 59
32 41
34 3
5 89
41 33
25 45
21 63
89 79
19 77
95 73
52 47
5 30
23 36
37 94
63 46
89 16
56 32
3 75
89 3
99 70
27 70
61 65
40 26
20 18
25 43
78 35
18 19
14 2
66 5
96 69
19 83
73 29
68 57
95 8
23 37
13 73
56 20
83 12
26 3
49 82
28 11
39 24
6 47
37 15
5 48
79 19
67 36
69 59
79 1
5 53
70 19
17 80
8 38
49 80
74 43
26 79
73 55
78 70
2 79
2 65
97 34
86 47
51 19
96 9
11 30
40 54
15 22
12 92
47 34
24 2
87 80
68 95
38 38
39 2
35 98
91 10
26 13
47 49
6 80
14 92
87 28
100 11
68 23
41 94
43 12
11 5
25 37
79 79
66 48
15 75
13 91
19 10
87 66
23 9
49 3
65 63
78 75
76 97
91 77
51 100
65 1
29 93
21 40
45 22
50 79
67 68
78 19
94 9
47 78
39 81
24 30
57 60
26 22
77 56
35 12
30 47
49 48
25 7
36 28
41 85
97 84
95 18
59 29
14 47
98 70
71 92
53 90
82 83
12 74
8 37
42 17
32 84
52 48
51 62
59 67
12 78
34 62
37 35
62 25
29 54
51 29
44 81
60 17
2 76
84 80
39 35
100 73
34 1
74 83
37 79
83 18
87 18
50 83
93 11
51 84
14 12
9 29
58 51
78 93
23 32
77 4
25 92
34 75
88 5
42 36
14 3
70 85
73 24
67 25
18 50
31 18
70 3
96 67
47 70
41 41
45 89
13 78
63 13
63 62
81 25
77 44
44 12
58 56
49 32
81 18
75 34
90 58
96 63
22 49
75 43
45 86
100 25
20 72
39 48
62 20
97 77
30 74
49 71
86 4
69 31
47 36
74 5
70 50
80 78
87 31
89 87
25 55
71 42
42 50
14 38
22 6
42 30
31 37
8 71
97 51
65 28
75 32
87 71
28 77
93 72
91 27
42 2
87 45
86 44
46 2
81 3
27 87
25 25
4 82
19 100
63 29
92 78
34 76
55 70
45 42
91 57
10 17
89 51
96 34
29 6
92 16
90 48
4 32
83 87
29 35
29 14
40 28
78 94
46 56
16 79
47 78
66 64
26 34
41 19
55 19
24 82
86 14
6 53
96 26
12 62
11 36
86 48
39 66
62 56
20 51
35 81
40 98
88 99
59 56
67 88
57 100
37 57
46 49
64 18
95 53
76 56
70 76
6 8
35 27
32 86
63 33
73 96
87 58
27 61
71 13
40 8
26 90
96 72
86 8
26 9
91 73
81 91
63 59
70 33
37 37
55 33
100 89
52 76
11 29
57 19
64 48
94 51
39 95
55 15
37 82
85 6
36 51
82 54
2 96
37 44
47 15
34 65
16 47
37 78
56 16
8 28
95 88
53 79
57 61
89 51
72 18
51 69
74 93
90 46
84 92
88 45
25 23
96 82
79 20
68 51
11 30
64 9
