740 2
76 96
26 98
26 29
4 80
73 76
8 57
47 51
84 54
70 62
80 5
77 74
24 83
52 30
62 73
1 27
40 49
42 33
70 41
77 29
77 12
53 62
27 13
5 4
93 54
89 63
11 95
60 26
99 11
15 80
70 81
3 77
3 58
32 2
4 43
66 89
41 74
78 69
93 94
46 71
47 8
44 79
17 63
83 96
81 14
66 6
8 43
67 85
9 38
13 81
12 81
99 78
5 75
8 68
72 33
87 35
90 87
96 68
6 36
65 88
80 16
39 68
75 79
68 33
35 61
25 51
97 20
77 92
92 48
66 68
2 28
87 68
58 75
55 55
12 32
98 21
89 75
9 44
23 46
89 61
38 17
63 93
86 69
61 58
65 47
5 40
56 65
4 25
36 49
94 96
98 86
31 28
82 18
94 49
58 83
4 69
78 46
45 26
8 32
67 86
58 54
41 70
83 48
36 59
62 18
88 62
58 75
15 57
16 17
65 55
89 7
87 25
94 9
45 18
53 65
94 47
31 37
79 62
22 86
43 40
3 38
90 34
79 72
68 33
14 10
59 2
45 90
85 7
55 40
31 81
5 13
64 44
24 57
53 28
92 58
90 76
35 58
59 73
42 59
10 71
24 32
21 40
15 54
5 87
2 63
63 86
34 32
28 97
89 57
33 66
47 92
62 5
58 11
56 32
30 87
12 23
15 54
14 72
65 98
77 91
47 41
40 48
22 26
56 69
77 55
24 81
59 62
11 88
22 88
2 43
21 62
9 83
11 39
10 83
3 8
70 37
39 95
3 36
74 3
50 3
79 18
9 14
93 95
24 93
93 47
32 72
98 69
94 91
30 56
7 1
66 50
78 21
3 90
8 37
55 3
95 55
79 2
71 14
74 28
18 50
30 4
96 56
76 73
91 28
85 61
9 47
43 83
47 71
44 84
65 68
10 30
41 89
54 5
17 4
41 2
87 81
73 27
88 5
83 96
68 11
2 27
28 89
46 53
28 60
97 66
72 8
83 34
61 77
84 65
19 11
82 17
38 19
77 18
93 1
39 51
41 27
66 86
67 42
91 44
44 100
15 63
32 36
70 24
2 92
81 87
61 23
66 20
2 50
81 84
21 98
70 28
61 80
58 98
87 24
47 48
20 11
15 26
83 85
96 50
29 21
6 24
45 48
55 3
23 61
63 45
42 56
71 25
47 51
91 8
8 5
70 73
8 40
84 84
71 71
97 92
60 41
72 9
57 51
50 90
50 79
42 63
66 77
76 38
94 94
30 40
88 19
4 48
26 99
40 66
45 83
96 26
61 26
25 87
69 66
30 55
18 92
41 54
7 4
95 39
24 52
1 32
95 65
78 2
1 11
57 80
12 57
77 53
34 71
31 7
32 12
76 47
10 32
71 85
13 90
10 47
85 82
91 46
22 50
24 57
65 94
50 86
43 23
63 13
58 36
71 67
57 70
94 91
47 100
84 99
76 26
13 40
69 44
49 11
31 58
92 25
33 8
87 75
43 88
15 46
35 54
69 76
92 11
56 40
2 38
52 100
35 55
92 91
86 55
87 43
16 55
78 35
99 70
23 41
10 4
100 9
80 100
44 72
88 13
13 21
79 45
66 5
57 83
61 49
76 24
63 37
1 95
64 38
69 21
31 70
64 36
58 60
61 74
70 18
69 54
79 56
43 27
26 21
89 60
49 6
89 76
84 79
46 8
68 95
7 45
53 55
16 55
75 54
63 85
53 92
19 86
55 94
97 71
86 24
98 44
90 22
74 24
71 64
9 43
30 95
97 33
89 87
77 40
53 65
61 94
86 21
58 82
13 97
80 99
61 4
58 7
5 1
28 33
74 17
14 64
43 25
31 90
52 11
36 70
46 28
37 19
27 87
24 11
53 49
67 32
23 5
78 2
86 58
75 97
49 47
79 80
27 60
2 55
26 82
98 26
1 99
57 85
84 10
71 14
55 26
61 35
68 82
24 99
41 18
63 71
80 39
10 92
68 21
19 59
70 99
20 35
69 75
99 63
14 31
79 83
58 58
34 77
6 86
72 57
57 34
9 27
25 17
61 46
21 56
21 18
32 22
61 68
44 33
71 67
84 75
46 77
30 35
42 22
82 7
64 88
9 36
52 16
56 77
14 43
40 52
73 10
43 61
87 48
60 36
19 59
23 29
10 74
54 72
44 30
25 17
88 51
61 96
71 99
99 76
81 58
42 64
77 83
35 13
13 33
38 79
57 35
73 11
16 18
94 36
68 4
80 89
48 86
82 83
78 96
96 91
73 81
5 48
3 73
47 91
17 36
82 14
37 95
31 81
62 77
49 90
48 49
65 78
48 9
59 79
9 58
50 19
10 50
28 52
57 95
93 47
83 89
82 52
48 87
93 12
4 51
27 80
94 10
49 4
35 27
62 37
19 8
61 62
21 41
22 11
69 61
18 29
58 83
10 72
60 89
68 95
19 82
71 23
56 99
66 67
72 69
78 13
86 17
60 13
3 5
11 25
94 34
20 85
85 2
96 81
42 1
6 30
40 84
54 66
37 84
45 74
90 2
51 53
91 90
11 44
69 90
89 22
49 79
97 50
32 36
1 35
82 68
34 6
83 53
63 52
33 52
60 60
45 37
53 69
71 14
12 76
49 83
58 56
59 41
33 90
19 75
15 67
45 8
85 40
40 41
4 100
57 50
61 8
69 61
30 6
8 95
54 75
56 58
24 21
95 91
99 1
14 68
73 58
95 75
16 54
4 88
79 15
34 4
85 39
8 76
32 70
24 48
1 88
65 86
46 26
97 100
78 20
49 53
43 47
7 14
85 93
63 90
88 60
61 25
40 27
65 13
41 47
12 7
11 69
38 28
47 100
30 56
18 29
52 90
65 18
45 64
57 28
50 2
98 68
37 10
17 81
3 79
86 85
18 20
27 19
34 65
70 79
72 83
92 31
58 9
59 66
61 74
13 40
94 32
79 41
39 87
54 7
84 85
78 51
46 98
69 87
71 74
39 1
70 93
3 75
23 88
77 62
85 71
12 51
36 90
88 78
88 93
64 53
22 68
37 63
14 91
99 64
66 6
94 39
90 48
11 22
12 38
6 43
17 80
23 42
70 93
97 20
61 51
84 50
50 82
54 37
23 62
22 16
97 92
16 71
60 3
69 36
59 14
66 44
35 75
6 19
79 63
57 73
28 97
48 72
83 19
82 24
13 65
15 28
61 19
82 33
92 49
28 63
16 62
7 68
19 68
68 61
63 22
18 61
30 20
7 95
4 54
12 77
92 15
92 13
6 43
36 38
89 99
94 15
17 36
49 20
76 10
4 40
