660 2
15 12
95 40
26 58
12 78
80 20
75 35
68 21
38 22
47 34
90 37
77 60
37 42
8 72
20 34
75 46
89 55
2 64
21 25
10 24
33 62
69 63
82 75
26 96
56 64
81 56
52 3
87 96
19 52
91 7
24 93
81 84
78 39
66 81
21 46
7 10
35 59
68 98
83 13
27 78
22 30
32 23
92 6
78 100
29 62
89 1
44 63
14 55
25 94
41 49
78 56
68 56
51 77
86 48
19 64
3 34
3 44
17 92
28 78
30 21
87 55
42 81
27 50
44 40
61 35
47 83
42 56
94 31
36 93
10 50
89 53
33 17
18 88
3 32
15 18
69 2
95 2
7 67
45 31
6 83
3 36
53 90
72 22
85 58
85 98
98 64
49 22
97 96
74 9
57 76
63 37
26 67
54 78
95 53
22 38
20 37
99 72
21 86
19 1
12 61
41 74
87 68
39 98
61 48
12 5
81 84
65 98
37 55
24 44
72 30
14 8
10 59
5 10
40 93
100 20
25 81
37 31
10 92
68 28
59 8
98 32
34 35
93 62
98 31
52 62
87 62
56 96
93 22
43 19
70 70
14 86
52 19
13 5
32 98
97 60
66 57
40 19
40 81
86 68
32 79
84 78
57 2
36 25
65 81
94 47
74 88
40 2
52 95
31 78
91 24
66 98
36 80
3 54
19 100
42 87
15 80
85 45
70 37
64 49
53 55
52 42
42 38
38 92
14 86
31 6
6 69
43 51
5 39
83 90
87 97
88 43
36 37
64 61
69 18
30 63
98 92
35 12
10 25
44 63
78 56
63 26
54 99
31 61
25 77
79 73
89 29
43 95
45 88
89 80
41 35
84 34
88 52
7 25
95 17
7 40
40 32
8 37
30 27
8 42
25 94
89 54
75 19
24 2
99 3
24 43
72 19
21 10
100 41
22 60
8 10
3 67
11 48
98 47
71 100
56 54
10 39
8 98
11 40
63 37
6 39
95 21
93 54
16 5
28 35
15 75
21 70
43 2
88 41
13 1
31 70
9 29
88 96
28 50
94 71
42 14
29 13
70 34
23 75
42 87
51 87
21 72
80 75
13 87
14 55
86 93
95 34
23 49
1 56
18 45
9 63
83 83
63 53
79 79
66 76
62 8
72 31
97 96
53 73
50 5
37 21
54 36
34 52
83 8
81 69
82 74
67 65
61 40
61 52
24 57
62 37
100 99
88 20
45 37
4 52
11 29
71 39
26 2
94 8
19 62
31 16
16 89
93 62
69 57
79 92
1 8
74 16
4 52
8 24
66 24
43 99
84 15
97 37
5 32
93 49
96 40
90 70
84 79
9 64
66 44
89 46
79 96
44 29
57 63
3 39
30 94
11 42
22 12
92 2
2 12
24 76
5 64
76 10
32 73
40 48
5 91
5 63
94 50
28 10
97 97
65 72
20 68
96 96
24 38
55 15
100 59
31 35
77 1
90 75
34 84
84 99
6 75
44 38
13 58
6 20
75 76
60 28
98 51
76 18
94 50
62 86
98 40
70 77
27 100
63 65
15 15
17 81
22 9
72 41
99 1
95 92
27 46
81 1
37 46
23 68
83 47
28 46
71 19
7 78
90 57
46 9
68 49
36 16
79 2
20 12
3 28
97 21
45 90
30 55
40 50
17 86
43 13
22 12
21 37
59 99
68 62
53 45
100 90
86 61
33 11
93 61
66 14
41 85
14 69
66 45
59 45
58 56
54 24
97 86
7 69
80 61
41 79
66 51
39 64
55 10
87 21
8 71
63 63
67 95
32 19
94 3
74 49
28 50
2 60
85 39
30 67
59 51
70 14
2 69
24 48
66 6
84 14
57 40
45 87
69 11
100 75
85 86
4 97
28 92
22 80
59 35
4 92
81 71
44 76
56 59
23 51
18 11
19 67
70 100
13 45
77 71
83 72
10 16
84 79
81 50
44 69
80 34
46 50
86 92
20 25
14 19
15 69
75 95
9 37
83 44
68 70
84 52
72 88
40 19
32 75
29 96
19 22
19 2
60 34
97 82
12 32
1 53
62 81
8 11
29 23
87 11
85 42
69 90
14 98
40 49
27 35
53 99
98 30
78 31
1 24
89 48
31 20
9 86
55 89
61 12
68 52
49 32
20 73
37 87
97 34
53 18
69 91
97 60
67 13
92 94
27 84
90 18
60 2
87 80
39 68
10 90
7 100
20 48
75 11
74 86
40 78
11 88
44 16
56 66
71 97
72 94
60 69
83 18
89 9
89 21
55 80
82 58
7 35
50 30
63 85
79 47
82 95
83 27
66 100
72 18
93 4
78 49
86 39
1 19
24 89
14 49
31 98
58 100
21 84
9 96
5 59
6 59
99 69
8 82
56 90
60 55
62 8
12 93
38 59
82 8
29 77
64 5
93 55
79 31
3 90
42 14
83 100
31 39
27 4
64 67
20 64
79 75
15 96
29 30
85 28
34 51
26 30
8 52
83 9
31 66
86 32
26 37
22 62
8 78
65 97
4 95
64 61
98 35
68 47
35 11
79 18
30 21
70 11
65 16
47 14
5 31
70 64
72 87
53 71
72 95
91 68
11 34
12 1
13 42
2 52
27 14
77 33
22 93
49 49
67 100
73 48
45 60
91 66
84 90
54 34
80 40
87 88
46 3
11 75
59 73
77 61
23 46
61 16
1 80
83 78
60 40
85 59
67 79
44 43
60 11
53 31
57 2
31 79
22 59
50 51
89 45
53 33
17 94
31 78
67 63
54 35
34 98
66 47
24 20
33 49
14 4
64 71
37 19
40 73
83 5
79 28
22 62
60 98
65 60
79 95
60 95
8 88
62 71
19 92
44 98
39 98
83 75
44 71
40 26
19 45
26 88
19 47
94 8
31 30
69 48
67 53
8 11
38 77
73 56
31 60
41 91
92 8
72 62
10 68
61 87
9 30
88 50
35 88
30 12
76 35
19 100
79 7
