830 2
22 55
10 82
98 42
33 4
6 68
7 5
44 90
74 30
72 41
97 95
26 44
91 51
77 54
27 1
35 49
60 52
71 83
67 92
79 60
12 43
18 14
3 32
94 45
92 90
89 28
25 57
33 99
34 23
5 28
13 92
77 11
76 9
41 54
31 54
65 60
56 22
38 7
23 88
36 35
39 25
92 75
56 46
35 33
22 54
64 15
38 39
43 99
89 73
29 37
89 91
22 11
67 58
91 22
30 65
31 79
54 47
92 7
57 68
16 91
66 80
50 77
75 82
72 8
26 39
53 98
70 40
90 85
9 95
50 57
80 2
64 68
88 30
31 49
99 40
44 13
91 17
63 61
89 58
11 39
39 93
7 15
90 91
72 51
76 89
48 1
44 74
10 25
32 32
64 95
39 44
97 39
20 55
27 66
9 67
20 96
21 41
12 19
85 80
88 47
40 75
5 33
87 48
48 48
61 53
22 58
34 31
30 83
57 64
75 23
32 53
67 77
34 14
100 68
22 43
4 17
37 5
66 97
98 77
42 17
21 48
64 19
66 89
15 68
55 44
44 76
33 52
72 75
5 36
82 81
64 23
61 33
53 61
36 38
30 31
35 67
19 96
84 83
3 98
78 55
43 9
30 16
3 46
16 69
6 34
29 73
93 32
88 17
21 43
28 23
63 10
94 3
8 81
47 57
41 93
18 44
88 28
32 7
34 93
4 1
21 84
71 11
55 41
54 81
7 29
26 19
62 58
29 2
51 46
53 13
76 91
68 15
17 48
1 7
84 84
21 60
86 90
100 46
22 18
94 39
67 18
39 60
83 8
20 66
95 36
9 20
84 75
79 68
60 42
91 75
86 82
75 51
8 94
80 86
64 49
50 54
84 100
88 74
25 2
79 78
93 21
38 8
43 91
6 45
10 55
66 19
39 69
74 6
44 35
38 94
37 26
8 63
86 37
33 1
37 72
59 29
95 84
35 35
51 40
25 92
64 10
6 87
76 21
89 86
38 44
50 29
65 94
69 76
61 23
18 46
80 75
86 38
28 6
27 19
3 68
88 39
6 1
42 49
64 49
65 83
59 68
49 71
92 84
47 68
93 27
95 83
47 60
52 76
93 34
62 5
44 17
26 63
7 83
43 52
12 42
13 22
61 32
18 7
83 66
63 95
15 32
35 37
26 14
85 16
27 77
78 78
16 66
4 67
5 3
39 87
32 41
40 13
8 91
79 65
12 85
47 33
9 41
72 31
14 7
11 82
34 23
94 59
80 19
87 41
13 43
85 100
52 19
50 55
60 71
40 71
16 23
74 26
76 79
64 44
36 19
27 25
58 97
29 100
73 9
68 14
89 90
84 95
69 52
30 40
54 79
90 2
41 12
9 27
47 22
66 80
21 37
97 53
34 95
93 69
75 36
43 33
35 40
69 36
30 75
33 85
59 64
82 29
49 19
22 15
26 1
1 2
15 100
25 58
24 63
10 8
33 62
16 95
9 73
71 63
28 68
59 17
52 18
3 99
83 67
97 71
15 55
94 62
45 52
52 51
82 44
84 50
36 55
88 1
8 88
24 25
28 70
90 9
13 31
39 56
93 49
63 15
76 19
95 35
64 72
2 23
28 32
28 24
29 96
57 91
56 77
43 99
72 63
34 4
85 56
37 77
93 80
13 34
34 25
4 57
25 38
45 44
46 84
85 61
58 70
84 87
46 52
71 40
94 96
18 54
96 57
99 90
63 56
40 74
92 16
65 95
66 76
25 32
2 34
25 95
67 46
58 68
74 35
1 50
83 36
10 69
5 95
6 15
36 20
24 95
48 27
97 64
14 15
98 95
6 61
14 34
80 16
100 52
30 6
63 93
80 73
50 30
100 66
78 55
100 1
85 64
88 42
80 95
15 53
39 37
92 100
49 71
44 44
5 54
50 72
96 30
88 81
23 18
37 40
3 30
12 47
44 29
98 30
58 88
48 38
34 93
32 3
47 35
18 100
15 9
20 64
23 79
52 16
26 5
49 90
83 41
37 78
82 15
38 82
6 7
9 96
76 42
43 56
38 54
73 86
30 22
37 27
36 70
27 2
23 82
12 84
94 76
40 29
7 50
42 44
82 88
55 33
81 51
16 88
96 20
49 63
8 69
36 95
8 38
17 29
15 50
53 100
17 96
15 1
3 80
29 85
71 53
81 56
98 64
68 16
17 62
10 89
61 58
70 77
47 30
18 16
25 25
79 12
95 30
29 65
10 3
71 86
50 97
28 15
58 88
42 26
96 43
55 99
39 6
28 73
90 51
11 91
27 73
70 84
49 13
60 74
28 9
1 58
98 73
25 29
98 3
37 67
35 61
7 16
79 65
14 45
12 32
35 31
82 29
13 92
94 35
99 37
14 17
81 93
71 6
54 53
80 12
73 11
4 15
98 15
37 16
100 37
46 71
17 58
86 98
13 75
99 30
90 14
76 2
46 49
91 3
71 33
53 86
71 86
23 74
86 41
14 55
52 12
85 39
96 22
42 48
48 86
87 40
4 78
26 4
16 19
4 57
33 90
11 4
50 60
30 87
44 67
24 27
96 54
99 37
25 90
23 78
52 54
90 57
16 99
31 63
26 89
77 40
69 34
15 3
81 93
56 78
47 6
70 15
85 36
78 64
57 77
41 81
22 36
95 46
96 92
50 48
17 70
18 93
19 59
70 37
27 16
60 99
23 90
23 93
9 11
84 76
24 11
75 27
25 22
50 67
92 54
97 78
19 44
86 42
69 17
96 67
13 61
5 73
58 88
10 71
53 31
53 38
90 64
69 26
84 72
80 27
69 38
62 93
57 59
25 42
81 37
59 46
73 80
18 65
41 85
92 67
27 47
10 62
29 18
8 78
24 100
21 58
12 23
32 50
69 26
88 56
39 89
62 35
85 2
20 30
11 17
71 61
18 10
43 1
80 20
27 49
93 42
91 33
4 28
37 12
30 47
27 85
5 83
15 1
5 54
33 99
76 4
14 47
36 18
50 17
74 88
19 75
84 24
82 79
70 40
5 98
93 35
41 12
68 48
67 24
36 65
68 53
42 2
54 98
81 78
98 80
51 66
40 3
68 37
51 90
18 86
12 74
9 4
80 71
11 19
39 64
36 49
31 44
97 96
57 94
6 76
27 76
10 23
92 21
73 99
4 20
17 99
82 74
60 83
54 49
95 14
87 15
74 1
70 28
81 29
45 92
37 20
43 48
50 64
60 47
18 64
5 58
2 6
25 7
32 99
40 82
81 90
54 93
66 2
16 64
60 9
48 49
51 45
48 58
28 12
54 64
75 90
92 18
94 34
45 87
56 42
26 77
52 24
29 82
59 99
25 16
34 97
81 24
26 74
58 86
31 80
14 78
23 52
27 99
64 82
17 25
19 24
35 70
63 6
57 3
29 18
91 36
26 18
81 39
76 56
17 20
69 48
18 84
31 96
21 58
43 53
58 62
88 93
8 15
94 55
80 68
54 13
84 49
10 68
36 88
49 11
97 19
17 79
81 96
18 21
14 46
30 29
30 35
57 33
26 62
12 24
74 26
4 27
31 49
26 78
18 65
29 19
82 17
30 13
44 71
82 40
90 8
50 63
14 71
26 47
51 83
74 75
88 36
47 9
96 15
41 33
55 21
97 11
3 87
90 22
83 90
41 10
32 65
39 35
92 92
58 14
74 53
94 10
13 9
57 49
23 82
67 15
37 38
31 40
93 96
72 60
