1000 2
50 1
2 45
7 26
87 46
7 29
41 49
3 83
96 6
50 15
32 83
86 43
3 60
54 47
53 33
99 59
57 88
57 11
4 43
47 56
2 2
17 65
13 35
38 32
61 54
42 12
59 2
26 22
78 18
4 25
77 34
50 79
11 49
53 91
33 19
60 80
25 16
87 57
32 20
93 20
97 7
89 99
79 55
65 35
32 48
84 80
31 15
48 74
8 45
95 57
36 34
16 63
70 78
72 32
85 52
83 79
59 69
68 5
48 98
13 13
65 10
75 17
24 41
89 8
48 59
83 10
3 33
59 97
30 91
37 31
89 3
33 64
86 69
88 67
89 56
93 96
23 54
28 89
48 21
58 30
99 57
81 47
16 2
60 82
74 74
92 83
68 19
57 42
96 16
90 14
25 99
86 40
61 62
22 40
78 92
73 90
88 77
12 69
56 43
83 31
11 75
65 72
65 42
16 81
100 100
53 45
17 17
51 23
59 59
51 87
59 39
86 25
97 59
22 94
83 52
73 74
73 63
48 25
90 70
36 33
67 95
37 77
82 85
14 86
100 8
12 65
45 100
29 40
73 33
9 36
27 30
74 94
18 2
65 36
3 53
38 97
100 100
6 50
60 36
66 57
64 46
56 84
55 98
57 12
29 61
49 77
64 6
61 31
82 94
7 98
49 18
100 64
10 33
49 48
30 27
24 78
31 84
67 82
19 29
90 76
9 41
92 83
73 30
16 44
9 56
85 78
73 23
41 84
92 12
31 77
59 10
42 70
28 69
34 52
93 79
68 3
49 11
33 84
19 87
98 79
82 88
82 92
3 91
43 55
7 78
44 12
82 83
81 15
35 80
36 29
54 45
24 54
50 13
81 43
58 99
99 61
37 45
91 14
88 49
86 75
75 99
43 89
8 66
27 34
31 53
23 40
73 89
62 64
73 50
62 90
2 50
98 82
98 73
5 14
61 61
17 45
25 6
12 55
21 82
97 39
34 17
5 2
11 6
34 19
62 98
4 52
10 67
15 100
88 77
10 69
42 29
5 25
20 96
66 31
28 78
14 32
90 73
50 22
48 73
31 64
7 22
98 23
98 44
23 56
45 82
30 58
50 87
66 48
37 8
91 3
19 42
7 31
14 90
12 71
92 71
94 39
7 78
38 91
25 4
89 48
57 48
100 64
76 89
42 46
57 35
92 36
49 49
30 39
38 74
68 29
58 81
38 75
28 63
96 88
92 63
11 14
11 11
60 35
12 96
42 95
78 90
91 56
80 67
68 26
76 14
13 78
50 15
63 55
11 83
84 88
90 15
64 99
10 34
59 61
52 53
37 65
72 61
91 11
44 42
23 32
73 97
66 91
78 94
2 71
25 56
70 21
98 59
34 34
17 9
76 25
54 44
80 42
7 71
32 53
92 47
37 6
33 37
6 6
61 94
87 9
43 78
98 30
46 5
94 13
89 53
90 63
49 81
83 16
50 76
18 71
94 73
15 3
81 95
90 38
52 44
81 16
46 3
65 83
33 56
34 41
65 61
69 45
17 38
93 92
90 4
77 97
73 77
55 64
38 34
3 78
68 70
45 46
1 93
89 55
48 20
72 98
62 67
12 28
94 66
93 20
25 58
64 80
47 86
25 98
7 21
3 35
13 65
11 49
49 65
72 95
50 86
1 97
15 76
2 81
96 50
53 81
36 25
19 44
46 77
23 94
24 10
19 41
80 37
76 62
68 23
98 21
81 17
74 34
56 15
40 26
70 62
83 1
13 64
14 29
58 43
6 47
80 87
53 44
66 91
99 79
81 26
90 84
71 6
7 49
5 76
45 4
36 54
10 36
88 66
77 4
26 20
90 14
83 93
20 62
77 58
10 76
71 9
49 66
9 31
65 90
27 2
12 35
59 14
22 80
15 94
79 1
39 40
89 94
26 38
40 6
53 59
4 91
14 2
49 88
12 52
4 4
84 82
64 39
31 3
44 25
81 49
55 48
47 43
57 41
22 4
18 16
46 17
23 73
88 47
18 16
31 13
97 84
41 94
68 34
18 63
65 3
24 38
76 24
86 49
9 22
44 8
55 42
78 37
81 7
68 96
94 7
100 62
77 26
36 48
13 34
14 6
56 87
18 96
94 75
51 51
12 16
13 67
34 6
62 45
95 28
52 62
5 60
49 58
46 36
92 73
6 38
30 59
26 35
20 55
53 20
11 53
51 96
45 3
12 72
98 81
71 27
66 53
73 28
53 27
1 7
70 42
68 88
8 11
3 10
83 76
99 44
84 37
34 57
89 21
26 32
22 8
83 9
77 23
10 59
47 5
80 22
83 70
1 42
50 11
93 2
69 10
32 73
11 90
82 65
17 39
10 45
81 8
9 62
29 76
8 91
21 46
82 33
16 25
84 51
23 41
28 44
81 80
52 73
60 26
26 58
51 1
8 61
70 35
47 77
13 94
35 61
5 67
14 38
91 88
39 35
32 57
60 57
90 90
84 91
86 96
84 54
58 14
57 92
82 15
41 9
85 92
3 51
68 45
21 29
34 75
36 90
57 24
59 81
47 100
7 65
61 71
46 90
44 17
97 93
72 30
72 99
84 83
22 91
63 79
58 16
91 98
17 14
35 36
100 78
20 94
66 15
22 73
33 72
48 87
16 55
96 51
34 23
98 79
83 1
79 56
88 100
63 45
66 96
63 93
34 91
64 62
36 65
11 65
54 69
89 82
24 79
6 53
89 19
93 92
96 7
76 62
50 73
78 25
79 75
50 35
37 3
32 85
93 49
32 99
84 45
3 88
90 77
66 65
77 71
29 17
95 64
86 34
64 20
34 26
69 81
2 13
10 84
57 7
91 34
24 71
58 57
55 86
17 56
26 1
16 56
49 43
21 5
48 31
67 37
49 10
1 48
57 66
67 32
81 100
14 47
18 80
21 20
43 48
8 36
29 85
86 64
38 62
26 34
48 25
86 44
17 59
5 14
6 84
45 83
86 88
25 54
50 52
81 100
17 89
3 24
77 39
5 58
63 98
61 100
78 59
86 75
57 41
10 95
80 51
10 37
90 100
11 80
5 7
43 33
79 39
71 41
46 24
46 23
42 72
78 22
18 61
59 100
100 40
78 6
32 90
88 80
33 86
48 46
30 25
97 82
41 47
33 93
51 30
43 3
30 6
26 86
17 61
75 84
55 62
47 19
68 46
19 99
7 24
49 47
55 88
75 49
49 60
97 74
14 26
88 97
66 13
71 93
30 22
7 83
24 95
89 100
29 13
96 76
37 14
2 8
61 38
33 5
34 5
71 47
56 88
22 100
39 15
14 28
31 23
72 77
10 78
52 14
29 94
58 70
50 90
36 67
98 29
56 6
33 51
10 84
5 98
7 89
56 51
58 35
66 81
83 59
79 5
16 46
7 11
69 35
49 88
35 40
86 16
2 59
78 4
91 81
87 98
33 68
89 85
41 95
41 43
89 15
88 34
38 50
2 98
34 19
48 86
7 25
94 5
68 81
68 20
7 7
94 1
60 6
41 58
23 50
84 15
34 34
99 16
91 28
6 67
52 35
25 59
97 37
31 2
26 34
36 43
26 22
5 56
8 75
67 91
8 71
65 1
18 94
47 32
3 6
22 49
38 71
43 93
42 12
33 25
88 4
100 17
49 20
56 53
46 18
90 76
51 9
9 93
66 81
93 4
86 21
33 77
92 100
64 72
82 38
29 35
13 41
38 26
4 43
35 89
35 15
81 33
60 59
15 84
35 22
15 7
44 27
94 61
9 80
78 76
64 18
62 15
30 68
69 43
12 5
33 11
52 36
40 83
96 87
94 47
5 16
14 36
52 60
25 56
29 18
16 90
19 31
89 76
83 45
3 37
11 7
43 32
31 19
12 59
94 18
51 25
21 67
36 78
41 36
33 39
92 41
3 55
47 10
99 49
76 28
96 86
92 6
12 86
44 54
35 92
6 29
37 32
25 99
85 58
94 32
10 53
56 92
11 66
81 62
70 49
10 10
87 78
88 64
75 33
97 26
82 92
19 26
12 60
2 38
48 10
22 19
43 58
90 21
21 89
89 36
33 50
14 59
8 37
80 36
87 84
33 43
76 60
16 1
72 97
93 6
23 16
33 85
17 85
54 82
14 79
97 1
78 56
69 52
45 55
5 69
69 56
89 49
65 88
98 37
90 72
98 38
93 25
80 31
93 70
84 62
82 50
75 47
34 39
13 93
33 60
61 88
85 16
96 95
37 34
27 34
39 25
14 27
27 66
96 27
67 53
20 5
45 37
62 35
89 6
59 6
64 75
100 77
95 41
62 45
45 71
10 92
28 18
32 100
69 92
57 20
38 100
8 94
31 39
3 11
7 5
4 22
32 6
39 53
100 44
16 85
42 99
9 26
18 84
6 23
80 36
57 59
58 36
89 43
40 83
91 56
18 97
21 93
33 8
98 19
13 96
59 22
31 79
78 20
1 17
53 36
6 58
31 93
6 89
44 97
68 71
