110 2
26 34
94 81
10 94
10 3
65 81
4 75
75 52
99 76
28 5
71 34
70 70
61 84
100 20
47 51
29 99
76 94
38 18
60 65
66 12
51 47
65 2
85 31
79 88
22 97
66 18
58 21
23 73
73 85
19 95
94 62
46 6
29 98
63 30
9 34
48 30
6 86
27 67
47 50
61 59
6 6
84 42
14 91
67 82
36 95
34 75
70 73
23 49
84 49
47 76
84 10
67 33
49 29
67 52
46 45
63 62
78 1
65 18
57 22
30 10
66 83
36 28
20 24
21 47
78 92
16 85
30 54
43 93
15 62
87 62
62 27
76 21
83 53
3 32
6 17
74 76
21 18
81 66
6 74
19 8
22 34
24 67
52 77
73 82
3 93
94 85
37 11
28 58
78 61
62 22
29 53
77 19
75 99
24 80
85 66
34 22
93 88
44 59
77 76
9 30
49 50
17 14
3 26
67 65
88 54
20 78
13 23
61 79
77 5
69 65
97 16
