830 2
53 70
65 24
19 4
92 7
21 38
33 14
8 16
85 39
43 79
11 92
13 57
55 50
80 37
64 13
10 59
63 11
58 12
5 81
22 9
9 23
23 66
15 10
20 69
25 84
41 42
8 75
84 83
46 19
87 3
57 90
27 21
1 66
5 22
97 37
81 96
51 43
26 54
99 70
65 50
45 28
40 39
45 100
73 90
77 81
17 38
84 95
23 63
24 66
100 8
19 96
94 18
15 39
68 63
51 56
52 64
9 21
80 78
53 58
77 85
24 13
18 74
82 73
86 63
73 32
48 64
37 53
38 26
41 31
83 83
91 48
42 42
76 49
23 78
78 67
30 88
20 93
37 2
73 2
47 95
66 80
6 16
96 94
84 59
8 55
25 6
49 57
11 31
21 48
4 35
80 79
29 16
40 14
94 55
17 46
21 27
28 15
39 88
42 37
34 25
35 67
23 53
24 67
1 11
41 92
44 97
32 24
88 33
91 19
68 9
20 65
93 96
38 18
82 74
50 67
48 10
54 7
13 14
31 99
12 19
67 72
100 72
21 47
75 61
100 70
89 99
30 40
52 84
82 78
8 69
64 9
4 68
100 5
15 65
21 64
34 41
31 72
72 67
53 4
16 25
44 76
38 49
14 43
81 16
50 51
54 15
66 47
60 62
19 13
79 78
14 14
12 2
29 80
81 5
43 54
55 21
82 96
47 43
37 7
19 9
61 73
51 20
68 18
68 59
1 14
36 97
65 2
42 31
46 52
37 91
39 46
98 98
6 36
94 42
71 12
80 37
75 81
82 4
44 7
54 64
86 90
92 48
77 61
76 56
94 35
26 1
67 62
58 55
31 75
56 84
37 20
56 68
34 8
66 42
66 70
42 74
37 49
99 83
90 97
10 5
65 44
72 91
15 9
23 90
94 37
78 87
93 42
65 89
45 94
35 39
2 21
67 5
68 36
59 27
53 13
53 16
65 70
70 10
39 81
58 34
4 93
90 76
53 46
85 49
70 61
8 91
18 17
64 43
28 86
8 5
78 46
96 16
92 78
86 84
41 17
21 46
23 49
50 92
27 98
32 67
84 51
31 45
47 36
85 58
23 18
63 12
93 29
43 76
54 2
47 74
69 17
92 89
14 50
44 94
40 87
94 95
2 18
79 40
37 88
74 20
52 98
68 71
44 56
76 4
36 49
59 35
13 61
9 36
10 66
4 49
5 100
93 44
31 47
84 23
62 41
75 31
49 57
17 35
88 4
16 10
27 100
85 93
42 53
27 17
86 58
59 52
89 51
45 57
43 10
48 5
65 71
38 35
86 23
21 78
55 28
2 2
3 16
9 70
54 36
3 51
23 22
43 55
40 19
96 33
17 99
27 58
13 52
19 63
36 29
4 18
100 26
55 55
34 96
63 64
36 29
44 88
41 46
89 1
91 66
1 6
73 17
5 1
40 66
81 68
96 11
90 78
70 65
28 56
2 20
87 56
67 56
30 29
92 36
41 73
54 99
48 81
43 2
69 80
77 75
88 15
89 15
87 9
49 63
53 67
68 57
31 8
46 80
1 88
95 25
15 31
63 21
86 83
79 56
93 63
66 65
70 93
60 31
100 69
99 24
48 59
67 29
92 1
97 65
57 60
55 50
27 90
22 22
72 37
1 45
4 60
82 80
62 70
31 19
43 57
87 94
59 76
20 55
12 88
97 17
20 72
5 7
27 38
87 78
87 50
100 82
9 16
33 75
59 44
33 98
90 57
39 46
71 56
46 26
92 100
31 90
61 74
64 34
25 59
32 73
36 30
25 38
90 43
69 51
14 38
84 94
33 50
32 27
49 49
70 38
67 90
14 52
10 90
17 32
79 24
89 70
54 56
25 17
13 3
90 40
52 63
28 13
40 79
9 14
21 80
21 44
34 9
98 46
49 23
31 89
11 9
20 58
70 13
61 49
69 81
47 45
81 72
78 96
63 16
18 59
8 92
74 87
68 98
93 19
12 27
82 1
63 58
77 37
63 82
79 10
52 89
55 43
79 19
87 13
86 42
96 85
39 52
81 78
65 34
92 33
43 70
6 28
93 40
47 88
32 66
90 1
43 20
23 50
81 80
6 5
11 71
52 73
99 93
45 56
4 27
99 72
61 94
25 52
50 35
13 86
54 66
75 89
45 69
78 47
82 16
63 96
99 70
72 87
34 25
100 69
51 7
43 76
20 73
10 76
6 4
64 76
52 32
83 97
53 7
23 94
12 43
30 95
29 76
19 13
51 93
16 85
44 5
51 35
23 87
5 54
100 33
45 47
15 83
86 99
11 72
69 52
18 15
72 2
64 90
70 1
53 76
50 90
1 97
100 24
33 31
96 64
23 11
65 64
61 56
95 27
9 47
59 58
3 22
99 92
53 10
84 18
60 80
77 1
44 66
37 4
83 58
55 83
50 77
59 57
83 22
32 5
79 60
31 28
5 15
98 31
37 31
34 29
97 65
20 91
35 17
57 47
74 18
38 46
65 82
55 99
37 68
16 94
18 43
55 25
68 69
27 79
83 54
67 43
75 24
55 14
65 59
43 3
32 62
12 22
20 51
27 66
24 9
9 66
60 66
43 52
34 44
41 4
22 65
12 19
9 89
34 33
97 27
67 60
57 88
62 77
6 84
43 54
65 80
94 45
38 56
12 20
89 89
31 54
4 96
41 33
17 41
61 37
80 4
18 90
63 96
48 34
80 44
66 6
31 35
17 80
24 27
36 41
35 99
55 88
36 20
5 87
10 26
95 5
93 90
80 11
3 37
76 37
97 2
67 84
40 2
44 70
93 72
90 12
45 80
88 51
77 54
68 3
95 41
98 77
23 70
2 30
20 99
56 34
77 22
100 14
52 1
16 56
55 99
93 45
79 35
65 11
37 32
10 43
29 38
100 3
61 38
84 64
84 87
7 45
60 25
29 17
39 79
81 12
91 51
67 8
79 84
13 38
43 94
42 42
61 78
66 82
74 74
3 41
12 25
61 30
5 75
50 21
53 46
28 95
23 92
26 27
76 48
82 46
77 31
5 14
12 30
75 63
99 24
35 12
68 87
91 20
85 58
16 44
92 31
9 52
79 87
2 72
9 66
25 41
77 98
49 48
46 66
15 60
94 9
59 38
36 45
38 52
24 87
17 14
13 8
45 69
93 56
32 89
2 32
68 43
27 33
8 75
26 49
30 1
57 38
38 95
28 96
98 43
98 41
45 51
41 98
87 9
32 36
6 71
16 2
55 78
29 65
59 50
40 84
40 39
12 62
73 35
96 10
13 97
71 26
76 17
50 95
70 59
11 24
25 14
30 52
40 86
46 28
38 49
91 54
56 23
47 31
80 35
7 96
45 42
32 17
18 27
27 50
82 88
43 98
86 43
34 59
64 15
14 76
17 77
8 22
20 19
61 34
4 76
22 50
85 97
53 28
31 66
41 62
19 26
67 77
90 35
48 70
5 20
57 35
49 40
7 5
22 44
16 38
52 93
27 5
9 82
70 3
34 37
49 76
57 11
70 27
32 97
18 59
28 66
4 63
94 57
25 95
81 89
63 74
58 64
75 92
42 89
42 2
78 88
30 63
67 23
88 1
46 43
90 15
45 24
30 10
57 54
98 2
17 1
96 48
8 27
21 57
84 28
75 37
11 60
19 38
77 60
57 48
61 15
56 99
19 63
94 8
16 33
16 94
30 25
70 99
43 52
37 57
60 93
11 5
55 60
