180 2
4 44
93 80
56 55
94 95
97 8
14 71
50 93
87 37
69 60
55 74
93 73
99 67
34 21
49 60
96 31
17 2
36 88
36 11
32 99
70 38
44 74
51 5
79 36
47 35
85 33
84 99
78 2
16 40
73 85
42 34
23 57
60 3
57 2
60 5
46 62
82 72
28 53
8 75
11 36
79 71
41 9
57 24
34 99
36 34
64 17
30 81
23 19
80 84
7 30
15 84
5 24
88 65
57 75
41 6
71 92
30 8
92 34
33 3
87 46
70 92
6 77
31 45
14 10
65 57
15 66
10 31
27 42
74 48
88 54
10 83
55 37
19 4
42 78
47 43
53 84
48 61
38 80
4 21
48 6
38 20
76 4
14 78
28 41
66 92
100 95
66 75
92 45
28 49
75 5
85 93
20 49
98 84
11 10
29 73
65 74
81 71
94 54
69 94
16 68
7 78
61 85
68 67
57 41
35 25
74 38
32 43
32 99
47 30
59 41
96 15
89 31
57 94
53 47
11 46
72 65
10 47
84 62
78 30
58 54
30 73
17 69
32 100
53 87
75 86
18 78
34 37
44 41
16 11
53 54
65 19
74 64
81 99
26 24
59 2
22 16
54 34
98 71
92 61
96 13
17 5
56 4
89 22
10 17
66 68
50 55
46 17
52 90
72 31
92 38
16 44
44 76
78 79
14 93
6 10
95 46
58 53
81 58
95 56
38 97
62 90
18 94
24 93
99 76
66 11
20 1
76 76
48 87
84 59
49 42
57 23
66 93
76 36
99 13
30 39
64 44
7 73
67 68
75 66
55 37
42 50
