440 2
35 16
14 18
14 24
79 6
45 67
65 94
65 38
9 75
26 51
82 81
93 22
49 81
99 90
27 12
100 29
89 39
75 33
55 4
60 66
9 93
66 21
80 44
17 14
76 85
31 70
44 21
18 22
79 28
16 9
40 24
29 11
11 47
40 62
75 89
58 81
94 2
33 80
94 81
88 74
99 69
85 66
85 30
11 91
23 3
49 85
5 41
30 75
44 40
32 97
91 22
66 36
45 83
10 17
77 86
98 73
27 69
59 90
67 66
35 26
10 1
57 38
74 11
34 68
58 54
36 23
57 28
1 1
75 22
7 97
13 69
72 63
8 100
54 82
77 96
81 70
26 19
97 74
19 35
8 11
15 49
23 66
3 12
100 54
70 5
60 31
22 67
14 74
60 47
81 83
83 93
5 59
63 20
10 65
72 80
3 56
54 45
83 8
85 43
55 47
48 30
36 3
7 20
56 88
64 11
53 9
59 18
59 57
41 30
87 79
73 43
34 27
87 12
90 81
81 84
55 13
10 70
53 76
67 15
36 100
92 23
84 15
65 48
74 24
73 31
7 4
38 87
36 78
19 21
75 35
53 71
80 60
52 81
14 53
53 100
16 15
69 48
60 5
96 7
12 3
74 21
8 61
30 57
71 90
56 52
42 46
86 61
15 78
44 43
62 22
73 6
25 34
9 84
30 70
54 41
10 60
50 64
87 85
83 90
84 84
30 84
62 20
63 22
45 76
92 4
51 25
45 79
89 29
16 21
99 16
90 47
10 85
6 4
78 77
78 14
23 80
76 68
24 94
35 67
56 13
28 88
11 13
1 25
42 67
4 59
60 89
11 8
76 12
22 8
88 33
92 44
87 75
30 66
61 78
47 78
49 29
67 85
39 42
32 42
93 36
51 70
15 80
54 50
23 25
93 87
7 2
25 57
30 51
26 60
100 88
45 62
97 5
67 9
43 9
89 69
91 2
94 59
64 70
29 28
99 55
68 24
53 9
38 89
92 39
51 34
100 46
47 58
45 29
9 8
6 18
53 55
72 78
91 57
40 24
61 41
57 10
35 67
77 9
23 48
45 17
80 13
87 52
45 26
78 64
73 33
36 58
33 2
9 86
93 43
71 83
53 54
68 37
74 22
57 21
47 33
43 100
22 68
25 93
20 36
4 18
25 5
67 95
75 93
10 18
21 96
75 37
25 79
57 14
96 41
5 14
7 20
86 32
74 39
15 40
85 17
87 89
76 8
8 73
39 6
16 57
62 94
34 80
82 13
73 23
66 26
18 38
73 48
13 15
1 76
92 55
90 91
58 4
88 23
38 80
9 10
97 54
74 78
29 39
93 59
83 72
99 58
60 54
19 78
61 35
96 50
57 78
27 1
89 60
19 16
99 95
63 71
23 10
83 75
90 87
18 62
78 4
92 8
52 95
66 84
33 51
38 23
69 64
32 39
47 85
57 50
25 87
47 66
94 59
25 13
12 11
28 47
37 94
79 24
41 72
49 61
36 41
53 38
40 29
16 27
21 69
15 96
48 50
10 26
54 65
24 29
31 85
93 19
80 91
5 91
38 56
1 67
38 50
88 86
57 39
5 61
18 37
100 68
6 98
92 14
66 62
80 80
78 62
14 63
78 3
70 33
72 11
41 90
21 63
58 90
14 10
46 95
21 64
42 90
2 60
82 94
27 97
55 11
31 24
5 39
8 51
32 100
21 22
25 50
23 83
65 13
83 92
95 75
59 73
80 11
14 11
28 4
61 30
54 50
12 97
100 77
91 52
59 15
75 57
76 56
77 57
68 9
49 23
52 49
63 13
97 35
9 56
70 23
53 85
89 47
75 64
6 7
57 28
21 15
18 58
10 86
93 18
11 46
16 99
80 57
84 3
78 52
97 20
59 29
14 55
61 27
33 73
80 20
71 34
19 56
63 67
54 95
12 58
65 36
2 42
39 70
45 84
15 17
3 53
14 17
95 49
66 61
