210 2
71 95
43 81
86 42
68 20
86 88
92 76
67 88
36 77
100 32
29 3
56 62
35 43
66 39
64 93
52 7
76 39
33 14
19 72
29 29
32 60
20 13
90 70
65 47
53 96
52 54
73 43
39 11
32 21
80 62
85 9
100 41
8 56
52 56
20 54
61 4
43 48
16 40
31 63
63 51
76 28
52 56
31 37
32 79
22 44
21 77
42 76
49 11
13 11
11 95
2 20
70 55
64 12
90 83
20 7
1 61
23 5
18 38
47 87
88 90
46 86
74 12
6 22
40 43
13 5
75 11
6 79
1 25
22 51
63 14
35 76
38 79
68 10
79 37
18 9
60 78
34 21
83 100
90 66
13 64
78 29
89 37
5 51
44 86
21 89
61 58
46 66
40 38
84 91
52 54
31 40
86 42
27 31
60 20
91 20
5 11
8 76
16 19
14 58
17 20
93 10
37 99
43 89
41 75
31 92
62 56
53 16
83 86
86 71
94 76
39 91
27 61
84 5
47 21
51 25
45 9
7 5
33 50
24 64
60 85
51 91
42 58
18 42
96 91
55 85
41 97
73 90
24 1
22 33
54 12
63 43
19 6
18 31
66 78
64 36
26 93
24 54
5 99
2 81
47 92
44 79
48 44
1 14
62 99
65 26
28 19
43 88
85 95
96 65
36 68
51 68
76 79
79 26
56 99
94 6
59 93
76 71
38 69
97 59
6 37
43 3
53 76
81 9
61 54
60 78
74 30
41 76
29 58
34 39
84 5
30 86
75 33
51 34
1 68
30 6
29 58
31 51
1 56
7 10
36 69
70 54
3 65
94 99
82 40
99 77
85 7
64 75
28 69
85 71
37 100
15 31
50 72
93 43
23 70
84 26
2 88
55 11
43 83
32 62
3 13
17 96
94 34
22 85
38 86
33 54
21 55
27 94
21 47
13 98
37 40
70 89
