690 2
62 32
33 69
63 46
37 9
29 89
25 4
71 48
3 59
8 74
60 73
18 70
90 7
78 87
7 60
69 65
74 75
97 79
7 36
21 81
18 95
98 62
82 88
9 54
38 2
64 47
11 53
2 2
41 15
60 89
76 21
86 78
55 54
51 69
56 20
23 13
70 65
36 56
41 31
83 98
100 8
83 41
62 71
56 34
14 73
63 6
9 91
11 83
70 94
82 81
31 36
83 93
10 72
22 63
50 22
14 50
57 56
36 42
75 16
99 11
3 77
58 15
27 28
25 89
13 83
38 88
29 82
7 57
78 51
59 78
43 34
100 71
9 98
1 17
35 26
75 11
22 15
54 86
97 46
99 52
21 76
58 78
78 37
24 46
50 47
84 23
83 84
75 72
53 5
2 44
33 14
63 57
100 72
1 37
27 1
26 20
41 89
18 30
87 88
46 72
27 84
79 1
18 99
33 94
3 69
68 72
14 87
44 18
31 77
29 85
76 7
80 5
17 28
100 85
32 68
3 100
63 44
41 49
30 48
5 75
78 21
45 25
74 28
27 45
17 14
9 16
9 64
14 48
50 24
50 32
24 21
92 88
24 79
88 71
27 82
28 74
56 87
67 30
10 74
99 11
48 76
66 63
22 37
51 23
39 19
36 2
51 63
69 26
45 68
33 61
12 68
21 20
91 63
24 49
29 9
34 10
91 99
33 40
76 32
69 76
61 42
79 58
33 38
56 70
19 61
24 2
14 19
47 97
94 39
17 13
56 77
85 20
37 36
68 84
69 16
77 24
79 12
60 57
47 35
39 47
100 61
73 36
39 99
77 37
2 14
52 60
24 18
30 97
74 23
32 65
3 12
53 17
64 78
41 78
20 34
8 92
67 98
73 57
45 58
32 71
69 44
10 32
13 13
33 51
54 26
36 34
48 46
3 66
45 80
40 47
20 21
70 71
71 46
8 58
44 86
31 93
16 24
26 85
39 17
70 20
50 5
40 41
3 4
60 11
69 42
80 21
9 78
4 52
18 12
95 12
50 87
80 61
35 31
9 87
81 84
75 21
5 42
12 42
89 92
66 26
13 72
71 83
100 50
13 89
42 37
23 1
50 2
54 56
84 63
68 70
95 6
63 22
76 21
32 21
26 99
59 73
74 37
66 3
14 14
24 36
65 58
10 47
43 49
32 67
85 88
90 86
4 11
41 94
9 93
54 52
63 29
96 86
15 54
68 21
16 13
80 39
84 11
78 22
66 12
88 89
95 84
67 26
77 78
81 50
1 3
38 39
80 91
60 91
17 13
14 2
63 24
46 60
2 55
24 14
7 37
42 27
52 27
78 83
41 85
20 38
55 69
62 51
43 36
45 94
31 3
64 4
58 97
33 40
78 74
25 19
43 16
56 14
55 34
18 54
49 98
1 25
6 38
9 84
34 79
87 92
43 1
89 95
8 92
80 30
12 64
52 66
36 51
59 78
58 17
60 37
82 34
5 81
25 80
21 47
29 82
30 55
71 86
71 63
43 66
5 45
33 44
71 83
5 22
56 39
85 82
25 84
38 72
21 46
29 15
7 86
40 100
11 75
92 6
51 85
74 22
99 95
50 83
45 35
80 62
93 70
63 74
82 94
13 22
21 66
75 25
11 96
72 37
46 94
75 27
14 76
37 49
28 98
27 2
89 7
52 46
15 38
40 68
58 12
72 64
77 81
36 15
5 98
90 91
54 58
35 54
23 15
4 71
5 32
55 60
82 33
44 66
63 68
9 46
48 63
79 44
61 59
71 25
11 90
9 49
2 100
38 9
65 58
48 41
23 60
78 18
44 73
89 5
65 77
49 62
95 78
5 7
40 57
68 69
24 6
13 38
33 29
40 58
77 40
49 30
14 79
1 87
72 26
81 42
13 59
34 65
49 37
51 21
55 58
28 28
38 98
82 68
44 30
47 29
27 18
53 12
93 52
61 2
24 16
98 84
99 13
31 7
16 92
7 47
9 26
1 20
12 57
27 24
46 44
13 40
75 17
31 81
96 100
74 31
56 60
82 39
91 78
55 72
12 4
82 16
5 56
74 56
6 43
5 55
16 88
17 22
48 41
90 71
33 36
47 16
76 62
23 40
76 48
78 7
32 65
40 31
92 86
43 30
61 65
90 82
89 45
44 92
76 14
64 21
80 63
37 6
90 61
7 54
70 94
55 48
6 89
3 7
13 62
16 62
41 38
76 79
63 73
26 73
88 4
51 45
86 95
40 81
46 22
54 8
61 72
24 37
99 6
14 13
80 90
92 69
91 70
68 67
37 23
73 88
43 53
7 9
63 25
11 73
85 21
72 25
35 2
100 55
19 16
32 18
14 5
40 22
11 49
32 35
3 37
77 19
53 28
3 82
59 36
57 58
83 39
50 40
2 52
81 52
24 25
67 73
72 37
27 49
83 28
75 56
24 48
96 90
89 43
76 29
72 42
64 99
51 68
34 93
52 27
45 35
48 18
32 65
46 61
76 83
9 69
49 69
27 51
24 93
92 70
19 5
54 86
11 83
97 85
59 21
92 7
58 20
7 29
45 61
92 7
37 84
49 30
33 35
81 14
27 83
28 61
37 16
28 100
4 52
34 41
50 41
34 86
73 97
27 35
94 98
38 12
61 27
10 46
90 54
13 13
18 20
31 97
95 44
20 9
18 24
94 3
37 66
85 92
53 3
81 37
18 36
73 19
21 34
45 38
63 96
60 80
11 57
38 71
34 9
22 63
40 25
98 26
71 24
29 36
76 69
66 92
90 49
14 63
80 85
83 37
97 80
96 19
84 90
92 17
56 68
95 34
98 47
81 61
21 78
76 60
62 16
8 46
35 4
1 34
47 49
85 86
99 86
79 18
87 69
90 15
100 55
58 74
70 35
50 31
55 98
49 45
85 84
17 17
47 88
95 43
16 26
87 15
26 31
17 22
50 5
38 26
91 84
20 40
96 65
80 36
68 25
82 50
26 27
41 73
100 57
85 7
75 63
100 99
14 99
94 49
74 72
19 42
3 59
26 26
57 52
12 31
65 62
38 49
82 45
84 79
100 91
37 39
47 55
65 12
53 37
24 4
53 35
44 23
22 74
