660 2
4 35
67 35
13 46
92 82
26 94
1 2
25 32
63 54
78 18
78 35
83 97
37 76
47 4
52 74
42 66
68 64
75 73
61 17
24 38
19 29
75 25
79 89
59 86
67 7
22 30
6 5
26 100
100 73
76 46
13 33
4 64
66 69
71 51
94 69
14 94
33 14
3 67
72 67
97 54
67 81
61 18
27 75
90 4
39 33
94 24
59 87
78 62
18 9
65 28
96 51
59 91
31 91
59 16
30 65
47 69
19 43
62 55
13 6
97 43
93 69
68 23
10 26
54 36
92 36
11 24
73 91
34 38
71 66
88 57
24 69
87 93
99 67
76 56
16 16
39 100
16 16
96 99
45 8
17 64
13 14
36 65
38 48
9 55
88 11
38 38
7 1
10 98
44 27
73 11
11 60
12 26
25 4
2 15
23 78
82 80
20 76
23 84
55 26
70 66
5 9
81 60
28 38
73 32
66 17
59 27
67 32
62 50
44 42
92 20
19 33
23 79
41 22
93 100
47 74
84 7
50 75
30 54
44 23
53 62
57 62
44 27
19 8
91 75
19 22
49 49
74 15
36 14
77 80
95 21
98 64
16 70
7 41
65 94
80 92
21 57
49 68
27 34
70 65
37 74
79 8
82 71
34 82
20 18
34 22
6 24
51 87
76 39
88 62
42 42
23 8
91 85
51 50
1 73
68 43
42 67
8 16
87 19
69 73
99 18
16 91
30 75
86 95
47 72
19 39
69 37
42 79
21 41
34 51
71 94
70 57
19 97
22 53
71 52
23 50
10 70
56 53
44 23
14 4
25 2
42 37
13 61
60 34
4 8
82 36
63 25
24 78
47 9
32 72
66 85
68 60
46 53
47 26
81 16
16 66
20 80
92 30
68 59
27 27
69 6
49 65
95 28
5 15
92 69
14 80
64 38
100 83
19 35
43 29
64 48
76 93
95 90
21 78
32 78
96 37
4 54
9 100
95 22
70 27
82 65
90 55
86 3
3 70
51 96
18 76
57 43
73 50
57 8
78 96
95 52
59 70
74 33
86 73
96 93
7 37
80 37
5 54
70 36
75 11
23 70
80 4
95 46
25 67
63 67
1 62
73 21
15 27
11 37
42 64
30 12
33 77
8 98
23 35
58 70
18 85
59 47
41 55
35 94
50 63
77 2
41 43
47 70
68 97
43 4
56 46
7 8
15 26
54 41
46 61
89 72
31 61
100 47
95 29
16 95
4 58
13 89
43 9
85 24
46 19
6 66
57 45
83 15
2 83
24 62
18 55
51 9
74 23
20 23
72 99
31 14
8 66
57 20
2 9
11 67
26 89
9 48
38 13
23 6
54 45
28 22
70 68
35 50
80 65
79 73
26 33
18 1
88 72
65 67
39 17
1 42
98 33
95 58
73 41
27 85
63 98
76 53
45 25
80 10
39 38
100 80
41 12
8 96
57 37
23 36
88 59
11 45
64 87
58 14
92 74
15 40
51 45
89 81
13 19
92 6
31 66
61 85
17 100
46 20
70 52
44 27
43 89
39 10
65 66
54 15
94 83
100 87
55 13
51 81
56 20
65 84
18 46
18 5
59 57
9 30
80 54
48 46
33 66
70 57
40 37
67 9
53 48
36 25
18 84
82 66
9 96
82 94
75 56
70 35
8 22
57 31
87 69
54 26
98 69
10 89
34 74
16 12
18 48
44 12
96 59
100 85
88 80
74 37
70 62
81 34
77 29
41 61
97 82
42 54
8 45
70 21
8 23
98 100
9 73
77 42
10 88
17 58
94 73
18 25
57 46
7 48
66 48
39 12
11 35
32 16
26 43
40 20
60 56
36 42
3 59
97 14
38 12
88 35
79 32
20 99
97 44
93 66
59 24
52 54
96 47
46 53
77 34
71 1
82 92
33 20
33 79
20 75
75 48
18 7
6 31
65 9
62 66
3 85
45 77
81 81
2 13
44 70
19 60
65 96
44 36
75 79
18 82
53 39
96 41
19 93
24 44
96 50
85 5
38 18
45 14
3 49
13 4
84 37
16 90
17 46
6 68
41 98
52 4
29 71
81 27
97 70
38 59
43 79
39 26
9 5
98 5
25 3
23 48
41 8
19 21
71 95
82 56
89 72
34 89
37 59
1 41
72 6
26 96
41 70
64 8
61 93
93 23
79 5
8 71
87 58
75 69
87 48
67 81
25 47
1 48
13 77
11 47
2 34
79 41
80 16
25 8
73 84
53 20
89 78
20 27
39 80
63 89
98 40
74 12
30 47
64 17
77 35
75 51
20 85
49 4
94 7
9 1
43 61
59 28
100 23
57 92
50 38
20 84
47 83
54 51
23 38
92 18
11 52
21 56
24 67
94 90
7 75
63 72
79 58
75 50
28 71
11 78
95 39
92 70
53 2
49 41
10 22
37 33
59 43
43 86
74 75
96 71
84 86
46 19
2 2
67 44
74 14
20 87
6 73
26 73
46 13
43 86
79 19
91 95
96 60
82 85
36 48
3 92
87 89
36 9
51 61
30 84
91 9
26 23
79 89
12 9
31 93
98 91
42 75
6 98
59 87
2 84
11 67
98 53
94 7
67 29
16 66
32 70
55 68
9 24
35 77
73 66
26 91
20 55
18 96
20 60
18 55
95 67
16 48
74 76
80 91
45 55
57 5
19 86
35 69
17 85
29 36
49 11
78 38
2 9
74 74
53 32
6 17
68 65
9 97
44 72
27 97
37 56
44 61
50 67
32 99
3 79
35 81
84 86
60 84
61 63
41 16
47 1
66 84
89 36
94 67
46 46
19 23
83 28
56 16
48 15
99 93
38 7
74 63
76 24
69 89
29 80
30 88
91 64
83 29
29 37
42 73
41 53
58 65
92 19
75 100
47 24
22 27
28 58
63 11
85 6
56 24
85 72
59 77
42 44
90 3
49 64
25 21
3 99
60 61
70 69
26 97
77 97
55 97
61 57
42 80
64 100
