680 2
85 57
20 20
76 40
40 35
84 29
72 63
96 64
26 6
44 42
69 22
89 3
95 51
83 51
73 34
43 91
54 92
64 32
79 97
81 61
13 12
50 13
22 8
25 49
37 70
63 50
83 18
39 57
62 99
54 22
62 6
33 91
93 42
70 83
15 51
83 96
100 86
28 39
22 91
70 3
44 26
36 44
35 90
40 24
53 8
23 16
93 7
63 13
91 22
23 5
10 36
42 87
39 3
89 49
62 100
40 44
90 19
57 7
50 73
12 94
48 57
88 9
22 84
98 58
40 36
98 12
60 15
51 54
99 39
93 69
89 26
51 76
91 43
47 42
8 79
42 24
42 93
14 23
97 13
28 1
10 71
100 75
57 83
36 30
37 16
83 10
32 24
82 43
3 1
79 94
49 79
26 14
44 76
62 22
5 59
79 36
81 25
12 29
81 22
81 63
20 68
66 4
62 53
40 22
86 44
83 22
100 24
1 77
37 73
57 46
31 27
86 26
58 41
7 46
55 85
39 63
41 96
59 62
31 58
8 51
69 10
94 14
41 63
29 26
20 15
92 14
53 76
48 66
27 12
17 69
51 68
58 38
14 34
57 79
47 58
19 47
99 47
62 13
47 77
19 2
76 32
26 31
23 39
12 52
92 23
14 32
64 54
26 94
67 71
12 1
16 16
32 46
65 20
58 11
27 100
49 99
99 66
75 13
46 63
9 88
79 74
50 21
9 88
85 27
63 60
8 65
44 20
56 52
90 39
75 48
69 86
27 76
72 56
86 31
59 10
16 5
81 40
3 46
16 97
33 68
32 55
63 66
52 60
3 4
14 63
53 55
89 16
99 77
10 30
89 23
35 9
48 82
96 6
33 75
7 53
13 27
78 42
97 58
98 86
13 100
49 93
91 23
2 13
75 60
3 1
10 73
22 3
47 81
56 66
88 45
100 63
26 59
88 73
92 26
94 90
31 66
57 17
37 18
79 12
1 20
84 84
87 4
10 68
20 29
90 40
49 98
63 61
54 83
79 54
89 75
47 61
59 68
65 48
68 23
12 43
12 22
25 55
82 40
46 82
98 72
78 82
80 86
36 72
42 74
83 43
92 6
49 100
50 24
8 71
91 1
6 92
3 6
91 84
26 54
30 95
78 73
90 11
85 9
88 50
44 98
52 68
76 96
10 24
72 73
84 67
93 14
76 14
43 3
65 96
8 29
32 94
6 23
43 58
89 60
63 61
96 39
31 28
84 49
2 77
57 10
15 57
15 42
18 90
43 68
65 90
2 34
88 31
89 36
63 45
65 10
22 70
15 10
32 30
52 96
42 86
14 75
78 10
94 50
14 20
78 65
97 63
60 85
1 15
73 46
26 16
63 9
33 91
20 34
96 100
72 32
6 62
78 97
13 44
4 65
41 64
48 89
74 32
6 6
73 85
46 96
45 79
22 86
62 98
34 74
19 82
55 67
35 100
21 57
66 59
34 50
55 54
54 51
100 60
62 97
8 12
44 37
5 95
63 90
78 44
26 88
92 13
57 66
81 18
65 3
5 23
90 88
79 65
51 42
98 91
42 91
35 8
59 40
100 95
7 98
48 21
58 24
85 83
32 44
32 91
18 78
31 98
96 80
86 13
65 46
30 37
15 19
13 15
95 28
75 66
54 88
13 100
49 33
10 79
29 68
19 74
48 32
3 54
9 41
59 87
54 2
15 36
56 47
6 70
65 39
77 45
45 79
1 59
4 18
55 66
34 79
100 24
42 93
95 48
8 25
34 46
23 70
46 4
77 5
18 64
73 88
29 15
85 11
66 96
79 94
89 99
63 73
85 72
6 76
60 60
34 80
82 65
96 37
50 26
80 57
42 78
34 68
70 90
23 97
10 35
7 66
66 70
77 5
97 28
24 35
76 51
61 97
75 92
30 65
31 88
48 94
99 64
49 99
52 71
3 2
64 89
86 68
46 61
35 58
37 42
6 93
56 73
68 75
16 5
42 34
45 41
19 67
66 47
75 20
3 46
47 63
95 6
46 68
9 19
13 13
30 60
34 57
79 39
14 28
57 28
100 11
95 34
48 4
13 12
53 20
95 22
10 22
49 96
6 83
10 34
61 14
70 35
35 55
87 87
10 16
65 55
9 78
48 47
82 73
37 1
78 78
45 75
68 100
57 49
7 87
87 63
28 70
24 90
95 54
28 33
1 9
54 80
68 34
52 43
64 99
68 31
53 52
69 68
94 84
20 10
92 55
89 28
6 85
74 76
19 39
22 9
46 48
99 47
36 72
94 65
52 59
80 96
71 96
80 9
13 49
47 87
21 90
61 46
40 29
20 97
62 32
59 32
71 90
23 72
59 100
14 1
20 78
64 24
22 76
13 28
14 45
27 1
76 73
37 93
31 77
55 79
24 14
86 19
31 77
31 8
84 29
47 16
65 33
28 74
16 52
27 70
3 71
99 23
25 9
88 86
13 21
30 20
99 30
8 4
78 86
70 12
40 12
93 53
73 100
66 59
68 85
14 68
94 39
45 43
49 58
19 70
90 73
53 93
64 85
25 1
70 61
56 99
73 24
23 59
75 94
89 66
84 5
49 61
51 18
72 53
95 86
87 89
12 14
19 23
78 17
14 94
73 23
54 74
85 36
95 47
45 11
45 99
56 67
71 94
97 85
8 4
13 61
44 57
88 56
69 6
78 56
88 87
22 58
41 60
92 44
22 58
88 79
5 30
99 17
87 77
90 15
83 74
77 92
12 56
77 66
92 7
60 4
9 25
85 68
41 56
6 15
41 70
55 77
59 53
37 21
77 7
74 47
73 3
21 26
1 42
63 30
81 12
54 43
100 64
84 47
37 99
25 93
25 47
35 60
4 44
31 36
59 48
1 67
69 30
68 55
19 39
80 81
53 35
81 24
13 95
32 6
59 74
47 21
69 9
71 42
15 32
59 76
46 68
52 88
95 67
62 62
1 41
55 41
76 73
31 98
71 8
98 79
43 99
37 58
100 7
33 99
27 74
98 53
75 19
19 96
95 77
76 43
18 50
79 31
17 19
88 70
93 2
