470 2
3 16
70 24
75 75
73 2
79 12
2 14
8 22
49 32
75 88
6 2
86 14
78 75
4 58
93 30
73 35
72 97
72 32
40 1
28 77
5 55
87 1
58 85
61 9
69 60
23 77
63 7
25 34
41 8
87 48
70 98
81 65
95 22
86 6
22 33
33 52
86 99
76 37
81 27
79 81
98 98
61 38
24 20
42 63
63 76
94 66
29 2
40 83
17 14
36 42
27 66
21 26
31 22
12 28
92 5
9 76
28 71
100 50
82 66
100 21
18 51
60 23
32 44
54 13
9 77
37 25
53 13
37 63
42 50
18 76
58 72
70 20
32 46
44 27
10 69
83 92
82 33
38 40
91 50
77 6
39 66
68 26
43 51
26 37
63 13
56 71
83 68
8 14
61 59
12 8
70 95
56 77
51 47
34 6
51 47
4 7
19 26
48 52
93 39
100 11
39 98
5 61
59 15
33 19
11 91
3 41
40 32
43 96
11 25
57 13
65 30
91 34
76 81
63 90
75 74
20 20
79 14
8 92
70 6
57 58
70 48
86 65
100 42
79 81
77 11
87 79
23 66
76 87
87 20
16 100
60 56
76 55
8 30
69 31
34 63
68 56
20 53
36 55
11 93
51 16
43 84
83 7
9 69
53 3
44 2
31 42
5 94
97 80
2 84
64 69
100 52
9 13
90 33
3 88
60 56
58 3
30 39
85 60
3 5
65 17
51 25
62 39
87 53
37 49
20 18
85 45
6 83
58 34
59 56
22 12
73 71
74 95
32 95
70 95
28 96
88 41
74 30
2 10
51 65
33 73
57 8
57 9
76 76
17 47
62 42
16 14
59 10
33 38
89 4
25 37
23 69
59 41
81 52
57 26
89 15
94 14
99 7
16 60
50 50
1 24
57 79
12 88
17 54
10 45
36 5
80 66
85 47
52 78
11 1
30 76
26 39
72 16
8 8
32 25
40 82
44 27
99 74
25 15
82 61
40 93
17 19
12 56
47 75
65 13
11 47
95 95
100 62
100 97
73 97
12 26
50 87
57 86
67 84
77 44
32 57
78 19
70 8
50 31
80 49
86 70
18 34
67 10
64 97
82 24
79 64
14 28
9 12
88 42
96 66
22 42
7 69
38 28
36 86
24 12
94 16
21 13
89 70
94 24
69 68
96 22
76 13
34 45
40 60
6 83
85 41
37 32
27 23
12 20
42 76
90 46
84 38
25 19
90 36
38 91
28 95
79 24
23 8
60 66
84 83
15 4
43 93
4 71
75 72
89 85
77 91
35 94
95 7
96 70
89 95
11 52
81 60
21 32
98 28
52 75
32 48
13 95
6 60
28 66
48 9
41 28
37 81
28 47
55 62
76 37
10 45
37 86
1 79
39 54
13 57
36 48
41 53
26 63
72 98
5 16
67 63
13 92
42 12
30 2
1 51
25 38
5 76
54 13
23 83
76 74
22 49
20 88
30 98
50 15
70 99
15 47
57 76
60 57
53 37
17 26
60 68
92 65
41 5
58 73
91 4
83 82
40 59
48 45
21 26
97 2
100 32
27 89
89 41
81 3
14 23
30 22
73 1
7 14
97 15
91 21
35 79
31 36
14 81
46 88
65 20
18 11
22 11
97 48
10 14
6 71
70 1
90 78
70 73
44 7
50 53
48 77
91 29
44 51
13 91
35 8
4 71
93 13
39 87
45 17
83 71
51 2
52 69
76 20
12 62
95 40
34 63
93 3
62 33
77 86
94 43
23 18
38 78
80 34
85 78
83 70
75 57
52 30
73 16
49 4
7 58
51 73
37 11
89 54
42 87
72 60
4 96
10 45
17 80
45 7
97 54
32 97
44 39
15 82
91 56
57 68
81 43
29 4
36 39
41 50
60 100
45 83
75 66
88 9
72 81
52 32
18 82
39 97
93 27
26 41
2 69
84 46
12 15
17 60
34 66
84 92
13 50
19 54
96 80
68 48
23 4
44 55
86 53
1 43
89 74
73 74
94 95
25 19
83 9
74 60
99 35
52 48
51 27
81 68
19 48
53 77
6 21
99 68
57 82
51 12
90 80
57 92
53 69
12 29
65 73
15 3
17 83
6 70
64 92
40 5
23 69
76 75
30 54
