300 2
17 90
31 8
60 4
85 54
43 79
33 67
4 41
30 14
49 5
17 91
17 58
82 39
31 32
7 28
57 87
23 84
92 97
63 9
69 53
82 84
21 37
39 59
46 54
25 9
14 17
81 10
27 70
90 2
63 70
24 72
63 70
98 7
51 54
10 41
90 39
45 80
66 43
66 52
49 30
46 56
42 91
38 11
67 4
22 81
71 88
67 23
44 18
10 22
85 67
91 70
49 56
75 6
41 79
35 50
76 92
78 68
98 40
23 69
65 21
89 69
37 58
5 43
20 6
32 11
86 29
87 22
79 70
72 59
12 94
97 22
27 96
21 3
27 56
49 67
56 38
17 57
96 62
70 50
18 55
70 90
85 100
44 24
61 19
68 60
95 49
4 93
32 20
1 65
62 58
72 29
35 57
11 96
1 53
24 86
69 30
29 35
82 82
45 97
97 82
91 48
62 32
44 55
23 25
84 17
58 64
83 92
99 5
8 33
43 28
44 68
46 91
75 61
28 8
17 100
60 29
96 82
86 17
22 71
45 58
3 40
91 21
33 6
98 94
20 43
44 44
38 53
67 78
93 90
88 29
75 58
59 84
5 38
14 14
54 62
72 69
9 47
75 54
82 37
52 83
59 30
68 51
44 49
78 2
39 36
66 86
34 96
86 56
64 96
30 27
24 92
23 80
10 89
21 37
70 78
43 46
69 60
89 57
4 2
85 55
21 31
87 79
34 41
75 76
87 36
21 54
36 5
63 53
4 82
72 77
42 27
8 11
17 92
7 29
32 74
66 4
89 16
31 93
65 64
12 98
49 19
70 29
32 46
55 71
80 7
42 71
100 10
5 70
87 3
15 47
28 27
59 36
26 42
52 59
3 17
82 84
58 63
22 66
99 59
10 41
49 47
78 56
85 80
48 60
90 75
86 38
46 64
44 73
44 79
73 48
48 4
44 42
84 31
89 81
50 18
73 91
81 11
57 15
39 66
47 37
10 72
29 80
45 21
89 41
17 95
85 47
19 8
59 86
100 68
83 65
21 100
98 10
51 84
41 13
9 79
81 91
24 12
39 48
63 38
91 38
41 20
8 27
6 86
18 61
81 50
98 80
34 60
26 4
66 94
100 71
19 39
8 25
94 47
88 31
23 93
12 22
95 37
37 2
95 90
23 75
26 99
56 30
38 83
3 74
33 12
23 92
12 71
5 47
92 85
22 46
62 74
41 75
73 8
91 4
37 62
78 33
12 18
84 31
20 42
39 53
2 12
71 77
12 15
27 39
95 94
30 34
65 91
47 61
9 26
28 77
99 88
80 56
89 23
60 55
70 54
12 24
64 31
38 17
15 99
15 20
4 99
