360 2
28 77
81 23
42 51
58 79
62 89
99 39
99 87
51 32
12 98
62 100
62 9
67 52
24 53
53 94
57 95
98 68
53 9
52 30
29 98
72 51
27 69
16 31
2 26
19 96
53 17
39 88
79 67
54 39
4 79
33 52
51 47
36 73
63 58
4 100
41 29
51 39
35 32
33 73
84 44
37 14
17 14
84 60
49 22
7 70
84 5
10 90
23 68
79 32
33 65
21 69
2 4
87 76
21 3
46 32
50 42
4 37
82 46
52 68
55 80
54 77
6 5
11 77
22 28
25 12
41 18
39 2
35 16
41 82
59 42
66 89
35 89
19 60
55 67
54 12
84 23
62 58
94 74
96 26
31 29
31 43
56 79
40 20
3 12
71 35
33 42
58 51
49 11
54 92
86 23
74 92
99 47
7 94
54 37
9 2
28 10
69 40
9 82
84 63
32 86
24 82
53 48
18 28
33 82
55 48
90 47
37 55
96 9
17 85
8 29
98 98
70 36
95 53
59 87
23 56
34 39
87 7
10 78
97 66
80 23
91 66
78 15
39 87
27 43
28 44
82 34
24 44
81 92
56 17
69 86
55 96
83 1
64 89
66 11
98 32
65 37
92 59
43 10
32 95
98 33
100 6
60 87
35 80
12 65
95 41
3 48
90 69
18 86
34 7
98 45
86 41
99 35
54 92
45 10
17 8
52 79
3 85
81 83
56 14
13 80
93 45
99 76
59 28
82 57
20 43
31 1
30 16
41 69
35 49
40 30
98 77
33 35
98 17
71 3
89 42
33 87
3 8
75 22
100 94
97 27
14 74
46 7
61 72
64 32
2 44
88 25
75 4
5 31
98 35
82 94
98 81
27 24
96 80
21 50
19 4
43 88
47 99
91 48
91 45
93 49
19 65
39 78
64 48
50 45
94 57
70 89
29 30
77 32
78 75
99 38
27 10
4 75
88 45
11 70
65 66
46 98
57 71
57 68
24 68
2 87
73 44
62 24
93 66
32 78
58 67
26 2
88 10
72 78
72 56
47 81
83 76
99 88
67 38
52 97
82 89
94 3
58 97
38 44
54 21
86 41
87 96
49 82
60 1
27 21
58 13
69 82
65 58
46 67
58 43
7 75
71 5
86 17
5 63
44 85
17 6
33 52
75 7
60 37
27 75
3 81
52 34
69 33
62 64
25 79
22 6
20 39
81 33
100 35
2 88
62 31
82 13
74 62
11 70
84 80
96 87
1 16
9 24
8 97
26 97
51 63
24 79
88 84
10 95
51 80
81 33
17 56
11 82
100 51
54 85
54 36
62 9
4 63
89 74
29 45
24 57
44 54
47 18
90 91
4 70
32 14
88 98
97 25
2 84
1 10
95 50
11 82
68 29
23 12
43 21
73 6
8 64
38 9
95 50
49 92
90 35
27 5
71 49
4 38
19 72
85 31
13 51
63 18
28 17
39 49
95 33
36 61
15 5
49 7
51 8
56 59
83 31
63 59
68 69
80 22
10 33
16 70
16 6
8 59
21 78
4 65
85 33
61 80
69 93
6 93
14 84
13 59
8 95
45 99
51 35
60 82
87 55
95 43
70 81
48 59
97 47
58 76
3 29
94 29
52 81
60 94
41 82
