910 2
62 18
59 12
15 91
91 74
100 87
96 42
44 72
9 88
16 30
27 77
54 94
93 56
7 73
12 44
59 13
48 79
100 76
27 19
93 64
100 45
4 92
99 73
68 75
83 3
91 80
17 73
93 40
70 29
61 74
94 36
14 65
55 29
4 64
28 99
5 15
26 43
99 95
32 93
23 56
90 37
53 18
73 92
19 43
77 72
58 31
17 21
73 61
100 4
56 100
81 52
1 27
93 43
97 74
86 79
85 84
44 69
82 2
57 88
1 73
91 23
72 100
69 54
56 58
1 90
34 64
93 2
26 25
64 23
51 62
40 28
70 15
11 79
48 30
91 94
20 72
40 77
39 81
83 79
84 18
9 32
10 43
20 69
74 58
55 54
63 39
71 2
42 48
79 80
32 87
68 84
4 80
6 32
41 53
36 70
25 20
65 67
90 92
90 12
14 48
52 12
60 6
21 78
9 80
31 72
14 89
9 99
67 62
34 68
57 41
75 33
99 48
73 9
91 51
13 1
68 8
54 35
41 62
35 91
52 35
59 42
31 24
35 54
41 40
35 77
69 20
19 9
41 97
64 56
39 46
70 44
29 32
5 95
30 98
89 9
59 70
51 91
7 13
63 51
76 6
80 84
33 55
61 53
81 22
95 70
45 94
56 100
17 67
22 79
90 13
43 98
58 42
1 51
64 6
51 6
22 18
87 94
35 80
31 90
44 86
26 54
32 91
44 93
4 31
62 55
31 82
40 46
92 18
20 51
49 74
30 45
5 64
84 31
21 31
29 59
23 58
92 80
46 7
24 89
63 62
90 69
10 26
9 97
65 97
89 84
34 45
82 75
82 39
79 24
26 16
5 47
39 21
97 39
3 94
3 74
10 3
95 18
85 48
1 89
41 98
30 30
62 44
79 74
99 8
29 46
45 55
34 11
89 40
40 50
64 17
86 22
61 91
40 61
83 85
32 78
98 91
83 22
76 12
42 42
96 90
49 54
96 70
77 37
37 82
93 58
56 56
14 41
95 60
76 46
49 49
92 57
54 70
30 62
25 99
54 73
27 2
46 99
1 12
63 57
1 20
89 34
85 60
3 21
60 23
17 65
7 3
63 72
33 96
52 77
17 14
16 85
53 60
48 80
52 30
65 10
55 62
27 81
61 34
10 100
42 65
54 99
66 36
45 72
43 43
98 66
11 54
48 96
53 75
92 18
66 63
25 9
5 71
77 27
44 90
92 65
71 88
47 99
14 2
46 98
85 7
64 55
40 12
28 8
61 67
11 1
90 75
23 60
2 27
92 6
87 90
85 91
52 51
82 98
84 51
54 25
48 88
86 40
39 60
41 4
45 31
26 25
82 93
26 33
56 6
85 35
97 91
74 79
79 87
54 25
24 80
12 63
92 35
55 6
43 97
9 79
62 34
38 47
86 98
53 14
18 79
67 73
88 97
69 17
14 94
28 38
3 53
84 41
94 30
34 53
49 39
27 40
24 31
56 43
73 77
68 33
32 77
87 58
24 60
32 51
76 7
39 57
78 82
36 61
57 79
43 33
67 52
41 55
61 68
97 77
1 18
79 78
20 8
6 37
72 38
67 61
1 44
88 58
76 99
97 10
39 94
61 59
27 60
83 23
51 57
36 64
85 79
49 7
93 80
74 83
57 62
57 26
58 29
1 77
60 95
33 22
91 67
7 88
87 55
79 11
65 46
91 52
95 58
28 39
3 85
60 100
10 5
60 25
22 25
34 20
14 96
67 56
61 55
38 77
18 79
36 30
65 13
54 18
90 16
45 92
1 100
82 13
94 59
54 30
35 53
88 42
34 18
44 6
25 42
18 1
83 38
10 30
71 53
21 60
6 34
79 66
73 17
74 28
64 89
9 80
63 95
33 28
94 73
38 61
85 11
37 35
15 25
15 97
77 16
72 58
28 3
31 27
17 33
28 12
15 88
73 83
65 63
58 19
34 68
24 13
100 1
51 22
59 81
32 62
96 23
8 22
56 93
30 53
90 73
35 29
90 18
14 38
30 38
57 91
20 95
84 19
2 44
22 14
73 59
61 6
24 8
43 67
92 1
89 8
29 71
68 47
94 14
42 53
95 71
90 86
44 90
2 88
85 95
83 12
86 43
19 48
79 72
2 28
6 91
32 26
13 100
83 80
16 38
86 66
93 85
85 19
62 37
69 5
74 38
76 61
33 19
77 80
34 82
29 9
98 22
46 31
13 82
24 2
42 50
74 3
77 41
67 40
78 40
43 12
48 2
92 64
51 80
84 49
78 55
85 34
56 68
85 60
42 87
82 19
90 71
4 34
77 62
72 41
87 80
10 28
77 45
92 63
80 82
29 46
69 67
24 77
85 95
71 23
52 79
93 68
16 38
86 57
30 27
74 52
16 63
21 80
33 88
33 86
67 67
49 50
22 94
93 50
3 58
95 49
84 64
12 82
55 20
42 50
66 84
12 66
70 79
22 2
79 75
7 11
95 68
17 35
90 93
46 88
30 71
4 74
59 67
81 32
18 46
97 71
13 10
20 10
88 58
40 55
14 90
45 64
35 58
14 66
51 95
48 62
82 46
56 30
26 64
54 79
10 1
12 89
77 85
61 88
64 66
16 42
67 89
36 42
16 90
4 3
25 86
69 65
64 46
14 18
36 57
38 94
4 48
81 7
18 72
73 17
38 13
21 94
66 4
77 72
82 30
1 77
75 36
78 39
73 35
76 62
79 20
8 62
49 69
1 89
80 55
63 92
69 96
80 88
30 2
92 88
14 62
37 15
36 22
94 24
12 17
26 31
34 43
12 81
98 76
71 27
43 33
82 81
63 11
45 55
52 36
99 69
74 62
14 3
21 62
94 71
64 75
76 99
89 49
33 21
39 30
2 70
69 6
69 25
12 42
44 31
91 40
100 62
62 61
7 89
44 98
46 68
37 63
91 84
78 70
70 24
66 25
5 29
9 60
69 80
36 31
27 69
77 16
82 11
13 26
45 62
100 37
50 63
52 34
68 66
51 11
26 65
37 41
34 72
18 52
3 48
48 80
67 54
46 15
50 7
16 12
28 10
11 31
71 15
9 1
73 4
46 41
43 19
36 75
38 19
9 50
48 82
50 28
23 93
86 12
70 88
42 9
29 66
64 88
40 99
52 72
13 22
84 84
80 26
70 2
3 36
38 86
11 3
81 5
24 55
22 15
82 3
85 89
11 98
77 58
17 55
37 20
77 54
28 47
11 88
9 73
76 19
52 34
29 15
38 54
27 80
53 31
64 85
92 78
45 11
23 13
90 7
10 20
31 25
88 64
41 37
61 72
37 78
94 15
14 57
93 79
12 81
13 20
99 62
65 41
78 94
41 65
60 12
47 33
43 5
43 23
94 78
85 50
43 9
92 38
5 45
51 46
26 99
84 12
20 33
91 42
71 37
22 22
10 7
72 25
55 40
50 80
19 56
92 27
86 62
26 19
11 42
54 34
17 100
62 87
2 72
55 26
7 84
6 81
100 40
42 67
60 21
99 83
100 9
61 84
98 83
8 52
40 81
82 97
36 74
12 79
5 63
77 16
64 64
49 56
6 69
40 24
3 89
22 41
46 9
59 4
43 81
63 7
25 75
42 71
56 33
52 39
47 31
49 14
56 39
94 40
63 16
54 27
63 69
59 10
68 41
89 14
55 11
48 5
77 33
58 44
36 69
45 28
100 96
39 46
60 92
61 54
46 2
69 73
61 79
67 26
93 61
85 13
19 66
75 77
14 73
91 83
68 68
9 70
32 86
30 40
54 48
3 57
36 19
95 20
32 48
98 68
70 93
52 31
70 68
30 54
59 4
23 36
23 51
45 50
16 59
96 33
42 31
62 31
45 100
60 60
34 2
73 49
3 20
16 34
28 79
10 52
2 82
93 75
35 80
23 71
25 97
7 44
19 15
34 73
79 36
49 26
53 70
44 72
78 42
36 63
69 3
65 23
79 81
27 45
18 95
99 90
18 22
85 23
62 17
53 49
8 24
21 38
79 56
17 25
62 47
20 33
25 97
21 36
64 61
75 68
2 64
40 10
63 26
22 78
30 80
37 90
81 2
72 56
7 50
