230 2
88 3
19 43
38 91
57 88
50 7
88 90
23 22
82 4
52 92
80 48
30 41
35 90
11 88
23 1
11 86
18 24
57 41
73 46
8 2
21 54
98 90
7 11
41 15
44 28
93 24
45 84
88 88
76 34
57 82
80 44
5 57
37 6
64 13
98 57
91 25
17 60
77 71
7 46
91 96
76 87
47 83
4 30
86 97
9 7
2 51
37 87
80 28
39 99
93 2
27 89
75 16
1 36
45 17
5 28
55 6
65 79
90 98
37 9
10 70
39 81
79 13
29 84
44 79
79 23
70 46
45 98
97 32
48 88
73 44
19 6
47 50
10 5
8 53
63 73
74 2
83 3
51 74
55 71
8 10
70 50
92 57
62 34
6 100
90 31
62 65
35 89
88 17
92 28
85 25
73 37
40 75
90 48
29 3
1 51
63 59
49 98
21 43
42 2
28 21
82 45
2 10
64 28
49 41
33 17
51 24
37 14
59 69
33 24
75 8
81 24
85 74
90 100
20 29
29 40
43 13
9 2
95 5
74 6
83 54
87 6
46 32
1 82
98 70
72 53
66 33
32 2
20 15
12 50
51 57
29 18
79 1
37 87
43 59
43 97
73 72
70 58
42 73
24 12
22 76
95 76
99 55
40 22
51 6
30 31
54 86
23 2
89 19
59 48
46 67
24 10
33 60
60 4
89 77
17 1
57 15
12 45
21 29
92 97
71 1
24 25
56 90
22 13
83 78
93 85
22 9
46 68
16 67
74 63
93 1
88 47
73 13
56 14
99 15
65 56
28 69
48 43
71 71
11 94
76 41
73 96
60 89
61 22
91 89
13 49
72 67
6 91
7 97
99 44
31 62
69 98
90 78
28 9
71 49
78 20
66 75
62 23
66 36
43 40
7 85
13 66
18 22
93 97
62 21
1 7
23 71
28 79
38 69
17 81
30 18
85 20
8 33
12 36
36 63
36 84
28 94
17 96
68 96
15 9
54 47
74 78
91 26
90 2
87 17
95 81
95 2
17 5
82 27
7 36
92 90
20 29
