990 2
1 44
98 61
1 72
74 36
3 58
28 89
69 23
86 90
75 36
30 66
26 87
43 55
48 75
57 1
67 10
7 75
14 34
72 8
67 23
55 80
38 51
72 39
50 39
8 30
33 92
37 59
83 70
22 35
51 38
63 70
2 14
16 36
80 65
45 81
50 91
100 50
21 4
79 5
9 5
28 29
2 38
88 41
89 72
1 48
26 46
39 29
33 42
84 93
87 83
26 38
15 68
11 98
91 23
97 68
55 46
80 42
67 14
31 73
93 78
6 72
37 71
43 50
57 76
42 19
66 74
28 32
46 19
61 79
56 46
53 71
99 87
97 60
7 95
89 16
21 95
16 17
9 50
84 74
68 88
42 49
72 91
44 7
42 13
47 62
86 78
84 24
99 8
70 87
88 22
94 28
37 19
62 19
97 40
9 49
79 21
90 46
89 75
71 39
95 37
22 22
3 94
22 53
32 80
22 93
13 28
26 48
17 87
68 8
92 97
51 30
5 1
82 22
89 83
23 27
62 78
81 12
15 13
67 44
97 18
6 29
37 96
66 28
83 47
17 61
52 37
43 74
44 60
79 69
50 99
62 74
12 63
44 1
24 26
93 52
34 28
56 17
61 14
15 13
27 52
32 3
78 69
9 85
68 43
28 61
89 25
100 36
68 9
15 48
98 81
95 53
85 23
11 83
99 91
8 25
68 7
28 72
17 1
100 14
96 47
68 43
79 28
81 91
7 14
41 5
83 91
76 34
14 15
45 50
20 99
52 8
23 69
29 84
11 47
95 54
26 86
44 37
38 68
42 1
34 91
19 81
73 54
54 67
11 88
25 46
72 71
76 28
26 78
42 92
20 92
32 16
94 61
51 100
15 27
91 55
100 38
15 68
86 25
33 59
17 76
68 33
11 4
52 90
64 34
39 73
14 93
93 49
68 30
24 37
2 39
28 71
84 84
71 27
16 99
62 65
69 8
32 99
34 49
56 33
83 9
69 87
61 27
14 47
21 2
17 57
87 100
72 50
43 6
80 93
80 43
67 61
53 90
16 94
24 95
88 39
87 91
87 40
44 88
4 60
78 25
6 37
30 70
49 74
59 61
90 83
98 26
24 88
86 8
17 16
40 40
94 57
36 44
58 45
8 66
51 44
61 21
27 80
79 53
18 4
34 11
11 82
53 68
67 7
61 32
4 66
32 24
81 64
57 25
25 67
68 10
58 53
27 64
15 33
24 26
87 1
9 24
5 99
95 69
57 11
36 56
49 20
73 26
96 35
88 1
45 99
92 33
22 99
92 66
87 8
82 11
85 5
32 62
25 71
37 38
31 9
86 28
49 34
65 51
75 33
43 79
71 67
7 93
16 19
11 81
41 98
54 67
77 17
34 63
57 61
50 33
97 40
55 37
53 92
23 32
49 95
66 16
9 97
84 69
34 90
66 38
21 26
40 52
17 40
65 6
60 78
48 55
32 86
92 18
17 27
62 33
26 20
28 21
70 21
38 29
93 27
15 78
52 99
84 88
94 13
95 80
47 91
38 78
13 16
22 13
84 3
93 66
68 83
66 23
71 6
33 22
20 83
54 32
53 100
8 89
97 83
32 31
19 8
50 75
69 1
77 16
1 35
72 54
52 79
100 53
77 16
63 12
9 94
84 40
30 45
81 47
49 32
26 6
78 82
27 90
38 65
59 18
43 60
44 55
54 31
1 78
91 36
83 90
8 54
92 44
17 46
32 32
96 82
43 9
96 3
55 76
4 11
66 98
93 86
89 13
68 84
84 4
33 67
7 67
71 89
23 4
54 22
63 46
15 91
4 21
32 8
10 34
38 84
20 1
100 6
22 27
45 70
82 42
29 97
2 69
35 100
29 73
2 54
28 35
6 62
21 8
34 61
77 50
50 5
88 2
35 96
36 85
81 5
11 70
20 81
36 26
86 91
100 42
35 40
86 11
42 85
51 51
65 73
93 54
96 87
56 36
87 44
22 44
35 49
48 32
95 90
34 80
54 24
45 36
91 90
3 93
65 79
15 81
11 11
42 96
28 74
36 33
23 81
29 49
72 40
19 27
82 35
67 10
98 18
82 95
5 60
40 76
33 79
74 26
52 15
3 64
19 15
89 28
70 73
30 72
34 67
15 17
1 51
57 3
93 41
49 77
35 21
42 55
4 30
84 3
71 5
81 32
6 78
37 4
67 57
27 27
76 99
36 14
71 26
69 62
4 5
14 10
22 43
1 74
8 28
62 50
3 24
10 68
28 16
34 3
69 83
62 24
77 28
38 60
71 4
29 24
2 76
30 28
82 67
73 44
34 88
7 37
3 41
80 6
33 13
65 84
19 5
72 48
98 88
92 35
59 59
77 34
42 1
92 4
47 86
2 37
16 93
23 72
72 15
41 87
15 89
20 10
63 15
39 39
35 89
74 62
15 29
78 23
27 8
71 80
58 96
11 35
85 99
45 36
50 16
54 15
53 61
67 65
77 72
34 21
53 61
4 17
52 1
69 84
81 65
58 78
9 4
76 7
80 93
2 34
12 47
25 73
65 24
33 74
78 11
25 6
48 4
48 34
53 89
4 55
31 67
62 65
38 38
79 39
63 65
66 77
17 23
78 72
50 29
20 62
6 69
99 63
10 21
62 4
75 73
81 18
27 6
94 38
97 84
22 54
96 57
24 78
34 69
32 48
5 20
58 11
89 46
30 44
69 79
93 35
52 66
22 53
72 54
47 96
1 30
43 9
97 100
82 76
24 8
5 9
40 27
93 14
11 15
30 85
71 40
54 82
44 54
55 24
30 52
77 100
45 60
13 86
82 62
61 46
45 68
8 77
48 62
20 18
77 90
12 12
91 72
24 80
8 23
2 87
65 81
89 9
1 82
20 27
2 68
2 54
68 16
41 22
26 77
77 10
73 26
29 72
32 54
7 81
28 75
81 82
8 53
23 15
35 16
5 53
12 91
39 98
62 78
27 35
14 11
37 68
72 51
94 74
59 9
100 55
16 62
52 62
91 100
93 68
28 27
6 13
11 35
69 95
60 54
26 94
6 84
21 37
85 95
50 80
20 1
20 68
15 42
85 64
5 17
41 89
83 32
9 57
57 63
28 66
37 30
54 56
67 19
35 10
76 20
82 11
64 97
39 76
13 92
53 39
96 70
75 39
58 100
80 31
77 95
55 11
40 40
66 12
45 53
43 4
17 17
11 37
43 80
12 45
82 78
85 11
66 49
81 95
32 92
98 92
49 81
21 67
67 57
67 47
81 39
2 76
74 86
40 71
18 22
15 6
70 69
75 42
80 12
87 52
25 82
89 12
6 92
63 39
10 56
54 97
69 21
24 51
14 57
95 86
93 86
95 96
27 23
47 79
64 72
4 94
47 21
49 3
48 12
19 100
62 100
62 58
66 100
96 46
71 24
2 6
68 83
34 69
89 91
23 15
27 49
86 44
4 38
21 11
57 73
10 36
100 14
2 68
96 67
4 62
22 81
98 48
79 34
20 33
20 83
63 82
55 10
20 11
64 17
35 33
1 45
80 23
52 42
82 63
39 35
81 42
81 28
79 8
34 3
31 59
13 25
58 83
84 26
93 5
57 55
39 42
8 27
58 55
11 51
77 59
89 70
72 59
94 18
90 92
31 64
81 65
42 91
71 75
74 12
33 37
44 69
73 94
1 41
91 58
31 48
3 65
27 93
41 32
86 8
63 30
1 88
6 60
28 76
12 65
4 66
92 68
53 62
20 64
26 90
82 21
9 79
66 15
36 92
46 8
57 80
30 66
98 66
9 43
20 17
67 15
84 92
32 23
9 34
52 80
54 12
14 59
34 57
84 86
4 38
37 56
20 39
72 50
65 34
65 73
55 70
88 10
75 14
74 20
9 98
93 63
86 58
40 18
59 97
30 23
72 46
22 98
13 50
79 25
72 45
53 41
76 10
82 18
74 95
92 41
100 54
92 99
50 26
31 28
4 9
86 70
39 48
97 89
22 33
90 6
54 57
23 50
15 20
28 43
83 19
77 34
46 53
32 45
61 61
32 55
45 91
40 80
61 19
48 73
60 73
30 59
67 17
91 33
56 74
24 81
53 79
100 88
43 43
94 20
96 40
33 37
92 96
54 78
42 37
30 46
8 46
17 61
50 35
46 77
46 6
69 86
51 21
93 62
59 11
25 56
56 58
30 3
91 92
2 58
46 59
1 55
9 92
81 89
45 41
91 65
44 10
54 87
1 11
28 21
94 97
2 76
40 54
11 58
31 13
6 32
52 32
70 1
94 38
38 15
44 99
68 79
50 75
99 27
96 1
5 58
82 13
31 2
93 55
43 4
71 97
13 43
50 3
26 49
37 94
41 35
19 98
25 17
35 79
67 62
45 22
8 36
95 10
79 64
61 69
27 69
43 81
4 58
10 30
38 1
58 37
77 15
69 100
49 24
64 35
21 95
42 55
