660 2
66 28
82 44
4 43
48 94
73 31
53 34
92 97
98 42
60 7
17 79
16 100
7 73
42 69
21 5
32 6
53 81
17 91
2 6
83 20
44 98
61 29
21 74
16 22
42 55
20 74
67 85
51 5
41 67
54 8
32 21
71 9
58 2
78 35
20 88
73 76
14 51
91 77
33 35
73 98
73 96
46 12
53 34
75 76
5 26
48 62
87 24
72 70
36 40
3 99
86 53
10 78
9 58
70 65
26 64
36 76
86 61
86 46
43 2
49 35
83 49
33 96
69 51
43 61
67 31
33 51
45 96
41 17
66 62
12 8
37 27
34 89
47 95
89 7
83 3
20 5
39 42
77 49
14 42
9 60
82 55
6 21
72 74
56 20
36 29
42 13
64 19
79 37
56 57
23 20
10 48
84 51
8 53
47 41
44 91
45 25
77 5
53 93
35 66
11 45
74 82
95 53
55 42
36 54
28 65
86 79
55 57
66 85
30 22
31 67
33 5
77 31
42 25
56 25
42 17
53 58
24 59
75 50
42 98
71 77
43 40
55 43
71 62
97 28
98 6
72 91
68 91
76 44
14 30
93 63
18 57
97 34
82 96
66 53
60 83
16 44
54 18
96 87
97 28
85 28
94 82
36 60
33 3
78 49
11 24
1 24
35 49
48 58
24 91
54 59
10 23
2 52
11 46
35 2
8 96
44 60
42 21
65 28
11 93
76 90
83 70
60 67
36 94
30 72
20 27
27 1
15 32
83 43
75 90
59 39
37 75
32 62
16 31
85 9
100 58
97 93
57 95
21 63
10 68
96 39
46 20
27 11
6 17
27 93
54 60
69 84
15 79
27 59
14 47
68 5
80 98
92 39
6 44
94 62
19 95
13 70
69 23
56 2
27 19
86 63
18 34
69 99
57 84
44 41
31 98
35 76
44 79
13 31
55 52
99 78
41 29
14 84
80 3
88 5
42 55
94 98
62 68
22 57
28 11
15 18
2 14
48 7
42 32
71 54
61 34
81 56
4 97
99 3
14 79
65 6
87 93
98 13
54 41
1 59
93 40
51 84
65 93
3 89
61 99
87 34
91 88
65 66
21 77
53 59
96 67
22 7
2 80
77 28
68 21
42 55
62 50
78 98
48 86
79 95
68 84
1 96
47 66
94 44
34 84
55 47
55 39
73 17
75 3
86 99
80 98
36 92
62 41
31 79
22 35
24 30
62 81
86 60
63 67
41 95
44 34
97 90
44 81
79 59
53 80
32 75
72 56
35 24
44 18
12 66
69 13
82 5
24 38
18 86
71 26
56 13
26 1
78 35
33 7
39 56
11 60
27 50
25 62
60 89
28 81
78 57
43 62
8 38
3 27
3 42
8 56
21 61
84 56
98 49
8 2
9 57
95 72
70 74
60 94
49 50
46 11
21 35
87 3
79 92
25 99
40 99
82 94
17 17
9 32
61 12
35 66
41 19
66 11
58 18
98 9
24 4
47 91
85 4
68 29
31 3
23 42
86 33
70 56
26 43
44 60
28 84
89 2
57 39
95 34
15 15
55 50
34 84
85 67
5 40
88 67
76 58
44 56
71 68
10 10
1 77
55 93
23 19
64 28
28 56
29 33
58 29
59 12
10 37
42 11
85 85
80 21
79 33
85 79
52 23
12 31
62 68
28 50
74 7
57 35
41 92
58 7
75 18
98 49
50 21
4 54
25 21
89 39
52 29
34 14
87 43
62 89
47 14
62 92
58 56
74 19
84 30
26 7
55 63
18 62
9 34
1 61
60 20
40 55
98 69
33 1
72 93
93 35
74 39
44 48
11 55
87 59
43 28
87 1
87 85
38 40
31 79
18 71
81 47
38 23
95 66
92 53
45 31
69 28
72 10
94 71
21 60
76 45
33 83
60 43
51 10
62 49
76 25
80 72
70 2
88 43
65 62
71 12
8 85
27 13
73 87
69 87
25 53
26 55
78 7
90 20
83 65
6 38
72 35
46 69
30 27
76 46
64 52
73 93
28 59
35 76
86 42
77 52
8 81
30 97
74 75
58 36
83 94
61 53
74 95
24 89
6 74
52 28
33 57
33 22
83 64
20 5
14 15
46 29
52 11
4 9
4 27
75 43
87 90
56 99
21 68
53 84
62 57
12 45
39 77
15 19
65 52
41 56
88 85
61 28
68 47
25 27
10 29
57 63
23 21
53 29
1 25
77 31
33 2
60 28
63 28
87 44
66 30
72 81
87 48
24 92
35 2
55 20
34 41
15 40
71 99
5 55
70 19
85 45
48 90
18 37
94 65
53 17
96 31
48 79
29 79
7 67
46 88
26 42
63 13
38 3
5 73
49 38
61 38
30 90
35 14
58 15
28 60
59 26
17 98
48 13
29 41
44 70
56 33
100 96
52 92
47 56
61 81
64 73
27 83
67 58
49 23
42 6
61 5
56 10
29 85
58 71
40 21
59 52
24 79
1 83
83 65
22 27
60 20
30 48
78 75
56 57
96 59
45 28
37 27
52 25
73 38
87 23
73 15
5 50
56 99
80 75
83 84
1 85
2 77
17 51
1 6
85 44
99 30
40 79
7 54
6 17
91 1
79 33
57 23
29 11
9 52
82 55
20 64
81 14
54 3
89 73
76 9
66 19
16 18
79 37
53 14
87 84
54 29
93 20
16 59
98 40
7 43
89 6
48 2
24 68
41 72
59 64
34 67
100 36
51 12
41 73
79 90
63 26
40 4
22 70
75 89
20 97
26 6
93 30
92 95
67 77
21 91
97 20
92 64
26 97
22 12
26 97
84 89
93 67
59 39
74 94
29 3
50 42
42 76
23 14
20 99
43 15
17 54
61 96
35 68
84 24
12 94
98 85
64 65
34 28
72 29
64 97
12 60
53 33
89 61
12 36
6 42
50 92
58 14
78 58
27 41
34 83
11 12
7 2
93 41
18 90
36 27
95 96
50 59
46 90
34 60
77 71
