610 2
71 39
40 2
40 78
22 51
8 95
93 28
38 35
67 27
65 64
11 62
55 3
19 63
79 86
73 89
25 94
47 14
55 35
12 26
12 60
87 10
10 12
66 43
91 86
90 41
89 15
38 85
51 30
21 75
13 36
49 28
83 52
18 12
31 2
44 47
95 85
62 66
23 52
24 73
63 41
78 69
59 73
54 12
79 30
13 43
53 24
13 34
76 62
43 64
38 75
79 17
46 50
5 81
32 63
42 16
36 96
21 8
69 87
48 81
73 55
64 28
80 72
48 24
50 54
37 27
12 93
34 56
75 68
97 6
30 55
48 72
33 37
67 33
90 32
46 72
70 44
75 66
8 83
61 16
17 28
54 4
74 68
47 66
12 32
96 32
98 31
92 92
34 73
89 25
23 17
100 79
6 55
3 68
1 78
11 77
53 40
74 47
93 35
54 95
90 32
66 22
22 14
83 92
29 53
11 10
73 97
77 70
85 5
7 81
38 16
97 39
80 74
80 8
62 97
61 94
70 49
6 99
25 74
80 72
25 25
61 55
10 31
54 61
78 15
42 3
67 30
98 23
16 37
27 91
11 90
1 57
43 29
96 73
92 43
61 96
81 58
36 72
57 48
43 86
67 43
66 22
46 93
78 66
84 24
28 83
58 58
17 14
36 74
3 20
8 99
28 71
19 70
67 77
54 87
11 21
40 17
13 54
99 94
43 47
9 15
54 95
22 99
69 6
94 6
74 83
42 50
62 40
7 85
40 20
37 37
84 25
13 32
37 59
76 47
83 44
14 28
83 12
22 16
4 8
4 66
21 2
64 36
82 100
96 84
39 5
58 61
94 51
17 16
57 52
48 15
63 38
60 65
83 78
37 61
48 12
89 75
57 62
31 45
21 84
20 43
19 93
69 76
15 32
44 10
25 28
81 8
3 46
43 10
93 51
35 16
18 57
32 25
98 27
36 49
70 70
3 27
85 50
79 78
21 74
22 75
4 51
48 41
58 81
82 82
10 1
99 61
96 56
77 81
10 45
38 73
28 11
62 37
84 72
96 79
51 68
82 37
8 81
42 21
56 34
8 5
42 95
46 22
78 45
8 88
27 9
7 76
56 41
10 90
62 17
42 88
59 19
72 28
92 55
88 75
35 76
63 85
53 44
23 39
86 91
94 2
30 36
88 63
28 61
41 69
30 52
65 31
82 61
20 1
47 17
47 16
9 65
19 98
68 88
90 99
5 81
73 11
2 41
59 20
83 39
10 69
57 60
87 79
40 54
33 100
90 95
14 15
78 62
64 12
30 39
39 98
71 94
28 46
15 94
70 92
30 36
62 17
4 80
1 5
87 21
71 24
21 38
3 47
13 54
35 76
59 87
97 100
49 37
23 88
7 32
61 21
22 46
39 2
64 73
42 41
82 64
92 15
57 46
53 69
58 67
82 58
63 74
78 9
29 79
36 13
16 42
70 84
18 38
18 91
14 21
20 79
61 42
4 43
78 76
16 27
9 47
29 78
57 79
88 22
77 92
40 38
67 26
27 30
57 84
60 34
63 20
86 47
53 16
34 69
10 50
29 63
15 14
98 26
35 97
45 33
35 68
4 64
25 5
14 5
37 68
58 52
46 62
6 42
32 46
97 51
31 90
17 42
18 48
13 10
66 59
11 51
48 2
16 72
92 30
96 57
42 34
5 1
63 36
32 29
15 99
98 27
5 26
54 73
15 65
80 16
45 80
43 98
69 100
13 23
73 63
66 78
43 67
58 74
97 97
45 74
64 3
39 44
22 50
7 61
43 4
93 41
71 7
15 95
47 18
68 25
32 12
13 93
84 55
1 79
8 75
9 51
17 85
97 68
94 41
91 8
83 6
88 4
2 58
37 85
55 44
39 53
66 29
18 64
44 2
94 1
80 56
99 45
62 46
1 73
51 76
11 92
53 67
45 50
36 18
35 28
51 58
95 44
50 80
43 93
7 77
51 95
1 10
56 22
96 10
59 28
54 24
92 27
57 27
47 79
9 73
1 92
18 49
55 5
69 25
70 97
84 84
52 81
53 17
65 93
99 36
83 53
57 5
86 65
83 8
86 22
74 74
92 76
56 64
81 54
20 99
18 82
84 49
22 44
63 58
94 21
54 47
83 15
14 87
54 46
91 79
59 44
7 5
29 39
39 45
71 13
80 12
45 31
12 69
59 41
74 88
50 3
22 75
46 79
92 39
56 42
51 50
2 24
29 30
88 83
83 87
87 43
3 64
42 43
96 60
98 81
53 11
47 2
53 19
47 42
52 44
68 67
22 65
78 4
2 36
42 65
71 65
98 92
23 76
75 10
64 51
19 55
22 33
2 9
78 83
47 61
62 2
89 21
35 38
1 97
36 64
91 18
75 80
54 60
17 96
32 59
84 33
13 8
50 23
58 54
78 94
2 35
54 1
7 80
25 44
33 55
90 60
63 47
11 27
75 80
15 8
44 8
31 7
70 42
6 7
73 52
80 15
58 72
5 23
1 83
16 62
67 70
38 61
45 3
64 87
77 30
27 84
15 52
83 62
53 34
14 45
94 60
6 90
77 28
4 54
53 93
98 56
68 33
42 91
63 64
98 8
74 21
74 15
55 23
82 80
41 83
51 85
97 89
88 74
24 88
60 32
36 89
34 59
22 86
74 26
21 52
56 100
5 68
38 47
42 46
94 93
35 25
95 19
96 4
96 44
38 85
50 62
5 27
69 58
1 56
70 66
21 80
66 98
