790 2
49 89
32 65
81 51
47 79
84 82
59 47
56 1
52 14
6 65
95 56
60 48
100 85
17 2
97 31
54 99
51 36
78 64
3 37
28 33
14 61
7 43
25 18
75 10
33 60
45 23
33 12
91 30
76 89
66 70
49 83
58 70
32 51
63 36
56 43
80 98
65 66
71 99
91 81
99 77
55 7
39 42
29 9
82 95
57 37
11 16
89 92
61 31
13 61
82 54
3 62
8 58
64 23
70 88
48 54
16 47
65 21
71 23
66 6
16 39
73 91
89 42
90 46
72 72
81 24
72 48
48 10
24 88
96 55
58 7
91 83
36 99
97 99
15 99
42 96
36 18
24 95
17 78
14 41
43 99
46 30
15 29
12 59
94 24
87 16
85 97
96 86
73 70
33 23
82 35
88 52
78 16
20 14
42 7
88 92
97 50
90 45
1 1
75 8
4 13
47 97
58 83
93 12
98 23
15 27
59 39
65 95
99 36
60 23
69 26
95 82
6 11
53 76
9 52
51 35
33 17
71 65
91 92
3 1
41 41
36 20
79 39
5 21
81 2
24 45
28 65
26 30
26 18
34 12
8 50
42 73
69 15
20 83
67 100
18 48
10 58
95 8
66 26
27 53
35 75
29 62
50 73
90 38
100 65
63 65
61 96
33 45
74 55
47 42
35 73
65 30
60 98
22 65
46 87
54 5
73 24
60 20
57 50
28 94
58 42
15 49
40 79
84 42
82 36
82 1
68 85
81 2
25 83
21 41
96 93
17 83
99 82
33 65
32 43
20 93
15 56
7 95
79 57
71 48
19 7
25 32
64 36
12 91
100 27
36 18
21 80
57 21
39 61
96 48
32 19
93 8
32 86
22 3
77 11
27 48
97 23
27 37
88 75
14 40
78 9
76 74
34 92
24 79
25 53
30 45
46 70
82 19
41 75
32 79
93 89
4 55
17 94
3 87
56 79
6 63
43 52
76 43
42 83
86 72
53 56
81 66
21 18
19 11
50 48
22 49
73 45
77 97
27 91
100 70
80 82
29 25
96 7
34 64
68 30
43 48
4 98
44 32
7 75
48 81
85 59
52 33
45 52
70 86
13 5
76 95
77 28
43 66
78 48
83 34
31 83
65 46
42 43
42 55
58 30
10 11
34 33
31 40
54 7
96 22
91 6
62 64
96 41
32 63
28 42
88 84
27 86
83 26
15 38
43 22
43 18
72 48
64 59
60 44
95 37
35 42
98 35
11 30
15 11
79 3
71 7
29 100
70 10
3 29
41 20
92 83
29 74
33 61
89 3
74 74
62 16
23 42
13 95
45 15
19 26
6 56
94 36
15 100
15 34
16 67
18 57
11 8
51 33
9 45
19 50
42 4
78 81
26 23
27 40
29 45
67 82
85 62
68 87
39 11
82 47
17 15
53 56
38 8
89 53
96 45
76 58
67 70
83 7
49 71
76 12
27 31
53 85
43 39
31 99
51 14
54 31
80 3
48 79
68 7
38 20
4 14
79 21
60 78
15 54
63 71
68 7
59 62
21 77
6 27
17 42
97 96
41 97
3 84
69 8
67 31
83 47
78 68
42 16
96 75
27 13
85 69
93 91
85 66
82 18
47 43
50 31
21 96
92 58
25 28
30 8
17 1
79 70
44 56
81 46
18 78
96 91
78 18
13 88
27 47
6 97
63 73
86 70
89 99
44 80
41 38
11 89
4 28
76 8
58 81
90 37
94 80
32 35
42 50
95 14
28 54
24 99
12 9
2 100
47 40
84 52
62 79
7 26
50 22
14 8
33 45
2 84
85 96
55 79
56 41
88 93
83 14
76 67
48 7
47 67
25 5
9 40
10 2
56 45
15 86
68 73
56 6
9 71
82 40
47 42
53 51
94 83
81 34
100 18
76 39
7 18
50 44
62 55
33 82
53 14
78 84
76 18
35 95
63 58
81 94
46 92
2 75
99 38
89 59
46 26
28 42
65 10
96 15
21 30
62 92
2 95
11 94
59 86
22 1
60 11
81 46
52 45
71 86
68 71
29 79
28 40
19 93
29 100
60 60
4 67
93 17
14 35
40 84
96 90
7 76
30 94
60 84
36 86
92 93
47 90
46 97
80 76
87 32
65 99
95 7
16 42
15 47
87 94
58 91
61 27
95 47
71 13
30 80
67 58
28 71
23 71
3 1
70 47
60 27
35 92
82 100
51 50
100 6
32 2
85 1
11 11
92 4
62 84
32 66
14 22
47 75
40 48
13 12
95 42
36 88
75 22
76 85
70 56
79 46
23 1
25 87
25 13
26 95
33 84
52 18
53 69
66 51
72 3
34 85
27 14
59 60
38 16
60 22
48 23
25 64
25 15
79 34
2 49
42 33
91 11
21 10
21 1
86 4
18 8
72 13
78 95
84 61
35 45
47 98
15 52
51 15
7 43
64 43
58 2
75 22
27 7
52 17
51 56
98 66
11 85
12 14
63 5
3 91
96 14
44 68
57 83
17 35
66 71
63 37
38 48
50 96
20 2
52 17
53 85
80 37
27 96
1 40
55 14
75 42
4 40
37 62
67 21
9 63
52 28
34 90
46 15
91 82
82 37
7 89
99 1
89 9
73 3
52 95
12 90
73 96
64 13
61 21
9 35
83 44
33 94
24 2
9 100
36 64
95 44
84 57
41 94
54 14
24 51
34 25
16 1
28 86
90 23
76 47
93 36
95 9
34 41
26 69
54 47
76 15
56 24
18 23
83 71
95 40
15 23
67 4
84 15
28 67
1 52
91 19
67 54
34 19
25 67
49 9
2 59
68 74
19 10
99 26
9 12
3 35
20 45
30 55
78 92
64 92
30 18
24 67
22 88
21 76
54 88
100 7
13 47
67 40
74 52
70 42
11 12
90 4
17 24
31 2
33 14
60 79
58 32
22 74
27 15
90 78
41 33
46 74
66 14
24 85
66 40
63 86
87 96
18 48
7 96
23 3
64 88
33 74
95 97
78 95
95 84
57 57
38 62
17 69
44 15
32 87
35 45
10 75
82 33
11 9
52 9
88 85
5 12
22 68
43 80
56 83
50 65
1 7
94 47
5 69
65 26
76 34
1 40
21 59
82 77
65 83
31 31
66 76
56 61
65 91
62 9
74 48
9 40
1 73
44 69
61 45
55 2
2 90
14 84
13 17
17 78
10 60
37 92
83 34
71 12
4 96
69 21
74 27
10 54
6 70
7 50
48 71
37 79
17 38
92 83
56 10
53 12
94 56
82 62
65 67
77 89
13 97
16 19
28 11
93 75
79 100
88 39
14 78
75 3
28 2
45 27
34 52
9 25
77 54
95 17
70 87
39 82
94 87
88 75
89 14
57 53
10 35
69 82
49 33
19 6
42 67
16 51
58 74
14 93
31 8
32 18
4 23
28 62
97 20
98 48
22 86
82 32
5 88
4 81
16 44
54 82
42 8
80 46
17 48
28 63
39 20
92 17
89 93
1 10
98 74
12 4
15 42
79 54
48 23
85 55
52 5
8 24
96 26
42 2
50 25
91 58
57 89
5 90
16 12
44 59
34 91
