890 2
80 36
94 69
81 4
87 58
50 25
22 77
80 21
31 89
92 72
23 69
15 36
81 16
79 15
83 80
72 28
45 38
73 43
61 51
22 89
11 88
10 44
100 85
74 26
21 40
1 44
23 67
39 89
13 70
40 14
86 99
39 28
71 89
31 22
17 22
43 82
81 65
97 2
55 87
48 22
2 94
86 38
73 1
87 99
9 51
9 77
53 15
91 5
10 3
85 5
11 18
6 37
78 67
42 8
45 25
16 98
30 97
43 50
67 45
69 86
19 11
14 25
75 93
5 18
23 37
63 68
17 24
63 67
25 34
39 22
15 15
60 44
14 12
48 16
84 72
39 38
73 23
37 88
78 85
94 69
97 4
40 8
77 98
77 44
94 92
12 10
85 64
61 38
92 35
26 16
55 68
34 93
15 68
61 94
4 13
70 96
42 23
30 68
91 39
45 53
33 13
98 24
41 49
51 21
69 38
44 74
42 56
51 88
7 41
93 66
24 20
8 52
3 98
7 31
74 87
81 70
92 81
50 68
100 53
39 27
12 19
72 66
56 4
92 64
72 52
42 98
58 51
3 16
74 70
45 94
53 73
37 3
87 59
93 83
65 85
27 15
23 6
8 26
1 15
23 15
47 74
9 80
21 80
9 41
54 25
7 45
5 21
52 40
2 64
70 93
34 33
46 67
22 4
84 57
100 75
96 1
23 4
18 31
39 82
72 24
42 41
43 56
93 91
9 27
18 89
74 20
14 53
27 76
49 98
10 70
28 17
59 61
40 16
66 87
23 21
44 45
61 71
38 21
25 37
40 70
70 85
1 42
5 75
31 73
71 47
84 14
21 54
3 68
21 57
92 86
6 31
53 77
97 38
4 42
59 19
76 87
78 46
36 12
82 62
10 88
46 70
44 36
21 78
82 90
3 22
18 44
61 90
12 68
27 94
78 2
21 57
49 20
66 31
70 62
78 1
36 52
13 76
90 80
82 44
57 83
54 55
49 69
70 95
32 90
22 24
26 55
14 3
96 58
42 64
15 29
95 56
63 84
75 27
32 90
87 73
67 42
95 87
64 56
95 77
1 43
82 43
20 65
17 19
40 62
88 15
74 84
50 75
69 54
74 84
83 44
12 17
78 90
92 82
63 51
6 80
27 9
100 55
49 10
46 75
50 36
11 57
70 5
34 66
6 56
49 43
19 67
51 90
6 35
4 36
75 6
43 36
44 84
76 2
37 74
73 32
50 60
93 98
50 1
33 49
64 43
100 82
50 96
70 85
48 38
20 6
75 52
82 70
78 88
29 46
80 7
99 3
27 71
73 24
78 31
68 4
82 21
10 41
7 97
98 30
10 49
58 33
8 63
68 58
89 90
21 47
22 27
65 36
45 24
24 17
92 9
90 23
94 23
21 56
77 5
84 18
34 82
78 84
96 64
64 63
59 30
15 26
32 51
92 18
50 49
56 16
99 37
57 62
50 28
67 41
91 78
77 23
29 31
66 54
29 30
29 13
69 7
2 9
44 31
28 61
28 18
38 25
43 70
28 16
58 11
96 91
57 62
82 87
71 82
83 71
34 72
3 25
67 32
4 66
79 78
34 38
26 61
42 41
42 9
72 44
10 35
38 9
92 6
37 1
41 95
46 84
27 59
19 4
33 48
6 45
51 13
92 24
59 61
43 35
6 54
37 38
99 55
95 70
53 24
99 36
23 58
16 59
97 98
100 77
82 22
14 29
95 52
4 89
4 82
28 53
11 30
34 12
44 85
61 28
83 78
56 88
43 25
37 55
10 31
31 18
16 3
6 40
10 19
6 32
25 85
39 83
35 67
82 35
69 93
57 53
69 30
45 26
92 41
49 18
86 61
45 5
64 98
41 71
83 43
48 23
72 85
90 27
40 12
50 5
82 4
21 64
15 15
50 9
18 17
42 59
99 93
97 14
92 38
28 65
84 45
9 38
10 40
8 12
33 49
51 78
38 92
62 74
7 25
24 93
23 84
30 95
21 54
70 25
76 97
18 64
78 48
27 10
98 60
44 22
52 25
91 56
28 87
70 34
29 73
52 60
83 45
69 64
77 71
85 17
59 23
80 68
51 32
71 22
37 91
93 6
59 11
17 46
72 26
52 89
26 65
46 88
86 25
46 62
48 38
47 88
2 15
2 89
31 88
4 47
56 79
16 71
72 40
25 15
56 53
86 11
30 10
12 75
66 88
19 27
75 68
28 82
6 38
54 98
45 18
63 85
30 39
41 14
67 6
7 38
65 72
41 93
37 2
11 80
83 30
72 47
37 4
1 79
80 38
85 30
46 78
2 72
4 26
50 4
65 19
51 11
65 57
23 36
54 30
11 13
74 35
73 52
39 12
19 58
28 78
70 66
71 34
50 87
99 84
67 95
94 4
55 51
79 46
59 79
63 79
13 39
36 44
6 69
1 69
54 66
96 46
44 87
45 51
58 70
31 100
71 38
32 75
56 75
62 91
70 25
86 25
88 95
55 55
33 68
62 33
37 11
83 76
52 19
17 84
37 33
66 50
35 92
77 6
82 34
80 85
18 99
92 78
32 39
14 74
38 25
36 17
72 46
74 85
2 82
9 52
35 95
23 76
50 18
55 59
71 75
99 3
53 80
88 34
51 24
31 5
45 94
63 40
100 82
25 78
24 95
35 29
82 98
83 49
15 57
50 96
87 38
41 76
24 55
6 19
43 85
98 83
91 97
67 69
14 56
47 23
7 29
24 28
93 74
43 42
65 60
41 65
49 43
74 60
50 59
93 26
78 81
93 28
60 53
47 76
81 99
58 83
21 70
8 62
1 4
54 17
68 20
83 36
70 50
34 22
66 80
43 16
17 57
51 80
60 37
97 36
48 75
41 53
74 64
41 17
60 37
18 15
47 96
53 54
55 9
76 15
59 80
13 100
42 52
41 42
73 14
78 75
93 88
92 33
32 89
55 63
31 27
48 61
20 18
38 94
80 84
88 53
55 4
20 14
64 95
93 52
11 50
24 94
70 69
93 28
49 15
90 4
5 4
75 21
32 20
55 63
95 62
67 47
39 28
98 33
49 21
96 97
67 53
7 71
88 4
81 20
90 79
98 46
12 82
96 65
20 44
67 94
100 46
100 62
37 29
8 28
70 62
95 77
54 62
31 13
97 95
87 39
82 90
33 4
83 10
82 48
78 22
55 37
2 68
55 42
75 62
57 100
79 1
46 93
85 7
1 6
71 48
29 99
18 78
43 88
4 70
64 44
98 30
68 47
99 22
39 38
85 10
84 88
78 42
76 26
66 51
80 98
76 24
50 75
81 61
87 77
76 63
72 79
45 58
46 39
10 100
6 36
29 97
91 93
95 72
48 11
7 84
21 81
18 49
77 11
39 13
57 7
94 84
42 33
28 75
36 55
13 94
76 36
52 23
35 96
55 52
23 67
48 81
85 14
17 32
69 17
56 86
15 42
84 35
40 32
56 12
10 97
20 4
38 53
7 60
51 85
62 74
40 63
44 98
18 68
9 84
42 42
99 95
82 28
85 75
79 24
10 97
3 85
50 81
11 81
95 66
90 24
34 23
35 83
27 2
90 88
7 2
16 95
46 52
83 31
86 11
28 100
81 56
13 20
57 61
100 95
32 63
95 58
23 50
59 19
22 25
52 71
72 5
56 86
10 83
83 44
42 63
67 79
33 86
80 24
55 49
78 41
51 97
43 92
87 72
7 5
99 3
31 93
31 74
35 46
26 10
24 83
48 63
59 51
62 7
90 84
87 18
33 81
62 49
23 36
71 46
44 59
50 44
76 95
40 47
12 25
43 66
85 73
63 86
35 99
59 77
51 56
26 56
37 7
87 3
19 8
50 56
46 58
46 29
63 9
70 73
31 75
82 85
86 4
32 23
83 5
1 24
49 31
98 82
83 74
79 27
10 20
47 80
85 78
68 28
82 16
99 76
72 68
31 39
69 99
21 23
37 84
39 88
69 29
67 4
70 59
94 19
26 24
77 94
