710 2
13 31
42 31
39 80
29 52
70 51
2 21
71 25
1 74
49 98
54 59
13 98
22 53
14 96
59 6
74 68
70 74
99 68
28 82
89 25
79 65
71 49
86 10
27 92
82 30
73 35
2 2
29 24
39 31
3 73
89 39
17 35
6 90
81 92
46 80
66 81
94 86
76 35
1 31
80 79
7 1
38 99
31 13
27 46
96 51
63 24
9 45
76 92
37 62
17 39
95 68
86 75
24 63
45 68
32 66
93 88
29 37
46 52
96 86
29 26
6 61
31 45
14 50
7 98
23 68
98 48
89 79
34 52
90 60
79 6
13 60
74 99
64 53
80 41
64 53
66 97
98 97
19 18
83 48
30 62
35 93
90 64
26 75
13 27
14 10
26 26
13 38
100 74
75 24
49 24
65 92
29 72
32 88
85 100
57 15
76 6
65 22
72 84
98 79
1 98
20 25
46 67
55 78
88 86
1 74
5 71
32 79
59 82
10 18
99 86
84 48
85 22
92 47
35 22
10 82
56 12
19 97
12 61
98 48
52 66
94 4
33 27
32 99
29 40
49 65
4 39
93 7
71 16
26 51
42 35
78 87
2 52
38 37
5 39
71 37
28 40
32 51
19 82
57 51
10 7
3 48
26 62
29 58
63 42
90 71
60 8
94 74
26 26
12 72
28 87
9 12
4 51
75 91
19 69
31 72
12 40
3 97
27 50
80 2
41 46
46 47
43 40
33 27
72 17
79 65
36 8
75 90
30 42
8 99
52 8
33 14
100 11
65 100
28 35
74 71
54 66
19 9
8 51
77 68
41 17
61 65
64 61
13 83
18 68
52 74
13 20
80 96
66 51
91 29
17 33
91 15
62 30
60 67
40 8
28 28
92 36
23 13
33 36
27 90
89 55
46 77
28 28
39 95
79 88
92 52
77 33
18 75
27 66
25 63
44 52
42 81
55 33
17 49
77 12
34 40
94 84
54 71
87 20
56 19
13 17
40 48
80 53
7 40
17 38
19 40
42 51
21 95
47 77
78 45
52 76
8 11
48 64
21 6
73 24
29 35
56 44
81 36
9 25
40 26
100 55
69 37
36 24
74 65
71 79
23 35
86 24
30 71
96 41
43 74
93 59
59 17
98 86
15 54
39 4
23 88
34 39
94 8
36 20
84 85
54 94
48 30
61 2
17 76
82 83
51 38
59 33
82 82
22 77
72 20
69 14
82 56
83 31
85 94
85 90
17 22
30 39
14 81
53 79
81 99
23 97
16 62
40 45
63 6
44 84
27 15
4 40
66 73
68 55
41 40
15 52
28 23
31 90
80 77
77 78
66 55
26 47
80 22
49 31
62 20
66 80
50 34
48 67
14 100
72 49
56 19
99 47
47 98
4 50
54 37
24 35
23 89
65 100
95 5
65 51
65 31
77 88
36 35
26 92
7 20
3 43
80 51
49 17
35 92
32 65
10 55
86 41
3 69
59 21
76 67
27 4
66 12
86 52
81 26
14 86
4 51
98 77
46 35
65 16
5 18
83 31
56 84
47 18
20 31
42 26
42 81
71 26
84 26
25 88
8 47
58 78
40 12
69 49
4 22
4 61
50 71
17 32
89 55
30 92
30 73
68 12
74 65
5 48
84 39
22 85
36 65
88 69
72 72
19 6
79 8
92 2
41 64
68 89
36 24
5 71
68 68
42 61
59 43
84 67
74 4
64 59
35 7
93 49
2 60
78 31
71 61
79 93
51 41
91 48
69 43
40 1
5 80
13 36
79 62
18 10
47 18
13 99
13 74
92 7
73 21
45 96
60 8
98 13
73 32
46 86
35 18
54 58
6 92
76 44
80 80
3 39
19 55
12 7
99 52
52 38
54 7
84 47
67 61
57 24
75 81
33 14
47 33
8 79
90 82
60 51
78 34
60 74
57 16
26 13
16 89
90 73
22 21
67 100
38 3
42 32
83 89
47 59
26 73
13 49
66 44
39 41
71 28
43 6
5 4
16 27
47 39
21 47
66 86
98 79
91 74
22 9
55 69
22 5
22 48
19 23
27 63
82 65
41 80
1 72
24 12
88 14
81 69
31 60
1 18
61 33
54 58
29 100
16 43
47 68
51 56
95 82
97 78
34 36
11 29
62 67
58 57
82 92
71 97
82 85
90 85
25 36
97 92
26 84
1 11
36 14
20 57
35 97
32 2
82 25
24 11
44 12
3 57
85 54
21 85
12 11
64 21
29 89
65 84
69 20
77 32
64 45
30 91
53 4
21 74
66 57
67 83
63 54
68 92
6 73
17 47
95 59
94 79
13 86
67 49
82 58
90 86
5 22
7 75
15 55
50 32
3 35
3 79
60 4
43 79
71 100
19 37
1 5
93 21
63 76
46 48
25 93
30 87
85 59
21 73
26 86
52 22
64 89
18 31
23 53
56 39
64 26
52 26
32 91
14 3
50 77
84 90
10 79
69 79
3 92
89 69
79 63
52 100
25 62
73 33
13 27
88 44
89 98
55 78
65 14
26 20
3 36
30 13
25 86
3 100
81 25
43 58
2 7
100 85
96 49
31 24
6 97
38 76
16 82
13 42
17 36
39 20
25 93
7 91
84 68
50 39
49 79
47 40
60 1
85 77
18 73
75 56
38 28
34 10
63 15
21 90
96 38
38 55
22 23
28 16
22 55
60 77
65 38
55 55
33 49
69 55
66 83
25 2
61 87
51 89
98 42
97 38
52 44
96 50
40 83
53 87
45 87
41 32
72 42
86 79
91 80
91 38
95 65
32 53
78 70
75 93
34 93
59 32
59 95
55 55
49 4
10 77
52 2
28 38
74 53
20 90
49 57
32 3
39 43
82 97
14 93
58 80
83 94
32 68
43 26
89 61
11 66
72 60
46 11
89 31
78 82
19 44
87 90
92 47
73 29
47 13
1 100
42 63
25 67
55 79
91 85
82 45
23 54
73 46
10 100
57 96
69 3
32 5
60 87
52 23
95 82
47 66
13 76
28 32
52 11
82 12
76 34
37 32
94 19
94 88
1 79
75 64
26 36
79 51
29 40
72 19
52 43
100 5
90 57
68 56
29 53
83 56
39 73
37 7
9 76
30 40
65 33
33 60
63 31
41 95
69 75
25 58
89 72
23 21
54 95
54 3
79 37
87 93
55 63
27 45
21 30
77 43
5 45
74 45
96 26
89 32
75 90
30 24
