710 2
27 53
11 4
67 41
47 13
58 10
39 53
55 1
29 90
61 36
8 4
50 39
33 12
13 66
62 66
25 4
63 83
13 71
67 6
45 13
94 81
19 83
31 30
7 33
85 47
38 27
39 70
26 73
92 40
57 48
25 78
46 37
99 66
71 73
46 37
5 82
83 54
32 98
34 39
12 90
17 68
20 46
54 56
17 40
100 54
99 13
24 33
15 63
95 88
59 100
58 50
24 31
88 34
45 69
79 52
41 16
75 95
18 55
72 58
51 21
45 40
1 58
28 91
24 42
83 5
5 24
16 62
90 97
27 52
5 79
27 57
94 26
10 35
18 94
41 16
33 42
23 56
73 20
81 62
99 79
14 54
91 1
20 54
96 82
54 27
39 64
80 85
3 72
34 63
26 1
20 39
91 69
54 8
97 96
14 18
77 70
79 46
93 100
17 4
36 46
56 62
3 23
49 81
27 10
29 55
35 33
10 26
96 48
26 79
92 25
93 13
44 65
73 90
52 91
60 42
36 65
83 22
84 38
9 19
93 24
93 5
82 45
62 96
10 93
98 38
71 8
97 78
2 95
79 58
29 16
80 38
69 94
73 52
64 86
28 71
58 92
84 80
2 11
19 82
97 74
30 39
32 80
4 52
19 54
71 39
69 80
3 86
43 10
32 3
79 1
69 29
76 77
91 82
66 57
11 24
4 79
80 83
55 97
64 49
74 68
37 59
39 95
89 51
71 28
88 47
80 19
58 88
58 83
61 82
31 16
58 59
93 65
45 82
78 60
53 58
56 80
82 97
92 67
62 42
2 2
64 1
92 86
31 84
17 69
36 31
85 12
79 21
3 70
82 99
32 56
46 31
50 18
9 78
79 89
91 65
65 1
86 92
78 79
35 27
56 70
92 1
19 91
76 5
72 5
41 5
95 76
15 99
66 84
68 59
54 93
8 71
78 92
58 37
89 29
71 8
13 89
66 80
91 91
5 11
35 38
94 11
50 91
56 26
42 43
46 66
88 41
63 3
53 29
16 77
80 20
39 19
92 25
70 44
13 44
95 27
62 99
30 35
49 71
30 70
10 8
17 75
98 27
78 7
54 59
78 34
27 95
80 23
94 68
93 88
36 77
16 86
61 99
3 18
98 44
35 88
13 18
88 20
2 44
44 96
30 10
60 60
32 68
8 53
14 17
74 86
83 43
49 32
74 7
66 29
73 82
56 77
79 15
73 85
39 92
25 95
98 93
46 16
49 93
10 99
86 24
81 8
44 44
38 98
13 22
20 87
11 53
65 53
77 25
53 20
33 18
20 53
90 50
51 65
81 100
24 22
14 81
78 17
29 52
14 5
55 20
76 41
60 25
75 31
83 91
61 79
45 71
72 15
28 33
38 65
34 35
61 46
16 30
57 94
91 9
30 89
73 31
64 99
18 90
42 75
44 30
62 96
64 26
89 15
71 86
8 22
95 82
22 72
6 50
56 92
86 52
46 98
7 1
36 44
75 27
91 37
89 22
7 61
77 53
65 12
31 33
74 43
71 38
57 68
53 27
9 42
28 46
40 30
58 50
43 43
96 87
86 71
48 34
61 72
53 32
24 22
64 41
47 67
84 56
91 26
11 37
87 67
18 32
33 99
86 56
34 67
12 15
40 13
99 20
79 86
58 90
27 41
33 31
16 5
6 54
41 51
99 20
11 20
87 4
30 88
89 85
42 99
2 88
80 55
54 94
10 51
54 68
85 95
62 5
72 28
25 70
76 98
90 38
60 64
75 30
12 30
9 75
59 64
85 88
15 34
28 62
92 2
92 92
94 49
98 92
18 77
86 41
30 31
27 30
16 68
54 60
50 64
75 2
18 65
19 29
49 75
57 38
10 5
12 74
46 81
2 49
56 6
52 4
47 94
44 23
90 81
17 14
17 33
16 36
49 52
71 39
36 16
23 78
32 91
80 32
8 19
30 14
46 76
25 86
82 59
69 28
68 30
71 22
22 96
5 85
49 46
100 53
100 70
47 46
63 50
87 58
39 8
39 30
58 21
7 62
54 72
6 30
12 75
9 27
68 29
1 41
83 50
19 17
79 99
83 54
32 12
79 50
24 97
40 52
29 14
84 99
75 63
98 47
9 7
29 43
65 73
36 92
39 16
60 43
65 79
88 86
15 23
72 73
38 24
90 87
73 17
36 14
52 69
85 18
30 1
79 37
99 17
83 52
95 88
8 68
30 94
84 34
61 49
26 38
79 48
16 78
57 81
65 60
71 35
33 33
9 24
92 92
82 9
44 91
75 61
10 69
98 91
58 70
97 86
92 44
63 21
46 98
44 46
33 49
6 4
16 66
31 25
29 10
77 84
88 98
38 6
22 9
41 30
8 50
49 18
56 50
8 34
45 54
73 24
92 38
35 23
76 95
31 48
51 15
89 96
91 56
45 72
84 100
25 40
16 91
44 96
5 1
65 75
59 20
25 56
51 75
38 10
97 24
57 23
65 34
67 57
10 60
14 3
94 56
67 41
9 49
44 2
97 70
99 55
34 70
1 92
56 55
13 66
79 22
66 28
18 10
8 60
48 27
50 3
26 3
48 28
79 38
22 8
39 72
27 83
53 78
21 56
28 59
4 3
5 5
61 94
42 55
6 74
50 3
14 22
88 86
54 45
59 12
92 38
60 3
46 97
99 5
12 13
50 30
88 24
17 25
90 12
100 18
92 12
81 72
14 71
98 10
41 20
65 5
36 18
12 77
39 2
69 99
86 35
64 35
63 20
19 51
13 54
94 99
56 13
31 61
97 14
40 59
76 46
51 9
45 73
34 27
55 1
75 87
84 25
18 96
24 30
48 90
69 52
40 29
56 78
40 97
78 78
76 94
13 1
66 62
13 78
92 87
93 67
69 96
3 47
33 14
96 19
84 18
19 15
35 27
30 84
68 58
2 8
37 91
1 64
72 6
3 97
3 51
3 52
10 70
3 57
1 81
79 81
46 7
5 6
50 60
13 46
99 68
92 83
42 43
9 69
20 19
7 60
62 6
61 75
61 98
69 2
7 4
12 4
73 78
84 84
42 52
92 48
98 80
17 69
43 19
9 4
54 46
54 77
4 97
69 53
34 83
5 23
23 78
61 73
3 39
17 15
40 72
48 93
32 90
40 38
39 20
98 65
63 85
47 8
76 69
84 49
66 86
28 36
22 35
52 80
