760 2
75 78
40 5
1 88
65 3
45 38
95 13
73 54
88 31
50 16
25 29
41 18
33 98
22 92
65 89
68 92
94 39
85 80
36 74
63 92
63 16
65 31
56 38
2 42
84 52
54 90
70 90
63 64
93 62
52 17
37 80
45 79
71 5
76 25
3 91
71 96
45 35
78 37
46 37
28 33
11 29
97 68
77 10
72 82
63 36
70 15
86 7
60 34
87 81
26 89
81 100
80 16
96 89
21 14
43 89
8 54
78 87
86 33
18 97
66 3
25 74
33 60
33 26
46 6
27 25
69 53
30 4
19 80
49 78
21 34
66 7
73 14
33 72
34 30
67 47
72 35
48 19
38 29
5 49
93 69
97 19
90 71
23 36
49 14
50 93
10 84
17 29
95 89
69 35
50 15
79 29
20 93
8 20
20 22
95 49
2 22
43 33
16 75
4 6
84 41
16 16
5 16
18 87
95 63
58 32
77 45
79 59
81 24
71 21
82 4
8 55
58 72
26 47
83 54
10 62
20 12
8 26
64 50
11 31
69 25
75 13
2 91
6 91
22 16
55 62
3 21
29 85
69 16
59 81
63 77
31 93
90 74
24 17
24 71
29 68
1 52
56 57
66 48
77 48
37 30
70 38
30 40
67 17
70 51
54 29
1 38
69 21
15 93
8 45
96 10
27 91
60 89
53 84
56 45
88 25
75 14
81 47
27 6
18 74
58 53
78 46
48 81
67 55
19 18
93 69
17 75
48 71
60 73
64 24
80 51
5 24
98 47
12 22
1 45
14 76
67 24
21 96
19 38
61 92
2 43
6 33
65 45
42 93
91 82
28 44
56 32
22 56
50 70
97 95
1 89
44 74
31 44
29 27
23 48
24 73
70 70
71 51
43 98
22 93
60 89
16 26
53 68
40 32
13 2
89 9
19 17
10 33
23 3
97 84
92 85
58 66
1 40
11 13
3 81
22 61
56 42
45 78
48 62
25 22
56 39
12 1
3 69
63 64
69 5
89 90
38 29
60 80
55 55
12 82
75 79
79 62
89 93
80 80
5 46
96 41
99 31
55 62
12 54
50 6
27 89
33 8
77 54
21 38
44 86
68 74
9 22
61 75
84 55
65 61
24 72
28 83
8 69
60 86
77 11
51 5
22 59
46 88
69 98
60 100
38 68
36 71
73 83
53 62
43 96
17 7
80 54
13 32
28 70
7 52
94 91
2 75
57 29
5 13
100 43
18 34
46 96
66 45
84 98
17 64
99 2
97 38
36 99
67 89
37 75
44 55
43 96
69 38
14 43
6 22
9 72
75 51
100 67
71 20
87 35
26 64
10 61
62 59
36 70
13 97
82 65
19 16
50 99
16 39
74 23
89 25
58 4
48 25
32 24
71 81
41 4
44 68
73 73
22 55
28 99
85 74
53 42
39 2
75 97
15 91
46 64
59 1
52 61
43 92
74 42
4 85
45 32
4 9
48 53
84 93
85 37
50 90
74 89
96 62
79 81
31 23
8 1
70 86
84 43
13 29
49 93
99 69
77 1
100 25
14 65
12 68
55 48
85 42
59 22
9 37
90 73
78 42
33 53
45 15
92 30
11 91
64 53
48 94
8 20
74 65
43 61
43 47
82 47
47 51
100 25
47 87
41 14
31 62
19 45
83 25
75 18
10 36
8 83
54 7
87 44
30 71
38 47
40 63
25 96
45 87
14 61
75 57
5 45
64 7
18 19
31 20
33 27
87 82
42 45
31 10
34 23
9 51
34 86
66 30
10 15
58 12
39 40
33 94
89 66
46 82
21 24
44 85
78 8
1 22
79 19
58 94
97 26
88 74
28 59
9 46
45 40
48 49
5 53
43 100
39 16
34 94
71 82
51 85
8 11
79 44
66 70
73 12
52 14
29 99
42 42
47 6
24 93
92 55
7 27
21 21
55 37
90 52
35 7
7 38
66 76
83 11
37 72
34 55
51 68
48 77
67 91
14 40
74 13
90 66
18 75
45 46
15 86
23 70
87 55
83 10
84 56
51 57
13 77
95 72
33 40
96 30
6 31
9 73
40 8
36 39
73 10
41 24
88 50
50 87
71 48
64 11
69 55
37 1
64 39
75 86
1 77
40 29
46 29
13 32
100 86
13 90
53 84
6 71
26 75
22 37
68 38
73 54
68 35
39 72
86 12
62 62
32 81
39 95
98 35
56 58
67 45
33 45
10 33
41 22
67 70
100 15
38 5
9 3
70 40
81 5
52 29
79 64
99 88
43 44
98 6
67 1
64 51
10 4
90 40
88 1
30 12
81 15
42 14
92 13
88 91
5 40
18 91
7 87
8 19
85 83
5 60
66 74
20 96
23 8
65 55
53 14
63 47
89 42
75 79
35 29
13 88
66 100
63 95
100 83
72 8
26 88
27 40
25 77
54 89
46 72
92 79
58 82
73 22
71 14
7 9
32 24
21 90
57 68
3 77
8 49
17 49
77 76
14 5
68 89
87 5
88 43
1 66
33 39
90 50
11 10
88 63
33 23
12 61
13 53
51 45
6 38
84 54
19 10
70 65
54 29
48 94
34 13
8 80
24 17
23 62
81 43
84 96
67 8
19 5
35 31
12 5
54 49
53 62
80 19
27 48
51 83
96 33
79 53
96 62
53 33
33 57
28 9
8 67
7 26
28 52
42 60
12 12
59 1
54 6
18 55
20 18
65 44
67 15
69 28
71 83
36 36
94 62
24 47
10 43
32 62
95 53
60 47
96 48
58 18
21 28
3 32
40 98
75 39
75 88
80 80
88 44
18 35
91 28
30 24
56 59
43 62
6 26
33 87
2 67
53 11
49 15
60 20
45 7
21 37
40 48
68 83
54 60
86 76
38 72
74 22
37 10
9 90
86 57
39 89
49 82
17 99
71 51
2 15
92 72
2 96
14 89
4 85
9 77
16 65
57 62
2 69
80 59
55 87
46 60
82 9
26 28
4 96
97 20
61 26
47 3
86 99
33 71
50 73
91 75
99 97
97 11
81 88
86 90
39 24
87 69
43 72
6 69
10 85
40 35
65 59
7 31
100 26
66 28
92 83
50 2
86 86
67 35
38 11
7 24
98 76
60 65
9 35
75 64
67 51
86 90
70 39
25 26
62 66
56 37
37 44
25 64
91 56
97 33
58 34
48 72
23 4
46 15
90 3
9 39
33 31
8 44
54 78
85 97
77 5
65 42
43 58
81 21
51 69
82 25
20 31
81 30
41 30
22 47
20 70
100 87
20 87
23 61
98 53
65 44
44 54
26 86
23 51
74 90
80 20
40 86
27 48
74 74
12 99
28 79
15 72
47 98
70 99
96 22
41 47
43 20
7 44
13 38
97 46
75 32
82 87
67 18
46 54
42 53
83 86
24 64
4 5
42 43
72 59
86 69
61 21
12 1
58 93
