650 2
93 40
60 13
13 79
20 38
70 47
79 17
26 74
38 5
23 68
100 83
19 49
80 90
65 36
62 22
87 71
12 14
56 69
14 58
72 53
43 65
59 26
91 60
72 13
37 83
81 68
29 21
44 90
49 44
59 74
56 21
65 35
45 40
33 52
43 90
78 47
37 91
59 63
82 45
44 2
68 51
21 56
14 40
6 39
39 70
95 42
95 1
21 95
9 41
33 44
6 29
6 72
76 19
94 89
96 27
30 14
89 80
62 13
2 98
48 11
95 92
2 69
55 81
88 3
27 29
15 89
43 61
34 65
89 22
69 4
16 83
4 88
42 44
33 34
83 33
85 62
13 59
13 35
57 33
20 51
93 47
86 51
82 7
72 3
7 73
12 92
79 31
83 62
22 45
53 82
36 81
91 98
91 72
89 11
30 54
77 93
61 53
5 23
92 48
39 88
96 85
56 3
36 12
5 85
14 24
98 57
64 82
83 57
81 62
24 95
78 51
88 30
58 98
11 50
17 74
84 75
49 78
57 23
38 60
26 81
43 86
13 72
39 100
2 96
58 61
17 54
62 100
98 15
10 66
35 50
7 48
64 55
85 27
41 63
36 78
1 11
98 53
21 56
67 69
91 86
85 65
82 56
47 100
76 51
73 15
22 28
73 36
32 3
13 61
20 10
36 39
71 54
56 5
94 68
83 30
60 6
35 87
32 5
39 11
48 14
50 65
4 37
70 54
24 74
65 75
75 72
53 82
82 95
16 100
16 6
57 54
56 32
28 7
9 50
12 9
94 77
80 94
39 40
56 93
16 37
48 50
12 64
19 23
13 79
49 94
67 9
83 2
95 14
72 65
86 77
32 85
82 55
56 66
38 60
59 29
75 84
55 2
4 11
23 22
23 67
97 12
97 21
79 84
74 67
2 85
100 31
61 45
59 11
98 49
4 28
15 82
23 29
53 30
71 14
28 73
94 69
35 96
95 73
38 80
75 34
75 15
30 66
23 35
68 69
27 22
58 11
22 78
99 44
70 52
55 16
88 37
6 3
82 95
49 59
78 55
15 41
65 68
97 31
19 81
37 26
77 76
72 3
69 99
67 87
41 9
36 83
57 19
58 52
32 6
89 21
78 70
42 70
32 64
83 80
77 91
52 42
39 58
91 78
97 73
39 23
54 17
33 67
5 4
14 51
71 61
73 83
97 49
100 89
60 98
97 36
98 44
81 81
87 92
92 42
24 73
94 44
98 61
85 16
16 44
21 57
22 28
100 62
19 37
100 23
74 40
17 7
36 2
66 85
100 44
27 79
99 58
84 51
9 31
46 72
98 58
66 23
44 87
33 23
93 26
40 19
95 58
55 89
24 83
65 17
51 46
3 76
92 100
100 90
45 25
81 55
41 6
11 48
30 83
15 62
90 78
8 16
86 79
34 15
38 88
98 72
71 81
91 25
71 85
11 5
99 97
79 42
56 19
32 12
16 6
64 35
99 46
88 98
23 88
16 47
59 56
46 29
5 60
49 57
95 79
88 80
87 72
86 61
69 44
42 80
91 27
27 23
79 18
50 91
93 20
63 80
79 30
82 52
89 42
96 86
46 93
13 32
59 85
77 57
84 81
52 99
61 45
2 87
100 94
83 23
34 10
72 42
12 76
20 69
67 1
23 54
6 94
92 84
1 48
96 27
24 56
42 61
89 40
86 87
46 77
13 52
77 37
41 94
36 80
15 55
24 30
34 32
17 16
63 89
62 36
20 98
79 50
43 88
94 48
44 95
49 67
63 35
71 87
50 71
1 28
40 93
46 8
68 33
87 43
81 91
63 26
30 49
58 57
55 78
73 92
51 87
25 26
96 89
75 37
77 42
24 100
95 1
64 80
19 95
55 4
14 44
62 20
30 31
75 66
3 16
30 98
36 4
10 10
48 14
21 8
86 10
53 39
50 12
26 33
40 86
59 64
81 13
48 7
53 36
6 58
36 14
44 40
45 37
61 95
73 45
20 44
86 83
10 4
9 58
83 14
93 83
3 14
20 24
41 19
36 83
11 29
54 89
8 9
88 33
85 47
56 79
23 59
53 97
35 7
6 96
55 27
35 1
41 4
84 75
47 61
52 10
4 54
45 25
98 45
1 57
79 55
6 80
31 49
60 30
4 26
81 32
27 87
54 90
38 22
34 75
48 74
22 90
25 71
30 47
68 7
53 6
40 83
76 31
46 22
25 91
38 37
57 60
71 38
8 27
16 61
47 48
23 97
99 80
26 94
53 75
17 13
72 79
70 37
4 44
93 3
34 28
40 41
2 100
61 48
43 74
3 21
34 40
72 35
25 37
41 87
83 59
15 51
66 45
4 79
38 73
98 31
76 77
33 8
92 79
51 91
62 96
95 77
27 40
40 93
45 90
58 25
86 46
65 66
39 72
58 46
3 62
30 99
72 56
37 20
44 80
83 39
47 86
40 91
72 74
36 49
87 43
94 2
25 48
51 54
73 49
12 64
12 64
30 32
85 54
62 56
60 36
61 39
19 24
43 99
34 29
31 46
59 62
34 47
32 75
91 57
56 67
51 40
98 67
99 74
96 20
11 76
8 76
89 9
34 10
32 42
93 70
25 52
44 57
78 98
80 5
93 79
90 10
53 4
42 54
13 79
40 44
63 79
45 14
7 59
74 10
48 67
2 80
92 29
90 43
69 44
27 68
12 49
13 23
94 59
92 58
88 73
19 9
43 60
58 44
74 94
100 72
15 1
72 38
84 70
69 100
59 85
66 75
65 60
2 66
45 20
71 90
98 79
51 32
61 40
52 38
16 49
77 11
52 22
41 37
48 94
35 32
51 82
2 51
70 32
64 15
96 90
79 67
85 28
92 58
45 47
24 6
53 72
35 25
53 41
13 50
75 14
2 63
25 63
17 48
44 82
74 17
21 25
