950 2
54 57
14 22
72 75
52 56
43 89
87 42
66 91
7 27
67 85
43 60
21 14
3 20
92 65
72 83
44 77
34 57
37 62
20 26
55 83
18 48
86 47
61 83
44 93
8 14
45 39
80 72
77 48
83 22
20 98
94 3
49 42
13 78
21 8
29 58
99 13
15 31
26 67
59 24
57 55
15 4
49 56
58 28
25 39
34 55
97 49
4 12
46 95
56 78
12 31
71 6
95 3
21 17
47 27
39 70
67 33
57 47
95 72
14 100
83 66
46 67
93 36
57 98
85 6
38 64
26 63
100 68
26 12
6 39
66 1
85 53
53 31
80 12
9 91
74 75
42 87
75 72
67 23
17 23
74 57
59 87
1 14
70 98
86 8
13 68
62 79
80 36
74 75
51 5
91 80
47 37
54 15
45 33
72 1
76 41
27 42
59 37
17 12
74 32
11 74
27 76
78 40
59 39
85 68
73 52
64 53
70 2
60 40
9 10
30 21
73 53
48 87
11 52
100 19
4 69
47 81
10 86
46 73
35 61
75 27
59 37
57 87
41 58
57 41
26 36
8 83
97 32
99 26
24 47
26 28
62 69
64 7
71 10
95 18
48 99
39 83
93 67
77 35
24 33
7 8
14 99
66 68
15 51
73 70
100 52
50 92
68 37
66 4
50 22
91 14
63 58
69 19
97 38
29 25
48 5
24 37
46 65
9 34
46 48
52 10
18 5
53 66
93 92
46 10
70 47
53 29
2 75
82 67
61 86
88 51
19 28
77 91
5 77
6 45
66 17
37 56
1 41
64 96
29 65
23 47
73 6
81 54
73 20
11 5
77 82
70 58
45 56
72 3
51 70
48 75
71 39
88 76
19 39
3 99
98 11
34 96
73 47
22 50
90 77
83 96
93 43
57 53
69 93
60 87
36 58
26 90
93 85
56 28
37 73
12 19
93 56
18 1
71 66
44 74
25 65
31 19
75 51
5 96
10 52
66 59
13 96
71 52
23 46
54 35
38 92
78 92
6 54
40 97
53 30
10 39
61 90
58 82
63 30
46 28
53 77
9 40
73 55
58 62
74 65
73 87
95 13
48 23
98 66
24 6
50 52
53 17
25 54
18 79
87 70
11 86
57 7
26 98
45 83
65 27
14 89
58 22
17 3
27 47
2 1
68 59
52 91
12 82
89 49
15 76
17 58
80 46
15 23
80 14
1 18
67 9
26 11
37 54
81 99
75 88
68 95
39 57
72 29
14 12
35 19
91 90
44 7
43 76
58 78
25 22
28 13
86 34
14 22
59 69
86 66
44 47
39 92
40 41
68 62
43 28
31 24
29 61
60 71
60 34
50 91
69 38
85 20
46 41
32 30
13 98
91 7
19 59
99 89
84 9
9 52
75 49
69 77
55 46
48 13
68 76
66 71
12 36
19 60
100 99
19 61
10 43
79 38
77 7
24 79
72 87
2 17
75 85
17 51
53 40
65 16
98 17
55 70
3 97
56 92
68 26
91 74
65 24
63 66
34 10
46 68
48 46
48 52
6 39
15 38
29 53
93 55
100 69
46 1
91 3
91 54
73 96
54 58
3 4
32 98
7 12
42 16
85 50
45 25
45 77
68 69
86 44
97 47
51 63
41 28
5 31
62 5
17 9
81 11
83 38
5 87
22 68
13 27
14 90
87 72
54 9
55 6
86 13
30 83
66 39
44 78
98 75
53 6
63 57
12 2
37 72
92 92
15 12
35 39
62 80
39 42
17 12
53 98
80 73
6 87
75 92
48 41
31 59
36 9
91 21
79 91
44 67
42 89
68 72
92 21
24 75
40 96
82 9
90 95
19 87
51 91
23 50
77 4
4 35
10 80
79 17
48 35
3 84
31 50
55 30
19 73
30 28
51 31
31 65
19 47
58 16
72 79
12 44
83 69
37 54
87 36
53 98
97 87
12 47
14 45
17 31
5 50
98 93
31 57
93 26
53 39
78 72
5 76
27 53
22 80
96 85
96 57
29 98
15 7
65 44
4 26
59 26
83 68
20 62
48 74
61 91
16 3
75 94
23 66
83 62
33 71
91 1
68 15
78 35
23 25
66 42
57 55
70 14
38 79
78 12
50 4
31 90
29 38
87 38
48 52
54 4
6 40
36 4
72 73
1 90
14 35
25 39
95 59
95 92
50 57
18 53
64 25
79 22
76 82
61 87
16 46
47 66
25 41
94 82
8 63
11 98
49 92
78 32
58 38
94 20
96 98
54 15
55 48
6 78
16 8
50 22
5 18
17 85
1 80
57 69
88 32
87 68
37 70
22 71
89 17
84 100
83 61
39 90
80 35
68 59
1 92
97 81
46 28
86 4
89 22
51 52
29 55
39 98
98 32
15 71
9 70
76 91
88 9
2 37
47 13
28 19
27 10
85 80
92 100
13 87
85 40
91 96
57 8
74 15
67 7
88 40
57 38
65 28
43 68
23 3
6 99
25 40
5 85
39 7
97 100
7 85
35 75
86 54
81 65
94 95
28 2
85 31
38 13
96 43
43 44
68 7
61 64
43 39
71 46
92 22
62 55
23 64
87 92
30 1
3 39
67 3
13 6
27 81
82 5
49 57
100 10
19 24
76 29
87 93
11 35
6 27
84 59
84 39
43 87
57 22
31 80
39 21
16 37
24 41
32 98
65 74
43 5
92 54
48 19
62 49
89 91
30 68
85 60
18 36
93 22
68 21
83 76
46 59
75 63
39 31
66 40
48 19
48 58
2 61
13 82
22 89
97 68
67 26
1 68
15 93
65 13
34 16
45 92
80 25
28 87
76 11
86 50
62 54
31 32
55 100
46 13
7 90
14 34
38 89
82 20
69 43
39 5
14 46
77 67
37 17
21 16
49 63
39 32
15 73
48 52
17 2
58 1
99 82
70 93
21 37
76 67
68 15
14 43
57 25
47 66
66 45
71 57
11 18
94 96
59 99
98 70
94 94
64 89
20 74
53 85
57 33
73 41
59 24
78 75
90 27
34 47
74 45
6 52
21 36
28 85
18 35
56 50
49 62
91 53
39 85
42 63
7 39
52 97
89 69
73 70
9 74
45 64
3 12
3 32
34 72
31 61
24 23
23 60
7 63
33 23
61 64
13 74
24 64
73 79
42 51
29 98
87 80
92 28
15 17
83 54
91 77
42 25
53 81
86 79
85 19
29 89
97 95
100 18
95 79
68 91
53 20
2 30
80 77
54 84
56 62
18 32
50 93
89 45
49 44
45 36
47 49
47 7
58 44
60 88
78 69
99 11
77 1
83 72
28 91
80 81
99 13
74 20
61 14
69 18
39 26
66 67
40 64
68 59
93 42
90 66
5 65
73 70
97 54
95 49
51 33
63 6
16 53
5 17
48 33
69 49
18 73
52 70
79 89
1 2
42 24
36 58
81 48
99 91
57 80
87 75
7 92
41 80
94 39
32 77
27 90
91 74
34 47
8 64
80 83
46 5
3 64
48 13
47 87
96 2
55 8
72 57
90 6
45 96
100 75
21 28
39 99
55 88
58 51
74 16
45 45
90 22
89 96
54 26
23 38
68 63
71 76
52 99
69 45
20 44
37 12
98 8
65 6
78 42
57 97
77 50
78 36
25 16
88 10
24 95
89 70
56 49
44 24
52 45
70 4
57 62
95 93
56 20
10 76
57 83
23 15
2 4
68 77
35 5
64 74
27 95
46 87
20 3
97 90
37 94
3 27
85 78
1 98
90 12
86 100
36 84
5 95
32 34
48 63
15 32
52 65
52 76
50 83
48 30
40 63
32 31
9 63
53 17
28 26
99 41
33 67
15 20
7 5
10 39
79 92
10 8
11 13
81 58
30 74
76 8
50 72
10 97
78 17
34 85
60 2
65 83
37 79
41 91
17 99
88 91
92 25
85 77
78 3
75 66
4 52
89 33
91 5
70 83
84 36
74 55
11 28
8 41
58 23
42 24
57 31
80 75
2 56
58 7
48 95
49 100
37 26
46 43
63 38
8 100
91 46
95 96
56 45
77 47
61 85
48 32
68 19
43 73
17 60
31 37
64 43
95 93
64 17
65 50
98 92
9 34
12 36
75 16
84 89
78 45
89 73
40 40
54 1
9 68
30 56
68 71
32 30
52 51
33 87
68 35
76 37
62 51
66 66
92 73
6 12
57 29
69 87
13 10
77 90
79 95
62 47
21 45
15 75
12 21
21 75
1 23
64 45
80 11
46 15
98 88
37 52
18 39
73 75
99 83
62 40
77 82
93 3
82 64
2 66
79 45
