340 2
65 26
74 32
40 5
67 29
48 35
82 36
19 87
82 61
66 68
46 73
70 66
16 76
23 2
56 79
50 48
49 79
26 23
48 86
77 54
19 59
56 89
21 18
31 54
69 31
11 23
61 44
30 33
16 69
27 79
95 78
91 97
45 44
82 61
72 96
100 5
21 18
66 3
12 59
64 11
87 4
54 17
73 38
47 3
18 96
50 85
98 74
37 35
59 29
100 47
86 28
36 13
83 37
90 32
80 10
4 96
28 24
31 95
90 16
68 56
85 96
55 60
74 82
7 55
55 82
63 96
33 61
62 83
82 18
97 7
92 13
11 85
8 38
1 71
30 66
33 32
95 60
72 23
51 3
11 83
70 58
61 92
61 80
97 45
83 29
25 96
37 19
18 42
28 76
29 79
17 18
34 17
47 98
64 62
58 99
24 59
59 33
47 58
87 44
7 22
14 85
67 68
45 24
12 13
37 68
40 56
5 30
92 49
25 68
30 75
51 92
99 69
63 70
65 39
23 3
98 96
86 37
60 43
89 81
89 76
99 72
32 48
85 65
77 40
58 97
61 8
50 74
90 93
32 88
76 23
68 44
31 17
83 82
7 20
41 40
53 11
54 92
86 91
83 61
76 38
53 96
57 83
58 68
86 9
67 98
73 67
56 28
92 54
96 11
29 74
42 80
92 38
100 82
42 75
18 91
9 15
92 72
43 96
57 23
30 81
43 81
7 12
80 36
59 28
64 63
74 55
18 52
87 26
65 75
49 46
38 99
73 80
64 87
60 73
11 91
62 71
81 81
20 18
3 6
71 92
83 16
3 4
13 96
33 23
65 53
86 54
77 8
51 24
41 11
42 63
42 76
44 14
33 75
99 97
98 6
73 90
51 57
13 81
90 86
2 85
66 2
1 92
34 81
46 66
89 62
24 35
21 85
23 62
87 83
38 93
89 76
51 55
45 91
85 17
80 39
67 26
6 45
15 59
16 76
60 20
96 43
9 24
84 28
33 27
98 31
42 30
56 60
48 87
58 88
62 64
57 28
33 93
17 50
99 43
69 62
42 7
27 86
9 2
39 91
83 76
57 77
12 33
1 61
62 10
81 88
81 24
66 4
53 11
85 74
77 5
62 34
51 51
91 53
78 98
64 86
35 61
20 96
12 59
16 97
22 38
99 30
48 50
55 65
85 32
95 7
28 20
45 97
26 50
74 48
92 19
47 42
69 58
94 95
49 63
27 41
94 2
61 72
98 12
96 8
85 64
23 67
89 29
84 77
39 60
50 35
93 54
96 87
10 24
88 49
12 34
79 90
82 78
27 85
52 86
31 14
99 74
51 23
57 43
51 90
39 33
29 75
98 5
75 41
9 81
78 44
51 52
28 3
8 84
51 26
50 19
92 16
7 46
87 10
50 34
8 58
66 60
95 92
83 8
39 65
14 12
27 95
84 47
98 97
26 89
94 61
96 81
86 81
32 78
54 47
21 62
81 21
98 77
41 75
96 70
51 57
59 61
90 8
43 47
39 67
76 75
92 99
