760 2
30 2
92 66
96 83
58 36
87 85
5 65
55 57
25 22
32 58
2 99
75 89
91 66
94 37
62 12
92 25
95 46
38 6
5 9
36 32
38 56
63 66
28 11
76 51
22 23
63 23
68 90
32 26
30 30
17 41
3 61
75 15
37 19
64 83
15 19
99 42
38 14
71 36
51 93
4 8
40 63
43 75
97 25
10 50
32 64
69 45
44 7
75 66
79 2
11 1
84 40
16 64
74 97
95 49
89 91
69 20
57 65
27 47
95 36
43 15
72 46
39 53
42 50
11 21
2 86
98 86
66 95
11 13
14 27
66 59
49 6
57 61
59 27
6 21
64 43
42 48
10 14
39 25
36 41
87 58
43 99
79 58
47 49
10 43
9 80
33 88
62 73
31 48
96 58
75 33
31 5
93 89
43 67
30 71
56 72
4 19
63 88
45 6
36 26
82 66
94 59
90 18
83 59
46 25
16 60
3 36
84 84
12 18
59 68
87 86
77 40
30 13
52 11
89 46
24 1
55 5
52 36
100 12
74 78
100 74
17 99
63 96
78 93
68 97
94 55
31 30
66 50
1 73
34 43
100 44
11 56
79 11
76 19
67 56
73 54
64 40
13 4
80 43
7 92
84 75
47 74
64 56
18 52
15 59
91 28
26 54
13 5
13 90
92 3
46 51
98 83
95 88
96 12
90 29
33 58
67 72
23 79
75 24
33 84
65 64
90 70
75 98
2 63
14 54
27 36
7 18
21 22
48 85
35 36
85 94
97 34
97 69
42 74
10 44
20 41
36 72
97 37
32 20
12 49
13 41
86 70
98 66
43 67
38 11
95 95
93 7
56 26
70 77
78 18
89 13
72 96
25 97
69 50
53 21
93 98
16 33
65 69
28 66
86 43
50 23
20 86
79 94
94 17
31 52
31 79
53 25
29 10
7 51
61 98
57 12
64 71
11 51
100 82
5 75
83 100
10 28
24 83
76 36
74 35
74 73
79 47
15 5
95 1
41 70
88 15
94 84
1 36
52 49
52 50
24 90
35 21
55 70
79 39
20 16
20 25
86 54
15 46
41 29
73 100
5 68
68 48
58 44
58 47
12 90
87 12
13 10
7 18
6 4
21 12
7 11
80 58
48 76
87 25
26 97
77 65
12 32
54 83
15 77
72 25
67 69
51 20
66 50
93 53
55 8
76 68
70 22
40 4
65 35
56 58
79 28
37 44
84 18
74 83
18 58
71 33
20 61
51 54
83 31
47 79
35 93
67 93
3 58
39 16
97 13
74 93
44 58
57 77
96 51
69 77
25 91
88 54
23 15
85 66
84 38
97 57
16 62
15 10
82 62
61 72
63 43
5 54
52 53
77 93
49 94
96 55
65 41
50 49
5 92
42 76
66 20
67 7
15 79
59 34
81 89
60 99
46 22
17 7
20 76
8 29
23 50
39 48
3 56
67 100
61 93
79 67
66 57
27 27
37 22
32 8
41 96
77 57
83 62
88 21
49 23
50 79
100 96
27 21
73 72
23 38
63 97
68 37
33 54
37 18
68 73
52 88
11 49
12 47
61 6
84 100
99 39
77 61
9 18
79 39
49 60
15 48
15 29
87 27
13 44
62 83
10 61
33 82
59 26
74 40
16 63
49 25
90 41
95 17
31 96
45 24
28 85
75 23
28 59
51 66
75 60
97 19
1 29
76 33
28 61
6 82
89 68
22 2
38 97
80 4
34 75
29 66
42 81
89 35
2 55
55 71
71 66
61 2
17 95
50 85
39 80
94 71
61 47
59 19
46 17
94 33
97 18
86 97
38 81
19 20
76 73
97 36
17 93
27 63
75 90
8 34
70 88
50 72
48 24
38 86
38 71
88 41
85 82
50 24
21 80
98 46
75 33
28 90
8 27
97 54
9 10
86 18
32 13
15 34
71 2
64 37
48 66
10 42
91 10
53 29
30 54
56 32
62 21
76 54
69 53
11 96
21 81
60 77
8 63
82 15
8 55
11 60
37 95
74 84
40 68
15 91
37 82
58 98
98 93
68 44
29 96
13 36
73 45
84 45
27 60
49 67
56 72
7 63
18 40
44 89
23 48
35 3
93 43
47 98
5 59
28 72
34 81
75 38
31 9
31 41
56 93
41 97
44 45
1 56
52 88
64 12
60 22
61 19
89 98
91 99
32 51
68 27
34 27
74 12
77 87
76 62
23 93
66 59
98 76
72 81
86 30
63 65
61 4
81 42
71 22
51 81
78 77
48 70
51 93
44 95
40 65
87 20
50 13
4 36
79 74
1 25
50 9
7 97
24 99
10 50
50 32
94 53
40 49
84 6
56 26
86 30
31 63
77 6
83 98
65 70
9 32
36 48
46 39
82 97
22 37
84 35
3 85
52 83
89 46
17 72
71 81
45 50
36 38
41 53
42 20
15 75
74 92
70 9
86 27
37 85
32 38
13 12
94 45
34 23
54 84
71 72
48 40
37 15
73 56
55 8
7 42
75 55
98 32
28 20
60 97
42 34
30 99
52 20
82 38
21 10
7 19
55 66
74 4
32 17
82 16
10 32
28 81
97 12
54 61
85 91
71 15
68 59
97 47
35 98
35 40
10 68
80 64
73 51
7 68
84 96
86 76
81 90
38 78
74 79
32 37
27 7
77 59
38 25
96 2
26 30
69 34
31 84
49 14
72 42
42 58
70 68
68 58
41 28
26 87
40 31
66 86
37 63
26 53
85 38
60 89
79 65
45 3
56 51
61 91
79 65
56 54
46 20
37 33
72 9
99 43
64 34
98 62
91 92
23 16
8 51
62 34
94 98
81 81
69 34
31 24
31 10
30 30
89 100
33 51
1 48
6 94
32 34
98 53
82 7
99 28
98 41
32 27
37 15
69 83
59 51
4 74
69 60
59 31
30 62
35 22
87 45
33 81
93 15
70 76
72 47
53 94
68 30
45 77
72 79
79 5
76 28
38 67
94 18
55 90
61 1
78 54
50 13
84 7
63 74
27 31
3 2
55 53
92 53
46 28
16 29
71 17
38 50
13 14
56 1
41 75
46 71
52 66
78 13
63 47
33 8
76 28
56 90
46 80
95 26
40 22
85 36
10 79
3 74
79 22
73 73
59 19
15 11
33 51
27 6
66 49
17 12
16 84
35 90
61 37
45 94
91 84
76 14
98 42
2 50
31 94
29 35
91 17
85 82
93 15
63 67
5 28
91 24
76 92
50 26
24 2
68 8
33 66
39 42
73 27
76 61
17 79
58 63
63 33
80 56
93 53
69 1
59 92
79 98
37 76
99 31
3 73
7 51
92 79
7 77
53 43
28 65
8 45
45 68
77 28
33 2
73 92
91 41
52 45
91 41
47 89
95 20
20 20
65 77
62 94
80 19
67 85
5 26
11 52
15 3
81 6
67 52
65 66
51 15
