500
58 96 160
7 87 95
37 27 69
62 99 343
56 176 396
62 93 157
84 84 190
36 191 233
57 170 236
9 143 152
44 172 336
52 0 72
100 13 122
40 150 193
29 135 207
22 86 170
26 48 85
67 18 89
48 30 84
79 105 188
17 124 182
49 60 112
43 18 73
92 10 138
52 143 196
15 137 156
6 177 251
21 193 222
97 69 202
59 113 208
80 1 267
40 12 64
56 37 195
84 83 171
33 65 105
84 4 205
87 73 169
14 72 113
43 118 244
89 137 237
45 68 122
60 83 162
24 57 89
20 141 209
16 94 141
79 183 272
30 153 226
10 126 266
98 108 211
97 197 311
43 95 276
47 92 163
29 164 376
65 187 376
49 164 393
77 58 137
20 4 30
63 120 193
71 77 158
99 153 254
13 5 45
38 142 185
43 45 126
38 151 270
64 6 102
23 162 227
35 192 246
66 114 220
40 23 69
43 196 248
48 130 216
56 24 198
64 176 276
68 197 266
71 87 186
16 2 61
6 70 81
13 190 239
72 143 266
30 150 185
39 127 173
93 13 159
34 50 87
32 153 204
70 139 212
93 143 254
92 119 211
82 139 224
16 135 173
22 154 187
2 61 68
41 200 384
49 149 241
63 100 164
89 84 203
45 194 267
20 67 114
61 191 260
97 82 282
10 140 158
88 38 198
33 7 71
82 69 154
31 89 126
61 69 241
2 13 24
23 198 249
32 28 243
10 172 299
23 132 285
72 77 246
17 192 209
27 35 78
28 177 209
86 22 305
97 82 182
63 170 233
46 156 236
86 99 196
38 153 207
75 110 253
100 104 206
44 44 138
5 90 137
61 183 247
2 130 188
87 23 161
27 39 120
4 119 124
94 157 251
65 106 217
10 125 210
4 84 89
24 27 57
26 57 170
61 61 128
65 34 100
87 172 292
48 60 125
39 54 267
55 93 148
36 156 262
11 157 176
83 10 119
76 198 418
26 41 158
7 64 104
72 157 238
29 150 249
57 23 123
1 107 293
60 85 190
93 105 346
61 40 132
1 106 111
65 79 188
58 75 156
24 175 383
89 67 161
96 182 442
94 32 130
69 145 218
81 164 298
83 21 121
73 130 246
18 142 166
2 27 38
19 15 58
73 42 118
81 131 219
69 171 250
95 150 252
42 134 178
34 114 148
60 172 239
99 137 244
84 177 434
100 85 368
9 138 200
17 195 220
98 181 387
65 136 330
64 170 238
46 71 156
59 94 179
15 145 182
18 110 137
18 194 239
50 31 84
53 24 237
43 4 51
27 17 82
48 153 204
2 159 221
11 189 207
28 98 148
79 173 445
89 101 221
6 138 179
37 42 180
64 76 143
61 198 262
28 173 336
35 172 207
1 15 26
35 13 238
26 181 227
90 21 223
77 69 149
93 54 150
76 85 161
79 105 206
10 92 108
28 141 171
2 197 351
97 147 279
72 10 87
28 146 184
98 98 353
98 20 122
43 131 295
54 159 236
53 151 243
34 189 358
77 139 258
74 86 169
54 54 148
92 135 229
49 122 202
26 59 91
59 107 171
12 28 85
55 166 246
68 53 121
50 57 155
59 179 399
17 46 65
93 155 255
35 188 339
57 164 405
20 155 365
18 42 60
7 22 39
65 186 254
78 26 151
49 45 99
17 25 69
33 154 187
27 27 72
67 59 163
81 31 150
23 66 97
18 152 177
12 179 196
64 62 132
52 86 304
40 137 194
29 115 329
45 18 89
70 32 162
41 76 126
14 44 63
2 191 236
34 110 164
70 142 347
75 92 263
50 33 104
59 138 206
9 116 325
28 27 60
43 85 135
29 118 157
44 63 108
31 170 390
53 75 154
40 139 195
95 109 328
13 74 111
77 112 208
84 167 259
50 38 123
97 83 186
41 45 86
39 21 61
68 191 322
78 98 199
79 163 283
43 61 109
61 119 213
90 138 230
9 142 271
96 145 289
8 57 113
62 21 87
48 76 130
91 78 186
66 129 328
3 30 42
95 142 241
69 139 375
4 100 113
1 36 40
31 123 165
4 161 166
23 97 164
67 123 237
72 149 257
59 197 266
42 70 277
86 37 128
40 71 114
83 35 118
96 83 206
4 42 56
92 175 275
94 49 143
24 54 82
59 56 115
27 37 83
78 159 282
69 15 205
24 167 200
70 45 133
96 69 169
59 30 90
49 35 188
76 164 413
8 3 17
54 151 213
36 192 241
1 42 43
43 134 209
97 106 265
5 36 47
74 18 100
97 16 116
23 33 192
1 1 67
26 18 47
33 20 89
36 20 66
87 56 316
38 104 142
26 71 99
10 150 186
74 193 277
86 182 395
19 113 137
20 2 57
42 99 185
80 115 204
53 7 97
46 16 109
72 15 97
38 191 298
20 179 200
76 33 130
42 51 143
97 188 285
15 38 65
77 74 152
73 102 176
70 36 131
61 142 209
67 116 183
17 38 64
4 34 43
84 79 167
32 25 97
98 56 165
8 96 131
39 14 53
40 76 117
1 55 194
13 190 211
43 169 225
55 141 226
81 51 160
23 173 203
59 48 108
68 124 335
10 2 64
100 129 242
4 94 146
41 53 98
41 21 70
4 140 231
59 42 253
33 94 153
94 32 126
9 23 53
2 53 73
62 31 168
82 53 145
66 68 144
14 4 40
59 69 133
69 199 302
31 63 94
18 84 208
52 195 382
44 110 170
41 135 216
26 12 161
95 176 278
85 119 248
46 45 98
45 4 49
63 77 218
33 73 132
11 143 164
39 31 138
60 47 122
96 102 281
10 131 142
97 168 356
99 88 197
66 68 136
90 43 134
93 21 118
99 17 122
16 113 133
96 34 138
18 74 162
65 18 220
21 26 57
89 137 380
41 199 262
54 168 242
62 162 225
52 111 167
90 61 191
74 46 123
55 81 138
5 52 105
30 98 296
12 200 212
31 86 201
98 196 296
48 185 360
55 106 167
57 95 159
39 166 215
51 128 182
97 102 218
52 176 324
26 132 302
35 143 181
10 182 261
16 1 19
25 164 195
60 196 261
13 75 196
28 3 74
41 59 105
14 69 128
93 91 232
63 39 109
11 123 136
19 95 150
88 166 257
64 76 337
3 159 165
55 154 253
2 176 185
40 194 242
48 53 151
82 116 200
59 117 305
68 15 115
5 124 136
82 139 261
94 0 133
68 106 177
48 130 378
14 144 160
4 114 156
21 43 66
23 198 243
92 200 294
80 184 378
67 39 107
40 27 77
32 50 209
52 128 250
74 28 114
26 104 134
49 21 132
3 151 156
16 138 158
89 55 150
30 105 142
92 185 316
82 7 98
96 4 114
28 145 183
14 188 236
34 92 271
64 65 219
23 86 172
