850
17 91 263
26 99 135
28 86 118
3 96 105
45 0 48
80 15 103
56 23 89
59 146 221
63 56 124
61 132 360
92 40 318
5 48 230
81 113 199
91 81 177
47 15 87
75 60 256
55 184 289
79 21 205
6 177 277
48 147 198
98 10 151
67 155 225
41 110 199
41 30 105
92 13 111
66 15 90
21 32 59
33 42 120
13 10 154
89 18 144
52 120 188
58 116 223
28 76 140
49 28 121
57 53 285
64 30 102
57 93 157
60 57 195
7 184 236
98 74 201
76 102 215
54 76 148
99 41 158
24 192 222
85 81 237
14 14 37
76 62 237
88 162 270
71 161 267
42 97 165
24 16 64
57 30 96
83 78 163
58 114 180
41 86 287
13 48 66
39 23 84
99 28 136
31 54 169
69 27 111
14 1 16
23 157 256
14 130 220
73 198 276
92 113 241
58 30 107
92 164 262
82 154 271
31 34 71
17 80 182
38 45 105
42 112 201
25 114 179
55 96 159
83 141 267
25 135 166
48 187 342
6 152 300
14 168 203
53 120 198
66 198 280
19 175 199
17 154 182
85 126 217
83 122 208
6 103 119
66 8 126
40 107 156
19 179 305
62 163 234
88 180 307
70 171 251
84 108 232
6 192 205
60 131 202
2 76 104
2 69 194
7 58 66
43 35 93
4 93 106
34 89 152
70 24 294
54 89 143
34 144 215
92 57 153
65 135 205
55 5 65
3 9 95
6 110 173
80 57 174
83 177 318
50 33 93
17 198 224
12 99 145
46 78 173
19 58 260
40 157 208
73 143 250
42 87 226
69 20 236
76 21 103
46 137 289
70 51 131
85 68 241
57 1 206
6 189 261
39 109 156
85 148 260
27 14 46
77 170 248
49 56 108
100 195 309
92 7 216
14 128 279
13 180 234
15 64 87
17 84 107
75 127 207
85 118 207
32 145 217
3 78 85
9 56 70
26 44 71
23 151 195
68 150 345
47 0 50
31 93 247
18 77 146
38 6 49
40 18 64
100 4 115
5 152 321
80 7 104
44 19 97
59 114 205
12 61 79
25 20 47
92 89 184
87 199 291
27 100 135
2 42 94
17 85 146
18 46 229
68 140 217
71 102 198
28 82 257
98 78 300
100 111 316
71 19 102
60 51 121
37 155 197
68 139 213
8 89 98
97 4 105
50 137 193
28 52 89
46 82 146
38 82 144
40 50 218
38 89 289
5 175 212
55 35 105
38 185 229
35 45 82
98 30 174
21 88 117
42 191 237
27 36 122
19 196 218
90 67 203
20 1 24
96 81 297
47 85 215
51 122 204
62 38 100
32 196 425
34 36 74
29 101 138
31 5 117
36 22 63
9 108 164
90 57 153
65 134 235
81 91 217
23 22 53
50 106 158
52 126 298
17 98 296
68 110 208
76 64 285
58 158 217
5 124 131
70 25 109
11 130 216
13 37 84
29 198 363
69 82 154
50 174 271
16 102 165
70 62 274
2 57 69
38 90 143
3 125 167
85 187 324
7 160 188
45 200 392
1 107 137
63 130 217
54 25 81
12 18 33
80 93 192
78 175 263
85 72 184
6 99 125
71 183 263
99 127 290
6 34 206
86 117 241
27 32 62
79 25 136
9 31 158
53 21 74
4 42 47
74 91 166
15 169 190
39 176 218
24 22 84
83 167 250
94 177 312
31 5 40
64 200 267
94 149 384
65 78 256
50 157 387
49 134 233
49 156 370
98 5 108
21 118 145
57 71 129
78 166 247
17 28 48
24 52 266
69 187 257
10 29 49
65 117 195
50 135 217
17 62 82
40 117 172
97 5 102
68 44 149
89 190 325
86 161 251
57 103 324
32 88 138
91 34 261
77 84 170
84 106 264
80 120 243
93 140 243
65 118 232
37 100 140
29 148 185
17 188 272
62 11 83
39 14 59
56 41 101
96 113 211
37 95 142
74 33 113
14 77 97
65 18 90
89 17 110
77 41 157
33 20 56
56 72 262
54 16 74
87 54 171
52 77 137
31 81 254
64 119 370
10 114 171
77 123 232
41 9 52
5 103 124
1 146 224
81 118 280
78 49 135
52 197 256
42 166 214
67 67 134
35 104 170
44 46 98
79 19 105
92 185 279
26 62 124
60 34 226
32 190 232
88 113 388
26 93 162
97 194 323
12 34 49
27 113 145
22 199 261
29 62 102
72 10 124
4 72 178
49 162 308
4 115 119
8 195 310
77 19 112
59 148 289
85 16 271
67 37 183
99 11 115
44 100 145
35 12 56
70 15 92
16 110 155
62 94 158
67 119 195
36 183 256
34 49 92
34 78 122
4 180 194
14 94 109
87 122 312
64 103 265
15 24 165
16 81 294
54 155 309
25 97 168
89 18 112
47 166 355
31 26 102
47 116 170
72 19 117
24 106 148
61 41 112
26 33 105
99 35 182
5 66 221
70 163 319
38 15 183
88 174 447
79 118 205
31 16 53
21 179 323
87 83 171
57 170 233
81 174 269
88 12 174
93 157 259
6 129 139
36 84 152
75 166 245
91 1 144
86 2 103
90 180 280
31 177 350
76 122 204
23 81 108
80 87 177
63 156 345
38 152 202
81 44 155
98 15 115
35 27 201
45 19 65
55 117 181
23 37 103
25 167 202
42 47 99
94 126 251
20 23 70
13 64 83
20 39 89
68 115 231
37 166 217
8 12 21
79 181 283
84 118 226
73 138 249
97 36 149
66 22 173
48 87 179
37 167 285
95 81 178
60 77 141
46 16 68
100 94 200
60 98 162
19 22 88
48 168 266
85 138 245
46 81 217
24 30 74
85 178 310
38 125 168
51 194 254
31 18 81
58 42 122
28 143 242
79 43 245
32 122 154
51 122 174
21 87 263
75 0 80
30 49 164
45 163 212
17 51 82
47 119 171
97 135 379
17 51 78
3 37 46
68 108 203
12 68 82
8 122 149
91 6 103
48 90 296
3 68 72
38 28 184
35 76 290
74 178 262
72 192 458
69 69 139
63 161 253
46 197 355
3 80 84
96 43 147
24 168 290
82 157 373
77 85 169
29 150 199
75 159 237
28 126 163
93 102 199
85 191 278
80 16 134
28 43 123
38 23 105
87 167 261
82 126 216
98 19 119
89 72 168
55 142 354
77 34 117
71 183 430
75 121 197
7 117 151
100 36 138
70 179 351
7 132 187
61 69 141
37 125 167
35 24 238
12 198 219
48 43 94
26 31 63
3 106 111
13 75 129
91 63 158
14 114 138
2 5 109
8 58 227
91 175 385
67 126 213
23 55 87
68 179 283
54 127 185
76 60 155
50 54 151
7 53 65
90 190 421
100 38 145
55 76 131
79 150 294
4 146 179
89 197 295
13 139 201
52 110 168
42 31 76
78 58 329
16 129 152
42 194 271
2 21 29
82 32 122
28 1 57
53 192 282
19 73 96
94 83 354
60 68 135
78 77 204
56 126 310
64 64 151
11 113 127
21 143 171
66 115 183
40 17 62
18 158 184
62 152 236
56 83 181
23 142 190
87 92 189
55 59 164
95 159 342
100 194 435
22 100 163
34 57 199
18 80 136
74 92 213
100 109 340
63 86 149
81 98 180
35 22 146
59 197 294
52 81 143
28 31 217
28 186 363
92 176 281
70 174 400
86 182 410
54 77 181
11 81 95
23 92 120
44 24 73
71 81 160
38 34 188
36 27 70
76 116 241
36 64 112
66 131 222
83 124 238
24 142 171
43 46 95
52 105 303
48 30 96
33 67 108
12 13 32
45 191 423
22 66 125
86 1 249
51 43 154
15 150 352
85 71 230
50 188 239
43 119 185
17 138 278
52 45 99
10 6 48
100 30 159
15 70 125
80 25 110
59 98 353
43 55 129
78 36 119
35 151 285
61 76 154
56 16 79
81 69 160
28 5 40
92 164 264
19 31 63
51 84 242
40 44 92
39 195 239
34 195 241
74 152 228
35 8 71
20 170 351
40 28 169
22 151 173
1 123 130
83 176 265
4 28 35
70 158 333
59 94 166
23 188 375
99 189 307
7 19 31
79 39 124
11 79 101
100 182 293
17 39 93
14 183 197
1 109 113
64 22 122
22 51 80
38 2 48
77 60 139
37 99 166
28 168 208
80 18 264
54 147 321
59 94 175
74 55 129
83 51 333
54 83 178
73 183 265
22 109 258
71 13 214
49 170 226
37 116 154
58 133 198
53 130 203
56 145 217
37 172 254
35 11 56
54 47 128
38 24 62
72 110 187
48 101 151
97 196 302
73 42 124
24 0 159
60 178 281
76 105 184
80 138 219
87 101 289
40 141 210
88 164 270
6 184 254
42 140 189
12 20 68
59 105 167
16 43 106
73 29 104
24 157 212
39 113 301
33 130 184
68 82 156
28 113 203
90 53 149
2 197 207
5 163 341
81 7 286
21 12 33
100 170 272
46 191 244
90 157 408
18 147 324
10 20 57
75 106 186
84 83 172
34 36 112
45 158 235
5 166 314
79 10 97
98 94 268
67 8 81
71 181 255
7 33 75
96 4 101
29 45 77
92 136 264
97 171 276
75 32 117
69 115 298
90 147 239
42 43 143
100 16 205
85 198 291
44 125 170
33 81 119
37 110 156
22 90 120
28 181 254
100 158 433
55 54 116
23 50 116
82 93 177
5 103 113
77 17 158
6 160 166
100 124 380
85 46 174
41 161 209
28 25 57
45 110 193
21 71 115
57 125 216
5 104 114
87 50 147
89 175 306
40 118 194
58 80 147
75 66 147
55 114 201
100 81 189
79 12 139
53 36 237
12 168 340
74 59 165
43 140 232
29 61 138
22 102 282
100 142 269
18 126 151
52 26 110
54 100 185
31 171 210
6 57 108
39 135 217
20 42 65
49 129 188
17 117 140
63 137 229
59 169 278
30 165 201
56 7 226
47 166 214
29 172 379
24 110 169
37 64 142
45 124 280
94 177 298
24 86 117
99 1 148
27 48 77
58 162 244
70 143 220
12 15 33
90 32 226
64 113 368
73 150 246
39 186 313
49 4 62
26 193 226
67 69 140
52 22 87
28 104 144
76 162 241
14 110 134
86 181 288
78 38 120
51 105 300
76 158 251
4 168 196
74 180 424
68 185 254
52 187 309
31 73 117
14 53 73
54 165 381
62 172 250
75 23 99
31 169 207
74 89 172
38 195 236
66 23 193
28 12 46
81 47 134
86 108 202
31 100 138
20 128 148
53 116 174
32 128 167
23 59 114
46 190 338
51 160 243
2 165 275
8 143 159
76 149 233
36 148 194
21 60 222
58 185 278
69 168 241
85 185 301
72 40 112
86 167 275
94 120 216
47 53 110
64 110 182
18 55 97
21 195 220
4 0 195
84 77 262
17 148 173
78 13 96
4 113 292
92 16 135
40 91 139
50 65 126
51 200 293
29 60 157
14 52 72
90 191 366
23 59 91
58 54 220
42 34 270
9 146 210
24 12 146
18 103 157
78 56 182
14 165 245
22 22 50
89 146 390
38 115 195
84 0 94
56 152 215
52 144 205
89 12 108
1 59 62
32 5 66
28 36 71
79 135 222
51 142 200
62 123 345
26 85 112
26 161 375
41 73 156
45 198 254
21 59 125
46 126 221
68 162 236
74 147 253
19 62 131
36 125 187
37 165 219
3 29 35
20 124 152
39 190 233
77 150 233
23 60 88
96 46 151
56 151 214
25 199 271
81 200 287
85 66 183
54 91 157
55 58 259
