460
43 65 122
66 43 115
58 7 65
13 84 237
37 166 212
44 149 333
87 4 101
81 115 199
74 147 394
89 171 291
5 129 140
58 175 234
31 25 64
23 93 148
56 64 163
35 128 168
21 78 197
80 73 155
34 168 248
43 135 180
20 186 213
11 55 69
98 60 260
60 15 80
96 152 256
44 169 408
46 130 180
75 160 420
88 146 235
76 168 252
25 139 307
98 97 240
91 192 291
15 118 324
23 162 190
100 17 147
7 132 164
2 129 135
10 140 156
40 0 42
56 183 249
96 139 242
45 5 78
71 16 107
31 0 111
25 160 211
6 53 193
18 14 78
38 58 158
3 135 157
6 175 204
5 124 167
16 15 32
6 50 61
48 188 242
24 3 137
42 106 191
26 52 78
19 10 64
42 81 132
16 37 80
96 52 193
65 16 87
52 147 238
27 179 248
52 177 273
46 54 101
36 110 154
94 114 218
97 32 137
86 176 265
16 149 205
33 23 93
41 31 78
14 192 230
5 188 226
85 52 328
74 4 100
78 90 198
82 100 229
12 157 243
35 170 212
62 143 329
29 198 275
90 46 176
64 93 197
66 157 230
91 28 163
79 41 285
41 165 271
47 92 145
88 72 162
50 111 180
80 69 157
19 51 95
9 177 193
73 82 161
84 50 137
6 142 157
31 185 220
54 140 208
42 186 273
16 190 303
31 44 94
53 68 217
14 133 205
63 109 228
37 194 274
97 119 222
52 142 312
24 154 195
87 153 249
99 158 262
79 2 108
26 126 345
41 99 167
44 122 203
38 79 158
46 69 119
26 196 232
97 80 325
80 52 161
79 94 178
54 136 263
30 13 46
70 165 244
75 29 198
66 87 188
71 173 261
41 84 282
35 153 189
54 136 284
13 83 130
62 16 276
21 156 180
70 8 237
34 80 261
24 37 222
57 93 186
88 175 313
78 177 258
61 150 232
90 94 192
99 135 234
31 200 265
40 99 332
92 85 186
6 100 293
7 79 94
37 51 158
35 122 188
35 113 172
41 192 240
76 156 242
38 178 231
82 93 181
79 93 180
31 145 179
12 121 278
82 167 379
12 50 72
86 129 219
1 159 183
7 121 133
96 142 270
44 113 162
81 22 104
75 7 86
21 82 129
8 193 210
59 51 300
33 198 308
27 39 115
8 154 172
19 39 104
62 16 211
26 96 122
58 1 61
23 83 108
87 174 307
34 52 103
14 73 171
13 162 293
98 63 175
51 27 87
22 160 184
92 79 181
46 61 264
46 113 200
57 58 117
34 30 114
21 145 204
96 127 229
66 158 229
25 128 306
4 50 63
91 139 247
61 21 88
57 191 271
85 20 266
42 172 409
75 119 286
82 152 380
97 122 219
33 198 231
1 171 175
67 90 202
40 165 212
15 94 262
68 102 353
35 189 232
8 171 182
67 86 305
30 18 225
40 152 199
63 13 84
79 33 112
99 35 243
36 125 162
54 33 96
26 141 179
84 198 285
16 41 252
73 138 246
82 5 122
52 120 178
43 85 156
1 52 182
64 164 244
22 137 173
43 118 327
55 32 90
59 12 75
91 174 301
62 183 394
93 183 279
72 172 250
99 19 276
97 115 216
15 14 37
93 78 244
51 24 80
69 117 193
35 147 188
63 32 101
67 174 265
56 40 104
73 98 172
30 15 95
17 7 26
30 94 131
33 172 207
82 112 197
35 133 170
89 63 159
86 82 169
97 52 156
84 106 284
7 111 119
42 43 127
89 176 296
50 185 240
13 150 189
20 115 144
2 15 188
68 144 216
27 28 65
55 114 176
99 76 207
56 185 247
16 41 67
22 88 152
79 64 190
2 31 35
63 111 182
76 179 287
43 46 102
55 199 262
85 134 263
33 36 71
20 116 152
86 185 343
78 69 155
32 7 123
1 9 150
56 3 72
66 187 436
72 195 303
24 3 68
49 22 115
60 189 258
61 60 129
96 53 156
11 184 216
29 66 251
36 175 220
69 179 415
57 2 238
95 181 286
65 157 229
27 65 99
36 58 94
8 62 98
35 129 178
48 38 89
98 48 147
85 196 286
46 77 148
39 78 188
9 39 57
80 50 136
52 23 114
42 170 230
64 83 157
13 196 217
7 149 192
11 49 82
1 195 206
52 36 154
41 199 334
47 189 319
16 86 146
83 178 366
34 36 93
10 12 142
73 67 143
81 193 473
99 107 212
69 31 107
81 172 269
66 56 223
43 8 85
29 45 121
34 120 167
50 83 134
7 144 151
35 174 224
30 23 53
54 28 85
3 46 208
77 1 102
27 17 93
4 5 156
17 184 209
59 198 261
51 181 396
11 120 138
33 90 169
5 138 291
54 108 167
84 105 216
71 94 165
60 0 87
78 67 236
24 111 138
79 185 395
62 48 150
47 113 255
6 91 105
86 130 218
14 0 175
41 192 235
92 184 432
85 4 123
91 37 136
55 102 188
9 54 180
19 157 186
31 200 241
26 71 173
15 12 35
18 154 179
56 59 122
30 44 129
100 113 218
100 35 161
3 63 73
7 5 62
72 29 284
84 172 314
25 169 207
6 106 144
82 103 204
17 129 266
37 78 160
31 97 164
81 188 279
13 59 242
100 7 117
54 23 124
21 91 289
83 70 189
22 52 120
93 53 152
8 8 32
80 172 388
7 72 86
2 148 249
63 42 152
35 112 163
61 47 108
60 189 291
80 59 143
29 80 112
38 183 401
4 127 166
18 67 86
18 93 119
35 15 62
36 13 105
77 99 230
34 184 228
30 86 147
40 101 147
20 26 77
4 155 189
16 133 156
88 92 318
43 17 89
7 13 43
97 95 238
89 111 371
81 118 200
14 26 151
26 136 254
8 45 57
100 37 144
19 44 96
88 26 151
48 1 83
61 95 224
95 136 255
48 179 232
82 189 308
46 200 277
53 10 113
44 59 108
27 82 128
27 17 44
42 29 154
19 21 63
64 160 261
59 103 186
29 194 223
87 22 115
72 45 148
18 199 310
70 196 288
23 56 156
4 63 74
53 159 237
13 129 150
88 136 253
15 63 175
6 45 69
5 181 303
68 103 205
35 57 93
4 39 43
10 17 181
