340
94 39 182
44 181 275
30 167 198
77 168 295
37 182 230
58 127 190
12 26 46
9 138 203
35 30 90
2 89 93
17 49 264
91 178 269
17 44 247
45 155 246
52 68 259
28 28 63
78 114 357
89 43 272
35 187 229
75 191 283
17 74 137
87 133 259
9 173 213
49 69 155
13 177 199
46 167 374
22 98 125
89 129 223
16 140 203
61 29 116
58 96 201
17 23 41
37 167 212
53 13 110
13 90 150
32 6 62
48 18 112
41 62 105
82 102 193
56 99 165
13 14 59
87 149 241
54 105 208
23 150 175
71 115 187
76 176 252
23 87 154
55 64 162
59 185 247
59 174 239
29 173 397
24 109 137
84 126 402
15 3 21
48 148 246
44 4 54
96 174 295
67 147 410
58 166 262
29 136 167
34 105 147
69 86 174
89 195 284
84 147 241
92 97 191
59 191 291
3 176 280
11 68 82
44 3 47
79 51 211
24 177 208
99 80 266
85 91 212
22 53 80
25 151 179
29 33 72
67 103 311
39 97 154
60 102 325
11 61 121
1 63 114
15 199 237
51 106 158
80 171 258
40 140 248
64 194 261
58 47 111
27 117 251
62 51 116
36 60 288
1 35 36
32 121 156
60 42 288
45 93 170
3 1 8
7 84 99
47 103 196
29 170 346
58 20 85
93 58 151
53 11 93
58 47 168
73 94 292
100 104 206
28 14 118
50 45 99
26 141 194
90 55 172
18 177 227
96 167 275
73 87 166
77 41 126
41 26 104
26 26 81
46 85 206
53 110 186
37 177 218
72 34 128
11 57 72
4 13 32
54 33 95
24 191 225
70 155 385
99 55 156
99 120 263
31 41 93
85 21 115
72 196 317
54 4 151
63 197 303
73 137 242
82 90 179
96 112 212
70 69 259
93 110 271
56 98 308
35 70 226
28 180 209
5 19 31
26 19 48
63 133 255
45 60 133
99 106 319
97 177 282
72 109 313
11 137 150
71 131 287
21 157 181
4 40 241
50 54 243
84 27 115
40 185 234
62 13 75
5 166 190
25 190 280
75 151 380
92 57 170
40 8 57
49 145 312
83 177 264
6 50 73
82 76 163
35 31 96
85 120 214
93 188 320
14 144 219
2 36 208
76 158 243
62 174 306
43 16 59
28 126 231
86 198 330
30 40 73
84 146 232
92 173 270
96 126 266
33 26 64
100 172 305
18 29 51
27 169 205
15 77 133
17 77 248
93 168 289
37 43 136
80 113 224
7 55 71
98 175 396
94 63 271
53 84 145
97 196 294
95 33 161
33 84 142
11 156 169
63 181 246
77 200 281
54 16 120
43 174 259
84 185 279
99 54 164
35 49 267
51 111 162
90 178 383
92 25 119
75 132 213
24 39 72
3 48 193
71 115 276
19 64 93
72 60 135
33 20 199
95 161 398
88 35 240
75 134 215
91 120 254
11 151 198
66 177 244
8 116 173
19 193 259
32 20 62
72 141 238
20 179 243
15 169 227
91 21 153
66 4 115
68 161 231
99 69 320
97 194 326
35 153 204
71 88 203
42 152 226
46 30 213
94 30 184
34 190 235
25 80 185
58 124 182
67 98 178
43 141 186
49 30 94
37 134 179
85 178 264
8 5 16
9 57 115
47 103 158
36 196 252
98 62 281
19 159 212
25 193 332
78 16 102
51 181 235
72 90 238
65 41 107
86 16 102
80 54 144
58 190 273
19 93 136
29 62 122
60 120 185
16 25 85
70 82 260
20 181 203
12 152 341
80 5 92
57 57 115
91 57 317
64 99 216
58 43 102
97 35 160
71 184 286
12 67 208
79 92 216
44 18 70
22 72 103
25 116 142
58 4 98
41 15 63
84 170 261
50 96 151
47 15 67
51 158 217
29 146 195
73 149 268
39 79 238
68 53 165
8 3 18
58 10 110
7 75 246
89 4 94
82 106 386
33 141 206
76 192 272
45 89 164
2 85 87
89 80 314
21 171 202
77 58 137
73 132 213
26 114 218
51 119 207
89 49 148
25 152 181
87 106 337
24 114 272
41 99 185
53 84 138
8 0 9
75 144 219
72 152 232
70 194 391
19 159 211
11 22 48
32 105 149
60 69 136
2 8 26
34 8 50
5 155 189
15 12 31
14 4 22
45 31 168
50 134 193
26 54 268
69 172 392
34 31 67
50 61 294
63 123 192
97 38 211
61 61 141
85 6 241
17 155 177
75 68 144
5 75 110
46 150 201
64 187 254
73 58 169
52 48 269
64 13 82
10 109 129
8 126 215
59 13 158
83 43 295
38 1 39
