710
47 22 70
79 108 248
57 57 269
25 88 155
35 108 151
88 68 157
35 161 213
61 110 194
23 95 126
9 99 112
70 92 208
80 13 128
75 192 270
39 93 134
4 106 115
1 29 30
16 132 155
1 88 98
79 153 232
73 84 278
71 2 80
6 150 209
32 11 43
87 31 139
52 153 211
77 102 180
34 71 139
25 115 147
36 0 231
28 31 68
6 89 99
28 109 181
72 32 104
93 200 303
73 29 104
28 170 201
45 64 184
9 96 137
87 72 174
35 93 133
70 119 264
36 142 188
4 200 224
6 162 174
76 3 86
17 49 93
1 3 4
8 8 179
17 133 301
13 135 242
99 68 200
37 108 146
74 132 386
40 111 153
53 104 178
15 82 118
49 36 97
56 73 198
28 158 192
14 143 164
16 160 197
50 65 117
54 51 202
30 1 195
33 180 214
79 1 83
17 96 122
28 11 84
81 30 300
86 53 139
28 70 136
97 2 107
14 98 270
91 76 171
91 185 325
50 88 138
96 170 284
63 25 113
90 139 390
83 94 298
59 27 130
81 194 277
56 72 154
61 173 236
81 49 254
77 199 286
5 32 45
39 172 224
31 25 61
56 150 216
36 14 81
97 24 127
71 109 187
10 83 95
1 156 177
71 152 238
25 61 249
98 18 131
88 2 99
76 111 338
48 71 288
19 67 282
66 60 133
41 66 112
16 165 199
18 62 189
20 132 159
97 45 295
88 30 120
70 27 103
40 104 149
57 55 115
93 185 319
23 41 64
87 117 300
5 136 286
45 29 260
41 176 288
36 111 181
95 4 99
49 92 142
88 74 167
60 172 402
21 115 140
18 50 68
24 118 142
91 164 291
25 42 87
69 155 239
64 97 161
63 157 230
53 40 115
93 175 295
72 119 283
7 61 157
98 79 196
44 35 272
30 131 161
45 80 129
19 80 102
73 185 268
51 60 144
29 71 128
71 116 199
48 198 249
95 92 214
33 39 82
22 20 47
82 177 305
90 183 277
98 75 179
65 186 293
30 163 378
49 11 186
80 169 299
87 17 304
12 146 165
84 5 260
23 76 124
70 193 294
45 190 261
21 148 227
84 197 288
8 24 50
37 160 313
59 39 191
54 64 128
84 130 216
2 76 111
7 200 223
97 41 138
55 132 216
97 71 168
100 79 182
9 89 122
8 115 123
7 37 195
89 27 123
20 103 295
54 7 132
63 15 209
45 167 297
65 79 203
4 157 165
64 45 118
2 111 197
93 89 192
38 141 182
34 131 173
10 5 21
84 52 182
94 119 219
63 116 191
49 120 178
72 14 88
65 188 261
73 116 235
30 175 314
32 46 213
64 96 180
2 138 141
77 21 194
15 196 215
74 189 267
15 76 91
47 88 137
51 126 367
65 67 285
43 38 88
91 3 123
66 156 236
24 61 104
53 182 242
34 127 190
11 120 132
24 125 190
15 79 114
21 1 47
78 24 136
42 120 164
74 71 152
74 1 188
38 148 193
80 102 332
83 155 346
83 134 250
70 60 176
93 113 210
8 184 214
71 137 215
53 72 152
10 48 70
62 110 352
17 195 404
81 49 162
42 181 226
70 144 215
68 1 72
8 57 95
37 58 239
5 102 155
9 37 101
97 11 158
99 108 237
28 107 262
57 53 110
99 159 272
40 151 342
75 6 245
80 144 225
49 142 356
23 102 156
39 13 245
22 137 168
12 186 201
47 45 96
51 145 201
9 59 74
33 158 283
50 44 110
53 176 393
74 12 88
26 47 78
54 11 70
39 144 187
26 83 157
46 101 188
83 44 226
37 124 206
80 145 363
82 125 217
52 121 175
42 43 89
58 78 143
8 46 64
87 60 151
47 2 53
31 181 234
20 162 184
91 45 169
79 158 245
78 20 260
12 53 165
20 12 37
37 120 162
7 152 170
2 70 162
14 171 187
37 68 107
68 118 318
36 172 227
49 89 146
31 31 62
72 105 177
3 145 159
30 110 148
78 8 140
17 141 278
47 175 257
92 0 99
21 38 65
9 56 69
78 43 306
71 104 179
41 70 114
29 79 118
24 31 63
32 4 82
35 14 60
100 162 306
42 200 242
67 131 204
98 112 341
50 152 248
25 186 232
31 98 197
70 188 412
89 171 267
85 173 263
89 9 106
12 95 115
59 94 186
89 162 257
80 108 216
23 52 119
74 43 122
15 31 47
86 14 120
23 112 255
65 178 283
41 185 228
31 2 58
41 193 279
39 15 252
43 143 380
57 50 124
20 158 181
10 198 209
56 42 126
54 145 282
72 172 269
20 24 190
1 131 175
28 71 194
41 170 214
52 164 221
89 119 399
61 79 146
76 14 124
38 67 212
42 192 235
24 150 179
13 145 163
51 25 129
17 105 189
34 47 101
50 73 130
95 184 289
26 31 74
95 43 177
74 80 277
80 125 216
53 114 168
80 120 204
16 44 60
80 7 110
94 6 124
63 34 117
53 150 207
17 84 135
89 57 154
52 22 84
41 128 169
34 24 62
34 29 72
49 123 263
29 121 152
85 53 180
44 87 137
26 76 194
35 16 79
35 39 107
30 74 154
54 145 236
74 109 190
22 89 147
94 174 290
60 20 98
20 130 160
41 175 225
28 112 189
77 35 240
78 71 187
11 91 111
66 31 97
25 50 109
82 46 240
65 44 139
47 50 103
76 175 263
77 167 420
28 183 238
70 41 120
49 4 83
68 0 187
36 35 75
70 30 275
36 128 349
77 88 175
30 196 248
90 150 242
81 38 146
61 144 215
66 182 309
82 124 251
98 102 236
23 96 213
82 172 289
97 91 194
58 23 231
79 102 203
82 144 230
83 63 158
68 185 261
3 122 162
5 67 80
66 129 197
32 123 182
15 20 54
70 23 146
30 79 111
85 15 110
67 63 131
39 123 179
43 175 221
99 114 346
37 39 78
61 24 86
56 199 257
36 67 287
60 11 111
86 14 165
23 117 331
35 156 224
81 94 214
79 13 242
73 88 225
52 84 281
34 182 225
17 113 166
33 36 82
76 142 230
30 95 137
40 76 140
39 7 85
80 60 298
34 81 115
9 16 40
11 1 24
2 192 203
10 79 143
45 40 119
62 21 150
36 45 84
51 155 206
66 115 347
55 126 207
3 114 270
52 171 229
84 151 300
60 99 167
23 27 63
18 145 165
3 23 75
34 75 117
24 147 210
97 178 394
19 187 326
51 130 184
95 28 168
18 174 241
45 65 127
89 95 186
61 29 97
31 122 163
62 103 229
9 9 27
71 160 236
42 129 208
19 38 64
73 124 276
55 183 244
23 132 155
79 81 169
57 160 218
50 111 200
21 122 159
68 56 129
22 46 77
77 72 153
59 24 274
20 183 204
23 60 119
68 86 157
8 5 14
42 22 78
19 106 177
68 96 218
14 59 77
75 128 311
37 192 236
80 58 147
58 31 177
18 115 302
55 198 293
62 31 99
42 26 260
76 49 155
21 168 192
86 137 226
80 35 230
66 146 219
1 74 198
39 156 310
66 133 236
87 182 290
57 153 211
29 149 178
72 26 110
73 143 224
87 83 170
66 122 294
71 185 294
100 25 252
4 82 90
73 27 109
99 85 269
69 179 325
23 40 66
90 146 263
20 36 56
83 56 139
63 93 205
49 122 172
7 117 126
72 17 93
90 35 227
33 167 212
66 188 260
14 140 158
15 111 131
52 84 137
2 143 148
15 170 230
64 85 317
4 66 256
5 71 126
50 84 167
6 126 223
36 133 184
41 2 67
97 195 297
78 77 184
10 34 88
23 124 152
53 135 194
47 166 222
76 44 241
67 72 268
52 12 237
61 151 224
7 60 69
64 109 347
64 186 254
85 3 96
94 142 256
68 11 122
20 191 214
58 97 165
45 126 173
38 46 90
50 72 208
21 166 214
90 112 372
44 171 225
67 93 165
16 22 41
22 129 174
17 104 249
81 82 187
58 129 197
46 39 227
58 180 319
47 3 129
6 10 202
27 1 38
81 62 167
10 9 77
77 112 199
87 199 290
30 78 108
21 99 126
72 82 164
40 96 184
50 101 155
5 39 138
43 160 206
32 30 164
97 28 241
63 32 129
49 3 58
79 121 238
52 50 104
52 92 146
41 82 147
64 176 242
51 96 296
70 12 82
5 131 138
31 30 61
24 40 78
69 106 356
52 174 235
40 17 64
20 71 115
39 181 223
10 161 176
25 41 76
81 45 133
90 134 230
19 143 170
78 57 171
30 47 193
34 105 155
19 23 90
92 60 157
91 168 266
94 143 366
15 122 192
58 151 234
11 19 31
35 120 157
85 54 147
81 41 128
23 158 186
81 194 394
75 89 213
88 35 131
83 58 142
1 98 134
45 109 171
66 106 182
64 144 211
93 87 198
34 100 272
76 188 275
69 100 173
34 64 295
93 47 199
55 59 121
12 8 62
53 185 271
91 17 282
61 77 143
40 80 310
87 109 219
33 166 206
30 47 96
29 91 165
39 75 114
33 63 101
60 180 300
84 32 138
74 84 356
13 58 77
25 33 171
68 75 143
98 175 473
96 106 210
51 14 65
92 93 192
77 188 302
99 85 188
60 185 332
49 158 301
8 103 298
10 21 225
12 119 315
75 114 226
70 100 170
26 94 126
24 100 130
75 190 273
51 196 255
98 48 192
21 177 219
43 87 133
21 151 245
35 32 75
35 159 361
65 76 191
37 124 170
12 125 139
14 103 128
50 192 244
4 168 206
59 188 257
70 121 194
59 30 127
54 65 136
