650
66 6 75
47 68 118
54 154 253
45 191 243
20 11 40
32 110 143
15 62 87
90 54 193
50 100 316
76 160 238
58 23 90
45 150 337
92 41 296
50 171 343
4 123 160
10 37 49
74 92 168
4 91 105
88 14 103
44 96 160
29 0 36
6 137 206
54 128 296
93 187 409
52 70 276
33 81 129
78 82 162
50 192 255
4 7 13
8 164 366
40 127 173
86 106 315
100 200 484
69 122 198
99 30 152
39 114 162
69 34 109
25 187 221
79 92 175
33 8 97
33 87 227
65 130 309
97 12 159
10 23 80
46 190 238
13 146 186
100 130 376
77 68 172
49 184 262
72 52 133
82 68 188
94 170 367
67 156 406
85 79 187
84 2 120
73 189 269
35 124 197
75 176 275
73 53 211
97 31 133
56 96 158
38 184 225
17 100 131
67 131 207
52 40 94
88 154 246
70 130 306
67 112 179
48 138 192
25 82 109
58 102 207
45 144 207
58 198 269
68 113 182
51 120 174
85 49 142
59 194 280
56 119 328
84 121 205
48 20 137
68 170 238
63 1 255
8 100 149
48 163 214
40 3 57
44 123 206
41 187 272
98 199 303
90 37 224
91 93 251
83 93 190
95 41 306
15 58 85
77 9 89
19 15 215
48 142 200
100 86 334
15 189 236
81 147 265
32 80 132
3 26 34
18 81 148
71 69 145
54 133 196
34 185 226
67 159 266
62 23 92
28 13 48
56 179 241
70 159 229
65 184 254
42 149 238
87 15 301
51 36 97
27 91 119
81 145 300
82 92 268
65 159 234
91 102 193
88 13 102
71 160 234
91 177 268
57 190 263
14 62 85
77 179 262
17 137 163
12 156 174
55 35 123
18 108 130
16 155 186
49 123 172
64 176 314
40 50 99
79 137 225
41 196 380
12 36 52
63 59 174
90 73 186
52 145 220
54 188 430
43 49 123
17 178 290
1 15 48
90 74 212
78 93 221
30 167 227
68 60 258
51 90 142
77 53 217
81 101 182
55 118 214
36 180 224
47 186 256
18 58 233
72 110 185
88 72 169
24 126 174
80 51 301
89 49 140
83 90 196
56 57 113
35 74 112
86 101 193
67 50 125
36 142 178
99 138 238
54 29 155
26 106 251
14 39 122
11 134 145
15 47 80
59 62 123
67 79 149
9 49 74
62 92 164
84 126 251
39 30 128
94 76 177
82 53 141
82 83 354
3 176 251
14 80 97
31 0 36
60 74 149
46 76 165
12 64 125
1 158 162
31 174 230
42 56 255
39 140 181
22 86 132
43 61 196
3 147 289
15 70 102
48 199 354
23 23 61
20 70 103
3 98 139
96 42 186
47 187 306
24 165 309
56 56 115
82 73 159
54 12 251
45 84 313
58 140 382
12 96 108
98 7 114
68 81 177
41 157 372
6 22 33
10 36 88
60 166 232
20 38 151
32 38 268
59 112 239
24 148 173
57 185 276
12 61 80
77 24 135
90 173 356
22 144 228
26 134 197
26 21 77
32 29 97
14 139 183
58 73 150
26 108 265
77 83 195
43 141 353
87 191 281
47 28 272
58 158 258
3 59 121
81 65 155
75 142 223
94 62 156
86 18 106
40 152 200
81 146 409
93 77 170
56 143 199
81 47 162
25 157 209
46 57 133
63 36 148
67 197 283
90 42 174
79 18 104
43 112 236
31 105 138
11 141 174
39 164 205
86 32 123
16 11 187
17 46 112
56 87 172
32 136 285
37 14 66
97 63 162
49 192 243
3 198 245
93 100 194
3 159 182
57 99 327
59 101 280
36 136 257
67 135 229
30 123 307
43 177 282
10 84 114
21 19 198
9 145 202
96 175 311
83 38 132
14 66 92
69 26 180
26 100 134
40 131 316
9 160 173
35 112 157
97 111 346
80 49 158
27 26 55
49 156 244
45 198 245
55 139 203
83 9 205
19 17 84
15 192 207
13 80 103
63 86 151
68 64 178
55 146 250
13 10 77
97 142 240
58 96 170
20 20 42
75 158 234
67 158 261
48 75 164
1 138 158
16 30 182
75 37 130
13 99 135
61 41 268
36 25 73
70 131 206
50 112 175
88 16 108
40 92 170
48 73 130
38 189 373
87 100 236
2 151 276
86 44 262
46 2 72
75 56 289
57 77 181
79 166 334
45 160 213
89 183 280
74 3 119
37 65 124
89 60 197
92 33 163
55 200 279
31 159 261
63 181 264
35 137 182
58 39 100
71 76 167
22 125 153
90 20 139
12 12 71
95 112 248
21 16 44
85 191 300
88 120 254
20 55 76
26 184 307
80 96 185
95 32 133
29 57 87
87 28 203
28 187 225
30 177 252
33 171 342
39 104 146
72 185 259
36 51 177
29 91 235
69 135 216
94 65 188
75 52 132
70 27 104
49 145 199
95 84 325
64 37 143
13 146 169
20 54 84
82 175 260
89 140 246
87 115 206
50 15 88
49 80 159
47 119 171
4 176 186
46 109 158
76 133 212
19 159 201
23 13 159
74 126 347
22 51 81
64 104 277
32 167 203
15 164 204
39 42 86
84 51 176
30 26 70
51 31 113
81 171 396
44 99 143
51 176 269
74 100 174
41 69 149
40 60 100
53 174 228
22 64 91
41 127 261
7 19 172
63 94 218
82 33 143
77 37 122
86 189 285
62 163 405
27 44 137
52 48 106
80 146 259
77 130 212
36 130 361
35 53 100
47 75 222
1 184 320
15 111 144
5 142 153
29 35 247
60 56 121
53 138 199
97 90 196
58 54 210
26 108 137
23 181 242
83 132 229
79 149 267
86 41 136
71 37 257
96 107 205
100 183 322
95 91 250
50 82 172
15 111 135
3 170 185
13 42 61
35 113 252
47 177 391
67 75 166
55 34 128
33 100 140
38 110 152
17 100 155
33 166 224
22 154 308
20 92 259
8 175 186
92 28 120
60 109 171
76 15 95
86 17 105
32 1 72
97 129 242
88 149 254
49 7 62
44 57 108
30 7 37
6 46 58
12 159 196
57 169 227
74 176 260
13 65 126
60 114 174
84 129 236
91 170 266
45 42 128
59 175 258
6 62 176
4 183 212
40 50 100
95 32 315
82 6 210
63 187 255
91 54 150
90 48 183
16 146 188
92 1 95
42 152 375
51 111 229
11 128 142
43 197 294
14 35 162
72 10 89
93 23 121
5 126 141
76 128 206
49 53 121
3 128 139
22 68 126
85 196 304
9 15 29
17 85 281
15 28 59
73 22 95
7 187 200
34 32 70
2 200 341
51 150 247
48 132 214
32 77 117
37 106 148
55 166 228
8 2 54
32 25 58
78 88 185
59 199 401
77 192 269
67 168 241
61 41 180
84 16 109
32 78 112
3 57 70
13 193 230
90 169 263
65 73 160
76 179 316
37 163 211
16 39 67
62 162 230
25 4 29
58 183 362
75 3 88
60 164 258
91 88 188
24 7 35
61 85 177
15 190 377
48 45 238
6 192 215
2 151 185
10 99 116
48 38 93
67 147 231
30 41 96
5 47 66
40 122 279
30 170 219
55 138 222
26 102 171
68 195 273
55 171 251
73 4 191
41 130 176
60 125 192
91 20 253
27 50 79
10 59 78
50 160 309
30 148 221
61 6 230
41 83 168
69 122 217
95 124 309
99 175 292
72 144 255
65 93 187
53 198 255
9 162 216
48 194 278
97 162 269
46 185 277
43 179 248
40 167 310
19 52 175
46 90 139
38 182 241
66 110 178
7 107 119
7 143 197
39 91 269
77 144 230
51 86 164
28 16 53
1 38 41
46 124 230
31 150 211
69 95 175
13 57 153
2 10 21
31 119 152
17 117 142
20 56 112
40 53 103
94 150 249
25 161 189
30 171 205
77 5 85
48 150 203
73 136 240
50 66 122
19 5 98
81 48 136
26 78 108
17 28 119
51 5 251
4 125 171
14 43 233
18 101 127
63 37 106
37 141 184
73 200 282
82 60 234
38 91 265
34 131 174
27 31 67
41 134 180
52 92 152
72 16 124
21 183 317
72 96 195
23 140 171
77 14 97
50 12 72
61 43 105
59 196 277
71 157 236
77 15 93
48 194 244
42 166 397
80 39 124
56 129 210
94 28 132
46 171 233
42 153 202
38 65 137
90 164 364
21 37 112
38 92 130
72 5 121
7 51 74
23 103 143
57 51 111
78 146 279
16 128 146
11 95 140
31 83 116
8 134 148
98 160 324
87 94 182
47 107 163
27 27 54
57 76 141
87 119 275
99 17 151
70 171 283
76 98 192
11 107 123
58 70 135
65 107 181
23 109 141
95 90 196
7 192 206
15 49 87
72 3 81
99 79 185
68 183 267
17 152 173
40 13 126
77 183 271
91 161 450
67 89 156
91 166 261
