570
20 190 230
45 70 120
56 17 94
9 81 93
83 146 229
90 116 212
74 184 293
17 87 113
27 169 216
24 144 268
82 126 350
7 150 167
9 142 226
60 140 221
31 102 141
63 95 310
60 20 272
15 48 259
45 138 368
5 142 148
37 147 309
63 105 348
57 2 83
10 27 82
45 55 233
14 101 124
13 41 60
12 71 93
93 86 214
77 198 390
54 176 238
41 151 217
9 22 50
52 27 124
67 66 133
63 17 82
36 60 127
64 166 253
19 91 131
86 16 124
69 102 239
44 110 154
11 45 72
62 198 270
8 189 230
87 111 204
12 89 146
23 128 197
47 154 202
53 161 217
83 87 305
91 171 284
86 77 163
97 109 210
64 43 133
40 164 302
60 137 202
21 37 58
80 125 217
11 197 250
4 85 93
64 190 259
45 3 161
86 102 226
71 199 375
34 52 86
14 95 109
8 173 221
47 3 87
99 118 221
77 184 357
36 18 65
87 140 234
33 150 203
15 185 204
42 189 254
73 200 276
44 106 155
2 124 271
94 175 270
42 61 112
73 173 246
15 121 136
35 149 191
54 133 191
58 42 265
14 105 123
54 160 214
42 98 173
66 98 170
41 162 351
69 128 275
15 180 346
21 60 97
57 147 365
50 98 153
81 186 267
85 8 108
68 85 157
92 73 298
55 71 136
51 179 256
29 187 226
59 151 216
1 161 182
85 138 224
59 88 249
46 151 213
41 87 134
7 107 116
19 151 170
23 43 171
74 82 161
5 55 229
2 100 104
46 150 251
68 59 133
1 94 98
7 101 112
80 99 222
42 78 156
41 141 187
65 169 370
19 18 46
31 115 278
30 42 147
78 74 245
66 65 154
100 70 196
78 197 275
28 109 226
58 167 424
22 196 218
81 121 235
86 173 266
33 25 219
63 186 288
12 20 36
88 28 116
52 185 385
97 191 289
94 184 278
63 30 101
54 20 93
89 174 268
27 198 412
7 29 46
94 181 275
26 160 189
1 35 78
51 129 232
45 11 78
16 48 194
48 31 94
53 93 279
37 185 410
92 102 333
73 135 256
96 123 262
59 69 196
27 78 109
33 165 198
7 136 150
79 72 245
100 93 211
37 120 165
12 70 207
95 130 256
98 54 176
94 59 167
68 22 111
89 51 166
100 68 333
49 138 226
12 167 218
95 58 161
71 164 259
42 103 259
88 121 244
78 95 182
47 115 225
70 164 240
71 195 270
85 182 270
90 135 255
82 47 132
95 83 181
26 133 167
45 44 268
19 36 149
33 200 240
22 193 216
6 117 125
41 116 268
35 22 93
17 106 147
80 160 363
32 173 382
87 129 217
80 89 175
95 172 269
42 89 138
100 106 221
70 24 200
5 75 161
18 49 69
22 60 97
44 37 82
70 13 92
37 55 93
44 167 287
95 27 133
13 101 261
41 184 231
31 118 190
23 113 141
11 47 64
15 64 87
37 95 168
58 70 280
95 125 320
20 48 206
62 142 213
64 60 124
92 96 282
52 165 410
11 183 319
93 51 194
88 105 207
90 141 429
11 62 159
17 130 309
98 168 270
62 0 65
88 83 259
77 6 217
91 158 393
95 112 207
91 119 211
50 194 319
68 198 266
61 68 136
17 50 139
59 87 150
89 67 158
51 106 158
70 6 115
9 193 235
95 55 323
66 184 250
85 16 101
42 190 247
55 67 130
22 30 115
65 108 174
13 50 77
9 80 134
38 74 121
49 150 308
57 46 113
58 195 323
19 76 121
47 50 104
12 53 90
43 94 166
57 169 255
3 34 47
38 51 107
40 54 98
36 102 183
98 156 405
87 7 109
11 99 127
52 21 83
7 28 36
91 63 161
25 53 85
66 75 180
58 47 236
1 138 149
47 15 67
11 160 176
26 9 131
22 155 200
1 6 8
21 124 151
79 76 256
49 69 124
72 41 113
97 27 176
1 111 112
80 139 254
15 60 97
6 139 163
32 190 228
79 130 215
87 143 359
68 186 283
11 50 90
46 50 286
17 71 101
95 16 165
12 180 377
100 68 311
40 105 145
55 133 196
33 97 134
19 111 264
32 39 72
13 145 253
90 102 221
95 70 339
30 77 110
68 112 188
11 76 180
72 144 360
71 96 189
21 164 225
51 14 70
14 144 162
60 129 198
89 124 402
47 195 274
87 52 223
9 108 167
27 68 103
78 78 202
36 108 233
79 13 277
57 184 259
10 119 130
21 102 160
36 62 106
58 0 68
97 115 409
42 30 89
22 49 123
90 8 131
25 21 71
55 103 158
33 140 201
35 54 92
11 28 42
59 69 134
23 74 106
29 158 373
88 55 296
23 178 385
44 141 224
46 60 108
40 141 185
86 182 285
32 73 256
21 109 260
7 143 181
90 172 272
13 38 95
48 179 237
82 53 175
67 138 248
85 109 198
69 91 183
29 84 131
66 48 123
37 147 193
45 168 222
58 33 124
96 52 313
47 187 429
58 51 116
12 183 203
72 132 207
26 93 262
13 140 236
84 41 129
87 49 212
7 95 242
51 28 83
60 187 428
30 183 256
14 37 233
14 140 269
44 105 189
18 188 215
87 62 173
48 74 126
56 145 342
56 58 124
3 21 116
17 103 123
95 22 117
27 124 152
84 15 101
69 12 84
25 34 76
17 96 180
74 198 457
49 86 147
22 71 93
88 34 130
70 24 266
73 197 274
79 96 213
66 37 112
11 139 152
81 51 290
8 85 103
12 180 283
95 58 333
50 196 425
76 140 241
39 159 200
14 173 188
61 4 80
38 200 244
62 29 130
96 165 292
3 33 133
24 144 218
80 22 103
15 105 255
68 103 277
43 190 347
61 136 198
63 86 292
28 111 153
50 141 199
20 114 136
48 52 102
23 133 178
26 63 98
6 136 322
87 142 231
45 70 137
63 158 223
54 40 96
33 129 212
100 78 180
18 19 45
28 191 224
46 163 293
37 74 113
43 55 167
24 192 223
62 77 164
69 102 189
4 178 370
19 63 115
11 198 324
1 12 37
2 103 115
12 157 173
89 90 197
7 186 289
49 149 205
85 148 395
20 114 143
24 109 139
26 57 93
19 169 193
63 69 140
27 144 178
77 23 108
55 98 168
13 108 169
49 65 120
3 50 92
99 108 213
95 173 273
21 168 232
52 97 214
89 60 275
57 134 197
75 146 329
44 68 154
21 42 71
93 190 311
48 117 338
12 89 236
40 62 173
48 60 140
6 149 163
100 189 296
39 117 162
81 87 172
24 39 69
39 160 355
71 70 150
27 115 146
86 8 266
63 104 211
71 158 428
75 47 126
72 190 262
28 143 337
91 80 172
1 113 115
89 64 226
47 29 111
53 121 331
10 120 132
17 125 158
64 175 289
32 147 183
25 153 251
44 140 215
71 138 213
7 95 102
27 143 173
80 80 170
59 100 180
91 171 353
77 64 188
47 55 113
40 60 263
85 120 322
81 122 242
50 189 258
75 16 149
50 53 152
7 130 186
22 119 318
24 30 97
94 188 288
98 34 178
16 8 187
97 160 394
33 83 121
78 28 251
60 0 91
78 104 231
87 161 251
1 177 183
30 133 170
57 3 74
59 172 239
61 136 208
99 1 101
86 42 132
62 38 108
48 10 151
5 4 35
31 89 170
3 96 102
25 188 217
99 140 239
72 113 186
74 101 180
37 39 154
28 63 124
65 37 151
54 11 88
74 4 80
48 87 139
99 200 318
85 164 258
72 164 241
43 154 229
9 180 195
62 153 218
98 149 289
96 193 345
73 192 323
97 164 265
79 36 127
68 108 178
52 154 210
79 38 118
21 2 28
78 99 325
