940
83 129 321
19 44 64
20 170 196
3 103 113
85 8 175
97 162 261
99 45 150
89 200 339
85 98 184
36 104 151
79 166 273
51 185 299
78 182 399
25 86 153
65 137 209
19 197 224
11 21 51
80 131 340
85 82 188
5 173 184
60 84 146
74 65 147
34 110 180
63 169 391
56 128 227
20 198 221
68 176 247
27 51 108
81 88 171
60 72 153
85 74 180
46 81 150
24 199 226
23 143 186
93 104 201
83 87 264
79 7 122
85 74 168
74 12 114
40 182 231
90 60 157
61 141 207
32 95 148
6 193 222
26 148 201
53 199 254
46 65 133
16 103 145
23 113 284
87 41 213
2 163 167
41 109 152
32 158 203
15 120 139
55 72 208
23 98 149
91 197 297
64 23 267
43 58 133
100 108 226
67 137 212
74 101 213
1 7 11
49 151 301
95 117 285
42 112 183
39 156 205
86 4 117
45 193 243
41 65 111
88 124 258
18 51 214
3 36 226
2 170 276
15 107 236
19 75 165
5 146 284
31 113 149
41 32 251
18 121 142
56 197 292
91 196 321
64 167 241
96 23 137
77 5 90
57 94 171
50 151 209
96 19 183
51 135 231
95 25 129
81 32 114
53 180 335
29 63 96
94 30 173
5 42 49
64 119 199
54 69 314
28 197 231
42 159 233
78 77 196
25 165 195
32 186 261
23 169 228
43 112 196
67 138 237
93 105 219
34 73 154
4 81 90
92 17 268
91 131 242
4 66 136
63 199 294
87 151 329
36 179 341
18 71 95
88 78 217
27 48 100
84 89 178
23 110 205
24 49 86
75 22 100
85 118 206
28 177 370
12 156 175
38 170 246
29 62 104
23 167 199
72 132 213
52 112 166
96 129 227
41 35 84
6 101 109
32 144 201
19 179 205
88 163 287
26 45 73
18 152 178
53 170 405
5 49 91
49 20 84
81 105 208
69 131 306
12 153 195
81 55 305
26 197 227
79 29 118
68 134 234
47 151 224
4 111 139
22 85 116
34 5 73
40 27 102
36 13 62
44 194 299
50 159 212
42 44 109
19 28 212
6 151 161
22 86 127
65 38 107
2 142 186
84 150 389
31 77 122
2 81 109
59 2 67
5 139 267
92 70 164
10 63 86
10 155 307
94 145 392
66 62 326
82 142 230
73 18 202
67 62 183
84 120 253
42 68 121
20 96 126
33 133 290
76 15 281
25 193 237
78 12 102
21 102 307
77 58 198
26 71 162
20 67 219
62 195 415
6 183 332
65 167 241
27 152 313
60 89 192
18 186 205
28 35 68
78 14 216
74 156 243
99 48 208
33 63 230
9 83 92
4 149 263
68 77 148
63 84 150
98 144 289
78 104 188
33 93 147
9 14 161
61 138 203
85 152 243
56 76 135
66 140 216
29 54 83
82 181 273
90 145 242
49 186 269
43 197 244
99 127 359
15 43 61
98 148 373
1 132 140
96 40 140
98 95 237
95 184 292
8 113 159
61 118 212
39 156 217
80 9 90
47 69 166
68 144 261
73 28 142
50 80 172
79 35 155
44 19 186
79 42 122
15 142 192
88 117 212
4 125 188
44 79 123
55 195 253
3 176 189
41 110 271
19 187 235
55 97 153
78 8 95
80 108 208
71 54 167
34 71 112
61 140 221
16 127 157
53 166 227
27 113 251
79 23 102
86 1 212
55 78 140
37 172 211
47 6 123
25 87 117
37 140 219
56 4 94
90 143 243
80 171 283
2 20 55
87 50 162
58 79 304
57 26 87
76 36 214
55 82 144
8 181 189
47 72 157
7 157 184
76 56 141
16 109 159
26 53 107
34 70 127
67 176 246
24 161 186
45 94 329
33 154 189
87 2 99
58 185 269
58 10 112
66 149 228
92 4 106
4 168 177
64 96 207
43 56 101
49 195 252
74 150 272
67 2 94
35 75 291
89 169 268
6 30 228
47 69 160
18 75 97
65 88 217
98 72 171
80 49 148
22 22 92
18 56 114
88 23 225
44 165 253
97 50 154
92 105 218
33 49 87
21 172 201
43 84 129
8 80 112
90 198 294
90 138 229
36 195 346
78 75 158
9 46 65
95 44 152
16 123 204
21 162 218
14 76 166
82 6 109
10 77 254
36 144 243
65 131 284
46 61 117
82 145 270
30 2 41
38 59 168
78 3 275
96 45 158
46 175 236
80 8 153
13 86 119
27 128 163
83 60 296
59 34 99
51 184 251
14 109 195
46 70 117
99 88 272
50 180 233
42 1 45
73 41 114
21 72 96
76 24 141
96 5 109
59 134 363
100 94 204
46 44 173
2 70 84
8 144 152
84 78 182
83 148 359
57 141 321
45 0 76
20 84 215
5 110 250
68 94 196
45 75 124
9 118 137
16 184 207
2 181 190
84 143 233
82 146 271
93 85 353
88 48 173
81 67 159
87 74 164
35 182 259
18 3 26
80 135 381
2 8 17
38 89 145
53 109 170
11 122 233
37 58 147
65 12 250
28 117 173
72 166 254
63 16 80
76 165 271
54 58 113
48 174 223
60 98 301
98 120 225
84 96 221
16 85 104
84 140 254
87 78 175
8 68 96
36 48 227
46 73 133
83 179 434
48 130 283
47 115 273
94 109 213
23 194 266
14 35 66
88 127 283
42 165 227
3 131 252
12 58 78
89 111 200
15 89 131
51 75 219
80 54 166
4 28 35
5 34 77
93 102 241
74 71 167
100 107 223
14 173 194
80 199 283
73 56 313
1 152 157
48 58 206
66 3 93
55 149 254
15 183 203
87 129 225
92 56 161
99 196 327
18 192 330
64 52 122
46 82 156
93 163 296
27 53 87
33 94 219
44 27 270
60 86 322
55 24 88
14 108 123
81 154 235
32 133 171
33 54 88
71 103 341
34 65 100
19 162 312
10 74 90
87 97 278
11 158 174
73 69 166
98 123 226
11 1 51
65 150 415
7 9 45
24 81 133
12 177 231
32 96 128
74 129 209
79 34 135
82 70 153
95 55 164
7 32 40
4 81 129
87 70 343
69 13 228
83 175 297
97 80 179
65 16 81
62 120 220
1 123 300
28 199 265
35 100 138
64 178 252
77 137 348
47 100 187
71 179 250
58 149 214
89 79 206
57 26 118
66 66 142
42 145 192
75 58 270
88 110 200
55 68 201
49 170 220
5 153 200
98 183 281
54 185 241
72 47 157
11 158 176
53 85 141
98 14 150
98 123 231
26 100 154
90 29 124
70 63 262
2 179 188
18 196 249
34 146 220
73 140 263
77 124 204
64 133 306
52 42 139
24 82 122
24 97 157
64 153 219
99 193 309
37 30 78
76 26 103
46 49 96
7 3 16
89 124 226
37 13 54
29 63 114
27 156 185
77 137 338
76 195 305
38 180 227
26 188 224
24 181 207
48 168 220
53 102 200
30 190 256
88 132 274
4 102 109
79 100 179
55 137 311
59 110 316
68 123 234
30 26 194
5 14 108
45 11 96
22 29 188
44 82 126
29 160 198
9 45 80
69 88 279
45 65 142
74 137 213
45 61 151
24 65 200
65 11 82
14 92 124
17 103 154
58 98 205
59 127 186
17 67 192
83 130 229
20 96 171
36 130 171
29 106 175
84 106 190
9 122 256
12 121 163
48 174 222
34 63 103
33 123 162
11 100 112
59 174 237
81 109 237
83 95 218
75 118 193
34 91 152
56 48 109
37 41 220
33 38 118
92 67 334
45 70 162
12 12 32
73 45 127
14 153 349
91 45 145
15 105 157
33 182 215
91 63 163
25 53 78
56 108 191
81 65 162
62 145 360
8 118 155
20 28 66
68 182 380
98 179 309
100 129 251
57 56 162
1 119 122
53 177 241
20 16 86
57 198 354
79 30 113
44 23 115
88 22 119
4 31 60
35 66 111
61 69 131
99 71 204
42 128 184
45 60 168
21 154 182
79 16 99
88 30 159
42 77 172
54 75 166
24 17 76
9 39 160
27 74 102
84 126 214
90 87 296
5 68 170
76 91 198
44 84 145
83 185 277
38 43 112
7 197 206
46 142 200
66 181 249
73 190 293
51 167 265
64 186 255
10 99 146
95 93 197
71 93 200
34 118 197
29 10 40
31 14 77
96 176 320
62 60 270
87 179 274
33 12 50
65 159 273
48 53 110
64 196 267
30 31 63
13 107 214
76 59 175
75 152 402
40 11 69
100 171 287
82 177 268
54 9 108
88 30 218
63 198 262
10 57 96
60 165 228
61 80 166
46 106 184
35 63 139
22 112 255
79 89 174
72 118 265
56 131 196
86 144 234
73 3 119
73 99 238
10 197 216
28 42 80
9 47 207
21 164 187
60 58 123
53 125 207
36 141 185
26 173 238
97 120 301
89 169 329
24 128 153
58 133 200
79 93 181
59 190 335
69 77 185
96 67 263
45 6 198
87 177 356
29 6 35
75 63 182
80 200 289
97 46 303
26 148 242
8 119 198
21 19 57
7 116 135
79 190 282
71 171 261
19 104 126
10 10 24
31 115 147
53 35 97
86 41 197
21 98 160
1 178 182
12 144 156
87 140 228
74 83 229
3 192 242
58 56 200
94 2 100
46 133 248
72 14 90
84 60 187
5 163 294
35 128 269
70 41 117
84 183 272
54 134 213
68 131 233
40 189 230
85 105 271
82 46 145
35 94 135
97 88 241
67 24 96
27 95 129
57 144 325
54 22 129
2 194 287
95 129 229
50 34 163
95 84 206
36 124 193
76 97 260
87 24 111
3 160 163
28 198 233
50 25 214
5 12 23
28 105 139
42 185 253
46 178 261
6 14 29
12 69 103
90 188 289
48 136 226
10 90 113
55 2 89
37 158 242
55 162 224
87 152 248
87 121 263
54 159 218
46 28 83
71 68 312
25 106 261
77 187 271
12 173 199
97 173 275
48 107 335
54 60 131
92 96 219
49 55 160
56 84 323
86 12 148
74 93 167
61 161 226
66 6 72
55 41 122
87 105 196
49 177 230
63 61 234
78 134 215
97 125 309
85 90 282
4 153 176
50 127 183
51 45 142
94 79 182
56 150 208
25 96 124
15 18 121
85 89 174
62 102 171
13 159 339
18 35 56
30 125 157
18 31 227
44 154 275
65 97 189
14 158 178
49 172 293
41 168 258
42 141 193
44 68 123
48 188 240
53 119 177
56 19 152
11 105 126
43 54 232
57 137 217
47 118 172
37 92 174
70 10 117
92 93 197
57 106 308
28 17 91
82 73 159
42 112 178
70 164 256
32 48 274
62 45 219
17 168 303
68 121 189
82 198 325
80 3 166
21 104 141
98 52 330
26 165 198
94 49 147
84 146 420
17 151 207
68 62 130
78 46 139
78 14 254
44 157 221
45 35 86
40 85 161
11 64 120
30 77 264
28 85 121
58 196 269
4 189 201
94 94 382
22 36 110
3 196 242
51 62 130
91 200 305
18 3 27
89 51 142
83 184 295
29 23 56
66 57 123
79 16 103
94 163 257
68 89 157
72 136 254
83 54 147
76 122 224
65 197 270
26 66 94
44 54 105
22 190 233
40 139 184
96 195 432
76 107 313
99 28 127
75 176 254
18 20 200
77 125 230
78 151 274
92 40 172
8 139 151
83 38 255
6 102 117
48 186 281
29 101 130
46 192 277
97 108 213
2 95 144
49 114 164
61 46 237
39 43 89
20 5 55
96 171 277
23 13 39
7 157 173
81 51 137
73 167 267
95 50 147
47 37 87
3 10 41
40 112 184
9 142 159
100 17 176
57 141 383
76 23 125
31 140 175
78 94 175
85 38 125
41 85 132
45 10 60
48 129 181
18 153 269
77 7 261
81 182 297
61 13 78
5 106 123
4 153 258
15 57 116
34 98 291
53 161 218
87 93 309
19 142 191
79 172 424
69 48 218
93 82 365
51 59 250
29 37 202
82 136 222
50 117 176
88 104 210
43 20 65
35 92 159
9 23 191
32 115 151
43 142 235
87 145 240
11 186 375
17 98 125
96 94 196
29 16 93
71 36 169
38 26 111
100 158 265
24 73 107
46 22 77
18 18 42
33 71 180
81 17 123
84 104 190
73 93 184
20 136 322
36 116 155
68 59 159
22 181 206
62 148 228
95 147 242
22 70 111
8 154 274
37 146 366
92 47 248
93 185 306
66 138 373
13 67 103
80 196 319
73 147 266
79 76 174
36 92 153
75 98 304
27 34 256
40 8 50
86 61 195
91 20 119
37 184 276
69 62 160
54 37 233
96 23 245
21 74 248
20 79 131
87 88 197
19 128 175
74 181 259
69 10 155
96 19 138
31 94 131
69 51 169
51 146 205
66 50 307
22 15 206
