210
5 127 133
20 141 182
82 199 329
85 41 131
72 126 213
77 169 249
19 105 132
26 184 214
59 80 143
16 193 211
74 108 203
84 111 197
26 162 215
33 41 93
13 51 191
9 3 54
61 25 108
13 144 245
45 183 235
49 86 139
61 162 388
68 49 127
41 130 308
35 98 241
64 22 115
58 44 194
77 69 247
96 107 361
38 171 242
41 158 375
54 81 172
71 38 124
68 82 243
2 188 191
92 76 173
64 86 159
57 63 129
45 128 204
78 98 344
68 146 250
75 74 211
71 12 118
49 165 224
41 120 166
64 179 253
42 190 300
32 38 88
61 5 190
27 159 244
98 180 283
26 108 203
30 51 109
79 26 107
54 160 224
69 101 185
74 36 138
2 60 72
7 26 35
80 148 241
28 165 204
75 176 265
37 8 93
75 190 453
83 31 115
5 164 187
92 135 229
87 179 277
84 152 237
37 168 229
81 102 197
22 181 259
58 83 151
83 96 209
65 179 283
98 167 274
28 125 154
15 39 55
57 187 276
61 51 118
90 7 140
83 61 177
58 131 319
78 101 182
42 22 70
13 199 247
82 93 324
45 37 89
79 89 179
25 73 102
10 33 182
74 121 205
54 157 337
66 13 81
14 99 119
73 63 207
42 46 123
96 73 290
37 140 185
22 111 138
67 173 278
34 129 210
31 134 174
69 9 134
97 134 240
63 108 180
10 0 19
27 148 349
64 19 218
64 145 246
64 184 275
26 128 172
62 164 319
22 83 194
73 140 238
24 100 177
13 173 202
65 147 216
100 182 295
100 78 198
75 57 158
37 197 256
49 117 176
89 2 105
69 11 82
39 40 79
39 85 143
36 4 65
48 123 194
98 169 277
6 112 119
2 39 76
58 158 374
42 116 208
58 9 240
18 200 223
35 159 350
89 131 230
19 190 351
80 76 177
53 166 224
43 57 174
66 20 202
47 74 122
14 1 61
76 163 245
20 97 153
85 175 303
74 88 167
55 110 205
48 34 85
38 139 177
77 0 120
13 38 203
8 142 221
44 116 165
46 94 163
18 180 206
3 176 216
97 124 231
61 178 373
48 161 218
96 103 315
27 85 209
11 112 123
96 170 266
55 150 400
63 199 291
73 25 101
61 49 155
38 170 311
60 178 427
13 56 247
87 71 165
83 39 249
4 68 78
66 156 403
23 173 242
55 115 180
16 192 282
93 119 217
99 138 247
71 86 166
43 97 145
61 161 252
34 108 165
25 134 176
22 195 233
60 74 161
44 132 177
85 197 291
34 154 194
70 132 211
10 24 108
26 183 228
63 31 98
72 74 156
52 28 90
8 92 137
9 173 183
37 56 154
68 35 242
25 110 136
20 178 291
8 57 95
10 85 100
41 14 174
88 122 219
49 191 323
16 17 167
40 156 206
