590
81 8 221
62 30 96
3 16 25
7 57 67
58 146 334
23 149 176
62 6 73
51 194 247
96 54 295
43 49 104
81 186 269
45 63 114
58 29 195
82 7 95
87 178 275
86 145 414
66 65 158
34 31 68
7 80 151
28 27 229
50 157 217
89 78 205
56 13 70
29 14 50
14 168 188
32 35 90
27 63 105
27 105 141
5 151 195
81 178 261
18 18 218
56 160 279
98 13 284
37 186 226
26 95 126
77 18 182
1 15 32
37 64 149
93 99 376
75 40 155
21 51 111
47 115 168
30 189 368
57 129 379
38 101 147
40 34 78
84 104 195
23 158 257
78 114 202
92 59 222
81 128 215
9 121 137
13 139 202
7 171 182
86 98 222
30 199 235
10 132 142
24 19 66
78 56 143
74 65 172
61 200 301
98 153 253
98 121 372
63 136 231
81 142 366
90 27 125
22 87 155
49 192 282
25 41 205
20 78 199
49 194 405
76 196 307
79 142 248
35 145 200
86 15 133
19 22 76
19 135 179
90 130 397
34 145 194
16 67 87
47 41 88
49 54 247
42 60 102
16 141 163
92 197 463
40 95 155
74 134 209
64 21 95
35 195 239
6 16 209
47 115 208
43 118 354
65 67 181
94 72 167
42 66 175
5 75 84
50 35 88
2 96 125
96 140 245
4 194 210
33 71 124
90 113 203
55 12 72
19 35 140
53 83 201
48 88 140
98 27 134
68 139 217
73 123 199
1 128 225
43 179 225
74 161 239
69 137 209
57 188 285
22 152 213
98 120 386
69 15 130
98 172 448
26 177 205
22 79 108
16 32 49
36 84 286
73 33 169
97 147 428
21 115 184
14 100 223
64 200 270
40 100 155
12 122 178
69 189 260
56 1 172
33 53 89
66 130 228
96 53 159
12 105 158
32 17 58
41 130 194
3 138 301
17 30 49
83 110 194
79 75 179
36 158 241
32 32 72
92 158 332
36 47 101
87 30 237
85 160 245
12 48 260
77 127 206
61 106 175
64 154 222
32 150 192
32 143 179
53 21 82
76 93 185
80 103 224
53 34 125
70 189 261
64 159 253
24 15 101
73 137 239
64 182 259
30 45 83
77 34 112
37 82 147
92 85 183
19 72 239
78 161 347
53 39 97
9 26 40
34 178 294
32 87 120
23 184 211
77 61 248
77 5 238
28 18 60
94 60 161
19 137 192
52 40 96
84 118 223
13 108 130
89 114 261
37 177 222
4 168 175
26 89 125
79 162 280
84 75 276
69 50 127
22 196 241
78 148 232
72 103 352
77 149 232
28 107 135
75 55 132
33 146 185
24 115 256
42 138 225
77 0 83
88 143 332
79 134 260
23 120 155
32 141 185
99 103 217
99 140 244
13 198 360
37 161 198
6 198 206
93 55 193
72 40 120
92 123 216
81 155 408
98 32 148
3 74 127
65 36 268
60 87 184
24 79 185
55 154 214
26 113 178
57 136 219
76 73 217
52 147 219
38 177 217
77 36 257
34 192 352
64 89 228
83 171 257
63 54 120
12 39 54
4 84 121
14 33 47
75 82 158
6 153 330
25 145 203
39 70 158
89 108 199
67 125 284
45 133 215
21 141 206
25 66 252
14 31 51
95 136 235
50 25 140
42 77 124
45 159 232
44 97 170
91 113 206
69 131 208
94 12 111
2 150 217
27 198 274
100 46 152
79 176 255
68 99 172
50 17 71
65 170 354
74 76 153
34 197 407
55 187 250
97 58 201
71 151 261
32 71 111
86 106 238
86 118 212
38 163 289
35 23 80
77 198 275
68 194 267
34 89 138
54 72 131
66 61 145
88 7 103
19 0 28
85 200 314
46 7 56
29 158 303
16 95 127
62 31 159
73 102 277
67 108 283
1 135 334
72 111 186
39 6 82
85 172 270
97 108 222
59 120 183
4 142 195
36 131 211
99 161 269
66 41 133
36 45 110
35 99 172
43 88 169
9 24 185
64 8 209
84 160 252
36 111 230
29 83 138
26 39 197
37 181 228
71 154 260
41 24 188
37 108 148
80 13 97
39 200 246
68 191 260
24 79 129
81 42 131
20 74 159
33 113 342
90 11 123
81 15 173
16 12 111
62 26 117
71 124 366
47 167 222
58 68 126
44 76 142
43 4 228
54 131 189
87 139 264
67 70 147
43 19 115
4 62 188
77 141 224
26 162 194
61 82 143
31 65 160
21 143 166
9 5 41
16 60 84
69 8 127
66 14 138
58 119 226
76 198 277
71 173 441
1 79 83
91 199 317
66 165 231
59 180 288
14 135 184
80 1 195
29 63 126
95 94 260
21 39 61
30 110 143
3 31 234
22 16 44
76 182 268
19 100 168
29 129 203
53 199 419
36 139 175
81 82 165
43 138 199
50 62 119
96 113 409
95 16 164
94 95 211
34 41 75
2 144 221
4 113 161
93 17 128
53 47 263
78 193 340
49 195 250
1 54 65
12 168 206
45 90 135
66 169 240
13 116 311
93 198 311
7 95 106
96 45 143
23 76 177
73 37 119
83 64 150
35 57 99
69 62 166
48 172 406
92 151 246
38 174 216
4 108 285
36 56 92
9 163 366
8 90 135
33 139 192
42 50 129
53 11 211
100 135 252
32 186 318
47 33 89
69 28 105
2 114 168
6 191 353
54 167 306
10 7 67
85 167 256
79 200 297
68 184 273
29 86 239
31 26 107
43 66 125
52 162 220
3 197 209
19 91 133
8 43 143
16 141 161
9 144 290
60 4 143
62 154 224
32 35 73
90 166 261
48 150 201
9 38 92
27 27 60
47 17 70
89 33 129
59 81 207
80 39 202
80 20 108
64 89 350
54 33 275
18 27 54
9 66 82
18 188 247
40 13 60
16 113 167
22 125 155
58 13 112
66 171 241
11 130 181
35 3 207
31 27 73
96 186 290
54 80 182
59 19 83
39 196 247
15 35 121
22 172 204
44 49 114
22 155 323
81 3 84
25 164 196
55 140 226
14 69 164
11 13 204
63 63 164
24 63 127
78 190 380
20 139 292
68 134 216
93 106 229
95 171 268
90 53 146
31 155 297
74 105 184
55 185 259
58 170 244
81 100 355
17 129 153
33 91 196
39 192 346
82 138 225
39 105 253
13 172 188
49 75 280
63 19 127
72 111 233
1 91 133
68 147 305
43 104 149
57 165 222
87 21 142
65 189 292
75 65 160
42 3 64
95 83 182
46 107 194
80 159 243
85 130 241
72 67 141
95 38 162
14 5 126
49 5 179
19 68 220
22 25 50
33 37 75
43 50 185
38 100 139
67 119 192
93 88 187
10 184 206
6 55 61
2 54 93
37 77 124
90 182 319
63 51 115
40 127 209
78 0 81
10 142 157
55 86 255
41 199 245
85 91 182
67 196 267
66 196 454
77 194 272
81 5 92
76 171 410
22 185 226
80 123 206
50 73 131
11 149 341
59 85 162
62 158 220
64 150 219
17 113 147
91 95 231
57 38 156
83 44 274
5 103 109
42 112 309
85 41 186
60 107 217
75 195 333
44 114 236
47 81 174
79 93 319
32 145 196
34 146 190
85 8 101
49 145 199
97 101 238
77 128 212
73 26 217
9 131 148
19 109 129
98 8 302
51 63 121
61 122 262
69 54 130
58 11 74
44 56 109
16 82 100
22 3 27
7 106 117
98 186 321
48 133 189
81 172 253
71 171 246
64 52 120
80 116 326
68 23 107
96 139 256
12 137 169
47 189 354
45 131 186
26 153 181
28 48 119
66 141 227
73 53 126
74 38 113
48 83 152
67 68 314
42 44 211
2 157 277
44 75 127
9 9 59
93 90 193
10 56 115
70 164 307
24 62 105
32 52 122
92 83 338
38 133 180
70 11 83
2 94 104
35 101 146
8 30 48
91 141 232
66 53 123
4 21 29
31 31 166
52 117 197
30 195 275
96 172 314
75 122 201
3 178 323
9 131 195
51 167 243
95 154 405
