470
80 106 332
71 109 200
13 37 212
97 32 323
13 134 269
68 129 206
34 167 203
98 23 265
23 55 81
97 154 253
91 128 246
78 167 251
26 67 237
71 99 219
9 43 52
45 183 235
6 134 145
17 20 74
26 79 112
63 194 257
48 73 123
38 126 266
90 175 284
42 134 217
38 22 81
4 125 243
11 45 57
53 128 211
32 66 205
92 46 139
27 194 265
30 162 199
35 68 190
17 185 224
60 194 273
97 174 282
93 153 246
8 175 198
72 79 156
27 92 243
65 124 214
9 7 193
31 139 173
60 49 109
97 184 306
41 153 194
97 195 293
73 190 276
89 118 249
73 9 248
5 90 124
7 149 234
34 6 232
25 59 100
68 20 226
100 46 225
63 114 191
58 55 143
79 84 211
51 160 218
80 5 91
81 176 258
5 140 328
56 39 219
87 151 420
82 149 241
27 77 243
2 93 126
55 81 163
33 113 189
26 17 49
42 140 187
81 70 173
96 16 118
76 177 260
12 167 183
47 59 114
12 6 98
67 47 118
36 53 97
37 129 345
68 118 196
29 35 237
48 35 120
42 162 213
24 172 370
91 158 299
88 191 424
89 90 191
18 93 279
59 128 194
13 74 188
55 67 220
54 126 183
7 90 100
88 166 348
21 58 194
6 81 95
69 175 254
88 200 321
6 67 92
62 126 329
58 68 136
94 170 437
85 120 212
17 86 143
38 111 231
99 61 195
50 66 123
80 167 289
61 83 154
66 182 437
32 88 122
82 197 321
61 135 204
62 103 306
95 70 298
29 106 321
1 112 122
50 114 203
32 34 78
67 176 337
87 139 236
76 57 315
2 26 38
7 10 90
18 180 200
90 64 160
99 41 150
18 157 262
47 192 272
90 178 423
87 83 339
49 24 95
61 68 153
54 51 144
19 66 194
5 136 144
92 72 165
14 186 239
37 176 222
34 127 163
85 138 234
77 56 183
44 197 273
36 11 47
24 12 150
19 82 118
67 194 431
11 105 224
9 117 127
8 86 234
52 169 262
65 53 119
5 71 84
51 79 137
11 153 196
72 105 180
79 7 92
52 192 260
23 199 254
72 29 109
11 135 158
22 124 319
83 89 177
22 73 126
3 16 58
87 27 119
34 92 170
75 79 162
75 90 169
23 91 169
41 65 283
41 94 179
8 108 217
97 188 294
9 118 192
98 48 147
80 149 341
25 107 138
18 29 157
86 111 228
70 2 97
12 180 201
48 125 182
91 4 118
54 163 369
37 34 169
56 9 92
24 88 138
57 31 225
51 18 96
66 177 247
39 179 227
35 173 243
97 145 244
59 113 178
1 63 261
73 169 304
83 199 463
93 77 174
69 162 381
14 119 135
59 105 169
61 17 87
34 130 174
57 146 208
57 193 333
17 96 148
57 16 75
39 89 152
23 130 205
4 195 208
49 95 149
1 129 221
83 141 265
36 41 78
63 134 197
70 108 213
36 164 217
43 169 324
44 113 339
22 192 215
93 56 157
33 97 257
23 157 305
37 174 216
66 149 287
22 11 46
54 86 145
4 41 52
24 121 287
3 191 228
33 90 143
53 57 176
12 102 282
13 51 72
57 10 116
68 7 80
87 51 188
49 152 233
52 127 350
82 72 163
61 152 261
77 109 284
13 38 66
96 10 198
13 58 243
35 86 128
22 2 63
30 41 213
93 194 337
62 12 74
48 64 117
41 116 192
74 55 130
24 39 187
99 189 291
34 137 171
46 21 70
6 187 317
84 2 100
44 121 193
87 163 391
7 4 16
57 197 263
3 126 150
53 159 246
43 165 208
82 101 191
71 127 243
58 188 393
7 51 84
47 109 164
31 198 241
3 48 56
64 154 225
57 190 281
21 96 139
88 54 184
53 89 144
81 153 239
41 107 345
98 184 319
98 95 219
17 62 91
57 88 172
82 31 292
28 89 120
21 62 87
8 128 156
15 17 191
6 134 261
34 45 84
51 157 215
68 54 143
95 22 151
71 15 89
53 120 178
81 155 243
74 50 126
73 115 188
43 25 77
82 76 167
69 45 139
36 142 184
51 55 245
61 198 266
47 18 66
23 45 152
4 63 100
41 164 230
86 100 223
92 77 171
60 160 246
67 195 269
81 94 177
94 81 338
93 7 133
44 176 336
76 29 135
90 71 179
39 117 277
37 108 323
57 112 227
71 64 295
21 181 231
53 135 196
27 130 166
81 181 271
37 71 115
69 70 147
26 84 112
94 148 244
98 128 231
71 169 250
96 180 420
19 100 140
54 178 261
92 107 244
23 109 140
61 164 235
13 102 118
88 138 255
76 142 218
57 48 146
6 145 188
54 12 164
81 5 123
39 182 226
48 99 157
74 45 125
32 15 180
74 157 348
3 174 179
39 104 153
15 172 191
80 84 248
65 137 246
26 26 52
34 56 95
81 181 354
35 0 49
59 143 218
97 75 307
27 180 210
39 19 83
28 144 173
90 8 202
24 80 173
48 188 389
93 170 295
88 187 357
65 104 263
23 138 207
53 24 98
96 20 133
75 169 367
45 114 208
53 0 94
97 1 99
70 17 136
41 126 193
29 190 243
43 196 270
34 146 339
14 98 178
96 146 280
10 169 291
42 75 118
90 95 187
14 106 194
5 185 255
27 167 194
71 104 221
15 101 144
84 1 85
61 36 102
52 141 201
9 170 258
10 61 103
9 156 364
33 164 200
9 185 201
10 73 99
26 18 82
87 170 298
76 113 198
31 11 150
60 150 218
54 174 260
27 29 57
15 7 22
19 188 210
76 41 120
35 132 287
82 69 189
47 13 154
42 31 120
47 134 226
77 16 101
39 167 208
55 182 287
74 155 231
25 94 122
99 132 278
100 77 216
43 72 153
35 126 161
93 89 191
19 89 216
60 30 238
57 14 79
10 4 172
70 28 128
35 166 211
1 17 24
83 35 143
29 190 234
91 61 159
73 33 113
39 73 189
68 29 207
69 71 274
67 73 287
38 139 182
53 121 267
7 1 27
93 85 181
42 40 112
9 146 156
29 50 83
95 200 330
78 69 276
93 196 333
70 10 97
5 96 178
50 89 260
26 19 59
49 150 213
64 57 131
21 115 156
75 192 346
98 78 245
4 131 140
80 123 292
93 140 243
1 180 304
99 64 186
30 80 160
