230
22 117 148
76 183 259
26 54 255
38 161 201
63 148 233
21 61 83
33 171 358
98 119 257
72 35 115
74 133 309
83 143 269
30 9 147
78 52 131
91 90 185
73 28 111
79 76 162
27 80 116
54 188 423
57 104 172
22 89 117
87 119 236
16 158 251
71 9 204
54 167 222
89 33 130
51 1 57
38 163 205
94 25 122
41 181 227
39 146 193
85 45 176
36 28 114
16 75 200
40 30 253
78 85 163
69 186 292
1 111 261
56 84 168
57 11 108
75 66 142
67 146 393
53 104 200
23 84 134
94 54 151
24 197 234
43 120 333
14 92 127
88 196 285
20 90 292
86 168 378
28 70 118
8 31 48
56 165 237
41 193 243
47 126 278
78 9 91
4 32 158
17 96 116
78 70 155
53 181 258
89 156 382
61 192 253
11 72 216
99 159 265
39 61 100
12 152 173
13 143 175
88 191 428
20 110 135
28 144 222
82 114 254
91 142 271
78 129 212
42 161 203
45 111 163
18 178 205
49 188 282
83 63 332
41 148 203
70 79 159
76 39 150
91 81 247
85 81 187
59 105 309
92 120 325
85 1 87
84 148 244
32 131 163
95 108 343
19 117 142
5 0 201
46 157 250
46 149 232
33 195 248
54 66 128
27 108 180
91 73 214
76 42 127
57 79 169
11 118 173
61 25 88
55 55 308
96 195 368
17 175 382
57 116 293
2 83 121
43 80 238
77 58 244
66 90 158
3 184 194
47 157 214
40 5 48
90 56 154
68 169 239
37 158 199
17 187 214
96 32 131
80 154 240
97 95 356
90 182 275
60 149 267
88 49 184
28 6 37
93 89 184
45 89 135
28 131 180
53 134 190
3 85 111
16 14 31
46 100 160
69 19 104
81 3 85
30 146 286
99 96 200
90 174 293
25 85 271
18 25 154
96 28 130
95 75 190
44 114 204
74 195 426
72 157 419
94 198 339
3 194 206
93 75 173
20 128 160
3 161 232
24 151 214
68 148 306
71 96 245
10 160 359
72 195 298
94 142 247
85 26 121
33 3 177
60 61 141
73 200 279
31 118 153
44 15 67
86 13 111
5 30 139
63 155 222
29 183 354
84 199 319
81 13 115
17 158 182
29 157 196
30 60 221
18 184 245
43 183 240
20 83 110
64 180 251
93 105 211
16 133 159
86 177 395
21 157 222
34 65 156
25 157 187
29 51 84
23 19 45
96 187 407
71 186 422
3 110 218
59 155 254
54 87 144
54 23 77
28 22 57
64 196 316
85 60 162
51 1 192
89 84 174
64 104 170
1 122 125
61 14 100
39 192 257
99 162 269
50 113 251
76 111 234
45 7 86
75 6 94
100 149 351
12 137 311
28 190 275
61 140 235
22 7 31
57 65 124
22 178 200
4 26 132
39 135 183
5 25 76
71 130 204
100 53 187
35 55 92
96 65 165
16 17 68
87 22 124
50 92 297
77 50 140
24 6 38
12 150 171
94 72 172
58 7 75
44 63 121
68 81 150
80 128 215
43 24 207
7 131 148
4 154 174
4 86 97
90 5 97
