850
7 199 211
90 134 257
45 84 157
13 120 162
13 135 171
76 82 237
11 10 35
74 25 103
84 11 137
66 97 168
48 185 276
65 124 220
99 184 333
94 25 119
44 94 138
11 41 87
96 89 189
37 23 148
64 54 128
63 90 162
90 82 178
76 132 213
77 171 251
57 116 177
33 60 138
47 76 126
86 43 175
83 137 237
13 164 209
12 67 114
75 57 134
52 152 242
1 166 177
55 56 267
25 139 164
97 104 202
79 21 147
29 26 140
1 129 256
79 52 135
54 13 71
51 186 423
68 184 261
96 75 221
91 4 96
6 136 149
21 196 227
71 91 246
64 45 116
82 178 308
58 113 211
51 110 203
89 31 158
73 67 144
80 62 157
5 51 100
76 133 277
45 20 75
27 87 161
71 28 131
67 22 126
73 195 272
59 33 170
76 26 112
12 123 139
100 194 401
61 119 196
84 152 249
84 179 271
25 13 38
26 108 148
11 92 103
64 164 418
62 80 219
32 196 283
29 78 112
11 164 180
87 183 275
78 42 151
20 75 105
91 62 331
9 129 190
40 64 277
52 143 199
59 178 326
61 162 231
19 114 141
17 135 190
56 111 272
69 62 211
37 125 200
66 132 234
57 92 153
4 170 307
54 125 185
70 21 101
76 38 141
52 149 211
49 75 130
20 181 389
2 68 74
31 56 231
34 102 181
65 105 328
95 52 151
64 4 223
94 116 220
58 37 105
8 10 213
93 154 252
83 79 168
49 152 203
57 32 90
95 176 385
56 63 121
7 36 46
1 74 106
85 159 273
100 63 232
9 99 109
70 169 246
93 147 363
6 26 124
68 186 259
50 94 148
96 12 173
1 33 39
57 9 70
59 42 151
100 108 212
67 199 268
75 80 158
39 0 194
53 36 104
35 144 189
75 7 85
12 20 134
32 167 218
13 34 51
70 23 95
87 158 246
75 5 80
36 117 163
12 6 28
30 112 223
4 133 316
84 6 143
88 179 277
20 134 166
14 38 217
86 84 194
83 155 280
80 163 370
31 27 59
43 3 49
22 39 104
85 144 234
76 8 95
33 76 118
77 43 130
3 104 134
32 132 317
26 28 54
21 31 90
4 178 201
95 30 137
12 50 172
44 84 129
83 197 289
61 87 157
9 75 125
29 73 107
36 150 214
42 8 79
49 62 206
78 11 89
91 54 237
85 89 183
66 56 125
91 149 241
83 198 291
37 99 144
95 110 306
74 27 130
15 27 224
32 84 280
51 109 162
32 152 199
9 83 166
64 62 138
8 102 112
43 200 249
45 104 209
20 190 245
16 115 135
1 122 293
82 122 209
6 189 195
39 129 334
47 163 220
100 100 231
25 138 181
34 42 259
73 68 141
85 32 145
42 76 148
68 71 144
35 71 135
36 70 109
76 96 233
57 94 153
35 16 60
56 2 242
54 84 167
47 97 153
74 49 165
93 143 239
79 99 181
10 57 71
37 66 186
94 183 278
79 77 179
70 32 111
68 12 216
67 8 82
80 150 409
48 138 224
62 119 301
1 140 159
56 46 110
57 187 257
34 86 126
50 200 398
24 104 229
45 29 202
44 32 203
18 55 78
19 62 89
60 161 227
40 84 153
95 55 198
25 151 207
16 72 98
92 131 355
93 53 206
43 57 157
2 200 202
11 38 141
34 12 46
11 56 80
12 103 132
33 184 328
67 86 227
55 112 173
84 121 326
57 79 206
20 17 38
86 79 174
8 42 73
56 16 82
90 181 281
68 39 158
88 14 125
92 54 174
49 187 237
92 95 233
56 167 223
29 61 118
41 23 68
91 168 374
46 63 206
25 53 86
91 141 242
50 33 225
21 190 213
41 2 50
30 18 49
97 61 206
100 164 300
69 20 97
31 156 193
6 43 52
50 15 77
27 115 219
25 42 160
52 98 289
87 198 471
36 74 188
8 5 70
38 176 235
51 8 65
17 137 163
13 152 278
20 12 33
17 40 59
55 153 217
1 21 28
30 45 99
93 134 356
77 55 135
4 44 64
66 58 138
96 64 354
72 135 211
89 193 365
91 139 260
65 195 290
41 56 211
98 137 241
68 191 263
66 25 104
98 146 264
77 49 126
85 146 336
26 97 168
94 101 204
3 0 10
1 15 23
91 47 334
77 142 219
93 180 405
82 67 169
61 91 159
85 29 130
90 42 132
99 185 432
63 123 277
50 60 142
59 190 370
23 50 269
21 17 54
7 75 129
61 0 149
50 77 212
84 7 92
88 28 138
21 97 167
38 180 220
33 178 215
26 153 213
36 122 171
82 33 158
14 174 188
2 112 302
26 73 147
75 103 248
58 65 154
12 8 55
40 167 217
45 95 146
6 171 178
96 48 318
69 59 162
77 127 241
19 65 123
57 65 208
1 142 186
55 75 161
82 104 223
32 149 191
70 35 111
85 42 156
15 159 198
65 168 247
28 83 232
33 91 152
93 50 150
97 59 161
39 174 382
86 132 251
24 126 150
89 33 207
98 27 266
70 5 265
32 171 209
51 178 236
40 76 156
54 181 254
76 144 257
99 54 161
4 52 96
36 108 281
21 93 289
49 121 303
84 198 308
69 41 130
73 49 122
80 17 270
78 135 217
68 155 232
78 126 209
31 31 69
35 134 175
9 89 297
95 85 195
82 76 252
8 109 167
21 46 67
24 40 73
34 21 60
73 174 429
13 43 61
56 38 143
78 127 268
64 155 266
64 27 180
22 46 74
90 21 129
38 151 225
2 5 138
25 41 108
8 70 111
60 79 143
52 130 224
5 180 186
71 94 200
84 112 202
97 34 185
92 141 340
52 165 217
67 191 381
63 51 117
5 193 293
68 46 123
54 112 179
92 108 278
52 157 218
29 50 86
9 192 217
78 12 102
76 59 247
68 70 223
6 27 36
37 120 205
77 98 178
74 142 256
37 23 232
31 188 222
37 122 207
42 145 217
72 138 252
36 66 205
60 196 264
52 122 174
59 121 181
84 76 262
70 63 134
65 3 110
52 128 204
54 15 147
48 108 164
35 45 97
99 55 189
32 168 200
7 29 209
61 0 147
94 46 179
74 178 252
66 117 296
73 84 241
52 98 155
41 192 237
23 16 79
59 88 168
24 149 257
27 131 161
10 186 221
88 149 251
33 85 121
76 53 130
94 73 194
83 130 213
36 195 239
79 38 262
83 169 308
22 80 102
77 88 173
7 125 139
77 72 154
4 69 97
13 4 95
86 193 297
79 123 223
63 163 254
58 161 222
95 27 164
69 59 134
19 79 211
93 174 332
91 89 190
1 182 184
70 168 240
83 12 97
43 34 103
89 70 169
23 18 66
90 178 408
79 101 189
38 31 76
36 102 138
85 130 258
84 110 228
65 98 166
61 25 228
80 82 308
58 122 260
69 91 194
28 57 87
41 109 150
64 88 289
78 77 204
76 129 222
11 82 104
33 112 157
39 128 187
6 161 168
22 21 63
99 187 480
92 194 361
11 167 224
22 172 235
10 85 175
16 198 229
93 130 231
81 195 277
51 167 403
17 53 244
88 14 251
68 138 210
9 51 103
89 141 272
40 84 128
9 0 17
51 181 241
40 16 57
17 54 104
54 64 161
69 176 373
16 114 150
18 90 118
40 3 46
19 169 278
84 62 179
12 27 58
19 44 96
55 196 257
16 145 268
55 11 70
8 72 86
91 16 116
49 155 276
71 103 178
51 42 148
41 150 196
3 184 191
48 25 82
89 55 188
91 63 165
90 63 188
47 80 136
12 111 124
86 115 206
73 11 87
57 93 168
11 98 112
99 196 324
28 154 186
10 140 200
71 50 227
48 28 84
23 189 241
22 17 43
23 73 138
63 16 92
88 170 308
46 198 289
52 172 227
1 147 184
97 147 275
14 157 338
3 2 9
27 24 61
18 177 242
20 30 219
58 86 183
85 187 297
72 200 447
39 66 114
46 160 226
98 157 293
88 176 268
93 177 271
75 54 243
59 38 260
87 97 193
97 34 318
11 35 100
71 33 114
79 125 256
75 35 153
63 99 165
57 192 256
100 102 204
94 68 167
9 167 224
38 58 141
91 93 205
24 141 167
60 31 109
89 111 273
74 195 320
25 197 232
100 94 197
9 64 262
30 59 90
48 41 258
7 143 319
69 28 103
72 88 179
9 107 117
73 56 160
45 83 163
68 20 122
16 29 52
26 140 201
74 153 264
68 72 164
46 59 192
35 85 162
7 145 162
99 77 221
39 88 127
1 148 150
66 82 158
65 94 208
43 92 135
25 60 95
44 165 258
48 154 230
27 38 71
47 69 192
58 165 225
92 141 257
44 48 105
54 116 173
9 88 107
8 35 89
14 79 287
98 105 216
72 121 269
97 137 238
95 112 257
95 171 287
13 24 138
99 112 334
83 166 257
57 184 352
29 125 196
55 130 191
18 153 189
28 134 203
48 6 82
61 111 179
29 34 70
11 145 163
45 37 124
97 87 194
70 28 242
13 43 222
5 129 210
87 149 236
50 101 179
99 73 181
24 27 51
77 101 206
63 175 327
9 101 113
86 71 167
88 186 311
36 8 183
64 140 204
2 119 218
49 59 117
38 5 47
95 33 154
78 167 247
57 66 142
27 47 74
35 184 224
54 61 136
65 197 266
62 144 261
5 62 72
57 62 119
66 52 127
93 106 209
42 112 160
37 2 42
34 4 197
8 62 72
57 161 277
4 77 101
89 192 305
58 176 240
15 26 65
2 53 72
73 124 249
98 167 268
24 104 170
54 176 237
27 32 121
81 173 289
63 143 212
48 191 282
57 120 184
45 13 106
90 77 185
70 14 101
26 23 52
29 130 166
84 80 212
92 131 228
95 29 125
25 37 112
11 156 188
1 16 103
10 97 152
93 20 160
90 88 200
6 103 117
24 95 128
40 60 132
81 177 296
35 16 54
15 82 100
51 66 125
62 164 229
51 90 302
46 97 156
81 121 229
15 116 176
59 60 126
27 126 177
48 69 157
8 44 138
33 145 195
10 169 186
90 80 188
97 10 113
6 34 232
29 177 210
1 153 176
72 199 285
11 64 78
67 117 217
37 20 92
33 154 232
95 6 110
49 149 288
58 14 89
12 157 169
25 190 216
12 58 162
49 176 345
19 2 42
75 106 185
95 173 372
80 136 310
34 26 103
36 25 85
10 195 320
96 26 243
34 25 88
92 83 180
71 166 244
58 107 198
20 10 30
79 24 251
83 20 146
80 91 200
91 84 175
49 90 225
36 68 106
49 118 174
99 41 317
84 45 139
10 18 36
25 9 36
6 176 192
85 49 181
81 189 363
70 105 230
95 42 141
61 95 205
72 47 120
26 99 207
33 99 138
49 47 137
56 124 189
93 41 183
98 19 160
28 63 93
77 63 166
47 53 108
16 75 97
53 148 369
76 136 288
28 166 235
5 146 155
17 98 140
82 166 248
52 200 365
69 63 172
21 106 149
87 31 120
31 126 162
73 169 396
14 41 193
71 111 236
88 123 296
53 135 241
25 152 220
60 109 356
71 169 246
61 11 117
48 97 222
16 169 243
40 104 147
18 15 230
65 25 100
71 170 244
33 115 159
14 157 176
74 176 255
81 2 84
4 162 168
84 199 288
85 70 165
51 4 59
24 199 232
45 13 66
99 27 126
3 166 179
51 27 90
13 5 20
98 86 228
1 57 62
11 54 69
71 51 160
57 31 98
