750
15 50 67
67 74 167
70 14 138
84 160 245
16 30 145
14 46 60
17 61 85
61 142 213
60 137 274
28 33 104
35 25 70
24 74 143
25 119 271
76 95 312
37 2 43
26 195 259
23 102 147
56 94 198
85 14 109
82 44 271
80 140 222
82 145 227
12 58 78
95 198 418
51 174 244
11 69 90
77 177 286
66 114 213
97 105 228
37 148 349
73 96 194
56 169 415
69 20 99
57 115 215
60 134 202
10 47 92
12 155 167
69 175 294
31 69 132
33 197 248
78 62 147
98 86 190
9 105 124
56 52 110
82 81 190
52 72 127
55 116 171
19 129 206
47 80 146
30 76 154
69 108 179
69 179 252
4 151 244
89 200 299
86 71 158
4 45 88
30 147 181
50 39 129
53 44 127
46 157 359
86 138 253
54 19 106
97 151 319
76 35 116
47 8 75
34 83 141
69 149 251
88 112 200
69 84 191
59 172 241
68 194 282
76 134 219
50 118 169
61 45 113
99 28 156
85 22 109
66 96 210
12 134 146
16 56 81
27 199 233
26 96 269
94 53 158
61 129 217
88 36 146
70 19 109
53 99 156
92 70 166
73 188 266
79 58 142
26 167 200
5 169 180
55 129 187
70 54 219
30 66 96
97 179 410
81 31 116
95 64 203
86 14 176
56 23 118
65 52 120
3 84 128
88 52 162
86 3 91
52 62 154
46 186 232
97 124 222
90 18 110
35 116 168
42 0 65
56 44 107
12 138 152
100 46 162
68 83 201
24 83 198
10 89 109
21 7 141
28 175 205
80 28 122
60 138 200
3 151 161
51 147 200
76 68 146
57 54 115
26 98 152
7 47 187
21 164 230
48 54 279
34 129 270
57 198 255
80 55 142
18 56 252
13 92 146
32 60 98
76 126 320
83 150 250
94 152 260
69 167 243
64 155 248
21 82 139
87 18 107
85 147 239
66 179 286
97 142 345
91 182 315
57 15 79
46 184 351
59 197 414
60 7 155
85 40 126
90 15 107
31 69 134
62 151 347
17 92 238
32 3 41
40 30 73
3 155 195
79 46 302
49 182 265
94 132 264
38 136 182
79 143 231
30 78 147
23 136 169
2 38 44
63 42 112
48 45 97
65 158 225
59 71 218
69 44 121
9 33 43
34 13 57
3 52 63
69 165 394
85 90 177
17 43 63
46 180 232
53 198 251
1 35 201
35 24 67
73 8 85
87 101 197
98 65 200
23 19 46
23 179 279
65 31 102
50 2 56
25 44 75
14 25 46
100 65 199
18 124 154
55 127 311
92 44 139
57 118 180
46 111 196
93 86 188
33 107 257
28 44 166
75 161 304
35 132 205
77 185 266
93 167 410
73 156 236
32 136 321
8 61 72
95 93 190
13 24 39
94 127 286
51 195 256
19 61 83
36 89 184
59 90 165
77 71 151
80 63 327
25 46 249
40 174 348
27 20 79
15 131 177
54 133 193
18 102 245
64 32 109
59 134 196
66 192 260
44 56 115
74 187 267
69 19 97
9 141 152
47 168 222
3 110 281
89 136 233
73 116 189
99 49 182
32 89 122
81 126 275
32 13 123
59 48 110
72 76 150
67 79 146
97 111 345
93 136 231
76 55 136
52 151 211
84 184 290
100 40 281
57 89 155
57 108 181
54 169 224
20 168 191
98 162 264
93 3 112
60 65 242
44 94 145
50 186 265
23 60 90
50 58 258
65 196 269
50 25 218
16 18 42
91 130 223
1 29 79
19 69 134
21 122 205
27 176 222
28 68 106
3 0 128
54 74 135
11 27 195
86 55 148
71 32 234
6 53 71
2 167 169
34 195 230
77 86 169
36 83 122
70 138 211
16 112 163
21 163 300
67 112 185
51 128 219
70 98 214
73 14 129
24 91 117
80 138 259
56 60 241
34 111 154
70 193 269
19 98 186
22 56 78
70 1 72
37 21 80
22 51 204
36 20 76
7 48 93
54 50 137
29 158 227
41 48 193
48 150 207
46 150 354
5 38 98
15 77 166
2 27 35
61 58 121
10 132 150
79 66 303
66 181 424
64 130 220
94 61 155
67 81 148
59 162 222
57 68 154
41 59 103
44 148 199
22 179 325
41 84 129
9 191 225
89 93 361
4 19 23
20 128 330
89 42 131
52 41 126
87 110 228
92 40 145
31 20 154
5 19 191
17 73 121
38 2 49
38 37 85
67 182 301
69 50 182
95 80 178
80 113 201
32 71 264
21 158 184
30 67 103
9 171 192
88 194 409
78 76 188
18 67 283
26 25 82
63 115 199
82 122 211
13 60 73
88 162 297
71 120 320
88 42 132
13 2 51
78 129 208
77 118 255
25 65 224
22 122 188
84 49 157
34 60 139
27 19 190
9 166 184
1 27 134
13 109 132
58 156 224
94 100 204
1 144 157
59 78 169
90 197 313
12 200 230
86 35 276
43 197 277
59 5 99
14 92 111
1 66 71
21 180 237
49 114 164
26 45 233
15 66 110
38 121 169
58 91 170
61 99 165
4 197 353
27 110 170
28 106 137
30 32 86
2 92 97
30 25 58
87 150 264
42 163 215
13 76 237
94 71 205
36 112 151
3 102 141
75 196 327
97 71 248
98 132 241
28 110 167
52 41 140
7 83 94
70 133 358
84 177 423
37 138 199
45 82 164
14 190 297
40 63 177
18 3 69
84 9 100
15 176 217
68 20 133
31 153 216
74 138 320
17 43 103
31 19 86
13 165 183
3 70 184
17 174 199
83 20 138
52 44 101
30 145 184
11 85 262
81 10 94
11 9 54
29 111 141
7 82 91
47 103 159
85 137 227
46 7 57
91 26 173
33 32 73
80 47 157
33 3 44
76 81 190
13 137 168
79 199 297
63 51 119
61 111 182
57 38 105
75 162 274
9 120 134
23 81 152
10 75 98
11 88 103
7 61 91
52 146 203
91 186 278
88 0 228
87 154 326
64 32 117
38 51 89
4 61 126
75 56 246
58 133 211
89 13 233
59 168 279
50 166 220
38 78 306
87 4 101
38 162 249
52 166 226
30 60 280
10 79 172
90 100 289
87 73 251
10 120 131
58 94 188
92 199 302
45 12 75
34 26 63
94 29 125
90 28 148
24 97 123
75 151 369
1 7 18
65 170 264
62 35 142
86 115 229
79 64 149
81 73 350
83 31 144
96 157 253
24 98 306
55 179 244
61 84 223
58 182 258
78 116 282
29 86 192
40 125 348
36 88 127
9 78 93
79 88 208
87 188 310
27 11 46
7 115 126
58 122 207
68 146 242
28 118 219
63 80 150
72 98 179
42 80 130
80 122 233
8 53 70
84 122 208
70 151 375
22 200 255
8 165 338
81 105 224
97 15 226
17 23 44
4 196 244
97 69 261
28 5 189
100 162 388
89 31 129
74 200 313
86 196 319
48 87 142
6 189 195
54 94 183
24 164 197
78 88 172
8 146 160
91 51 155
3 134 137
34 77 118
7 120 127
48 146 200
13 185 292
2 70 79
30 104 214
62 7 218
62 18 111
51 140 195
96 49 206
71 0 80
27 8 83
9 48 73
52 101 154
57 94 215
2 143 266
92 24 143
66 10 104
24 63 95
5 147 161
60 200 398
31 15 46
69 9 78
37 134 178
52 162 353
10 168 194
68 12 86
30 45 80
53 93 269
35 90 240
13 53 82
8 117 127
13 69 139
14 175 189
46 157 220
68 126 211
44 178 265
60 159 363
10 122 140
17 164 182
99 18 165
81 29 116
36 44 86
53 17 128
9 82 101
2 27 32
96 37 138
46 27 82
79 146 325
96 94 198
31 175 218
88 85 222
78 99 191
30 147 179
34 122 165
19 12 45
1 99 108
52 56 118
4 63 69
79 199 320
6 137 182
24 119 164
11 106 161
36 193 246
27 141 318
76 150 226
60 79 149
64 116 190
60 24 113
8 34 60
4 89 100
98 116 217
19 29 58
80 76 247
92 117 249
60 172 254
73 110 295
51 45 103
94 26 150
31 177 235
33 60 126
19 189 240
78 79 280
53 150 210
4 12 53
59 131 240
82 48 178
42 162 210
48 56 132
5 53 93
87 184 272
88 146 234
34 102 160
18 81 147
14 87 138
24 40 70
84 71 158
32 131 204
8 0 51
10 196 213
22 171 196
49 19 88
2 46 111
91 17 259
12 173 191
96 163 300
37 123 332
85 80 184
95 12 247
69 4 78
5 64 123
98 117 230
47 16 79
46 35 88
57 128 185
73 103 277
58 63 171
56 89 145
72 153 231
91 200 295
9 34 53
8 70 78
32 198 235
52 43 138
87 14 161
94 98 196
7 64 75
51 110 167
36 35 77
71 134 222
95 66 166
99 108 217
24 174 203
77 195 282
43 93 146
55 170 230
56 106 172
42 138 343
86 6 92
43 38 87
84 77 208
72 179 295
95 170 305
77 91 169
71 63 262
4 124 130
18 187 359
86 77 197
88 167 260
51 66 151
60 171 290
59 134 200
50 182 241
8 183 218
20 101 230
16 4 22
67 136 203
61 106 344
67 27 95
11 40 51
22 126 174
67 8 78
89 189 478
43 10 72
10 91 264
69 36 153
64 21 130
79 186 272
94 120 228
70 186 299
4 166 211
65 14 168
85 149 282
35 8 49
5 40 81
74 134 223
11 31 50
78 154 247
46 181 228
96 133 246
64 130 220
42 110 242
55 180 241
57 168 275
30 36 257
72 198 466
61 129 316
4 108 115
53 42 102
90 106 221
7 78 123
84 74 180
44 132 186
56 129 233
10 3 33
96 42 157
76 140 372
81 46 129
93 28 152
25 40 107
31 146 184
82 30 199
38 101 255
69 181 255
1 37 46
81 29 131
23 1 50
32 21 54
96 102 208
65 90 216
75 149 347
81 181 265
32 166 203
44 192 238
33 145 249
56 82 325
51 56 141
38 193 358
96 125 229
3 55 59
68 110 186
58 59 257
89 154 252
89 51 148
50 158 264
21 120 207
7 117 163
31 172 210
72 107 182
24 179 391
68 34 146
15 73 98
69 7 78
79 179 279
80 66 151
