590
97 160 295
40 169 325
34 189 240
32 160 215
16 192 293
33 72 112
89 195 358
18 182 206
79 2 172
4 105 243
91 169 285
30 92 133
5 172 223
37 55 98
92 25 155
3 1 4
52 17 80
48 24 79
100 107 247
68 149 283
81 127 213
59 78 144
17 9 27
41 59 168
67 174 277
2 200 207
23 95 232
21 186 240
53 57 118
22 78 116
56 52 156
12 161 311
21 69 126
28 149 326
60 66 133
98 28 127
98 26 162
90 150 256
18 68 104
2 12 29
13 177 213
28 133 354
36 181 232
91 13 253
97 19 159
28 200 232
80 2 175
24 156 192
90 125 262
28 187 217
94 65 194
38 20 67
79 171 446
5 70 82
56 48 118
50 82 203
58 161 227
4 37 227
24 45 263
43 128 182
67 99 277
61 61 124
83 4 90
81 36 122
31 161 203
8 41 101
69 167 273
61 35 103
60 27 236
46 127 269
12 97 200
80 34 143
21 22 51
35 85 128
16 43 79
27 123 301
54 182 391
21 39 65
53 157 211
81 188 272
52 85 171
7 147 158
81 18 117
18 70 88
87 139 290
64 17 93
37 127 175
18 11 179
27 2 82
58 33 93
86 178 271
5 125 135
98 107 328
75 100 180
56 149 214
69 16 116
26 181 207
6 159 174
84 24 130
66 45 114
63 162 257
36 160 200
32 25 252
25 3 33
2 164 206
4 5 14
54 128 190
50 69 256
5 157 206
79 124 293
57 40 104
35 53 238
31 112 152
18 120 289
82 36 135
8 193 206
54 43 187
69 82 334
68 174 242
16 103 128
1 170 171
43 172 217
64 3 70
66 168 241
98 33 133
74 41 125
1 137 147
97 134 231
73 128 234
51 170 235
24 10 49
53 4 65
50 128 179
47 102 291
14 109 128
77 193 467
60 118 179
49 171 309
48 133 355
55 153 241
71 48 298
92 94 254
8 74 126
31 57 95
5 193 219
96 187 284
2 135 139
33 39 149
63 26 92
31 189 345
100 97 371
31 195 230
22 51 83
26 154 185
89 112 250
74 100 214
34 33 75
45 122 295
46 117 196
16 198 377
44 94 180
96 182 329
2 8 161
86 104 316
60 180 253
67 65 266
11 179 202
38 117 158
88 164 417
33 80 152
28 62 100
33 50 208
30 51 81
33 199 381
36 190 231
78 40 154
16 152 254
100 98 204
60 162 225
56 175 239
46 63 196
3 68 130
36 199 241
31 132 355
58 53 121
64 1 74
88 191 401
37 112 158
26 79 192
45 86 271
68 149 267
76 111 251
9 75 92
12 106 133
60 155 232
83 155 240
87 57 154
47 13 181
10 82 95
21 148 193
17 17 39
41 53 102
84 55 262
13 121 139
52 7 66
66 43 139
5 51 97
22 88 110
77 144 353
37 126 195
45 84 171
49 129 185
8 163 198
47 115 206
49 77 285
13 40 56
16 121 138
15 155 174
60 159 223
89 198 478
99 81 367
22 67 280
9 146 156
21 48 75
34 180 321
11 50 104
86 46 220
30 189 225
83 194 325
25 138 256
48 17 234
41 164 248
57 29 160
81 40 135
12 65 99
58 109 188
83 193 280
70 1 83
2 176 197
46 133 227
9 26 79
82 53 140
70 111 191
68 61 165
7 193 215
78 50 175
62 192 261
2 47 62
63 98 168
45 177 222
9 120 178
91 199 291
84 79 357
34 21 59
43 27 77
86 134 220
27 50 134
33 125 268
69 99 173
12 74 96
20 104 157
40 97 146
21 129 198
61 124 195
39 110 149
26 51 166
40 109 161
79 21 142
72 147 224
70 135 233
13 64 95
45 69 122
30 54 133
21 94 123
87 103 238
76 72 191
7 121 215
14 20 35
76 132 224
68 88 166
95 106 232
33 32 75
89 85 214
23 180 356
10 98 112
55 183 244
20 4 148
47 111 181
71 62 168
72 3 76
12 75 97
51 84 159
59 23 109
84 119 324
84 76 167
31 132 294
25 43 251
81 148 394
25 100 134
57 144 373
23 20 51
75 9 264
25 31 57
29 80 137
48 149 226
23 33 62
23 72 105
33 133 167
95 184 281
97 16 151
9 96 113
89 159 267
42 148 190
63 155 250
8 38 50
81 124 213
38 2 44
78 0 83
44 70 120
32 197 257
12 50 81
52 110 167
44 62 135
45 6 209
81 149 273
43 113 191
35 166 251
12 96 280
48 112 307
61 192 272
31 80 113
51 117 352
40 191 270
5 64 71
57 200 264
1 36 44
22 110 174
79 119 199
30 43 123
34 23 62
82 170 259
88 9 140
36 67 217
23 164 196
95 3 116
84 116 312
5 162 183
75 26 107
73 114 197
44 37 87
3 108 293
83 106 190
29 68 149
67 77 158
6 19 134
81 184 269
1 138 255
28 26 62
47 41 88
29 181 218
47 190 256
56 162 223
23 188 324
65 62 155
89 100 196
6 60 258
17 157 184
66 143 269
87 79 230
7 143 193
6 102 156
53 7 74
69 18 127
27 11 46
41 74 122
43 118 201
80 37 125
3 119 170
43 5 57
81 70 244
44 163 298
62 147 355
66 160 229
2 143 146
50 92 307
17 6 25
80 167 248
96 2 108
86 200 289
32 4 65
69 42 118
98 55 190
80 82 318
96 4 255
35 188 277
2 156 180
72 19 91
70 181 439
76 48 236
72 154 226
11 42 98
83 33 304
100 9 118
38 20 68
12 59 74
42 96 173
98 153 298
15 11 118
23 166 357
66 124 313
4 158 163
56 43 101
23 74 135
82 51 141
88 200 334
87 165 290
96 64 166
57 63 124
48 138 188
25 47 188
27 160 362
19 110 196
84 122 209
59 3 244
51 88 177
6 72 111
80 89 353
60 2 147
21 27 59
38 56 97
56 5 69
17 117 184
66 88 167
31 148 186
47 166 261
51 135 225
52 179 261
33 85 146
81 60 149
39 58 229
80 30 117
58 129 207
32 89 130
9 66 101
63 120 185
32 154 193
90 55 345
14 111 125
10 97 107
83 13 141
79 155 236
25 79 110
82 3 117
40 177 227
39 164 249
8 59 67
35 123 159
44 130 223
42 171 218
53 2 78
67 6 113
15 33 55
85 13 104
4 95 123
91 20 112
50 172 376
95 71 218
12 116 146
23 168 236
35 198 239
72 178 417
33 38 119
7 74 87
20 28 68
44 4 88
54 141 204
93 159 264
57 107 197
40 32 78
57 131 251
67 71 272
96 7 110
3 167 182
50 83 143
49 116 204
1 36 42
76 0 83
43 149 193
7 160 174
11 110 123
39 47 191
46 45 245
100 173 275
50 93 149
96 189 294
95 142 248
56 94 153
25 55 86
54 74 133
97 56 160
12 29 67
65 124 201
16 27 50
2 78 82
95 21 185
33 35 77
100 191 306
73 158 254
11 193 301
5 105 126
8 85 109
87 114 240
54 47 103
42 14 71
48 4 73
44 79 144
60 112 199
48 160 210
91 112 221
59 104 171
55 71 137
15 5 48
86 67 153
98 75 173
25 80 110
33 153 225
66 128 372
3 149 155
73 80 156
11 62 242
9 163 366
56 21 93
68 9 80
14 105 303
17 185 206
88 169 304
63 87 167
59 119 360
73 36 269
70 12 85
94 36 130
60 121 187
48 7 87
10 146 207
69 82 180
78 104 188
33 27 100
24 95 124
13 94 107
5 27 46
61 92 336
54 159 249
4 175 316
31 159 203
71 152 236
70 32 137
8 16 62
68 29 105
17 39 64
87 96 299
81 107 221
35 146 192
46 22 75
52 123 222
81 27 254
4 44 81
61 11 81
12 128 174
63 15 86
16 4 170
40 169 219
39 4 207
2 43 106
74 38 114
35 91 131
40 19 92
93 48 187
35 132 210
80 36 227
93 8 243
44 146 326
84 188 278
65 93 161
84 151 241
27 86 136
23 6 48
45 67 113
48 14 67
41 113 341
4 42 168
