620
82 32 117
99 160 266
60 44 105
4 27 78
100 177 324
100 145 276
80 68 185
86 105 381
76 137 219
85 136 230
35 190 236
73 156 339
48 165 233
58 8 75
27 142 245
86 107 318
30 149 253
63 163 232
31 93 245
58 200 263
53 132 219
87 155 351
17 1 167
9 188 198
67 98 204
5 182 207
98 8 106
86 53 165
10 138 161
59 76 144
81 189 308
21 137 213
97 12 111
82 112 215
39 108 269
29 118 298
51 43 99
77 83 358
28 29 74
5 119 129
98 63 167
69 26 96
15 155 178
73 75 187
80 125 238
79 29 185
6 84 91
24 44 68
46 192 313
95 22 117
19 13 39
47 43 232
35 174 249
48 126 177
32 68 110
23 180 244
92 122 411
94 31 135
35 35 98
4 43 60
7 138 332
7 117 132
64 194 287
50 18 108
92 91 217
50 37 131
53 99 154
63 127 192
93 55 152
51 176 231
16 46 69
82 166 254
47 131 188
89 166 291
37 150 192
1 28 37
25 62 202
80 67 156
83 76 163
80 177 293
94 20 122
44 70 124
17 147 166
87 164 323
26 186 212
92 97 192
92 90 185
90 4 100
31 93 226
87 179 269
78 86 172
50 81 209
90 157 256
98 107 212
53 65 258
52 135 190
40 198 263
8 31 190
32 164 205
49 134 183
44 58 107
81 12 95
28 51 88
35 55 170
86 161 251
24 75 102
4 33 53
36 5 77
33 22 64
51 185 252
26 10 65
88 128 220
73 115 260
57 29 132
70 178 248
75 3 157
84 131 313
70 113 198
39 70 243
9 69 105
85 39 141
93 24 126
38 64 107
55 19 81
59 76 275
74 170 261
77 124 205
5 141 161
24 60 102
20 64 93
16 39 238
97 131 233
93 87 241
41 0 190
72 46 125
68 184 260
63 192 262
52 118 306
42 94 141
77 32 155
61 8 240
37 188 269
62 123 185
90 119 217
22 196 268
48 122 196
77 3 186
18 75 119
10 59 73
10 74 140
89 125 250
74 141 413
40 130 174
57 54 206
2 121 132
91 131 416
92 105 203
82 134 219
48 60 138
44 78 127
59 30 113
88 193 283
65 113 347
54 117 188
13 43 60
59 10 76
25 53 213
24 9 93
36 136 179
22 182 258
41 48 129
5 150 192
100 135 252
9 133 146
38 85 141
2 144 174
80 41 202
27 51 79
68 74 188
36 120 193
85 5 95
14 67 190
39 155 358
37 7 47
25 129 200
79 169 305
76 89 300
59 92 153
50 79 265
16 64 219
6 111 117
5 20 188
24 161 229
6 164 175
27 22 54
25 52 127
98 71 209
69 31 106
93 30 127
72 38 118
33 21 90
82 52 153
35 97 153
24 128 156
38 40 143
87 95 206
69 15 88
46 29 85
95 197 295
28 38 149
58 47 108
13 183 364
8 167 178
73 6 91
6 69 103
3 158 201
23 93 197
63 27 131
41 143 204
75 87 170
59 8 73
2 52 58
74 70 172
63 170 302
88 100 196
53 146 347
98 165 463
72 70 153
93 38 173
19 57 116
54 69 168
13 152 175
55 22 90
9 172 224
35 20 62
49 135 186
29 112 191
92 152 274
4 87 179
33 149 303
61 190 279
92 199 297
81 25 148
37 5 46
16 81 101
55 54 158
66 168 235
26 5 69
44 4 49
71 166 238
48 150 239
59 100 186
51 21 81
72 166 269
55 12 69
29 195 303
52 141 280
20 38 67
63 48 121
62 99 165
2 72 80
48 199 249
32 196 389
70 197 289
82 101 200
8 99 116
3 128 286
94 41 138
34 5 44
65 148 244
69 188 264
88 161 259
39 86 126
8 161 321
33 32 67
12 16 203
83 172 294
91 6 134
63 55 129
100 195 397
47 193 367
94 23 232
20 33 61
13 199 346
51 83 138
17 133 151
23 68 92
15 187 243
12 78 99
71 6 98
18 39 71
16 134 327
1 158 199
32 120 179
39 107 150
10 67 127
69 49 124
61 156 376
11 78 116
38 161 249
91 148 404
34 117 198
46 52 98
19 166 221
78 96 183
14 180 201
43 53 175
41 34 76
68 31 102
34 2 135
46 33 103
44 113 164
43 135 184
51 112 190
91 151 400
80 17 165
96 153 250
3 140 178
28 136 188
5 172 295
58 43 107
43 175 220
17 125 277
10 31 205
30 156 264
74 119 214
56 69 126
68 147 222
8 55 227
71 192 326
39 125 310
26 65 97
91 6 104
73 82 189
83 30 157
7 129 181
45 10 55
2 115 118
40 174 252
44 5 53
89 8 131
67 61 291
36 22 61
16 168 184
26 47 246
31 125 311
68 17 90
52 139 390
11 118 138
37 139 176
7 148 278
83 192 412
34 162 348
17 139 156
73 54 167
23 115 142
49 115 167
95 107 245
47 153 280
13 13 68
68 106 179
88 76 282
56 139 311
17 171 263
16 88 105
30 150 186
1 34 43
19 140 166
93 146 260
23 48 151
96 51 180
4 134 148
2 163 165
26 2 31
37 174 220
50 193 278
83 20 103
56 6 127
5 192 228
30 132 193
39 10 98
96 165 305
74 108 232
87 78 215
72 4 250
47 188 241
44 31 222
8 86 96
100 46 196
50 142 207
18 91 118
86 180 276
55 71 136
46 1 90
95 200 463
50 191 246
18 157 247
54 156 244
56 58 114
15 66 191
30 84 196
55 197 254
76 117 204
41 17 74
66 159 282
80 77 178
25 40 79
55 189 258
93 148 256
78 101 198
41 119 176
55 61 116
48 125 259
59 39 120
58 163 247
75 108 187
50 65 123
20 35 65
43 166 215
24 137 163
46 152 198
86 156 250
64 44 146
1 30 114
54 43 123
6 87 99
77 48 313
5 22 30
26 109 306
67 55 159
68 156 235
51 0 143
6 185 201
56 52 123
98 181 279
21 71 141
65 92 161
72 142 254
72 126 232
28 156 246
33 41 77
78 9 130
52 116 218
8 101 116
46 180 261
94 179 278
10 126 255
10 11 63
85 110 195
44 192 294
25 112 180
84 82 166
84 103 220
50 31 84
1 108 112
31 43 113
29 55 223
43 163 247
77 73 158
1 124 132
69 54 127
87 17 110
54 42 248
62 25 93
91 151 267
37 91 199
25 191 223
68 184 257
9 174 188
39 179 335
3 28 37
34 154 196
8 122 304
66 178 280
97 158 262
15 83 245
39 126 168
1 17 57
78 112 341
68 71 140
20 171 378
42 121 203
46 107 192
33 141 175
5 189 220
15 184 254
77 102 224
7 142 269
77 20 100
5 181 208
37 137 204
17 33 96
19 157 181
47 173 366
28 11 82
43 194 247
85 36 127
20 47 71
5 178 352
5 186 369
69 88 164
57 46 116
54 78 152
63 51 138
49 71 135
1 160 315
80 146 278
85 68 288
64 92 163
27 36 207
3 166 192
88 192 286
37 96 159
64 185 299
51 141 201
32 59 108
3 147 157
97 114 393
84 97 195
38 124 191
58 142 208
73 103 299
35 179 241
20 166 189
9 164 195
62 45 254
65 133 198
43 1 44
29 34 167
6 84 112
48 186 240
9 131 316
37 89 133
91 149 240
34 143 191
46 182 352
2 33 38
54 45 104
76 24 128
85 198 451
73 14 88
17 157 184
58 142 212
60 150 311
76 84 292
44 77 242
46 92 144
93 30 169
43 149 201
70 114 184
96 135 400
77 106 231
18 87 276
84 116 207
8 38 92
16 137 210
49 51 164
35 155 215
6 38 224
20 100 161
49 107 305
69 128 223
97 173 274
36 172 392
41 71 151
75 12 132
87 168 290
63 144 212
15 23 48
70 31 103
67 13 112
5 142 192
73 169 242
39 90 131
59 97 179
68 21 139
43 76 125
95 22 278
96 141 383
62 82 144
73 168 284
83 192 444
20 170 317
14 52 72
70 80 173
1 117 139
59 185 253
24 161 378
25 116 142
35 28 64
29 1 34
40 13 102
69 92 197
32 123 219
30 143 183
28 168 198
26 17 49
4 139 152
12 38 129
48 0 79
85 199 296
91 5 250
26 36 67
50 156 222
53 192 254
65 182 284
49 41 100
66 87 155
87 61 193
27 85 118
67 63 131
99 12 137
51 60 113
86 19 219
71 122 206
18 125 185
40 102 163
25 189 215
41 41 195
95 126 227
