610
71 21 97
96 128 374
57 163 221
93 102 205
91 23 298
76 105 182
23 48 71
99 187 307
92 187 300
36 28 101
1 163 249
54 15 76
27 163 233
89 79 173
74 95 178
9 192 263
24 169 202
35 75 112
20 135 243
92 160 411
97 142 244
19 76 284
41 152 201
27 11 115
24 79 113
85 60 168
46 82 166
94 158 427
92 5 106
82 146 263
70 72 192
64 190 261
6 181 213
95 18 145
57 199 265
95 165 295
89 177 270
91 61 286
29 78 108
45 189 237
94 97 226
62 90 276
80 77 232
12 186 223
15 51 105
46 38 94
3 57 66
70 34 106
94 151 245
9 99 123
55 44 103
56 143 339
98 188 416
94 17 114
60 131 211
35 30 65
37 148 189
52 104 198
8 24 175
88 85 220
50 171 317
82 28 115
67 166 234
74 151 228
73 90 174
45 35 160
87 189 276
39 82 127
24 100 260
2 81 83
65 154 275
68 183 256
52 149 225
54 24 85
48 5 57
96 162 271
3 160 168
46 56 107
55 139 197
59 40 153
35 194 242
37 89 130
65 90 180
99 165 274
90 61 153
78 30 111
40 171 216
90 197 341
51 19 74
71 60 135
10 143 155
15 146 254
60 62 131
45 64 112
100 0 105
40 139 180
82 78 160
34 127 165
11 157 206
61 119 189
64 186 254
35 4 63
5 160 182
72 159 236
62 129 193
92 80 178
97 122 348
67 37 135
46 189 251
63 16 116
44 84 294
57 84 169
84 53 137
16 149 215
36 198 238
13 84 101
20 102 129
38 48 91
59 89 155
19 88 148
85 40 162
42 22 67
41 48 92
7 127 326
91 43 141
97 31 170
50 148 203
98 93 191
17 30 77
43 106 189
32 22 54
18 167 342
37 2 47
71 118 199
6 82 89
96 176 277
79 86 169
89 147 255
82 158 292
29 7 46
10 190 202
43 41 93
98 129 233
36 138 178
87 87 214
74 111 342
65 184 263
34 77 148
27 18 81
73 36 166
77 22 226
21 148 282
86 112 204
42 200 245
66 158 232
37 81 121
26 157 198
6 78 98
95 1 97
54 85 144
57 135 224
15 1 20
34 22 57
85 167 353
97 83 205
34 37 80
42 32 116
34 102 136
58 84 156
28 43 261
38 122 202
8 116 172
61 85 177
65 135 208
59 94 155
100 26 143
20 55 82
81 64 146
32 162 197
5 34 141
32 61 124
24 176 209
59 48 114
2 116 123
94 116 211
85 152 245
8 144 157
68 54 127
51 12 73
63 27 91
58 144 261
88 152 258
99 171 280
52 182 371
61 89 161
38 138 354
57 180 418
88 25 129
83 133 274
41 99 152
43 162 256
73 176 273
91 42 266
34 157 211
48 115 166
59 77 198
70 171 405
1 196 207
69 39 131
3 124 150
76 16 282
62 182 246
86 53 207
70 15 134
17 49 80
42 136 286
56 118 189
39 26 85
20 185 231
44 114 313
83 174 392
79 75 199
47 172 263
41 62 130
96 136 236
61 90 187
7 149 351
76 171 248
43 108 195
12 178 204
51 91 158
56 68 154
95 60 178
19 131 175
18 35 56
49 137 195
34 130 203
60 123 210
40 111 174
51 46 102
1 192 221
45 32 108
65 186 282
21 150 180
87 195 298
37 17 87
76 151 232
65 197 317
35 114 155
91 41 166
96 144 306
33 188 328
80 48 249
16 20 81
40 151 195
64 198 457
52 164 226
83 91 224
61 162 228
2 135 266
43 116 160
63 12 263
95 60 162
38 66 113
61 14 106
57 194 292
95 123 228
43 136 185
99 38 138
60 191 284
32 119 155
22 50 220
77 26 107
62 200 266
21 72 103
58 156 217
14 17 35
55 64 162
29 133 162
5 129 233
5 25 32
41 141 182
67 34 126
58 109 273
41 70 115
8 63 235
80 31 242
63 70 149
15 128 153
10 0 11
96 175 279
65 126 371
48 107 198
88 143 236
33 162 202
62 72 171
39 93 168
48 74 303
43 119 188
46 94 304
41 104 183
28 66 94
71 180 323
43 15 85
16 109 314
51 28 107
36 171 214
53 83 185
83 142 233
4 24 74
40 148 288
100 61 183
14 36 59
13 89 125
40 125 224
37 105 282
16 156 203
39 159 239
25 50 174
19 119 327
38 82 180
46 42 96
93 112 212
15 0 47
43 92 287
33 135 254
43 165 237
78 36 217
54 33 271
78 170 297
54 156 210
48 93 146
32 134 169
94 73 173
3 197 236
7 154 168
76 70 270
93 17 117
38 179 223
19 33 88
85 2 206
10 125 325
97 170 272
26 63 220
26 92 132
68 84 152
30 84 115
28 80 132
33 131 358
89 81 173
95 62 278
52 75 174
57 93 198
65 31 106
60 51 280
76 129 249
89 29 140
89 108 289
75 172 294
33 99 146
62 71 138
13 173 272
66 126 195
70 73 145
14 158 179
6 56 71
77 158 348
3 59 72
67 91 163
17 194 340
58 113 236
22 71 116
49 82 311
78 126 205
92 77 296
11 72 87
62 34 102
94 82 182
89 52 159
90 139 257
82 106 188
84 49 155
56 92 153
13 0 24
39 67 110
26 54 83
24 92 124
97 161 421
27 34 62
64 32 101
41 166 227
87 32 120
94 155 324
37 181 221
65 105 180
70 77 147
97 200 484
65 109 184
82 184 267
69 161 289
40 4 53
8 113 121
95 130 225
41 55 102
91 140 330
41 181 345
3 155 160
7 181 208
59 195 297
68 131 298
50 148 312
53 135 192
32 191 356
98 91 195
18 85 135
80 132 355
45 83 146
100 147 270
82 32 169
45 194 244
59 48 203
81 185 266
29 27 58
87 135 246
58 55 150
37 157 198
64 156 228
30 17 48
62 10 86
33 122 162
54 119 219
31 112 163
25 58 97
61 123 203
67 13 122
83 111 200
52 42 119
74 0 124
96 186 294
40 92 179
29 20 118
74 27 151
53 17 113
3 69 78
24 11 232
43 100 187
49 155 231
20 38 80
80 138 234
95 92 251
49 47 105
64 123 194
16 161 205
65 187 262
29 102 149
78 170 272
69 137 239
22 86 150
53 116 171
59 76 156
18 93 112
2 171 190
33 135 169
98 121 228
76 146 225
23 116 149
73 113 231
80 53 139
38 95 136
36 187 226
68 44 114
75 30 109
16 169 187
8 107 222
9 140 154
5 152 164
17 32 49
69 194 456
98 114 216
29 187 363
9 199 262
47 44 221
74 69 143
11 91 170
75 81 164
85 54 147
63 32 100
17 79 294
21 72 277
66 154 370
19 162 257
23 173 239
27 157 218
28 65 101
46 112 160
78 79 157
70 25 224
15 40 84
54 20 105
41 18 67
1 133 140
16 8 95
84 78 184
100 121 256
67 85 182
24 170 391
25 45 79
93 177 276
47 46 94
33 120 155
33 164 200
4 171 205
82 35 188
46 102 149
99 174 323
70 150 228
22 52 113
41 89 157
3 194 207
38 81 131
53 187 242
61 116 185
91 89 196
48 53 111
95 138 238
81 71 203
9 8 61
94 9 249
30 24 76
61 23 91
94 73 170
93 181 284
42 116 166
90 153 275
73 133 348
22 193 244
32 170 237
37 119 239
66 166 269
14 131 296
22 102 132
23 187 241
6 181 198
29 155 211
61 84 250
59 134 203
28 161 190
80 196 381
32 12 46
68 137 228
98 111 211
24 62 88
11 151 210
53 32 87
54 107 167
9 93 150
5 190 195
52 89 146
2 173 175
48 31 90
23 154 205
30 136 305
99 8 153
25 182 400
61 134 244
6 190 206
90 10 100
64 133 197
31 112 178
90 78 252
98 48 155
22 70 115
59 192 297
40 68 111
76 109 188
78 83 212
94 5 106
13 155 323
32 46 90
9 159 187
30 14 146
17 118 171
47 88 157
24 19 133
82 7 89
75 58 179
69 76 146
12 158 211
4 56 64
74 112 227
3 1 9
29 57 191
27 36 69
94 72 170
51 197 408
66 172 241
29 100 157
75 198 295
61 13 90
41 118 195
62 59 136
98 48 170
64 41 180
19 15 166
25 31 57
70 125 364
10 6 26
53 29 91
6 89 179
53 187 242
