140
69 183 258
48 145 194
55 17 123
63 76 149
75 175 253
64 153 374
51 59 280
95 43 143
4 124 216
25 125 150
87 66 291
88 53 165
39 37 125
49 142 197
75 180 255
97 5 107
2 40 71
68 145 214
66 127 302
79 5 109
100 188 292
89 64 155
27 176 208
20 36 83
32 31 67
76 4 90
48 179 227
16 166 199
4 149 190
81 164 425
45 142 187
57 124 194
81 127 272
55 116 195
33 149 232
39 16 62
77 175 279
22 102 268
9 136 154
91 7 103
8 200 212
27 18 95
84 87 283
81 142 258
13 182 245
51 6 132
53 93 318
86 17 175
67 6 81
36 120 193
50 46 106
10 80 140
50 199 254
44 182 383
3 130 141
85 86 350
11 82 116
7 92 112
22 36 108
7 68 178
5 157 196
33 24 61
99 20 131
61 186 398
59 187 248
37 20 238
53 135 347
87 92 189
6 154 203
94 97 192
84 174 268
22 45 158
31 20 57
37 154 231
36 10 50
18 45 177
53 171 226
96 41 290
44 180 272
53 186 239
24 46 79
86 189 277
41 38 79
74 190 371
91 17 131
76 178 332
68 95 173
60 199 360
10 94 128
25 45 74
87 149 340
29 130 246
38 123 211
1 100 106
48 132 217
51 194 403
40 4 73
31 116 172
47 34 103
35 173 212
13 106 119
94 131 233
59 130 199
4 190 203
60 83 152
92 93 341
4 102 107
70 197 332
38 30 68
42 78 193
65 30 147
51 20 251
67 197 420
6 15 140
68 117 242
12 146 163
67 108 175
24 94 168
70 173 289
79 134 219
71 165 322
55 125 283
25 171 200
78 110 196
36 175 214
81 41 146
12 138 200
15 7 42
66 190 284
23 190 233
2 72 91
10 177 188
32 109 166
14 49 101
29 48 105
44 123 169
92 93 216
99 123 361
15 85 148
37 148 190
