800
69 3 94
43 113 196
44 129 277
47 112 162
27 81 113
24 3 101
15 147 171
92 111 204
68 120 220
37 60 278
75 110 350
25 75 113
71 41 225
9 10 62
40 199 358
61 27 176
4 197 250
11 125 174
90 199 291
14 127 332
15 124 160
48 169 227
63 105 187
42 140 182
11 7 24
16 197 214
41 94 136
48 88 144
88 142 237
31 170 362
6 130 154
18 93 170
97 161 284
52 53 107
87 134 319
45 140 193
26 145 216
80 92 357
72 172 316
1 22 82
35 71 111
39 181 223
96 107 250
77 164 275
7 101 111
28 10 55
77 40 193
42 143 205
10 173 229
39 89 175
2 94 115
42 166 215
52 142 203
5 137 150
93 59 194
72 43 121
8 52 65
24 114 325
76 29 144
66 67 133
62 71 140
70 25 234
58 158 337
69 25 204
21 51 130
91 54 303
57 181 239
82 189 308
26 86 122
9 76 95
16 1 193
88 184 311
48 24 108
12 185 247
25 164 191
100 29 133
74 175 255
42 87 138
30 61 230
90 100 216
82 7 95
43 74 125
92 41 171
35 137 174
34 131 344
49 183 343
11 104 148
96 49 334
10 200 217
91 151 249
48 148 201
40 197 242
36 89 133
40 161 207
81 179 264
60 151 234
12 5 43
6 163 224
85 71 160
75 66 214
66 140 237
45 161 332
78 113 201
10 164 238
99 30 247
82 198 281
20 58 190
39 197 240
35 68 225
71 197 354
68 152 398
10 10 65
98 189 319
22 162 225
38 116 155
26 108 138
76 111 194
34 135 180
79 186 273
95 102 200
18 58 120
6 39 165
91 69 198
66 161 235
15 69 89
77 71 148
77 174 298
81 141 246
58 22 81
99 57 291
37 37 81
98 161 303
8 45 63
94 170 265
47 188 267
4 56 99
58 85 314
19 3 32
81 33 116
4 75 90
85 90 346
3 170 183
51 46 149
92 32 171
99 86 305
80 34 182
72 167 248
17 143 247
9 90 169
91 65 172
35 94 133
89 46 147
4 42 198
36 74 140
30 162 197
91 116 207
84 61 152
1 109 197
53 195 265
75 186 269
76 69 190
4 179 190
40 30 106
38 171 215
54 163 251
62 58 269
29 63 105
66 14 80
44 14 65
80 153 240
100 121 226
50 33 171
91 123 224
81 142 224
34 0 41
98 188 457
46 168 271
79 127 322
2 49 55
63 162 225
9 81 141
39 9 58
3 10 46
84 108 320
54 140 351
43 134 186
55 126 284
8 127 230
86 193 308
41 158 340
87 167 254
34 146 188
34 101 175
44 48 167
14 53 71
78 11 99
86 99 192
30 180 364
95 91 316
96 44 165
93 184 303
97 143 273
82 37 225
49 139 189
82 68 159
72 86 167
38 71 111
92 119 318
91 162 258
32 111 278
57 121 204
90 111 218
91 30 127
86 19 120
5 149 342
23 5 33
6 98 104
1 50 239
68 69 163
63 172 269
20 80 129
67 8 93
64 115 183
89 31 120
3 146 159
33 196 298
91 3 102
43 56 100
76 130 216
11 83 102
28 45 83
19 106 162
84 188 434
14 167 187
62 161 225
46 141 263
32 197 260
60 191 410
82 102 224
2 200 273
24 190 290
62 198 320
33 110 146
99 125 226
92 161 259
19 39 103
93 73 171
84 114 227
69 84 162
50 15 115
49 113 164
30 106 165
82 160 247
37 44 166
14 200 215
63 122 194
76 99 218
44 158 341
33 78 112
30 161 329
6 32 106
26 17 91
11 58 77
51 75 130
35 197 260
22 183 232
72 43 124
51 172 271
54 57 177
31 22 53
96 1 98
49 128 178
72 99 204
18 21 47
100 182 284
2 187 196
55 200 292
3 107 213
20 134 310
4 10 75
100 24 124
15 105 121
1 96 97
24 80 256
67 185 272
25 123 319
77 51 138
97 137 241
63 28 94
10 94 107
27 77 110
69 47 121
19 47 105
35 139 175
40 85 126
86 134 266
57 173 236
70 130 217
71 181 262
9 31 44
91 99 257
21 151 181
72 0 74
35 116 155
51 187 238
34 146 181
29 4 49
9 108 121
18 41 77
90 97 333
46 76 125
44 3 50
53 8 63
54 82 182
21 192 214
65 48 129
9 36 84
94 118 254
61 8 240
84 70 156
51 159 259
97 134 238
39 75 114
52 37 249
76 37 145
36 133 187
32 35 84
43 161 215
18 72 116
62 84 162
51 20 73
2 52 142
66 146 215
17 45 70
23 23 127
72 55 161
29 63 95
3 13 23
16 137 310
5 111 124
88 17 174
12 178 344
58 195 299
72 81 156
96 76 262
62 24 133
75 42 140
95 93 356
57 116 216
92 65 191
70 27 222
50 171 223
35 80 124
13 185 201
65 86 156
33 78 241
18 21 43
78 125 381
19 87 136
75 89 193
88 36 124
92 68 316
48 118 170
30 38 177
38 66 110
99 87 226
73 187 261
71 96 171
24 14 59
84 156 243
10 70 112
44 134 368
62 173 245
57 37 127
59 31 91
96 6 292
90 200 326
6 34 48
3 2 5
58 25 91
38 51 109
9 34 183
47 102 156
36 185 264
35 192 375
64 34 103
16 66 277
62 109 217
73 131 210
7 174 321
95 116 219
56 48 301
77 112 196
34 198 280
37 156 327
8 196 219
56 164 250
54 33 137
55 131 384
75 31 143
51 26 105
11 178 208
20 25 194
82 104 360
99 112 230
38 137 210
14 103 150
18 145 208
53 135 198
88 66 158
12 17 39
95 136 240
42 83 125
32 0 225
67 52 146
55 157 216
22 194 233
70 38 136
17 10 46
45 154 207
78 31 110
8 91 160
46 164 253
85 167 255
25 181 362
93 25 126
63 189 260
58 17 82
30 120 224
59 41 107
37 141 182
77 14 130
94 33 239
21 23 92
58 195 277
63 29 95
40 67 231
25 145 178
41 7 58
35 23 58
97 14 170
100 146 255
91 18 162
44 65 158
12 198 231
53 101 164
73 112 334
61 13 77
13 182 195
54 130 304
71 112 352
100 104 210
32 101 180
18 13 57
34 12 58
39 188 371
58 183 300
99 109 218
20 20 72
8 177 249
29 154 339
67 112 179
27 113 150
46 162 218
19 125 154
75 199 397
30 172 252
21 146 175
73 188 297
51 115 167
92 29 169
58 112 262
77 78 156
12 108 123
85 66 209
70 198 365
3 99 103
91 115 213
90 92 189
58 146 204
62 97 298
77 183 289
25 35 60
5 115 128
97 89 281
63 170 238
56 74 140
88 23 216
16 166 190
10 88 101
43 177 268
80 82 162
2 20 32
99 70 363
21 8 114
61 143 213
78 158 245
76 189 268
6 23 35
83 161 342
8 98 156
84 187 272
52 102 171
91 11 140
74 197 423
27 172 199
18 102 139
71 25 122
2 161 196
87 184 319
8 120 134
62 85 157
25 6 32
81 97 209
86 41 134
31 69 248
47 49 96
77 61 140
12 106 124
20 200 244
5 89 99
31 157 193
59 169 230
49 39 91
30 43 73
7 112 285
32 179 245
35 108 143
92 17 115
92 156 249
62 36 146
74 9 124
5 103 120
35 4 47
11 62 115
34 19 116
30 70 109
1 70 269
72 84 205
87 11 154
51 32 92
40 190 239
89 172 261
92 30 125
14 126 150
27 34 90
24 14 47
26 185 247
47 82 134
91 156 257
3 147 156
69 124 228
64 102 199
1 193 238
69 183 254
5 167 347
20 81 139
17 137 161
83 110 391
95 191 328
19 119 188
92 38 140
13 77 230
77 159 236
37 44 251
93 90 213
81 8 91
22 134 346
5 192 198
65 10 115
26 38 101
86 78 169
32 198 271
96 111 207
34 85 128
44 150 293
77 140 403
13 80 100
18 59 78
84 66 156
12 138 160
86 189 340
22 184 356
24 110 176
39 200 371
80 58 186
94 34 132
37 88 289
19 168 188
88 167 274
7 88 100
1 45 182
63 164 262
32 65 205
6 17 30
18 24 129
59 42 186
19 79 103
88 2 93
47 100 339
95 177 288
60 57 237
94 126 239
8 51 69
17 16 67
98 43 151
77 61 142
90 135 233
37 4 48
79 12 92
73 168 286
86 165 261
75 28 262
83 175 354
87 63 185
4 46 222
90 132 249
74 81 311
47 11 62
49 181 232
64 115 185
30 100 132
61 11 81
28 80 142
94 162 263
23 57 81
95 181 283
80 166 256
4 104 121
57 110 169
36 120 203
45 67 116
39 115 157
66 177 266
69 133 223
81 0 90
22 60 89
28 183 217
64 166 255
87 114 229
26 14 50
87 85 207
39 138 199
80 158 402
44 150 196
87 162 253
5 173 180
79 63 317
15 19 37
82 191 304
60 168 235
1 27 30
20 22 46
81 81 308
93 16 112
16 166 249
50 15 72
59 139 203
4 17 107
72 120 253
80 104 223
82 73 184
76 81 175
24 78 268
46 117 231
17 58 119
34 69 142
49 152 227
26 156 182
93 69 190
9 107 237
72 131 206
50 48 137
10 0 150
52 63 115
33 145 184
22 179 209
5 157 263
76 99 175
2 123 133
69 110 231
89 189 300
5 7 13
27 133 170
31 124 175
98 52 277
8 132 180
28 187 222
25 94 148
7 134 207
33 41 79
37 117 161
82 102 201
49 34 89
70 99 174
19 21 74
62 0 96
76 131 207
92 200 301
41 23 72
71 58 137
43 153 263
31 160 205
28 116 184
48 144 230
54 126 260
16 82 207
34 133 168
88 176 275
53 112 173
63 111 197
49 112 202
90 29 120
86 123 209
10 189 204
14 174 315
32 11 80
28 176 207
42 38 84
63 172 274
92 10 112
97 106 303
25 4 64
86 190 290
82 194 320
59 18 97
43 111 323
96 165 266
1 154 160
18 56 113
40 195 236
24 70 94
39 140 179
96 182 281
43 134 181
85 96 188
75 137 212
54 45 281
85 162 248
100 54 330
54 139 200
32 98 326
74 93 332
17 160 187
95 6 267
21 37 189
89 120 217
73 34 107
7 29 63
98 69 204
84 186 280
66 80 150
53 82 320
13 71 145
21 36 100
89 104 209
3 167 202
29 173 205
28 161 247
74 123 206
70 50 164
71 195 309
88 195 307
79 90 171
36 97 139
73 37 115
47 149 205
94 75 172
59 148 362
91 198 307
74 93 170
26 145 175
40 33 167
26 20 101
25 83 135
59 190 367
8 192 204
53 65 139
23 94 129
15 64 240
96 63 199
35 156 372
100 160 402
36 173 296
86 8 141
46 70 123
97 162 267
58 35 134
22 19 85
89 46 323
29 158 236
62 127 369
49 184 241
98 108 213
18 139 160
98 95 229
13 47 230
99 156 286
9 183 254
6 87 244
