440
76 53 136
27 44 78
35 51 96
55 118 179
25 53 88
40 11 172
54 105 222
98 99 202
90 136 233
94 142 295
2 158 161
85 149 263
81 87 174
1 75 81
6 4 185
96 17 135
84 7 99
56 19 80
89 91 306
87 155 282
46 152 204
8 23 53
6 1 48
87 172 447
55 62 118
68 45 113
1 77 202
86 10 136
79 36 125
97 18 124
10 58 100
25 174 204
42 156 202
90 92 358
22 82 268
96 13 116
36 162 205
10 156 213
39 41 89
8 96 216
47 53 259
99 133 251
22 164 324
93 84 223
96 33 135
34 34 117
2 52 159
51 67 214
45 158 205
95 81 179
10 32 54
78 52 134
4 126 210
52 88 146
2 97 147
42 175 224
80 113 196
30 9 52
68 49 172
3 7 34
99 31 137
47 3 53
51 34 94
52 12 69
42 170 272
55 50 213
80 81 197
93 170 301
70 164 254
84 37 203
68 191 432
95 22 128
25 139 164
25 136 192
22 171 258
25 17 49
80 15 283
64 77 149
89 25 115
12 31 43
2 127 144
98 152 255
67 123 194
100 110 240
22 30 59
86 42 138
64 126 206
16 192 281
70 39 133
42 53 149
17 170 219
79 157 261
96 111 208
89 172 435
86 47 140
86 177 407
90 102 199
54 17 170
20 48 79
62 101 180
80 78 230
10 160 213
92 49 145
9 141 220
10 56 66
72 123 202
80 19 135
2 158 201
45 84 169
32 197 375
76 120 204
88 109 205
61 184 254
65 12 87
36 101 175
42 104 168
54 126 226
81 191 282
24 70 217
9 125 139
98 72 204
35 151 340
72 102 178
43 134 222
59 120 184
24 181 210
98 97 242
2 106 108
54 77 158
59 32 103
9 56 67
10 151 246
47 140 268
14 86 102
31 19 148
8 119 228
62 99 168
21 158 180
50 142 246
50 199 253
36 63 127
40 158 201
95 133 229
92 141 341
18 102 316
18 46 69
55 191 246
87 49 147
17 93 211
9 87 137
30 86 132
5 173 178
61 131 233
21 191 212
16 100 210
18 195 366
40 92 156
36 199 266
37 29 217
26 15 129
19 90 269
18 152 217
30 25 56
70 112 191
24 16 65
78 195 275
12 58 115
76 164 260
33 90 172
41 99 297
64 133 245
19 189 319
62 166 230
61 42 109
49 28 94
51 16 92
40 193 268
1 49 219
92 132 421
91 60 344
94 127 239
51 55 106
79 76 165
22 108 135
56 149 244
67 89 198
2 5 46
63 66 160
29 34 88
95 159 255
40 77 215
65 70 137
73 114 245
38 141 222
41 45 123
48 141 220
4 61 79
51 113 169
35 148 233
49 17 100
63 184 258
62 49 219
51 135 275
54 27 85
92 114 238
78 45 124
52 143 330
65 119 249
100 24 165
57 22 126
59 160 299
19 67 100
15 73 149
41 160 201
90 194 292
65 181 257
70 118 195
84 100 213
94 158 276
83 80 176
72 0 99
39 81 266
64 2 72
54 154 213
63 62 135
44 160 219
86 39 126
28 57 95
95 22 126
19 141 163
79 68 147
38 7 69
80 157 242
36 19 61
41 178 250
11 185 203
68 59 133
89 172 280
82 20 112
94 178 279
99 103 252
30 88 159
62 107 187
7 183 192
14 36 135
95 61 190
53 118 176
11 38 161
55 69 157
27 76 107
79 118 373
65 145 216
72 130 219
55 65 206
92 54 146
14 151 170
37 155 199
18 117 200
74 4 263
70 169 249
100 177 318
16 122 140
44 33 98
34 128 182
13 146 195
36 184 314
87 14 129
3 88 97
7 118 132
97 23 126
75 78 321
87 168 265
58 85 150
37 12 50
78 10 121
61 102 211
97 48 154
67 41 115
100 42 172
50 144 347
15 171 202
14 113 174
54 6 64
91 157 256
10 85 105
30 116 173
12 88 105
4 22 30
73 171 431
95 30 153
23 182 367
36 132 177
91 122 325
31 185 221
97 189 375
15 31 132
30 141 284
87 58 145
37 165 259
100 177 443
20 46 220
62 148 213
93 30 154
11 192 214
75 188 272
64 60 133
77 193 280
13 64 85
74 166 395
5 139 165
29 19 62
95 85 195
85 112 240
19 183 318
92 142 244
90 11 123
28 145 174
48 105 161
51 158 322
77 113 195
92 16 184
77 190 269
60 93 176
39 61 224
17 174 209
43 183 392
92 167 269
69 60 139
72 130 208
32 183 319
40 148 194
25 27 166
18 130 153
48 98 174
35 29 95
75 135 220
68 81 331
63 48 237
20 199 226
76 57 212
8 194 205
79 93 219
69 49 124
74 116 297
19 85 112
77 186 271
51 136 194
28 127 192
1 129 133
71 165 260
77 26 206
100 111 259
33 78 118
95 105 247
19 179 198
26 159 231
74 199 278
77 167 396
56 33 245
42 170 212
2 99 114
40 198 266
52 156 274
59 84 153
93 178 412
65 167 238
42 141 187
82 89 179
72 98 226
37 141 354
60 158 249
53 187 406
85 39 163
49 73 166
3 43 238
75 152 414
61 140 202
55 6 63
23 77 111
29 9 41
81 154 245
6 65 89
5 89 109
22 68 92
40 100 225
46 44 211
88 111 211
84 108 197
34 62 140
2 25 56
84 55 273
74 45 153
21 29 58
47 94 144
63 24 91
2 153 165
44 136 184
10 134 163
86 165 251
54 174 267
92 9 103
29 63 113
20 2 41
49 40 97
33 153 188
61 48 153
25 49 103
2 185 201
51 2 113
9 25 52
17 118 189
43 64 248
92 131 265
57 90 164
6 37 44
28 12 130
59 65 306
96 182 299
89 84 298
60 14 91
62 121 195
68 29 121
17 7 162
94 81 180
89 128 241
62 2 99
23 157 187
2 62 257
99 117 388
59 119 225
73 192 462
18 198 222
25 171 336
12 80 93
44 163 217
28 97 159
64 75 172
28 184 347
95 170 270
54 67 314
