280
2 69 74
64 15 81
93 9 103
37 196 315
51 194 280
83 196 279
77 17 125
32 183 258
88 82 178
88 11 149
35 178 218
71 56 129
70 4 249
75 36 307
83 192 475
76 7 115
45 16 104
99 16 144
9 75 103
69 191 263
52 90 279
37 190 252
46 32 254
90 170 260
82 89 267
86 60 237
24 6 37
43 175 318
94 79 201
62 20 112
82 93 229
48 129 178
56 169 388
55 164 382
68 181 256
45 94 142
39 196 240
37 111 165
72 21 98
74 16 142
99 41 142
56 5 71
4 58 106
27 5 41
8 115 228
68 43 116
94 122 219
10 138 269
85 195 440
20 187 303
85 48 165
12 103 119
10 140 193
1 23 27
59 112 214
58 103 288
66 177 259
37 99 317
16 176 193
18 18 43
58 72 302
70 173 251
44 162 209
19 11 71
68 73 143
56 181 374
18 43 69
16 70 93
58 59 127
35 60 217
1 98 112
77 130 215
21 138 320
80 45 130
56 102 162
11 22 33
36 44 95
64 111 202
86 75 197
86 16 112
91 31 122
59 176 244
20 47 67
42 90 181
1 114 158
47 7 254
94 28 170
84 80 197
65 192 265
98 43 141
66 149 247
28 67 109
39 57 134
62 154 227
20 58 84
59 11 119
36 121 162
36 26 67
32 16 57
15 3 24
23 124 169
57 78 139
30 44 77
21 40 63
83 1 88
79 115 204
37 0 44
97 197 341
70 76 155
67 154 228
40 22 81
64 195 287
13 152 178
22 32 85
66 68 218
82 162 253
94 102 197
8 94 106
95 30 142
95 123 250
1 111 151
88 154 270
48 75 222
30 35 92
92 102 197
93 53 170
2 132 142
11 7 35
9 136 152
99 108 247
24 184 211
41 184 277
83 159 255
18 148 166
4 185 323
48 116 171
19 127 162
25 76 134
74 146 224
67 109 300
85 28 264
63 82 150
100 27 307
86 55 163
22 2 121
40 132 178
88 86 174
94 194 334
52 66 294
29 178 271
54 8 230
71 57 130
2 119 128
77 129 314
38 194 233
67 121 296
8 165 183
32 24 92
24 91 141
57 140 198
17 25 64
41 147 205
25 125 151
73 167 242
7 8 19
71 32 109
28 123 183
2 36 215
97 89 194
11 160 177
98 157 334
35 43 99
4 43 53
51 77 148
6 115 280
32 51 89
71 76 156
43 198 384
96 194 314
39 97 139
24 17 50
72 129 248
72 69 182
25 89 122
15 106 128
57 43 268
60 64 143
25 29 57
66 47 123
5 99 108
63 48 120
94 75 177
41 5 166
55 53 113
16 98 123
52 179 233
94 141 391
70 133 251
65 4 165
61 27 97
27 155 183
31 21 58
46 6 239
34 148 187
26 24 68
30 75 141
49 128 181
27 103 184
25 188 296
4 121 143
1 60 89
5 70 138
12 155 172
68 80 190
76 53 148
11 28 46
74 3 83
48 107 155
51 43 118
87 156 265
72 94 176
60 104 319
21 77 109
54 146 335
85 178 270
42 172 241
23 68 227
74 170 342
30 29 92
35 191 231
97 108 214
91 90 190
75 11 136
87 155 310
77 79 248
61 54 151
67 135 296
33 109 149
62 38 101
25 61 125
2 195 305
76 143 347
50 156 212
71 64 157
92 125 234
36 169 208
7 125 135
28 181 385
29 168 202
73 179 259
12 15 36
11 44 85
25 24 128
44 7 129
90 94 187
98 42 172
82 188 305
91 128 222
73 58 133
59 81 149
49 89 194
46 68 121
40 182 270
66 68 135
11 179 195
75 3 83
34 126 165
71 85 197
43 31 230
82 120 294
96 6 125
38 19 102
70 50 121
2 26 30
8 192 202
6 151 161
39 66 135
46 180 259
5 54 168
96 99 387
