590
74 40 134
57 199 266
55 132 201
78 86 170
35 57 93
69 152 223
79 97 346
94 133 234
99 116 299
93 165 306
45 84 137
35 98 133
42 138 180
41 3 151
25 56 82
57 2 63
98 107 216
37 24 65
50 198 248
27 129 164
80 118 207
74 19 203
75 132 216
82 73 160
14 181 199
82 75 165
29 101 275
7 61 203
21 12 39
83 87 173
6 19 192
18 61 191
38 95 263
8 41 52
6 13 20
42 93 142
16 153 177
3 188 195
84 74 172
96 91 195
3 9 62
47 24 189
17 22 58
75 30 181
25 165 305
58 118 207
39 74 117
27 155 190
87 67 300
85 88 174
10 117 137
18 25 49
91 176 277
80 163 249
79 14 103
69 153 233
34 68 110
12 75 146
99 181 400
13 28 76
99 87 222
57 196 349
98 162 324
93 182 280
39 23 70
20 97 156
19 66 86
26 35 103
91 24 151
35 33 107
75 46 125
55 11 68
43 185 241
71 73 152
9 44 86
100 157 274
2 79 103
78 173 255
16 180 365
20 102 163
8 136 306
89 16 292
44 85 131
38 164 203
76 50 136
58 78 154
20 122 190
64 130 239
19 184 233
75 22 97
46 10 116
17 48 80
62 8 93
89 198 288
24 186 243
86 70 165
50 164 222
97 55 157
92 120 306
85 56 146
94 70 167
34 36 265
8 189 228
72 127 249
100 185 318
8 98 110
28 154 221
43 49 102
42 151 219
96 81 346
39 133 182
91 84 300
17 107 172
17 89 113
97 193 300
29 182 217
56 91 147
17 89 174
8 110 158
60 50 126
72 34 224
11 146 159
2 188 215
14 162 183
95 63 160
63 50 122
15 79 96
11 115 164
90 183 307
32 182 256
70 74 223
40 182 222
34 57 126
7 38 47
10 9 45
8 70 79
78 186 309
62 177 423
77 93 186
55 73 290
11 68 112
42 64 154
51 43 98
50 165 368
96 184 281
73 159 274
15 148 165
25 112 151
37 33 71
97 160 262
94 79 195
64 47 177
96 47 187
36 134 192
65 42 112
89 162 281
76 158 280
84 151 238
87 154 278
89 195 293
86 188 275
55 21 110
61 82 321
83 117 236
13 65 78
41 192 269
48 129 179
8 135 303
77 55 140
51 104 316
70 74 173
6 52 154
34 108 144
99 45 207
9 166 351
46 85 140
90 11 109
94 92 187
93 121 217
89 57 170
89 2 99
3 39 115
45 104 149
19 12 32
68 147 386
43 127 173
74 27 127
10 118 136
62 23 90
48 185 242
10 161 173
35 181 222
97 48 278
43 46 96
60 173 235
1 23 42
82 26 115
72 95 209
79 188 292
16 159 265
40 157 277
6 122 299
30 159 383
55 57 113
70 149 220
85 134 287
37 192 261
22 200 223
11 7 25
58 1 84
18 21 43
14 161 210
44 2 71
1 109 239
60 49 117
31 7 221
82 72 242
91 105 364
1 117 278
7 172 199
81 71 247
47 17 108
44 54 261
83 127 257
25 92 121
39 8 149
10 88 153
81 6 106
25 53 119
64 145 216
95 85 187
7 19 86
92 156 279
83 57 147
97 105 220
78 21 110
43 178 263
14 152 176
10 31 50
7 92 125
39 84 223
39 98 146
94 193 313
20 136 162
95 155 257
5 149 161
74 71 161
96 86 184
6 115 137
44 85 130
41 177 230
29 187 221
66 194 292
83 17 144
49 128 221
88 78 271
8 99 111
20 55 98
74 157 231
41 157 204
23 156 181
80 172 389
12 109 174
17 104 123
66 125 221
16 51 74
64 161 262
85 4 249
12 28 49
75 101 187
25 185 237
98 196 307
55 53 120
49 61 251
33 176 254
88 128 216
94 102 215
69 109 180
90 110 316
83 24 127
60 180 240
80 147 331
51 6 59
55 117 176
57 19 100
38 187 228
20 56 102
75 48 123
43 2 48
98 79 182
55 10 67
5 19 194
57 122 222
11 123 143
23 91 142
14 89 141
8 131 335
16 136 156
45 155 252
92 74 175
84 28 131
78 108 187
84 189 320
3 181 204
28 55 269
11 91 106
65 33 101
77 145 228
75 199 275
42 116 183
96 20 125
96 51 207
50 199 349
55 42 142
20 105 127
11 184 339
89 114 213
79 111 269
69 123 197
93 80 180
76 87 271
56 77 149
52 134 218
31 133 305
26 149 178
50 97 216
48 34 258
16 71 130
58 31 99
29 130 168
73 87 168
16 75 290
35 11 175
72 179 253
93 19 138
43 186 253
91 117 238
63 109 198
12 179 199
42 21 245
52 85 143
100 142 361
95 188 288
24 7 58
47 110 268
85 27 114
99 194 471
54 152 362
82 113 198
74 99 175
87 51 143
69 15 84
78 23 109
28 160 202
1 156 162
40 15 89
42 135 220
46 148 197
56 48 106
26 29 95
82 105 228
42 143 185
97 22 137
95 191 322
10 27 197
82 64 148
59 11 80
54 133 192
44 87 164
1 92 100
36 195 235
51 131 209
40 168 217
6 139 149
14 102 196
23 81 120
86 141 237
23 126 155
30 39 239
69 91 231
33 141 178
46 0 105
100 34 308
56 109 175
77 5 209
19 5 43
91 180 273
5 125 166
25 164 387
35 137 179
10 179 195
29 81 118
8 54 63
94 0 98
72 15 285
56 169 234
76 98 183
58 60 285
35 74 123
48 77 127
14 111 128
85 150 241
65 60 171
59 180 256
68 1 75
86 64 156
74 74 192
88 43 140
97 144 404
13 107 125
79 144 227
95 3 114
24 47 117
38 134 208
25 100 144
59 118 213
95 2 107
14 185 244
69 156 234
36 151 348
100 121 230
22 54 81
15 163 289
66 93 185
28 90 158
43 108 218
100 50 170
100 63 353
5 78 98
66 86 160
36 164 200
18 116 316
37 195 233
66 22 276
13 63 113
36 151 195
92 110 212
100 35 140
80 92 195
80 24 109
40 25 160
22 57 109
7 188 218
14 24 38
59 12 72
2 36 84
12 142 156
45 144 198
67 117 213
71 87 353
86 37 268
45 100 160
3 167 171
4 70 111
31 81 215
44 89 142
13 69 109
69 26 112
2 183 260
28 146 282
79 72 157
65 42 117
92 103 195
69 72 174
12 123 167
94 116 260
82 41 263
78 194 416
3 94 147
60 106 176
34 93 199
13 76 95
59 63 178
49 64 285
57 150 215
15 95 111
79 46 125
100 74 212
20 95 125
17 15 46
36 81 118
68 28 106
37 38 91
85 162 290
26 101 132
96 187 479
7 181 190
56 67 163
82 83 174
46 153 233
98 124 244
40 55 95
41 72 312
47 131 293
40 189 232
83 143 239
3 127 245
72 38 114
32 40 189
47 16 238
29 99 130
59 124 221
15 57 72
37 58 288
7 48 97
61 158 249
61 197 285
88 178 280
16 1 67
43 173 407
63 51 285
74 196 279
56 124 189
25 23 54
83 92 354
76 178 255
31 58 96
12 122 178
82 200 290
50 190 342
96 42 289
100 174 369
76 151 275
23 42 69
88 169 345
61 177 395
45 27 90
97 104 202
61 191 284
61 119 367
92 50 154
85 127 332
17 111 219
76 23 220
36 66 103
87 154 249
75 4 90
37 1 44
27 185 259
69 173 250
73 37 142
19 119 166
83 21 122
17 9 92
73 54 175
39 119 177
71 43 130
39 89 135
76 132 250
3 164 168
79 132 381
44 120 308
23 76 135
33 77 111
61 174 240
70 168 244
20 82 145
19 46 263
38 72 156
67 155 314
50 23 83
22 193 219
93 82 175
80 23 293
23 70 138
9 199 209
17 148 170
10 189 323
42 126 201
68 55 128
3 68 121
42 66 109
26 67 108
56 13 256
36 98 140
87 158 251
65 115 243
58 64 170
48 18 74
93 48 175
13 151 168
75 146 228
52 65 163
32 37 90
42 135 365
90 171 295
10 186 225
20 60 87
52 197 302
62 24 87
