990
5 85 90
39 144 186
79 29 184
73 167 265
88 163 292
64 68 150
13 182 215
66 95 167
51 156 231
79 34 119
72 11 153
73 33 127
73 20 100
56 66 227
20 175 286
74 50 124
51 16 122
18 89 132
49 115 174
32 71 147
61 54 121
17 18 151
23 96 266
35 46 108
17 1 22
74 124 232
93 130 285
38 198 251
93 117 376
88 46 248
32 133 264
19 116 139
75 75 150
13 198 239
56 185 242
56 163 260
63 126 352
33 93 287
97 184 335
33 83 156
57 4 177
87 53 160
1 166 193
82 110 200
23 36 60
81 101 192
89 9 98
12 181 207
5 194 391
71 33 138
85 176 296
84 12 109
27 79 133
85 141 229
81 175 362
49 177 241
3 97 245
78 172 259
61 150 220
15 189 251
90 188 314
60 43 151
51 199 254
10 40 54
90 63 259
19 64 88
66 143 214
59 131 295
94 181 410
3 91 103
66 28 95
35 5 72
35 109 150
26 3 76
44 4 93
16 118 170
50 139 220
52 170 225
91 132 225
12 100 286
6 193 221
34 166 367
48 114 211
22 100 127
38 179 225
54 64 313
42 97 228
89 93 186
30 40 220
57 100 180
82 154 239
85 27 113
2 18 61
83 57 174
13 97 135
6 90 182
34 69 108
11 184 236
81 155 236
42 116 324
72 61 172
10 100 111
51 33 85
66 180 255
83 129 215
95 34 178
100 150 256
2 20 27
74 109 190
29 74 113
55 173 238
94 48 186
42 5 48
52 10 70
59 48 145
27 20 133
93 3 241
50 98 198
42 112 156
17 189 223
75 193 270
72 130 204
51 141 202
14 82 281
99 14 116
36 115 196
98 165 298
32 6 53
51 35 156
44 19 64
93 52 216
56 161 218
25 66 117
71 137 218
83 54 144
88 40 130
92 114 372
60 33 126
63 193 266
18 172 258
69 76 151
13 6 101
33 162 212
91 30 125
50 62 118
49 3 55
47 167 377
93 95 279
88 57 152
9 56 69
44 30 117
82 49 175
12 60 79
43 115 167
98 141 283
98 59 159
40 33 268
47 83 248
90 188 420
10 164 273
5 162 179
78 15 101
24 44 70
26 191 221
51 50 220
97 72 215
69 91 194
82 119 207
45 120 167
86 31 131
20 173 217
54 138 204
95 178 280
99 62 174
33 98 177
64 36 102
80 57 206
57 65 159
79 0 86
21 7 175
87 31 139
55 197 397
65 108 178
64 110 181
36 94 130
22 35 181
21 166 189
39 53 281
17 14 43
7 194 226
67 147 237
65 67 140
76 15 98
38 93 161
22 15 38
29 13 58
12 83 134
23 77 108
25 70 143
66 2 113
32 167 227
39 169 213
81 30 127
97 57 159
82 45 156
55 147 237
100 63 170
5 146 156
93 186 294
94 72 174
71 26 115
25 26 214
70 136 218
80 4 190
59 50 117
83 9 122
25 135 278
58 86 148
84 94 184
4 169 184
19 186 206
55 0 146
53 78 189
16 145 316
84 65 186
16 76 111
26 166 221
87 175 284
28 42 241
66 154 256
75 10 90
25 55 87
12 174 309
27 30 62
2 18 134
41 61 102
28 116 147
49 90 323
98 113 251
74 173 260
74 188 269
3 122 125
67 74 210
20 5 128
58 124 263
51 195 263
91 84 308
96 126 264
94 154 435
21 70 117
57 100 163
9 10 65
5 48 61
74 52 127
47 97 272
53 38 97
2 126 128
69 163 241
57 123 208
94 190 291
89 156 286
76 162 241
52 125 181
3 0 67
75 163 239
86 152 260
36 9 74
69 119 228
20 93 313
53 53 137
57 71 160
79 68 201
96 174 318
37 158 216
1 141 147
95 122 223
55 108 169
81 57 141
34 67 153
35 182 221
84 144 249
93 14 111
44 161 207
97 128 229
75 26 107
88 32 122
47 65 200
47 42 129
97 135 242
66 178 261
99 181 336
10 59 102
22 81 208
40 104 167
89 66 218
65 34 100
37 154 197
38 22 60
100 133 303
91 43 330
46 99 194
37 197 248
83 146 229
14 47 66
4 157 162
34 73 110
66 140 214
79 8 104
61 108 323
9 60 107
40 127 177
85 66 167
89 129 225
61 181 262
7 130 139
31 77 111
27 142 172
28 181 328
9 59 159
88 16 146
60 180 244
48 168 216
62 143 232
25 57 97
53 45 123
30 33 160
60 140 287
40 148 195
82 140 250
19 55 122
45 116 224
50 2 54
83 3 262
91 65 157
50 83 135
78 23 150
61 119 220
9 15 195
48 76 133
5 83 93
28 194 222
19 129 164
34 52 91
49 63 120
96 115 391
40 21 66
72 53 134
6 146 152
38 0 215
57 113 178
95 6 103
79 26 155
6 87 95
62 123 187
94 57 245
73 120 213
83 27 116
33 195 232
83 92 225
34 79 115
95 174 287
58 113 180
33 163 226
97 199 300
53 33 190
64 28 168
92 131 230
68 42 113
59 72 141
2 19 29
75 139 252
82 145 250
97 75 270
86 188 277
66 162 230
1 151 164
56 85 333
93 80 185
75 64 326
23 71 112
25 148 220
20 38 65
48 190 277
24 27 58
15 30 53
97 52 165
67 136 246
5 10 199
65 48 207
13 65 273
70 25 129
40 6 55
2 170 205
33 49 87
80 97 179
18 103 128
34 194 340
84 139 224
61 107 172
2 161 167
53 122 176
85 14 160
67 26 94
56 130 190
36 18 58
45 31 201
13 49 72
59 54 137
5 103 112
14 43 103
64 24 124
13 54 182
1 64 90
77 31 116
36 82 292
89 160 402
26 111 202
98 183 284
18 139 199
6 26 38
36 68 135
14 159 314
54 57 120
72 29 157
46 123 207
59 98 201
40 16 59
55 143 232
80 85 212
31 151 184
85 74 161
17 133 250
94 40 174
52 189 385
92 120 246
35 189 231
86 126 235
100 73 196
8 137 182
7 52 82
29 107 278
45 82 156
53 77 136
43 189 399
7 82 91
26 78 105
4 163 167
48 163 292
84 197 336
13 157 317
67 105 178
53 24 83
69 132 204
65 34 152
66 53 125
47 10 63
95 112 304
23 109 144
84 64 279
43 73 301
1 192 202
54 182 243
37 55 156
98 84 188
3 25 78
39 149 237
31 183 224
86 164 250
24 153 179
42 55 103
99 39 148
7 53 66
76 90 176
83 24 113
45 192 337
24 82 114
34 124 162
35 148 183
87 26 156
1 194 277
86 108 220
13 114 221
14 95 155
97 73 216
75 4 84
83 155 274
72 27 114
76 45 130
40 194 269
25 58 89
49 68 190
32 151 199
46 12 67
85 73 200
9 143 185
22 152 185
78 178 415
16 30 91
74 114 236
45 20 97
61 182 339
31 33 110
49 57 116
59 18 89
57 41 103
25 136 169
15 96 119
62 82 150
99 190 290
67 84 157
81 68 261
93 39 153
19 149 177
84 106 219
17 44 92
68 21 96
27 0 36
25 103 140
92 86 185
32 149 183
73 144 353
35 88 138
92 109 231
7 10 19
78 79 176
31 53 112
85 23 116
98 94 239
21 37 90
35 77 115
51 10 61
95 59 195
92 164 263
9 110 271
37 55 120
78 72 244
49 28 79
9 199 333
9 129 184
61 123 346
13 159 340
34 105 151
77 167 326
33 123 168
35 148 322
53 144 236
4 189 389
54 16 72
6 92 107
83 150 239
10 25 36
67 189 261
46 76 213
9 6 167
42 101 145
68 101 200
62 27 260
83 55 141
65 10 160
58 26 284
54 99 179
81 167 253
42 16 61
78 173 280
31 67 98
40 119 231
92 160 256
45 12 80
26 190 407
82 115 224
43 84 131
21 79 111
61 65 156
76 48 167
75 94 203
29 171 362
69 178 266
73 103 297
42 186 240
61 103 188
36 85 123
58 156 248
73 179 291
3 22 46
61 191 253
7 24 32
60 157 315
15 42 57
62 49 115
46 69 116
90 52 162
80 110 215
11 74 201
72 90 203
76 23 125
92 74 173
54 138 223
81 43 135
59 115 361
64 195 343
63 133 218
87 4 107
29 12 67
86 149 317
72 99 179
14 122 244
23 17 40
20 199 225
25 87 139
87 141 232
72 109 319
80 167 252
87 146 237
60 178 246
27 95 272
68 199 267
98 50 155
74 191 268
98 104 224
8 19 163
81 160 250
24 97 128
95 172 320
48 169 223
48 83 241
26 37 75
56 12 90
46 152 348
91 12 241
100 116 229
8 159 171
79 36 121
60 171 254
99 126 228
76 162 321
93 114 240
99 40 147
54 14 72
14 83 113
88 80 204
3 78 99
100 143 254
51 80 131
3 126 176
2 77 87
63 40 111
1 6 14
66 194 300
59 199 389
21 166 197
53 179 243
14 77 98
46 71 127
12 147 159
86 144 230
18 24 47
53 4 58
60 72 140
91 157 254
5 93 106
70 69 162
78 50 128
93 77 202
6 134 147
63 67 135
56 58 124
90 36 313
39 15 143
93 184 313
49 76 135
12 12 73
7 182 198
52 177 246
24 52 98
80 33 214
21 12 97
40 36 268
72 53 130
90 188 279
95 85 214
100 72 256
47 161 208
40 167 352
72 12 131
77 156 282
12 123 176
46 27 118
89 11 135
72 119 200
69 50 127
97 172 276
98 83 191
24 185 228
8 121 134
82 116 203
4 188 235
89 88 180
96 104 352
18 178 202
56 193 254
89 125 230
23 194 217
85 6 92
70 8 96
46 3 97
9 183 347
50 176 369
61 161 225
50 152 212
61 174 342
97 165 325
45 42 126
86 95 375
87 184 318
86 154 406
96 109 355
81 116 234
64 189 269
52 71 145
44 164 358
44 88 138
39 173 233
86 112 229
16 189 247
40 12 68
28 70 114
15 126 143
68 10 143
44 28 83
9 184 221
40 174 219
34 93 137
3 16 27
98 96 237
10 154 284
20 73 95
62 6 113
11 193 400
42 151 200
60 10 90
4 129 174
99 141 272
82 120 212
24 28 58
94 141 255
47 55 156
34 82 162
24 68 183
12 78 94
58 68 129
50 122 333
14 121 136
91 161 258
49 157 237
92 169 265
14 123 143
21 6 48
45 89 178
83 26 111
10 17 64
28 48 76
38 117 176
53 130 228
62 159 247
4 22 156
10 153 165
8 162 205
33 16 66
64 81 154
6 139 150
66 52 118
15 48 100
5 27 32
89 94 242
72 69 142
58 141 211
66 161 235
11 41 234
11 88 141
99 118 242
62 82 278
80 69 156
65 62 191
44 108 159
70 135 205
30 56 224
98 26 152
31 45 77
59 15 90
85 162 431
47 123 212
87 131 249
84 174 264
83 128 211
86 157 253
5 19 78
45 96 142
52 85 208
23 126 154
18 25 47
81 143 388
55 19 85
65 191 290
92 6 124
37 98 214
1 84 90
55 4 120
39 111 158
86 150 270
18 175 213
82 32 187
39 34 169
43 92 139
35 161 387
84 149 233
34 138 194
75 23 102
9 62 113
85 102 217
75 162 237
80 123 210
60 191 261
71 38 155
74 138 239
11 133 169
83 146 240
36 23 85
45 180 228
35 16 77
38 178 263
72 7 113
10 9 19
71 23 97
36 0 46
47 29 86
64 26 90
47 112 244
80 121 204
28 34 85
86 102 285
51 143 309
76 71 151
56 143 206
67 197 460
67 95 169
87 189 297
74 0 79
94 78 174
86 38 130
90 169 287
37 92 186
12 96 115
27 54 112
17 147 275
8 191 203
94 87 189
96 181 283
81 177 259
78 22 100
7 105 156
50 63 114
72 105 178
11 106 122
88 166 262
98 54 199
98 122 222
2 90 109
86 1 95
78 112 200
52 43 278
5 103 111
13 4 67
6 181 215
80 116 392
13 184 199
44 17 68
65 151 352
9 96 115
10 128 146
94 199 322
82 154 246
53 104 289
39 55 103
24 190 353
44 58 234
22 39 93
62 113 222
87 0 87
7 48 62
75 152 228
7 181 194
20 3 24
25 0 192
90 134 231
20 129 238
36 87 130
71 155 235
92 9 106
33 93 148
98 19 129
19 123 142
3 23 35
76 175 257
99 122 231
64 176 258
95 69 173
41 185 232
22 68 113
30 54 126
73 76 150
7 118 145
35 149 329
32 156 238
89 19 118
3 110 304
49 23 122
65 130 217
30 78 115
41 31 91
13 134 149
98 137 263
47 103 151
63 59 122
82 4 93
67 52 150
90 91 212
84 6 248
100 185 310
90 69 162
3 26 79
69 158 244
88 193 287
71 115 194
67 54 158
67 63 175
91 190 311
24 189 217
65 132 386
44 63 115
76 8 112
64 89 155
55 25 80
36 56 187
81 152 263
27 77 112
98 190 293
53 38 241
69 187 289
61 126 193
81 199 446
11 126 141
9 33 119
24 33 66
76 72 193
75 169 257
11 125 141
66 31 102
37 97 207
15 113 142
12 92 108
25 195 246
72 4 231
13 110 126
6 173 197
47 91 202
82 158 275
52 161 223
7 151 226
32 32 185
69 146 221
6 101 107
74 108 186
64 143 216
27 61 96
78 179 257
31 92 125
47 167 223
21 36 85
25 34 83
8 136 145
50 108 172
7 131 140
81 74 158
43 184 232
12 158 175
6 125 171
92 195 294
14 168 210
58 21 111
82 144 256
