220
49 72 125
97 61 168
8 38 49
24 197 336
38 39 77
87 31 174
81 167 251
69 88 186
85 152 282
62 168 338
17 149 311
62 28 100
64 104 170
54 186 420
73 71 295
98 69 168
44 22 68
45 91 140
97 123 420
49 148 335
59 32 273
72 15 92
5 175 278
18 50 204
88 36 134
78 172 290
79 155 238
82 90 188
8 131 183
12 164 234
6 163 185
6 170 224
3 35 42
16 153 185
18 115 289
91 69 169
92 156 256
35 108 144
87 189 321
46 33 85
4 145 201
16 19 62
37 79 285
91 187 287
39 50 95
44 151 218
42 120 284
7 127 141
82 53 149
72 114 196
60 62 130
35 152 193
38 13 61
40 108 154
42 86 270
59 25 196
81 142 229
11 88 102
60 140 281
7 44 68
54 64 157
65 191 261
50 71 206
73 147 228
49 46 273
21 172 193
76 58 136
96 35 148
66 127 293
71 38 110
78 49 129
19 140 316
5 147 160
47 27 192
91 182 375
97 37 148
13 129 190
56 161 333
61 82 149
90 53 143
83 58 145
69 149 225
19 134 267
97 75 265
48 169 250
40 163 229
21 174 198
31 71 110
60 172 402
74 18 132
3 79 109
25 188 258
98 173 311
7 181 236
69 76 341
54 27 212
38 33 95
48 150 327
92 95 197
25 1 26
3 115 119
93 45 253
65 35 199
41 81 124
39 60 103
18 6 80
38 64 239
3 43 66
93 112 206
97 166 316
69 71 141
95 115 219
80 175 261
19 134 159
35 172 230
7 28 43
62 98 167
33 95 138
67 168 236
57 16 248
27 87 119
18 49 77
22 27 81
21 107 182
81 112 251
45 22 171
62 177 281
46 2 49
88 62 209
65 13 232
60 191 259
17 20 60
100 125 350
27 6 37
21 124 155
93 54 147
47 129 183
58 178 243
71 2 102
40 6 48
30 170 205
55 102 177
74 130 235
27 28 166
62 132 198
85 119 209
1 158 183
65 169 234
39 65 124
86 50 155
85 79 168
74 93 176
18 29 62
7 132 142
35 86 168
25 151 184
65 102 189
5 157 319
60 121 358
75 5 94
52 111 209
87 43 174
78 101 351
52 198 256
82 196 295
56 76 258
40 14 56
66 76 207
98 18 142
63 170 267
72 59 135
90 115 255
52 141 215
87 155 253
45 82 136
9 14 32
26 141 209
44 95 139
76 158 422
16 103 128
24 116 329
70 67 167
55 89 275
31 26 63
29 132 162
57 78 139
91 142 282
53 82 294
4 154 160
39 50 254
89 109 205
97 184 286
42 98 145
13 92 110
67 112 197
19 16 37
92 14 131
39 118 162
1 103 106
31 1 37
90 170 300
36 198 293
6 153 168
29 124 159
10 62 107
88 177 295
37 118 181
52 193 248
31 156 192
81 105 236
37 153 195
88 57 312
2 162 335
85 83 197
18 10 226
42 29 167
10 54 101
27 152 181
35 137 340
37 41 258
