210
75 88 165
82 172 257
90 64 181
94 180 388
69 171 364
25 30 59
67 56 169
59 143 244
82 88 183
26 127 194
18 14 73
94 111 350
83 186 280
43 141 376
25 64 126
89 198 482
68 145 257
6 143 177
93 163 264
32 23 104
51 81 162
52 16 70
75 181 405
40 193 268
91 181 274
65 15 154
42 52 186
98 167 265
76 77 155
47 131 178
57 122 220
90 94 238
7 159 171
9 132 177
82 2 215
94 122 219
42 167 210
86 71 180
1 21 27
50 50 109
97 104 209
54 116 204
59 95 161
53 34 101
89 40 272
32 99 175
82 94 186
48 83 158
41 146 385
31 130 210
20 163 330
56 139 233
68 157 227
10 5 18
17 103 127
62 159 226
70 116 192
26 131 331
65 87 312
35 187 226
8 198 213
6 129 137
70 121 192
62 154 225
8 53 80
81 143 232
5 30 55
62 133 220
95 118 223
82 141 233
58 88 173
51 190 243
99 118 218
87 193 282
89 155 252
75 101 186
97 120 283
99 158 279
19 148 172
94 115 308
60 119 187
11 36 47
65 140 331
29 192 269
7 175 185
16 40 61
99 191 306
17 72 261
19 45 64
60 121 223
28 132 227
3 33 202
80 41 122
25 105 138
9 20 50
32 181 356
99 159 264
47 188 243
43 78 125
4 129 136
100 160 300
38 98 145
14 77 195
93 123 218
97 187 444
1 182 184
82 11 93
38 119 157
82 155 296
29 54 146
97 115 222
18 46 108
12 128 187
43 185 248
25 32 194
91 109 208
74 13 90
72 113 214
23 113 177
49 122 174
96 58 165
47 174 249
94 162 284
31 143 183
37 180 218
70 150 230
87 152 280
70 196 444
63 19 157
57 80 329
31 44 223
75 139 223
93 57 156
48 122 180
5 196 218
20 100 135
27 37 80
93 127 228
3 46 122
56 118 179
74 32 122
56 63 268
34 198 267
77 34 157
22 23 141
46 135 183
67 59 140
71 145 308
30 43 93
80 153 240
56 38 101
35 127 251
16 8 29
20 50 75
79 106 311
39 30 152
50 63 163
78 0 82
45 105 186
5 58 94
98 74 174
12 143 300
67 25 98
13 165 188
42 6 62
26 91 126
38 76 163
16 134 290
16 143 162
70 75 285
62 110 173
70 99 169
40 195 263
43 86 159
60 66 126
5 41 85
9 35 48
49 64 140
90 101 367
44 173 242
25 15 57
86 195 452
79 112 241
6 132 144
30 138 174
100 65 170
5 171 183
69 27 116
2 10 12
25 68 178
54 25 119
88 79 178
64 180 286
40 83 123
75 60 143
62 85 154
58 141 201
64 6 181
54 163 231
21 15 123
89 119 224
94 168 398
78 74 160
71 134 212
29 75 273
18 6 65
22 90 130
30 153 192
13 116 130
95 191 288
