660
83 168 262
33 107 217
99 182 284
2 186 191
21 123 148
30 28 91
43 63 150
26 124 154
42 72 118
18 200 218
86 192 284
18 52 258
13 139 326
7 39 50
84 155 245
96 93 192
59 168 235
15 53 115
72 4 126
86 44 132
94 121 414
32 166 199
62 66 130
8 191 199
54 172 264
68 112 263
22 0 112
45 29 78
76 16 104
93 73 173
17 139 252
91 65 164
24 5 106
1 139 147
12 156 234
7 100 107
90 41 179
11 181 192
2 137 148
99 151 374
2 31 35
55 148 213
7 194 377
16 124 150
51 180 233
90 48 185
7 84 120
76 164 289
1 79 80
55 86 170
41 99 148
28 5 129
71 66 224
44 7 56
87 109 236
55 25 108
68 77 243
80 182 272
59 152 302
42 82 165
31 187 224
3 162 212
63 45 256
3 180 188
2 37 60
26 126 280
2 166 178
43 196 414
78 200 342
84 4 92
40 93 142
8 65 142
99 51 284
68 84 172
13 92 109
50 117 170
17 101 124
95 27 160
38 49 208
36 188 229
48 41 267
80 69 269
100 159 264
55 146 205
78 135 262
48 76 173
58 185 272
53 187 250
21 19 220
19 16 35
78 13 113
62 54 126
51 10 99
98 171 305
88 193 283
47 169 226
39 89 167
36 95 138
13 94 137
79 146 421
57 69 132
73 175 272
75 86 183
66 82 212
9 142 301
78 170 322
9 125 139
59 9 70
89 105 199
100 47 156
42 199 285
31 4 70
64 132 235
28 56 276
80 157 244
59 15 173
63 140 211
72 77 155
9 84 102
46 55 134
99 147 267
52 120 175
50 120 175
13 78 99
59 61 197
93 4 252
49 60 140
96 97 220
57 92 153
81 118 200
95 134 229
53 133 318
66 16 86
70 135 246
55 68 197
86 27 265
83 82 205
71 5 252
26 133 197
42 38 89
61 158 225
44 112 212
67 9 79
84 141 255
62 191 266
95 115 290
59 124 190
60 190 250
16 7 32
46 80 153
36 9 48
27 6 74
53 45 231
9 174 193
78 156 271
68 74 156
44 39 116
96 95 200
22 30 83
58 116 358
62 64 133
18 50 104
24 180 386
44 111 165
94 34 215
10 54 99
1 11 15
22 153 181
7 6 22
5 186 199
12 112 153
57 28 85
86 140 226
80 176 300
29 186 220
90 148 278
66 40 116
84 61 204
24 151 176
94 124 356
34 151 188
50 5 225
82 26 151
38 178 224
17 139 159
47 137 184
76 172 252
91 135 268
72 156 251
49 56 106
93 157 277
44 158 205
63 26 122
6 78 89
42 153 364
84 24 110
91 116 217
54 61 125
48 176 230
98 45 177
62 144 207
24 104 134
9 176 201
48 200 373
52 152 254
93 18 280
26 155 182
29 142 186
85 63 154
94 137 299
79 178 264
12 82 115
15 158 201
86 44 131
69 8 196
34 95 135
27 181 210
55 89 183
80 80 244
86 158 244
49 115 182
37 12 59
22 192 412
66 155 227
85 117 333
38 34 82
92 102 200
7 35 102
41 55 109
59 33 134
95 185 286
35 166 210
89 103 240
77 65 175
7 148 161
96 101 208
65 110 204
11 110 128
32 82 123
45 181 231
91 200 298
24 189 236
70 154 262
84 6 100
85 49 217
14 147 184
86 54 188
55 11 74
22 109 132
31 1 36
41 10 59
2 199 245
70 86 163
56 134 223
86 146 276
99 85 321
90 5 129
48 77 137
42 198 348
83 86 171
91 38 131
66 22 175
62 132 372
43 57 101
50 153 249
15 85 104
93 123 220
62 72 181
23 39 119
12 164 203
59 167 355
77 41 250
8 138 262
89 76 324
90 165 257
19 188 334
99 171 301
21 159 182
34 42 120
27 39 97
86 162 252
2 98 149
34 175 251
4 122 298
28 166 198
91 165 264
75 23 244
52 40 98
52 114 331
25 135 188
90 100 232
24 186 210
12 190 302
81 95 223
75 61 140
8 128 219
98 191 296
67 198 376
59 39 106
58 192 259
33 120 331
39 192 248
58 113 175
97 163 291
5 75 89
57 8 113
15 153 177
28 79 146
5 31 42
11 194 234
82 9 207
39 152 198
22 72 98
24 86 220
74 170 267
52 83 202
98 97 220
93 23 117
61 52 144
65 9 85
37 118 157
44 122 169
69 12 112
67 116 316
90 11 154
42 137 291
93 153 251
2 190 201
94 53 151
52 154 286
78 83 274
92 135 266
88 8 100
34 128 172
90 110 205
57 198 268
14 14 33
98 10 132
80 157 283
25 155 185
41 31 90
100 72 173
61 187 262
99 175 399
20 84 109
43 175 257
62 30 93
42 149 237
77 21 125
90 97 191
59 125 234
97 168 289
17 40 68
56 81 141
63 171 314
41 130 195
60 129 190
42 45 93
95 65 165
99 43 171
72 196 305
88 76 172
79 144 224
71 7 88
25 144 200
42 47 112
48 190 266
8 67 81
54 116 212
23 51 255
87 6 103
47 122 185
76 12 247
95 84 185
53 22 79
72 79 180
80 76 162
39 199 396
29 95 159
27 83 160
64 116 258
31 32 63
78 37 169
42 11 61
23 144 240
51 68 146
52 132 194
13 170 216
91 107 208
100 158 292
99 14 116
92 72 170
37 150 187
100 8 114
97 174 315
8 77 208
89 119 212
80 0 86
64 5 73
75 0 81
73 188 307
49 19 112
11 1 14
100 34 140
23 26 54
57 29 102
45 131 177
52 22 150
91 197 482
93 107 201
49 170 373
2 185 194
78 132 212
30 60 107
24 33 58
77 143 270
67 65 139
84 82 207
52 1 101
6 23 180
43 48 116
72 194 314
43 44 133
69 169 287
52 137 231
56 28 204
17 169 203
36 184 227
61 184 247
7 63 74
8 106 292
46 19 69
45 131 345
80 186 306
100 121 389
96 13 117
47 96 183
17 113 134
51 68 152
22 160 337
93 39 301
58 58 123
41 112 327
82 128 218
3 130 136
33 132 213
84 99 211
24 133 165
70 10 91
22 94 125
55 43 98
22 79 134
16 175 200
100 163 273
36 155 223
75 42 205
64 90 164
22 38 84
83 89 181
84 99 185
66 22 121
12 90 175
26 9 77
95 23 164
28 174 223
50 197 296
35 41 106
52 110 165
74 66 177
94 101 226
16 139 158
66 40 151
99 35 135
95 109 221
34 10 62
66 199 379
72 168 241
44 153 198
19 66 92
94 27 130
85 136 316
8 159 173
28 171 211
81 143 224
9 40 96
39 198 262
3 24 182
8 10 23
37 60 143
81 158 269
13 131 220
34 111 151
37 78 153
63 48 121
94 168 264
5 64 108
86 93 229
93 118 213
68 21 96
1 15 38
25 82 240
83 192 286
46 9 155
83 115 208
87 168 302
100 130 238
62 38 244
67 185 381
58 63 127
9 4 20
74 184 289
13 129 151
75 57 137
37 81 146
57 51 109
82 56 202
99 89 200
28 170 233
61 66 137
25 56 101
17 98 182
94 167 266
38 164 382
26 150 210
18 22 79
52 49 182
98 21 124
75 11 234
57 199 261
4 43 49
8 95 149
42 27 231
92 8 140
73 194 311
51 180 231
27 64 208
13 123 316
71 82 155
30 118 150
83 19 213
61 79 144
12 113 220
88 136 232
40 55 103
45 189 324
98 145 249
55 51 108
87 57 170
13 49 160
73 50 159
47 120 194
3 84 206
49 164 274
8 32 58
29 4 39
28 135 182
98 14 117
65 130 226
5 93 206
63 122 188
34 86 231
22 181 205
51 144 223
74 48 127
80 84 168
37 71 118
22 88 127
1 179 280
54 110 170
70 61 274
63 6 71
90 72 162
64 74 144
53 81 183
89 28 130
15 36 77
77 166 245
43 15 252
9 72 272
84 65 170
1 173 211
25 53 204
15 55 194
29 0 34
31 27 76
70 41 121
96 175 450
33 91 127
91 167 268
51 185 254
43 19 156
50 19 71
100 132 240
60 32 138
49 171 225
83 113 251
84 39 234
8 53 65
56 18 82
69 2 74
99 5 107
51 170 233
12 130 152
65 51 124
16 11 36
63 132 346
50 34 132
70 193 272
99 6 111
70 167 375
21 37 63
94 37 132
69 178 253
69 194 445
94 192 319
11 138 153
17 83 106
76 61 168
54 51 139
97 177 315
70 183 259
32 130 173
94 125 253
56 20 139
17 105 122
20 173 193
66 160 273
39 121 165
42 64 268
94 196 301
90 63 158
59 80 141
50 182 408
98 186 401
51 25 85
10 61 85
83 1 87
100 60 185
7 167 178
84 83 170
75 50 129
52 18 91
84 153 268
22 26 77
22 81 221
2 25 34
37 73 120
36 129 189
35 149 192
69 193 270
75 94 170
18 138 180
22 11 40
98 180 281
17 111 138
62 109 177
57 114 253
79 14 219
42 71 142
82 154 238
