500
75 143 408
99 51 150
6 172 183
77 157 361
44 61 115
48 148 205
11 43 146
58 34 111
14 26 79
58 109 251
48 197 246
81 33 137
94 199 491
24 172 276
22 69 101
62 177 242
15 16 75
21 42 100
84 91 181
75 194 318
28 117 147
35 125 165
67 118 189
29 116 150
76 176 261
51 184 243
62 115 246
41 91 329
54 46 177
18 14 193
76 68 154
41 90 131
52 39 256
24 94 124
65 95 329
14 176 341
44 93 139
30 160 200
43 2 49
49 140 359
4 86 141
28 168 263
14 39 160
100 115 216
47 104 305
52 7 106
83 84 191
13 109 152
39 122 189
7 146 159
50 120 226
94 129 277
26 142 203
58 100 283
100 73 292
68 22 95
99 76 181
97 40 223
32 168 241
76 25 278
66 49 116
89 144 235
23 47 95
80 56 181
70 61 135
11 31 168
50 37 250
58 94 187
26 143 223
57 11 110
57 42 116
62 60 127
59 130 195
95 170 269
57 119 327
78 0 101
16 98 244
19 167 226
23 168 203
62 120 183
69 67 317
40 8 79
65 55 140
41 148 192
20 78 109
90 100 249
81 81 337
23 125 165
88 73 168
83 69 221
80 165 252
78 52 139
6 133 169
76 141 253
41 82 231
87 179 385
51 73 127
77 142 258
1 192 193
37 15 112
6 40 48
25 142 200
38 200 255
28 106 255
12 182 328
4 185 189
52 59 251
25 149 182
25 68 98
42 200 309
34 23 70
53 18 76
10 151 326
14 181 302
41 163 252
13 198 214
71 117 195
18 96 125
38 177 361
72 7 123
78 141 228
42 142 188
33 41 78
53 59 133
38 177 261
1 23 52
88 119 208
27 99 261
26 184 211
41 8 57
61 112 178
61 44 245
16 129 155
72 9 86
74 191 326
26 22 95
15 90 106
34 108 152
22 9 221
63 57 130
88 178 390
64 191 302
59 196 258
31 176 243
14 65 80
22 71 290
1 200 328
36 3 47
15 165 184
99 83 203
10 37 52
58 76 136
85 10 176
95 52 195
56 64 247
73 64 173
86 32 122
60 55 151
44 41 90
69 84 281
63 26 93
72 38 132
58 11 239
43 15 103
56 132 194
3 116 126
68 183 364
2 184 195
12 79 218
22 139 167
3 119 163
47 38 100
29 132 272
33 172 222
28 69 99
8 31 81
82 194 290
66 134 207
98 33 172
29 98 144
28 54 107
31 64 103
78 34 118
9 134 315
22 180 205
41 47 122
27 152 188
38 115 162
76 170 263
5 173 253
45 112 184
20 49 71
93 115 267
64 150 224
18 22 69
41 163 245
34 1 64
59 180 401
42 93 139
8 147 207
62 32 268
95 36 170
6 110 158
12 29 198
5 118 212
63 82 151
8 21 147
8 44 63
64 179 326
10 63 149
90 96 226
52 98 166
47 143 213
10 199 218
79 179 284
57 189 344
71 46 124
3 61 133
53 50 109
49 150 214
55 51 130
71 149 236
5 32 223
30 25 64
75 196 307
78 156 238
82 27 244
82 167 255
67 96 277
43 119 175
29 173 204
13 17 176
98 66 209
10 183 201
30 169 244
93 97 228
84 154 239
86 33 231
45 22 69
20 104 170
99 66 187
69 93 278
98 137 243
95 136 366
2 157 164
56 183 258
97 94 272
93 191 292
81 60 141
96 61 165
16 24 43
32 116 188
52 34 95
100 23 169
91 72 228
68 92 173
61 48 143
53 81 152
30 200 237
73 96 179
82 168 293
47 36 91
10 138 154
100 125 269
17 97 123
96 77 360
69 108 181
26 123 161
98 128 232
19 194 223
88 140 236
65 75 157
84 198 326
24 90 117
86 177 264
66 125 193
32 113 174
36 14 64
63 77 279
81 62 158
95 137 263
45 33 169
24 100 126
59 141 207
70 60 135
89 58 274
45 178 227
66 71 166
60 145 217
80 82 186
58 39 97
74 62 198
96 60 184
23 11 39
89 37 130
93 1 104
36 122 163
71 7 84
44 90 272
58 21 96
4 142 239
42 100 180
73 102 191
83 24 108
74 160 283
21 160 189
26 111 137
66 150 216
61 100 200
99 113 222
99 197 316
40 139 188
71 184 273
56 199 276
1 16 41
45 149 198
47 102 300
54 101 186
23 172 229
67 179 314
65 57 145
20 148 292
90 179 410
92 114 229
90 104 204
45 145 216
99 66 188
67 188 282
100 6 148
80 149 363
55 119 181
2 70 74
22 41 71
76 119 205
21 145 170
65 106 187
45 148 288
89 83 181
61 198 289
66 59 131
99 125 225
28 155 194
18 171 199
28 32 190
29 119 244
91 143 272
7 91 104
7 179 196
70 121 202
41 135 286
38 113 157
49 152 229
46 110 166
26 53 81
32 164 220
59 6 73
1 133 134
89 145 273
28 113 195
7 69 144
94 151 281
55 123 180
56 164 378
66 179 366
83 10 103
85 54 224
3 95 117
88 192 283
51 123 179
61 107 173
18 76 98
43 133 205
8 19 91
91 65 241
54 17 81
53 78 141
51 16 67
58 143 208
44 84 135
22 7 65
20 159 218
63 132 231
72 106 182
44 141 232
47 191 272
23 8 153
42 177 228
74 53 254
38 162 330
100 178 283
21 157 256
17 97 121
56 24 88
72 95 175
12 168 277
5 80 202
57 144 214
65 148 221
90 30 125
47 91 286
22 178 209
27 18 62
35 171 221
32 74 113
39 128 198
32 27 185
2 168 177
90 179 279
52 0 93
85 91 177
40 148 302
73 72 156
46 69 130
79 103 183
87 42 166
65 46 113
46 75 122
81 192 277
7 199 376
81 178 272
63 155 230
100 130 235
16 60 121
17 186 324
17 162 188
35 32 74
5 177 186
85 153 260
16 91 114
19 117 202
89 179 290
8 58 191
19 51 263
38 1 86
56 200 256
81 157 250
46 143 195
59 100 230
28 179 236
10 25 173
6 31 38
69 129 207
9 155 198
84 19 163
73 165 243
98 142 243
90 161 258
78 135 253
73 6 82
30 192 267
45 131 286
36 74 264
48 187 251
37 28 66
97 94 314
55 156 261
32 77 158
30 71 127
62 100 163
64 67 146
15 166 184
44 56 145
13 147 160
60 66 133
48 120 175
13 82 101
17 34 82
66 173 260
55 63 177
51 164 224
90 184 288
33 97 318
25 95 120
14 37 70
30 43 81
88 175 263
22 36 58
45 122 175
91 2 193
46 104 166
47 189 244
36 1 62
27 99 159
67 30 173
58 73 318
92 67 251
41 2 83
13 71 136
49 70 208
92 144 257
78 109 219
36 143 186
99 0 103
55 23 125
91 122 222
92 80 327
79 121 204
38 195 240
53 25 127
92 45 146
