90
69 170 244
36 120 202
6 92 122
42 22 71
19 19 118
84 112 264
82 50 137
17 108 316
78 15 102
82 15 231
92 105 206
78 193 274
60 114 211
18 115 228
38 126 166
45 196 291
84 49 143
6 10 42
54 153 255
22 175 240
70 112 182
1 114 125
12 66 126
88 129 268
91 96 187
54 7 80
59 87 181
36 72 108
83 155 313
46 176 229
98 181 369
70 133 239
33 80 118
18 109 163
19 30 62
7 137 146
62 45 111
50 6 61
28 152 218
100 106 238
22 93 124
100 186 439
5 115 130
16 91 130
86 109 228
73 122 242
97 85 214
95 189 287
31 49 270
60 20 156
10 21 33
58 178 242
81 15 158
6 42 96
91 158 437
74 64 184
38 104 186
92 0 121
30 119 190
5 36 186
84 31 125
38 138 181
71 146 241
79 170 390
67 176 243
92 158 372
7 6 46
70 54 208
31 115 153
60 150 211
98 130 370
39 187 359
11 114 154
23 150 177
50 73 132
40 101 145
81 45 166
30 122 184
46 198 252
39 113 152
79 148 409
39 125 244
54 16 80
27 120 147
22 190 256
5 114 127
16 146 303
31 1 41
74 48 126
61 58 119
