380
26 23 186
2 140 151
77 151 235
19 41 66
83 57 156
62 159 229
24 162 188
30 125 243
70 108 180
20 189 210
65 179 409
68 27 103
65 147 261
51 147 217
1 64 69
70 177 331
100 159 287
75 121 202
5 191 200
37 121 164
99 190 290
96 118 253
96 195 319
78 177 295
64 125 196
76 80 164
62 105 212
50 153 206
11 170 238
22 100 154
48 60 109
22 41 66
44 135 262
17 76 95
4 56 70
53 123 221
44 159 210
52 82 304
89 160 253
48 150 224
80 106 187
31 154 193
51 146 246
39 104 167
76 192 271
1 25 153
38 47 89
50 116 169
34 62 106
95 38 166
89 178 270
83 82 170
68 7 77
37 57 124
100 14 283
41 24 79
7 64 81
68 124 389
74 162 306
88 113 206
9 79 94
59 74 156
53 170 373
45 54 109
95 153 265
13 24 147
68 122 191
79 100 214
94 181 317
70 140 216
71 124 196
99 137 248
10 24 56
38 100 143
21 81 140
51 107 203
32 176 357
94 28 143
25 18 85
44 193 241
29 186 217
43 142 205
86 108 356
49 31 80
64 198 270
46 89 142
16 106 122
43 88 137
97 57 204
17 155 333
53 118 191
71 126 224
69 93 307
90 125 352
97 156 296
32 109 183
99 77 178
17 67 198
94 63 159
52 76 135
60 197 257
9 167 222
97 151 354
22 1 62
91 70 345
95 52 300
27 140 169
49 38 246
49 136 192
71 83 164
4 44 189
25 37 261
67 112 187
87 90 283
95 23 155
79 30 150
54 69 164
59 69 131
100 130 237
42 76 122
87 110 202
83 106 308
66 176 330
92 93 230
74 167 256
73 71 147
58 174 235
25 41 181
29 48 85
8 168 339
93 8 101
91 44 256
39 86 238
48 131 195
33 27 62
60 152 214
24 98 170
22 200 254
20 86 127
14 68 112
33 82 121
9 15 30
49 19 75
28 118 310
67 189 281
15 51 68
6 23 61
74 138 347
63 145 210
5 149 163
46 163 242
69 161 259
89 191 304
97 99 375
92 107 335
94 190 289
79 147 392
78 94 359
54 28 119
7 75 88
86 40 174
5 87 100
59 125 227
100 146 441
82 125 214
2 93 135
94 121 249
84 73 176
53 166 223
23 71 97
84 117 207
46 27 196
6 98 141
21 198 267
16 155 173
66 115 373
41 93 278
31 144 178
1 192 317
51 12 67
42 108 167
67 94 205
97 160 290
60 118 255
1 67 95
6 154 169
77 74 179
47 75 174
19 37 61
18 13 60
45 116 182
52 74 170
44 91 256
68 161 426
35 190 230
37 0 42
89 97 191
12 103 278
75 81 157
40 133 179
72 89 185
94 149 259
64 138 233
57 186 439
97 143 245
16 128 150
38 158 333
7 71 99
86 196 284
1 151 153
23 20 89
84 12 96
30 31 69
6 135 146
77 33 125
31 147 196
8 42 53
59 134 202
68 47 195
73 89 165
84 76 166
26 27 84
7 81 119
60 183 244
7 66 120
59 189 278
2 182 316
85 96 184
25 107 293
57 5 76
9 109 191
50 126 216
33 12 51
73 74 158
87 118 210
36 188 327
79 80 281
47 49 111
28 36 70
85 87 188
45 166 215
24 77 105
95 87 182
29 143 188
83 123 208
9 33 57
74 136 212
59 73 139
16 111 131
40 176 292
13 81 224
27 32 63
62 115 177
15 46 64
38 41 84
50 36 117
6 129 142
86 2 153
98 58 166
16 168 194
7 194 203
65 176 437
50 156 255
97 79 218
29 169 209
88 92 182
20 27 169
82 112 198
52 22 81
23 172 236
75 50 156
71 141 214
37 50 93
29 27 155
81 141 231
41 73 184
73 80 250
4 28 67
77 152 234
80 28 113
35 128 209
79 6 167
89 64 312
64 21 87
18 36 65
44 128 237
58 65 131
41 111 157
21 149 215
72 62 144
74 49 198
5 76 100
7 44 218
29 120 158
78 184 263
30 70 107
72 197 278
23 139 174
44 95 292
16 191 255
80 29 302
60 62 139
11 62 77
16 66 90
90 59 155
48 126 290
78 112 200
13 147 209
98 26 126
5 74 101
25 181 222
12 78 124
22 103 127
71 87 158
31 5 86
94 187 325
74 147 226
22 74 203
6 138 305
21 150 271
57 104 169
88 114 202
40 125 174
36 137 203
97 152 343
36 48 102
5 21 194
91 172 312
3 124 134
90 23 128
43 142 191
68 142 243
56 127 190
47 140 188
56 70 126
57 106 257
64 170 316
3 106 140
49 54 146
11 138 242
80 123 293
66 173 277
75 48 135
37 169 223
85 30 125
6 162 196
33 55 98
53 172 307
18 170 257
79 49 137
78 165 271
30 52 263
38 164 204
78 58 144
62 150 220
96 173 277
22 192 217
39 9 55
87 99 386
43 137 197
21 46 94
35 100 150
37 74 265
13 48 70
21 115 144
97 186 333
47 15 69
18 42 121
66 37 196
34 190 233
26 35 230
46 96 151
55 140 201
23 136 206
10 198 361
4 28 40
74 102 238
92 127 228
78 163 287
100 189 294
