780
26 105 136
84 72 186
84 85 197
23 164 256
72 165 246
1 61 69
20 192 222
81 38 127
18 95 123
29 146 182
34 120 229
11 65 93
74 56 277
80 70 152
1 59 67
63 9 73
2 104 230
64 103 172
79 183 291
96 105 365
83 137 226
88 140 232
95 93 205
14 124 176
76 73 149
96 100 206
2 85 100
97 185 318
83 96 272
97 108 214
57 175 260
17 99 116
19 188 208
2 112 160
4 39 57
22 131 161
90 105 201
95 146 245
1 64 152
28 124 178
60 150 298
35 192 278
50 191 243
42 54 222
30 60 99
13 194 256
42 114 204
20 60 85
18 135 223
15 60 103
11 42 95
8 200 213
59 99 271
70 126 237
83 183 276
99 8 138
10 16 26
69 10 87
58 51 137
68 98 326
21 25 52
16 148 172
97 13 142
17 173 297
26 60 121
69 121 332
53 127 218
97 115 255
75 110 186
71 151 276
84 28 116
27 32 160
34 11 85
13 141 162
19 53 174
15 146 210
6 114 154
63 13 118
57 53 158
17 186 209
10 79 145
79 138 364
34 57 95
19 109 180
29 96 132
18 159 198
33 183 264
75 157 240
2 165 191
68 78 227
60 84 144
70 31 290
17 50 67
100 177 281
49 151 248
96 99 204
94 142 244
2 2 105
52 32 94
20 134 154
4 150 165
79 49 273
89 68 357
75 35 166
3 0 11
45 118 192
36 18 202
94 100 200
89 200 336
43 182 377
11 153 174
53 175 243
12 147 164
8 107 126
39 32 268
31 180 343
86 38 180
16 150 174
95 109 205
85 79 169
67 187 258
53 22 97
56 112 222
23 108 140
65 90 164
19 109 298
69 79 256
78 116 252
20 157 223
66 149 219
60 182 267
28 194 242
72 94 249
19 145 170
51 160 276
60 53 144
63 38 109
29 135 168
27 191 356
86 136 230
83 26 111
77 131 209
63 15 84
59 184 256
16 141 166
18 49 73
68 72 191
26 48 76
28 54 87
44 44 135
77 27 105
97 62 166
71 71 324
87 35 207
51 138 327
33 12 223
58 15 266
11 19 36
23 68 93
96 125 262
49 123 181
92 94 192
12 12 149
34 109 145
44 120 211
50 185 366
81 131 215
51 84 142
37 14 54
7 38 221
58 122 205
10 183 236
64 30 104
85 195 292
26 64 136
5 140 187
50 123 183
26 30 65
62 15 81
10 159 171
66 13 100
37 153 365
73 94 175
64 83 149
96 121 266
80 74 272
79 127 244
52 74 319
7 34 49
17 73 192
27 0 34
36 93 132
57 147 247
88 81 173
50 24 231
85 39 200
44 69 113
68 16 99
21 120 163
39 25 225
9 51 226
33 197 253
67 160 234
31 13 49
22 30 56
48 23 74
73 157 240
7 120 273
57 66 225
93 84 215
57 192 410
65 25 100
17 68 92
39 191 368
81 60 188
77 88 175
76 171 426
56 40 105
20 19 79
58 5 175
65 25 101
77 126 209
14 84 136
77 191 271
20 100 130
73 164 251
77 70 150
48 113 188
9 130 141
60 173 273
76 198 277
79 167 246
97 155 261
26 65 143
79 113 366
25 168 205
1 3 6
1 117 160
10 113 312
35 58 114
63 70 179
49 108 158
27 65 131
56 172 274
80 165 275
68 159 313
70 6 206
28 130 161
69 196 274
17 163 181
58 53 201
69 141 213
9 109 154
91 158 274
28 25 235
71 198 274
50 10 157
100 137 239
22 92 219
56 21 195
60 4 202
76 90 230
95 200 300
72 153 267
75 28 215
51 68 121
76 192 274
51 32 92
75 124 362
58 87 253
33 195 234
4 159 168
29 185 244
89 96 245
42 116 198
54 100 177
42 197 295
18 194 234
36 168 204
69 16 88
46 120 198
41 120 172
34 138 217
28 147 200
83 174 260
69 20 289
51 165 266
66 179 250
20 147 169
67 54 130
76 168 253
36 172 257
69 130 343
84 156 242
78 2 117
20 192 215
66 17 86
57 114 176
59 107 215
81 151 372
61 147 289
36 82 248
83 62 344
96 174 287
67 102 171
66 82 198
59 63 123
94 175 273
76 124 214
95 149 247
94 14 242
90 61 155
93 129 255
78 70 155
6 23 74
38 133 180
86 65 172
84 74 283
41 140 202
87 68 162
41 160 238
91 63 179
97 30 134
46 127 305
74 39 117
62 115 356
48 175 230
91 153 433
68 198 272
63 14 86
75 14 103
98 142 247
94 74 202
9 1 10
81 49 140
69 145 256
52 181 235
58 77 256
93 114 392
35 31 67
30 128 170
89 170 261
86 127 223
19 105 126
81 87 308
71 163 237
2 30 40
95 154 303
50 126 178
65 120 215
19 134 164
49 155 206
45 152 236
40 105 153
96 187 321
71 35 120
10 31 228
73 178 422
44 57 266
51 103 189
6 7 23
84 61 150
33 108 147
43 178 230
69 116 208
2 162 174
99 83 192
39 58 127
75 47 243
94 119 216
67 135 250
89 40 136
57 2 79
99 26 143
2 35 60
11 45 95
97 168 353
71 13 84
91 13 108
41 98 146
50 53 129
82 119 205
87 164 285
63 51 311
80 175 281
14 60 262
2 45 53
84 8 107
26 120 323
76 193 413
30 32 83
42 175 328
88 38 178
97 140 267
62 137 321
71 199 309
64 123 359
20 139 192
26 76 111
81 114 205
49 170 221
9 155 184
77 135 243
46 97 144
88 128 313
24 157 376
47 195 282
45 154 237
3 174 222
81 28 148
58 145 203
25 52 81
16 64 82
33 167 202
82 185 378
99 112 261
75 78 269
41 4 52
72 40 139
42 193 239
61 24 174
57 185 291
96 145 241
56 53 114
86 30 124
66 112 245
76 68 324
18 131 156
31 149 191
39 62 134
2 148 152
81 83 165
49 93 142
22 112 173
1 137 140
66 96 172
87 195 283
12 119 241
64 21 92
11 83 97
33 80 149
12 16 33
38 0 41
97 13 230
55 26 91
6 109 231
37 150 222
84 176 265
2 118 183
79 17 101
32 124 165
82 150 250
82 150 235
27 75 103
50 104 160
49 62 225
97 171 296
35 17 59
73 72 153
12 132 245
62 189 256
47 195 270
39 9 58
28 116 150
37 121 177
18 175 194
2 184 195
29 52 101
79 76 290
32 5 155
80 20 110
67 149 218
10 130 251
75 141 222
51 178 329
94 189 434
98 3 106
18 169 236
57 25 274
37 140 321
25 46 78
61 7 68
17 57 159
77 8 236
44 57 128
93 141 258
3 85 117
6 16 40
76 39 118
17 31 239
21 59 81
49 83 178
28 140 168
85 23 115
73 127 200
60 6 70
26 122 149
38 190 238
36 194 241
75 2 102
28 153 260
15 9 30
65 69 206
51 20 202
60 165 240
83 116 204
84 109 236
62 145 312
7 32 41
15 194 225
97 126 350
46 3 86
44 64 264
20 37 70
17 19 68
25 58 211
76 68 145
83 187 466
34 143 291
43 103 196
36 182 257
55 75 138
78 16 98
90 147 248
77 63 143
99 70 169
52 70 164
40 25 233
61 146 245
31 188 241
28 116 146
80 27 107
23 70 93
69 118 189
82 128 241
100 28 135
86 114 257
47 91 179
87 112 203
77 29 274
17 164 200
42 151 223
24 39 64
47 134 190
58 105 202
94 157 264
21 140 164
73 18 98
65 152 254
43 4 91
6 91 210
77 111 202
78 114 201
43 78 134
47 155 214
41 110 157
48 169 387
48 131 182
3 106 115
81 105 221
49 110 188
42 175 246
74 53 171
38 193 422
55 67 207
79 112 269
54 15 234
23 79 105
9 74 94
58 118 192
25 75 131
91 167 262
84 134 386
77 57 146
76 17 195
47 16 64
70 110 190
83 129 391
88 167 304
39 156 213
44 35 112
85 129 232
60 184 381
74 172 296
28 139 185
86 21 119
7 143 153
75 53 192
6 103 147
68 81 342
84 141 226
76 41 127
4 143 169
82 127 278
80 114 362
22 26 200
89 182 300
86 187 274
40 148 188
58 135 197
61 80 150
47 62 109
75 14 139
48 131 217
99 195 353
93 32 142
82 75 192
1 87 226
39 142 314
8 84 95
55 183 238
56 173 379
96 173 274
86 76 319
94 188 446
59 137 216
28 57 96
87 127 228
13 25 43
35 22 193
28 147 204
62 170 233
66 43 116
7 28 45
76 12 94
33 77 254
66 180 247
3 137 171
66 89 155
92 188 414
21 11 67
34 47 118
79 193 302
63 27 91
64 18 87
93 134 233
16 42 115
26 192 416
86 102 189
38 159 204
86 197 322
39 137 227
84 104 210
27 6 35
36 189 343
79 105 202
16 136 159
93 155 273
58 156 335
80 168 253
88 188 297
84 102 191
15 61 137
15 191 245
15 92 295
92 58 309
94 17 185
7 26 40
23 111 139
94 192 294
7 107 117
70 70 176
3 4 8
11 136 299
49 133 187
43 75 128
70 199 272
87 59 343
10 8 60
33 122 155
100 62 162
64 82 155
100 102 203
94 130 414
62 174 283
44 174 285
28 24 176
75 53 137
6 101 152
52 34 243
17 190 227
21 33 57
69 122 356
72 40 114
14 60 83
39 187 226
9 191 204
29 79 110
9 46 62
61 196 415
50 154 318
31 149 282
32 70 110
21 87 152
19 133 153
42 134 307
32 7 42
37 1 165
15 115 136
9 65 184
75 160 315
25 0 32
10 103 228
61 74 178
60 27 127
9 120 146
59 81 292
87 63 271
83 122 251
62 156 252
55 86 161
90 44 137
31 136 183
24 125 158
47 149 326
51 40 100
19 191 257
51 97 148
11 179 262
30 108 142
62 118 225
75 118 215
26 120 152
18 109 134
67 57 131
64 98 165
28 34 86
97 1 127
3 193 360
81 107 189
70 112 373
11 151 187
34 67 295
82 80 167
97 122 224
3 153 166
48 23 100
97 157 282
70 198 270
19 135 166
56 62 143
77 135 212
92 35 131
18 190 208
32 43 101
21 123 171
43 99 150
92 27 129
70 153 364
74 74 261
40 7 54
45 109 199
58 18 81
73 105 189
45 149 238
44 15 97
42 100 149
93 2 123
79 25 114
48 129 193
64 172 267
23 137 160
87 55 205
23 86 138
43 141 194
65 168 242
95 20 263
62 141 376
8 199 256
12 96 115
7 27 44
25 34 217
38 12 59
76 145 363
42 24 88
22 150 173
18 182 310
15 102 123
53 73 321
53 3 102
