490
7 44 203
98 70 196
67 31 102
65 56 155
15 30 180
84 122 245
8 115 123
43 54 191
55 41 102
12 84 103
65 90 190
21 144 173
99 64 164
1 181 189
85 87 216
13 115 246
72 76 182
54 97 189
15 42 66
40 8 54
69 130 205
45 130 185
72 193 275
23 27 215
85 73 180
36 54 111
6 175 181
56 122 340
39 136 221
7 100 278
60 70 174
24 48 97
28 2 39
91 49 141
60 38 99
29 129 238
95 143 247
99 73 174
13 140 324
91 130 270
65 88 165
98 144 245
95 94 207
39 20 71
17 32 75
37 137 181
20 43 72
81 72 292
83 171 387
20 42 177
80 14 96
11 59 238
65 15 101
48 56 248
90 94 271
21 118 165
66 36 102
29 156 193
34 87 259
13 28 42
40 84 180
51 112 242
22 104 139
22 142 200
35 97 256
74 104 192
89 166 262
74 199 310
53 0 57
3 82 94
100 14 192
25 99 130
56 54 254
64 138 219
76 11 102
25 90 115
27 113 148
62 31 99
39 73 124
64 160 231
1 6 10
95 189 303
26 88 125
82 27 203
34 127 165
44 4 54
43 70 141
28 182 353
73 9 111
18 14 37
66 113 228
67 30 106
65 98 169
83 170 410
37 137 344
46 67 128
54 99 291
9 146 340
27 158 185
83 79 309
10 109 136
28 126 157
36 141 188
27 199 226
43 28 91
15 173 230
23 149 180
29 157 264
87 37 128
56 182 248
8 184 196
88 70 167
75 141 356
88 146 235
29 143 244
25 7 33
16 123 267
64 156 224
76 98 217
48 81 146
70 184 435
12 96 108
95 55 172
40 40 90
45 149 197
19 69 111
56 30 110
72 57 164
63 60 127
14 19 34
15 192 287
100 79 211
73 1 165
91 101 293
16 48 99
28 133 169
33 109 181
58 179 242
70 111 220
46 137 199
19 118 151
90 93 187
47 30 124
25 26 88
6 47 59
35 56 198
84 190 357
53 32 91
61 76 186
98 138 239
92 75 185
18 33 63
25 89 274
55 57 126
51 34 230
47 171 368
94 70 174
90 195 289
15 169 351
28 130 166
44 200 249
37 153 199
33 180 219
19 40 83
41 13 70
36 137 219
48 69 124
52 31 162
4 80 90
49 120 187
80 93 204
99 11 114
32 117 154
28 4 66
45 18 258
76 49 142
90 154 342
81 191 310
29 67 201
37 22 164
46 73 149
25 156 205
27 165 368
45 5 50
54 20 264
20 171 196
40 49 89
12 171 191
83 108 276
42 28 87
9 44 135
54 147 209
18 96 116
11 56 74
88 11 237
44 96 141
48 82 137
44 178 271
7 49 77
2 167 191
51 3 59
71 140 243
37 47 109
42 31 85
25 196 227
92 20 122
19 136 183
54 46 149
38 45 93
69 56 126
84 38 182
35 51 91
58 99 237
13 91 107
63 194 282
54 92 340
7 38 50
59 171 279
76 53 302
27 28 56
20 125 317
92 65 261
59 148 216
52 63 133
76 100 179
92 82 180
88 112 388
45 15 70
73 68 172
7 177 341
66 22 96
99 124 248
57 89 177
81 57 245
11 57 83
100 25 170
23 129 170
79 152 339
82 40 132
82 93 178
79 120 331
63 36 134
99 176 315
41 141 191
10 48 214
2 65 195
72 49 165
69 37 140
23 94 278
55 106 208
49 44 100
11 134 147
16 46 110
1 140 191
88 50 166
4 126 213
35 25 67
71 28 250
94 78 238
95 115 222
47 79 152
67 32 129
32 138 189
41 168 237
54 122 293
40 111 167
37 123 164
88 171 416
59 197 283
8 88 214
79 80 167
58 191 251
75 192 312
5 145 248
38 189 376
74 194 272
22 182 209
91 125 217
37 109 314
22 3 32
24 184 210
3 188 246
76 123 396
58 86 146
56 162 262
41 15 81
57 108 171
48 42 110
10 100 118
2 46 147
90 15 144
33 84 118
17 56 82
97 30 250
62 194 294
68 59 290
92 185 444
4 70 107
15 87 131
95 195 292
99 121 223
99 132 253
49 16 69
78 166 271
45 132 182
44 188 241
90 55 345
4 49 103
28 171 224
49 16 69
82 93 207
1 90 158
60 64 130
38 170 285
72 199 381
65 82 147
60 160 238
100 94 215
31 149 186
58 105 264
66 156 269
6 72 116
18 187 215
15 158 210
69 101 178
12 41 62
87 192 282
84 184 280
63 133 199
28 40 78
85 175 455
81 101 191
95 195 296
81 69 157
28 100 317
22 38 70
20 59 85
81 38 150
51 121 174
62 35 137
32 54 86
81 126 286
63 50 121
40 179 342
100 103 223
80 90 208
98 155 254
81 103 216
87 15 104
46 161 236
90 102 200
89 46 224
27 40 96
87 111 200
33 25 59
18 94 177
97 150 248
51 84 143
62 69 134
18 68 89
94 79 321
3 87 204
17 46 70
21 176 197
66 90 158
20 138 167
13 66 114
83 136 219
34 123 241
6 97 148
22 192 244
37 45 120
27 99 240
96 89 282
48 6 88
40 169 211
34 115 153
76 11 206
89 9 100
51 5 176
53 14 69
32 39 75
94 18 204
71 100 235
94 158 255
43 189 257
62 49 114
16 72 97
69 158 235
74 118 195
56 175 235
70 152 267
84 104 193
74 177 255
17 195 347
35 99 143
76 151 251
6 152 166
53 173 236
46 194 245
48 26 77
86 132 221
3 106 136
18 96 123
85 172 444
49 187 238
31 131 210
63 181 249
94 151 437
57 67 202
89 15 195
57 171 243
52 9 136
3 16 64
68 160 311
90 140 237
76 167 244
67 119 272
30 31 85
32 176 249
38 192 237
45 146 303
43 166 214
63 72 153
67 76 143
93 159 252
30 4 40
6 29 149
62 110 178
17 87 154
59 66 140
63 76 141
70 11 156
40 181 228
77 183 260
78 72 160
37 42 80
85 182 275
22 52 255
55 160 294
21 102 125
79 3 109
12 102 120
24 119 301
57 115 180
72 87 359
45 86 176
11 27 95
6 186 328
39 114 198
64 10 87
76 183 260
58 13 172
37 46 88
40 158 200
38 71 148
63 17 83
56 149 253
97 3 121
86 57 176
97 111 267
23 20 70
31 58 97
69 160 249
16 77 98
56 30 124
19 37 93
24 109 170
33 14 109
55 62 119
77 175 429
81 7 89
15 11 196
93 180 294
8 146 164
58 4 69
47 19 72
70 135 209
15 1 31
98 184 292
47 51 143
19 197 239
54 37 91
12 15 169
61 109 176
85 83 213
1 186 209
92 105 236
77 32 133
73 9 119
