890
63 133 236
73 75 188
73 62 137
6 65 80
93 105 244
84 137 266
21 136 179
66 42 117
57 82 149
96 5 118
23 112 172
66 142 366
17 39 62
39 171 220
68 23 95
67 75 150
73 189 262
19 106 170
55 95 337
92 100 201
57 112 169
59 152 211
81 95 197
45 39 87
89 2 101
78 5 276
74 75 187
44 7 79
5 191 206
77 172 408
84 158 247
52 69 123
89 200 294
29 61 96
70 189 300
72 117 216
15 51 72
83 44 137
84 150 257
38 34 78
25 125 199
8 164 190
57 196 255
51 184 263
52 185 279
52 86 163
7 186 197
75 137 217
80 172 265
87 4 133
19 102 152
41 187 230
55 162 219
2 83 90
6 78 85
86 89 268
30 181 239
18 124 240
23 190 239
10 154 185
32 161 232
17 149 176
77 163 257
39 196 271
4 99 112
79 29 117
15 143 208
92 169 386
24 39 64
42 82 127
26 12 118
22 27 171
3 148 158
62 117 180
12 93 168
31 145 190
9 18 184
21 180 387
95 50 323
32 123 204
47 2 202
85 111 232
9 6 36
37 75 192
98 88 231
15 91 111
61 120 183
54 48 106
4 135 185
25 66 130
51 151 210
93 101 203
20 153 365
95 82 358
44 33 78
86 140 234
25 20 124
56 76 135
68 82 150
91 64 199
64 133 198
81 88 177
84 127 307
31 50 84
77 165 251
4 86 93
16 75 114
29 30 96
2 49 91
73 87 235
43 13 72
39 198 306
41 98 184
67 56 128
12 114 129
14 124 141
76 25 107
21 9 39
62 95 162
82 6 93
73 110 297
1 154 156
57 39 102
96 36 139
30 44 76
3 107 290
87 12 108
80 119 356
73 150 273
20 11 106
90 6 98
17 134 152
72 60 182
72 1 110
35 94 299
80 39 119
4 159 191
18 54 79
48 48 106
14 24 45
11 184 205
32 64 96
38 56 139
38 60 253
31 90 300
91 1 169
37 125 171
29 69 138
72 5 248
18 163 184
38 27 94
73 115 196
50 53 122
59 110 170
35 87 124
24 69 190
77 18 98
94 145 269
66 72 179
9 82 99
44 28 98
69 166 244
53 32 212
52 197 256
23 111 177
97 102 355
76 65 143
40 182 268
66 153 319
53 18 124
63 25 105
20 87 146
22 21 54
11 116 137
10 62 97
52 178 252
42 176 342
56 156 213
69 64 240
74 170 336
15 93 184
47 24 106
15 42 66
15 77 158
27 142 180
90 95 191
7 170 184
41 17 78
5 150 216
39 172 248
51 39 99
7 88 135
73 193 456
60 136 202
39 82 125
43 96 261
42 56 140
71 180 349
6 104 122
33 83 258
56 182 433
68 158 324
71 4 83
38 127 170
28 132 184
8 83 113
93 33 135
47 42 106
91 112 220
26 81 147
46 142 191
51 176 302
18 161 188
53 183 248
59 110 341
31 102 173
84 42 126
99 71 174
57 193 271
94 109 250
31 194 244
95 2 116
57 80 335
51 180 232
35 110 172
89 173 271
43 166 318
100 116 216
86 44 136
59 153 218
93 107 245
77 45 128
32 125 181
93 139 235
47 193 247
69 102 181
7 40 89
18 30 52
13 148 171
90 150 240
92 185 285
2 102 106
93 199 327
28 58 136
95 166 342
4 50 182
1 61 67
85 172 263
14 152 268
10 61 122
10 5 22
15 126 147
51 23 112
98 95 204
81 33 120
96 115 215
43 99 174
45 58 113
90 89 207
96 33 130
91 176 276
64 198 267
16 64 88
38 112 187
36 190 255
7 92 197
32 78 111
50 157 375
67 116 183
17 149 186
91 127 254
12 114 131
31 21 56
38 31 83
16 107 149
2 27 32
72 170 282
8 155 201
34 37 108
36 128 313
47 184 262
17 141 162
20 9 227
77 93 279
95 175 289
62 152 214
88 34 124
89 74 182
20 124 150
33 11 50
66 174 387
55 49 143
96 77 173
72 73 145
38 1 44
71 164 235
94 157 257
57 27 93
65 31 114
6 163 177
60 20 103
11 152 166
83 110 238
38 95 212
70 154 393
27 7 36
61 164 226
28 170 229
42 77 128
63 135 258
52 68 137
21 188 218
88 41 136
90 17 109
6 117 172
20 114 142
38 36 75
17 41 179
50 3 59
92 108 335
84 128 218
52 11 181
8 68 90
19 109 131
35 133 250
26 134 177
73 159 273
70 112 271
70 125 239
53 111 239
26 197 230
93 46 175
46 112 158
60 8 100
71 187 284
60 149 256
99 166 266
64 171 369
54 167 231
6 132 146
65 41 108
36 148 190
28 53 193
52 41 102
72 191 409
48 159 233
88 110 229
39 40 98
4 179 209
70 60 175
74 144 238
33 97 157
67 70 141
55 138 199
29 54 102
34 77 111
60 69 143
45 109 160
33 21 57
6 169 233
28 167 201
23 8 67
79 167 248
2 135 141
48 120 193
87 188 441
8 180 194
26 51 116
59 92 300
78 160 244
37 59 141
30 5 35
46 14 60
77 106 281
55 84 199
18 177 214
64 152 226
48 116 171
59 0 140
92 2 100
44 155 243
53 97 160
11 184 196
99 197 302
19 153 322
41 77 128
82 6 90
94 180 281
87 40 308
33 58 114
76 176 255
85 32 172
59 86 252
10 71 94
29 129 161
22 152 207
37 107 149
60 0 97
74 64 224
72 145 223
17 3 21
2 134 181
85 68 153
66 80 165
69 151 259
3 44 51
76 200 306
79 18 116
31 188 221
50 58 141
16 192 248
33 75 116
89 178 443
78 53 159
84 31 143
14 50 91
49 134 192
29 143 220
69 109 272
82 24 128
80 11 110
69 155 229
30 134 196
39 18 191
14 169 189
63 192 265
49 45 133
6 10 49
20 68 99
43 35 249
87 30 132
36 47 198
37 85 308
95 86 374
85 8 93
54 124 185
11 99 126
46 24 76
66 47 120
12 39 58
20 44 109
26 65 254
53 39 165
52 34 176
74 138 228
70 65 136
4 170 193
93 148 251
54 114 195
60 12 73
43 183 232
72 104 181
4 71 95
64 137 345
72 54 229
92 51 145
76 61 153
86 178 272
23 24 47
100 196 480
1 85 95
69 78 162
74 168 251
38 68 247
63 189 253
51 191 244
56 134 197
41 17 98
87 138 267
13 23 39
17 130 147
1 57 63
58 169 260
20 54 79
9 190 201
44 183 269
3 33 184
72 28 283
19 180 216
93 72 208
35 122 270
85 59 152
85 77 166
94 82 181
47 175 241
60 6 193
35 144 225
25 10 42
67 111 360
89 40 193
92 134 329
37 2 40
84 97 330
8 65 82
90 23 160
39 166 368
39 98 175
23 186 257
98 108 207
17 8 25
27 19 243
34 39 77
61 100 166
13 68 113
57 141 214
79 31 146
92 194 324
46 168 243
32 94 257
81 24 113
94 19 148
58 90 160
78 150 233
92 98 239
76 156 240
44 169 273
38 200 251
55 111 175
74 6 151
72 46 206
85 199 292
29 68 99
50 81 137
13 64 83
84 108 195
6 121 128
44 164 215
15 56 71
100 39 142
75 76 154
79 18 140
91 153 287
58 42 179
81 71 157
18 109 184
76 10 94
36 86 163
84 83 187
34 90 133
69 173 362
8 16 222
91 0 91
16 165 224
18 155 219
72 142 238
49 135 192
68 73 144
49 188 263
47 137 229
24 122 236
22 86 143
23 97 125
84 63 149
52 53 121
36 42 108
70 59 129
4 93 119
8 153 186
37 10 56
90 166 256
10 130 159
8 115 155
90 20 146
25 164 332
93 23 131
18 23 88
28 55 83
99 61 217
28 107 141
26 110 221
99 168 276
79 118 198
24 78 171
48 36 172
45 72 156
64 34 106
17 58 92
55 56 154
34 109 160
18 81 136
30 124 227
30 16 198
55 186 387
7 159 172
98 39 287
39 4 91
15 164 187
90 38 138
90 73 189
38 6 46
70 179 417
16 137 176
52 189 241
17 128 151
84 37 123
10 43 56
28 28 66
29 151 191
95 123 322
75 140 225
43 12 56
81 25 154
5 20 32
15 63 133
58 157 332
49 36 95
53 18 79
76 90 280
13 152 170
8 152 163
74 47 130
69 190 260
54 79 174
49 3 62
25 61 95
45 70 165
46 115 358
69 158 377
4 181 209
3 87 90
69 176 344
94 32 130
15 185 249
55 135 286
37 57 94
14 28 202
39 127 171
19 68 89
50 138 366
40 109 170
51 66 276
27 119 155
56 125 232
62 153 415
88 117 212
99 29 319
85 131 253
14 24 61
95 110 213
2 180 189
88 174 276
26 179 215
22 81 108
66 97 287
16 66 87
51 164 218
31 190 253
99 68 171
25 15 48
16 29 89
48 66 262
57 57 134
78 150 257
15 77 95
96 35 317
82 26 132
56 37 215
59 114 190
11 130 182
38 114 158
28 159 195
57 25 82
23 191 235
58 83 177
76 6 83
58 181 265
82 67 151
78 148 293
58 17 110
44 23 80
69 177 272
30 26 213
97 153 260
28 159 197
31 184 222
65 39 153
82 63 181
30 52 276
27 92 300
57 124 191
54 59 139
16 75 115
60 199 267
44 46 141
72 162 373
23 18 89
59 112 181
65 175 249
41 186 233
67 184 260
71 96 170
73 40 158
31 6 220
57 93 323
90 190 284
25 105 136
25 53 85
4 195 219
94 27 124
78 193 369
7 103 117
29 177 261
56 154 226
75 137 298
90 169 265
65 184 291
80 16 160
31 20 66
7 109 124
36 8 55
34 23 65
39 105 151
81 126 208
43 131 196
33 76 110
96 193 292
89 171 287
50 139 339
49 116 170
18 87 113
67 51 123
3 196 216
6 4 14
20 27 235
20 191 222
15 100 132
68 173 280
72 37 115
30 188 259
29 117 149
35 15 93
75 165 240
84 192 310
93 174 343
91 92 220
75 172 303
29 184 259
64 95 311
27 175 238
20 101 127
42 92 181
42 21 97
7 132 165
37 99 140
51 90 301
52 47 247
3 118 123
79 161 269
42 73 124
78 28 275
56 69 132
34 11 45
8 133 143
54 119 192
27 164 194
52 123 177
88 166 325
66 127 210
96 83 194
66 87 179
58 106 263
49 91 149
45 26 127
26 80 117
33 137 177
69 88 200
18 47 105
85 132 222
91 159 282
93 76 197
52 199 258
18 9 27
54 48 146
97 51 151
4 177 355
65 76 284
15 83 125
5 140 152
57 87 152
21 99 289
1 84 105
42 114 161
70 165 241
36 80 149
81 122 231
60 60 152
99 182 324
73 53 310
46 9 103
35 104 164
9 198 228
71 29 294
32 104 138
32 182 220
82 161 250
69 136 250
55 197 301
21 76 128
84 161 264
70 90 168
93 69 180
13 153 192
1 38 102
57 53 155
68 158 226
23 44 198
53 6 65
22 37 69
39 171 292
25 153 180
99 200 332
59 195 291
3 142 150
6 99 107
39 127 170
100 22 256
22 46 207
29 64 96
81 157 281
7 121 138
42 101 152
67 123 199
80 126 206
56 52 243
99 149 255
4 27 37
86 138 245
68 14 115
70 187 267
76 44 153
2 199 209
20 102 187
65 37 150
78 133 214
44 15 64
74 64 280
42 2 134
43 22 75
8 30 38
93 62 159
76 50 180
70 140 316
76 107 222
36 29 67
3 171 357
77 69 179
68 104 177
45 61 152
20 69 129
51 76 131
69 164 247
63 134 224
79 124 231
78 198 303
90 120 213
73 200 347
34 104 148
52 95 209
96 172 273
57 160 237
80 110 208
70 75 227
57 172 247
62 121 187
86 108 370
39 134 194
35 122 326
33 188 230
100 165 287
99 134 242
46 194 279
89 93 192
40 18 184
62 75 149
65 24 92
36 58 205
53 125 182
91 81 260
86 98 188
97 8 114
32 149 191
83 70 194
41 81 149
7 125 169
52 79 296
45 147 366
5 15 100
22 106 158
29 124 162
3 11 55
