160
8 57 69
76 190 300
77 148 233
54 63 122
6 157 174
37 25 103
68 76 253
69 92 346
36 41 80
26 190 229
30 58 91
33 48 83
16 8 206
7 85 108
1 90 98
28 171 200
96 6 106
44 28 76
41 186 342
19 170 205
26 100 127
23 149 186
66 4 110
23 66 139
40 44 89
15 77 92
13 20 152
19 47 72
67 81 281
38 158 237
69 190 264
13 128 147
69 103 273
84 192 283
22 171 241
29 10 74
40 186 234
27 119 172
76 80 209
67 68 183
2 154 167
93 94 191
18 16 223
39 67 107
13 153 185
22 85 112
97 118 223
16 70 88
39 91 133
26 18 57
4 55 60
65 92 157
46 188 247
93 114 355
82 199 289
97 107 206
46 16 91
39 2 190
58 40 115
65 29 113
81 160 246
7 17 45
85 6 107
40 154 242
82 50 159
57 162 225
100 43 193
29 54 85
19 20 56
64 109 176
13 58 115
92 194 321
33 108 161
21 121 142
12 118 213
67 185 289
89 111 221
99 46 308
40 151 331
99 136 314
91 11 109
29 131 161
79 134 223
6 89 229
68 150 254
12 92 237
55 142 225
93 155 294
27 157 194
2 97 108
78 30 109
96 59 164
49 33 126
72 78 156
13 161 223
88 103 241
7 150 157
31 29 66
15 186 209
68 8 121
63 118 197
57 171 234
33 75 112
6 30 41
75 100 321
49 48 105
51 194 248
99 69 177
30 96 156
5 17 50
17 135 298
40 21 63
97 123 267
89 34 148
67 117 229
79 132 215
19 104 130
44 10 98
11 98 122
1 199 206
15 136 169
54 153 228
1 8 16
76 51 128
5 130 148
11 30 82
85 58 145
61 64 285
55 156 234
6 190 222
61 174 280
58 16 80
16 30 55
74 113 196
84 49 137
18 62 112
88 143 247
4 119 150
66 44 118
83 10 203
66 98 288
2 172 180
81 170 277
79 120 222
88 181 277
1 1 10
14 180 198
11 190 210
62 115 187
24 118 218
7 32 48
4 21 35
2 116 165
86 74 164
34 175 237
60 121 316
77 31 146
30 59 210
14 140 204
80 63 145
