860
14 143 290
39 94 141
10 129 140
37 125 205
44 168 218
32 112 145
55 35 228
12 93 193
16 145 310
51 96 168
1 123 181
42 122 211
87 30 198
35 84 119
84 165 256
80 3 84
72 130 376
67 94 332
20 21 47
85 31 151
13 30 49
6 151 195
92 135 228
53 67 139
15 56 74
34 153 192
89 104 295
18 185 209
16 102 122
20 122 146
49 52 117
89 57 146
52 37 92
26 190 226
100 135 240
8 72 98
62 186 253
74 176 280
19 165 194
72 9 90
66 53 137
81 56 296
19 56 192
13 128 151
42 198 240
15 123 274
69 187 331
21 122 191
3 120 141
4 90 100
47 81 131
91 9 110
77 67 152
39 190 306
49 76 135
65 135 203
89 100 196
33 60 110
54 189 306
20 128 155
75 89 252
48 97 192
96 19 137
34 116 158
62 47 116
89 74 193
34 109 148
15 69 130
21 16 117
51 74 161
27 42 235
61 23 92
94 173 312
17 193 226
14 174 216
96 107 284
14 43 60
99 186 288
59 181 324
46 2 65
10 181 375
68 188 280
27 14 51
85 26 127
31 183 222
40 39 210
1 137 141
62 28 99
29 126 158
80 31 183
90 200 293
85 194 302
22 147 175
46 151 203
36 21 92
26 191 256
54 18 80
9 25 37
43 38 87
71 93 165
61 57 190
54 103 170
42 50 197
4 121 161
65 170 235
18 145 242
66 35 138
1 181 222
58 3 64
80 134 291
10 191 246
23 128 171
82 156 263
98 30 167
36 34 87
74 6 105
16 125 145
48 108 161
6 54 87
57 151 313
49 108 160
46 159 273
69 135 212
33 103 282
95 167 297
85 198 283
50 54 241
22 134 163
27 114 272
26 176 202
40 96 169
32 24 60
84 155 316
44 15 62
84 18 132
90 167 307
23 28 78
63 146 274
51 80 133
30 108 154
8 72 110
87 157 252
94 142 237
98 65 163
17 156 239
30 24 58
29 40 94
31 48 85
2 97 105
67 98 166
1 126 131
37 167 223
55 1 58
14 12 66
57 197 301
87 173 260
77 68 303
69 171 272
89 19 111
37 32 109
79 28 136
19 117 274
90 183 293
74 95 192
91 169 264
99 81 348
34 133 176
96 90 316
93 179 290
55 5 95
62 149 216
9 157 335
73 188 396
45 185 231
58 92 174
45 136 242
23 126 155
41 100 147
42 181 350
50 65 117
51 37 97
67 34 130
98 195 299
33 38 77
18 182 205
33 102 172
19 42 71
78 146 256
74 161 400
55 175 235
47 146 227
53 128 183
10 143 157
55 198 276
71 30 118
39 127 169
41 103 150
26 0 32
76 99 175
91 92 200
92 64 222
93 5 98
45 98 153
47 83 179
22 102 250
49 25 90
89 55 189
55 168 233
23 41 68
34 86 163
58 141 261
78 176 285
58 109 173
86 169 295
17 1 75
55 61 116
18 176 258
2 160 323
92 154 246
44 176 267
25 151 178
50 146 199
41 42 96
92 28 132
10 39 51
58 134 202
12 0 25
60 118 182
26 76 103
9 39 50
14 133 150
4 39 51
89 57 147
70 133 235
46 174 398
64 24 255
54 133 196
78 163 248
59 127 371
68 3 75
39 52 91
37 134 180
16 110 126
77 167 351
17 108 132
7 21 69
29 9 116
80 105 294
100 13 211
66 183 279
2 141 149
11 167 197
26 94 129
100 40 142
81 17 132
34 67 101
64 74 138
47 185 239
68 47 124
49 88 152
13 174 198
29 43 79
71 170 242
86 168 270
97 57 156
91 181 283
26 78 272
18 102 142
30 105 144
23 100 126
69 90 359
75 58 171
17 149 213
28 112 185
35 148 196
91 114 252
42 6 79
87 8 278
35 177 226
63 95 167
36 80 158
33 107 141
58 171 337
66 60 136
22 63 200
29 89 312
18 127 328
62 14 91
80 1 260
80 106 197
14 134 158
18 14 70
89 122 292
71 65 136
39 2 46
93 172 460
48 185 271
32 140 354
36 189 232
79 67 151
56 38 102
33 19 147
68 60 165
62 187 299
29 190 224
95 61 163
66 116 189
85 62 303
81 18 109
85 98 331
43 3 55
8 121 137
28 118 153
27 8 56
4 135 141
47 32 128
21 40 204
79 90 195
32 92 129
17 116 275
48 194 243
68 120 192
91 49 150
49 59 116
14 192 210
31 162 196
33 106 140
58 151 288
12 76 122
11 78 101
13 177 339
3 138 183
56 184 247
2 182 208
27 10 40
35 13 51
74 0 85
23 19 148
29 153 195
62 184 251
79 27 274
74 44 127
24 187 254
1 143 256
99 59 158
73 133 312
70 166 248
22 124 229
3 177 183
27 126 161
25 160 192
7 11 131
65 75 213
75 7 111
95 22 269
88 9 215
28 95 174
75 50 287
48 5 55
35 110 148
7 96 189
37 50 204
88 11 158
24 52 105
7 68 196
66 121 194
7 139 149
52 124 185
19 111 302
94 177 280
95 46 188
61 171 411
31 17 162
82 145 246
1 57 60
5 150 163
90 197 290
48 63 311
82 105 196
75 131 206
18 191 233
98 200 346
20 34 78
100 51 161
33 161 276
96 143 254
44 61 119
39 25 64
2 11 116
95 49 153
25 106 154
53 138 366
10 40 67
96 190 441
36 38 102
21 14 44
55 119 202
19 73 105
8 168 366
6 70 81
33 135 360
99 10 116
30 108 145
49 56 120
46 10 92
73 139 373
11 124 139
13 63 84
62 25 183
72 174 255
20 199 239
55 159 219
18 10 69
44 167 234
26 24 154
19 28 89
84 61 158
18 52 94
92 19 148
57 54 305
65 69 135
57 22 89
43 154 277
62 123 267
66 120 381
2 186 326
54 165 256
88 161 385
3 200 235
41 84 210
51 23 78
22 145 336
77 88 206
92 165 272
36 75 114
25 59 122
27 3 31
28 176 218
49 124 181
35 75 137
62 192 258
1 191 343
95 172 297
6 94 105
15 91 123
58 74 140
25 0 65
16 2 186
39 72 121
79 35 164
19 72 200
53 22 102
20 16 60
22 55 269
99 46 297
29 136 168
3 166 173
84 28 121
65 91 162
40 93 145
59 176 417
76 19 130
66 42 167
27 68 112
33 32 74
8 83 100
25 54 233
48 85 141
18 127 154
12 158 174
58 65 153
32 42 93
40 49 91
24 130 164
68 8 121
42 181 231
44 70 253
89 175 315
44 153 357
98 196 373
100 131 274
16 39 87
1 145 305
41 134 218
43 38 89
71 55 146
45 105 157
76 31 152
39 8 90
88 136 260
99 116 220
15 2 183
53 122 182
56 17 73
83 20 153
52 130 196
86 10 96
52 44 104
5 117 125
84 119 213
88 145 362
32 50 105
35 62 103
99 91 238
100 137 243
40 45 90
33 22 102
63 142 368
36 28 74
57 97 169
4 146 173
23 123 178
92 62 159
44 70 122
74 169 243
6 9 65
86 193 297
82 155 256
98 148 249
48 135 226
2 96 184
36 127 233
52 195 247
57 158 254
81 83 186
38 110 251
78 158 242
47 180 228
30 10 187
11 12 140
22 46 147
61 136 216
90 49 142
46 167 214
58 85 237
77 112 217
38 120 158
10 194 386
53 23 128
83 135 233
98 36 141
17 161 193
44 56 127
83 111 224
49 142 196
2 174 219
43 93 152
2 182 186
38 53 107
96 65 170
10 147 173
57 102 209
94 68 176
49 81 136
39 64 141
59 186 255
50 195 280
97 62 191
77 134 214
45 149 243
87 51 202
21 178 229
27 91 129
52 70 141
95 18 177
88 4 255
6 3 36
95 72 170
5 56 71
67 95 188
41 119 163
79 49 138
49 130 183
40 141 227
90 153 250
79 35 153
35 196 255
87 114 204
85 90 182
90 165 257
3 96 109
72 148 283
38 50 261
59 27 91
54 153 334
8 125 146
80 96 239
13 186 348
17 194 215
67 46 256
96 58 158
13 93 128
30 121 153
85 2 259
99 28 242
100 176 311
43 103 148
24 122 150
96 187 285
85 92 177
32 132 205
7 83 117
67 50 123
11 63 82
51 35 90
67 65 132
44 39 87
52 125 237
28 20 55
66 14 206
28 119 231
35 149 358
52 199 289
95 70 202
83 159 256
3 176 224
57 49 176
77 156 394
29 165 221
36 168 210
30 6 54
31 197 407
98 163 261
39 48 187
41 153 194
19 190 238
68 123 333
88 139 424
92 187 287
79 27 140
85 51 138
95 152 255
72 58 235
7 95 112
37 38 79
47 133 189
76 120 201
34 183 253
31 14 50
61 104 220
96 147 250
40 108 309
24 106 323
85 143 228
51 78 139
23 167 379
28 183 364
92 194 306
39 84 164
74 67 151
27 193 224
76 137 244
3 62 103
3 151 316
84 2 272
43 106 187
15 29 51
83 129 405
32 160 192
20 24 51
75 36 116
90 48 141
16 26 70
98 175 273
93 144 349
29 18 51
64 43 229
78 58 141
56 133 197
60 178 276
72 142 217
60 115 367
3 14 21
35 156 298
75 143 382
98 159 299
82 135 257
75 155 305
13 138 188
53 67 122
40 133 257
56 101 200
57 44 103
50 81 175
93 32 166
91 28 208
98 57 206
24 107 258
74 93 193
32 42 75
63 193 282
11 131 143
82 130 239
22 24 91
96 44 322
51 101 173
40 8 50
85 72 193
85 99 194
87 124 221
79 5 87
28 114 148
47 93 158
67 98 240
75 7 112
21 123 148
44 81 140
89 156 292
63 151 342
67 169 289
66 181 256
84 47 140
20 156 180
69 116 308
15 136 224
68 75 187
77 26 123
3 60 83
16 89 136
67 98 209
93 75 331
69 32 110
84 77 267
97 59 204
28 191 260
14 173 311
94 124 266
18 114 140
52 100 158
86 200 329
96 135 294
27 92 264
53 47 142
32 62 282
30 163 201
3 92 124
84 4 94
70 171 276
41 76 122
48 29 94
1 94 95
5 151 168
94 199 301
95 55 191
75 106 227
1 192 194
96 71 302
52 85 141
48 46 102
35 170 216
33 171 373
37 5 92
61 126 196
51 60 115
55 165 227
47 101 155
39 141 308
74 162 318
64 11 159
61 127 189
78 177 293
72 1 119
30 132 328
49 3 141
80 40 146
39 140 183
99 154 257
37 192 237
43 37 174
36 152 190
75 107 242
39 112 198
46 19 133
64 19 86
76 124 283
44 167 219
60 83 154
1 26 205
13 92 112
83 117 244
96 26 235
11 194 205
94 196 405
62 83 288
18 36 249
10 13 46
29 73 132
95 37 180
41 79 215
66 39 113
15 132 264
93 72 204
5 11 25
71 200 372
77 14 138
85 139 234
78 120 208
74 79 158
16 152 212
90 55 190
38 72 243
40 189 332
9 99 115
53 96 192
17 77 99
57 33 134
46 87 142
35 184 227
6 17 186
44 177 258
59 138 200
36 156 202
16 141 158
98 152 294
91 128 231
82 149 270
2 63 95
9 6 20
40 76 121
18 60 188
43 35 92
3 79 173
46 12 68
13 108 262
40 48 98
89 165 288
95 41 141
99 137 268
24 67 167
97 114 220
88 174 325
37 58 109
85 58 167
56 67 133
66 1 187
67 46 129
70 10 87
84 92 216
31 18 82
23 152 218
82 136 220
38 85 320
81 144 249
24 114 325
65 100 167
46 73 259
24 106 132
38 45 282
53 193 251
67 15 268
90 112 216
45 176 225
68 52 163
12 15 73
33 8 47
2 30 40
21 122 147
40 67 117
35 93 270
70 124 194
