480
70 3 133
45 149 197
37 12 84
92 110 202
79 113 218
46 159 215
1 125 129
29 176 214
68 129 203
68 115 183
10 48 252
71 149 327
38 153 196
17 3 65
68 7 264
25 17 81
7 124 138
8 142 153
87 60 157
78 146 331
90 111 211
87 56 147
84 17 128
57 111 175
98 194 307
64 6 73
89 82 180
92 173 273
1 94 209
88 200 463
67 177 346
7 123 318
48 155 392
24 170 206
4 165 232
76 151 228
46 188 237
88 12 101
52 49 129
14 168 331
4 57 84
60 88 216
22 168 191
5 141 149
38 163 385
41 122 169
13 163 193
84 192 280
100 48 172
47 164 248
79 127 208
51 15 115
12 133 148
58 102 165
1 142 153
39 57 99
18 135 189
83 26 118
43 75 136
28 33 66
38 143 227
64 93 185
77 132 398
30 58 131
60 66 140
56 174 375
70 108 178
1 33 80
62 42 119
54 74 131
100 169 271
78 198 441
99 96 202
40 65 142
68 199 285
83 53 141
83 9 122
8 154 163
78 65 290
19 141 162
11 142 164
8 3 13
71 148 300
85 101 190
31 189 226
66 63 130
73 49 165
46 20 116
61 4 83
1 179 190
46 127 213
45 101 324
56 129 193
38 192 232
90 74 202
100 38 160
94 174 274
84 90 176
34 48 82
96 155 394
48 46 228
99 124 341
62 130 217
20 128 167
57 23 90
72 164 244
57 121 201
49 176 383
24 79 135
79 65 289
23 31 148
50 199 254
92 70 168
65 176 337
14 177 233
51 195 290
77 195 283
77 91 177
75 70 208
69 40 226
14 67 130
79 186 270
48 39 101
21 116 143
29 170 207
36 45 265
59 26 95
53 56 112
55 173 230
50 30 87
83 3 87
53 43 109
5 58 71
75 36 114
93 91 213
85 26 137
50 63 120
3 109 196
37 71 274
13 127 149
95 10 105
16 146 325
6 113 155
4 58 70
100 83 189
34 194 230
4 63 74
79 81 163
47 137 345
30 116 156
60 63 146
54 90 152
62 191 255
30 182 236
18 4 26
44 37 90
25 185 279
14 132 182
65 156 222
58 151 233
23 193 229
74 112 209
55 147 361
52 58 116
54 78 195
26 138 209
11 112 294
15 175 236
3 88 126
8 122 155
55 104 201
25 74 112
93 11 140
26 160 188
23 62 95
4 182 192
87 175 285
3 142 150
62 129 197
9 52 96
76 121 199
86 180 274
16 117 141
65 26 194
1 43 52
95 159 435
62 152 220
55 81 313
47 138 245
7 159 224
64 151 367
55 29 85
42 80 296
48 20 88
74 152 275
48 187 242
58 151 217
18 189 211
16 132 155
62 200 265
82 17 208
98 25 131
37 8 49
39 133 179
1 72 151
15 130 188
69 198 290
31 9 52
48 11 62
63 158 311
33 43 152
84 5 105
9 143 158
87 156 251
36 127 208
15 69 155
88 197 292
60 61 137
22 27 69
68 60 241
50 35 93
33 40 191
74 144 223
85 127 216
94 117 215
44 140 184
69 83 156
66 197 264
85 1 172
28 86 121
21 196 226
15 199 252
62 185 249
16 84 107
76 197 298
45 92 143
55 176 231
3 196 205
84 85 183
19 103 134
80 161 249
41 113 155
11 112 160
58 187 282
57 36 122
47 34 134
63 189 405
29 0 32
63 63 193
19 116 308
96 178 291
75 116 222
87 150 246
93 101 237
63 193 295
66 134 235
7 26 34
97 72 171
28 180 216
24 20 227
42 27 107
6 47 90
57 117 174
60 48 248
25 163 198
19 124 148
99 98 236
71 181 255
82 143 350
9 183 307
9 21 35
20 159 240
61 118 216
72 178 253
88 95 186
10 114 127
10 62 98
93 41 218
22 183 250
73 88 192
41 44 94
80 185 272
83 92 177
31 138 175
64 111 228
62 60 133
98 189 315
79 64 177
20 200 220
31 98 203
17 154 172
7 5 25
52 83 138
50 129 259
63 63 129
61 41 110
1 31 72
6 160 199
66 200 279
82 43 129
37 151 193
34 197 241
54 169 233
52 9 102
22 142 172
10 87 136
2 104 108
82 16 122
65 35 144
81 83 300
31 10 84
82 32 115
49 35 87
22 8 184
54 173 231
92 99 200
57 58 128
53 108 260
11 20 32
78 49 151
73 131 352
71 105 260
57 75 140
97 47 338
65 132 201
34 73 136
48 69 125
32 9 73
19 6 49
4 102 115
89 120 212
76 1 167
91 126 316
30 105 138
85 137 228
60 124 194
85 189 279
18 30 49
21 194 255
83 189 276
21 65 99
12 37 93
22 78 110
16 152 168
91 92 194
38 2 40
91 141 318
34 125 242
11 143 188
39 84 129
62 149 218
51 130 245
84 16 106
56 131 260
80 69 156
97 21 260
25 13 43
33 88 260
74 195 269
62 108 195
20 2 36
75 132 244
13 136 169
4 148 175
85 40 156
64 41 128
16 143 321
21 78 107
92 9 127
7 43 100
75 140 218
44 80 127
66 193 259
22 42 83
96 127 250
7 33 59
40 130 222
78 112 224
70 69 146
58 144 210
86 175 264
79 73 339
91 124 261
43 163 230
86 160 256
18 128 149
22 12 38
33 62 126
55 57 117
10 5 26
12 52 78
48 27 80
38 53 95
53 42 290
83 97 182
46 35 88
97 16 114
76 104 187
51 11 87
13 107 124
48 141 210
36 132 199
26 196 223
83 157 240
8 172 250
90 75 353
66 45 115
12 195 358
83 177 338
41 32 76
81 113 234
57 1 64
90 68 200
36 144 261
42 196 242
90 195 327
39 118 162
23 3 143
27 3 34
67 72 156
49 138 218
9 72 88
3 128 134
46 186 236
86 29 243
22 130 181
77 192 346
49 44 123
63 128 199
5 177 195
1 179 188
16 42 87
65 105 213
85 54 153
86 123 209
66 169 247
95 125 229
34 13 129
41 26 92
89 89 188
20 86 292
54 179 255
64 193 257
91 173 308
90 104 223
22 22 109
63 71 140
92 99 220
43 2 88
2 62 70
47 144 240
8 83 124
31 138 170
63 160 273
38 48 128
97 75 335
81 29 283
53 110 171
88 109 383
89 156 247
41 53 99
84 14 224
24 27 96
54 150 229
98 103 201
88 111 211
71 87 177
90 87 276
75 22 118
29 15 46
19 136 160
32 170 203
86 177 269
61 72 136
95 135 356
39 111 161
84 91 344
97 25 292
36 129 179
2 86 88
