690
100 2 102
92 95 209
45 118 358
29 90 169
40 12 214
27 166 193
48 24 105
9 158 176
39 142 302
23 21 46
20 63 90
7 113 127
82 2 284
90 200 290
70 46 129
26 113 159
37 183 362
29 103 277
16 62 91
11 27 129
90 171 266
32 190 230
13 149 197
18 1 52
52 154 209
16 98 123
49 74 128
12 135 177
26 145 178
71 65 142
55 198 286
6 101 174
48 129 183
24 76 108
14 177 364
65 77 182
75 176 323
9 109 123
95 75 172
3 87 112
81 49 169
17 70 110
53 69 122
65 106 182
65 22 148
95 127 356
9 179 224
84 168 257
68 117 365
17 43 91
8 144 162
37 178 242
63 99 175
68 113 184
91 99 191
1 7 32
13 171 278
7 59 76
96 31 157
76 53 316
14 59 77
20 122 256
83 133 338
54 28 166
86 22 266
85 57 246
77 90 203
82 50 138
4 27 82
25 132 182
86 38 169
4 70 104
59 102 171
60 13 251
10 200 226
6 187 231
36 193 236
66 132 214
25 102 127
27 42 102
48 35 89
91 179 284
83 157 439
55 139 204
14 132 146
54 190 244
32 85 309
98 163 268
20 189 218
73 22 261
42 20 82
51 137 196
84 9 96
71 36 107
76 4 267
8 111 224
57 197 264
59 100 167
99 3 107
27 128 312
49 50 171
81 76 186
49 42 189
35 21 61
56 83 223
74 101 175
83 191 279
47 101 348
60 172 235
59 80 143
66 123 239
22 28 131
38 63 101
26 63 128
52 183 358
99 38 142
45 23 88
53 32 138
66 169 255
20 126 187
79 146 247
15 151 189
84 21 152
85 108 227
57 97 246
27 57 84
27 8 81
25 60 133
78 102 222
3 13 141
9 13 27
64 131 200
22 67 92
17 6 36
88 95 270
89 24 116
95 148 246
5 14 197
8 68 87
20 55 83
24 57 136
17 123 185
58 111 280
62 170 256
20 25 51
86 9 138
49 166 264
87 74 227
53 147 289
10 30 200
90 140 240
6 173 181
75 57 274
24 33 91
14 167 306
3 70 77
43 130 178
23 171 306
54 96 234
68 110 203
52 159 255
51 33 113
21 64 95
9 91 100
19 107 134
9 108 163
84 71 156
89 159 303
16 159 215
78 35 235
58 46 287
83 40 219
63 184 256
62 17 81
57 129 199
79 105 195
4 54 82
46 9 63
11 102 248
86 41 136
79 10 288
51 68 166
88 191 328
15 127 192
22 183 295
4 11 38
96 66 186
97 2 100
59 200 440
9 139 150
1 112 208
39 6 48
43 23 100
93 2 276
56 97 285
11 125 141
3 138 147
57 51 254
15 1 17
89 4 241
60 133 200
29 43 127
3 193 203
73 7 93
88 186 277
6 166 197
15 151 171
1 53 109
82 144 378
83 94 186
43 25 173
67 92 263
75 88 173
66 77 323
99 47 343
70 177 249
8 101 115
48 86 326
39 161 205
1 116 173
3 199 226
39 140 192
26 191 234
87 136 229
78 136 247
25 49 75
67 40 118
6 149 188
23 161 200
46 150 230
7 191 222
78 117 203
2 155 158
38 101 149
50 30 208
35 43 273
64 46 202
23 16 49
7 6 17
88 24 146
29 68 106
60 130 219
24 175 268
94 47 246
17 37 66
41 199 255
93 130 258
54 46 102
92 184 324
18 87 206
36 15 92
46 61 114
56 101 158
62 180 245
60 91 151
75 154 272
75 36 142
97 41 142
41 110 173
99 42 154
64 117 184
57 193 274
81 108 287
72 34 115
15 163 258
14 184 199
30 125 155
26 199 406
36 132 331
35 178 388
41 8 56
80 84 171
46 187 240
39 87 242
69 70 172
49 168 227
44 199 281
61 198 288
62 136 207
46 197 243
2 70 192
37 35 72
78 59 326
20 30 82
41 13 59
88 197 294
86 87 179
94 196 456
91 119 236
88 44 140
46 183 232
40 116 187
45 2 50
76 66 182
44 156 279
21 183 209
52 103 164
92 121 257
86 161 365
92 9 102
23 80 212
7 81 89
6 98 134
36 103 140
69 15 93
100 72 196
4 43 180
10 14 54
38 122 235
98 113 393
93 117 218
20 99 226
60 20 89
20 101 131
100 12 140
36 138 206
25 133 165
83 139 395
91 128 288
96 186 324
42 53 103
82 106 197
99 168 269
8 27 213
66 187 297
32 165 216
71 83 198
78 182 349
33 72 105
48 86 136
92 27 146
37 139 224
78 10 100
3 149 157
80 126 210
90 24 115
6 197 223
6 116 123
60 35 105
52 107 168
63 152 225
79 115 197
9 78 133
31 102 140
21 5 26
56 90 147
47 63 132
17 150 170
21 183 207
8 14 31
78 67 176
22 193 216
31 67 99
15 103 239
82 133 224
2 187 209
53 61 306
58 62 211
1 13 18
42 187 257
38 84 299
93 101 225
74 120 204
95 169 272
41 28 71
32 168 231
82 70 181
72 119 212
33 14 52
50 114 167
11 108 127
60 111 227
64 90 158
29 42 97
73 172 254
71 186 291
22 56 188
96 102 302
9 9 107
80 6 139
76 134 227
54 167 301
32 80 135
61 9 260
26 87 124
27 70 127
76 130 253
40 99 145
42 33 174
49 125 185
35 104 175
24 94 120
18 98 162
85 89 179
26 79 134
59 36 119
73 155 242
1 155 181
53 62 159
56 146 397
3 186 196
60 27 110
19 50 236
34 59 96
43 35 87
33 110 150
6 26 211
35 89 203
98 145 442
37 45 109
58 69 157
1 174 177
93 196 335
16 100 222
31 191 269
32 165 343
35 188 358
42 197 299
80 178 275
21 87 143
56 195 252
71 193 438
4 176 205
57 199 372
77 168 275
59 32 96
86 159 270
27 88 193
70 135 228
27 60 91
39 35 126
41 55 191
52 38 120
51 146 204
86 146 246
51 178 230
66 167 393
31 107 234
65 177 258
17 19 67
36 68 208
20 7 28
15 54 74
83 142 230
12 187 205
13 78 218
4 97 101
43 107 154
64 71 223
77 3 113
33 119 176
90 61 161
8 162 216
48 106 162
78 165 266
74 6 81
49 90 193
59 170 238
77 28 112
54 192 431
92 192 294
100 31 166
15 179 253
28 183 405
19 17 85
52 98 275
91 27 119
78 129 240
23 66 101
60 180 240
40 42 85
85 143 273
27 36 149
99 69 198
80 123 309
59 11 118
9 171 270
41 164 211
33 45 84
87 65 153
16 115 153
27 2 41
83 161 248
60 61 153
14 179 315
3 47 56
33 147 203
96 79 181
31 63 123
29 71 107
10 29 182
22 131 279
6 146 180
40 66 216
38 150 201
83 23 108
46 121 172
97 120 225
50 18 74
8 20 36
67 36 109
99 55 199
33 160 202
65 98 182
20 188 217
68 156 401
37 92 150
10 48 112
78 180 323
86 129 257
98 100 202
93 56 293
50 106 165
79 9 116
16 29 53
29 53 119
1 177 274
51 84 317
89 109 198
90 91 225
72 178 250
9 128 292
85 17 105
48 47 281
29 46 85
9 49 90
79 153 275
59 106 212
71 0 112
32 69 137
81 75 160
22 100 160
14 117 313
30 151 187
57 0 94
69 100 219
13 37 50
17 113 130
35 160 224
14 175 226
9 178 286
42 24 239
51 49 122
38 77 120
8 152 164
80 187 307
83 61 299
91 8 111
58 10 80
81 20 133
53 109 168
54 10 153
91 20 117
11 119 140
14 86 103
51 52 125
17 49 74
26 95 122
65 102 342
61 195 287
95 107 284
98 151 261
58 95 163
59 66 152
2 65 74
14 114 134
6 89 249
66 190 263
20 90 113
69 85 192
71 67 211
27 85 120
59 127 256
19 118 144
75 179 257
62 80 190
72 51 174
83 47 148
60 43 291
28 44 260
41 170 224
54 84 139
96 12 111
18 190 212
55 185 248
5 38 50
79 168 252
18 179 205
74 144 248
33 44 78
57 199 273
5 25 78
56 8 65
69 115 186
74 79 165
38 19 63
17 87 279
98 49 235
75 75 325
50 44 100
42 93 239
79 143 225
37 146 357
68 176 288
69 198 425
20 69 148
33 164 325
3 33 39
80 81 163
23 22 154
28 87 164
75 2 79
98 76 178
16 186 207
22 187 265
89 126 405
91 151 247
95 84 303
76 183 316
29 14 44
15 21 122
89 149 246
25 12 56
40 100 141
76 41 316
94 108 399
3 12 15
28 23 100
5 53 116
15 180 227
17 190 212
98 60 166
100 23 205
98 115 263
13 196 326
14 1 78
45 68 123
51 36 133
75 199 318
22 53 264
49 135 192
41 36 104
79 60 164
90 155 251
38 37 102
46 183 241
34 105 304
81 16 107
7 95 120
83 96 187
26 10 45
22 123 194
90 146 239
52 146 297
75 165 252
13 37 66
67 181 296
45 46 129
9 8 23
44 102 156
4 196 270
88 35 310
89 184 276
61 107 227
57 166 225
42 6 137
91 77 215
72 192 423
13 101 121
31 13 77
90 78 191
91 190 472
53 4 77
65 47 121
30 37 107
75 170 250
26 72 155
82 194 296
70 144 239
32 142 198
42 54 185
30 176 206
37 123 189
60 109 193
23 173 367
48 82 135
73 30 124
20 25 47
9 10 50
70 69 145
