260
13 120 160
6 100 107
19 139 158
26 130 257
76 5 91
7 1 9
73 81 344
72 95 241
92 15 305
31 108 149
37 43 105
92 122 341
41 190 258
21 86 112
24 94 123
27 122 149
8 131 193
47 106 168
64 78 310
2 10 19
90 23 123
62 14 136
97 120 225
23 102 134
16 155 259
4 14 32
65 52 148
80 44 288
99 46 161
79 195 276
80 134 251
15 51 115
90 64 155
99 58 167
2 133 135
24 191 218
6 73 79
70 93 186
36 59 131
45 32 176
83 192 424
29 170 203
17 24 51
22 98 126
5 96 273
98 83 263
21 126 176
93 188 288
56 73 246
45 153 236
92 48 146
18 122 145
74 57 145
28 75 106
81 175 266
32 90 145
2 5 9
27 162 225
46 169 393
93 62 174
7 178 200
25 159 220
43 38 194
5 40 55
44 92 145
8 35 189
76 191 300
81 67 231
61 126 234
57 31 92
64 160 234
5 55 106
98 160 260
68 46 120
100 68 171
90 192 303
30 63 139
83 132 222
13 157 215
65 22 209
76 83 282
56 151 311
68 200 278
45 70 279
20 38 62
76 175 285
81 24 114
98 180 278
43 122 254
10 88 107
61 178 382
57 74 137
68 9 232
17 45 93
77 140 372
35 8 76
8 135 162
88 148 238
56 47 104
36 55 97
43 88 177
3 9 30
65 164 375
36 198 417
34 37 263
36 100 141
47 172 219
10 74 121
70 68 169
49 1 51
31 175 208
8 124 203
79 62 188
29 174 366
19 119 186
7 142 213
39 165 310
30 182 223
37 72 152
81 168 253
91 140 243
76 174 254
32 191 265
47 104 281
11 191 209
95 90 197
65 54 120
75 137 354
29 167 204
50 48 106
50 118 180
87 188 285
68 83 199
85 198 330
24 71 96
47 144 342
95 60 173
43 187 385
85 191 281
79 188 289
33 104 147
70 45 117
88 129 236
80 141 343
83 1 101
55 162 226
81 13 156
66 75 160
74 113 274
96 150 255
44 3 166
82 104 197
89 0 92
64 125 309
25 162 197
45 45 108
78 2 115
54 136 266
37 102 142
40 171 257
75 63 169
81 197 322
47 96 146
31 47 256
26 90 297
82 127 211
39 16 87
1 152 157
44 164 258
40 111 158
60 190 260
69 12 102
32 116 156
57 81 259
79 58 248
94 64 265
99 60 217
61 125 188
61 85 149
90 193 301
84 0 223
15 133 155
40 141 354
35 84 119
10 124 141
33 57 267
9 19 35
53 53 115
19 50 73
90 110 290
36 3 49
100 96 200
80 104 192
77 161 274
35 30 72
77 121 371
40 162 223
38 147 349
45 10 66
6 192 215
77 7 125
35 146 184
71 23 95
100 18 123
55 176 236
93 181 285
45 14 106
14 128 302
23 45 252
97 87 217
44 50 159
74 143 222
14 81 105
97 151 252
75 119 313
51 156 212
48 99 191
47 59 137
62 1 73
53 7 88
43 71 158
29 115 197
23 130 161
48 191 246
87 70 164
29 118 184
36 61 98
45 60 223
39 189 272
64 97 168
99 190 296
8 31 46
64 36 103
73 73 147
18 83 108
21 84 109
86 68 154
41 132 177
62 108 219
42 66 117
6 72 122
32 79 128
72 81 171
54 58 115
80 69 152
62 187 335
7 162 190
4 62 71
56 28 206
23 193 244
58 39 139
11 56 246
9 6 17
78 46 309
31 151 198
76 14 232
58 39 99
9 55 170
96 61 195
64 83 256
