830
93 96 233
96 94 239
34 59 121
57 198 263
16 134 259
25 21 70
33 9 50
39 171 344
32 153 368
78 73 262
6 162 289
98 76 180
8 134 169
80 112 288
71 157 270
18 199 247
85 111 201
76 8 197
84 124 294
73 41 118
35 83 132
58 86 193
91 124 224
55 78 178
35 186 288
42 65 138
71 194 274
30 88 128
86 45 180
53 163 233
69 147 407
100 184 290
25 160 215
80 166 279
9 166 238
21 105 135
93 9 110
80 58 177
84 50 138
53 20 112
49 200 253
76 65 187
8 181 263
91 140 235
57 82 238
98 23 121
3 11 35
47 125 174
95 87 187
4 98 103
85 107 225
79 53 146
31 122 162
11 48 246
96 13 123
67 92 191
98 166 271
7 137 207
16 82 184
84 45 318
7 192 371
87 23 132
72 35 112
94 140 246
2 37 46
97 17 285
100 31 260
98 89 187
19 127 186
38 59 218
54 188 247
66 176 273
72 76 156
86 83 282
82 86 265
73 119 215
28 133 183
37 49 88
68 88 162
58 3 87
63 31 165
57 193 276
66 126 364
47 142 289
21 162 192
65 74 146
92 59 296
1 85 136
65 50 158
72 4 80
10 166 177
39 81 124
11 0 20
79 0 81
59 86 190
83 89 173
85 54 141
4 67 89
77 193 279
58 107 358
59 38 110
35 82 121
18 164 268
50 92 144
15 37 63
49 42 247
90 12 108
33 74 139
21 192 296
65 20 90
82 113 340
100 54 226
90 190 325
9 60 103
58 136 199
70 114 323
99 115 273
61 148 216
83 116 246
51 145 362
11 48 187
30 69 104
46 153 207
99 139 431
41 112 195
17 132 159
69 121 390
85 51 165
51 97 194
49 100 153
90 52 187
18 148 184
86 189 282
75 200 283
23 102 246
17 5 70
24 10 227
84 96 183
79 199 288
33 74 148
97 113 252
2 72 87
90 10 103
98 101 228
44 70 120
73 84 158
7 22 125
6 143 150
33 163 210
98 23 186
99 73 175
100 130 240
15 146 289
84 168 387
2 170 180
24 181 276
12 91 145
35 40 86
36 186 397
1 36 65
25 127 286
97 166 264
75 49 192
9 18 29
36 43 121
82 117 249
28 43 72
78 85 201
13 72 95
93 187 369
45 118 172
38 174 245
63 15 83
58 146 211
56 187 246
51 58 137
52 146 327
9 197 210
19 194 297
12 143 189
60 121 196
98 59 187
22 16 38
29 195 344
17 21 79
31 197 377
35 187 232
82 110 238
69 169 398
1 147 154
7 155 170
52 47 102
19 84 128
1 29 48
13 97 140
60 68 184
36 16 102
38 60 105
26 45 109
4 103 118
50 100 153
87 13 109
13 153 169
76 54 137
42 21 66
85 145 237
47 161 241
5 59 90
40 59 108
82 56 163
63 76 145
19 59 123
54 197 343
76 46 126
89 160 270
92 183 344
77 23 147
57 164 232
72 57 156
57 143 241
70 26 106
29 89 298
35 135 191
43 169 241
7 135 188
18 70 243
35 18 54
14 145 162
32 152 206
12 116 273
17 166 235
62 2 92
83 49 135
57 22 82
80 98 184
74 19 101
62 145 380
77 109 196
50 26 86
24 131 177
15 91 141
79 96 180
95 167 267
92 168 332
40 180 236
43 190 347
26 161 298
1 151 342
33 143 186
75 145 228
61 114 213
45 144 205
82 26 108
27 153 364
86 38 125
24 105 167
10 6 22
63 168 252
40 96 150
2 173 180
95 172 271
71 171 249
56 26 141
15 190 205
16 11 135
79 68 156
39 98 141
14 102 126
100 165 273
92 98 193
1 180 191
11 65 149
97 89 218
60 196 358
15 9 24
92 29 238
80 128 293
29 113 151
59 71 302
16 74 120
54 81 240
57 155 222
63 104 270
15 132 328
96 60 163
31 49 88
54 185 321
65 3 117
98 198 328
36 78 114
9 172 368
56 58 128
34 176 300
4 33 56
41 111 307
70 47 165
66 120 188
80 39 147
86 76 165
82 137 220
46 6 101
78 124 212
69 129 297
23 161 192
75 36 127
28 147 191
71 143 216
70 93 290
96 40 139
94 41 265
89 129 235
6 102 126
77 30 107
58 98 156
100 128 235
91 49 149
97 52 280
98 2 113
14 109 135
28 174 205
97 139 239
79 114 269
53 118 173
68 174 243
44 19 69
82 115 201
100 152 254
30 95 131
14 100 163
22 39 96
46 137 355
91 57 242
99 77 179
59 27 164
50 192 277
59 190 258
88 124 354
15 80 138
48 6 93
13 79 124
57 108 173
25 194 238
95 177 289
60 146 212
90 167 294
10 196 354
14 162 186
25 43 76
68 140 289
53 89 196
19 138 286
74 158 239
7 119 130
87 141 340
14 46 108
30 88 127
93 120 376
38 15 57
96 61 161
85 32 152
74 35 307
25 105 152
15 131 147
99 114 387
3 189 385
73 50 124
56 97 338
71 76 148
17 93 113
74 49 124
1 200 247
4 79 93
57 128 197
88 173 410
10 129 139
55 70 137
1 183 228
58 76 266
14 81 124
57 123 253
88 158 363
13 23 220
7 89 143
27 101 129
11 13 29
6 137 316
74 151 250
58 189 346
89 97 222
6 187 295
73 55 136
50 9 160
77 19 237
72 167 247
27 109 210
16 199 247
90 34 228
8 59 68
67 78 151
64 19 100
99 10 116
2 17 22
4 54 216
9 198 246
40 99 154
63 190 253
28 173 207
89 197 318
95 19 212
64 47 114
90 183 273
32 76 113
83 105 218
44 168 303
42 89 219
73 76 318
80 191 281
6 84 100
77 160 238
77 200 280
39 11 211
16 65 88
70 135 257
77 162 264
52 62 308
20 55 105
88 73 169
82 72 191
62 52 155
75 172 248
3 191 227
86 106 197
40 178 220
16 114 156
26 86 120
38 32 249
25 86 233
93 28 193
40 158 297
79 50 260
98 120 282
64 113 198
47 116 278
41 189 276
47 90 195
30 176 247
25 91 125
50 16 79
11 80 114
40 138 180
9 198 210
46 55 162
42 42 92
1 52 165
32 55 124
79 74 155
23 131 158
41 154 220
81 154 267
94 183 286
39 119 178
94 56 153
38 10 148
65 59 152
51 87 139
99 174 313
21 108 263
51 122 208
90 143 418
100 57 167
48 73 128
74 35 142
91 179 364
60 166 404
29 145 335
89 14 104
81 41 123
64 56 237
27 158 193
6 141 275
59 199 290
70 162 232
60 178 259
79 79 162
92 190 285
24 59 83
74 46 124
80 83 168
31 21 70
48 10 65
13 107 189
44 103 151
19 118 244
37 71 142
63 158 249
98 115 220
86 156 244
20 127 177
13 157 272
39 155 262
73 10 109
86 16 141
66 54 132
80 15 272
62 80 205
64 10 179
44 131 191
1 198 241
13 192 296
21 72 151
65 145 244
36 100 316
78 147 280
62 97 166
70 128 299
15 98 121
74 92 172
65 180 272
79 30 148
95 71 176
67 88 160
6 132 143
80 81 162
85 61 314
77 15 102
44 0 52
15 101 128
90 55 337
67 9 106
17 89 110
84 178 267
76 56 138
13 105 147
86 55 262
15 15 34
90 20 131
62 91 278
53 87 281
18 144 177
74 42 137
51 22 76
11 67 79
50 67 126
33 80 146
46 50 98
26 3 177
89 163 259
56 72 136
16 177 289
13 95 126
41 110 195
59 0 60
94 12 208
71 88 198
82 21 234
83 136 226
18 154 269
62 48 151
37 51 124
63 26 132
27 99 138
22 28 53
69 154 230
52 103 155
58 119 222
12 132 149
21 4 150
55 113 168
16 71 209
47 167 239
23 32 240
52 71 131
57 147 237
40 77 123
83 93 183
97 161 455
6 64 91
93 8 110
71 16 88
56 18 212
32 93 301
65 86 160
76 19 96
97 164 433
55 86 182
76 123 203
90 32 137
44 63 107
42 179 224
22 90 117
6 70 113
4 61 90
100 33 291
32 177 244
64 156 230
50 40 92
43 131 174
19 45 126
100 119 298
98 129 234
43 197 263
14 121 193
98 23 126
77 60 151
2 131 137
33 168 204
49 130 228
30 87 123
27 192 254
75 83 237
45 63 156
36 68 152
52 34 124
5 30 95
57 1 58
49 13 69
15 185 338
27 38 100
41 14 94
71 114 206
4 181 195
89 104 244
26 57 100
14 100 123
46 106 185
55 200 397
99 10 152
35 138 182
66 191 258
43 30 75
80 100 189
91 170 269
79 197 285
40 52 100
70 61 155
10 157 206
33 62 103
50 60 112
76 189 305
76 79 162
57 109 237
16 60 99
83 19 102
17 61 87
84 23 136
77 42 124
13 183 204
30 181 215
50 106 161
63 22 94
83 70 239
79 67 155
80 192 283
68 116 311
28 89 125
82 21 276
28 70 100
37 86 132
39 116 199
44 168 274
91 43 232
41 151 379
5 132 138
10 166 316
31 167 321
92 108 211
50 128 202
37 182 248
27 105 142
43 163 209
17 153 174
8 7 97
86 101 240
17 192 358
38 110 189
59 80 225
10 200 216
64 61 129
16 68 113
4 20 33
77 173 359
96 103 237
25 114 140
71 34 107
33 73 108
20 179 273
30 185 327
7 169 187
49 6 65
22 100 147
36 25 62
80 43 145
82 44 132
36 84 120
74 57 225
39 104 162
46 117 198
38 160 212
77 119 241
39 190 230
69 9 88
31 141 180
82 103 212
28 155 183
80 60 140
52 19 207
88 127 232
24 130 156
87 79 339
73 4 225
2 100 133
9 17 62
17 27 177
4 26 74
5 179 193
95 186 318
97 91 188
1 159 172
15 176 342
37 32 74
10 168 188
40 100 212
11 26 43
90 157 251
40 11 60
17 148 185
93 194 289
44 194 238
73 5 79
48 112 163
64 113 202
55 170 248
57 116 174
100 3 265
79 182 262
66 74 313
6 30 74
78 7 88
35 80 119
82 118 232
72 12 188
24 107 257
95 11 131
3 173 181
50 179 371
98 154 260
90 49 321
76 200 279
23 147 175
77 96 197
27 101 140
14 133 181
67 82 190
96 178 301
91 88 180
67 107 186
26 190 227
97 79 286
64 185 438
54 76 131
64 32 288
61 159 228
4 48 54
54 123 345
1 192 234
85 152 261
71 180 257
82 61 143
76 106 183
63 37 226
59 135 363
78 137 252
43 147 369
32 180 247
27 40 79
10 90 108
2 122 170
77 61 140
4 139 161
41 61 194
43 52 101
96 111 273
62 164 231
17 146 169
65 82 154
66 107 174
13 73 86
73 25 219
58 174 420
45 126 176
18 131 153
76 53 175
46 137 197
18 147 166
19 110 182
9 127 182
95 175 386
97 95 199
100 104 261
67 72 143
64 76 157
29 145 183
80 96 224
55 57 115
38 141 184
24 14 182
82 72 204
82 60 150
94 114 212
53 188 246
7 65 76
35 93 209
1 195 239
1 112 252
35 86 156
77 156 278
73 146 229
68 71 224
62 184 254
66 111 278
28 68 104
74 136 215
85 163 254
15 189 207
27 172 208
2 24 146
10 118 313
47 128 232
38 51 128
29 152 191
