590
30 31 70
42 78 127
38 89 167
71 189 386
55 30 121
49 159 235
25 58 89
97 70 176
100 151 254
45 14 156
21 199 263
16 122 186
82 39 122
53 149 283
62 61 222
52 78 180
22 155 326
99 182 320
9 33 45
17 114 214
84 15 119
91 179 276
87 156 249
85 93 182
87 111 385
56 24 95
76 175 254
79 133 220
82 105 192
46 8 80
24 47 73
74 68 292
15 47 68
35 54 93
9 114 130
52 79 159
76 26 108
39 165 209
35 38 74
27 165 200
60 27 91
39 45 214
87 32 166
81 165 254
24 145 310
80 51 139
43 117 335
4 95 104
7 26 52
17 167 225
17 195 221
6 177 204
20 143 248
64 34 279
91 32 172
64 151 408
12 129 324
10 128 140
83 7 229
46 134 181
82 135 225
54 40 195
78 180 272
26 150 221
89 85 306
80 101 190
94 123 264
49 20 195
68 166 254
15 82 130
61 157 235
67 160 235
48 47 117
88 158 251
90 169 284
83 2 87
13 29 60
78 129 208
60 46 208
9 124 201
61 39 110
24 160 189
48 44 97
27 177 204
88 70 202
98 35 286
77 159 315
47 48 213
65 82 166
38 182 231
77 31 134
88 49 328
4 134 153
19 25 237
84 51 140
34 72 187
44 45 91
8 150 198
6 58 160
28 40 75
2 136 138
76 73 235
65 67 132
34 84 120
93 149 280
64 184 317
19 8 64
85 79 172
30 37 213
39 98 137
60 23 85
42 59 112
1 200 209
90 56 149
18 1 21
66 153 246
88 85 181
6 74 83
81 107 245
68 15 197
33 68 109
72 192 426
40 2 80
55 94 159
44 180 257
99 61 165
1 197 214
30 29 243
72 1 253
87 65 191
10 76 88
90 177 360
58 20 78
27 144 187
98 75 195
53 169 230
26 184 215
30 82 115
52 41 99
63 89 152
17 72 89
3 17 41
85 109 256
53 140 193
86 60 150
83 26 180
17 198 412
78 93 196
26 43 69
83 180 299
51 17 150
79 190 464
66 157 232
95 96 390
47 25 180
28 181 386
30 189 221
38 109 148
54 99 162
47 50 120
5 159 271
42 103 231
67 179 292
96 131 228
49 8 238
1 105 131
31 109 146
94 179 322
38 118 172
66 123 195
17 137 160
89 35 131
49 173 248
34 135 178
16 66 89
99 159 262
48 95 143
63 103 205
31 4 55
93 141 278
33 45 221
35 19 59
81 95 183
16 24 80
57 52 237
67 16 84
84 56 176
28 91 157
39 8 210
61 64 129
75 46 282
7 36 66
68 88 180
67 40 302
10 200 219
49 62 292
1 83 113
37 180 224
48 60 116
53 26 109
73 26 119
65 182 265
76 177 261
93 78 177
12 175 196
5 120 190
88 11 103
17 55 79
62 26 123
66 70 138
84 133 221
21 154 185
70 67 145
30 49 196
42 88 132
20 139 162
80 72 159
61 124 223
39 127 170
100 99 207
37 71 110
41 152 306
4 51 84
22 70 107
84 111 242
98 115 250
21 77 102
41 80 147
97 195 359
37 141 202
48 25 129
22 38 86
22 162 190
35 142 204
61 23 85
72 39 116
56 197 256
71 120 241
27 79 108
13 52 66
59 18 88
86 195 312
75 165 411
99 165 395
69 192 302
41 27 107
46 20 67
86 169 292
60 104 208
2 70 120
13 54 82
84 60 154
91 184 296
57 145 228
2 131 139
77 141 226
47 111 190
80 48 136
21 150 242
13 32 88
72 114 271
46 53 143
47 186 383
81 133 221
22 59 129
71 1 215
67 16 105
88 60 157
89 95 232
18 87 300
15 197 250
33 19 152
70 108 210
59 15 132
89 170 268
77 108 202
8 148 183
81 107 227
37 79 296
64 183 253
40 71 118
86 193 321
56 141 202
1 26 51
91 93 205
50 142 216
7 198 238
53 106 169
53 7 87
9 80 173
96 145 257
48 88 167
3 1 25
82 121 206
53 178 233
36 18 57
79 122 226
66 80 151
37 100 177
56 60 129
62 198 452
21 139 162
27 3 48
56 26 103
84 123 369
9 156 181
97 89 307
3 139 267
30 97 177
45 135 190
16 59 107
58 19 87
10 122 165
69 150 228
4 165 175
69 195 374
73 120 376
42 199 336
96 1 113
52 40 134
38 95 324
31 150 225
8 177 376
79 161 240
40 57 97
63 56 263
75 83 166
93 120 228
76 27 220
19 44 244
60 34 98
55 158 368
62 120 351
79 56 334
16 16 60
14 64 84
96 56 305
59 83 147
41 186 333
60 53 287
45 0 80
66 154 315
63 100 173
30 96 141
77 49 133
56 40 102
92 141 329
55 199 304
22 83 160
69 4 98
60 50 112
40 33 85
73 104 371
38 50 97
38 196 241
16 94 200
88 1 89
25 17 57
28 200 264
16 126 152
25 101 238
71 168 249
8 165 194
95 32 134
36 57 99
42 136 276
87 7 185
62 118 230
13 144 161
70 154 268
57 20 119
70 58 166
91 36 131
13 171 352
3 121 127
92 42 136
37 56 117
62 186 382
54 100 314
49 161 253
2 61 69
84 199 316
5 148 154
93 137 409
66 163 232
95 130 397
48 79 302
19 132 169
52 108 162
21 175 225
69 14 96
38 59 129
26 137 176
71 184 387
74 12 96
91 186 434
76 34 134
15 50 95
72 173 245
46 186 276
5 155 335
6 157 284
7 128 139
2 48 69
13 131 306
23 20 125
79 154 287
51 79 133
42 100 245
42 165 214
93 181 294
52 140 201
68 95 182
81 77 205
13 107 245
74 101 175
13 167 263
86 43 179
34 155 213
74 125 209
70 65 163
75 161 335
3 61 68
35 85 122
11 175 217
15 135 150
5 151 204
85 23 247
22 140 220
59 191 255
46 50 97
19 48 120
32 197 370
99 114 263
57 103 174
24 89 139
7 174 290
39 32 126
17 161 232
53 132 191
32 131 185
75 119 328
10 35 55
72 144 217
76 16 285
75 62 138
87 181 294
74 122 214
25 125 345
7 13 176
17 161 183
17 71 279
5 11 106
10 158 204
81 179 398
81 93 315
70 104 213
53 140 198
38 25 238
100 177 298
38 59 102
67 16 170
12 7 23
49 56 116
19 140 293
37 42 107
55 155 258
87 8 278
96 61 165
24 61 203
71 72 172
44 198 256
91 22 268
47 141 200
97 50 147
13 157 181
16 190 324
29 62 265
18 166 190
1 143 168
61 57 121
85 32 269
50 106 179
42 38 83
42 94 238
4 63 120
83 111 199
53 14 68
34 9 46
82 155 253
57 160 243
45 137 202
82 101 292
70 173 429
26 68 143
17 49 78
88 59 196
30 74 189
2 29 33
68 105 293
37 47 91
94 52 151
21 176 203
26 128 223
39 174 378
8 97 113
2 154 165
7 181 213
62 100 231
66 118 185
28 166 203
48 84 134
36 125 168
32 127 202
7 132 178
13 22 228
13 99 297
6 181 276
7 94 111
60 161 408
4 13 21
2 71 175
41 131 190
26 75 119
28 142 214
80 182 262
75 123 242
67 100 172
30 39 111
47 82 163
58 33 117
59 143 210
73 101 174
59 141 207
57 51 125
77 55 285
31 112 176
91 73 280
94 160 304
4 14 37
80 177 295
50 184 241
61 158 249
33 168 207
17 67 93
29 72 104
35 59 135
56 20 191
5 55 90
79 38 122
21 127 154
65 10 109
93 25 313
37 194 232
95 152 267
77 90 175
81 128 246
24 154 200
7 64 80
36 43 92
6 197 212
25 21 50
15 21 211
60 112 218
1 152 324
74 56 133
14 126 287
71 47 190
18 139 303
67 81 154
96 62 187
73 18 96
34 139 184
99 67 168
53 68 136
42 174 227
74 122 197
2 175 210
40 8 158
28 112 229
21 70 92
87 149 238
57 0 60
43 63 115
10 127 331
19 16 43
8 46 82
37 132 176
39 175 217
38 50 93
