930
92 121 247
4 86 213
49 103 156
92 44 148
87 52 144
10 184 212
9 18 30
15 102 313
77 35 119
94 165 283
86 163 362
9 2 49
13 26 46
79 95 181
65 140 217
2 101 109
24 143 186
59 49 233
43 127 182
3 40 45
52 130 216
64 198 272
4 168 359
9 114 313
53 96 152
82 42 130
42 152 198
31 62 97
57 96 311
4 37 120
89 161 251
81 171 301
41 148 383
22 117 183
49 43 94
16 93 153
59 164 232
45 6 86
61 139 210
35 117 153
84 37 141
84 199 300
7 166 174
93 194 383
42 144 208
40 183 223
14 160 182
63 147 345
84 185 448
91 72 194
76 12 97
66 18 154
28 105 153
86 130 225
13 80 103
40 12 52
6 182 197
33 128 164
71 159 259
48 131 207
23 185 241
97 187 474
36 63 243
40 101 163
100 95 197
1 160 224
11 85 117
59 66 152
2 113 136
76 148 347
54 101 333
85 111 269
37 104 320
29 70 296
58 1 159
34 181 222
90 146 239
18 121 145
92 68 186
97 156 449
25 42 232
8 138 176
83 186 277
6 13 200
26 7 144
72 16 140
18 144 169
47 39 230
8 198 239
72 188 309
20 119 173
28 132 199
70 175 271
68 188 263
11 183 220
65 64 136
47 168 236
67 70 231
3 133 138
70 153 227
78 3 250
87 98 230
81 87 328
80 153 243
43 4 53
80 139 298
69 129 203
57 18 81
3 36 47
88 55 181
12 179 198
95 155 385
81 95 321
5 7 142
72 138 364
11 103 293
47 95 145
36 129 195
93 139 241
53 132 195
96 121 266
6 84 133
52 16 83
52 190 250
53 67 125
50 54 109
58 69 150
64 72 150
7 129 189
36 78 220
100 21 170
53 60 122
75 60 178
84 132 233
86 12 287
1 41 76
41 78 123
57 109 170
19 124 146
77 77 176
56 109 171
25 130 198
16 146 168
26 178 213
80 69 159
33 80 117
20 25 59
24 145 255
60 15 76
15 76 140
70 51 129
83 97 229
1 183 346
69 155 247
41 178 378
37 146 185
19 196 218
44 27 255
68 30 251
33 121 308
99 111 248
20 103 227
4 196 214
31 122 157
8 157 172
19 179 203
97 49 151
5 167 197
13 55 102
23 125 174
76 110 190
36 140 184
92 112 222
36 27 72
57 9 158
1 131 135
12 48 80
88 59 292
40 11 85
77 34 121
53 67 120
77 186 270
12 60 75
61 105 250
100 86 187
33 199 429
39 93 138
98 127 231
46 164 211
76 59 270
60 137 208
28 141 181
57 16 119
89 136 245
49 39 268
78 96 190
63 73 185
76 50 153
43 63 116
58 177 241
78 196 347
33 96 158
93 126 281
34 51 128
50 20 94
6 73 88
69 81 155
60 52 120
6 122 148
10 26 38
90 42 159
46 21 75
61 151 258
97 43 154
79 141 223
9 24 69
42 152 230
62 198 260
75 172 250
2 105 148
25 150 201
47 36 85
9 93 252
91 192 306
4 90 99
93 66 304
43 50 128
62 45 264
51 129 188
36 169 213
79 97 221
84 173 297
21 114 140
47 105 254
27 59 124
51 20 80
57 76 309
70 128 206
48 80 135
16 87 142
47 200 259
70 121 252
91 136 268
28 118 151
46 149 306
39 60 129
15 133 342
35 162 207
80 88 177
53 196 339
15 189 365
22 54 79
72 65 146
12 182 361
13 91 120
47 85 133
68 154 239
51 16 211
98 146 244
39 9 87
63 181 261
14 100 150
49 77 326
46 27 76
1 10 195
83 143 236
73 150 228
42 64 249
79 99 198
2 38 65
56 5 104
45 61 115
56 109 207
12 108 297
4 55 192
35 108 185
40 77 149
1 52 56
32 159 191
20 51 106
98 48 148
30 88 162
57 174 346
100 171 281
64 192 293
84 168 275
26 144 189
69 0 93
53 91 234
56 58 140
24 24 134
78 153 236
98 189 408
1 178 290
16 163 183
77 183 263
31 63 96
68 174 258
90 151 313
82 42 224
55 124 340
35 22 165
95 197 296
53 6 117
76 156 282
91 23 229
50 66 124
19 16 50
26 38 93
65 129 204
64 169 235
43 2 93
27 73 103
59 172 259
17 26 200
26 143 271
61 138 202
19 85 108
71 100 245
4 58 86
78 192 273
8 158 181
88 165 298
70 46 159
72 124 346
47 90 144
85 148 237
28 150 309
74 157 241
50 127 181
87 14 138
73 104 184
71 167 268
64 126 191
9 39 75
6 150 158
21 44 71
18 134 266
52 17 73
36 7 77
60 161 231
86 68 171
15 15 56
24 92 140
41 24 84
88 182 273
86 91 354
73 47 136
69 96 167
85 173 268
72 164 241
75 170 250
20 10 35
8 163 197
61 97 161
66 190 258
33 21 133
92 185 282
85 172 263
68 63 136
70 48 123
71 6 123
34 109 255
57 196 263
82 7 259
48 114 273
29 95 124
6 138 312
79 90 207
67 58 125
75 14 95
19 190 399
40 73 119
65 32 117
48 88 138
34 160 220
56 76 147
15 9 28
61 180 373
63 75 146
73 122 200
43 174 221
68 134 328
25 64 99
72 152 232
95 171 269
26 186 222
14 155 178
29 31 159
13 179 195
61 27 89
63 49 252
50 1 55
77 159 273
10 184 202
69 130 399
13 30 44
1 183 318
40 30 76
2 175 184
4 187 193
34 109 149
48 68 153
84 127 281
51 150 230
10 6 26
71 165 375
42 159 212
51 191 254
42 43 89
31 56 87
72 43 127
25 148 188
6 178 193
52 14 70
15 43 85
49 117 314
39 64 113
81 176 368
8 127 167
44 200 245
59 39 105
82 39 122
70 186 370
41 57 119
29 105 228
46 66 113
73 180 254
48 60 111
52 1 116
82 180 454
20 95 208
52 45 215
16 85 150
8 55 77
44 13 64
56 101 182
45 17 68
94 147 241
93 152 262
26 58 92
88 99 223
36 145 219
26 70 103
17 146 166
15 16 55
76 157 271
71 72 150
54 58 150
35 132 169
89 100 299
59 94 188
20 69 279
67 32 213
11 41 61
9 68 117
60 32 288
26 43 72
30 166 219
28 133 162
73 74 219
14 69 96
30 130 198
88 68 181
69 167 382
36 60 119
57 90 155
75 138 249
26 134 235
92 41 135
74 43 156
32 45 200
98 129 227
76 108 217
67 112 201
34 119 165
33 143 223
91 157 436
56 44 145
74 19 165
45 169 224
28 175 214
4 68 77
96 140 239
67 178 264
38 50 104
82 128 312
59 125 211
29 29 58
100 191 469
68 125 203
5 4 102
33 42 123
46 82 174
33 165 199
96 69 165
43 101 154
47 35 86
4 40 63
43 66 156
83 120 213
52 30 82
69 23 97
34 196 247
91 94 191
5 170 230
4 137 177
42 90 270
28 77 144
42 97 160
21 34 146
95 71 171
20 53 101
66 191 412
88 41 191
45 3 58
83 133 247
5 68 74
43 77 122
30 53 108
16 196 213
68 30 225
8 162 172
58 11 203
81 156 245
91 82 315
91 186 318
84 17 105
32 75 117
61 17 103
53 13 110
67 83 193
31 100 140
47 184 239
11 57 95
45 30 223
27 92 128
9 37 87
64 6 142
12 135 216
90 92 185
49 126 182
8 77 87
14 191 205
35 74 114
90 16 112
22 148 171
100 134 361
54 186 257
21 76 98
51 61 118
8 10 28
33 50 88
13 165 227
69 155 225
37 39 83
60 30 262
48 198 365
53 21 203
95 171 351
22 170 370
21 57 78
1 117 157
19 126 333
51 61 304
98 29 150
50 87 162
51 33 102
14 91 144
1 34 40
35 153 269
14 42 92
42 39 152
42 48 110
13 43 165
45 178 362
42 103 311
18 172 215
72 75 163
18 117 169
37 53 103
91 20 208
21 12 185
11 92 143
86 193 286
85 47 142
9 187 217
27 116 182
70 185 264
76 163 242
90 180 280
86 153 409
52 81 300
43 175 249
49 187 350
59 55 121
4 22 31
19 61 90
49 133 191
57 167 226
67 138 236
18 96 124
91 23 116
16 167 352
57 118 369
10 68 100
94 9 113
8 144 157
54 138 201
58 109 213
49 67 315
73 149 228
50 25 78
43 175 221
74 48 129
38 166 311
60 173 242
79 106 260
100 65 171
87 146 286
66 63 132
50 118 202
94 162 290
54 166 407
3 85 98
81 57 181
42 10 55
61 112 173
57 75 179
33 195 422
100 178 285
99 151 422
15 154 185
32 50 103
31 45 78
8 59 111
33 27 107
63 168 238
80 107 197
30 122 164
3 45 168
47 149 250
5 175 181
52 5 63
62 19 116
34 89 151
95 153 361
31 64 132
9 176 253
40 54 101
1 45 61
29 105 159
65 155 221
63 54 118
18 124 301
37 169 295
85 183 286
35 57 113
10 77 89
93 39 278
67 86 154
56 104 178
100 180 451
10 174 187
28 36 103
85 33 120
10 178 194
74 137 241
18 199 226
4 26 30
97 186 296
10 94 153
40 129 177
94 60 163
21 186 210
45 103 223
90 28 237
15 29 80
85 10 114
35 194 349
43 80 125
69 172 291
41 84 135
30 148 364
67 59 226
64 193 270
85 161 280
55 4 59
30 185 222
74 39 159
20 145 287
69 128 312
52 133 352
90 67 193
64 92 160
22 37 61
19 161 187
80 127 224
38 66 116
78 46 125
68 107 185
12 182 196
85 57 251
28 112 153
76 196 362
22 198 220
8 11 29
11 30 61
31 191 324
3 131 175
44 77 127
83 39 131
37 26 91
78 56 146
90 162 254
34 24 176
49 184 241
85 58 164
71 7 97
68 198 278
18 174 201
49 142 194
42 91 257
65 32 121
36 126 181
65 137 242
45 75 129
61 177 240
97 81 361
50 30 98
36 163 203
27 129 205
22 111 143
81 136 217
89 99 326
33 118 158
4 93 125
80 128 218
17 11 32
75 92 175
5 152 159
41 0 44
21 129 156
30 103 269
95 42 164
93 5 271
28 27 65
91 192 481
8 0 208
75 186 280
39 40 96
51 140 238
57 182 276
45 90 140
74 93 292
80 162 408
95 111 225
33 43 79
17 191 240
85 196 319
24 84 111
11 29 49
48 13 69
34 119 191
61 58 129
84 119 205
95 33 215
2 153 354
12 96 307
85 43 318
66 136 246
1 174 206
55 23 81
30 24 63
35 156 227
8 82 91
62 110 216
98 103 226
21 46 204
25 182 223
31 86 164
80 110 306
55 174 428
83 12 114
88 36 129
86 6 101
32 59 235
47 61 171
57 199 348
36 88 154
82 112 204
58 178 281
30 160 193
23 88 263
27 104 139
66 49 155
30 181 223
43 188 250
92 160 318
70 58 275
28 8 53
77 170 258
93 120 244
90 200 326
44 170 219
31 95 134
62 128 210
77 30 115
29 65 262
24 98 305
35 63 105
86 71 179
33 142 185
61 82 150
93 62 170
86 81 176
26 198 268
22 116 146
67 47 122
51 98 174
21 70 124
13 82 98
15 24 45
39 51 240
77 20 126
42 106 154
12 36 56
95 181 286
61 127 203
83 126 218
43 4 80
45 150 310
2 152 183
34 51 202
42 9 82
85 14 122
48 63 156
12 197 217
78 19 103
2 89 91
13 173 203
32 49 208
44 103 194
3 42 49
20 58 81
45 173 221
41 187 234
19 47 88
22 127 152
17 188 349
69 171 244
59 56 124
87 138 226
56 81 139
70 170 252
53 73 131
70 134 244
74 107 227
33 36 92
72 65 197
52 8 69
74 19 171
62 196 268
27 79 296
20 118 143
43 26 71
99 141 374
59 194 259
49 1 246
87 197 422
45 113 175
52 172 224
97 146 281
56 186 251
72 51 135
91 146 247
88 200 317
4 4 10
41 112 169
7 118 134
81 76 176
29 144 175
96 23 123
25 44 118
55 118 175
38 103 148
58 171 231
10 195 264
71 125 198
83 25 149
85 7 140
54 105 162
68 93 168
78 107 350
2 118 192
59 197 265
16 0 17
98 130 237
3 142 343
57 77 141
83 178 300
47 178 321
84 56 181
43 84 155
88 65 161
16 1 25
49 56 253
74 82 160
43 8 99
68 194 305
42 79 307
82 0 85
12 100 117
35 166 393
37 156 232
34 165 214
92 51 257
66 73 322
32 67 99
65 86 158
32 144 178
31 79 117
76 85 267
7 67 99
71 116 198
35 104 162
22 100 127
65 25 210
98 172 285
94 51 290
