200
11 110 295
74 81 188
17 23 44
17 22 40
69 104 192
49 157 245
31 80 240
39 158 202
33 81 135
81 109 348
63 1 89
42 135 342
17 131 157
78 162 439
72 121 239
28 154 191
92 133 342
60 31 127
94 86 183
31 92 126
42 90 264
80 59 189
25 87 123
61 124 214
30 148 356
95 152 268
28 150 255
8 156 185
3 169 195
64 81 166
17 13 75
21 81 294
95 119 334
57 89 173
45 71 141
24 56 189
88 192 288
92 90 192
3 150 154
67 5 89
4 80 84
80 36 116
68 183 436
23 103 133
17 132 166
54 149 249
70 198 373
83 199 322
100 61 319
39 123 165
98 98 327
47 182 239
10 146 166
26 91 122
33 32 79
86 103 189
51 187 246
50 52 102
83 114 270
40 200 245
65 7 79
15 132 184
10 150 167
25 132 162
20 3 23
43 27 78
21 166 197
8 153 206
26 105 134
31 36 77
80 22 234
40 45 111
86 147 278
51 127 184
49 101 169
3 73 202
50 51 143
29 123 200
65 20 91
49 96 188
77 79 158
59 105 196
79 175 258
91 26 121
38 52 289
82 179 263
18 35 99
43 149 235
91 11 261
51 100 153
78 181 267
71 50 125
15 138 154
77 38 116
97 154 252
85 60 227
38 111 184
47 27 78
9 111 153
37 187 247
10 15 33
11 189 240
59 3 192
50 115 168
70 150 236
83 4 94
99 139 238
38 94 237
78 24 143
56 75 318
98 99 199
51 65 126
22 119 179
55 39 247
52 118 358
93 67 162
64 46 144
84 196 322
55 143 361
9 147 202
11 73 85
43 54 99
54 190 273
75 149 278
2 63 115
30 46 85
65 137 210
89 169 271
2 112 118
31 89 290
15 132 239
89 48 144
49 166 219
32 76 113
15 160 207
3 20 24
29 65 123
86 191 319
79 185 270
71 167 245
90 18 274
99 43 264
33 13 140
28 122 291
27 14 48
41 35 77
99 34 143
84 21 133
60 46 106
66 174 248
40 167 214
7 60 67
25 162 223
20 123 180
69 101 173
58 187 251
93 87 377
38 128 243
8 129 283
78 52 139
67 179 418
35 89 158
84 182 440
89 4 121
93 149 422
64 41 146
98 8 116
75 22 102
78 103 340
97 91 197
55 40 132
31 182 227
83 138 247
53 75 241
73 72 151
57 158 258
59 1 66
40 176 243
94 173 331
31 195 236
85 2 231
12 177 194
93 128 240
28 143 177
45 64 124
67 33 140
92 157 380
50 53 118
93 85 317
86 21 112
32 184 249
34 161 195
47 163 387
99 32 189
24 108 258
74 149 224
6 122 143
54 22 105
23 18 48
29 89 125
