390
40 159 313
4 66 100
24 60 256
29 14 150
21 31 75
23 180 317
14 120 184
83 130 217
90 167 384
59 24 91
19 1 20
81 38 129
36 105 162
35 136 335
42 170 235
79 55 147
22 179 356
10 6 33
29 135 302
87 59 182
50 192 257
64 146 352
73 108 201
83 172 258
28 188 219
21 133 154
41 80 125
68 190 258
22 136 176
46 114 209
21 182 301
97 196 305
95 124 225
34 115 158
50 40 107
52 77 130
49 101 311
75 139 221
49 52 110
9 103 160
83 146 248
94 193 464
41 45 125
74 14 91
42 80 125
37 124 166
85 90 264
78 77 160
87 48 141
88 91 186
96 107 224
85 147 240
13 106 300
31 33 106
69 84 218
92 17 146
97 21 206
81 65 149
18 45 89
69 61 317
36 78 139
63 11 77
80 51 133
69 9 117
47 40 93
94 19 137
5 96 104
74 117 210
5 123 147
34 78 148
34 48 186
92 173 279
99 108 390
14 94 118
19 199 265
71 179 259
33 3 37
33 0 166
94 74 211
49 199 317
59 13 114
64 96 312
54 147 273
42 38 106
11 159 178
75 114 234
100 58 183
46 168 216
40 128 201
22 41 68
10 41 58
23 33 58
22 190 214
36 72 152
39 108 228
93 33 126
56 137 342
43 24 77
32 182 338
36 146 200
59 32 131
55 63 140
99 193 400
49 154 392
49 25 111
97 94 206
3 182 351
45 139 206
25 92 154
31 149 183
39 54 96
98 112 247
93 159 300
85 61 191
52 148 205
84 164 252
60 133 249
44 139 365
3 18 48
3 63 78
5 97 129
53 27 89
69 91 163
94 0 130
6 32 119
55 62 127
43 123 171
14 10 35
60 128 222
69 56 145
21 113 154
33 24 186
47 9 73
72 58 138
65 113 184
52 92 153
60 139 316
21 19 48
16 159 180
39 36 77
92 98 280
62 112 175
71 31 258
91 177 325
7 127 141
36 58 138
57 89 162
67 58 135
65 4 181
37 13 95
68 15 280
64 30 94
38 113 210
50 179 229
6 183 199
28 125 158
62 71 137
52 146 397
20 60 81
97 55 281
57 55 121
17 108 170
38 92 179
83 22 122
30 116 219
93 173 312
85 191 280
50 135 185
60 96 303
11 170 217
100 46 239
46 79 203
6 174 190
81 78 215
12 58 84
23 101 128
9 98 107
26 43 78
46 88 174
57 8 67
39 93 174
82 192 455
68 101 172
92 183 314
98 72 170
73 7 90
16 88 121
65 167 271
44 52 285
47 137 187
36 57 108
76 110 282
53 160 223
40 186 273
50 44 223
49 17 218
38 42 103
8 19 223
90 6 138
33 59 140
95 115 213
69 179 315
5 192 236
37 125 162
74 28 228
98 176 375
78 113 207
38 98 300
11 37 118
28 197 296
58 177 434
70 10 82
14 34 161
12 159 208
33 19 157
20 178 357
82 112 386
72 164 383
6 98 120
78 174 262
41 39 97
51 167 366
76 108 253
35 145 326
8 121 138
59 43 257
42 166 217
11 123 299
39 15 64
11 103 261
77 175 389
86 39 126
58 41 136
44 31 84
76 55 272
31 97 138
52 131 343
72 54 128
54 139 331
37 39 126
49 30 180
73 29 133
88 118 369
29 168 203
48 184 245
52 79 134
41 26 72
40 35 204
61 170 410
31 95 127
67 128 313
15 91 106
39 89 154
100 154 300
74 52 162
93 54 199
95 157 277
93 164 267
29 174 204
93 16 148
15 122 147
14 187 227
92 112 209
7 130 139
55 147 208
96 174 278
86 145 276
23 126 174
10 10 147
75 41 190
77 5 87
40 3 45
47 60 137
4 5 34
47 140 193
61 3 112
94 104 257
37 55 116
82 2 191
41 77 160
98 100 200
61 135 248
71 26 231
13 162 202
26 7 41
68 193 268
86 22 290
56 150 214
40 148 262
12 67 93
13 150 170
83 63 195
83 67 158
48 191 241
84 99 373
88 179 462
70 20 98
62 7 73
21 104 171
73 144 218
44 39 91
47 68 285
44 38 85
54 69 163
40 82 131
68 45 122
94 24 248
28 153 220
91 106 200
62 3 177
14 180 199
56 81 145
58 47 109
81 16 128
7 40 119
88 59 261
89 174 268
11 13 25
19 40 65
90 86 191
73 110 185
71 198 317
32 12 49
37 143 185
66 0 66
5 173 228
27 101 133
8 106 175
25 114 152
38 163 208
27 158 190
61 191 257
82 158 347
22 23 50
96 192 424
14 165 182
56 200 399
22 38 62
60 105 214
79 32 152
96 94 281
17 0 25
9 28 42
4 177 220
18 106 129
55 17 81
35 5 45
10 98 111
51 5 82
93 177 277
29 122 161
22 12 216
64 25 95
7 28 113
17 153 175
96 106 230
69 136 356
94 118 263
4 135 288
26 66 94
76 151 237
19 59 105
82 66 153
58 109 242
21 7 35
52 150 211
93 174 276
93 49 145
10 98 113
51 167 254
76 127 342
64 114 368
52 87 148
98 71 318
50 1 58
67 162 252
87 172 272
91 168 289
86 134 269
32 63 286
4 107 134
70 87 207
64 97 168
28 45 188
5 180 367
52 23 82
98 155 261
66 166 328
29 179 210
20 132 172
