730
8 179 187
44 113 157
35 79 158
65 170 240
55 90 174
65 167 233
9 139 154
50 141 198
28 58 132
4 86 133
6 146 162
35 67 104
35 73 201
23 102 128
35 179 221
56 136 347
8 174 355
63 76 149
12 173 185
99 96 205
87 117 210
57 74 137
17 184 211
95 14 117
67 89 161
40 64 123
97 51 213
92 167 287
44 189 237
44 93 172
16 36 56
18 84 152
81 138 229
67 143 235
61 169 239
69 111 185
12 116 144
78 48 316
91 84 185
42 121 168
10 41 226
14 101 122
54 35 219
72 45 176
33 81 124
97 79 186
52 100 160
90 181 297
55 80 140
48 160 218
4 90 103
50 70 120
1 105 129
65 12 130
35 141 206
43 77 140
61 93 160
20 129 185
61 177 244
86 163 438
28 128 170
78 44 125
86 95 186
50 78 188
67 128 222
47 22 99
96 154 251
67 31 104
84 101 234
40 163 203
44 84 138
5 176 190
60 103 191
22 109 162
68 1 192
63 29 125
64 178 333
61 61 131
8 78 241
76 164 249
11 139 189
16 192 228
99 106 213
92 182 275
67 15 91
56 55 120
65 2 224
19 165 194
3 2 49
46 178 263
2 191 193
18 46 246
88 20 134
21 165 381
57 188 249
38 123 161
90 123 327
26 21 128
97 95 213
17 141 179
58 112 268
51 191 286
66 37 144
56 151 279
52 103 157
26 51 127
36 148 195
68 148 224
63 29 199
81 32 159
45 119 172
50 199 255
44 38 130
86 42 227
46 39 85
92 150 268
57 179 273
60 169 233
9 38 64
78 58 268
46 26 193
93 23 191
4 113 148
22 20 51
95 3 252
69 81 154
42 69 114
13 148 169
82 95 307
4 118 174
83 120 208
55 70 135
58 81 165
30 50 236
75 154 251
98 92 236
10 175 359
54 116 268
29 189 228
78 67 153
94 193 309
54 74 293
45 63 110
16 5 37
90 120 213
11 8 25
46 146 198
18 2 169
71 7 85
16 118 141
10 135 147
68 151 219
25 194 239
16 38 247
67 76 177
46 71 122
30 138 356
89 163 294
53 86 148
13 197 228
99 59 195
96 95 202
2 104 116
64 135 213
18 72 225
85 41 281
31 146 226
3 186 215
77 154 369
46 155 217
36 132 192
77 31 153
8 164 176
38 33 76
33 73 286
74 192 392
17 156 196
15 196 218
98 36 242
92 138 257
11 139 153
81 86 168
80 7 148
5 15 32
75 57 137
76 127 240
8 196 215
89 25 121
68 179 256
33 110 176
82 17 143
26 59 89
86 80 185
44 35 85
14 67 90
56 4 70
1 143 251
73 66 158
99 23 282
16 65 84
86 85 278
98 81 187
23 52 112
87 145 367
11 114 144
52 162 247
31 35 175
62 36 148
32 140 174
9 58 77
34 150 217
73 150 235
96 187 290
42 147 198
79 74 161
29 147 178
71 157 234
95 46 169
7 47 158
98 40 225
67 66 250
6 84 92
10 124 142
14 85 143
29 185 259
92 157 252
44 121 171
68 16 129
68 159 251
43 15 59
42 42 191
87 93 198
61 17 84
46 80 151
22 133 182
62 14 84
60 85 148
23 196 231
76 36 149
81 135 231
4 153 240
47 97 148
64 91 161
22 103 133
29 156 222
68 60 138
87 86 324
100 22 133
26 176 202
15 172 209
85 142 259
77 187 280
91 50 148
85 182 269
99 110 265
59 136 195
58 18 81
70 177 250
72 97 228
96 198 344
100 5 154
65 74 147
1 14 134
43 180 281
31 72 144
28 149 183
16 64 86
65 142 224
6 139 193
66 71 138
75 48 125
24 32 58
59 195 258
10 171 358
92 101 200
54 38 92
29 127 295
3 55 82
43 169 214
38 167 209
91 74 170
89 120 219
63 115 197
25 47 248
14 11 28
15 129 174
51 55 108
15 179 195
13 59 109
75 147 272
3 10 18
71 139 346
10 81 108
71 35 114
57 18 113
61 2 67
60 47 117
22 188 216
67 172 240
58 148 215
33 168 253
28 178 340
72 81 169
51 150 311
44 85 130
85 62 180
95 39 164
96 102 307
37 139 195
72 185 302
72 195 272
100 164 417
89 20 117
74 166 244
38 133 172
53 92 180
70 40 140
17 148 171
45 198 254
41 176 221
5 113 124
1 48 119
12 68 211
55 180 242
14 167 241
18 76 105
69 25 100
18 175 390
95 196 292
15 114 146
80 113 330
71 40 115
99 184 284
44 194 242
64 66 140
97 17 147
15 146 162
38 65 107
32 27 174
23 167 380
46 82 195
78 85 298
25 129 168
57 104 203
44 193 238
41 52 95
19 130 347
62 136 205
28 18 216
85 110 342
99 1 118
60 141 206
100 187 289
93 160 299
99 177 310
8 84 133
32 71 104
13 101 132
90 19 151
97 140 286
36 171 237
78 102 220
50 30 129
3 63 243
21 114 240
48 161 399
12 49 97
98 34 170
87 107 232
77 53 132
26 91 133
37 14 78
52 55 110
25 101 135
30 169 353
13 28 50
34 178 220
39 96 173
59 89 169
80 84 166
94 18 121
5 144 171
95 115 243
54 19 211
65 84 177
59 151 225
15 130 240
28 186 214
12 151 200
10 60 239
32 8 237
76 121 205
2 14 126
17 180 362
91 73 166
55 17 89
84 35 129
16 61 81
7 156 168
58 101 164
46 193 241
43 114 162
16 42 85
62 90 152
30 2 34
95 170 279
89 42 166
43 169 260
53 24 83
87 93 189
57 133 193
88 7 107
30 4 62
14 171 373
72 127 206
97 186 291
32 67 290
58 8 73
44 46 94
49 29 145
26 181 230
56 159 226
80 179 290
97 43 146
10 166 177
65 12 271
36 106 176
90 14 254
27 71 117
59 120 347
81 191 278
47 41 128
35 82 165
1 108 258
38 120 356
29 35 64
47 0 51
99 131 271
52 145 259
80 9 123
64 161 235
3 2 133
80 114 219
17 64 252
30 195 306
93 112 402
34 97 181
9 33 61
51 109 164
71 116 187
81 2 176
24 38 79
68 112 213
83 54 159
82 193 275
47 81 252
79 42 254
14 14 28
38 69 111
36 55 174
67 121 198
17 75 101
5 44 68
63 113 344
49 119 211
92 87 343
38 116 161
2 174 225
49 110 298
64 152 244
49 109 166
55 132 237
68 2 83
35 174 251
79 90 210
79 51 154
92 54 155
74 61 185
57 14 104
98 53 178
65 192 280
96 119 218
68 17 90
65 143 218
32 13 54
70 115 190
74 158 273
92 180 293
32 101 136
39 180 317
54 56 120
86 160 349
71 95 173
97 47 145
95 52 155
43 164 208
9 94 103
71 56 130
48 11 80
58 101 187
34 12 241
25 44 84
76 16 94
11 118 134
86 109 244
33 37 74
54 156 217
8 43 52
39 92 252
19 79 100
33 36 128
63 167 240
4 161 256
40 79 136
64 99 182
57 1 95
84 41 318
8 150 166
11 152 172
14 199 328
11 191 302
48 44 101
77 136 260
70 42 177
61 183 255
55 54 240
64 72 232
85 133 223
66 52 119
66 54 161
23 147 204
12 145 164
92 129 381
74 195 276
15 170 303
67 173 282
60 153 225
53 196 252
82 194 298
28 63 117
60 110 175
50 91 322
8 185 366
34 50 167
55 78 138
52 11 67
56 127 210
37 23 65
3 163 359
81 38 151
83 4 176
23 5 61
87 121 213
91 153 295
43 84 135
34 130 165
90 26 120
35 14 181
88 97 203
55 124 277
78 43 131
3 108 149
59 172 280
65 20 277
55 11 66
27 48 78
30 195 261
89 131 228
66 108 175
66 172 243
14 134 194
85 28 261
6 42 248
75 90 173
24 163 291
62 161 252
65 36 106
31 123 156
66 52 164
28 7 206
76 125 204
32 67 275
66 38 105
55 159 220
66 90 156
99 106 298
97 149 253
21 154 176
5 142 150
2 29 32
63 47 306
38 152 255
15 198 384
10 95 105
34 42 119
33 170 210
38 109 152
58 172 238
76 13 95
38 92 156
8 3 165
38 184 229
12 124 170
94 137 374
59 140 388
17 147 179
26 16 52
23 29 57
24 80 123
3 71 119
29 142 181
15 163 181
48 15 72
4 37 132
42 100 178
20 178 241
47 2 66
74 164 428
70 112 192
77 100 179
84 166 272
48 88 335
6 35 193
48 182 260
11 103 119
95 192 315
2 154 166
80 41 124
30 94 126
53 71 161
44 86 319
38 67 267
2 184 188
76 70 153
69 8 265
24 129 155
33 160 203
17 198 223
24 119 238
61 163 229
72 43 299
92 136 240
49 132 357
62 22 131
69 199 273
99 68 186
78 108 211
95 74 217
86 91 180
41 134 189
45 49 266
97 57 299
17 47 77
50 95 150
24 168 196
99 192 313
11 67 127
26 91 228
93 134 230
29 18 231
84 29 116
15 37 159
57 52 109
95 196 327
12 58 76
60 188 340
43 164 276
37 185 225
50 51 104
9 166 180
37 64 103
100 8 113
2 103 107
43 191 238
54 0 218
78 133 375
85 121 211
2 119 186
62 58 158
26 137 165
31 160 226
54 61 157
45 172 224
44 98 142
34 135 175
39 96 142
75 116 235
92 121 248
88 80 172
85 144 252
99 127 227
97 60 164
4 94 277
76 60 137
83 24 292
12 153 168
62 123 189
5 94 140
9 23 43
55 25 120
85 75 161
96 177 277
18 49 71
74 76 150
20 48 69
30 200 354
26 41 77
28 97 158
39 152 234
56 45 105
77 98 309
29 109 153
46 36 216
1 42 52
31 155 220
88 156 258
3 0 120
77 134 387
71 13 153
4 113 126
68 53 123
54 40 98
34 160 240
45 182 235
100 155 293
99 158 299
42 194 436
84 78 273
46 151 206
90 167 295
