530
44 171 232
43 148 211
78 38 128
1 126 132
17 97 274
73 4 83
55 90 224
88 71 172
17 182 214
41 79 127
30 51 224
63 126 236
37 10 72
40 109 268
86 123 212
48 80 170
60 135 294
30 135 362
24 178 233
64 53 124
87 34 213
64 24 281
57 79 137
26 32 90
3 152 173
10 11 68
65 3 221
65 114 188
74 51 133
77 181 259
4 160 320
96 96 320
52 134 194
94 153 340
4 30 83
16 183 217
81 149 234
42 81 138
37 54 246
13 180 197
24 53 149
89 16 115
75 190 291
68 178 253
14 60 131
10 102 303
24 70 284
13 152 167
29 198 272
48 173 222
25 170 199
78 174 321
31 143 177
22 106 132
54 162 363
67 127 201
78 144 238
58 134 240
10 180 207
65 140 230
21 163 222
3 112 150
8 24 77
99 162 413
34 143 223
7 95 106
51 45 239
74 31 106
95 89 186
17 96 225
59 38 114
33 45 127
5 128 166
52 50 248
87 133 223
2 103 105
99 114 217
60 100 260
74 96 224
2 118 163
97 171 274
49 178 277
61 84 187
25 168 198
94 131 371
31 152 221
23 11 97
24 0 202
26 10 61
69 46 124
19 18 72
57 102 171
45 27 82
65 53 225
46 12 68
79 23 103
61 196 262
68 34 257
22 134 202
55 64 124
63 93 182
58 50 263
35 45 138
45 68 139
95 193 330
68 32 109
87 112 239
31 12 53
38 184 223
40 164 206
77 50 162
25 113 145
18 40 101
25 55 215
80 116 248
23 158 188
95 20 261
18 75 219
53 8 232
10 2 48
51 58 156
32 126 281
35 84 215
84 116 232
47 80 133
45 197 384
84 198 391
11 110 124
41 113 163
19 168 192
57 35 140
32 84 118
22 32 64
28 87 119
11 118 329
42 57 105
70 83 276
54 154 239
43 115 163
38 70 155
97 173 443
40 106 187
74 0 182
85 159 381
29 106 139
53 147 201
16 72 95
87 55 149
2 109 113
84 58 186
95 103 270
16 31 167
54 0 158
95 175 275
33 171 313
49 108 261
16 121 334
65 112 195
97 8 120
41 67 112
96 25 162
94 158 286
90 192 291
81 161 341
64 3 73
35 2 41
36 77 295
62 102 296
5 178 191
100 75 183
86 48 138
6 56 65
55 184 268
70 39 231
26 96 122
48 94 147
72 22 142
1 1 9
9 117 191
23 42 74
54 121 184
50 71 125
11 189 250
51 38 147
21 142 165
24 60 101
80 159 239
5 30 129
6 71 83
22 142 184
41 134 213
43 183 307
86 179 296
6 84 100
85 156 309
59 169 376
15 175 389
39 124 164
17 36 65
24 184 305
45 152 215
19 30 65
60 102 179
42 71 147
7 193 209
7 22 158
60 86 307
25 106 264
44 52 101
97 68 167
2 20 66
83 161 321
69 91 160
54 62 159
17 172 195
56 24 105
69 118 192
4 94 144
49 196 280
55 48 107
13 191 328
65 123 254
4 28 35
57 17 81
8 0 43
44 199 283
16 130 180
95 116 217
88 60 220
74 179 253
92 34 132
56 198 356
18 123 189
97 105 202
80 57 141
100 10 254
95 184 339
69 103 201
83 128 264
17 46 66
2 135 145
62 118 213
57 127 250
33 181 298
7 82 90
2 93 121
17 54 88
44 120 338
87 117 210
32 14 60
67 128 202
12 20 39
8 1 175
63 119 190
75 132 209
99 130 247
11 1 22
63 7 78
97 32 134
13 12 151
75 26 107
48 121 172
80 154 274
56 108 353
45 101 171
76 61 137
88 78 213
43 152 196
24 174 203
48 136 379
13 140 287
24 70 257
53 69 274
12 132 152
31 182 216
59 89 256
21 89 110
38 188 251
59 25 107
4 142 256
76 135 215
55 180 235
77 10 101
81 170 426
77 161 238
19 79 124
91 78 172
97 66 171
69 64 143
37 99 181
64 9 77
87 149 340
84 23 111
25 26 122
18 123 184
40 72 123
29 168 197
21 43 70
63 23 86
83 12 112
97 105 202
80 185 278
35 142 307
23 162 198
68 190 283
15 122 168
33 66 103
13 10 28
100 140 426
17 14 51
89 146 309
80 147 264
83 75 176
35 155 195
31 146 184
12 130 164
4 191 244
23 96 136
88 174 302
57 177 278
90 99 193
92 95 208
29 19 106
78 65 183
93 76 261
83 49 167
11 158 178
34 118 152
100 96 240
98 91 240
3 64 69
16 84 115
86 115 249
56 40 236
22 126 156
68 76 146
40 158 248
70 85 168
60 42 123
99 98 220
36 118 159
6 103 290
37 196 361
93 68 165
27 50 127
10 85 136
8 24 176
43 86 151
4 84 129
93 39 140
44 50 215
55 61 271
31 41 111
34 16 59
59 67 234
29 124 156
96 32 222
86 60 191
29 2 190
81 79 231
43 19 112
27 97 168
20 74 97
56 159 221
91 148 267
73 139 246
35 1 124
83 57 230
7 96 148
58 29 91
6 68 227
27 11 40
34 115 175
29 83 230
7 83 90
3 16 75
79 100 248
78 119 377
82 66 154
49 7 65
90 137 235
8 5 15
74 46 128
59 157 366
87 79 206
55 81 137
2 143 181
35 88 132
92 54 147
100 135 236
90 195 439
22 132 166
74 132 368
14 196 353
84 56 262
63 136 203
18 129 159
12 21 117
64 196 308
26 169 240
80 165 275
20 172 212
76 93 178
71 114 191
42 112 161
67 185 380
6 54 73
84 111 197
81 82 203
89 106 344
23 70 102
83 100 382
29 70 242
33 91 131
3 173 206
18 58 225
18 170 193
8 104 122
34 175 372
15 106 122
86 176 281
87 57 183
45 24 115
15 163 185
83 8 178
35 20 192
79 56 140
98 68 180
8 118 126
34 200 240
54 100 199
55 44 106
55 142 202
11 176 222
25 62 90
72 197 276
23 159 345
6 45 100
92 198 309
42 173 225
27 132 198
44 23 95
51 115 172
66 158 240
74 100 228
60 66 314
56 6 108
41 154 338
28 155 290
63 76 162
12 45 197
99 41 147
51 194 268
56 0 78
89 113 243
93 169 269
70 180 257
19 35 63
46 47 164
27 68 105
84 172 262
49 44 96
46 184 240
24 186 317
62 143 205
24 19 79
47 81 143
70 50 121
46 91 139
83 186 329
38 48 103
44 133 196
72 45 124
65 147 222
82 46 292
76 133 214
25 33 66
6 99 231
12 78 100
21 164 201
100 51 269
35 95 310
9 104 118
17 4 152
89 153 244
23 13 39
71 159 343
50 47 124
51 29 195
91 99 315
80 15 252
20 38 67
87 155 249
40 99 213
14 34 58
5 101 123
63 156 331
99 51 163
47 168 229
27 74 127
21 186 217
61 86 151
40 134 210
4 121 125
11 47 85
6 117 130
37 107 152
75 148 244
97 180 283
29 15 59
44 28 79
76 114 210
10 85 294
19 149 169
12 5 65
67 45 158
4 127 134
2 42 49
36 185 259
92 125 261
7 16 23
63 6 69
76 60 145
80 54 134
36 44 166
21 27 62
72 70 143
75 84 304
43 96 153
18 50 70
