170
56 103 160
9 146 199
37 175 227
27 175 281
60 161 297
16 144 190
84 183 293
92 109 244
29 102 178
19 58 205
95 53 156
51 63 132
66 18 87
2 163 192
1 182 185
42 98 337
74 69 239
19 141 183
62 15 98
99 26 214
97 30 283
61 126 214
83 50 141
16 31 51
51 193 261
16 107 169
96 60 225
88 172 267
97 158 256
38 189 228
94 28 126
77 147 249
64 51 153
13 76 136
100 91 200
14 10 46
36 138 228
27 180 381
34 12 94
11 65 81
11 181 200
100 113 226
57 143 210
74 103 355
13 152 203
96 181 321
65 10 211
87 50 138
71 65 205
18 185 230
29 68 147
55 171 271
66 41 300
39 76 124
44 111 155
47 162 211
88 195 290
70 123 201
63 166 243
22 29 98
19 153 238
76 171 384
77 181 264
40 3 169
33 140 299
54 197 292
25 133 242
26 153 189
39 181 397
52 99 223
33 85 231
92 91 221
2 18 65
57 40 109
40 144 191
10 134 191
62 27 96
100 26 193
71 136 213
16 17 91
36 56 95
85 141 272
48 171 249
50 63 121
15 66 86
11 127 200
83 83 184
83 147 316
59 48 109
30 6 217
74 6 85
100 130 275
52 179 280
47 108 265
49 127 212
30 186 216
47 128 175
56 114 206
92 59 220
17 21 183
54 137 193
29 177 231
53 101 219
54 96 177
11 48 77
82 200 325
63 152 225
49 135 199
34 144 210
83 12 129
14 78 92
7 46 74
92 181 276
41 81 154
92 136 236
6 80 119
67 134 209
98 148 255
27 98 242
79 76 224
98 125 226
27 105 132
73 146 258
12 23 84
71 128 236
33 14 54
74 28 141
84 62 183
77 62 196
66 94 163
45 86 161
20 93 149
49 39 92
65 150 251
88 49 168
69 21 223
10 94 143
17 154 178
84 7 105
66 108 184
10 17 30
61 12 134
16 182 374
28 15 49
18 154 174
83 35 159
34 33 101
96 181 327
41 42 93
99 136 243
97 59 354
67 30 99
41 145 196
2 97 101
55 171 230
33 74 152
35 74 117
71 181 258
59 99 189
38 187 227
23 149 309
96 104 207
53 38 220
89 30 139
11 1 51
95 194 312
48 5 84
38 57 232
29 113 152
50 72 282
