320
48 65 190
7 125 141
38 137 180
14 153 194
93 84 182
16 187 204
17 130 186
36 12 56
19 124 151
26 29 70
86 166 438
77 53 204
96 79 210
27 118 187
47 7 63
11 194 208
16 13 37
56 2 62
80 113 353
1 21 25
9 44 64
82 9 154
27 131 167
35 80 125
43 94 308
36 118 199
30 103 240
56 177 238
59 159 225
1 196 210
55 57 155
81 172 290
92 69 194
10 148 160
62 87 198
90 143 245
96 67 167
98 27 262
77 154 252
80 96 177
2 110 116
44 92 142
48 198 254
56 192 402
47 148 288
25 183 226
23 75 203
48 69 124
46 17 102
62 31 108
96 193 320
68 137 213
91 19 215
47 194 290
12 12 40
69 85 203
49 28 82
18 198 224
19 108 137
18 31 51
61 141 208
50 159 352
90 41 234
23 124 218
98 18 126
43 3 73
89 36 249
32 90 125
60 125 282
91 42 220
84 18 147
6 20 36
44 105 162
90 69 174
70 198 276
27 167 198
50 155 215
2 104 122
70 7 81
78 152 230
89 18 107
15 2 22
37 55 93
62 116 180
89 143 239
17 184 337
85 74 169
59 43 283
62 111 321
16 124 148
88 21 144
58 48 114
41 181 269
82 154 435
35 138 365
20 164 219
34 0 45
87 194 287
93 38 287
71 104 178
58 14 73
73 183 283
46 164 244
23 111 154
66 45 221
97 38 157
24 188 239
87 93 219
29 112 258
67 19 125
77 148 347
84 111 195
18 24 42
76 73 338
26 40 71
50 120 215
97 29 134
69 41 292
14 174 236
22 21 58
5 164 333
99 71 358
37 182 251
4 52 85
21 132 160
33 65 246
54 101 207
32 64 96
64 11 147
83 6 124
19 178 270
18 125 191
6 199 220
39 39 95
49 176 228
46 190 243
80 125 223
13 111 126
34 44 83
15 135 157
9 42 52
68 172 297
14 0 27
95 129 228
83 148 292
43 77 124
1 195 203
9 179 236
53 131 224
63 60 149
5 169 219
64 157 223
88 154 246
91 118 303
5 174 196
12 71 83
100 142 351
67 53 127
60 167 237
68 92 206
71 79 154
40 67 195
1 131 224
23 49 75
70 144 250
77 50 136
61 131 279
42 89 315
32 30 71
98 151 395
61 57 120
57 102 168
16 8 70
10 143 332
70 161 231
20 73 96
84 58 168
49 186 324
77 10 123
49 84 206
87 158 249
97 7 106
88 185 345
3 54 62
96 43 226
49 87 146
30 106 170
84 1 197
50 103 156
4 28 77
15 147 171
2 186 195
78 77 161
65 121 266
43 108 218
35 101 136
83 58 214
80 192 275
76 75 234
26 122 241
83 11 104
11 97 212
97 70 202
56 103 164
80 76 198
99 97 305
87 28 134
58 168 227
64 92 244
12 101 118
58 79 323
34 136 179
36 38 155
12 148 162
52 62 162
11 16 31
6 59 236
13 193 238
94 76 192
77 114 351
11 77 245
100 144 253
57 1 85
22 152 185
44 88 247
61 0 95
50 38 95
91 80 213
97 193 336
41 111 169
27 42 73
29 19 55
82 8 129
3 38 45
21 29 164
28 48 76
26 147 361
100 181 329
92 104 200
19 105 130
75 65 146
48 140 236
92 115 249
33 158 197
38 57 110
63 19 84
25 26 86
70 114 191
59 12 73
69 126 241
94 105 346
56 84 270
30 151 181
53 75 137
3 46 217
39 138 179
44 3 64
46 168 372
61 0 99
26 83 115
26 25 97
42 100 143
97 195 340
90 65 233
43 134 227
28 44 101
67 4 193
91 178 275
1 30 32
35 9 72
59 16 83
4 89 109
53 13 260
64 22 188
46 108 197
4 147 160
21 171 224
35 186 259
8 126 157
50 52 112
62 194 319
52 132 193
83 91 222
19 103 122
18 182 208
5 60 180
5 17 29
34 96 137
96 7 294
81 197 282
29 64 96
45 142 240
30 65 100
33 76 111
35 120 311
87 87 175
99 69 333
9 138 338
56 156 215
71 101 204
42 53 121
68 185 256
45 103 335
66 163 233
74 145 219
56 11 161
65 41 116
39 57 199
85 160 249
22 126 149
39 65 115
69 185 258
46 50 139
87 152 240
74 4 103
44 157 296
33 107 172
37 81 118
97 44 149
62 53 119
