850
11 73 134
47 186 327
62 47 143
61 198 294
40 132 215
93 124 397
15 135 199
58 132 204
43 13 241
13 199 386
8 45 73
82 195 283
46 17 67
33 125 158
40 104 150
42 93 139
18 25 143
95 105 221
74 193 275
79 148 227
10 167 213
33 10 45
41 33 83
23 27 73
21 29 63
73 199 376
38 22 106
53 78 134
24 14 87
20 149 353
13 188 225
41 32 103
79 76 183
39 18 74
6 107 179
6 102 113
98 159 262
62 191 259
38 173 250
43 25 77
68 40 117
31 53 233
86 27 120
39 40 93
29 122 160
63 10 74
95 2 199
51 65 122
25 152 195
62 65 144
85 134 336
28 1 39
15 95 296
34 195 330
79 112 244
53 4 87
81 147 254
71 107 183
75 1 102
80 18 105
100 85 213
7 175 194
83 139 246
83 189 398
92 125 223
98 47 150
93 29 124
25 47 81
53 170 223
72 41 175
1 43 81
97 83 189
39 0 48
6 84 95
54 148 225
81 141 251
2 172 204
34 91 151
92 84 282
95 190 296
29 148 187
17 142 160
41 3 117
18 67 190
16 177 197
6 95 143
22 17 40
50 118 218
58 105 168
33 164 206
69 155 368
19 185 224
2 110 136
56 188 244
57 173 279
43 12 59
17 85 298
45 80 160
96 138 253
14 100 275
34 150 207
62 103 190
54 67 121
98 199 298
51 116 177
72 31 143
19 102 129
24 132 158
69 51 134
38 6 51
50 144 384
79 68 182
77 65 273
58 126 184
20 16 45
68 2 120
26 65 174
78 39 158
99 119 220
60 55 127
68 126 204
34 101 227
75 163 282
49 72 283
92 167 352
1 144 149
86 157 243
27 198 232
41 105 153
23 128 259
100 104 208
25 162 232
70 173 270
66 79 283
64 26 281
41 1 231
52 177 239
38 82 147
36 10 227
84 134 274
65 4 227
86 93 218
98 11 118
3 193 199
77 34 121
14 53 68
90 183 418
8 74 89
54 49 116
90 158 322
99 5 155
71 4 85
83 200 283
71 45 234
39 17 190
37 194 238
25 37 64
29 136 175
76 81 221
60 60 125
64 101 207
94 136 238
70 68 296
39 35 82
100 60 299
53 59 114
85 125 228
93 91 190
5 53 75
29 112 151
22 85 134
56 136 201
57 167 332
100 34 166
41 178 232
84 111 199
77 100 193
39 42 91
73 133 242
18 66 102
91 178 270
68 193 266
92 111 206
75 65 236
6 89 119
10 197 212
94 158 436
20 70 215
47 105 160
90 53 149
13 151 315
13 119 138
65 133 267
15 99 151
77 109 306
9 4 34
85 76 170
91 71 174
27 111 151
53 89 317
4 0 21
42 59 115
34 165 370
50 63 127
16 54 179
44 153 199
36 199 278
74 93 228
96 86 190
23 145 177
96 90 227
2 170 212
34 108 143
93 146 417
72 106 195
99 3 182
99 198 300
89 18 129
18 23 52
36 65 101
53 76 302
45 157 248
99 71 212
8 66 75
94 158 255
6 116 281
15 176 251
71 44 119
41 5 58
40 27 90
50 155 207
93 100 203
80 128 262
70 59 197
68 25 101
41 68 150
35 90 135
66 45 267
90 63 158
64 81 151
5 169 260
38 140 208
69 197 267
69 35 123
37 189 341
61 130 310
62 32 100
58 137 207
91 52 151
53 104 163
57 24 239
92 170 301
12 82 130
42 77 125
57 119 358
55 150 211
57 148 206
47 143 208
31 162 246
16 39 67
73 89 162
39 111 175
14 130 166
50 97 156
30 187 218
44 5 148
63 169 259
99 104 399
48 74 122
6 169 180
98 151 262
70 42 150
94 179 376
70 105 207
78 157 237
29 58 188
39 30 69
88 37 125
35 59 113
89 124 259
79 12 91
89 106 245
71 42 114
31 136 174
71 21 174
13 98 117
80 13 125
99 144 253
50 18 77
37 31 221
19 59 78
37 16 116
2 144 164
45 3 76
49 13 67
79 95 215
43 165 212
78 80 159
26 133 198
53 34 116
79 1 201
75 171 305
91 23 117
26 63 100
9 28 163
20 144 171
88 180 320
50 82 141
66 73 146
90 72 183
10 27 77
63 98 219
37 7 54
60 57 143
40 168 212
4 124 135
8 78 157
14 173 265
39 125 166
66 66 175
98 94 194
47 148 235
78 35 150
2 146 148
42 160 375
10 92 191
96 142 238
87 175 390
57 54 147
11 147 159
1 19 52
33 172 240
19 84 274
65 187 263
20 13 40
57 78 137
26 79 125
76 36 120
21 2 25
53 179 246
48 1 51
14 161 266
88 156 378
1 156 167
48 134 268
85 84 346
79 176 256
41 198 245
20 16 58
87 194 296
67 9 130
21 69 91
44 73 119
10 94 108
64 188 272
95 170 269
50 104 161
84 175 259
84 155 247
62 21 125
69 65 140
12 137 150
86 27 130
41 168 238
22 74 117
35 117 160
71 19 286
78 45 133
99 179 289
88 55 172
50 110 338
41 69 119
5 30 147
63 139 251
58 169 258
39 93 139
21 162 242
41 139 181
9 136 152
17 26 54
43 11 56
92 166 304
95 114 335
95 8 189
80 137 401
21 109 234
7 60 76
77 180 261
74 73 191
89 57 147
13 193 218
25 103 130
54 171 226
28 132 356
93 157 253
35 196 278
89 179 274
42 36 88
72 172 376
68 39 284
61 170 235
27 125 158
81 105 233
77 177 293
41 188 237
10 65 79
70 165 407
93 146 242
49 95 149
46 46 172
11 165 258
46 59 119
82 69 151
78 189 275
62 99 229
91 102 298
27 50 87
12 139 324
36 177 219
63 180 248
9 31 81
12 61 112
5 59 150
10 77 89
87 173 278
11 91 103
66 131 205
71 179 250
34 165 218
20 186 312
49 18 130
59 118 181
25 84 141
43 155 199
15 20 40
65 175 434
71 122 203
76 127 215
45 167 257
70 115 270
44 130 183
29 115 149
79 119 202
20 114 136
82 179 261
32 172 208
51 134 347
74 146 227
40 33 272
3 75 84
14 52 76
44 134 188
27 10 46
31 115 238
66 176 245
24 40 68
40 39 93
40 125 185
59 171 244
68 30 100
71 86 191
30 77 177
97 142 281
43 159 203
83 170 260
20 123 185
96 124 225
16 98 123
60 126 242
46 118 191
61 27 88
35 124 281
33 43 85
2 4 9
46 89 160
72 103 175
64 46 113
81 54 140
97 123 228
44 165 359
64 84 245
46 154 208
26 19 65
16 20 43
15 167 211
11 65 111
72 132 223
54 44 99
88 84 220
63 149 244
79 178 440
47 194 241
64 8 76
68 199 275
20 173 267
16 163 297
89 126 325
8 48 82
70 138 240
90 163 255
4 119 158
55 39 106
29 109 145
34 106 140
9 63 74
96 95 226
11 8 35
76 192 288
61 129 197
48 142 248
54 37 100
10 109 126
98 113 213
85 85 176
62 87 158
100 138 243
94 140 238
78 101 188
46 5 57
100 33 142
17 111 133
57 137 334
54 146 205
45 27 82
1 64 174
84 91 176
71 104 177
49 104 197
38 97 176
83 102 360
95 163 264
22 141 360
76 26 145
9 35 47
49 47 146
3 14 174
53 164 233
53 67 129
38 171 389
12 60 104
21 124 152
2 94 190
48 186 270
6 195 201
62 173 283
89 85 179
94 30 160
21 150 171
47 113 162
83 108 196
72 30 102
71 148 227
77 110 215
54 157 238
75 124 367
12 133 200
99 199 318
50 162 379
8 35 44
21 42 89
22 93 127
8 91 104
97 96 198
94 199 386
71 193 293
43 95 141
18 186 207
30 134 206
50 191 353
3 142 179
100 47 157
92 87 180
5 147 158
59 118 236
24 103 136
71 158 251
60 27 168
93 168 456
8 9 26
74 104 200
15 89 109
68 136 240
90 180 273
47 150 202
39 193 242
62 123 323
45 109 196
53 12 74
78 194 322
76 151 256
59 75 257
13 143 157
25 33 85
32 83 175
46 193 404
33 23 190
89 63 167
46 191 291
64 12 81
79 37 116
48 32 132
23 40 229
6 35 46
2 20 72
79 151 232
55 39 99
68 182 254
36 119 184
16 75 251
81 170 285
22 181 212
5 159 169
85 5 127
53 75 165
48 58 112
65 89 190
18 187 205
69 86 311
59 38 193
93 113 213
19 59 88
97 197 304
52 176 241
49 159 346
60 24 90
19 110 179
69 13 129
10 74 89
36 92 134
12 120 135
97 62 242
12 164 177
50 95 163
42 173 219
53 90 152
36 83 153
94 13 141
16 148 165
7 145 161
91 45 138
90 35 228
76 113 199
50 5 168
28 59 252
56 50 120
73 147 226
28 153 264
44 194 246
20 164 184
3 106 182
52 197 265
89 166 260
38 164 362
24 136 181
78 128 333
8 74 124
76 41 133
89 172 269
11 128 189
1 24 33
68 8 84
59 147 214
24 127 164
75 40 160
9 114 245
46 95 336
79 140 238
74 189 263
3 184 235
11 67 78
80 98 183
45 158 326
26 115 153
51 113 172
21 127 261
11 1 27
92 155 251
91 178 302
54 161 237
91 7 109
78 22 143
37 33 102
77 49 134
54 43 108
64 70 300
20 169 223
37 93 134
56 11 222
94 145 275
86 167 261
33 190 224
11 122 288
21 151 258
100 161 322
48 112 168
67 117 193
12 176 302
36 90 129
20 182 228
7 79 194
46 91 145
93 150 264
8 118 132
25 4 33
80 63 179
96 169 275
49 37 201
11 193 301
7 117 124
94 155 257
96 137 253
90 185 313
57 27 125
7 72 85
65 182 252
93 167 300
27 103 140
24 190 240
21 32 67
26 163 193
22 137 159
68 68 260
56 121 191
40 85 196
24 38 150
85 74 184
58 165 233
60 195 262
61 179 279
24 9 41
27 121 156
18 25 67
97 47 151
56 31 180
96 87 201
28 32 193
73 187 422
88 1 136
66 124 220
55 164 227
24 149 254
61 130 193
46 142 191
23 107 136
60 175 244
30 134 171
19 199 247
31 39 77
94 121 217
94 197 319
54 173 291
7 54 62
2 90 116
49 73 130
4 5 9
77 124 211
59 180 242
26 58 89
100 114 260
81 83 320
48 120 273
36 35 170
82 180 266
16 83 113
87 152 244
84 30 119
39 28 70
67 132 249
67 23 150
74 61 160
96 4 108
85 199 359
65 25 129
78 34 155
71 151 261
89 58 174
55 69 201
88 124 217
73 69 150
25 39 113
39 114 161
65 156 231
46 13 62
61 158 235
56 191 372
98 42 147
9 139 271
63 87 160
56 182 243
4 96 125
69 166 274
39 138 195
46 14 68
59 111 319
16 106 129
49 153 320
90 2 283
12 125 140
76 139 338
68 108 185
9 165 181
48 21 117
74 9 255
100 147 248
61 112 181
85 185 275
45 117 184
56 134 380
75 155 323
66 146 263
35 87 123
70 20 100
49 185 238
47 24 87
40 39 156
55 108 170
83 179 272
88 157 247
99 113 221
68 130 267
1 122 133
63 174 246
22 183 366
52 10 86
77 3 97
31 170 211
48 100 168
97 17 121
7 30 179
71 19 98
30 7 44
57 56 116
17 157 175
37 185 241
58 25 103
94 114 216
5 153 166
14 81 140
90 171 263
13 178 227
47 4 88
72 166 281
67 128 209
57 6 116
23 110 151
99 173 364
19 181 209
90 54 153
30 124 183
12 112 160
