910
87 29 127
48 189 382
50 131 215
82 9 96
11 144 161
19 147 197
92 41 143
74 124 243
99 25 172
36 114 156
48 9 64
76 55 267
28 136 173
8 176 223
99 66 181
85 117 203
41 59 103
22 181 276
46 197 443
29 2 42
59 55 287
56 10 71
80 175 380
6 163 175
19 194 217
75 63 222
69 178 298
58 159 217
20 2 118
69 72 221
58 81 152
52 150 214
21 149 313
25 131 166
79 94 190
77 51 134
70 87 161
14 82 257
80 25 106
5 12 35
26 21 179
7 194 342
90 76 214
4 115 132
45 130 331
33 192 235
60 66 136
37 44 96
88 38 135
65 156 235
41 131 203
66 124 279
68 190 285
45 5 50
81 39 146
28 121 186
49 100 195
100 8 119
94 23 254
13 161 322
54 151 356
18 41 68
38 36 75
30 176 206
63 95 206
71 76 152
10 85 122
7 189 205
93 89 264
16 148 210
97 172 286
46 51 97
74 73 187
83 167 258
40 194 258
89 7 135
25 40 86
45 47 137
9 141 195
13 7 24
95 126 391
46 191 246
21 186 238
14 191 299
4 148 157
32 174 403
77 194 277
40 35 85
78 17 123
13 4 19
13 41 81
94 12 129
76 157 266
99 102 203
64 19 84
48 127 361
90 103 200
43 120 164
13 50 144
27 129 199
90 76 212
46 94 143
97 117 215
67 181 289
95 91 196
46 183 230
31 151 189
2 64 76
92 34 240
69 9 264
12 99 116
92 193 289
55 159 221
90 104 202
99 16 215
81 1 102
42 49 124
37 196 245
61 91 153
62 87 174
14 60 225
43 126 174
54 43 186
31 185 357
81 25 132
88 141 231
67 76 145
34 58 93
5 120 130
85 156 248
33 197 230
98 145 248
70 196 315
28 109 295
4 8 23
19 116 280
88 171 370
100 190 296
50 186 246
53 69 159
47 68 115
29 39 248
28 98 136
60 57 154
24 65 105
9 136 210
78 159 240
5 156 194
73 25 99
14 164 185
77 120 197
92 29 318
8 57 65
90 44 153
49 133 263
7 156 363
48 1 51
10 35 87
39 194 242
3 48 92
26 117 342
25 18 68
99 37 142
47 156 321
35 42 118
92 86 227
39 139 237
82 169 255
4 193 201
86 48 134
81 189 275
12 110 188
45 99 192
19 68 93
79 133 247
70 147 222
21 156 269
70 2 124
66 166 344
93 89 200
32 169 220
40 153 200
41 177 224
31 169 359
52 45 209
22 193 344
74 112 309
31 44 114
85 106 216
85 27 121
75 134 380
79 85 181
33 117 200
95 62 282
7 75 240
59 41 286
33 5 73
38 135 188
40 200 240
55 2 96
26 188 297
54 124 182
93 79 173
68 170 242
15 85 129
20 24 89
62 118 312
91 99 194
8 152 165
10 123 144
91 3 139
90 64 167
6 45 58
11 134 152
40 66 152
61 80 328
60 29 92
20 180 217
11 42 54
29 100 321
97 41 168
3 135 143
15 170 357
12 154 173
72 106 212
84 174 266
100 59 163
40 141 306
14 112 164
33 161 254
15 97 120
5 45 60
39 48 93
58 198 299
15 168 192
69 45 118
20 44 204
3 106 154
17 163 201
13 93 143
50 123 215
92 19 135
50 64 114
54 68 173
77 17 103
11 65 81
74 111 196
15 23 62
94 75 182
57 73 291
8 103 112
84 48 157
12 7 25
90 120 221
19 172 197
77 8 89
59 14 101
3 82 85
92 159 313
12 180 193
27 65 102
100 115 265
50 120 173
90 70 169
9 181 193
24 75 107
87 86 198
20 104 149
50 86 172
46 28 81
87 92 218
81 25 119
40 136 333
59 57 262
80 186 267
43 144 197
100 67 291
52 55 109
19 110 132
15 5 26
41 48 229
70 136 389
1 140 168
27 118 246
3 98 198
79 31 111
39 134 181
72 64 137
44 179 268
79 12 102
77 87 293
56 136 193
84 192 463
49 7 56
70 151 246
3 134 150
14 86 250
70 9 82
58 178 237
67 194 368
65 187 264
42 180 227
13 164 185
48 88 169
6 188 200
88 50 172
30 191 226
63 20 92
73 117 207
32 20 97
47 53 130
2 161 197
23 63 136
71 23 97
23 178 307
93 189 290
28 63 95
53 119 280
56 181 277
57 95 190
82 52 142
61 159 404
73 128 316
74 57 138
41 200 242
100 121 230
7 12 136
93 114 374
30 118 158
15 2 19
15 196 216
20 156 182
70 184 297
60 95 201
68 167 282
47 15 90
25 163 234
22 66 205
46 126 174
31 42 96
47 185 272
46 6 60
13 108 129
99 105 341
9 60 119
59 107 167
75 188 264
29 11 212
6 178 196
53 108 167
80 124 353
38 151 199
79 117 335
81 3 86
32 112 154
95 144 244
87 116 232
30 91 127
54 72 155
18 132 150
11 169 293
94 172 301
61 54 154
30 178 235
13 52 68
15 199 222
52 33 86
40 186 230
78 0 126
36 187 240
26 49 173
58 67 160
92 103 360
51 150 343
54 110 197
35 62 107
59 38 142
55 48 180
76 100 191
53 77 307
97 173 442
36 47 254
6 167 179
53 94 155
40 34 79
5 115 151
35 192 409
59 102 169
94 125 419
83 51 142
46 153 225
84 81 196
86 31 281
90 13 185
10 199 221
75 120 207
21 101 156
6 0 136
37 86 132
82 39 150
58 147 252
20 109 135
69 34 109
73 183 257
10 138 292
10 165 282
26 152 186
18 100 156
26 119 188
10 161 228
6 60 204
44 75 165
17 135 180
47 89 156
35 111 237
24 99 141
25 118 152
8 31 229
29 188 222
61 34 163
27 180 217
1 129 168
51 39 93
85 193 279
29 152 222
69 38 274
62 183 258
34 65 178
29 51 89
26 113 140
29 108 281
54 194 248
27 74 204
12 112 184
28 89 126
24 131 266
2 131 135
89 126 215
60 118 183
64 54 124
63 70 133
45 90 199
24 13 37
47 173 382
98 30 170
13 183 210
57 87 173
98 38 302
6 26 41
48 152 224
87 89 193
86 169 359
62 31 102
7 147 164
97 71 218
51 178 230
3 148 155
58 195 268
95 185 416
4 10 20
63 52 158
88 117 293
96 161 258
66 138 216
43 94 176
26 27 166
41 122 168
90 190 433
1 100 106
14 120 139
60 193 262
98 105 348
63 46 112
14 158 177
77 120 233
4 70 224
36 134 192
87 148 250
80 129 215
86 22 110
98 34 142
76 35 156
50 137 189
38 39 108
39 107 315
42 135 327
95 92 210
43 134 337
59 127 370
16 16 39
66 64 263
91 196 462
76 196 282
67 75 151
24 130 168
15 170 191
24 19 88
3 10 102
43 173 259
23 180 210
87 112 202
96 53 151
49 15 112
54 87 148
35 49 198
27 26 209
11 24 157
26 50 255
61 179 240
93 132 400
68 144 379
63 87 156
39 176 219
42 145 188
83 157 245
53 37 129
53 82 137
31 13 206
25 173 211
34 50 107
40 141 204
13 115 192
54 1 249
64 96 163
2 100 106
44 23 75
65 191 260
47 99 156
63 177 336
61 163 231
22 196 250
98 60 164
86 171 418
34 40 112
49 159 240
41 120 334
61 95 172
59 170 251
53 113 318
98 151 262
6 172 212
18 180 246
56 90 156
69 25 203
9 10 27
70 181 331
20 46 240
53 38 94
4 163 235
72 69 151
13 112 130
57 92 272
30 154 185
29 47 119
94 96 199
78 22 115
65 66 169
47 56 145
29 70 129
26 65 95
26 85 230
58 140 206
62 54 118
85 5 136
64 45 150
4 17 26
48 165 214
39 20 91
38 128 364
78 170 295
79 114 243
3 118 241
94 188 471
26 106 179
40 28 93
78 97 344
60 167 256
69 177 383
36 94 230
30 162 193
99 156 284
42 93 136
70 44 198
9 41 147
73 38 120
25 47 76
52 177 233
43 135 217
99 83 223
60 151 237
62 159 228
66 132 394
20 14 95
44 129 180
79 128 387
16 45 67
68 49 314
95 21 192
71 10 89
94 104 211
70 141 215
50 145 227
75 26 200
95 39 149
5 5 40
76 141 221
16 3 66
46 180 238
57 78 136
64 57 122
73 74 157
90 188 363
53 78 162
95 85 190
7 146 161
13 193 211
72 123 270
39 92 243
32 34 87
14 165 202
37 142 181
73 187 260
83 67 199
65 143 309
79 197 280
85 17 116
58 94 159
57 155 285
40 157 204
67 44 238
11 128 145
34 31 198
71 111 218
3 91 275
55 5 66
13 81 95
51 100 194
64 167 301
17 161 187
73 150 225
20 9 37
94 4 236
32 154 195
70 199 305
99 42 155
13 26 48
81 143 393
5 71 95
57 147 211
43 140 193
57 58 120
64 113 221
21 119 296
62 45 107
52 27 109
95 90 342
29 83 141
33 0 34
49 133 368
14 45 72
19 82 132
15 173 189
54 38 123
84 115 246
26 13 150
99 114 236
31 84 127
18 157 180
92 41 244
82 30 125
31 16 146
86 69 184
15 69 87
7 51 129
52 147 379
94 150 346
14 48 70
21 38 64
86 170 256
56 134 193
69 195 296
25 133 163
4 45 57
2 117 276
69 28 291
100 11 117
83 83 174
94 48 154
71 122 206
86 22 120
55 134 215
13 163 304
89 159 291
6 148 180
59 136 198
9 189 219
66 55 160
20 69 98
90 161 252
18 63 98
32 126 172
42 162 257
18 189 283
3 42 69
13 60 75
33 26 65
38 121 165
36 53 94
80 107 194
3 153 320
78 12 93
43 193 404
9 43 81
83 177 372
69 79 297
11 177 190
59 199 420
21 9 30
8 9 175
2 7 36
66 114 249
24 12 42
77 75 263
86 62 174
17 134 241
16 191 215
14 13 61
12 14 52
11 190 211
77 113 225
17 26 51
60 118 183
19 44 91
99 69 191
93 140 254
33 113 182
53 118 213
8 81 127
89 105 238
90 153 250
30 74 194
89 84 225
24 141 175
9 115 164
25 64 289
90 57 154
62 14 91
62 133 386
97 71 186
17 101 124
82 37 225
74 164 286
14 37 189
71 130 239
83 131 299
50 198 265
65 73 148
29 10 48
17 153 281
86 171 349
92 14 178
65 52 125
96 68 307
74 156 238
48 66 148
51 73 132
64 54 125
28 178 403
5 46 80
72 22 157
18 105 156
94 120 218
76 76 165
56 126 189
83 168 284
43 97 140
55 177 236
90 40 152
80 114 201
42 138 226
60 188 252
14 146 210
77 43 122
68 60 144
59 141 210
47 189 372
1 152 256
17 28 78
24 137 189
13 30 70
26 59 213
18 103 153
87 58 145
9 42 66
25 29 253
94 8 133
22 34 65
29 182 281
38 51 135
48 179 273
29 75 195
68 149 217
37 176 255
79 44 130
39 148 188
92 140 237
38 116 285
43 4 82
66 112 224
92 163 455
98 62 174
61 62 123
68 187 256
55 98 153
99 62 349
8 111 126
54 121 211
78 77 156
68 11 81
2 189 276
88 142 237
7 44 56
49 66 122
87 81 299
68 104 286
78 187 269
81 88 192
45 19 88
90 169 264
62 52 123
58 99 296
73 137 371
39 136 175
71 107 297
95 160 295
19 130 152
41 20 67
38 128 175
47 35 107
26 165 200
93 19 113
63 36 101
5 66 107
9 164 176
33 147 200
30 60 91
76 97 200
68 152 251
100 62 164
81 105 329
39 132 178
95 92 219
78 90 196
16 170 235
73 58 140
67 38 107
65 66 134
40 76 204
57 54 114
76 179 380
9 196 255
92 12 112
98 184 383
45 49 96
95 102 224
39 62 102
44 188 266
66 139 219
3 150 161
32 2 84
62 197 333
49 101 157
81 127 235
53 134 225
72 100 177
64 52 116
74 166 340
94 53 285
20 58 265
20 191 294
34 173 261
83 153 279
72 199 428
33 3 96
82 184 269
15 181 217
84 161 263
60 13 180
68 181 295
92 112 219
13 114 133
59 130 203
33 117 191
62 48 117
29 186 222
87 96 188
18 98 299
8 71 82
40 89 139
12 26 40
60 107 280
34 15 51
97 112 301
47 52 100
38 54 264
99 16 118
3 172 179
84 185 270
92 132 234
95 115 220
