870
97 86 210
16 41 134
100 4 107
96 114 210
55 121 188
41 199 240
39 125 172
69 115 215
100 132 236
6 147 182
3 61 207
27 24 81
10 58 73
5 125 297
19 27 48
90 137 234
3 149 152
54 152 210
78 15 139
61 29 197
14 61 207
27 89 124
45 128 182
20 163 359
56 137 224
98 24 160
12 167 181
69 81 150
57 97 165
6 132 145
6 80 272
91 77 169
5 185 196
79 118 200
79 87 208
60 171 233
53 79 153
54 32 108
66 57 139
64 168 238
6 187 236
76 86 299
7 148 174
1 37 39
92 93 238
57 16 85
74 137 220
89 84 218
13 86 228
77 76 173
88 3 124
67 43 117
38 161 293
19 3 28
79 60 140
91 3 129
32 72 236
33 147 188
13 46 203
86 73 160
67 132 399
31 126 224
9 33 48
90 65 204
100 94 226
23 192 216
69 110 183
91 93 185
60 185 249
95 47 151
92 5 101
42 53 228
93 32 210
46 149 208
76 199 460
68 10 108
90 123 245
19 107 134
59 111 211
22 160 188
33 103 139
93 22 158
76 120 205
31 132 169
74 12 90
63 134 201
44 147 231
79 67 167
48 40 144
92 25 127
26 44 78
67 175 281
75 24 112
39 121 199
69 48 148
5 46 117
58 48 107
12 151 205
62 175 239
4 34 42
11 193 212
50 84 208
57 142 220
81 170 447
40 190 241
41 28 72
44 148 235
34 119 185
100 142 243
90 26 121
72 8 112
19 172 205
70 25 279
43 163 261
47 2 52
24 129 155
25 159 224
73 113 344
79 49 132
70 52 167
40 174 264
48 166 249
64 28 109
24 134 178
66 17 86
23 105 136
38 13 53
16 97 246
76 68 149
76 132 217
41 184 243
71 192 273
68 51 119
5 162 225
46 142 203
57 159 222
44 163 213
21 126 152
12 156 223
68 165 239
96 48 145
82 21 148
59 39 141
15 141 166
80 133 254
43 53 176
59 145 209
5 20 30
45 94 174
59 194 253
45 191 241
2 196 204
18 43 232
46 41 108
40 153 292
26 184 212
79 23 126
1 8 24
100 132 242
98 164 462
63 144 404
49 104 190
71 29 124
60 4 152
78 69 236
8 67 86
29 92 126
81 32 117
64 45 141
69 12 88
16 45 70
96 163 398
59 82 143
96 171 269
67 136 252
8 195 204
52 59 121
43 61 105
1 30 39
71 58 312
81 128 300
92 71 209
29 80 222
39 99 187
5 23 77
4 181 187
84 149 240
37 46 92
37 136 266
38 198 237
91 187 355
77 133 220
76 6 89
70 158 330
42 163 273
93 87 322
57 190 255
73 121 216
69 139 243
81 168 253
37 34 80
8 60 116
23 172 229
92 180 272
96 16 122
69 199 278
63 12 82
79 81 167
26 113 274
22 97 128
6 102 116
9 159 182
34 89 131
12 10 32
67 8 128
81 95 191
12 133 152
77 38 162
50 71 170
46 13 67
11 146 335
32 198 230
48 59 131
1 37 87
35 69 236
79 53 139
61 28 102
53 83 138
43 143 220
61 113 174
73 96 174
20 171 191
77 42 128
51 32 209
41 38 87
52 47 288
52 42 123
25 183 257
34 78 309
32 61 134
16 50 104
70 74 149
78 33 120
98 166 295
43 40 92
59 147 213
94 73 176
93 16 202
85 76 360
92 85 179
7 184 234
14 141 157
61 36 146
23 58 123
88 121 216
34 102 139
41 192 239
69 163 414
73 133 371
17 112 160
51 173 263
82 154 237
21 169 190
68 83 183
68 123 203
89 136 233
100 179 326
65 119 185
93 1 101
89 4 103
28 26 58
58 128 309
26 2 54
97 82 211
47 25 75
51 166 239
19 39 92
12 145 198
84 133 289
68 113 204
16 63 84
83 32 149
29 153 288
75 20 102
20 167 192
78 160 279
26 155 199
73 138 368
63 16 83
51 144 389
100 51 282
22 109 179
90 118 377
60 172 250
11 96 133
30 5 70
98 25 136
77 97 359
41 2 72
80 82 168
53 191 250
82 68 151
58 22 90
35 60 120
31 15 71
5 127 136
80 11 127
89 193 360
54 13 74
57 196 303
64 58 156
64 182 375
13 166 263
78 21 145
48 111 196
59 107 174
48 29 97
98 57 155
10 14 32
98 172 277
44 164 318
38 144 187
44 160 207
67 33 139
100 138 279
94 120 233
1 145 187
6 9 66
76 111 370
93 170 273
7 197 360
60 42 150
93 134 232
69 28 230
47 135 274
1 185 247
96 60 159
9 178 367
79 94 206
16 111 137
13 58 73
54 103 178
13 188 210
46 30 201
33 25 63
16 190 209
4 138 148
60 29 89
42 13 83
9 94 123
61 132 380
95 130 228
88 89 178
55 191 249
7 152 206
4 135 141
51 8 73
31 45 112
13 126 158
20 161 368
99 197 336
82 37 126
44 31 82
95 117 353
53 16 110
90 169 402
26 50 260
58 41 108
12 81 148
4 17 195
90 97 194
41 75 119
75 155 316
39 177 360
20 130 181
83 7 173
89 115 212
48 73 124
100 148 402
57 191 256
37 2 43
95 145 346
24 59 105
68 190 295
20 16 42
18 130 151
66 70 139
73 102 176
85 160 267
7 196 381
46 168 261
54 171 231
12 125 152
86 27 117
90 62 161
89 64 171
46 133 187
99 13 190
48 36 88
55 29 93
11 169 183
100 113 256
72 120 198
22 65 96
38 37 81
89 112 316
99 186 286
67 12 84
65 76 144
21 28 121
11 12 33
30 107 271
58 31 129
98 183 305
16 111 172
69 159 235
64 183 282
100 58 196
39 194 234
25 26 58
8 16 67
47 16 71
37 60 127
24 129 156
94 125 265
74 173 261
45 143 196
70 83 156
17 63 89
61 193 321
31 85 126
84 126 335
8 47 90
72 187 274
51 20 145
14 2 56
24 110 152
57 67 124
89 169 272
86 133 410
62 80 187
51 187 427
19 110 137
37 171 208
29 183 220
92 66 160
20 103 131
95 199 302
74 190 308
37 102 165
67 103 175
32 110 335
33 52 260
33 38 81
98 117 312
5 185 323
49 170 298
35 160 276
85 141 246
67 61 185
95 123 224
1 80 254
23 27 51
95 139 327
99 114 410
75 52 129
35 63 264
28 1 71
2 66 101
45 7 53
11 185 204
7 131 173
29 8 46
20 73 189
32 162 213
49 80 137
53 86 234
92 22 121
70 101 172
9 115 127
68 130 319
55 100 184
1 9 141
60 7 74
97 137 252
39 92 272
37 132 203
25 100 261
68 40 110
26 58 128
15 61 82
5 179 194
22 118 144
81 110 239
15 148 188
80 16 296
56 72 133
47 20 110
70 183 270
10 80 96
48 84 133
77 58 142
47 44 231
69 10 128
51 78 148
9 72 191
67 138 361
32 119 200
39 53 95
99 173 300
26 161 189
70 77 151
50 128 179
45 159 207
62 170 246
60 89 157
60 123 214
1 58 65
86 177 405
12 131 186
63 124 379
68 39 273
94 29 307
74 142 222
1 191 219
24 166 363
27 112 177
80 162 279
4 91 197
91 10 108
44 118 245
89 113 209
6 28 50
74 184 292
54 161 361
29 97 229
61 57 164
1 114 205
76 147 227
28 10 60
98 30 129
83 7 136
80 114 312
67 73 142
80 12 128
15 22 190
63 114 238
66 29 100
20 171 195
36 129 224
61 91 165
15 113 139
23 183 296
97 134 237
22 182 204
68 67 141
63 90 159
28 160 326
67 163 236
78 42 129
35 131 207
13 102 118
35 104 264
97 173 387
53 157 217
90 186 337
52 139 194
99 72 186
41 114 157
73 78 170
26 187 218
86 145 240
37 87 152
52 195 280
67 18 111
38 10 189
17 65 82
85 110 198
54 101 231
30 145 180
69 122 277
51 95 168
17 66 86
7 179 200
91 0 96
30 107 276
34 92 129
48 42 128
27 42 71
97 126 272
89 55 158
55 35 274
91 123 256
74 10 131
68 173 302
70 60 154
52 162 218
45 140 235
16 138 155
46 5 157
29 192 228
11 120 217
90 0 92
14 184 260
4 175 179
21 127 182
28 127 219
78 142 301
92 32 137
65 67 140
100 6 145
15 61 76
58 66 126
32 71 280
78 28 145
40 6 94
37 111 157
25 43 141
95 76 173
10 44 75
95 92 193
26 156 185
52 172 281
38 78 157
33 81 297
7 62 79
79 169 391
27 42 96
69 183 270
8 56 112
94 74 178
70 21 93
69 68 137
28 19 52
65 63 144
96 171 276
81 192 311
45 153 209
25 40 84
78 154 251
16 193 237
13 164 344
5 119 272
43 124 237
94 182 281
31 123 168
52 143 195
51 56 117
18 71 97
93 75 169
26 116 144
49 62 207
86 150 244
97 108 218
42 72 161
66 178 267
19 49 224
97 14 121
23 91 160
59 156 262
85 59 187
64 36 131
32 43 97
12 127 284
71 35 116
86 110 260
73 128 209
9 28 38
21 158 189
86 73 159
42 183 339
88 153 247
77 37 271
57 139 202
73 64 185
83 199 318
85 72 166
79 172 443
33 33 95
4 115 302
95 149 249
59 98 157
88 17 147
92 1 93
10 40 77
19 58 89
93 70 171
10 41 196
59 63 132
38 75 149
91 176 436
53 123 213
27 142 266
9 196 210
6 94 102
64 140 399
2 87 127
72 44 120
54 153 208
1 151 158
66 108 177
58 193 261
39 127 180
37 70 143
75 52 147
47 36 91
51 187 246
64 134 198
86 154 246
90 169 284
98 122 226
61 19 81
23 64 88
9 189 224
78 137 255
12 106 139
74 41 124
30 131 171
10 137 169
23 146 185
79 184 278
78 70 151
6 194 243
4 97 109
23 133 161
63 153 221
35 7 59
46 44 97
56 123 239
90 124 237
83 197 296
84 88 173
69 23 99
16 17 61
64 17 83
12 1 199
77 173 287
75 37 122
42 184 262
66 107 209
7 188 357
87 22 299
6 117 285
78 134 218
28 83 121
32 55 131
23 182 214
35 45 82
95 83 228
83 51 136
84 111 201
88 68 179
100 173 311
14 23 73
6 114 128
27 142 251
36 143 199
3 92 103
17 52 77
49 34 84
63 18 118
84 64 150
83 80 164
57 178 391
63 143 213
27 174 211
2 126 137
19 40 142
18 65 247
45 90 135
48 76 292
43 130 216
10 9 23
83 74 189
88 141 239
63 90 186
70 137 405
68 14 92
55 61 127
23 21 47
14 143 161
37 191 278
31 20 74
90 125 220
48 161 246
8 70 97
38 54 98
94 194 487
35 182 256
86 86 199
14 187 203
65 164 278
98 80 181
20 120 140
47 9 254
54 51 114
21 4 75
80 154 264
86 87 175
19 25 94
67 100 237
12 168 345
69 143 231
89 99 214
26 86 114
77 22 107
82 93 195
24 116 146
10 6 27
24 126 153
3 194 345
8 140 344
34 77 254
76 50 127
9 182 228
51 17 74
93 52 153
92 173 273
36 129 168
18 13 74
40 123 167
89 33 124
100 14 253
1 114 155
20 54 74
46 178 226
33 4 77
2 13 20
77 115 211
36 114 160
49 26 223
15 2 19
88 163 263
59 76 143
49 182 349
60 68 167
28 44 131
36 132 196
76 3 180
13 33 137
65 143 288
40 18 64
48 93 177
69 158 258
6 142 259
47 183 238
70 16 96
54 6 256
17 158 209
50 57 141
71 154 378
67 6 177
37 104 165
100 158 267
10 156 175
72 27 101
58 51 151
22 193 224
32 1 110
53 159 221
63 194 266
44 64 111
55 23 95
72 169 241
21 118 168
65 42 151
66 104 172
58 5 98
88 171 268
36 15 208
