70
61 128 235
25 175 373
76 128 208
30 164 232
30 133 163
62 186 259
80 87 177
65 15 122
88 42 138
41 79 130
17 111 178
33 114 152
55 172 237
27 48 155
58 182 266
61 95 185
37 23 68
11 12 57
2 0 107
47 123 178
88 114 250
94 57 153
5 191 202
11 39 128
43 80 132
45 170 257
55 104 159
97 147 249
98 104 252
19 56 114
98 40 159
71 67 138
37 64 103
87 9 105
94 89 193
31 117 265
90 102 235
48 193 249
6 145 159
25 183 393
21 169 197
34 195 238
55 94 158
44 139 186
85 136 226
51 155 256
7 122 134
39 140 179
77 73 152
13 132 235
51 97 158
93 49 144
93 104 201
77 3 83
56 97 162
65 96 165
30 171 205
24 161 232
24 130 156
80 141 226
88 69 166
49 92 145
22 46 196
5 30 75
93 179 281
15 179 203
40 40 84
52 88 147
57 10 93
41 123 168
