760
96 89 292
4 32 84
39 39 101
53 74 127
75 72 196
90 84 262
21 145 175
63 51 140
18 156 205
75 110 191
60 131 195
12 137 159
32 119 302
78 41 280
80 186 428
88 136 230
17 165 194
28 133 206
68 195 309
23 55 87
31 2 39
80 80 170
80 45 125
95 81 184
30 57 277
99 64 354
40 106 304
26 158 184
100 71 181
61 200 304
60 66 131
46 115 162
26 158 281
43 53 96
20 168 234
75 30 106
48 11 83
78 198 407
74 43 165
80 174 312
82 60 182
96 46 150
97 81 220
66 69 138
99 188 332
5 84 91
41 9 63
87 198 287
51 188 272
25 41 73
22 190 260
16 76 114
20 16 42
79 47 171
76 12 104
7 97 119
30 51 121
43 11 59
72 119 193
32 101 283
12 52 219
71 66 185
60 30 220
19 5 28
87 117 249
100 48 292
100 152 409
26 162 206
16 132 218
49 154 246
81 147 331
9 111 296
87 61 334
57 91 196
76 90 210
41 178 234
47 42 195
36 163 201
16 167 314
63 101 168
12 135 274
28 151 185
62 11 78
54 49 206
75 167 245
68 106 239
55 165 239
42 168 325
87 154 286
97 129 238
42 147 210
63 187 253
40 110 159
96 53 176
65 51 116
63 3 73
91 168 259
8 132 208
31 36 102
87 57 196
41 55 256
61 112 182
96 163 268
9 156 168
56 149 211
12 190 348
2 52 64
29 161 191
42 114 157
62 64 132
75 39 114
57 78 142
78 166 377
56 79 212
54 145 206
24 20 70
45 18 68
94 195 294
90 52 175
54 167 277
65 29 176
35 188 247
24 31 61
15 164 180
11 54 103
14 69 166
19 105 132
51 118 200
66 171 242
31 141 179
69 15 246
60 14 207
98 125 228
84 135 246
51 11 106
71 140 232
6 110 125
22 191 352
68 12 80
72 97 209
78 12 93
64 29 201
88 78 169
77 189 297
99 64 169
6 177 275
11 42 70
22 190 247
26 124 160
97 55 155
50 127 180
8 134 337
9 148 187
88 58 150
45 64 122
40 119 209
99 122 239
44 121 167
59 198 434
38 77 117
38 86 184
26 21 49
49 62 138
89 174 440
88 53 174
24 34 203
18 146 354
18 104 125
17 46 63
89 189 322
73 114 261
78 79 165
40 54 101
71 53 131
12 142 229
50 54 185
2 12 17
35 159 221
12 130 152
2 147 287
18 145 164
39 93 168
29 180 213
38 121 163
59 107 334
98 11 171
37 145 212
14 180 200
15 58 157
52 183 256
67 30 114
2 17 19
1 188 366
33 186 222
19 74 93
98 131 359
61 119 349
32 126 159
53 55 114
31 128 169
50 156 238
42 169 218
80 143 223
62 28 130
2 77 88
79 35 149
29 133 205
3 147 156
11 103 115
59 184 244
16 24 166
34 1 42
41 78 128
88 101 259
86 87 208
89 169 285
79 123 208
14 176 190
16 128 167
67 156 358
57 64 125
84 130 260
2 174 182
42 126 176
5 183 317
8 80 95
40 14 121
52 9 88
36 189 328
56 142 259
26 190 400
6 157 165
25 164 226
30 157 210
42 5 51
88 158 249
76 68 149
48 48 116
34 188 253
45 177 325
46 50 105
48 99 153
25 135 160
33 36 103
52 16 116
7 33 62
19 141 163
79 147 265
67 91 205
24 6 33
88 72 183
43 48 102
98 117 219
94 152 286
81 184 387
45 132 362
50 70 126
21 182 212
20 35 102
59 1 61
87 107 228
33 69 190
90 165 264
48 49 122
88 181 274
21 140 164
60 76 157
89 118 401
14 132 300
93 87 185
49 151 207
34 85 124
53 111 171
24 45 71
52 124 201
83 42 154
29 177 211
58 155 300
98 92 195
52 135 380
11 51 69
97 20 124
77 171 387
35 186 227
32 18 77
63 125 225
76 51 136
72 129 208
27 9 56
55 21 76
21 145 265
71 154 337
18 123 146
9 29 198
41 103 147
77 14 139
3 159 169
4 160 165
60 141 208
26 163 236
52 151 394
64 99 197
52 149 206
75 119 199
67 24 256
8 25 184
8 111 201
31 157 208
98 173 419
11 16 200
55 2 61
17 136 157
86 150 238
34 151 188
7 119 308
40 107 153
2 118 211
9 115 268
57 107 165
32 158 190
77 177 304
2 108 124
62 164 228
34 89 129
61 60 123
57 59 121
52 42 116
97 16 178
9 97 125
30 7 236
77 93 201
85 23 108
92 7 106
27 83 175
11 38 54
41 99 149
21 170 211
38 82 166
82 86 210
63 103 212
56 58 140
52 103 256
49 96 155
57 160 225
62 122 192
1 14 23
72 20 127
19 128 150
85 166 435
92 38 140
83 1 240
8 155 179
33 120 242
96 138 237
51 150 214
27 156 226
16 87 111
44 16 85
66 19 93
79 28 171
60 152 259
28 35 66
97 4 102
50 44 101
97 200 421
63 116 189
50 31 84
89 77 170
47 0 50
42 70 114
81 158 260
80 8 114
41 186 370
61 150 217
74 178 255
54 71 126
19 160 208
100 126 227
98 197 322
14 169 195
73 198 292
97 77 218
55 39 175
22 45 81
98 160 258
42 41 85
78 152 232
20 52 100
93 127 299
80 159 244
49 154 359
62 113 225
90 139 266
87 45 135
89 34 128
99 56 189
48 107 239
2 67 110
95 90 186
68 63 224
45 27 78
67 52 129
52 84 192
17 121 158
44 112 197
51 10 64
84 163 286
25 32 76
61 63 161
2 70 119
57 184 246
81 42 143
26 10 62
99 31 136
2 37 46
56 172 296
7 96 127
89 193 289
48 86 142
27 160 192
49 24 74
13 105 118
86 1 124
85 98 220
88 109 215
71 46 138
13 9 124
8 122 139
19 187 211
33 72 109
24 60 94
83 49 139
28 127 161
33 21 75
44 109 159
75 2 96
3 200 203
54 196 271
74 6 102
44 151 263
68 76 328
45 164 350
39 63 134
43 143 368
94 78 356
61 98 162
23 125 198
27 76 221
52 13 68
91 197 291
17 152 172
69 50 127
52 49 180
69 66 167
31 67 98
26 119 173
62 70 140
75 131 208
1 107 110
49 131 213
58 107 172
76 62 336
90 70 162
91 164 293
56 172 233
90 6 101
58 137 210
42 129 181
89 181 315
18 118 290
28 114 176
57 76 140
55 128 224
7 50 116
55 46 126
88 124 215
19 69 124
85 171 436
65 192 264
84 122 215
29 162 343
46 161 215
5 113 126
95 193 290
70 169 369
43 115 195
49 95 154
77 154 420
47 54 120
48 198 280
22 190 219
42 158 249
34 178 373
10 102 116
8 87 105
54 92 149
53 5 65
21 62 99
35 135 172
23 85 119
98 139 267
17 100 214
73 94 206
82 8 91
17 194 250
41 109 157
14 30 207
72 83 161
48 97 184
12 179 339
99 98 310
20 31 88
70 115 309
91 133 248
29 72 113
15 180 222
76 43 125
9 189 272
64 148 246
65 97 174
62 2 67
67 17 99
81 0 129
15 127 267
82 130 220
91 196 383
9 113 122
75 149 348
91 188 283
48 1 76
63 164 355
77 50 323
15 8 45
19 11 30
25 13 81
41 109 212
1 149 151
19 58 83
64 18 124
86 92 332
84 99 185
15 63 116
36 52 119
35 140 204
52 159 228
18 59 84
4 51 163
18 66 88
14 163 177
67 34 134
48 121 179
49 128 207
7 98 105
72 59 160
30 41 81
47 7 61
62 176 267
21 175 298
52 69 243
58 21 104
80 38 126
27 163 330
98 200 307
17 89 267
37 107 189
76 129 215
23 78 244
67 93 191
15 112 171
42 151 196
39 45 121
51 139 303
83 56 155
80 131 215
59 124 183
79 151 240
21 88 221
2 49 57
50 38 88
39 137 181
7 185 230
52 97 153
43 158 267
40 133 298
66 130 205
3 55 100
92 32 323
13 36 149
96 121 227
56 181 380
72 88 188
33 102 144
43 73 158
74 128 250
72 183 265
53 176 240
13 186 203
81 161 267
3 137 204
25 72 286
20 59 89
55 73 130
79 28 129
54 128 358
7 65 78
30 101 161
49 12 258
81 148 327
70 54 133
27 136 167
44 196 249
46 98 308
12 5 22
68 41 114
57 78 179
81 188 377
12 80 98
93 123 222
94 62 292
43 195 282
13 66 81
98 85 197
97 84 220
93 116 215
12 64 111
5 130 147
4 77 197
44 21 259
44 48 97
26 150 204
60 29 90
69 101 205
83 125 216
30 142 237
78 125 395
68 168 237
100 174 287
58 3 109
62 15 89
91 44 196
5 123 252
23 73 105
7 163 172
22 30 55
53 0 71
78 157 267
35 145 270
53 127 219
52 37 95
61 44 113
44 123 172
78 126 208
23 95 120
100 59 198
16 115 152
2 7 199
53 177 233
90 77 172
49 28 82
3 134 144
14 195 211
44 119 287
58 165 223
46 23 71
6 14 23
53 169 266
78 2 92
9 13 26
95 80 337
19 164 295
31 131 168
67 97 208
95 140 236
39 82 139
69 135 210
10 111 131
2 126 170
67 167 236
82 197 283
23 78 106
16 107 301
54 25 84
97 67 189
8 95 186
44 190 240
74 181 260
71 181 295
70 17 206
81 20 102
59 145 326
96 108 212
87 170 452
10 153 195
41 21 62
39 169 407
18 18 120
83 62 178
77 171 249
39 66 107
32 109 230
97 120 223
13 113 130
6 56 112
98 54 293
77 124 253
4 42 51
87 68 156
1 151 322
28 36 112
14 160 180
68 35 113
55 146 202
18 126 144
13 163 176
51 111 167
52 200 257
91 32 128
57 162 312
17 168 223
96 165 341
55 134 194
90 138 303
74 36 136
23 161 186
90 12 118
34 130 194
29 81 124
41 155 320
97 187 316
1 163 302
91 12 145
100 192 344
84 137 376
92 55 161
14 150 195
76 90 208
94 88 214
73 55 187
61 130 359
25 60 129
82 111 211
43 15 115
33 35 76
10 55 72
68 39 146
52 129 223
95 12 109
4 110 122
5 12 25
24 90 121
50 64 126
10 47 86
35 0 45
91 119 217
86 156 257
32 80 131
64 64 131
20 171 254
45 6 170
58 192 257
