340
20 181 211
66 110 179
69 121 197
98 125 233
81 30 161
47 186 237
81 190 290
3 68 115
15 123 138
60 24 93
66 48 114
46 138 186
1 80 116
26 120 190
35 66 150
35 97 138
69 115 209
92 168 263
6 97 297
49 191 301
6 81 101
75 140 221
31 29 65
53 91 181
93 18 160
28 14 86
77 64 296
7 22 76
78 16 140
75 83 165
100 110 315
13 61 76
69 171 245
29 30 81
9 155 164
80 190 275
58 85 145
42 136 225
44 43 89
76 64 144
60 53 126
83 170 254
2 59 222
70 56 246
56 131 385
23 66 89
100 134 238
45 91 137
11 35 73
14 88 175
65 41 276
33 75 155
68 154 248
67 194 434
49 175 400
29 83 127
62 157 260
38 33 117
13 20 117
6 181 303
80 171 254
90 171 311
73 43 125
96 175 283
77 160 266
44 62 294
77 200 281
62 91 171
96 199 321
12 46 101
57 25 172
35 59 100
74 107 189
16 189 207
71 89 187
90 122 215
53 82 183
54 36 211
59 138 214
53 32 92
40 12 206
49 200 405
38 91 318
2 24 31
46 80 132
63 73 168
95 23 278
38 41 125
91 40 210
87 58 152
60 12 173
48 24 77
71 89 165
17 153 171
78 102 186
87 30 123
94 40 141
69 89 202
25 111 140
88 59 156
72 86 342
33 149 224
67 8 118
67 199 371
63 105 178
91 115 206
5 9 20
75 147 232
22 199 221
78 171 254
43 173 216
10 155 275
11 41 60
94 180 313
45 136 226
39 7 77
76 133 309
97 47 172
40 70 127
10 125 150
59 90 151
22 164 193
11 16 41
62 122 189
8 198 222
23 161 220
22 26 56
99 97 237
51 51 107
94 45 146
98 71 217
31 25 62
71 137 213
92 141 241
94 61 215
42 82 136
94 61 232
79 148 270
1 142 229
75 154 268
18 105 126
64 136 332
46 189 403
2 145 185
2 166 169
41 83 212
82 139 255
94 120 273
65 164 325
42 158 207
24 143 235
57 123 212
12 22 80
100 95 203
44 47 201
93 161 283
53 74 135
82 159 286
87 143 236
20 83 152
99 126 274
16 173 376
45 88 138
40 133 363
63 45 131
55 70 171
35 43 247
15 67 109
32 138 178
5 36 41
34 185 282
62 138 380
28 57 120
19 74 94
27 1 34
61 70 283
3 69 90
18 26 87
90 68 191
65 11 238
10 183 314
27 176 212
73 99 342
51 117 170
56 106 173
74 16 92
19 160 266
50 30 110
27 174 201
22 108 139
17 101 157
46 21 73
66 30 178
46 95 148
43 8 72
26 188 224
73 110 225
16 38 60
11 62 82
43 9 92
2 198 221
41 153 229
68 154 296
27 30 67
20 37 59
49 113 162
66 110 216
43 195 350
46 51 100
63 18 157
13 66 120
78 28 121
83 89 197
40 196 333
79 62 156
99 121 227
92 9 107
72 123 244
32 82 118
20 8 28
48 140 363
79 23 129
93 42 228
83 94 308
22 22 208
8 114 166
41 1 48
32 179 394
90 102 196
65 194 290
58 172 238
31 105 273
27 11 44
33 190 339
42 156 230
64 8 202
58 31 91
93 109 370
86 151 243
67 154 224
13 197 221
64 111 206
13 100 165
18 155 181
65 78 187
62 32 217
18 142 191
41 82 126
76 118 326
99 54 156
64 86 267
39 152 219
98 62 163
43 176 226
1 32 37
54 109 167
9 107 116
21 131 161
99 19 122
3 170 180
81 101 189
63 181 432
64 135 224
10 135 237
33 88 320
9 2 19
5 166 233
30 45 96
82 63 281
97 80 290
93 143 278
34 165 202
2 1 89
9 144 318
92 123 411
46 102 252
79 153 238
91 95 310
16 146 169
5 182 202
77 36 116
87 194 311
70 191 419
11 68 116
7 147 155
45 144 348
13 158 320
94 177 272
77 118 204
47 168 263
10 132 159
49 24 79
100 100 205
55 58 157
91 54 167
37 197 254
7 133 148
71 36 107
16 144 161
69 141 236
92 132 263
73 81 296
54 199 258
96 18 121
6 24 114
74 100 331
80 179 383
30 41 80
93 129 229
27 140 170
41 177 351
42 80 132
65 111 182
33 15 54
26 143 173
1 140 147
15 187 208
58 168 227
75 61 137
66 109 180
35 65 114
87 106 203
100 32 174
99 113 214
88 166 260
1 172 175
51 105 165
100 149 342
32 106 152
78 146 269
34 58 261
12 19 145
77 67 218
76 41 148
100 164 267
44 180 226
35 6 128
61 185 247
20 138 198
57 140 370
