50
73 141 218
94 41 145
65 158 401
84 198 298
28 30 59
40 88 133
64 54 184
98 149 256
77 99 203
80 46 136
63 135 275
23 180 235
89 165 256
6 36 48
88 117 213
35 69 105
3 199 216
54 93 153
67 48 192
13 113 134
75 132 209
32 193 232
73 34 131
24 49 78
87 173 424
70 147 220
6 80 268
85 66 170
5 33 87
97 3 219
89 15 123
1 23 24
98 106 296
75 158 239
100 172 302
35 147 192
52 133 225
33 34 210
16 155 172
33 197 263
30 167 205
92 153 252
57 152 292
16 70 261
74 57 140
87 199 319
45 93 148
62 181 248
12 59 221
30 33 74
