690
12 4 28
21 112 136
55 174 232
9 121 131
90 78 189
25 102 284
89 60 169
39 145 187
10 179 363
59 129 235
69 100 218
28 17 94
5 32 73
50 22 81
99 170 285
11 70 87
14 76 170
14 115 136
22 79 118
37 144 183
86 113 397
1 90 273
44 89 318
95 120 229
36 177 223
57 132 290
95 105 328
76 170 284
19 80 104
29 117 308
67 161 228
66 171 247
24 108 256
83 1 225
34 23 79
36 188 419
30 55 91
59 25 87
5 193 255
85 138 297
86 119 228
87 80 300
43 83 306
14 69 89
90 160 281
18 88 117
90 43 277
28 195 240
12 96 120
57 19 97
91 105 231
37 17 91
76 49 168
81 179 297
1 176 224
72 113 188
8 125 137
56 144 228
8 24 229
63 151 216
3 104 152
79 31 253
80 170 266
73 192 267
53 6 78
73 125 206
14 86 110
69 192 289
78 78 166
45 54 101
43 128 213
67 32 106
70 3 122
27 23 72
30 37 72
54 54 137
60 125 194
42 178 291
65 11 81
22 63 120
19 88 224
41 144 277
21 172 238
75 126 215
19 161 324
10 44 81
46 199 297
60 44 123
90 171 282
69 193 295
72 161 250
5 179 184
29 166 238
18 100 243
68 195 294
76 182 266
48 101 177
11 82 101
17 58 86
43 194 238
30 23 64
90 52 186
76 151 297
12 98 114
80 190 337
98 52 315
89 40 163
7 46 59
7 134 181
17 119 140
43 156 242
20 74 220
37 77 121
72 28 103
92 11 107
98 50 192
9 54 63
45 49 98
83 5 88
1 6 38
39 151 324
28 156 191
17 43 71
21 96 119
100 191 457
91 3 187
74 179 260
94 93 197
27 181 210
46 115 172
75 30 132
83 86 322
94 138 236
77 30 158
41 160 205
55 170 237
33 158 192
27 30 230
27 9 41
9 38 50
37 147 231
53 177 239
78 72 155
49 73 274
98 148 262
51 79 138
67 75 148
70 85 185
81 172 335
46 102 167
19 48 73
31 133 168
36 149 251
35 35 214
35 20 69
85 7 215
33 55 88
87 165 259
42 20 89
44 106 169
75 86 186
75 65 321
54 188 243
46 0 53
53 190 248
35 114 151
98 163 267
71 13 127
29 30 69
87 74 168
22 87 112
37 41 127
85 44 139
87 137 237
69 57 179
36 24 60
42 131 183
53 83 143
77 127 212
35 153 196
47 11 62
62 171 419
5 13 26
91 84 225
49 40 177
81 0 140
9 185 237
12 137 255
69 15 86
42 74 116
94 183 280
31 187 227
34 139 246
52 176 234
16 16 180
46 70 118
33 177 224
16 178 244
100 195 310
51 115 277
74 90 174
21 194 231
40 177 221
94 40 163
58 106 173
65 184 367
38 126 168
93 43 136
99 198 297
25 152 357
83 165 251
85 138 358
44 198 399
98 108 213
26 191 251
31 107 144
99 159 451
15 170 196
11 0 43
62 57 119
4 108 137
20 40 87
36 128 169
83 119 242
23 25 57
17 120 225
100 62 172
47 38 285
7 139 175
14 156 184
37 159 205
51 7 84
28 138 176
74 13 89
29 194 374
85 133 259
79 104 229
16 5 105
73 156 233
44 59 126
41 136 184
42 53 159
18 156 203
32 77 135
6 105 127
31 148 188
86 35 128
12 114 130
12 127 144
30 81 124
90 101 193
20 126 156
64 61 138
2 33 107
14 47 79
94 131 417
41 78 166
65 2 234
27 140 183
96 154 257
57 127 191
90 151 247
41 113 161
71 193 321
36 14 138
46 168 297
28 124 175
89 164 407
19 19 64
43 116 293
8 200 208
45 25 109
49 33 238
69 3 102
58 23 111
29 122 173
100 148 295
29 52 82
40 52 92
15 194 212
47 41 98
59 24 91
94 141 331
47 17 66
69 142 258
3 170 362
53 82 149
87 42 130
47 71 254
31 67 104
50 42 107
91 43 139
19 111 277
13 176 202
64 173 250
78 14 93
69 122 196
42 163 375
32 65 129
52 102 277
31 99 150
15 43 94
52 31 281
27 161 188
39 185 374
87 172 269
31 39 129
92 169 265
35 60 103
13 123 138
75 47 137
17 118 145
95 150 275
35 157 224
7 37 51
97 66 210
69 115 189
70 36 118
74 84 320
98 159 303
46 60 135
27 123 151
100 120 230
16 85 133
65 31 194
52 116 357
40 73 156
92 6 101
91 177 298
52 101 155
78 85 164
23 58 267
68 38 133
12 132 322
59 116 230
91 64 191
26 92 213
88 4 104
19 98 123
98 143 406
90 44 141
80 85 323
88 194 369
42 141 283
58 71 144
88 29 140
4 102 109
4 81 123
73 160 280
27 150 182
37 156 202
65 83 155
8 15 25
58 56 120
19 95 140
39 167 248
98 179 468
11 9 83
92 13 109
38 161 208
65 68 140
69 195 425
25 78 106
90 152 342
81 82 164
90 109 356
25 68 94
47 56 107
4 123 132
89 83 350
5 140 159
44 41 113
80 14 126
47 69 124
81 79 187
1 19 27
99 75 205
46 191 243
74 162 315
76 69 339
81 160 403
59 102 174
65 15 85
67 133 243
49 92 147
30 70 105
53 175 372
66 6 82
94 24 219
79 45 322
24 110 170
30 44 105
91 43 289
25 30 61
66 121 212
78 185 271
40 126 286
78 105 251
90 50 221
25 181 356
75 33 148
26 91 161
45 120 197
50 71 124
20 153 190
99 148 256
74 197 365
58 136 200
34 107 337
45 60 251
97 95 202
48 27 91
15 91 139
37 171 242
34 88 167
21 194 394
22 97 157
5 12 67
39 191 233
68 95 192
14 101 139
66 23 92
71 137 405
95 93 198
66 161 229
55 84 141
11 172 184
20 52 76
28 114 313
36 28 67
13 79 265
83 52 142
21 179 212
10 121 167
4 69 115
87 42 160
94 173 395
49 42 128
44 33 264
70 153 324
87 26 118
52 183 256
7 46 62
77 4 83
83 14 107
52 132 185
30 134 307
67 7 216
40 22 70
79 22 115
8 194 333
65 120 188
65 154 221
14 100 157
64 70 143
11 141 184
54 4 65
33 80 293
96 63 166
8 181 206
79 21 104
11 136 150
37 192 233
97 76 235
43 44 92
92 21 121
5 123 162
10 108 127
13 29 51
94 104 237
80 69 265
6 88 101
29 146 223
17 113 271
87 181 269
90 50 150
80 116 236
16 189 224
34 39 113
3 54 60
84 158 246
99 46 155
88 42 256
22 136 169
12 1 106
24 86 117
4 191 333
8 13 98
24 94 126
5 57 103
55 187 261
57 119 270
77 3 107
67 49 135
4 9 32
54 91 190
32 36 70
35 16 54
42 24 71
86 95 181
99 42 151
33 50 100
43 200 374
17 117 153
95 109 326
67 184 266
51 164 222
9 63 111
25 70 129
65 14 154
91 146 244
46 0 56
56 15 73
43 3 183
80 4 121
71 52 152
95 181 317
76 83 170
77 117 201
33 114 194
75 30 105
79 115 194
98 142 318
76 20 96
33 95 206
28 109 144
52 95 156
46 141 190
86 21 266
77 58 139
87 91 186
61 22 87
76 166 285
8 106 151
96 52 342
6 140 346
94 21 124
46 120 183
39 78 223
14 165 184
2 156 272
36 71 145
31 35 141
87 121 218
47 121 332
49 160 232
11 110 125
33 187 222
28 163 194
65 129 370
99 32 150
36 200 237
36 50 122
83 10 95
96 179 283
11 191 218
22 114 249
28 198 339
16 142 228
38 59 285
92 96 236
44 65 120
15 175 193
28 41 111
9 153 334
33 193 234
46 182 362
9 177 259
11 104 160
40 50 98
77 198 280
44 16 105
87 73 161
90 155 248
56 67 145
94 167 264
36 130 214
92 139 234
93 70 188
4 19 29
47 16 257
3 72 188
43 18 62
42 168 352
75 54 132
24 168 196
97 195 354
90 155 246
56 44 104
2 101 111
86 143 253
88 86 276
54 117 214
89 83 204
18 195 213
42 109 195
61 33 244
57 107 346
38 104 171
97 45 223
73 164 237
30 44 95
85 146 237
64 149 213
46 75 214
90 52 172
18 46 69
58 140 224
69 126 197
68 132 204
27 12 53
83 145 231
41 19 96
31 27 59
56 169 260
68 90 340
57 61 259
42 41 92
39 134 223
49 135 270
92 71 168
43 48 93
32 16 241
19 2 43
68 47 121
70 151 256
57 105 165
79 143 224
9 110 232
34 82 132
98 173 408
52 0 203
42 40 90
19 142 195
90 88 183
10 191 344
79 162 336
29 88 146
79 80 185
19 124 332
14 178 232
37 133 171
9 21 33
65 110 224
33 17 58
36 33 141
11 92 107
83 69 161
29 178 211
6 13 58
86 191 322
87 47 145
48 41 123
89 154 251
100 120 241
99 146 262
86 177 345
80 12 193
37 153 197
27 149 177
42 88 314
14 76 216
48 39 123
88 33 231
13 197 242
38 142 184
10 64 93
1 142 162
90 118 380
52 63 264
60 156 223
83 113 226
80 71 172
53 129 191
74 164 288
35 72 122
78 198 280
26 46 102
86 163 264
34 82 118
20 74 280
58 17 95
57 106 298
6 186 196
99 62 165
27 133 168
42 24 109
24 26 219
13 80 121
35 47 268
