330
81 128 230
75 25 142
39 161 209
95 100 201
93 2 100
5 61 245
95 8 272
18 119 155
19 94 163
18 103 121
7 7 88
26 65 131
73 23 160
88 70 158
51 149 226
22 109 262
8 52 74
56 82 148
89 192 288
29 3 36
91 156 275
2 98 134
72 160 241
96 5 110
56 50 206
17 181 200
4 128 307
43 131 211
25 136 202
37 33 114
95 65 198
74 177 258
20 79 100
65 87 153
79 72 160
9 63 119
93 92 234
22 131 198
88 196 305
74 14 108
76 177 260
6 143 180
70 23 142
45 77 127
64 189 258
23 192 281
20 116 171
84 156 414
7 142 149
87 132 347
14 100 290
21 195 373
57 105 165
26 170 370
87 105 330
16 35 74
8 199 214
20 46 76
84 15 107
90 43 142
32 57 91
54 110 164
10 90 251
9 9 37
7 83 95
44 55 111
20 167 210
2 14 62
30 122 199
45 81 200
34 35 84
96 198 299
68 150 344
75 187 324
6 48 232
100 171 290
8 120 136
89 138 229
6 61 71
38 135 204
17 38 75
51 164 221
16 39 63
81 164 247
42 7 197
43 32 77
4 192 235
68 2 202
68 170 241
62 82 151
42 187 235
46 72 185
19 143 199
48 48 276
73 153 386
15 53 76
76 148 229
66 98 195
26 118 147
55 152 214
11 199 227
3 123 129
18 114 162
16 43 59
57 125 191
83 111 198
55 180 236
82 94 283
57 99 199
2 86 94
31 96 199
69 37 112
62 192 288
45 155 202
64 23 257
9 45 104
91 103 218
96 158 425
87 114 204
58 100 162
83 143 243
19 34 86
18 131 156
66 122 203
16 58 113
91 125 221
57 77 134
22 103 209
71 113 201
11 35 50
64 21 122
53 54 116
89 2 138
33 17 50
35 98 138
48 123 177
42 200 248
74 16 99
26 198 282
79 86 172
39 61 102
9 8 28
99 177 331
1 56 86
53 153 208
26 11 47
84 196 337
60 125 349
11 122 165
47 5 88
59 101 163
17 32 82
20 185 206
86 127 257
82 4 94
68 45 120
75 53 178
99 142 425
35 196 312
7 8 63
54 194 286
82 69 298
37 122 162
42 19 87
46 109 205
68 118 365
99 31 135
46 57 172
65 163 238
100 197 304
69 85 161
81 142 226
86 110 236
47 140 272
98 11 119
22 193 365
55 25 110
20 10 36
6 35 41
38 120 158
40 156 200
71 28 104
46 172 221
16 33 229
26 64 181
76 140 223
47 65 270
61 137 224
40 179 219
89 59 332
100 46 245
32 196 234
66 56 129
93 178 276
19 177 327
43 126 207
93 22 185
19 146 169
45 172 218
19 162 184
41 195 277
11 150 180
4 120 126
20 92 122
31 172 210
84 109 213
60 138 355
34 35 141
81 21 131
53 84 138
30 43 213
59 180 282
4 63 97
61 47 137
89 144 241
50 131 192
76 96 355
99 95 203
33 69 112
72 96 254
17 53 73
55 168 332
18 138 311
18 156 216
3 176 180
13 109 148
40 76 125
18 116 328
46 169 358
8 138 151
31 151 373
65 110 233
63 54 123
95 152 253
17 40 64
32 74 198
11 146 227
45 56 110
35 188 226
8 111 163
63 129 197
92 154 250
42 152 203
37 79 129
30 165 196
23 120 146
66 106 186
53 186 310
87 59 148
78 121 208
9 110 165
76 40 121
5 176 311
74 85 190
56 110 173
5 134 296
54 171 234
77 141 250
10 68 85
27 127 162
70 131 230
32 118 153
40 44 86
93 161 259
78 6 87
2 22 30
51 113 220
30 40 76
78 158 237
92 173 267
55 136 239
3 46 55
32 187 244
93 132 227
83 60 277
63 51 313
100 80 229
7 161 302
26 134 201
67 162 242
88 182 271
70 45 252
73 39 117
24 113 244
81 84 210
66 67 145
57 178 242
32 100 296
64 19 112
90 130 246
43 117 311
62 3 101
49 43 93
32 117 195
80 181 269
40 142 188
13 27 45
10 30 40
32 179 256
46 53 112
22 195 217
22 136 166
35 168 221
67 14 102
71 84 163
22 147 177
19 187 215
46 8 56
22 45 183
24 119 151
50 29 89
53 147 209
56 145 247
66 193 266
89 64 156
43 185 234
63 4 76
44 182 238
9 148 197
60 2 63
64 150 260
35 43 85
72 51 149
5 101 107
42 171 223
42 121 165
31 93 131
36 151 194
40 83 143
68 194 292
