820
35 190 235
39 101 160
39 139 184
61 38 147
29 15 89
85 120 245
34 19 57
10 134 187
56 75 179
92 152 245
32 170 257
24 187 216
3 1 32
16 7 31
38 51 138
67 173 250
41 96 254
43 18 131
44 65 149
87 171 272
80 128 228
77 6 270
85 187 279
57 10 73
93 68 180
10 32 71
71 36 155
3 22 44
18 85 119
80 24 113
48 43 91
16 67 84
58 191 324
19 72 107
31 122 301
2 78 94
24 159 185
62 130 193
13 58 71
20 107 189
68 192 280
24 95 127
10 125 241
3 155 159
83 42 158
94 33 226
54 159 214
43 75 118
6 172 178
48 54 109
86 13 148
48 9 220
51 72 125
97 130 257
14 101 153
91 75 173
94 4 103
95 63 181
4 131 138
33 100 141
90 160 254
43 125 174
94 92 200
73 137 246
42 151 198
35 0 80
53 135 195
47 177 277
63 197 279
65 24 275
85 139 291
16 76 94
22 113 151
24 10 44
38 45 92
88 56 154
6 189 337
1 197 205
72 96 170
54 87 145
100 147 268
68 23 97
41 135 257
9 44 59
85 19 107
88 42 208
45 85 159
78 80 247
21 157 180
87 23 284
73 36 139
30 54 228
54 165 261
16 106 161
46 43 224
77 193 318
87 23 128
22 176 292
70 151 239
60 119 191
29 39 96
9 89 107
83 179 300
80 37 124
49 49 104
19 128 163
79 15 130
17 163 184
69 26 101
29 60 101
10 72 211
14 57 75
47 120 358
72 155 269
48 29 89
55 35 109
39 41 244
19 7 129
29 15 63
41 26 95
34 150 228
95 191 293
85 164 373
20 93 132
70 102 284
54 99 153
66 32 113
66 125 222
45 78 144
34 50 94
54 153 362
31 178 212
88 112 206
59 55 154
49 19 72
42 0 163
87 57 158
43 182 255
72 39 137
78 71 187
99 64 180
62 169 263
25 190 350
46 92 177
52 174 245
53 135 219
17 75 107
39 178 222
61 146 210
42 95 237
20 123 242
22 132 252
8 38 48
66 182 266
38 152 192
56 192 351
39 47 139
10 21 46
65 37 117
37 108 185
2 23 28
63 159 270
63 26 102
95 117 234
17 127 195
89 26 119
89 9 203
31 66 173
86 44 139
63 6 194
93 141 238
68 84 185
93 63 175
54 195 255
64 28 153
49 98 259
29 196 240
50 60 146
83 197 365
17 70 94
15 144 169
41 142 187
59 73 139
49 25 143
46 62 289
1 138 148
51 198 250
28 41 78
49 179 329
55 2 164
69 174 245
99 118 227
53 139 198
42 157 208
8 140 180
12 33 48
98 152 260
87 186 439
34 6 70
3 102 115
19 197 216
100 60 186
65 161 416
74 35 111
33 140 193
43 34 80
77 179 425
53 119 177
92 103 315
74 47 149
99 6 154
61 99 178
34 83 127
42 200 411
48 98 149
37 158 230
59 126 186
29 176 216
13 130 228
56 0 90
47 147 196
91 61 172
80 146 228
60 189 251
40 3 50
67 187 270
31 195 230
22 43 102
84 105 379
69 183 261
39 183 228
76 114 227
54 97 151
73 96 247
5 90 223
33 126 161
89 67 162
5 106 116
77 28 153
38 130 177
44 22 104
13 106 298
75 98 195
85 184 315
16 163 183
22 77 145
83 17 150
95 50 145
89 24 119
19 111 189
50 94 145
35 89 133
35 183 264
91 94 195
83 11 95
43 24 70
56 178 273
47 154 211
12 76 120
46 91 285
78 100 226
70 145 251
84 71 298
27 74 134
100 25 307
1 109 242
44 91 263
84 129 380
71 122 195
92 19 121
62 104 168
32 156 194
100 160 309
17 98 157
26 110 137
57 28 128
88 83 252
55 44 177
97 196 300
1 84 87
13 142 301
86 158 387
71 175 254
70 179 285
46 29 155
6 17 210
39 15 118
86 133 242
98 27 156
78 158 243
58 32 114
3 124 133
80 9 137
6 150 325
75 190 272
72 11 83
50 37 102
22 136 238
37 120 161
40 28 98
29 137 170
77 162 289
47 62 307
84 141 235
13 93 109
40 57 168
39 138 178
44 143 207
58 179 276
17 88 115
11 56 75
11 59 77
1 52 61
75 196 274
43 3 56
21 53 137
25 33 62
10 119 136
27 125 253
89 51 300
54 148 203
54 139 194
76 64 143
10 158 276
9 155 167
36 64 297
94 162 263
42 75 290
34 120 201
21 83 108
28 139 333
100 175 280
88 183 293
5 149 157
55 64 150
66 101 176
58 105 167
82 184 419
31 186 245
45 100 174
20 98 239
10 180 336
43 87 158
33 198 259
71 54 261
69 93 236
94 188 283
66 27 125
60 52 300
72 199 281
27 26 200
60 13 187
20 152 220
43 84 132
5 130 157
52 137 193
44 14 99
33 130 164
48 81 144
22 109 142
28 12 48
21 108 260
73 11 88
49 127 267
3 5 112
80 135 332
6 189 305
30 114 144
37 151 190
65 68 311
4 116 124
57 88 277
62 90 189
4 104 154
20 177 225
86 80 173
55 91 152
99 184 300
81 193 279
71 99 200
92 9 111
81 157 391
64 149 301
36 26 70
52 76 258
43 59 106
10 152 205
84 69 163
78 3 127
3 159 305
95 25 309
83 50 156
65 81 156
60 157 270
46 122 331
60 88 150
34 127 222
12 196 209
13 94 257
36 140 181
26 199 241
77 154 352
41 195 242
85 18 111
71 43 196
96 2 103
7 111 241
94 151 255
69 74 144
34 176 219
84 35 144
49 140 190
80 165 248
46 96 148
100 3 112
2 141 248
84 82 352
81 199 376
72 115 221
82 185 269
68 41 116
37 64 110
37 164 202
92 188 284
85 82 304
89 87 177
44 65 133
78 174 273
60 114 287
37 37 84
33 158 193
93 157 358
3 66 92
6 136 149
29 81 146
96 26 172
100 180 317
60 66 126
58 114 278
78 86 184
68 49 119
81 139 262
45 37 90
26 198 245
15 175 282
57 23 86
50 178 237
48 88 159
33 1 38
47 47 168
80 121 231
56 13 150
12 71 129
94 118 212
73 40 247
35 96 137
19 160 184
30 13 165
69 101 213
64 68 175
3 92 97
53 78 157
2 37 49
29 72 127
77 19 112
78 21 125
33 84 255
66 46 116
77 79 179
83 142 230
73 199 391
57 38 125
82 163 290
76 39 203
6 14 51
37 147 244
42 153 197
96 76 183
62 36 110
11 106 273
10 36 190
81 31 135
36 31 75
63 134 199
4 90 186
57 68 250
70 159 255
90 189 292
18 152 262
51 88 145
63 96 214
24 36 61
86 69 257
31 156 200
64 163 247
40 166 231
61 138 246
44 162 213
9 140 190
88 139 253
36 94 145
49 139 200
86 176 268
93 64 197
97 141 250
52 160 220
81 80 209
56 4 62
93 54 152
7 141 151
27 106 135
92 94 356
57 167 272
6 30 79
49 65 306
53 77 208
67 66 148
48 148 199
43 152 201
23 190 255
31 44 82
90 10 102
52 90 188
93 59 153
68 105 182
69 194 271
72 189 304
41 168 213
69 16 89
28 160 191
9 196 231
90 7 119
24 56 96
28 122 307
8 66 109
58 69 223
52 63 155
32 26 61
60 66 172
13 12 123
69 2 106
29 5 65
97 127 224
19 104 209
19 0 28
63 130 242
51 134 289
45 172 226
46 65 126
54 63 305
80 103 190
45 125 224
45 103 157
42 153 200
42 143 193
5 29 164
61 179 248
36 70 288
97 35 135
15 14 67
45 77 261
55 88 290
4 110 127
25 52 115
32 38 94
55 62 124
36 144 329
12 154 189
53 47 150
44 142 250
86 178 270
56 23 251
48 31 115
88 148 246
96 184 283
79 181 261
53 94 148
67 98 166
3 29 39
24 128 160
57 127 203
54 71 131
79 172 261
68 148 222
52 64 122
88 14 137
21 129 200
89 87 205
48 74 126
63 124 205
17 8 62
9 162 181
68 51 178
83 82 176
48 35 245
83 100 277
10 182 215
91 87 225
52 133 189
10 166 196
33 10 50
74 199 279
26 62 125
11 185 199
15 163 314
25 161 192
77 52 149
37 159 205
92 194 328
49 86 170
70 21 234
34 15 49
28 141 177
34 95 179
17 106 127
52 162 245
69 192 282
71 56 129
78 7 130
45 48 95
54 110 173
87 58 155
93 135 234
43 178 232
28 58 111
72 45 150
72 54 309
46 36 82
43 198 271
43 96 140
56 6 96
44 82 220
83 103 204
49 183 256
83 132 218
5 180 188
52 7 63
10 24 52
83 28 120
24 198 224
50 110 161
13 16 59
2 164 175
1 27 66
97 21 125
50 86 289
91 100 232
30 103 143
76 132 229
75 59 141
54 29 91
14 157 218
57 97 267
40 143 211
8 119 129
91 29 135
34 18 59
62 73 181
81 84 195
70 115 224
83 146 415
19 70 99
84 51 140
47 72 209
30 97 132
19 64 217
18 135 195
84 129 252
98 184 291
94 124 261
54 2 57
50 86 136
88 4 110
94 125 237
11 85 134
29 60 104
11 62 82
74 194 306
33 8 124
49 85 187
53 169 232
37 40 80
54 46 101
19 140 268
60 12 89
53 111 173
26 180 287
83 166 265
38 42 85
16 59 241
6 82 275
8 168 180
37 187 309
97 107 211
21 31 213
1 121 162
1 183 193
70 99 312
66 192 351
9 67 84
89 199 307
38 166 402
44 38 103
52 170 329
60 22 123
43 7 210
77 49 135
42 158 364
67 184 375
50 122 241
51 115 171
56 47 110
89 151 261
70 125 202
75 107 251
51 187 247
6 28 44
100 47 188
100 174 338
20 55 77
90 179 285
1 135 249
82 22 136
85 157 256
100 126 234
47 5 86
1 85 181
12 116 159
98 199 306
34 52 107
47 64 242
61 32 254
57 80 147
74 192 299
77 55 145
36 179 246
46 48 104
94 120 216
79 20 297
30 72 106
9 8 135
63 65 133
29 70 130
24 125 150
89 11 275
72 58 183
28 149 283
7 183 222
76 34 230
99 57 319
5 25 155
28 0 175
13 169 245
61 42 112
91 145 282
25 88 145
89 56 145
83 160 278
20 156 296
11 164 185
56 55 149
7 126 135
89 160 297
67 9 79
33 141 349
21 126 314
18 70 91
57 191 256
6 2 14
76 167 248
48 166 318
6 152 298
65 162 277
70 192 293
16 17 48
9 71 92
64 123 193
63 89 269
58 56 144
85 60 146
94 139 234
100 6 106
66 141 217
59 159 222
82 75 305
75 12 154
76 167 432
39 114 156
96 25 237
56 17 121
13 20 197
26 146 206
11 200 340
44 119 241
8 196 213
70 94 168
45 188 260
56 182 279
6 180 376
52 35 171
96 179 277
8 18 67
53 49 166
98 78 202
41 129 170
11 41 133
12 9 53
91 0 174
23 40 64
39 172 285
24 187 216
52 46 109
74 23 98
58 137 233
37 62 103
59 177 270
19 150 171
16 188 305
17 104 122
70 107 190
