80
38 63 141
20 105 276
97 114 304
78 132 333
5 9 74
91 200 375
93 88 368
70 103 213
20 20 48
87 161 257
54 152 210
56 83 140
71 177 271
81 180 303
61 106 177
49 112 171
72 57 175
78 52 175
98 29 134
3 12 59
51 42 110
43 150 355
72 22 94
64 139 204
54 18 81
39 89 173
42 171 308
38 89 136
100 150 408
81 176 390
47 53 102
8 198 396
17 99 162
62 42 206
6 117 128
22 151 179
37 177 247
45 154 199
93 103 204
44 155 200
85 60 149
56 90 161
4 173 183
15 82 125
1 130 180
9 101 155
14 28 141
90 55 165
43 103 311
32 153 306
97 71 169
67 162 237
92 31 233
20 0 128
63 142 214
51 194 250
63 22 120
82 39 130
87 1 279
3 91 104
54 16 80
48 26 108
69 165 237
3 71 239
42 70 294
79 156 250
94 156 349
71 62 243
4 114 141
34 70 111
24 85 114
1 65 138
22 55 78
76 158 234
30 68 118
72 178 251
95 137 239
41 110 151
77 9 122
31 142 176
