470
90 91 217
79 45 262
85 112 304
39 47 86
67 100 168
15 103 149
29 120 249
77 164 244
46 14 109
3 60 73
85 148 282
42 87 137
11 0 49
1 70 73
57 181 265
20 133 240
66 160 230
34 109 151
41 56 240
27 9 72
64 159 245
17 178 210
12 38 112
45 14 162
92 58 154
60 193 276
45 142 234
49 28 81
1 149 294
51 64 119
86 52 156
17 76 138
3 144 347
25 49 75
77 97 191
64 13 176
81 158 276
70 172 243
18 39 57
18 50 68
51 200 341
39 128 236
14 114 156
88 17 150
20 61 245
89 46 139
66 133 205
40 140 287
40 26 73
80 53 141
56 194 287
38 33 72
3 165 328
28 187 290
62 66 148
99 62 179
24 133 163
3 69 264
49 32 87
76 111 188
74 112 220
1 36 39
23 115 177
58 27 134
84 162 291
20 11 37
70 188 293
68 136 388
31 200 296
78 134 327
58 85 144
95 165 296
92 127 238
50 184 378
64 138 215
94 11 111
70 34 112
7 116 169
43 160 257
72 80 155
12 59 74
71 124 201
93 135 282
4 140 155
22 81 113
2 147 158
23 15 41
40 95 137
86 26 130
14 134 238
33 100 135
4 90 98
17 164 300
95 20 173
16 51 77
79 123 207
47 17 255
96 131 349
30 103 133
56 88 268
98 154 346
59 14 80
44 127 236
36 3 42
60 80 158
41 58 124
39 114 351
20 65 122
51 22 92
20 77 103
39 96 154
36 40 106
33 87 130
24 178 382
20 182 219
31 6 47
12 49 104
63 187 259
62 79 149
87 166 283
81 17 108
31 151 188
100 106 214
13 45 241
7 128 173
99 31 130
50 125 179
99 124 227
96 67 273
57 45 109
97 182 306
35 149 186
19 88 112
29 21 52
38 129 260
24 97 154
73 197 445
17 102 149
30 97 160
56 135 218
19 45 65
1 3 126
91 145 240
79 41 145
8 114 132
43 7 53
48 56 121
56 32 92
70 149 418
18 188 213
70 109 183
27 141 176
58 5 261
75 59 163
55 26 122
92 153 419
26 114 152
23 41 74
100 137 242
76 145 227
41 182 321
38 121 169
64 193 262
89 178 279
42 55 136
90 8 108
100 69 187
92 102 325
24 55 120
32 165 247
88 184 322
81 5 87
68 18 89
39 63 152
34 197 234
5 196 201
55 120 195
63 98 205
72 20 215
81 97 221
56 162 222
75 5 85
67 151 248
49 182 241
28 11 46
76 4 107
45 122 246
27 177 236
13 58 78
40 5 52
88 67 156
88 181 288
29 60 98
3 40 75
39 6 50
99 131 240
24 18 153
12 180 195
46 77 153
69 3 232
68 134 370
89 167 288
9 3 15
15 195 318
85 196 288
76 100 349
62 155 254
89 198 294
60 181 246
38 29 81
89 104 203
47 6 61
44 35 275
6 137 161
94 115 311
82 150 237
69 44 131
21 108 166
60 183 278
72 23 99
31 163 246
47 3 231
93 120 222
18 15 203
30 49 80
41 82 125
33 85 145
87 43 132
78 72 170
9 50 63
61 154 266
90 110 224
55 84 144
99 4 271
93 77 219
97 90 342
84 60 150
42 98 143
24 145 176
43 19 65
66 135 202
28 175 205
86 140 242
88 162 262
91 76 195
32 177 215
19 190 228
97 99 198
62 145 232
69 54 128
4 21 34
82 45 133
11 21 34
35 128 198
97 33 291
70 134 205
52 144 282
6 92 137
91 163 325
73 75 154
24 23 51
92 96 215
21 66 135
89 168 298
100 92 195
34 6 83
12 195 256
21 66 142
63 77 190
60 77 140
41 100 158
76 155 299
74 63 157
22 31 60
45 186 238
82 200 285
6 63 71
43 154 200
34 156 291
55 12 107
85 131 217
19 128 177
36 18 229
99 44 291
39 144 185
10 185 205
96 134 249
5 92 105
4 83 209
62 133 270
73 140 216
10 156 184
38 196 367
46 117 173
56 74 138
36 26 97
11 133 192
56 28 117
52 26 82
37 41 122
70 102 182
97 80 177
85 43 247
50 99 196
48 43 100
36 54 96
3 150 162
4 185 233
79 196 317
45 191 300
5 132 137
58 143 217
62 185 257
48 24 90
94 151 302
67 86 154
68 85 162
74 180 281
31 160 197
72 2 239
75 18 107
20 138 163
77 67 229
28 148 198
72 78 180
94 28 247
100 70 369
17 171 208
90 113 240
38 8 72
1 55 73
37 19 61
67 183 279
37 1 94
85 35 120
8 35 62
66 105 211
26 14 50
94 50 211
93 144 238
83 53 136
41 72 123
81 35 120
98 53 349
55 80 183
1 50 51
83 7 175
29 47 92
38 80 134
66 59 180
25 58 90
40 8 56
32 78 114
7 25 105
76 21 146
68 10 78
61 68 135
45 94 145
1 88 98
24 17 52
60 59 132
10 91 108
80 57 337
97 88 194
100 179 322
8 63 74
9 4 51
83 26 125
99 112 355
28 24 59
78 125 222
49 57 163
55 138 339
53 91 153
94 13 149
54 28 86
54 21 113
4 3 18
15 31 64
48 99 157
46 26 114
50 80 133
77 91 271
49 122 194
2 81 86
10 0 189
66 133 228
99 53 190
100 165 275
83 7 190
2 93 95
63 114 178
58 7 117
86 163 259
64 152 313
93 108 249
25 127 158
62 8 70
66 47 225
94 187 287
47 178 225
65 19 88
32 173 283
49 142 238
20 192 214
35 184 237
41 99 146
13 118 132
55 115 210
94 19 260
65 163 245
65 104 206
70 63 143
30 111 147
9 93 111
24 62 86
31 27 163
19 107 128
30 40 72
58 50 119
81 64 159
43 199 303
62 78 162
63 78 143
46 143 199
72 29 288
17 114 177
31 79 118
3 189 250
90 23 117
71 9 89
83 18 142
24 91 124
50 11 64
25 143 178
17 188 247
47 71 128
30 136 169
57 117 180
69 109 204
49 132 220
33 21 175
19 101 126
30 179 375
82 27 153
41 78 152
78 38 160
96 38 146
15 86 116
35 23 242
13 175 224
17 23 78
10 150 162
79 14 101
46 36 215
97 32 151
55 42 101
71 59 134
92 73 211
90 123 213
12 105 119
59 167 235
8 52 62
54 25 129
54 163 229
77 37 216
79 13 142
19 61 124
3 59 90
58 104 203
