580
33 103 174
89 4 101
82 15 221
4 155 169
37 167 208
6 29 45
48 54 130
92 192 322
38 4 43
17 86 116
4 178 190
58 131 199
89 1 100
23 1 32
61 169 236
56 90 146
6 187 227
97 53 268
32 135 185
15 137 179
61 83 174
28 24 114
21 173 304
34 132 179
68 25 99
36 14 90
11 60 81
54 4 85
39 170 374
12 187 392
8 86 101
59 19 80
84 176 270
37 36 220
88 120 217
34 53 196
25 43 68
38 33 260
20 145 207
9 14 35
73 83 157
98 190 291
54 159 216
90 141 231
100 23 132
3 2 49
48 10 85
20 79 170
25 97 295
1 113 120
26 156 307
95 39 135
47 172 223
99 191 331
53 173 230
29 118 157
9 155 166
6 23 29
99 111 255
75 190 272
46 96 324
61 195 261
15 53 68
83 4 258
42 121 207
75 128 224
82 37 181
18 2 29
36 116 195
36 36 269
3 72 103
82 183 332
17 62 89
89 146 241
58 162 245
49 98 275
41 111 158
11 128 145
19 93 224
49 20 73
41 151 192
8 34 114
52 158 216
4 17 189
85 31 124
71 44 118
91 27 130
82 164 274
63 146 219
47 75 152
88 10 124
94 113 249
62 87 157
84 72 198
71 12 83
25 45 76
35 0 68
20 73 270
88 59 156
53 146 203
42 34 82
79 17 141
36 38 105
37 146 199
45 141 365
65 85 213
17 105 168
90 63 198
19 28 236
87 169 277
15 174 204
61 168 236
56 45 255
8 140 154
89 176 289
65 196 308
49 29 86
22 139 164
18 3 185
83 40 146
61 186 267
29 127 165
12 95 147
39 151 191
79 47 152
61 74 136
72 169 320
64 57 149
2 32 39
83 100 196
78 90 181
1 108 116
91 185 366
54 145 210
5 7 46
40 61 120
85 125 236
43 138 264
42 21 66
77 112 229
39 38 80
16 179 327
65 39 112
94 93 229
6 21 40
87 125 231
14 109 286
36 72 117
25 71 96
10 115 127
35 38 74
99 43 335
37 195 235
6 160 199
100 140 244
32 64 99
37 85 144
53 187 262
21 179 229
29 4 42
7 112 146
60 85 164
47 171 222
62 139 222
97 163 276
26 46 119
35 112 270
63 159 239
8 128 229
59 181 246
46 47 94
17 94 116
87 114 215
3 123 278
94 11 167
36 47 125
13 47 69
88 51 310
87 192 284
69 62 139
91 43 209
91 46 137
40 55 227
52 60 120
70 111 188
98 7 137
15 12 91
8 30 40
67 42 111
54 21 88
100 56 320
56 62 121
5 7 12
3 37 202
88 191 321
71 140 240
80 162 251
69 33 110
64 91 162
31 38 79
66 61 133
53 178 300
8 104 112
77 185 263
8 49 81
74 21 113
79 123 204
80 102 193
68 198 275
24 62 278
93 127 265
62 112 179
39 21 62
63 85 154
44 56 276
40 70 118
85 195 293
57 170 235
98 101 202
16 15 53
44 152 281
23 193 231
28 136 172
77 182 396
6 41 48
30 198 237
55 77 251
20 182 211
32 169 237
49 152 315
100 154 260
100 193 301
99 43 299
17 72 100
85 187 296
65 26 106
23 17 202
82 197 301
93 191 297
100 174 396
63 102 166
47 146 196
62 186 270
26 94 125
10 136 196
25 97 128
41 185 234
41 32 77
98 66 168
86 179 276
70 134 236
76 5 98
71 98 169
37 64 107
84 123 395
22 134 282
25 153 200
65 60 129
99 182 285
88 148 251
56 132 247
23 13 46
80 27 248
81 135 340
67 23 99
58 125 191
56 183 274
53 140 362
10 83 145
21 8 162
48 36 118
98 64 353
7 33 46
69 114 259
83 150 354
27 118 318
76 110 227
34 107 269
93 33 151
57 143 206
26 130 161
67 133 205
55 172 354
22 41 68
46 50 98
92 182 297
91 137 238
62 14 76
76 21 126
25 94 124
48 119 181
92 96 195
92 68 171
20 56 203
31 148 199
96 77 180
39 165 231
95 174 318
43 73 120
56 124 226
93 198 326
53 96 314
36 25 164
99 173 272
39 144 210
9 188 383
50 64 114
56 139 196
54 200 259
65 135 240
4 173 191
47 6 63
14 21 41
19 111 137
85 138 246
95 132 237
3 52 66
37 41 216
92 109 204
29 77 242
65 157 252
40 187 233
21 194 380
79 7 104
2 16 28
11 142 157
12 37 51
39 1 170
66 32 107
67 166 242
39 79 123
86 178 269
19 34 55
91 142 248
51 74 160
26 4 157
23 163 200
80 9 109
20 156 301
38 100 151
56 20 94
10 22 121
92 53 155
96 64 160
18 170 348
62 57 173
26 73 135
40 8 106
33 16 50
52 168 243
69 9 161
86 14 103
11 54 70
91 64 159
99 200 336
1 27 152
64 156 222
16 111 136
68 31 107
16 58 90
46 198 395
11 189 201
99 185 317
16 20 41
100 37 147
22 84 264
65 174 255
67 37 107
86 11 105
51 199 257
69 10 88
48 110 283
96 16 113
17 28 46
72 31 173
31 20 52
88 80 169
10 154 165
62 17 144
45 146 355
39 163 212
89 29 236
59 32 186
100 160 413
70 93 199
75 73 300
85 147 240
79 76 191
62 170 251
21 88 286
54 100 160
27 102 133
33 23 166
69 84 178
90 29 240
95 185 286
39 34 93
35 87 130
41 169 211
57 40 143
23 173 318
88 63 152
69 171 425
54 46 102
48 121 178
53 134 223
41 7 88
5 189 214
51 23 78
80 143 241
40 110 299
9 59 266
74 147 227
79 137 313
65 155 258
93 122 218
17 1 48
79 49 128
47 95 152
53 126 189
94 41 306
45 197 263
18 98 126
66 70 275
60 147 362
16 23 39
80 29 109
30 182 338
52 180 254
79 81 161
9 82 101
31 42 103
69 33 108
71 75 234
1 20 29
74 16 91
56 153 408
20 29 53
91 156 326
92 81 210
71 164 250
9 192 206
64 96 281
74 28 252
21 94 121
50 141 224
19 195 348
88 104 239
49 158 215
51 154 210
30 19 66
77 16 102
48 106 294
77 19 139
44 51 98
11 27 43
50 168 218
25 187 233
80 5 88
73 170 244
36 81 294
87 144 245
28 83 135
84 192 277
30 50 82
90 146 270
7 155 179
60 30 139
13 117 134
18 138 205
74 60 140
29 66 105
10 103 228
16 149 241
64 100 172
34 125 190
54 149 213
4 67 120
49 109 176
5 47 187
32 46 119
64 178 276
37 166 301
26 15 44
8 13 29
89 153 252
20 136 161
69 27 99
58 33 94
15 175 202
93 161 325
62 64 126
63 85 194
49 139 386
49 77 127
4 152 245
93 155 253
5 153 163
97 31 175
27 86 162
67 109 214
5 100 113
66 147 226
94 85 188
69 17 188
34 52 120
10 78 135
54 152 213
83 131 233
100 190 436
84 73 161
96 69 260
79 110 216
95 105 217
9 36 50
38 110 149
14 30 46
63 37 104
62 188 264
25 168 231
15 128 191
65 54 121
88 189 315
43 35 90
16 126 161
16 62 108
28 25 103
70 34 143
57 195 268
83 114 201
85 189 411
12 67 82
13 168 198
16 169 192
33 113 167
50 81 160
1 107 108
53 188 266
28 71 107
3 96 104
48 44 104
94 56 183
58 51 111
13 139 251
56 54 111
81 78 184
53 157 218
16 118 144
27 19 87
64 66 139
65 117 184
60 100 201
15 195 211
11 117 147
89 113 233
76 143 241
62 67 296
96 20 117
64 101 173
17 23 186
24 175 208
98 91 189
83 67 193
21 130 170
96 124 229
22 153 214
21 122 168
15 159 180
40 179 232
24 149 182
86 56 237
94 173 273
59 125 187
12 80 97
28 75 169
23 163 189
13 29 187
8 198 207
20 138 250
95 185 312
