740
72 172 373
36 48 86
82 8 138
48 85 135
60 36 133
81 178 272
41 20 81
15 163 264
65 178 246
66 114 186
74 97 233
40 82 130
69 168 242
8 28 41
57 157 410
32 26 208
56 92 155
60 98 265
93 162 425
3 200 251
99 51 198
75 5 112
50 43 141
58 32 119
24 163 197
16 160 180
74 158 234
69 183 271
49 114 167
20 163 201
14 116 132
99 81 288
62 142 211
56 2 63
29 12 56
56 174 235
14 8 28
99 116 384
82 65 147
21 2 42
88 36 128
19 30 56
100 141 250
95 97 247
88 198 288
12 19 40
29 0 158
100 167 287
92 119 403
37 190 294
44 96 148
13 72 106
64 113 222
63 45 116
61 45 115
89 69 186
86 23 125
95 163 452
19 39 65
46 112 196
81 132 215
54 104 210
58 94 176
28 7 227
23 193 237
39 48 218
32 30 65
87 36 273
13 59 119
59 117 182
27 61 88
95 27 147
90 48 144
1 119 153
93 17 120
55 133 208
72 73 194
97 53 257
46 176 235
62 147 324
52 149 366
68 104 174
59 13 240
18 84 105
32 125 299
63 136 201
93 198 468
47 83 135
97 105 218
9 15 47
86 172 432
24 190 235
67 138 208
36 39 119
83 65 197
11 145 196
52 116 302
35 103 156
58 163 240
90 99 197
13 77 99
80 52 132
96 23 120
26 104 132
95 48 293
60 78 162
96 60 169
59 77 176
27 55 91
32 132 214
72 78 153
89 48 151
42 144 218
53 9 214
37 28 144
18 70 120
32 181 258
45 78 158
79 77 161
67 171 244
87 131 403
81 52 276
61 161 258
36 75 198
50 57 147
30 192 253
90 119 213
45 22 133
4 73 243
74 185 262
92 68 161
78 34 116
50 33 90
56 10 238
89 197 289
4 131 174
3 28 36
22 31 179
75 200 279
83 193 309
57 199 266
36 18 56
99 193 435
58 25 102
5 75 81
97 30 129
83 119 299
47 140 215
65 7 230
99 111 244
92 65 302
75 15 139
34 0 64
13 59 178
95 168 301
59 141 231
19 92 120
4 63 160
27 112 146
65 101 315
37 87 137
68 48 165
41 176 246
100 23 128
99 11 194
16 53 208
61 79 145
24 11 75
54 82 140
10 14 29
54 3 59
83 1 84
63 176 243
42 172 219
89 86 271
98 60 168
6 48 61
97 89 323
66 188 255
12 116 263
17 87 113
80 64 238
16 162 210
27 57 184
90 126 240
44 192 276
37 86 132
82 189 280
49 148 271
32 165 247
71 28 174
12 176 189
27 140 187
42 24 89
95 25 134
19 21 45
53 129 196
96 121 242
73 71 229
88 55 311
37 135 178
55 57 241
54 81 144
10 141 184
53 41 98
37 94 135
82 63 145
80 102 191
8 114 156
15 49 191
100 109 246
11 35 81
29 79 113
32 80 120
33 120 317
92 124 220
8 5 22
57 2 61
8 153 169
58 113 216
6 2 38
28 127 176
81 75 158
62 16 114
85 102 190
3 119 139
65 107 182
29 107 258
41 187 374
72 191 271
79 86 175
92 27 163
46 191 265
99 10 157
13 132 174
70 35 133
83 123 212
20 108 211
42 122 170
13 69 86
6 19 30
79 53 171
46 68 134
11 183 206
73 168 437
34 83 294
13 35 56
10 71 93
25 24 54
79 80 218
85 141 341
88 58 251
97 5 175
19 1 24
39 196 284
94 189 406
1 150 173
73 32 106
91 12 108
53 37 90
78 86 256
8 124 278
9 62 99
80 187 299
1 18 66
90 126 237
40 52 97
28 177 223
33 162 258
68 137 205
85 118 249
49 178 232
64 59 131
51 131 346
17 198 248
77 170 256
43 104 202
56 89 335
54 38 110
77 74 186
70 191 285
58 96 170
58 100 161
13 167 229
4 4 8
73 40 121
17 191 225
3 118 166
3 112 119
64 3 74
12 44 91
35 118 202
23 171 219
84 46 132
39 168 241
41 27 211
72 163 244
12 83 103
83 115 207
23 103 165
34 45 148
26 131 166
20 45 80
82 55 178
79 171 316
25 62 100
91 161 333
20 104 136
15 189 401
38 200 241
83 123 206
84 176 303
32 195 235
61 21 127
52 173 259
48 189 239
47 174 229
33 78 139
44 23 76
80 161 280
80 187 302
74 83 180
49 75 231
20 41 62
76 166 292
58 13 72
36 130 230
99 5 115
49 44 98
63 18 112
57 100 339
64 5 248
44 166 274
46 100 149
18 188 223
63 59 124
45 68 114
7 126 134
16 157 176
43 156 248
47 1 67
98 79 216
10 130 157
67 84 192
81 123 309
23 65 94
63 103 207
95 73 195
76 153 238
11 28 233
78 167 350
46 16 147
10 97 107
1 65 70
42 171 221
51 189 242
94 186 281
50 86 177
52 157 219
17 59 83
84 156 246
44 162 249
6 42 76
18 26 85
78 126 205
40 134 228
72 68 327
88 88 196
5 25 185
22 55 82
47 92 183
9 22 40
3 174 179
22 141 166
89 22 118
52 31 83
22 197 263
57 57 121
12 151 166
12 78 99
38 25 65
73 31 112
48 47 139
32 142 194
29 188 264
21 36 67
16 160 362
23 82 271
98 195 297
64 172 240
5 78 132
92 180 277
68 191 264
27 183 219
63 5 113
100 104 399
95 112 236
94 169 284
65 24 210
85 61 192
6 38 215
80 17 105
56 75 135
62 118 183
85 191 295
56 144 400
86 199 285
42 66 217
98 41 160
19 113 138
34 27 92
28 106 139
91 179 426
97 146 280
20 146 203
97 136 237
9 103 281
26 37 127
69 96 189
74 118 234
44 7 56
55 152 242
79 169 262
84 48 275
21 192 217
51 56 115
10 12 94
71 121 192
5 8 23
6 34 85
20 37 58
38 190 294
93 15 116
57 65 128
62 175 278
91 181 316
49 123 172
65 193 364
16 40 69
94 94 301
94 117 308
41 47 98
68 138 371
20 196 222
91 82 287
73 35 148
52 32 263
6 70 83
89 13 111
7 8 45
96 104 246
1 172 202
47 22 262
29 28 105
27 46 79
82 65 177
2 93 95
38 115 158
53 149 335
48 67 202
60 100 168
28 132 196
15 88 144
1 141 143
95 153 290
68 135 248
14 160 214
42 178 270
78 160 309
84 36 167
67 10 122
8 153 179
36 182 274
93 136 231
62 20 115
30 50 86
40 167 226
1 90 98
77 147 224
70 111 216
21 87 279
4 20 185
63 199 294
83 49 234
32 45 127
5 112 124
99 146 307
96 10 222
39 1 238
14 146 189
58 151 248
58 21 132
93 150 257
47 148 196
23 76 135
57 144 239
42 157 384
86 189 391
40 108 160
57 128 194
97 88 185
66 7 75
16 73 223
33 0 86
21 143 165
41 127 174
48 66 132
29 18 247
30 111 149
97 38 236
45 72 119
1 174 206
58 0 96
94 81 224
21 103 203
17 49 94
93 133 228
18 56 74
43 84 308
78 26 114
15 11 122
7 173 188
75 52 161
61 61 124
64 23 94
84 49 136
64 124 196
65 27 93
28 158 275
4 117 129
92 200 295
98 51 156
47 162 386
28 101 155
54 25 111
84 36 317
52 100 349
38 11 52
4 146 160
83 18 197
69 196 460
28 89 135
26 35 169
32 78 112
44 78 194
87 108 197
10 93 134
99 6 130
48 94 149
56 112 195
6 82 127
1 100 245
33 90 182
74 92 169
83 69 196
82 83 170
68 84 197
77 180 257
82 156 261
72 180 389
58 0 64
32 93 136
94 91 233
36 53 136
55 71 129
30 49 106
66 21 96
16 104 164
3 151 239
62 51 223
73 135 224
7 164 178
25 145 180
57 1 240
81 83 268
48 59 153
14 185 227
40 52 97
12 109 124
48 119 220
40 51 99
18 58 246
19 113 154
93 171 422
71 95 174
14 146 176
58 107 219
100 197 322
57 97 188
14 113 134
58 112 177
7 59 87
72 107 188
75 128 208
19 134 287
89 194 287
58 148 209
12 111 203
55 98 337
60 53 114
24 52 94
25 40 188
36 103 276
38 102 167
69 132 220
44 147 219
40 141 286
69 158 371
90 3 100
47 130 179
49 91 237
65 50 292
53 129 220
5 81 128
56 6 72
84 47 134
28 19 55
45 8 70
85 152 247
34 45 79
97 66 335
6 23 32
29 162 234
55 161 244
7 166 215
31 163 228
61 60 242
91 101 216
72 8 92
100 177 305
18 197 325
33 135 183
78 75 306
17 3 30
55 161 220
92 189 290
46 15 200
48 88 136
81 8 124
27 59 87
67 174 282
81 23 108
6 99 112
52 161 222
68 114 204
42 199 406
4 16 21
94 182 333
58 193 299
75 43 121
86 54 189
51 138 204
45 18 70
2 150 301
78 183 264
63 96 167
73 83 190
7 28 38
36 92 149
93 60 180
23 59 119
6 14 21
15 135 169
76 142 239
87 36 242
52 154 233
90 143 279
74 92 355
86 20 117
27 48 124
64 118 184
24 151 197
96 182 326
94 14 116
98 106 206
10 78 89
23 155 178
60 50 112
95 2 101
3 188 197
60 153 310
25 194 229
46 4 224
43 189 287
75 192 270
80 17 191
39 23 257
67 189 261
95 151 250
67 19 94
16 121 155
15 151 168
27 131 250
65 102 174
24 181 208
42 184 249
87 42 133
27 80 108
54 38 241
95 188 304
11 104 122
23 163 380
36 41 77
48 80 271
7 17 36
83 61 159
69 157 269
36 122 164
36 1 85
4 138 151
94 53 150
17 12 193
75 89 172
97 74 175
81 41 131
53 46 101
2 16 66
64 75 290
41 130 173
2 92 108
40 192 241
65 95 345
24 185 246
38 154 299
62 132 202
66 198 398
5 157 169
30 50 81
6 143 289
11 9 64
5 187 237
12 79 101
84 4 202
90 113 207
50 75 169
71 156 290
68 22 106
30 4 38
13 25 79
9 10 19
