660
30 35 264
93 23 151
6 100 119
50 78 138
86 79 174
57 119 201
70 114 224
48 70 124
59 90 247
3 196 399
48 162 236
12 54 68
27 55 88
45 38 85
65 183 255
13 183 205
24 163 227
61 115 187
29 147 181
1 39 88
40 30 97
49 56 119
98 12 144
63 95 328
13 28 78
67 88 232
58 104 283
88 125 222
32 199 237
74 20 129
35 51 89
95 113 208
100 127 231
71 65 164
13 162 275
79 176 282
74 152 249
77 139 223
66 180 255
64 171 241
11 171 232
21 36 67
99 152 404
95 100 351
86 93 343
1 37 162
71 78 343
17 198 220
25 73 275
1 134 184
6 104 243
69 160 252
88 177 275
62 5 67
27 56 261
97 101 222
98 4 150
20 7 32
71 159 367
26 92 126
70 63 178
100 197 304
20 198 228
58 185 260
30 183 375
32 44 85
46 84 174
18 146 200
5 101 156
34 133 172
29 12 137
76 130 395
29 112 148
38 37 79
47 145 202
43 15 201
35 186 355
25 58 131
45 169 215
56 111 167
14 169 186
74 85 184
96 182 328
77 108 215
39 45 205
65 172 252
77 24 111
53 58 147
33 6 168
40 54 107
12 35 51
81 170 254
91 30 159
4 155 308
50 182 258
13 4 17
75 178 376
77 68 190
11 191 260
88 2 95
34 96 252
89 172 299
28 177 207
6 66 79
89 116 362
55 144 216
85 118 207
52 54 172
45 79 132
51 178 263
5 135 144
19 188 213
79 147 235
96 176 454
59 140 327
1 74 95
43 62 147
71 164 240
71 157 237
99 18 165
29 64 219
73 39 245
18 62 91
37 24 94
56 42 279
58 5 105
70 180 280
77 148 235
25 82 114
24 78 106
33 1 42
50 68 162
66 143 214
7 166 297
83 181 395
2 127 285
76 2 119
45 187 239
39 179 228
63 91 203
53 152 213
89 50 162
32 103 145
22 194 231
18 75 98
11 88 135
83 0 91
81 76 188
63 29 95
29 45 273
82 16 257
43 142 199
10 163 256
17 0 24
35 103 312
59 74 135
6 38 70
95 71 214
84 96 180
30 39 261
17 104 121
39 163 212
89 193 283
18 199 364
6 31 86
93 169 322
66 15 137
49 124 180
99 196 305
27 29 198
68 107 278
98 68 178
16 156 301
42 63 107
65 57 142
82 170 288
36 160 201
81 139 220
94 61 163
54 35 97
64 128 242
18 111 153
50 191 274
21 66 88
62 59 141
48 76 324
27 28 247
12 101 172
5 44 93
45 139 210
77 187 304
39 5 50
25 71 166
47 64 116
73 95 328
5 130 224
82 198 327
55 153 401
76 130 251
49 139 238
3 107 127
14 105 128
48 109 268
28 127 180
19 68 106
37 6 126
38 40 161
68 183 289
96 186 287
8 143 182
47 4 63
22 99 154
47 69 162
57 156 251
60 118 290
8 185 194
5 141 148
29 45 80
76 113 197
31 39 129
5 110 121
26 34 89
80 143 247
99 99 220
49 174 249
45 167 247
17 102 306
18 78 276
88 11 110
58 85 161
63 109 310
85 137 414
82 90 352
2 122 127
87 81 248
29 188 232
37 100 171
67 158 240
26 67 103
40 180 260
39 158 256
58 25 107
47 22 69
52 135 204
13 45 122
24 44 208
92 127 246
68 189 277
65 122 194
91 117 215
32 173 301
44 161 353
40 123 259
17 152 188
58 179 383
7 128 196
50 1 105
82 94 179
60 99 213
16 40 90
92 166 441
56 93 290
48 48 155
76 96 172
78 24 108
24 30 62
87 149 301
2 120 125
36 200 307
73 112 190
83 33 123
94 148 279
12 65 240
14 75 99
38 29 103
15 26 65
7 132 188
79 196 289
48 132 284
96 86 186
27 174 202
48 63 153
31 32 132
8 190 205
57 159 219
41 44 87
83 32 220
38 113 175
73 85 238
89 67 157
92 20 183
49 50 104
78 49 283
46 195 258
12 158 171
66 19 260
93 138 278
4 139 144
60 33 97
98 102 230
35 81 138
21 48 73
81 20 102
90 153 245
35 25 105
42 199 249
85 64 158
96 164 261
39 183 265
55 75 134
34 59 98
56 163 219
96 106 204
15 72 121
83 57 303
22 70 102
20 85 132
1 42 49
52 181 241
68 45 118
84 185 279
4 79 92
32 36 70
35 48 174
52 14 229
53 1 61
87 53 163
48 28 222
14 45 60
42 133 207
82 32 145
91 55 147
33 99 175
31 190 223
28 186 369
35 120 273
17 57 78
2 195 218
99 38 283
95 172 317
76 19 104
99 194 303
91 132 253
21 169 190
100 169 469
19 177 311
23 184 370
5 200 230
5 73 125
84 44 139
68 101 290
19 55 112
13 69 220
43 51 95
28 83 114
69 197 276
39 33 98
57 123 235
94 186 282
84 40 170
14 39 66
72 4 98
81 15 99
18 106 217
32 195 236
67 185 275
48 2 58
57 11 124
41 23 74
33 28 62
5 28 40
69 189 308
26 160 343
5 121 128
71 145 237
43 174 330
83 138 238
67 35 163
51 11 156
91 98 199
24 103 166
99 117 257
96 2 161
75 170 251
34 105 147
36 39 91
57 180 398
5 193 199
6 195 370
11 172 232
84 87 199
93 64 165
56 196 294
93 111 239
26 146 208
1 112 113
30 95 134
28 126 169
70 95 331
79 168 270
97 101 203
50 196 397
26 6 40
55 151 253
9 186 213
12 20 34
83 34 138
63 7 99
54 159 242
4 77 82
83 25 132
36 152 195
81 152 308
15 19 37
39 67 138
64 98 218
28 115 202
52 20 80
44 122 341
54 58 113
88 129 243
85 69 157
10 196 273
6 7 23
46 22 77
88 45 143
45 106 182
11 67 118
8 101 110
4 97 244
52 54 189
53 84 137
66 36 109
94 144 242
65 54 137
50 138 256
35 159 198
59 175 243
63 176 247
2 149 182
21 159 369
49 82 156
93 190 292
5 173 191
45 121 207
67 108 218
25 188 219
66 32 126
11 126 296
35 122 250
24 34 67
38 148 208
2 33 184
68 83 231
84 33 117
35 30 85
84 150 242
68 162 245
26 113 143
87 141 237
48 96 145
42 58 120
28 55 213
92 151 397
67 29 102
9 28 48
49 35 93
87 165 254
12 93 152
1 60 66
22 190 222
76 94 179
47 76 171
6 2 197
72 75 178
100 105 252
3 39 65
44 58 200
3 153 164
66 160 272
63 157 227
36 25 236
57 187 425
31 51 89
28 111 141
94 0 111
50 61 130
75 96 184
57 136 235
50 118 180
45 109 155
58 143 207
7 121 141
28 189 337
11 114 131
10 193 218
14 158 173
30 115 153
43 118 168
49 102 174
32 183 295
91 133 231
96 181 351
62 68 130
60 83 148
75 8 126
92 144 275
85 122 291
19 39 252
54 107 215
27 32 89
20 142 173
42 166 386
88 195 288
38 68 115
87 86 174
18 122 210
36 3 45
3 86 205
40 53 133
41 95 186
85 190 285
5 179 193
36 69 138
73 157 278
71 54 130
35 89 127
83 112 202
64 150 259
65 88 163
55 175 271
43 67 110
28 5 181
2 142 150
94 135 267
73 49 128
99 61 160
94 86 182
28 84 117
63 157 224
10 47 75
3 140 333
58 51 118
47 21 80
71 44 151
7 37 59
11 134 154
55 137 224
80 174 261
2 183 194
9 84 133
16 24 85
93 198 420
98 135 365
52 29 85
47 170 224
99 96 219
42 60 196
15 20 42
61 198 275
20 190 214
8 126 141
92 173 273
50 150 225
24 44 69
7 29 121
82 131 217
60 56 151
73 199 287
55 130 377
8 153 166
74 198 311
10 191 290
17 81 107
16 74 101
98 110 218
39 58 100
37 82 315
26 51 147
72 44 226
100 77 181
54 97 192
85 170 261
13 18 34
93 30 133
95 140 378
42 4 79
100 63 242
100 139 415
98 119 235
14 0 48
98 197 298
84 64 348
88 163 254
63 122 348
38 2 146
61 193 260
97 114 221
88 191 288
34 101 142
57 83 184
30 129 174
97 180 278
65 111 315
42 162 239
100 68 355
17 84 120
51 1 85
75 123 281
90 103 225
63 117 181
80 177 336
21 29 81
8 183 241
12 23 72
34 40 78
43 153 214
28 70 201
13 167 230
79 96 183
36 175 215
35 83 148
77 42 123
95 62 167
52 44 132
75 133 209
81 200 290
94 74 214
45 17 156
47 25 135
49 87 256
99 150 267
14 153 167
97 59 163
31 0 62
4 159 170
100 179 317
19 95 158
50 26 116
26 119 147
30 21 64
52 96 155
87 14 114
4 143 172
93 17 113
66 129 199
55 180 268
49 97 265
91 22 123
21 13 35
60 64 128
17 111 177
52 48 131
49 3 89
26 18 173
27 86 122
43 4 146
60 108 179
16 166 183
19 106 131
