90
26 1 37
54 101 183
34 122 162
76 25 111
3 78 88
40 187 339
45 133 183
24 36 61
11 124 141
36 197 282
82 174 284
94 169 264
97 164 365
40 190 232
71 96 175
78 25 109
12 188 261
22 88 125
85 154 254
12 129 161
83 111 202
5 122 127
87 136 223
89 124 221
29 183 222
13 171 234
68 183 258
67 130 213
31 184 330
78 167 249
21 165 354
41 80 124
34 69 144
44 197 326
35 67 110
85 117 376
23 191 334
91 135 270
43 109 173
25 25 80
3 86 128
22 150 179
29 113 142
22 170 197
21 106 137
80 71 152
35 154 194
84 12 98
84 59 216
56 132 194
58 179 259
58 17 79
84 148 366
100 67 179
43 175 228
30 16 57
54 35 133
52 149 206
56 79 184
65 184 261
19 123 230
90 20 266
81 174 371
96 195 453
85 185 317
100 155 256
15 135 183
74 164 250
20 112 140
90 118 217
92 70 258
24 171 197
64 90 169
72 198 408
18 157 182
56 188 378
26 112 140
37 28 70
57 186 288
72 152 237
100 160 265
24 114 160
66 35 104
50 55 140
96 154 266
47 110 202
19 42 107
32 16 50
2 83 85
89 137 411
