50
71 36 108
67 133 203
44 88 164
100 154 436
42 131 210
56 19 100
54 169 232
42 109 154
49 132 191
38 58 107
18 198 225
20 44 69
4 63 221
10 46 95
65 93 191
14 149 205
43 16 101
26 1 35
95 177 280
6 35 56
29 196 277
42 44 86
21 83 111
2 176 179
70 70 144
32 154 226
96 42 169
10 37 67
26 186 218
8 10 175
96 37 295
12 123 163
48 166 214
96 115 248
83 106 194
55 43 141
67 78 170
30 97 143
5 62 73
6 53 66
48 188 241
47 90 181
80 104 201
8 79 122
90 105 202
10 75 85
46 180 251
95 55 150
60 95 159
95 131 269
