420
33 199 242
21 85 149
68 103 181
9 4 18
27 0 37
6 133 142
72 159 263
51 20 71
80 130 276
48 17 140
50 57 107
16 29 47
50 60 133
35 176 230
17 41 81
81 5 172
7 53 66
19 66 186
54 147 208
88 56 183
30 172 212
62 45 116
29 195 224
56 84 171
45 182 266
58 93 157
95 77 217
52 55 156
54 24 81
38 74 129
82 67 181
98 147 246
40 78 139
85 6 100
22 60 86
10 138 152
86 170 358
10 34 54
64 111 224
70 16 98
7 165 299
7 155 211
20 4 24
8 110 262
4 159 196
82 162 286
15 99 233
34 45 94
41 12 92
26 94 221
42 191 283
46 118 293
12 63 127
70 147 374
67 22 100
6 168 182
49 152 312
52 179 235
97 14 122
97 196 458
49 21 117
100 140 279
40 32 74
27 122 154
54 98 157
25 39 90
53 57 112
8 17 46
100 17 122
15 170 190
14 60 115
75 14 89
82 74 166
11 50 117
94 24 142
29 175 232
52 173 235
45 59 262
71 28 101
79 93 246
44 117 180
100 90 234
22 7 88
9 96 107
90 115 362
9 24 72
51 179 230
25 63 96
42 161 215
12 140 202
78 7 187
19 160 358
73 159 329
52 162 242
43 1 44
84 79 202
94 163 408
95 140 336
19 186 214
85 74 167
8 184 241
21 30 162
16 129 244
14 180 197
86 163 382
47 185 269
40 104 153
43 130 182
82 124 339
54 35 90
92 112 211
69 76 220
63 161 235
40 122 210
94 132 235
27 156 232
75 87 172
54 146 289
65 66 165
54 51 150
17 113 259
22 189 244
77 160 287
60 45 113
28 23 82
4 67 77
27 77 130
87 180 370
61 54 208
15 108 124
30 199 239
2 26 38
44 21 259
3 93 103
17 0 25
42 47 107
14 144 168
72 159 252
54 128 243
61 142 218
52 79 161
86 150 247
34 0 35
24 65 124
56 13 112
89 154 251
26 32 65
56 6 64
51 12 70
62 117 187
4 16 170
22 118 150
94 84 199
70 65 135
23 119 152
80 62 316
86 181 272
50 110 170
79 183 286
16 81 105
48 110 331
38 45 151
80 5 95
30 31 61
52 111 208
64 47 161
25 74 104
13 17 42
14 171 281
92 38 132
73 190 296
70 125 195
26 45 85
59 190 257
19 50 71
30 69 108
3 79 88
89 124 216
1 171 178
64 52 125
4 14 24
57 161 399
61 66 220
54 23 112
12 72 93
41 54 283
44 188 232
95 169 270
59 38 274
23 146 179
98 82 272
74 199 294
81 159 240
93 93 186
53 9 105
59 60 254
66 32 138
2 112 156
64 21 95
19 114 140
40 114 160
18 150 232
60 53 118
63 57 153
27 92 126
86 31 227
35 187 339
35 169 206
93 184 325
30 168 232
23 150 335
93 181 324
85 50 138
57 182 380
96 100 372
46 90 211
69 16 87
82 19 250
100 162 311
89 181 299
72 126 362
94 123 222
87 83 173
66 102 173
11 109 126
32 106 236
40 59 115
33 71 109
21 46 260
60 52 218
19 187 215
2 77 118
70 92 342
75 74 258
22 34 99
93 79 178
73 52 147
84 138 267
46 166 235
36 102 177
52 119 229
41 156 206
55 20 79
76 55 145
1 16 33
100 95 226
88 77 214
6 108 116
23 116 146
72 133 291
16 118 146
2 69 78
85 99 207
59 195 260
98 65 166
65 32 105
59 151 254
36 17 103
44 8 53
69 178 286
98 36 138
47 148 202
30 177 227
14 45 191
53 7 87
55 162 250
61 44 110
37 69 177
75 1 250
100 66 323
51 96 153
100 19 126
10 13 49
45 64 253
91 14 162
46 158 206
51 125 184
91 188 369
80 157 403
21 17 38
86 155 297
90 75 165
25 75 103
88 120 211
78 75 163
61 139 376
81 106 192
88 125 357
79 173 302
57 199 259
35 55 258
58 163 227
34 30 261
56 181 251
95 133 232
47 155 252
92 70 212
84 109 234
57 8 88
28 26 60
61 133 241
22 30 54
74 126 398
88 150 261
87 118 217
38 94 152
17 4 25
17 120 295
58 170 353
14 120 174
94 2 105
77 190 414
20 21 132
89 11 229
39 54 94
35 193 328
77 6 241
35 183 416
22 16 176
71 128 342
9 112 154
11 193 212
14 137 155
83 181 294
26 91 231
57 34 268
56 25 124
19 186 214
67 191 275
10 83 101
91 96 191
57 15 77
28 95 155
31 147 304
51 114 201
98 120 226
33 10 46
36 38 83
80 136 251
19 163 182
72 14 89
56 81 142
20 91 114
41 71 116
21 109 137
38 4 52
60 160 250
89 184 317
50 0 134
48 95 152
53 170 233
67 5 77
21 104 128
23 80 110
45 64 115
16 136 170
97 139 238
15 136 195
77 179 430
25 55 214
27 80 135
42 175 409
46 48 94
32 65 106
84 61 158
87 19 276
87 152 367
29 0 154
26 137 189
6 100 244
52 179 232
41 198 267
90 11 142
46 40 95
53 53 156
66 187 263
47 159 387
44 56 110
27 183 212
62 179 250
71 53 171
94 36 195
60 165 275
63 22 101
77 1 84
28 135 168
9 124 172
61 64 255
22 101 152
82 162 434
22 2 31
49 47 101
64 17 87
31 135 175
64 80 154
93 190 287
36 46 85
4 76 203
89 104 237
5 110 128
18 186 207
98 195 293
73 27 106
98 27 170
43 196 283
95 163 265
74 163 237
11 185 206
30 188 258
12 85 161
83 87 201
27 11 52
24 97 153
16 120 148
83 138 236
16 148 171
20 161 183
86 158 267
75 27 112
37 93 164
