890
86 110 242
86 173 381
63 66 161
19 50 182
84 79 170
87 157 287
87 152 285
43 187 232
8 33 95
66 147 220
20 118 144
12 16 58
100 105 210
89 67 174
14 102 123
43 115 220
17 61 100
38 86 129
4 45 92
45 55 110
9 140 178
43 122 169
17 93 118
62 33 137
22 45 94
4 7 153
32 50 103
71 128 235
54 2 72
64 195 267
8 193 221
94 127 376
3 13 26
71 105 215
95 79 183
74 109 232
56 61 160
83 0 89
34 38 73
71 53 138
52 19 122
16 32 142
50 199 286
28 185 222
18 193 276
48 45 104
80 36 178
39 33 73
61 22 143
57 27 125
10 177 225
9 123 141
79 164 245
45 132 211
10 2 146
53 105 229
58 122 183
74 14 108
35 34 208
66 122 204
68 194 293
37 99 148
85 55 180
52 105 159
88 0 103
18 117 159
85 22 265
76 106 192
72 22 126
52 64 126
45 62 125
80 26 107
25 81 147
40 85 127
18 157 181
58 176 262
55 146 248
74 41 251
32 9 47
31 95 245
12 1 41
29 48 176
80 5 89
88 78 240
10 10 22
59 175 249
70 15 119
89 73 323
46 146 202
46 99 172
37 173 216
74 199 367
78 41 139
55 110 349
46 57 301
91 34 169
24 32 74
54 44 162
70 17 97
99 133 233
22 34 56
1 144 148
31 168 206
92 148 429
43 124 177
27 172 219
44 55 105
73 122 218
85 154 299
14 28 49
18 100 303
67 166 280
68 89 197
17 133 155
58 93 157
46 25 103
88 158 287
18 18 36
6 167 207
75 189 283
82 90 177
70 31 109
73 3 108
58 144 209
91 142 259
33 116 185
32 90 278
69 65 154
14 137 157
9 125 142
58 101 265
59 141 218
12 129 290
27 32 101
29 159 238
66 105 316
42 168 210
57 58 155
46 0 193
45 135 219
4 8 19
31 183 223
91 147 271
68 23 92
8 162 242
12 41 87
37 5 50
74 30 153
48 150 199
61 11 99
61 125 194
51 5 64
29 63 245
83 149 367
76 126 237
72 150 282
62 67 137
31 152 184
92 131 301
49 3 54
41 182 281
59 112 172
71 150 228
55 120 177
87 20 108
16 177 214
49 108 347
75 7 249
82 121 232
66 107 329
74 100 327
21 46 69
65 1 111
86 30 126
50 47 171
25 48 100
50 169 246
63 194 265
48 123 197
43 144 190
57 116 177
54 150 232
21 110 167
94 146 380
100 96 251
40 162 209
92 175 406
89 109 286
54 19 81
12 14 56
20 79 138
26 143 175
10 199 210
52 138 191
74 188 266
66 107 181
66 155 258
12 13 32
40 98 287
68 23 181
67 5 148
66 74 148
75 24 116
90 184 281
20 56 76
1 173 175
11 17 69
32 76 113
74 153 274
18 102 230
8 104 145
78 170 348
91 144 298
18 151 177
81 61 150
53 127 188
93 41 291
99 164 265
48 37 90
33 143 184
84 130 285
52 155 211
59 185 392
69 129 207
54 55 112
63 153 221
16 100 124
48 38 89
92 6 105
1 33 39
13 75 93
6 197 210
6 190 201
87 42 198
84 32 126
64 128 206
45 154 206
82 43 307
21 88 135
89 151 243
56 87 144
42 12 90
93 199 424
6 129 183
48 138 194
3 195 199
52 81 134
9 119 141
17 165 371
93 22 137
99 193 464
83 183 310
95 106 390
48 75 312
99 114 234
14 124 172
88 54 149
91 10 258
3 1 42
42 153 231
76 19 99
12 4 121
93 18 143
11 89 174
100 121 223
50 4 91
98 166 270
1 124 128
84 158 250
68 61 290
39 7 72
6 18 158
98 142 242
45 120 287
6 22 42
18 193 245
43 143 233
59 21 112
55 164 391
91 21 119
96 152 253
50 168 359
71 2 121
89 81 203
85 80 361
97 113 216
40 168 220
66 139 231
54 122 204
50 5 184
12 67 154
42 67 191
97 163 270
23 6 41
95 143 240
17 189 256
41 109 150
26 9 40
43 40 130
88 27 121
57 148 209
92 22 154
44 175 228
69 163 237
89 183 280
27 107 158
29 19 214
88 38 134
98 122 222
28 35 116
13 100 118
35 118 158
87 169 266
24 166 195
96 122 244
32 24 164
92 180 288
21 7 51
75 178 266
95 43 285
29 159 225
92 196 289
72 35 306
67 58 190
62 124 187
32 46 85
42 13 129
9 58 77
41 59 134
27 93 168
4 155 194
26 1 36
82 97 224
69 101 183
96 16 118
29 104 143
18 72 93
1 124 132
16 54 80
26 3 33
88 95 189
6 12 49
54 170 408
41 34 192
82 111 205
96 52 177
68 30 199
94 175 270
69 126 205
77 36 123
69 145 233
24 54 84
19 156 183
46 78 141
100 85 251
95 163 332
72 98 170
54 149 203
14 53 84
2 109 124
81 61 146
65 51 125
49 24 114
23 16 48
24 12 36
37 93 266
20 171 325
17 0 141
36 197 243
98 107 207
47 21 79
14 199 301
86 171 319
8 153 236
91 81 194
46 61 121
68 164 356
29 41 75
74 8 101
26 11 223
69 91 242
11 77 97
48 151 358
65 128 231
16 132 193
48 2 90
34 150 189
73 26 99
95 1 158
29 52 83
88 8 104
100 69 295
71 105 196
38 28 110
84 22 194
37 2 40
92 192 390
17 173 203
30 93 140
74 12 131
45 90 144
17 57 80
85 187 466
55 90 153
4 113 284
86 56 185
32 165 202
14 76 174
83 126 209
79 106 186
56 41 137
42 92 134
8 169 186
82 126 233
51 187 273
39 73 159
14 156 170
87 178 457
20 200 375
73 32 224
14 11 33
74 53 173
98 200 307
74 2 248
15 58 80
68 129 244
27 123 155
73 99 182
69 191 260
13 175 197
36 152 222
77 43 120
74 86 181
44 22 242
89 19 131
4 134 144
71 186 303
25 105 169
80 44 265
24 74 104
63 113 193
14 181 224
54 174 235
30 14 88
53 153 240
40 172 230
97 175 304
89 160 397
52 21 78
18 96 296
4 83 89
29 126 304
21 115 164
56 95 174
75 75 192
2 116 145
40 179 226
28 200 228
41 118 161
23 72 118
59 121 321
1 44 47
80 69 159
41 18 73
5 52 57
16 191 208
20 60 86
83 6 111
18 46 258
65 119 210
9 81 93
5 128 150
95 48 331
88 30 166
39 11 55
44 129 176
49 160 217
6 17 62
19 163 262
66 78 173
81 123 208
77 188 273
17 75 112
18 69 196
88 134 231
85 86 230
12 170 302
78 19 102
38 48 86
51 130 191
27 50 108
56 87 337
2 187 223
76 195 271
49 129 188
68 20 247
16 117 231
35 16 66
58 133 197
94 68 179
23 63 136
51 103 299
100 34 134
59 11 221
43 138 181
98 160 294
90 41 139
11 30 46
29 153 205
72 42 148
86 87 201
64 103 271
51 177 281
76 66 156
82 79 267
99 97 198
77 178 256
45 61 110
9 155 188
95 108 331
50 74 129
93 116 214
64 139 205
30 8 41
19 12 37
28 72 138
89 23 151
95 38 301
65 161 297
43 14 63
55 8 69
2 11 15
49 22 114
33 97 188
30 185 225
26 52 169
8 4 47
63 22 91
11 37 89
60 75 176
98 14 115
22 140 191
81 63 152
57 57 124
11 92 153
16 112 131
84 116 207
64 93 208
10 162 222
77 61 268
88 28 135
16 14 33
5 108 120
3 162 286
91 116 216
6 15 31
84 94 340
97 193 302
22 76 106
40 102 148
67 165 298
46 58 210
44 128 194
94 59 187
86 58 146
53 137 198
98 80 178
62 152 220
72 83 163
76 136 242
87 17 105
85 15 121
57 141 198
68 188 257
53 123 363
22 160 215
97 60 313
73 72 147
5 132 146
100 63 180
33 40 81
66 30 112
29 177 247
10 65 77
96 134 238
55 8 126
16 100 126
43 151 204
1 186 215
30 10 87
33 74 112
42 14 164
63 164 232
18 21 161
49 144 218
66 136 212
40 9 59
31 130 172
57 196 263
89 43 149
71 8 130
93 114 216
28 72 147
21 195 222
3 114 119
69 165 240
96 199 298
75 72 147
94 73 215
88 43 138
70 58 162
75 199 278
40 122 205
51 11 69
75 117 196
83 102 279
85 98 183
67 19 130
11 37 96
39 122 292
12 71 195
59 172 410
81 158 424
4 162 167
88 27 122
48 56 111
38 84 126
79 125 235
2 142 166
46 129 240
61 106 195
61 37 281
88 186 279
38 168 223
4 136 166
38 8 150
3 100 103
57 180 243
58 53 215
12 155 175
24 107 132
53 37 126
85 132 219
32 144 250
4 148 159
19 121 146
63 46 145
51 76 277
22 42 67
64 134 232
8 152 168
26 176 207
12 56 237
34 114 158
35 156 212
5 160 262
37 153 193
49 60 115
56 80 179
51 180 234
93 72 169
69 140 213
36 127 170
20 39 59
9 71 85
4 125 322
60 20 83
85 150 238
56 163 245
26 144 213
31 30 67
62 14 76
57 32 93
3 184 187
34 171 213
31 78 193
90 44 191
84 89 178
16 146 185
88 86 190
96 183 377
43 87 258
46 166 243
89 18 109
68 91 162
75 171 288
67 148 222
55 152 213
13 198 213
47 0 52
94 37 139
44 56 154
28 72 169
51 155 214
33 1 43
84 82 201
66 3 117
33 199 368
79 58 172
14 155 302
40 140 211
82 46 129
58 12 80
27 59 102
80 82 324
1 169 175
53 83 136
55 124 189
19 184 209
29 182 306
31 36 72
27 193 260
73 144 240
13 36 123
72 20 168
48 191 239
33 200 340
33 118 182
17 101 121
75 61 166
19 38 84
33 13 185
49 153 308
24 189 222
82 94 324
38 40 117
42 198 255
13 48 108
98 174 347
33 145 187
96 76 185
16 68 87
89 15 114
40 120 210
84 96 196
15 136 267
84 45 174
48 30 93
22 152 181
89 102 301
11 49 62
36 174 215
88 152 365
2 171 359
14 91 132
28 77 107
98 7 141
12 7 35
100 59 160
70 130 217
78 81 205
64 4 111
4 133 142
85 65 196
26 88 122
73 135 263
32 137 176
33 69 253
97 19 264
74 79 163
93 117 242
62 167 239
51 143 205
58 57 129
53 196 254
91 184 280
14 171 192
13 55 90
11 171 373
74 87 236
31 59 170
41 73 193
54 15 69
46 155 221
73 46 124
95 164 297
21 147 206
37 36 78
65 118 188
90 23 124
79 38 126
80 136 218
40 83 169
93 25 167
66 105 192
58 64 142
78 138 273
88 86 174
81 69 192
3 140 157
39 71 256
12 167 183
63 139 204
73 177 379
69 9 83
13 70 120
99 57 166
20 149 219
22 52 76
18 60 122
67 4 102
90 1 142
63 3 75
24 120 151
74 193 270
8 78 88
7 128 136
29 93 127
47 62 208
15 65 213
76 60 201
86 22 115
94 179 401
21 179 205
36 20 103
43 120 223
80 197 283
24 139 191
21 119 140
6 193 207
32 125 179
50 176 242
88 198 291
78 66 164
99 192 332
57 196 258
30 11 69
7 182 315
14 62 94
59 194 253
60 61 128
27 28 159
27 49 219
89 138 269
69 27 120
43 169 216
29 40 217
21 83 181
9 183 200
31 104 140
81 158 263
67 30 103
83 58 189
97 7 213
14 90 114
31 36 85
87 110 238
82 105 191
74 99 368
9 105 116
99 19 305
2 46 184
76 108 193
49 169 225
59 89 175
97 170 337
5 152 201
77 114 234
43 191 264
50 161 227
22 45 88
27 68 103
86 84 367
84 61 150
93 9 115
68 88 165
83 45 209
28 111 164
59 83 142
52 145 226
82 174 283
37 157 242
82 21 130
87 115 211
49 26 89
71 172 255
39 111 154
68 5 94
43 178 316
84 88 215
94 89 190
72 127 245
14 62 95
54 8 72
35 123 187
78 135 225
53 121 340
72 170 266
54 104 161
9 29 51
