350
69 97 351
85 146 243
40 121 177
53 28 106
28 131 194
88 183 288
37 41 95
87 166 253
28 15 69
35 94 160
70 118 232
36 14 53
71 111 266
100 179 306
91 52 147
54 185 313
60 64 130
42 110 182
23 131 190
71 94 175
84 99 185
69 199 271
27 197 253
8 68 80
71 111 182
75 57 321
30 67 145
32 92 144
77 6 129
32 188 234
35 53 136
41 32 115
58 87 160
81 86 180
73 67 155
58 169 231
86 159 401
14 125 161
25 60 227
34 67 111
95 83 182
57 169 276
56 108 164
80 48 130
80 156 268
76 21 128
92 0 218
19 58 79
43 144 216
94 179 290
54 177 238
86 42 130
89 86 215
67 21 92
7 164 216
31 165 197
75 162 394
42 53 220
55 187 242
14 65 116
96 46 255
47 89 139
7 165 336
68 192 270
70 165 238
21 55 121
2 51 60
21 15 77
58 92 158
51 161 249
85 104 236
3 138 151
57 194 258
41 136 287
59 139 223
18 199 218
19 194 230
44 187 255
56 175 251
84 174 267
62 139 295
59 148 207
36 118 156
19 127 237
13 168 274
1 163 170
49 52 188
35 159 214
26 150 212
90 8 170
30 158 219
74 1 264
62 188 279
85 76 212
61 141 247
36 45 85
93 24 139
2 125 313
9 47 88
91 58 154
29 78 110
100 168 285
37 155 199
13 101 115
78 43 174
90 122 254
99 96 269
96 160 276
3 88 96
93 7 137
7 191 232
9 87 99
94 34 155
17 76 115
88 170 375
72 49 127
93 23 304
28 38 73
91 114 234
75 159 270
80 200 291
22 120 221
65 14 195
25 162 296
32 54 210
34 11 219
5 75 110
6 53 63
36 114 161
40 57 135
53 84 174
100 33 201
100 134 237
50 35 85
89 36 288
84 108 194
53 172 232
50 14 65
81 197 318
98 181 285
4 179 211
99 97 373
24 26 73
69 72 280
23 200 229
15 135 185
30 134 177
28 62 104
82 40 316
37 182 226
64 152 225
42 82 134
53 136 266
61 67 129
7 174 231
1 82 215
13 23 62
13 158 186
93 76 244
36 160 234
8 163 259
65 127 266
78 11 284
49 34 91
96 122 247
12 58 123
10 2 22
41 127 178
50 185 374
30 198 355
49 3 75
68 122 379
78 105 184
41 111 194
100 184 293
88 190 278
27 131 300
96 185 281
63 14 86
90 66 164
56 87 153
34 185 263
9 38 48
17 179 329
94 23 122
4 83 93
58 69 172
74 65 146
37 87 160
49 140 208
74 77 175
24 65 100
33 111 159
78 16 104
47 176 233
26 158 212
38 42 123
4 164 209
96 155 259
40 199 273
15 129 191
10 60 70
80 13 195
89 196 362
94 183 280
30 2 51
51 162 246
90 128 266
50 15 228
4 53 246
71 28 119
4 183 234
6 114 125
81 171 256
64 109 177
69 186 398
13 92 129
45 143 196
73 17 90
81 130 213
28 102 175
60 121 321
76 185 261
61 179 244
10 30 54
39 83 148
57 55 162
88 46 142
37 81 251
64 196 292
86 114 328
32 92 127
28 98 134
64 198 369
100 59 178
92 128 222
31 121 277
45 96 183
33 2 159
75 30 148
96 75 174
76 103 208
11 157 314
66 22 130
28 164 197
14 48 67
6 48 59
90 57 179
49 142 245
77 14 96
43 104 148
73 115 321
33 165 299
76 22 135
93 143 243
50 4 71
89 176 275
96 53 248
14 131 256
83 5 98
25 160 187
96 156 259
39 107 206
52 35 200
8 1 103
42 86 168
52 51 109
85 53 185
29 100 153
42 100 145
58 95 154
16 96 264
3 192 317
19 94 142
9 145 159
11 21 46
34 119 154
72 21 94
5 93 225
60 124 222
48 111 184
39 90 159
77 27 111
34 150 315
36 112 160
7 132 334
72 170 291
64 123 221
60 78 166
73 28 103
64 71 147
79 2 122
60 151 221
91 79 176
8 115 126
84 18 105
21 139 161
96 53 271
20 41 71
51 14 105
50 143 382
79 150 234
37 138 180
60 123 295
55 4 202
83 172 256
64 7 114
7 85 123
34 58 95
85 179 364
45 158 208
63 12 82
33 30 89
62 30 119
42 55 102
65 78 235
42 62 105
1 194 201
77 98 213
98 44 177
43 111 283
65 183 426
24 169 201
12 144 171
92 0 215
65 95 202
73 181 267
94 118 233
3 112 119
16 139 323
82 50 197
25 111 171
100 64 194
97 53 176
7 123 162
40 16 62
25 109 135
96 122 267
37 71 279
76 103 188
26 19 59
14 188 210
2 156 204
18 173 196
98 35 139
71 179 251
100 115 377
66 138 208
92 169 294
10 89 124
