1000
20 85 201
73 58 140
49 188 243
59 157 217
85 174 295
83 165 281
66 103 331
18 35 53
97 96 195
36 47 88
99 58 203
86 144 243
93 196 301
32 151 188
58 117 344
52 50 110
71 47 281
22 136 167
88 119 210
24 90 158
89 143 240
88 130 224
67 195 266
67 27 107
53 46 113
1 129 137
59 198 396
33 196 237
22 1 29
9 18 34
100 92 236
54 129 222
50 174 243
22 98 162
54 132 200
71 173 277
3 2 23
82 90 182
83 127 229
92 50 222
67 125 221
53 106 194
72 6 79
77 158 372
61 129 224
52 115 173
41 1 48
28 70 131
40 87 139
53 186 243
81 28 115
90 13 104
71 63 166
10 146 304
30 50 82
85 191 296
16 38 85
78 45 130
84 32 123
93 104 206
62 188 260
51 128 183
61 143 267
50 145 285
90 110 397
96 97 218
11 15 55
42 128 174
13 34 83
13 100 127
51 67 125
35 191 229
32 112 271
23 75 102
48 3 58
30 169 338
13 63 123
18 104 206
10 132 191
64 190 293
78 92 194
32 172 239
54 124 178
66 129 203
19 9 78
32 125 243
46 6 99
87 187 281
43 105 206
14 110 224
88 181 326
2 168 348
90 145 235
44 8 190
28 28 101
8 35 182
88 34 147
83 103 365
93 108 251
22 156 251
65 120 199
86 132 380
4 59 63
50 30 116
6 158 164
47 141 388
2 1 43
9 37 118
48 35 93
88 108 197
9 15 220
32 115 184
35 73 151
60 118 296
14 51 81
24 57 83
68 187 262
14 24 80
32 143 175
21 140 174
42 87 136
44 2 217
60 136 197
57 21 86
30 60 119
69 169 247
95 79 212
53 69 129
68 101 203
11 71 238
30 174 367
29 160 201
78 32 119
10 165 218
42 2 51
58 8 68
62 61 132
10 142 172
30 9 39
82 2 92
13 69 90
28 139 169
16 85 152
23 90 269
60 11 78
12 167 316
41 130 366
79 103 192
74 124 224
51 129 203
29 58 125
45 93 142
50 111 163
74 67 147
76 166 369
76 118 247
53 47 106
73 134 212
15 175 199
39 94 177
51 187 259
72 87 294
58 24 84
76 106 229
99 36 137
14 162 196
33 181 340
34 76 153
41 103 192
40 144 188
72 180 345
40 89 137
11 101 138
49 200 270
29 193 352
28 43 96
76 126 279
100 152 255
25 56 84
88 76 325
21 77 103
67 1 76
30 150 187
37 74 135
21 80 105
8 34 52
81 32 137
100 53 159
24 193 222
100 180 289
36 25 65
87 175 265
4 52 64
43 11 83
28 132 164
23 189 239
53 133 190
85 198 286
75 173 272
75 100 203
69 40 111
18 128 164
69 73 165
32 113 336
34 186 417
86 175 294
51 20 219
35 81 124
61 127 193
73 91 169
70 133 392
27 15 42
13 25 211
53 105 161
62 10 171
88 189 471
50 131 184
53 170 230
2 38 43
80 137 385
94 111 215
38 21 66
48 183 233
86 60 156
24 58 84
37 191 271
28 104 135
56 98 160
32 36 108
6 63 80
9 153 179
92 124 224
38 194 236
33 70 151
76 70 153
29 10 71
27 32 67
39 194 249
93 2 222
68 115 241
32 64 110
4 45 59
58 96 160
41 177 261
4 185 281
86 165 431
54 14 75
18 51 119
10 163 202
86 174 285
91 120 228
9 180 267
56 135 195
14 166 194
32 88 132
3 126 169
58 145 243
79 82 289
57 189 250
48 113 197
99 156 291
97 149 253
33 103 257
53 109 172
9 196 212
54 91 199
69 18 88
20 1 22
15 165 329
52 173 338
43 163 236
78 140 225
88 25 116
82 125 212
98 184 290
27 111 155
54 96 200
88 188 380
14 76 117
73 49 122
41 194 275
86 161 248
21 65 96
31 9 49
71 96 171
59 42 105
70 116 188
73 148 269
39 168 217
72 197 271
92 143 238
89 179 459
30 144 180
57 196 275
69 0 248
58 178 243
3 186 230
44 124 195
69 50 152
74 20 147
15 167 289
75 20 103
63 111 182
91 186 301
15 198 213
81 50 176
20 187 211
73 2 109
91 72 166
22 9 33
28 53 86
77 181 301
40 185 413
51 162 220
91 133 302
80 142 249
94 12 106
19 134 163
57 133 234
42 185 322
12 48 153
48 124 173
93 12 140
28 110 161
84 177 296
91 114 208
81 40 127
58 31 287
63 28 101
90 79 172
88 2 284
6 79 107
25 91 194
81 43 130
18 155 177
36 151 197
52 54 130
29 9 99
42 21 261
73 179 252
7 152 186
98 34 177
5 72 112
17 0 31
91 84 311
10 48 87
99 171 421
40 6 62
20 116 239
12 36 98
11 17 114
85 21 116
81 179 267
81 76 221
72 170 291
11 85 245
43 91 152
26 191 220
81 167 411
85 159 277
90 56 184
45 196 438
67 38 123
26 42 114
1 44 91
60 101 161
64 122 267
91 58 241
90 62 164
99 197 478
76 54 138
13 160 175
83 92 182
86 169 257
7 132 281
12 172 225
55 111 340
16 93 110
38 171 325
22 34 60
38 52 102
7 94 145
12 58 204
78 17 98
93 99 202
1 134 308
17 61 80
32 159 213
38 174 216
75 43 123
11 169 190
73 73 179
4 121 134
98 114 222
33 48 98
76 118 325
17 74 249
80 31 120
3 135 148
100 172 316
49 20 75
96 92 301
62 160 232
23 82 147
18 10 171
67 89 159
46 106 156
13 121 299
2 154 164
96 135 242
59 81 147
49 108 162
14 152 296
49 89 156
91 160 260
5 180 292
10 18 75
94 163 295
1 46 151
99 153 372
73 90 174
43 13 189
39 139 178
79 58 176
82 142 233
36 1 72
25 158 319
52 88 146
20 133 246
100 174 343
88 170 263
86 16 104
64 103 340
29 137 171
21 136 184
25 166 194
22 70 94
50 15 69
27 35 112
67 69 178
44 40 128
79 73 158
78 138 225
52 18 95
9 66 77
57 189 283
96 53 151
52 150 250
9 77 135
78 109 193
33 129 166
89 52 149
7 79 97
92 23 157
63 160 224
71 181 356
79 123 203
19 90 117
16 92 158
23 153 271
19 71 93
78 83 187
71 85 162
85 123 235
31 69 104
6 187 201
24 195 234
93 130 225
5 74 81
75 200 353
74 185 260
87 100 190
23 143 176
63 138 215
5 70 114
16 125 328
70 194 272
59 72 142
69 44 265
53 158 239
78 187 271
65 150 282
53 131 192
63 142 215
91 142 376
79 17 96
63 181 245
83 118 205
71 177 274
20 68 91
1 155 160
24 153 199
69 177 294
99 158 276
85 152 412
24 130 314
17 171 191
27 113 144
57 149 210
40 11 66
47 116 212
10 68 121
34 154 190
61 71 134
13 147 211
2 136 142
69 193 268
16 152 184
34 189 256
46 105 151
23 24 58
68 195 263
74 79 181
38 21 222
68 61 137
38 85 123
67 9 81
20 88 112
4 197 243
13 36 145
24 163 197
78 92 234
80 20 110
70 28 120
90 91 335
24 107 145
17 69 166
9 134 143
13 36 56
12 13 25
69 38 113
60 199 260
63 43 108
1 69 74
46 159 206
29 40 73
68 179 425
29 80 140
69 66 327
88 132 255
2 83 175
84 17 101
67 25 99
28 132 188
81 108 217
81 55 142
11 68 114
62 135 201
59 177 238
54 141 196
73 105 180
56 18 77
21 117 139
30 82 120
4 133 182
90 8 105
96 36 177
86 17 104
98 134 232
28 82 222
93 104 200
98 51 152
59 35 97
98 151 280
6 179 269
49 165 221
57 86 239
59 49 139
66 180 294
70 154 236
33 64 115
21 169 311
53 22 82
59 174 240
30 45 79
100 148 255
40 93 311
49 47 100
70 17 184
88 85 174
21 94 115
43 82 128
17 48 101
30 8 217
44 128 286
100 125 250
39 108 181
75 31 118
43 147 202
13 138 155
9 43 99
52 73 143
77 69 172
50 10 70
95 111 378
46 174 230
32 110 148
49 62 144
76 22 104
89 67 318
17 42 59
25 98 131
15 138 237
17 37 86
40 11 72
44 119 170
14 5 57
71 67 182
33 93 153
96 117 216
44 108 224
27 38 201
91 29 128
27 70 104
81 142 249
65 141 219
66 20 249
99 159 444
83 79 344
31 179 251
55 3 97
6 51 83
23 17 46
16 162 220
85 115 249
66 109 258
17 112 153
26 38 64
66 58 147
94 100 197
28 94 165
23 153 215
60 5 82
28 71 149
85 43 148
35 13 49
66 78 309
98 62 201
82 3 85
23 26 71
34 116 185
91 181 448
21 150 343
55 108 195
21 161 186
50 143 212
79 117 197
74 101 255
12 169 313
9 113 122
39 157 260
45 93 143
58 179 238
26 152 246
47 61 157
19 52 195
37 193 233
80 136 240
25 89 124
53 60 117
55 155 222
67 7 100
92 165 261
44 13 61
84 30 170
2 127 136
15 195 366
43 155 203
37 135 176
3 65 74
81 4 89
81 8 111
93 65 162
82 50 178
95 29 170
41 137 210
69 193 280
18 8 27
68 34 106
30 3 140
71 174 274
41 49 143
82 167 252
36 53 116
46 88 158
83 133 244
62 189 334
42 188 386
63 165 236
27 186 217
61 75 186
54 129 216
72 2 145
95 82 242
33 18 177
8 82 197
64 138 272
39 181 294
3 13 215
85 141 235
90 110 234
87 178 269
77 109 191
57 141 246
5 66 79
45 17 63
28 198 360
6 145 153
90 172 262
76 163 245
64 165 259
54 127 208
86 187 283
97 2 140
53 128 307
34 122 223
66 80 183
83 104 193
13 64 245
76 153 257
81 78 168
63 174 250
41 132 291
33 90 134
19 176 195
35 69 241
36 145 214
71 193 287
95 64 186
38 123 181
34 52 93
52 109 348
25 63 89
43 181 246
34 0 49
23 4 131
48 141 191
87 84 197
39 121 162
42 189 239
85 180 272
23 135 160
82 82 170
20 85 105
39 167 221
84 78 169
71 38 114
86 176 262
99 44 165
22 90 149
24 118 142
6 178 186
38 78 123
42 76 125
46 61 114
68 170 245
38 94 142
98 45 180
58 68 304
56 120 196
64 64 217
28 29 71
2 178 254
46 69 121
79 107 191
8 77 266
95 109 270
49 23 84
85 20 258
34 189 225
75 65 180
42 192 263
48 8 106
32 100 132
28 116 153
25 94 167
37 171 255
37 6 57
42 152 202
28 179 248
37 10 54
75 58 142
60 11 195
89 33 250
21 24 51
12 115 271
89 200 461
61 191 252
92 6 260
64 135 237
28 80 111
83 121 212
78 148 240
87 160 275
45 194 259
29 149 189
91 152 433
83 27 113
54 167 350
37 107 149
88 198 290
41 30 115
4 180 194
40 158 225
45 65 110
40 163 225
69 14 188
33 146 213
92 114 245
25 168 203
29 19 53
81 144 231
52 93 172
73 29 127
9 28 201
8 194 388
1 91 161
70 10 97
6 19 33
85 9 230
7 84 97
43 158 207
50 128 183
67 178 246
19 2 68
83 190 273
34 14 94
79 184 301
6 105 111
37 116 169
17 113 132
60 101 161
36 73 112
6 187 327
63 187 253
36 85 124
98 199 309
81 152 235
67 47 114
25 1 28
85 45 136
32 78 151
20 73 94
6 124 135
74 182 421
49 124 177
39 37 120
32 2 59
29 126 165
35 4 85
68 164 265
59 116 224
66 186 258
52 59 148
7 106 214
51 64 165
12 0 13
59 190 324
54 23 176
52 159 278
55 100 160
50 180 362
93 114 215
75 99 325
12 159 174
39 58 291
6 153 207
50 176 249
72 47 122
73 173 247
23 97 135
19 110 242
30 146 214
79 77 165
50 21 89
77 181 348
57 13 209
44 197 251
26 192 228
39 193 292
31 111 247
87 190 308
58 146 210
37 168 278
17 200 224
27 98 171
34 192 230
94 130 231
31 123 163
51 138 267
99 185 299
42 108 177
79 63 148
27 137 214
75 84 164
69 127 201
5 179 189
38 36 84
91 187 278
15 139 172
20 99 120
12 33 90
94 49 149
27 84 117
41 97 139
18 77 181
87 137 228
57 130 187
86 193 286
52 89 142
35 114 157
53 190 271
34 111 176
45 0 193
29 16 55
64 171 243
51 6 59
42 43 87
5 82 97
30 2 32
13 92 134
82 199 370
36 133 170
16 185 342
93 160 268
61 108 175
19 198 277
83 118 202
57 122 229
94 15 259
65 92 300
35 19 61
99 18 232
32 17 228
56 86 157
9 94 150
55 145 378
6 40 162
56 86 190
76 179 261
71 165 414
43 183 354
68 198 270
82 49 156
31 199 236
24 30 55
63 200 407
45 171 247
51 126 184
34 194 237
69 28 97
17 20 230
93 120 259
39 199 348
69 147 288
33 144 197
48 138 203
10 5 26
53 46 104
60 182 255
92 41 170
28 51 110
3 51 88
66 28 131
44 168 215
58 123 229
52 150 211
83 140 272
51 103 318
41 159 246
48 23 183
30 126 165
31 154 191
22 140 163
90 59 229
40 12 96
50 16 73
21 81 114
16 162 357
5 67 81
80 129 217
24 27 72
35 1 37
78 86 351
52 178 240
98 41 139
47 163 245
19 66 112
8 57 69
70 37 275
4 62 68
5 117 130
60 83 147
44 107 251
29 179 212
59 176 238
7 27 67
38 126 170
49 82 282
41 7 56
