320
99 61 160
42 163 338
26 20 55
36 166 343
48 173 231
57 12 70
43 16 80
78 165 264
57 111 180
18 7 46
50 49 123
26 140 168
99 109 242
17 82 141
42 92 139
20 171 196
60 167 235
76 170 288
6 65 151
73 115 307
85 108 193
82 95 187
90 1 136
87 41 285
90 163 289
57 200 267
90 34 131
26 110 145
81 122 385
73 19 128
46 112 223
2 25 110
23 134 160
67 181 270
82 142 292
74 145 219
79 2 101
60 120 204
45 186 268
69 27 152
96 182 286
79 0 198
32 100 152
12 52 75
100 102 202
56 76 231
7 149 158
4 119 291
93 57 275
46 44 99
93 175 318
91 58 180
96 122 252
34 0 43
10 16 63
100 97 245
95 48 281
90 62 156
15 1 178
34 159 197
90 109 206
71 58 185
63 51 124
53 186 282
70 48 126
64 139 207
23 145 173
71 122 285
6 173 188
26 117 148
5 165 274
3 47 51
18 58 147
72 107 184
51 166 252
19 88 271
41 200 261
7 81 90
47 193 241
58 167 225
25 112 147
34 149 222
67 30 101
53 81 151
42 93 137
86 120 208
52 119 305
14 51 230
30 178 356
43 20 90
38 102 287
42 113 157
85 50 315
4 168 302
60 62 149
61 84 145
39 111 157
49 143 261
42 185 231
81 158 278
14 52 74
17 55 80
89 80 215
30 97 146
33 82 125
15 44 67
63 39 131
18 88 106
21 182 331
54 121 197
14 5 23
97 116 331
18 131 191
81 157 259
8 181 221
21 158 196
50 71 136
1 181 184
11 38 92
62 156 266
44 57 104
67 102 219
81 18 122
23 153 212
98 28 142
98 120 230
87 197 291
84 52 212
28 121 149
90 176 276
46 122 169
23 183 290
8 152 210
21 30 57
81 51 182
18 63 107
60 53 116
50 165 228
95 129 269
48 41 129
46 57 111
76 159 248
17 127 178
8 30 48
5 48 53
13 129 160
99 96 201
35 4 154
43 78 279
54 183 267
76 152 229
18 102 147
93 75 169
5 109 125
65 103 177
2 145 153
18 68 92
94 58 153
94 195 316
10 110 122
69 0 72
16 148 297
64 60 202
52 3 55
94 11 281
10 120 143
53 73 133
14 76 94
17 165 340
77 71 172
19 191 217
26 104 130
82 27 116
55 27 82
18 156 179
53 62 119
79 42 127
54 83 143
27 42 113
56 137 344
67 88 164
61 53 122
16 162 223
87 186 296
82 26 111
15 140 179
5 90 135
11 40 54
28 71 247
37 49 171
59 48 108
83 49 156
72 74 146
86 89 176
80 149 264
90 195 472
75 158 237
4 62 71
90 135 226
14 71 271
51 42 226
66 172 271
40 82 133
89 38 162
60 27 132
46 66 119
91 48 149
51 198 279
61 166 235
21 144 203
93 31 129
18 114 132
6 101 112
73 90 167
75 68 151
42 98 241
22 74 181
85 167 311
75 54 289
57 176 239
65 133 198
14 193 208
91 77 188
92 36 134
57 2 84
63 41 136
64 192 259
90 189 351
82 90 211
12 140 154
7 178 231
30 104 178
4 79 243
96 8 184
31 31 71
17 181 200
81 147 278
60 51 142
19 133 322
10 69 79
72 181 270
50 143 235
22 113 259
17 99 142
32 184 222
22 80 103
25 171 219
52 137 202
46 37 107
71 92 173
65 41 108
92 120 217
44 97 146
49 138 253
37 192 276
35 148 188
24 76 187
87 167 279
59 48 206
90 35 135
97 30 130
82 30 115
50 171 227
76 91 321
24 25 98
38 197 277
95 141 291
60 63 154
84 9 115
55 22 79
100 157 354
78 134 268
93 198 333
24 192 221
44 77 125
29 129 181
16 45 70
52 10 88
64 198 265
35 167 212
98 123 245
94 124 260
73 54 247
52 127 201
42 173 263
88 65 186
22 4 116
62 7 81
97 97 366
92 145 260
9 134 172
38 173 217
78 129 243
87 18 115
9 154 205
59 67 173
55 18 256
28 153 196
33 14 105
36 131 176
84 153 282
83 75 164
79 50 129
75 63 191
84 100 205
7 162 216
39 168 213
20 173 198
99 11 117
19 162 208
38 165 323
78 188 340
50 200 260
93 15 259
84 125 215
55 105 166
25 16 58
26 174 207
35 190 227
7 58 74
