100
44 169 259
88 72 192
38 177 403
48 163 233
44 188 236
25 183 278
38 117 194
6 42 92
62 118 180
20 171 388
58 41 99
59 32 189
80 99 183
24 78 106
5 65 91
39 149 316
59 63 167
99 69 171
85 4 118
43 60 133
100 35 143
100 31 138
89 124 218
36 44 87
31 137 171
93 154 279
69 129 204
30 183 359
58 62 135
74 99 177
28 195 227
56 49 109
15 129 144
19 192 218
91 79 269
26 197 225
70 10 103
2 186 220
11 95 143
9 160 305
71 132 219
7 186 202
16 184 202
71 189 266
7 66 78
36 190 237
59 9 103
24 172 205
1 170 213
43 35 164
11 14 200
33 134 291
15 91 236
46 177 223
28 28 174
43 65 179
11 134 147
89 178 271
75 105 188
50 130 340
10 150 219
26 0 29
83 90 302
22 179 250
33 98 138
94 75 174
71 165 410
52 188 290
59 82 165
55 200 265
68 154 260
81 114 233
20 189 218
53 106 181
97 115 246
99 42 143
69 180 250
30 160 220
49 87 255
68 199 277
15 44 59
61 161 226
11 99 143
89 50 234
96 109 211
80 101 186
53 88 194
91 66 205
22 195 222
24 97 158
40 114 190
87 73 180
91 160 293
1 31 75
82 64 152
52 110 239
3 147 162
48 189 239
42 83 143
6 77 91
