410
49 133 190
66 34 126
65 111 226
65 63 137
34 147 217
25 28 239
88 98 227
66 20 239
29 138 176
49 154 204
13 144 163
57 11 73
6 69 125
16 16 66
99 114 225
81 144 352
45 5 132
4 157 161
12 198 251
21 125 148
19 35 72
19 7 49
37 132 314
83 107 208
26 33 82
40 59 138
54 12 222
20 74 243
51 184 415
26 52 88
12 155 173
90 10 297
100 82 191
40 130 192
53 154 248
58 140 216
6 127 148
46 193 398
22 52 113
41 158 219
90 86 185
67 57 154
20 73 104
35 131 189
21 44 104
13 85 107
5 190 205
3 153 224
38 35 81
15 81 103
94 81 194
93 72 167
21 168 330
77 172 254
55 37 101
99 189 437
3 196 199
18 101 124
20 113 134
40 194 238
94 26 125
33 50 111
48 30 83
99 67 195
28 57 88
38 35 80
20 93 125
68 145 213
34 30 107
62 127 211
66 137 233
80 9 90
47 151 199
46 5 189
52 56 140
3 38 137
43 174 392
78 31 111
95 175 288
62 197 445
15 172 215
99 32 147
20 161 205
39 43 88
80 15 118
99 189 462
35 32 109
87 48 145
3 68 80
64 199 270
93 172 307
66 108 364
2 138 144
68 156 357
23 198 232
80 98 185
77 26 112
70 147 408
63 80 143
52 106 269
8 125 138
92 37 131
30 55 86
25 158 210
52 32 96
17 56 75
17 113 137
62 158 228
87 104 222
92 169 296
16 103 126
60 33 113
42 123 187
96 30 155
52 130 314
96 29 148
22 63 123
41 5 56
61 143 278
71 168 278
5 186 351
47 78 134
95 10 151
34 42 112
37 153 217
54 133 243
13 168 181
8 163 293
62 6 103
88 178 274
97 82 212
49 22 121
46 94 148
3 156 185
77 93 172
97 3 118
19 120 139
85 24 111
74 16 93
9 23 40
93 165 268
28 79 291
31 84 122
4 181 242
14 140 163
12 103 152
66 65 177
35 184 279
17 36 190
62 91 238
27 2 31
25 110 147
50 178 236
86 64 212
14 104 156
12 12 26
86 171 266
98 177 286
40 124 168
22 197 221
59 36 103
91 158 282
58 9 73
60 138 308
79 190 275
23 172 200
44 134 310
37 139 201
8 63 75
99 170 460
79 147 381
13 57 91
59 64 133
77 180 301
59 130 318
54 128 375
77 58 186
30 126 165
73 99 199
30 152 197
22 143 173
37 176 230
28 46 125
37 51 129
48 169 313
51 120 361
2 173 211
3 50 216
28 78 134
9 0 121
54 20 74
87 99 270
58 93 152
3 170 178
38 63 101
30 192 230
52 38 128
26 4 101
53 7 87
21 1 31
4 13 25
67 187 268
11 16 212
73 117 198
29 56 169
29 153 359
20 9 160
88 131 235
25 199 233
94 174 276
95 84 271
42 176 350
49 24 102
26 45 74
10 183 197
54 139 210
48 63 136
76 45 197
81 52 139
62 159 222
13 193 215
20 77 101
87 91 277
27 164 196
74 181 415
37 42 79
57 75 142
90 146 311
56 168 257
16 168 229
78 127 215
18 198 277
23 196 225
33 43 175
21 7 39
74 18 129
43 143 226
89 30 124
58 198 359
74 29 215
90 134 240
80 94 191
75 193 279
83 29 230
85 146 316
32 14 69
46 124 181
42 23 232
44 34 81
65 92 167
27 23 50
97 41 138
38 2 41
65 129 213
78 195 315
29 126 160
78 150 341
76 97 272
83 75 165
76 139 237
59 110 175
13 87 223
68 163 374
19 25 72
45 20 200
44 113 179
29 99 209
76 166 266
42 167 215
22 112 198
27 133 166
38 78 120
1 33 79
71 76 186
43 163 209
43 138 255
44 140 210
31 117 167
42 100 170
60 26 109
51 25 273
31 25 218
62 158 378
23 156 182
47 180 259
90 161 266
17 68 128
21 161 372
37 167 211
26 112 187
84 44 130
81 149 231
88 164 256
76 109 288
29 76 289
94 45 142
95 66 170
61 185 284
99 52 154
30 102 249
27 80 123
70 7 257
64 39 111
61 111 177
39 183 230
49 92 150
45 40 132
45 3 56
42 58 129
1 31 55
22 94 124
40 3 240
44 65 109
84 113 255
55 143 206
97 101 198
12 193 213
42 138 181
87 167 430
59 131 196
9 192 211
29 16 97
92 113 208
47 45 203
31 189 266
61 197 265
1 54 204
8 160 345
26 22 244
67 71 185
93 117 212
14 121 144
88 132 224
4 12 20
14 164 311
33 80 114
78 29 125
3 107 120
46 122 176
44 42 86
28 22 51
71 171 300
68 81 159
99 34 134
36 159 224
98 0 128
35 90 237
99 138 320
77 18 101
83 31 154
30 65 161
20 53 76
81 69 158
26 141 170
1 20 23
7 75 88
91 177 277
61 168 234
27 15 164
14 179 202
84 150 235
11 71 86
18 134 153
68 109 262
17 145 187
33 45 95
13 138 180
61 30 169
16 22 41
12 88 131
71 38 139
4 95 100
16 181 203
59 142 250
61 149 211
95 123 411
87 148 392
61 50 113
21 0 116
29 39 103
2 80 133
11 63 78
33 196 267
22 138 160
26 105 161
46 104 304
94 129 270
62 165 233
53 96 151
44 127 173
14 43 98
35 153 317
58 5 91
46 144 199
81 119 209
39 11 57
29 165 203
68 78 325
62 184 247
86 59 320
93 134 370
25 154 183
53 146 281
57 44 131
30 137 199
66 93 165
24 183 220
54 61 146
97 193 315
57 37 97
