450
94 99 197
76 67 143
30 80 118
56 148 364
64 104 176
17 166 202
86 27 255
87 157 280
24 59 86
58 50 113
63 47 110
7 69 103
86 128 319
32 99 134
13 20 35
46 154 328
70 115 187
43 45 138
69 169 244
68 87 264
62 57 124
27 108 145
29 5 38
85 43 133
13 152 175
15 83 179
32 200 242
91 49 141
11 139 195
9 70 270
91 177 348
50 51 138
71 115 285
41 182 223
34 188 222
83 77 161
3 100 146
53 115 301
41 133 257
40 106 177
23 26 92
12 28 72
94 125 323
29 17 81
46 56 106
97 150 255
31 149 186
35 129 201
61 173 237
91 43 139
96 15 124
33 151 208
15 196 214
12 62 75
57 41 120
24 187 228
52 133 227
74 150 269
38 38 195
95 37 135
55 144 207
3 145 155
55 167 229
11 25 38
99 128 230
31 105 137
48 195 246
92 48 172
71 163 238
13 103 126
37 83 125
42 37 86
65 37 247
89 163 330
28 111 148
34 190 225
69 105 351
54 24 105
92 101 202
73 153 406
62 23 86
29 190 226
46 182 234
44 34 80
62 93 177
66 54 145
83 191 295
39 156 201
99 82 187
70 42 117
89 13 112
80 14 113
63 89 161
56 87 151
46 127 332
56 109 174
60 99 308
72 200 275
94 94 196
99 191 339
16 142 193
36 112 149
99 3 111
49 29 117
23 165 221
7 47 99
46 57 111
88 98 190
99 87 236
10 125 141
30 47 84
89 29 120
52 179 254
7 120 235
34 91 133
100 0 295
46 65 121
70 10 89
71 29 231
76 167 252
90 190 282
74 165 268
60 78 141
19 59 81
69 24 99
52 103 196
40 53 96
13 176 232
45 49 253
97 160 287
88 74 216
33 144 209
6 77 90
36 165 211
52 46 106
100 63 177
62 37 125
23 14 38
57 64 126
59 133 200
2 149 174
30 52 92
73 164 386
78 85 181
28 134 197
26 164 215
93 167 261
11 86 243
84 43 215
59 84 149
82 183 268
99 106 220
11 75 105
90 40 246
62 38 108
58 121 189
2 52 155
76 105 231
47 135 336
67 147 216
96 133 324
41 33 79
40 81 185
24 127 293
33 154 204
14 126 187
48 113 170
15 115 155
53 181 253
40 93 157
17 32 81
78 119 289
92 17 286
78 9 115
52 187 249
70 31 292
4 194 235
64 189 444
9 80 95
51 10 105
58 81 164
19 164 187
88 69 157
43 33 174
42 35 80
69 96 165
26 200 276
90 31 131
94 101 199
73 7 100
52 119 338
14 76 133
3 167 196
18 193 242
87 103 240
42 180 302
8 162 193
55 197 396
51 171 399
43 39 104
88 189 429
95 152 247
69 37 112
83 84 195
12 159 303
50 184 237
96 71 201
21 134 225
28 11 45
53 194 292
18 165 185
73 16 116
89 80 179
36 78 117
93 199 307
92 152 265
91 172 304
84 36 127
37 134 221
60 156 217
53 197 255
33 0 56
65 198 431
28 72 105
79 107 189
96 7 108
91 161 284
48 129 207
33 163 196
31 34 253
57 58 118
87 163 262
71 199 276
51 117 174
53 163 218
46 34 110
72 146 225
92 185 426
19 109 137
1 43 44
28 187 290
20 74 252
27 81 146
95 123 242
29 145 336
70 53 150
1 200 337
17 137 193
6 47 57
8 196 210
37 79 127
90 122 212
69 79 226
99 54 157
56 171 259
44 159 350
71 6 84
5 160 192
83 10 157
70 123 196
48 85 251
52 181 244
65 164 233
90 117 276
66 166 396
32 2 190
66 147 273
20 132 191
17 161 193
75 72 156
20 33 72
88 125 393
29 143 274
62 0 92
6 50 73
62 30 146
35 122 192
18 182 387
18 39 221
12 104 122
30 8 79
93 46 196
66 1 250
11 146 157
26 66 184
95 126 351
15 166 200
28 39 78
11 36 50
2 123 144
72 179 319
38 108 146
28 103 162
11 25 56
9 174 297
67 87 161
29 127 165
24 49 74
99 7 110
92 72 343
54 186 421
21 166 245
100 22 126
4 2 8
22 5 101
32 59 132
32 164 367
33 81 119
82 11 96
78 126 364
29 115 165
4 43 51
43 39 88
2 65 74
99 179 310
35 37 208
18 49 99
32 51 97
96 33 171
32 102 136
57 0 65
34 8 49
30 81 151
42 41 86
81 130 226
59 92 337
63 96 163
79 158 245
51 194 253
22 106 133
7 113 309
77 190 410
45 111 164
81 148 231
37 92 188
72 39 112
63 132 240
21 12 130
88 151 426
72 186 407
87 98 196
35 5 44
78 60 148
92 18 230
2 17 67
1 12 18
99 73 177
5 86 208
17 170 193
61 47 114
60 27 210
64 173 247
26 29 85
93 128 223
67 156 422
65 191 266
42 120 171
75 41 296
36 91 152
42 65 220
77 19 212
85 89 207
21 64 89
19 88 125
82 104 353
96 113 289
65 9 83
77 65 184
7 132 182
93 19 115
92 114 216
50 24 121
24 17 189
97 4 111
85 80 204
89 30 278
11 48 175
26 50 213
36 147 191
69 162 258
13 47 198
35 135 174
5 54 64
92 79 179
92 139 231
77 120 250
74 115 230
26 27 180
50 146 205
85 183 412
81 6 134
57 131 345
25 77 104
26 186 359
22 127 169
40 101 308
85 174 267
1 29 37
90 62 174
7 6 32
71 36 140
91 43 138
52 151 211
50 106 166
22 134 165
42 61 113
83 200 292
67 3 77
12 98 121
64 1 78
77 150 242
96 141 256
63 14 83
56 166 254
40 126 333
60 109 257
5 43 104
17 35 86
64 49 233
50 115 211
75 185 457
66 102 219
95 192 292
3 145 224
72 28 150
93 26 119
98 197 300
25 34 79
98 196 310
16 129 159
21 68 104
59 197 270
96 51 147
5 18 53
53 30 175
90 71 313
16 128 145
48 145 194
81 54 137
37 12 84
24 4 36
62 196 349
93 21 115
76 56 215
54 77 140
72 146 392
26 74 279
72 73 148
95 196 476
7 187 357
