50
86 145 239
48 102 180
38 112 228
6 93 100
2 17 64
13 42 58
19 148 175
18 139 159
65 185 280
97 107 209
45 0 60
73 66 178
11 127 322
65 137 206
91 44 324
81 32 114
77 46 131
8 187 319
9 174 231
60 129 196
64 42 148
66 4 120
68 179 250
49 152 229
47 145 231
51 54 184
34 70 106
61 35 115
98 38 291
75 81 337
100 142 242
96 105 213
75 113 233
83 155 248
87 179 282
8 53 140
34 126 168
26 142 263
34 45 79
78 139 332
43 166 216
88 1 97
31 135 190
96 118 227
78 188 396
80 94 179
5 165 203
75 123 213
39 134 175
25 29 89
