740
53 22 75
72 153 234
40 127 189
50 118 215
15 163 215
46 140 188
35 191 230
96 36 138
72 20 277
64 13 92
90 8 98
66 114 322
27 56 84
2 149 164
56 182 244
70 75 309
50 5 161
60 101 171
45 66 111
10 160 171
96 118 214
16 65 86
10 34 45
23 4 36
9 16 26
100 125 228
81 27 112
42 118 181
80 20 123
83 91 199
71 28 132
39 87 157
77 157 252
27 179 240
38 68 106
45 131 183
28 195 252
23 172 220
1 158 169
6 157 169
24 67 99
99 78 180
13 63 141
56 65 132
80 126 360
83 62 169
56 163 338
92 77 263
30 156 197
49 7 108
50 150 201
96 85 198
75 56 136
16 116 156
83 132 223
53 38 256
62 180 245
55 124 189
48 0 241
71 75 164
30 2 35
14 100 145
15 191 215
65 107 357
89 84 183
11 177 256
15 178 201
85 163 250
94 36 154
63 139 229
43 148 217
21 151 173
19 110 183
31 85 123
71 177 377
2 96 102
88 20 112
99 6 163
53 137 197
97 171 269
9 39 57
71 35 108
81 192 278
45 154 244
18 187 207
100 181 315
34 139 194
54 1 60
14 9 72
5 120 126
98 67 166
14 66 228
92 17 286
71 190 266
13 131 153
74 159 398
52 52 108
40 136 249
34 160 242
1 117 212
38 22 88
29 164 197
90 161 289
86 50 284
97 171 278
32 22 90
53 82 246
13 166 200
14 151 166
54 42 123
22 121 182
41 9 54
75 94 174
52 41 269
38 43 86
58 89 206
44 23 83
60 35 97
17 5 50
16 109 133
89 26 122
54 90 151
73 173 394
29 198 256
93 7 136
63 64 135
78 37 118
100 28 138
39 72 181
64 160 337
30 47 79
49 145 195
97 115 249
38 118 165
55 91 154
37 22 116
95 192 289
70 17 93
31 195 365
83 55 205
69 136 239
32 135 179
79 9 267
47 27 80
20 125 286
95 34 132
85 15 105
77 3 88
68 113 287
84 136 273
34 44 80
31 96 130
67 17 260
78 142 322
22 140 200
72 85 166
70 168 240
73 181 348
49 83 156
39 24 63
44 70 117
100 159 444
80 158 356
18 41 62
9 18 126
83 110 350
48 147 200
25 186 243
29 95 249
40 154 335
84 70 162
47 38 142
38 105 157
91 116 211
17 11 54
88 112 247
83 148 360
34 7 61
70 139 219
41 169 219
10 45 71
90 105 200
95 186 337
85 154 258
55 169 225
5 70 106
97 20 125
3 42 88
75 11 96
48 199 294
53 156 241
28 13 71
59 148 213
28 33 155
39 97 145
29 197 233
94 60 196
76 26 129
36 144 200
17 10 59
53 59 161
27 135 172
86 103 214
16 199 317
16 109 153
50 157 210
93 35 173
85 195 291
9 68 79
62 58 233
26 55 89
30 130 164
69 195 267
43 165 351
76 134 239
72 95 322
47 200 274
57 13 77
18 82 122
43 6 50
31 125 272
41 10 56
10 111 129
14 7 32
65 81 154
32 183 252
40 166 216
7 74 87
65 127 194
54 94 151
16 83 104
65 44 216
50 191 251
77 135 259
9 62 205
99 33 286
77 188 271
24 138 169
40 68 214
88 19 132
58 84 146
52 199 287
29 68 102
50 48 113
69 93 172
67 122 307
67 193 268
92 143 242
100 34 333
95 116 238
78 109 374
37 5 50
43 141 190
22 153 178
47 69 119
81 196 286
11 105 154
92 93 195
43 88 133
100 19 129
80 60 145
88 55 146
14 84 129
74 160 321
68 138 323
98 120 326
27 80 133
9 141 158
59 58 129
15 199 390
87 60 155
52 195 257
54 74 163
15 173 229
49 115 173
69 195 287
85 139 226
3 58 204
87 141 243
99 156 352
41 40 91
3 171 182
22 95 124
98 133 280
88 182 385
28 16 46
8 111 239
70 172 275
80 15 103
23 177 204
88 6 99
75 188 267
12 111 146
100 66 172
97 71 359
37 150 191
96 106 224
46 139 187
51 14 68
10 5 21
41 36 221
80 176 257
55 90 146
89 22 221
87 104 199
3 37 66
75 71 155
29 21 60
62 183 264
4 58 64
74 89 207
47 49 104
99 158 259
64 5 96
20 100 124
45 91 140
14 184 374
40 41 232
65 199 268
21 178 271
94 62 205
70 166 244
92 178 363
100 110 259
4 87 98
95 110 218
65 1 72
82 131 214
31 174 314
51 64 211
67 77 153
85 87 178
48 20 75
46 153 354
96 29 149
71 121 226
51 69 123
67 7 103
7 118 169
52 154 244
9 165 178
5 144 203
11 167 182
26 54 80
65 24 150
56 62 198
17 108 163
32 62 170
50 34 88
93 70 173
17 130 212
12 24 82
47 142 217
90 160 334
54 62 116
45 104 151
85 59 164
30 14 53
60 98 165
79 94 181
67 2 78
46 28 77
47 140 231
15 64 275
32 43 76
9 126 140
80 70 306
10 90 110
45 24 69
42 34 83
58 43 115
9 189 199
57 190 442
85 52 143
13 127 147
8 112 171
78 186 265
34 82 121
46 43 107
27 185 340
21 194 329
37 76 117
60 20 120
85 36 218
3 103 119
74 192 276
67 12 79
15 40 62
89 52 168
1 129 130
71 82 160
55 119 217
1 128 134
96 140 253
100 85 379
40 47 92
60 160 244
100 120 264
35 172 210
95 170 270
25 153 320
99 39 142
97 38 140
73 83 330
35 142 181
83 95 193
55 42 187
69 87 171
84 42 136
96 155 296
50 172 249
77 35 134
78 181 266
86 145 239
6 170 186
81 185 285
85 187 307
77 120 389
31 169 235
48 140 191
53 87 183
95 110 205
74 49 132
35 60 251
79 111 209
57 1 242
15 150 314
36 9 50
66 0 68
3 130 180
22 68 95
99 139 380
66 32 295
41 194 336
55 50 117
15 32 197
42 167 329
52 184 238
71 180 266
94 81 175
87 137 293
29 13 90
9 34 92
1 169 177
94 193 323
4 186 197
27 22 50
86 72 301
83 38 251
8 105 118
42 24 106
45 16 83
26 85 111
2 162 180
87 65 176
36 50 89
70 43 115
38 79 221
7 148 176
24 65 195
3 94 100
74 170 430
22 2 32
8 187 233
26 131 164
93 156 253
92 102 243
72 195 447
75 175 253
11 20 69
73 29 105
58 123 337
73 114 383
24 58 83
72 106 185
69 123 215
47 83 170
48 142 343
82 87 218
78 124 256
47 19 88
95 65 171
49 92 184
88 58 183
28 95 128
59 0 61
84 185 273
63 46 224
97 48 156
52 104 197
14 28 102
94 44 243
61 5 187
52 83 156
47 195 254
38 41 231
78 148 276
15 154 172
61 158 230
96 102 203
70 2 178
80 22 110
18 194 240
60 181 247
24 157 199
77 82 247
67 94 194
66 176 246
64 165 236
86 121 212
55 105 167
42 150 222
7 105 230
7 156 163
43 81 219
78 64 304
16 101 142
40 43 85
79 105 205
3 20 32
99 139 277
54 87 176
29 114 174
24 149 181
15 82 103
83 45 132
31 166 207
49 60 157
61 0 178
99 184 289
53 129 223
73 133 330
6 70 124
20 85 105
21 2 70
72 27 177
59 187 247
70 158 268
15 4 35
77 89 168
19 144 191
43 87 135
82 66 233
44 121 171
6 89 95
78 2 242
94 43 185
58 140 207
88 63 157
89 108 378
84 128 218
42 188 389
5 145 158
10 65 90
73 96 169
56 27 109
89 2 124
37 11 232
16 11 27
97 152 271
64 131 395
77 179 289
53 110 166
72 150 230
33 41 208
87 135 226
35 0 42
24 179 205
3 132 139
18 14 49
21 60 81
78 183 390
50 142 202
3 113 122
6 53 157
45 64 144
71 68 151
41 117 191
8 58 217
2 12 190
14 178 289
93 99 198
24 161 190
78 15 93
60 170 256
68 78 171
21 176 205
5 108 162
37 23 70
5 27 52
30 15 62
30 6 45
28 182 213
78 90 326
87 14 137
55 126 291
35 0 68
67 161 238
75 87 297
97 161 269
86 90 220
84 148 244
31 174 205
30 173 308
18 79 126
9 109 168
87 68 165
35 123 171
85 42 142
85 114 199
85 47 133
44 195 260
81 59 148
40 193 322
58 125 186
37 69 138
57 119 319
74 149 229
3 133 288
42 161 297
89 58 302
26 106 133
23 56 80
45 89 135
41 76 161
22 126 205
83 72 155
58 22 112
77 192 300
40 38 190
67 46 199
33 11 226
2 145 211
22 70 109
63 115 227
69 105 181
7 29 86
11 71 85
19 131 150
53 197 253
31 16 55
12 178 270
71 43 283
38 63 268
6 141 192
4 38 48
53 30 97
6 118 124
27 187 221
100 123 297
9 140 164
86 47 137
18 62 90
52 177 321
21 73 130
62 116 184
29 118 157
67 73 141
33 98 161
11 137 255
84 63 153
13 147 218
4 155 196
24 192 247
12 120 321
97 90 190
50 117 320
60 38 144
47 38 181
54 69 217
86 195 294
15 16 175
85 151 242
47 10 132
35 133 289
50 20 79
29 198 235
18 3 22
4 13 43
35 82 121
62 147 262
65 29 102
86 154 294
83 13 97
99 149 355
76 194 299
85 165 272
33 160 360
65 164 230
73 111 205
76 184 432
16 82 99
73 88 168
49 26 83
42 70 305
15 114 193
23 126 150
86 36 125
96 67 169
13 133 165
83 52 166
99 19 123
5 156 168
8 70 87
31 190 223
96 13 119
4 165 171
12 28 69
9 179 193
26 165 194
49 156 239
8 188 220
19 2 179
69 57 145
33 185 218
77 28 153
41 8 91
83 6 89
58 54 115
53 54 143
80 155 324
34 120 251
3 92 175
61 114 295
67 200 348
88 50 144
79 16 99
56 66 123
83 128 213
98 121 224
43 126 180
52 102 160
20 184 403
13 28 46
51 136 237
11 85 115
5 9 169
57 75 231
75 152 230
75 27 108
