250
60 22 93
88 80 180
81 21 256
36 135 212
39 51 90
85 39 165
46 179 263
21 132 184
55 79 144
65 139 385
70 175 313
82 162 245
60 91 177
77 110 191
77 200 283
88 20 110
90 44 137
83 24 107
95 156 258
21 63 131
51 169 267
5 70 218
14 49 63
80 35 153
84 143 352
42 67 140
90 4 274
58 9 69
61 113 179
80 137 226
86 121 208
72 56 137
29 194 406
52 182 236
26 87 118
64 108 177
51 88 147
68 74 144
20 9 38
35 53 90
82 87 176
25 105 136
17 71 199
95 190 285
34 180 240
85 120 213
27 36 67
53 8 110
97 26 169
39 12 51
16 1 54
7 172 225
17 2 166
19 95 147
34 55 95
41 173 227
38 141 268
64 45 124
99 161 320
56 103 281
89 136 242
62 44 107
70 71 205
5 110 125
99 26 131
22 14 39
84 150 254
83 162 427
74 114 192
42 154 206
39 155 236
3 57 65
20 87 110
57 73 136
98 117 273
61 81 145
10 55 75
67 47 153
3 75 85
96 87 266
75 117 256
82 87 178
35 123 159
58 77 263
70 180 254
46 170 216
15 111 324
84 195 288
83 76 164
86 65 156
9 189 237
100 144 368
58 102 181
4 13 129
69 64 211
96 34 184
68 134 206
55 172 401
5 171 176
93 122 415
28 189 222
59 18 259
20 199 282
7 80 89
76 81 162
92 156 259
9 50 106
93 182 321
88 154 250
85 161 317
95 53 149
12 72 85
5 15 67
60 24 127
51 142 197
86 173 342
37 72 176
70 190 289
50 116 174
62 56 274
19 58 228
77 87 305
74 29 136
38 107 151
73 90 167
40 23 109
65 77 271
62 190 290
21 84 111
51 25 102
68 75 173
70 105 218
65 7 77
32 3 49
8 45 62
89 55 147
31 53 92
58 90 330
95 142 239
31 81 142
88 72 169
25 55 90
31 106 142
18 14 34
46 149 214
78 34 310
82 192 390
86 18 119
4 184 270
59 92 189
56 38 101
99 83 207
63 168 260
93 40 145
45 22 76
24 158 191
75 104 229
5 128 148
33 158 234
29 5 49
53 131 209
90 120 242
34 13 91
23 138 163
64 119 225
72 113 223
56 190 253
5 139 268
3 20 50
22 56 109
1 51 100
7 2 18
70 164 427
38 109 151
63 13 84
58 99 172
19 70 203
45 72 204
68 162 235
37 146 273
91 99 222
27 60 144
28 140 183
92 151 282
43 88 132
95 78 173
62 169 235
48 155 304
35 33 107
56 183 241
82 90 322
44 153 200
57 55 217
56 70 161
63 83 232
41 86 128
75 75 159
67 156 319
44 148 200
88 98 188
23 34 197
58 34 97
58 34 120
31 41 106
39 88 135
16 133 150
45 41 111
74 176 411
96 165 273
99 145 254
53 47 101
20 195 337
15 66 116
91 118 255
34 114 151
25 135 206
45 175 235
91 141 275
2 160 341
26 183 219
79 177 278
93 157 383
29 66 119
51 150 203
79 187 271
44 31 85
25 188 231
88 118 242
22 115 145
94 103 213
94 147 243
100 190 306
57 152 383
6 105 145
45 45 162
26 37 63
76 5 83
54 125 207
2 175 317
20 174 226
45 188 235
76 183 261
88 89 181
48 118 171
13 153 169
77 125 244
61 17 86
72 199 278
19 10 37
77 195 311
