780
97 72 230
77 19 102
98 160 327
90 164 415
49 26 120
31 134 173
36 60 218
25 7 55
92 32 130
44 121 363
21 70 152
56 61 121
51 129 183
52 192 251
22 174 198
83 19 102
86 39 292
6 101 109
87 105 194
44 180 369
29 31 95
41 99 188
99 187 431
81 138 224
28 7 44
32 77 116
72 91 199
90 73 163
4 34 38
23 150 337
2 122 126
31 13 48
56 196 378
90 26 246
53 118 178
6 131 145
87 113 240
90 159 257
11 128 148
19 97 162
5 190 205
30 133 168
60 151 219
18 42 226
65 18 108
51 160 217
27 110 146
38 102 307
74 100 207
12 38 179
33 31 76
9 107 161
32 31 64
42 60 102
65 68 180
54 80 136
2 137 332
51 59 287
36 181 223
100 112 245
65 190 413
93 145 261
53 69 130
1 25 27
93 132 261
73 73 165
27 102 134
85 179 312
20 186 373
85 100 328
75 44 121
9 24 197
43 189 423
22 83 231
46 84 199
23 168 216
14 172 191
99 80 180
91 121 364
24 53 182
78 44 137
71 196 274
79 165 403
54 123 193
68 102 301
68 161 403
96 197 303
97 8 112
37 151 192
98 112 243
89 136 252
45 152 207
37 57 131
75 184 290
98 32 136
74 84 168
59 187 273
82 22 138
11 188 228
39 86 227
71 76 158
24 160 186
59 145 210
56 176 377
30 140 175
44 58 129
29 110 141
19 7 68
98 142 249
68 156 226
66 183 253
72 5 107
52 86 186
75 22 103
23 51 87
16 14 36
54 180 260
84 19 117
17 112 143
55 45 113
99 126 228
37 52 288
4 200 344
65 132 199
72 31 109
4 128 140
87 122 214
82 69 154
33 0 222
76 55 134
7 51 81
67 186 272
17 21 76
38 52 242
96 31 132
16 29 53
46 196 249
71 58 133
69 47 126
12 84 97
98 193 296
90 36 166
2 23 65
89 39 276
44 79 123
87 97 291
17 82 133
12 120 136
33 196 262
25 156 374
18 167 185
41 118 167
36 102 150
83 184 380
69 119 194
52 24 79
43 179 224
6 147 158
42 84 129
6 161 169
67 131 207
99 127 228
23 77 172
40 8 124
37 6 127
35 160 199
71 65 141
18 170 215
28 58 98
11 47 68
50 179 246
72 154 305
31 34 88
100 16 221
59 96 192
31 66 148
57 165 271
4 164 177
74 128 204
28 162 345
96 139 239
26 198 350
94 21 282
55 162 217
39 162 210
69 6 198
18 40 58
90 109 204
76 126 211
20 98 309
11 86 131
88 31 150
11 2 20
10 66 214
81 118 361
40 166 214
77 173 288
77 175 363
43 59 126
78 152 270
56 58 139
64 129 205
69 183 412
31 179 219
20 94 123
75 132 214
95 138 241
35 165 250
28 192 227
83 15 272
40 59 102
21 177 206
55 94 164
79 123 210
82 70 160
32 105 138
81 146 246
67 85 212
8 174 187
61 32 98
18 67 95
17 36 57
36 137 249
84 120 235
94 106 207
79 68 168
35 101 143
75 6 104
72 22 96
68 1 267
33 183 217
54 96 170
53 115 178
52 0 63
15 72 90
68 137 209
88 142 277
82 199 311
72 67 147
76 70 148
24 110 143
30 117 147
35 181 219
65 156 231
81 129 284
51 69 142
99 134 234
4 110 121
82 73 188
58 118 180
19 146 302
43 170 230
93 157 338
38 138 193
42 195 273
13 0 19
3 131 328
63 164 265
72 67 143
22 107 154
26 182 215
83 86 171
98 158 256
79 43 151
56 72 137
23 13 36
81 124 212
38 16 228
78 146 244
70 121 192
73 61 135
84 94 190
47 15 145
47 63 112
78 26 104
42 123 175
36 101 141
62 46 158
24 151 183
75 193 268
57 29 100
83 115 199
93 35 177
85 56 150
77 88 169
32 149 189
43 150 202
14 57 136
44 8 65
65 109 222
81 75 165
68 190 416
58 172 231
62 174 252
34 71 279
4 180 349
2 42 153
31 85 130
69 127 219
39 21 65
45 126 182
17 166 197
50 90 146
75 110 305
51 97 154
87 165 273
90 106 231
14 129 171
41 65 121
91 199 349
4 99 106
91 91 214
40 190 256
91 116 221
74 194 301
69 170 289
87 9 105
66 1 198
26 159 188
68 1 74
88 190 297
10 75 285
70 31 223
87 93 181
26 36 63
1 131 212
76 8 133
69 184 315
91 138 230
26 42 180
55 115 197
1 153 219
80 69 154
81 131 251
44 47 91
62 104 176
95 86 191
25 55 86
82 166 249
46 50 167
21 151 173
17 4 23
54 52 115
76 179 257
57 197 258
77 12 96
82 100 197
57 189 308
75 130 220
74 133 217
81 18 121
21 20 81
27 182 219
72 65 143
72 105 211
26 68 95
5 104 111
14 45 119
6 40 204
64 107 183
81 171 293
4 90 101
48 11 223
100 83 186
10 172 197
13 10 30
22 147 362
91 41 228
2 26 64
47 182 237
53 177 417
76 162 323
38 93 139
57 130 197
34 25 66
46 128 182
52 150 203
3 57 70
8 37 51
19 24 55
69 200 332
60 181 280
95 54 158
13 48 94
94 164 260
50 118 365
43 74 157
11 40 52
53 175 229
57 59 120
60 26 183
49 176 229
77 90 175
53 177 251
1 15 26
93 145 265
70 41 156
22 196 344
26 146 182
4 19 135
79 33 115
69 40 202
44 72 197
49 45 106
1 144 146
4 146 152
90 79 170
92 90 211
71 133 343
5 148 171
64 20 123
8 135 145
23 13 46
85 27 201
1 49 58
31 40 81
73 162 424
18 24 50
69 67 176
44 152 228
29 184 318
12 139 198
31 190 261
35 180 232
6 133 148
9 17 198
13 88 113
58 153 216
26 49 186
72 14 90
85 123 224
11 153 199
56 8 69
89 196 335
85 57 146
100 58 158
91 174 384
81 122 243
32 22 61
3 46 57
28 131 170
25 126 197
76 30 147
80 5 89
57 41 178
60 198 259
92 137 233
19 11 225
62 87 157
13 174 257
8 43 71
56 16 80
26 10 43
1 81 125
17 39 98
20 179 243
5 146 161
96 147 283
59 162 352
69 137 213
41 193 265
75 187 301
5 89 110
88 15 196
52 178 386
78 180 296
83 15 102
12 89 105
83 36 317
13 145 201
79 142 412
88 13 182
37 70 115
58 57 143
41 69 113
78 94 181
71 120 191
81 36 147
74 158 285
97 95 200
86 7 101
22 156 185
64 133 227
80 138 221
74 162 307
3 111 270
88 59 153
49 94 153
16 135 161
77 31 129
31 116 178
73 81 155
21 63 199
7 108 121
93 173 435
98 81 182
10 84 132
95 101 202
28 142 327
89 114 257
89 164 327
72 63 183
5 90 187
13 109 130
89 160 257
59 154 279
59 131 192
94 148 250
31 5 81
25 192 310
94 106 206
86 112 200
3 62 71
78 130 326
27 141 170
79 108 190
83 185 276
38 180 256
16 111 239
2 102 291
36 121 178
13 78 108
72 137 213
69 72 150
27 199 244
86 3 92
47 178 228
70 79 184
72 146 222
38 183 243
91 116 212
55 41 104
6 161 179
7 155 353
85 199 324
14 164 215
51 22 79
75 121 204
54 141 198
39 156 199
7 147 203
90 181 328
15 165 186
74 129 310
87 145 237
39 102 308
72 65 144
67 179 253
8 195 218
33 181 269
82 86 365
77 31 111
2 84 126
36 89 134
22 193 242
97 39 160
32 57 133
34 54 88
48 62 156
66 179 255
64 123 191
96 45 171
83 73 223
10 123 136
50 196 357
82 18 134
12 14 67
54 121 223
98 164 270
96 121 222
45 153 200
5 49 56
39 15 58
51 144 271
29 126 194
77 58 313
19 95 121
31 161 217
61 157 222
81 63 217
66 191 266
38 101 294
11 24 37
46 102 150
48 142 207
40 198 252
75 22 222
28 74 237
97 116 263
14 166 248
92 50 148
98 87 193
59 39 102
100 37 140
48 2 142
33 8 48
10 167 180
41 21 66
48 91 186
36 27 147
8 178 213
61 27 105
64 122 187
70 93 211
19 66 87
10 15 25
99 106 211
40 48 186
80 182 272
26 193 219
3 190 241
3 93 104
43 184 242
57 40 100
89 125 224
32 192 228
78 75 343
51 174 229
12 125 145
73 64 202
61 52 145
11 163 179
5 46 80
23 166 190
87 189 312
4 64 111
100 196 323
50 25 108
40 182 230
1 79 94
100 193 298
54 109 170
86 158 422
30 122 153
37 18 179
33 29 104
23 62 95
26 118 303
90 49 164
32 96 137
75 48 126
48 119 173
22 32 188
24 21 51
7 153 196
38 171 210
5 165 184
3 176 231
99 135 364
97 7 151
96 47 162
68 141 404
64 12 81
23 114 149
59 80 175
83 74 185
61 76 138
1 25 35
42 79 154
69 77 318
87 31 124
41 111 154
92 25 125
20 172 204
4 114 148
38 86 250
15 174 189
73 15 111
5 3 112
21 14 152
23 25 53
40 69 129
68 86 163
3 94 147
54 140 217
38 124 199
70 19 92
88 97 194
43 117 269
79 100 184
65 9 79
17 36 61
56 50 202
18 44 236
96 17 117
24 178 243
90 139 244
14 140 156
28 96 128
21 13 187
28 69 144
24 42 237
83 135 388
68 106 327
95 181 301
54 78 144
53 108 167
36 92 217
100 145 387
76 87 173
18 162 268
96 200 425
82 52 134
34 112 160
37 116 178
54 36 94
54 45 105
51 124 302
86 121 397
18 118 177
21 165 195
14 128 190
40 125 237
71 184 300
59 129 189
51 43 104
64 179 249
89 31 160
7 67 103
86 131 224
30 197 229
21 104 216
68 189 426
16 92 163
9 84 238
69 21 98
52 46 102
80 95 175
41 111 187
20 31 246
35 155 196
92 141 238
84 102 344
54 11 116
12 49 67
13 74 94
66 77 153
15 185 204
61 159 261
31 12 47
80 35 310
21 111 146
40 32 82
70 156 230
90 149 250
36 196 237
49 141 193
67 151 219
47 17 220
64 105 176
44 195 419
29 122 156
91 141 249
39 122 257
50 121 171
41 139 188
93 106 206
38 171 213
54 152 295
52 121 188
33 20 102
97 97 368
42 192 433
16 65 87
80 144 257
98 50 153
65 19 107
61 18 81
85 122 225
85 1 128
71 171 279
8 200 213
2 151 154
23 141 168
83 131 226
20 115 156
15 173 251
72 54 147
89 153 283
92 35 132
