940
32 200 256
65 196 411
36 134 173
75 61 267
8 68 108
75 51 274
66 135 206
73 56 184
26 114 147
15 49 95
83 25 156
62 144 208
61 144 244
92 143 245
73 113 234
24 113 237
70 79 192
68 143 211
91 47 147
16 15 38
51 191 277
92 152 264
49 173 241
8 192 213
6 55 91
82 121 206
75 33 204
2 123 213
71 93 194
78 193 281
74 158 263
28 161 227
4 21 90
32 1 35
68 171 359
52 147 297
5 172 192
21 185 233
45 146 217
55 14 190
81 164 288
97 118 225
1 33 127
57 138 357
80 86 207
16 199 258
39 182 413
57 26 87
79 191 274
22 153 312
98 110 210
20 124 144
55 144 216
76 90 171
16 94 155
27 13 41
53 128 209
1 82 198
68 81 237
100 190 362
55 54 125
54 132 194
74 199 419
41 145 187
93 46 142
30 187 218
65 4 114
31 197 270
53 40 93
38 38 83
77 8 249
37 62 140
98 134 241
75 187 302
96 101 368
43 113 199
33 102 289
1 71 85
24 156 192
72 121 196
29 4 50
26 181 212
1 111 115
22 191 222
83 33 121
18 178 197
13 84 104
12 174 190
25 50 75
18 80 103
35 94 236
72 175 283
15 77 102
80 53 137
30 96 163
42 64 136
91 102 194
79 128 372
29 23 146
11 142 161
89 98 237
49 77 126
87 134 222
51 146 259
24 120 148
78 139 217
93 121 261
7 58 80
1 75 79
84 11 105
7 42 56
86 193 279
46 67 273
48 190 240
27 1 105
95 19 145
6 2 58
51 116 200
55 151 235
47 11 62
22 111 175
71 101 179
33 195 228
90 135 243
64 107 274
99 34 184
33 112 246
16 178 201
27 198 237
24 113 141
4 161 215
70 134 246
64 68 133
30 151 182
99 38 204
28 153 191
56 180 238
12 57 268
5 64 75
74 86 268
66 108 199
26 194 338
4 187 199
3 59 66
27 80 159
87 154 251
8 89 106
94 70 174
100 154 263
14 149 238
10 129 319
74 19 232
64 23 201
25 55 138
29 136 179
63 124 187
72 192 301
42 173 260
11 48 69
94 72 193
3 181 321
57 22 248
1 177 374
26 164 389
31 194 233
24 47 80
65 1 237
33 159 205
83 167 284
14 152 167
35 192 232
70 32 102
49 196 286
1 90 111
28 158 224
16 167 264
2 155 165
39 56 152
80 74 172
49 188 238
53 59 256
17 164 332
7 62 77
96 2 143
69 107 193
93 40 136
23 17 83
80 198 339
2 67 73
96 3 108
34 41 85
91 107 243
96 87 259
39 119 163
54 157 255
84 107 230
88 62 150
40 182 410
92 78 182
32 49 275
3 0 203
24 182 229
80 105 193
43 38 187
80 140 322
62 182 247
51 36 124
13 75 249
95 20 116
78 32 234
43 94 300
66 138 206
71 199 277
69 153 226
8 102 251
70 63 277
97 38 249
57 134 309
97 173 273
22 5 67
75 27 206
2 178 331
60 153 398
1 46 228
36 65 107
34 152 233
66 191 294
80 85 198
75 149 258
1 1 70
79 49 170
39 5 71
20 57 270
31 164 197
33 49 107
65 169 249
48 12 164
96 105 208
2 78 125
22 17 68
7 99 151
45 182 392
14 103 121
100 136 317
15 174 193
100 132 232
46 170 351
75 67 328
32 134 187
86 200 296
69 167 401
5 80 114
26 68 100
80 144 418
58 33 208
47 182 231
100 170 308
12 63 136
46 129 230
80 173 276
26 147 211
44 176 417
40 54 99
39 120 167
47 183 240
36 89 142
63 8 81
9 121 140
44 111 156
93 113 207
100 11 113
12 14 210
77 88 175
100 170 373
53 11 83
77 30 265
98 119 367
12 62 107
75 40 262
56 183 314
62 184 261
87 51 140
77 116 325
55 150 243
47 115 208
31 44 91
2 93 101
28 35 72
98 52 184
72 147 235
31 160 222
29 163 192
32 27 164
72 128 202
69 165 239
66 109 181
76 1 103
67 69 158
79 62 286
96 151 251
24 107 194
49 52 144
18 35 54
24 138 162
5 102 306
20 55 105
1 166 239
66 149 217
76 41 150
99 153 279
31 59 91
65 36 115
62 182 359
24 185 402
5 174 186
8 77 244
81 109 191
100 136 276
71 136 275
63 177 278
56 95 152
82 138 394
51 124 194
28 25 54
46 109 314
10 183 267
37 82 127
72 66 148
72 96 179
80 197 284
72 106 297
49 72 122
1 108 142
51 27 128
58 119 187
7 89 120
42 164 217
89 120 209
27 78 111
24 97 146
36 40 96
13 28 119
64 165 349
66 6 205
25 1 31
34 173 224
42 121 171
53 199 257
73 17 242
86 51 138
9 91 106
99 32 204
32 80 139
11 143 202
1 95 124
90 153 243
62 159 409
7 47 57
82 61 199
71 42 146
32 89 124
71 105 181
11 138 226
38 21 68
24 129 290
37 34 116
30 179 210
47 182 239
12 37 96
73 173 379
32 72 252
24 132 166
12 141 215
52 54 123
44 30 138
59 171 238
5 27 206
72 101 265
48 75 124
97 62 320
28 104 177
62 193 407
91 63 192
52 128 272
33 157 230
23 32 71
8 34 73
13 84 100
98 178 278
65 153 278
13 46 124
51 139 221
89 169 264
35 117 166
13 2 15
74 90 199
83 118 203
35 78 113
90 128 218
81 178 263
80 183 269
34 24 61
54 92 150
70 2 214
78 79 158
20 53 87
70 69 286
53 171 232
46 25 75
83 181 294
24 183 251
13 88 110
64 162 252
84 140 232
88 168 266
91 113 247
90 61 156
72 1 81
25 89 133
52 52 111
72 189 264
22 101 129
33 22 154
75 131 248
70 89 160
23 5 37
11 186 244
23 182 258
82 121 249
84 11 114
49 152 322
70 94 170
2 25 28
84 130 215
26 123 158
36 89 126
71 34 128
51 146 356
92 135 228
27 127 193
73 152 231
58 98 171
27 73 299
12 194 224
37 17 101
58 188 257
48 41 112
85 15 106
7 44 99
14 194 209
83 174 259
5 57 69
18 181 202
90 167 300
42 117 162
66 56 130
84 143 408
15 34 51
17 149 171
65 106 189
7 181 189
35 162 392
41 130 171
68 135 242
30 18 74
76 103 183
59 73 137
13 200 220
96 66 281
63 136 202
23 191 396
92 31 251
91 138 380
52 143 206
32 48 89
39 172 220
23 50 74
49 89 170
63 68 180
74 13 91
53 193 246
42 175 257
24 28 126
45 165 211
91 146 243
49 21 73
99 184 321
22 134 310
3 6 31
100 110 229
59 56 141
49 124 180
31 85 118
19 128 150
47 188 347
17 129 181
99 113 252
53 58 158
82 138 269
73 173 247
77 143 223
31 200 304
99 169 304
51 142 195
81 33 134
47 109 164
52 107 160
83 94 177
59 113 223
15 67 119
80 66 340
34 99 154
1 159 163
100 75 241
95 178 275
2 28 34
15 99 165
40 42 282
41 75 162
26 7 68
10 135 182
63 160 348
93 147 323
34 53 91
73 71 220
92 187 283
77 170 331
95 38 142
92 186 465
60 149 209
45 151 203
79 65 151
48 192 419
16 65 91
51 196 275
83 57 149
47 80 161
59 132 199
27 134 184
69 108 223
25 80 153
65 150 236
15 160 372
88 75 325
60 121 278
20 47 77
16 162 209
14 67 154
88 112 209
77 52 155
6 176 183
57 137 313
35 51 266
57 51 262
45 188 242
7 82 97
54 185 266
52 130 345
46 87 143
71 124 222
32 17 49
87 159 400
90 87 199
39 7 49
72 5 87
13 2 86
1 138 139
89 107 228
14 192 251
83 115 202
62 192 259
35 0 44
90 80 184
74 134 311
5 141 146
12 94 116
12 129 142
52 179 416
82 142 232
51 95 226
77 150 272
38 134 222
83 158 309
66 19 95
34 104 174
31 47 87
70 199 274
29 42 237
65 52 257
47 155 207
99 146 247
13 85 186
82 33 165
66 74 186
36 194 247
53 108 185
95 200 337
100 133 344
33 36 77
27 61 189
69 88 206
67 74 165
93 167 269
58 143 206
66 59 175
80 115 195
48 43 100
73 47 158
46 188 237
82 137 320
71 164 253
77 74 198
83 60 186
30 149 188
17 183 221
51 143 218
70 167 247
85 162 328
98 190 298
4 107 133
39 148 191
61 177 247
99 120 227
3 39 155
52 83 149
87 76 165
52 18 102
91 140 272
32 44 123
14 156 176
10 70 123
56 19 262
70 131 212
59 129 206
25 67 94
23 94 290
36 105 143
44 198 431
71 68 264
24 149 322
51 42 102
67 36 113
48 143 221
73 6 254
23 104 163
8 83 115
28 2 35
43 35 88
49 49 129
30 81 111
27 93 251
62 132 198
30 189 254
51 110 202
75 75 190
34 36 267
20 34 72
7 176 283
90 81 227
13 102 160
31 18 212
64 40 110
20 138 158
3 22 54
61 197 451
59 47 144
9 63 186
42 194 237
20 137 158
64 108 191
83 91 204
94 183 430
16 176 248
43 123 169
82 123 214
60 83 151
7 16 61
24 68 138
67 96 211
80 181 261
36 58 292
7 23 38
29 65 118
32 4 198
69 104 333
9 160 183
17 127 193
82 18 147
15 199 216
15 113 132
51 196 247
81 59 142
14 129 149
67 152 226
38 168 250
48 166 221
17 189 212
1 80 84
99 92 198
60 160 225
77 183 279
52 5 195
91 83 296
97 196 323
12 120 186
66 46 210
46 196 287
26 30 57
11 42 87
5 69 212
6 172 184
17 114 137
54 148 230
75 91 167
17 199 222
20 71 110
28 57 95
14 52 70
82 100 208
17 1 206
29 59 98
56 196 275
49 120 230
38 115 161
19 173 201
46 26 122
65 199 291
95 102 392
50 17 114
5 12 19
71 101 174
8 40 50
84 179 264
40 35 143
7 168 310
64 79 149
91 81 175
47 139 208
99 39 153
37 130 222
72 123 202
50 51 222
25 107 156
56 23 79
97 15 129
44 129 176
40 194 240
3 39 92
42 109 292
73 87 208
39 69 126
2 91 94
23 176 244
30 190 257
61 121 193
22 65 116
63 149 262
74 192 417
29 43 85
80 171 275
69 41 155
65 114 348
3 61 213
71 166 239
80 101 185
90 109 207
71 143 237
58 172 257
38 61 243
31 140 175
50 108 168
10 177 193
31 46 191
29 36 65
88 93 310
7 77 96
76 165 249
29 104 148
46 97 296
86 38 131
76 105 182
61 71 137
59 127 195
52 150 206
25 169 308
52 161 243
100 145 402
5 160 182
28 57 91
64 105 172
33 104 146
51 193 287
83 175 285
97 168 300
5 56 83
41 98 140
31 75 106
8 96 145
68 164 280
1 5 23
17 141 206
80 45 253
46 174 220
35 31 67
69 108 180
56 200 263
11 60 90
85 188 294
2 199 203
68 52 125
60 120 205
65 182 424
13 100 162
3 24 167
28 8 82
100 54 233
37 60 124
29 87 154
24 122 156
98 72 172
33 174 208
88 139 233
70 9 163
48 43 101
12 182 221
22 37 66
36 0 50
54 29 155
95 164 289
74 135 238
83 28 184
26 113 149
11 78 131
79 178 292
35 52 123
99 108 214
47 67 121
78 132 216
36 28 107
24 72 104
58 192 258
49 97 150
28 164 344
76 74 186
79 185 267
68 174 242
15 126 146
29 121 313
27 93 143
52 96 152
10 136 155
66 160 283
66 100 170
52 79 131
17 83 106
24 64 222
63 117 180
87 151 255
10 17 30
67 166 316
73 21 102
70 113 306
48 85 134
60 81 182
44 161 215
76 133 239
3 39 48
62 153 221
89 170 308
2 136 138
98 20 127
18 13 32
34 35 107
10 136 264
47 29 172
82 108 192
14 58 104
91 26 148
9 92 111
94 78 182
14 59 73
73 187 263
39 94 140
57 154 216
4 177 181
99 169 277
52 198 448
65 167 382
100 169 286
75 81 159
23 194 220
74 34 144
29 56 85
38 56 95
29 13 70
68 130 237
21 40 61
26 193 406
49 185 240
21 9 37
57 124 190
58 7 177
52 38 92
78 131 324
16 71 91
50 196 372
94 73 308
5 57 199
79 94 210
59 19 91
20 170 210
61 112 326
17 6 44
73 192 275
5 108 115
28 145 175
67 17 241
95 69 172
74 66 260
57 166 409
90 176 348
92 141 265
38 61 294
38 132 171
44 154 202
8 0 8
32 139 210
88 156 246
62 180 280
4 90 166
62 161 247
38 102 150
91 85 199
4 78 103
3 164 212
3 119 129
60 150 242
22 182 207
86 13 119
16 62 82
