600
11 0 32
94 126 314
6 150 313
87 161 248
24 11 40
91 74 206
48 34 87
48 26 84
3 41 51
71 39 118
60 22 107
57 179 415
91 103 345
91 180 279
48 16 83
75 122 206
24 59 99
84 98 188
60 55 253
33 115 183
10 63 83
85 162 276
70 72 149
19 4 29
81 164 258
1 38 138
67 65 138
9 120 133
29 93 126
47 93 144
23 135 158
43 99 209
72 61 178
27 91 121
97 143 248
26 45 77
85 164 257
67 0 140
65 36 111
32 68 215
95 88 219
15 168 350
61 61 138
34 164 247
25 109 175
7 171 182
22 24 52
77 177 264
70 103 371
48 12 65
67 2 166
84 116 210
33 52 91
45 178 402
6 150 349
53 15 68
22 160 210
5 30 58
61 189 286
36 159 314
37 113 180
25 182 384
71 38 118
45 10 56
30 112 149
20 106 127
57 196 259
51 97 194
5 65 81
19 80 151
98 165 265
59 68 327
67 78 334
80 153 370
50 125 176
53 52 108
91 110 237
62 14 78
94 194 292
48 116 165
59 74 141
89 179 272
7 165 177
13 160 196
77 3 110
60 82 256
38 19 141
78 133 245
37 177 225
63 37 108
98 13 154
55 189 291
48 42 184
61 46 124
35 146 182
38 63 105
5 173 181
96 153 251
35 77 115
89 62 164
29 113 146
16 122 139
13 39 56
23 79 197
80 20 104
16 93 113
91 3 100
9 2 31
83 136 226
87 74 170
52 47 124
85 15 100
85 139 243
29 148 202
20 103 132
33 147 201
89 98 332
18 32 73
25 158 186
88 115 208
32 114 161
6 110 138
98 70 176
20 48 92
56 199 312
32 17 65
42 30 80
30 172 205
88 51 176
59 192 257
93 81 338
63 45 119
26 138 173
69 35 119
44 102 150
69 41 150
3 118 121
69 51 214
26 119 189
42 139 267
40 82 277
9 38 195
57 168 268
89 64 194
1 126 200
6 55 128
45 127 176
70 121 204
68 77 193
61 83 271
43 105 168
29 196 373
89 90 227
94 177 332
16 150 196
87 148 244
44 3 50
14 126 148
82 83 173
94 92 202
54 189 287
31 149 323
26 108 142
80 85 322
42 89 132
89 42 152
56 106 312
67 103 175
36 8 224
42 193 239
85 121 213
44 41 220
80 77 166
67 90 165
47 120 194
52 19 79
36 155 363
74 15 94
29 11 43
28 2 30
17 184 204
87 78 260
66 125 218
78 143 226
15 157 334
69 108 252
8 100 115
2 19 21
79 140 252
58 57 139
76 193 278
11 49 63
72 129 249
2 181 189
4 134 145
31 181 222
49 196 381
12 26 44
45 187 257
77 126 205
69 199 273
80 72 193
28 130 178
78 72 240
16 99 296
74 111 222
6 80 87
44 135 218
34 83 141
36 192 263
19 76 141
14 151 338
90 41 152
4 56 102
48 81 136
4 46 52
33 170 206
70 127 207
19 25 51
16 187 213
43 132 177
15 8 70
98 62 335
64 43 114
40 163 205
64 121 193
32 65 107
38 71 153
75 139 247
100 168 448
54 180 238
60 78 138
8 125 134
77 130 216
52 1 66
15 158 333
89 66 162
74 187 262
74 88 189
56 110 259
21 156 201
40 148 188
4 68 268
20 51 107
43 197 268
72 121 234
17 24 51
64 114 219
90 133 224
64 95 168
45 173 257
68 172 263
64 115 186
27 139 172
9 150 176
79 192 313
53 175 358
7 52 82
7 150 165
93 85 344
1 93 281
7 162 303
56 190 290
94 147 265
53 121 184
39 81 122
7 100 141
57 15 81
21 18 40
54 15 70
72 199 278
37 84 317
14 97 157
100 145 255
92 35 132
65 36 175
5 152 157
6 59 82
27 19 56
36 197 234
3 19 134
19 15 34
44 101 174
65 64 280
26 31 65
33 124 204
72 53 175
19 34 88
49 172 237
67 156 232
26 148 174
32 191 228
36 86 127
50 152 250
41 43 95
93 198 301
98 17 138
56 18 80
4 41 82
67 4 73
56 138 302
49 105 157
10 113 124
55 200 340
50 187 237
92 148 297
1 5 21
92 38 137
55 193 277
68 130 291
21 130 347
61 77 178
37 157 337
83 56 274
3 27 159
81 69 288
46 110 161
92 161 311
56 134 197
73 38 162
40 188 238
86 180 267
60 80 145
38 87 154
49 138 195
56 37 95
18 111 178
68 91 358
100 126 234
94 157 278
53 82 331
58 141 208
12 193 259
8 181 229
33 146 214
80 127 269
70 116 190
95 23 119
100 181 318
2 145 162
72 179 256
57 198 455
26 134 161
84 100 220
8 36 171
12 67 103
11 166 203
98 189 292
39 3 46
87 131 370
9 34 68
19 196 220
28 152 229
90 4 258
71 134 209
66 74 217
37 151 376
27 126 162
36 144 318
46 184 258
80 161 245
57 181 295
30 197 230
60 43 237
84 98 381
48 145 197
93 42 141
48 192 248
6 163 222
1 62 156
94 124 219
63 143 244
49 57 112
78 26 111
36 102 140
37 172 222
22 10 65
63 103 185
21 188 217
27 81 110
53 158 288
62 21 90
69 78 155
80 20 191
36 113 153
14 68 241
65 170 261
42 96 308
91 67 163
100 193 302
16 194 385
17 38 101
30 120 158
75 142 267
47 196 299
12 195 209
90 155 254
7 49 198
70 170 287
86 102 188
65 79 175
34 144 180
72 68 149
52 7 61
69 159 231
9 109 216
90 92 248
18 94 134
11 163 183
23 25 49
94 80 178
68 161 255
2 8 10
11 44 65
26 113 140
18 149 256
96 179 276
23 175 291
30 27 224
46 86 136
19 12 67
5 174 193
43 5 59
13 62 236
8 54 110
78 41 156
5 6 209
16 36 61
55 12 105
62 86 333
86 97 193
59 125 227
54 185 365
95 80 184
100 184 286
84 165 280
64 144 344
49 125 362
24 200 246
49 174 276
54 160 241
100 102 226
57 27 202
68 193 325
55 182 396
69 200 380
41 65 194
71 172 249
54 69 319
57 122 206
98 161 271
38 38 120
55 27 84
68 75 232
20 76 257
52 169 224
37 4 73
79 124 237
54 84 185
91 19 157
94 50 152
70 190 431
16 67 133
94 16 119
60 103 170
45 51 202
93 162 260
76 17 237
11 64 112
68 94 169
52 119 192
83 192 320
76 175 261
68 151 353
43 185 241
33 148 242
99 45 201
82 87 175
12 26 48
22 197 245
86 113 211
94 187 319
27 143 262
57 98 160
4 17 62
86 85 315
63 82 173
4 63 110
92 65 159
16 73 127
45 95 146
53 8 67
53 26 89
66 24 90
44 123 185
65 193 266
72 159 238
53 135 195
88 146 394
94 167 269
94 105 199
71 50 142
8 26 35
79 124 259
93 88 189
10 30 170
37 93 138
11 89 182
41 7 82
23 195 390
4 52 102
1 188 218
63 166 259
39 182 223
81 127 211
96 5 121
29 14 89
37 6 70
58 45 257
51 17 105
14 88 222
24 152 263
55 166 259
71 178 278
49 10 75
12 127 149
6 121 134
85 157 252
90 171 261
76 162 239
50 82 139
56 88 166
27 73 106
66 95 188
22 52 84
34 157 191
15 179 389
3 182 220
63 1 105
79 15 234
53 45 136
9 157 199
14 117 134
58 60 159
40 161 247
12 17 170
34 166 202
38 191 238
11 176 235
80 17 101
3 87 96
30 102 134
11 90 145
38 137 203
31 123 161
70 181 357
26 68 99
4 21 35
34 66 147
74 23 122
69 52 203
17 106 125
64 102 216
12 31 92
96 146 250
15 177 207
79 183 289
96 37 140
63 180 250
25 165 195
62 57 120
12 143 182
13 190 223
57 41 99
27 98 132
32 23 93
45 9 61
30 165 287
60 62 132
85 17 170
25 99 130
28 61 168
56 183 249
2 192 302
20 159 309
13 13 163
14 70 113
22 40 89
26 74 117
86 184 310
78 139 300
23 117 163
9 169 221
90 148 247
42 45 133
96 98 201
37 52 120
90 82 268
30 129 193
47 74 295
