910
10 70 126
51 38 115
53 120 197
57 29 161
33 25 65
50 106 162
35 19 58
29 173 301
9 98 214
40 190 262
17 174 219
42 173 306
5 70 183
53 45 269
61 63 143
5 96 107
45 197 401
33 51 90
49 4 60
100 53 160
88 194 430
15 124 255
46 154 319
68 25 96
59 93 195
72 14 187
38 117 157
5 136 164
11 183 212
29 33 104
98 117 231
68 105 223
67 97 236
62 172 393
24 163 235
28 171 377
68 129 206
77 64 168
77 132 292
18 35 56
17 200 274
48 49 102
16 54 208
65 135 215
59 193 267
83 27 111
59 18 124
46 138 218
20 160 205
74 170 252
39 167 225
26 113 167
71 107 199
87 55 204
6 36 123
61 53 132
64 64 129
32 15 50
15 93 172
88 2 143
23 16 59
41 94 145
97 19 121
30 58 91
4 35 44
44 187 372
16 142 324
37 187 240
63 175 250
15 131 155
33 11 56
75 180 305
87 55 151
64 20 87
4 114 118
42 121 195
77 165 283
6 132 179
74 26 149
53 82 143
4 113 125
17 24 48
11 54 68
34 3 37
37 181 222
84 18 160
95 184 279
28 11 48
71 38 156
63 141 233
13 57 243
72 23 238
61 28 92
15 135 160
67 102 178
56 124 185
41 90 133
39 131 175
66 144 220
72 55 298
91 187 360
92 45 168
59 86 158
75 65 156
39 114 161
81 10 95
54 158 231
95 134 275
89 143 264
32 164 204
10 41 57
94 16 110
42 90 138
86 126 337
92 162 263
31 104 144
54 153 223
61 196 359
6 58 93
81 162 252
2 113 123
33 130 194
78 54 141
37 125 241
79 133 213
7 151 162
7 77 87
40 23 116
92 180 273
14 124 147
6 139 147
99 116 338
98 116 221
61 175 423
83 112 330
48 108 284
64 60 127
11 66 186
27 26 200
2 68 105
40 78 151
92 178 275
87 187 284
84 20 160
11 183 199
48 97 183
25 132 173
82 53 173
99 127 276
15 73 90
33 174 242
82 90 301
78 155 242
83 101 216
90 105 205
55 89 187
98 11 115
38 197 243
8 62 110
73 54 255
42 97 149
61 108 289
36 63 102
40 96 139
30 10 41
53 25 123
93 10 272
72 12 96
40 190 366
45 29 76
85 5 99
38 107 181
31 181 351
19 73 110
68 35 113
33 150 287
62 51 273
17 59 84
83 125 258
1 22 188
37 83 161
4 30 39
62 76 274
35 0 173
21 135 186
33 76 111
68 29 205
42 14 92
80 16 98
28 88 208
52 9 255
38 127 182
16 68 88
22 7 62
30 146 328
15 160 179
54 30 128
7 28 39
90 155 272
45 63 139
60 49 131
93 196 314
90 195 314
61 14 226
89 200 336
19 100 150
60 131 191
60 163 224
71 30 115
40 27 74
2 175 222
77 102 278
17 95 126
14 15 41
8 148 221
75 90 216
25 81 109
62 67 173
80 39 179
45 188 246
4 83 105
42 144 234
87 140 228
51 196 364
8 19 91
95 92 208
60 66 128
41 88 130
41 180 267
24 166 195
93 15 120
70 26 98
52 6 84
89 8 117
38 7 50
31 10 65
93 46 144
93 177 343
60 91 151
89 198 314
60 194 261
73 101 183
61 139 264
33 100 161
67 107 174
53 43 122
44 79 132
74 45 200
28 126 156
38 43 117
93 8 136
44 66 112
49 1 139
58 19 82
77 129 216
84 158 287
59 109 175
68 115 183
70 120 239
46 151 203
70 105 205
14 117 132
15 95 119
49 142 376
62 55 128
46 45 100
5 65 120
79 40 174
48 129 208
98 124 395
20 106 154
14 65 103
43 16 68
65 9 74
60 163 225
7 118 206
8 5 81
100 73 174
65 144 214
60 127 191
83 72 331
96 190 296
19 127 154
45 122 171
37 5 42
82 150 232
28 63 159
59 194 258
38 12 172
96 66 163
49 68 158
38 39 125
23 135 240
22 55 77
19 48 108
74 37 150
97 17 123
65 115 214
5 47 66
50 109 196
33 21 208
83 117 205
18 153 221
20 48 93
52 196 401
85 159 438
14 14 58
89 157 376
71 91 280
23 46 164
69 7 235
87 107 202
95 131 237
35 179 221
76 43 308
12 165 283
61 181 264
66 36 125
4 172 182
7 12 49
83 51 177
81 92 342
36 191 239
57 157 265
22 56 263
48 9 213
4 63 77
75 49 161
29 199 237
35 172 213
30 87 125
100 153 258
31 37 240
46 161 219
43 109 162
78 79 296
92 153 265
26 33 68
49 49 229
60 121 181
76 187 263
21 163 184
2 35 38
66 15 94
16 126 154
53 191 251
44 16 88
47 72 268
84 119 244
65 63 133
74 174 436
79 38 217
4 166 216
41 129 181
19 174 198
94 15 144
87 64 184
22 119 272
2 184 189
63 84 152
7 9 200
58 43 123
94 199 348
83 177 284
11 180 205
76 129 250
73 112 192
74 142 226
81 101 219
34 78 174
24 183 228
26 163 193
9 130 159
41 106 165
66 196 395
38 81 306
28 45 85
85 130 364
26 116 258
34 100 197
39 11 57
48 199 398
28 135 168
55 193 423
81 155 432
51 31 86
46 155 209
35 101 160
72 171 340
63 92 167
100 57 160
51 3 81
63 78 146
9 9 31
32 177 210
64 18 91
19 78 105
51 147 201
41 46 107
51 170 233
21 42 71
12 142 172
1 86 179
74 161 284
14 100 129
58 54 119
56 11 119
53 36 115
20 80 231
71 158 234
98 70 330
10 69 101
15 13 75
59 77 141
2 55 62
9 23 34
89 197 414
50 133 226
23 153 177
1 156 170
5 200 220
89 200 294
85 200 293
9 79 95
35 32 132
23 171 298
39 99 168
14 81 202
72 138 210
19 131 263
42 189 346
57 184 248
39 80 123
74 14 90
64 141 206
46 77 169
47 64 156
9 176 218
25 49 251
32 72 108
48 68 315
65 158 229
5 154 167
33 74 127
19 159 181
91 114 212
26 17 86
70 41 113
38 132 175
60 55 292
43 19 68
21 174 327
51 79 131
73 171 435
23 95 126
64 73 183
38 135 175
97 53 196
79 176 264
31 190 230
48 9 98
86 193 359
69 44 115
52 40 131
26 72 190
2 163 181
42 11 225
92 22 180
98 95 228
12 52 115
68 96 164
11 149 160
34 167 204
29 78 303
84 109 198
43 63 134
8 86 144
72 95 170
51 45 99
6 12 48
25 61 154
84 108 197
34 44 121
79 177 267
4 139 175
77 126 225
96 156 312
71 71 163
85 114 249
14 92 115
72 38 116
41 170 261
30 29 66
95 84 320
79 11 100
38 135 179
85 6 101
30 179 213
50 123 367
41 59 153
89 199 321
3 62 239
78 106 186
17 95 125
35 81 188
29 139 178
22 132 160
27 49 105
39 51 226
95 62 157
94 182 307
98 48 166
89 184 273
6 164 187
100 30 134
1 160 209
60 18 121
99 12 121
65 95 210
99 52 158
13 132 338
35 6 67
72 91 167
80 66 147
19 180 202
66 82 205
96 57 191
43 89 138
95 34 166
92 118 212
62 177 239
40 170 252
39 123 255
45 63 153
70 58 137
71 30 128
72 67 146
13 83 104
25 108 199
87 9 96
67 33 142
85 53 143
40 69 131
80 88 194
62 146 222
80 199 414
21 8 56
30 186 234
89 39 150
74 8 97
19 149 177
100 53 307
35 119 201
31 30 144
6 158 172
22 68 130
100 45 150
71 85 158
88 156 246
65 127 205
75 12 109
25 165 199
19 144 187
33 66 104
34 106 141
11 38 62
11 68 91
95 28 156
68 168 265
30 13 60
77 185 265
86 162 252
44 49 94
100 200 306
37 120 159
49 125 191
78 60 179
63 139 239
24 163 196
26 118 176
86 101 193
91 7 99
7 117 151
78 174 252
2 180 186
54 128 211
34 13 57
23 7 41
86 54 146
10 104 279
4 118 128
100 112 265
71 86 165
65 74 242
7 33 200
49 23 76
31 91 134
58 139 215
50 94 176
72 132 212
84 79 171
10 29 52
25 189 222
38 155 232
1 103 105
80 12 101
66 82 155
8 16 32
2 144 171
97 180 283
77 5 90
45 4 95
99 143 277
44 93 183
53 179 251
93 99 193
57 24 152
50 159 215
50 84 141
40 130 364
52 71 170
85 177 268
30 111 189
71 182 293
26 122 298
23 65 100
22 57 86
92 77 202
48 52 185
10 32 45
54 157 261
89 96 188
1 107 113
78 19 106
46 101 148
25 46 75
35 25 80
69 71 146
19 83 194
61 54 118
29 43 78
61 145 207
69 146 220
7 6 17
72 53 131
74 54 168
86 164 268
6 79 93
27 32 59
88 74 171
41 141 211
99 96 305
86 161 255
89 114 211
90 11 253
18 200 241
92 128 290
33 182 228
77 158 377
90 86 186
9 19 35
17 99 119
29 179 237
84 155 268
56 27 95
17 181 235
49 95 202
26 153 185
4 94 109
84 98 228
89 184 280
17 14 81
38 51 123
4 15 151
65 91 273
40 53 279
32 95 281
19 0 135
4 65 73
84 8 111
50 74 254
63 180 377
58 27 115
19 25 129
74 128 203
94 114 217
16 192 239
95 28 132
54 87 341
25 70 105
73 18 94
38 18 96
62 180 249
85 35 190
32 164 228
30 27 86
56 179 295
10 39 61
65 156 254
62 9 77
3 77 107
69 182 255
11 11 51
88 183 311
75 109 321
33 92 134
15 171 303
1 138 148
32 186 227
58 72 143
36 111 227
24 49 226
55 65 127
43 43 89
8 9 19
92 76 187
81 136 391
32 146 261
19 179 202
88 180 278
9 28 95
74 136 214
67 73 157
7 127 238
53 199 411
88 37 135
39 4 103
100 139 273
57 65 285
71 149 232
62 186 291
19 48 70
5 76 180
9 55 67
66 200 266
87 108 203
29 104 299
50 69 125
49 8 110
48 56 144
32 14 52
65 115 210
40 138 193
13 15 51
43 176 380
72 163 236
23 146 172
47 42 92
5 100 105
22 106 209
29 107 170
42 82 136
6 159 173
3 196 205
47 139 378
93 40 154
87 88 181
28 25 58
44 187 235
55 115 197
77 62 189
28 53 89
39 152 195
60 60 133
17 84 116
22 30 58
5 76 165
78 60 328
49 59 109
16 63 80
73 79 348
27 33 91
68 67 142
46 162 244
31 86 225
82 162 407
67 173 278
72 29 108
12 95 280
8 26 46
65 122 219
4 93 110
43 183 327
29 173 204
9 164 338
15 33 233
47 173 228
78 32 118
24 34 104
50 162 213
44 172 287
78 57 141
55 81 171
84 99 207
57 48 110
53 107 167
83 53 303
73 170 248
19 119 151
34 7 64
93 168 268
38 47 129
89 161 254
16 129 151
70 172 251
46 68 123
39 187 236
52 5 59
17 98 131
19 176 205
35 160 201
83 87 176
34 113 314
59 172 240
29 147 203
27 94 139
49 50 229
8 180 194
91 176 313
99 188 300
98 141 413
50 116 169
50 54 105
19 92 171
37 0 58
11 65 76
17 16 42
1 173 309
45 140 234
43 62 115
20 90 111
48 32 130
39 141 218
35 200 250
99 177 283
32 111 301
51 174 228
53 28 237
28 71 243
18 195 253
54 116 196
100 197 337
70 180 378
45 100 169
75 189 308
56 120 181
54 136 240
10 136 254
39 49 159
66 143 219
98 5 112
16 32 58
77 12 93
48 30 85
34 37 80
53 35 92
51 49 127
55 183 240
67 92 205
89 92 235
17 18 46
62 158 259
87 4 120
79 112 195
6 191 207
41 138 198
52 18 73
73 83 156
80 4 99
84 198 331
67 78 247
65 96 168
85 84 174
79 102 223
54 128 187
65 60 152
13 151 188
7 190 198
40 120 168
61 77 141
92 197 290
15 58 107
96 127 229
19 177 205
95 151 260
23 130 179
86 9 122
59 20 84
90 82 222
68 139 245
47 124 181
56 153 292
70 18 104
74 14 281
16 130 156
44 40 85
18 125 147
43 96 323
84 144 245
46 200 252
51 122 186
5 137 148
80 195 298
54 178 241
78 0 80
55 44 103
68 61 163
23 123 181
62 29 98
40 42 92
