860
95 7 184
9 87 128
47 76 133
78 83 171
79 110 197
64 175 278
23 106 304
32 165 296
75 121 197
30 168 204
84 24 117
24 158 371
38 152 235
95 86 219
55 162 306
52 177 317
7 80 95
50 62 145
82 86 286
89 161 337
3 182 187
1 27 29
90 189 293
77 53 135
15 42 67
63 136 335
34 21 143
88 57 260
35 159 199
78 165 251
96 171 268
11 140 188
98 75 223
26 154 202
6 36 136
7 177 192
5 169 205
12 141 164
98 24 153
33 126 195
62 92 161
57 184 245
85 124 353
49 180 232
24 126 156
46 18 71
5 119 278
65 191 293
16 35 235
81 1 84
23 42 66
95 41 176
43 92 145
2 100 127
65 200 272
2 157 230
51 134 333
80 83 165
26 120 156
52 114 168
11 100 112
52 122 338
31 35 91
50 137 193
56 53 115
1 44 55
62 80 179
69 157 229
3 30 71
58 162 223
8 29 48
71 14 115
3 180 184
7 99 257
23 72 139
5 42 180
66 174 242
10 39 53
89 130 257
24 119 147
89 75 166
79 71 347
55 72 182
87 61 164
98 53 153
87 69 313
54 96 197
41 103 159
15 34 97
89 19 125
36 77 113
100 28 132
2 1 164
11 195 354
2 95 231
56 43 100
92 124 262
53 154 278
45 165 245
56 5 65
20 61 84
68 120 360
39 155 195
83 56 170
15 195 369
4 177 188
63 61 243
28 103 139
43 90 305
87 72 196
90 108 202
60 137 353
96 105 202
26 87 127
24 130 192
49 8 63
90 152 258
21 24 143
87 34 290
15 176 349
19 132 196
28 185 243
18 146 230
14 180 199
60 100 180
97 184 316
99 66 189
80 173 253
46 139 194
91 90 347
85 28 118
94 58 157
91 91 188
52 46 105
14 83 111
84 91 180
39 186 228
51 70 144
83 189 416
16 127 146
28 66 135
57 74 269
50 21 77
44 188 282
5 183 224
46 177 255
82 143 231
69 161 259
90 48 142
47 9 63
58 166 226
96 109 233
82 98 210
9 23 197
9 62 86
81 194 350
97 134 234
37 147 206
65 76 208
96 197 322
100 116 224
36 142 358
37 94 293
68 91 161
3 189 386
79 15 132
81 21 200
57 90 154
69 93 191
2 38 54
27 78 288
75 113 354
75 128 209
77 190 303
51 99 311
64 1 134
56 114 170
3 140 145
13 160 209
65 130 234
36 100 148
56 166 357
89 34 186
23 41 121
98 88 206
93 116 263
36 25 181
34 199 261
14 61 88
2 106 116
54 155 219
98 186 473
84 113 202
41 0 58
66 38 107
50 2 60
29 109 163
72 89 281
1 153 196
44 57 134
65 98 171
7 13 27
80 37 133
68 2 80
62 142 356
93 87 182
6 119 133
49 109 341
68 14 83
66 100 171
42 40 86
11 63 89
54 116 215
76 168 380
1 186 231
79 30 138
85 156 284
70 7 82
78 20 249
4 94 106
23 27 82
16 68 91
16 112 328
84 103 187
18 92 119
60 181 306
9 31 40
88 124 215
84 100 187
98 25 167
97 96 241
33 55 88
49 65 123
98 170 271
80 44 153
30 1 43
28 98 155
52 15 74
25 71 100
1 182 255
21 120 153
28 166 200
10 191 321
91 77 288
22 140 271
55 151 243
52 57 126
78 36 120
6 172 347
89 31 126
84 49 214
33 16 77
39 152 306
100 160 273
21 59 110
77 49 127
100 8 141
69 54 144
36 171 208
28 10 80
25 86 121
45 158 385
91 164 302
13 51 81
66 123 193
18 21 104
7 140 184
16 71 223
54 78 261
24 87 177
78 194 283
12 53 83
41 176 415
17 68 127
31 21 246
30 45 216
19 151 192
87 189 469
76 135 368
46 118 172
96 64 169
4 19 210
67 148 233
79 187 274
26 56 83
8 35 72
66 94 165
53 42 134
25 77 151
57 67 174
5 1 197
73 189 296
9 192 207
8 100 126
49 70 128
44 86 165
22 5 32
91 61 164
18 161 197
49 20 97
47 121 196
69 148 257
29 33 101
79 33 159
100 119 225
33 156 210
90 153 248
73 16 172
74 154 375
80 40 131
39 13 61
62 145 214
58 145 341
44 175 369
88 2 90
97 178 322
88 148 246
94 41 180
13 64 79
54 87 248
92 158 366
22 10 40
78 117 235
18 18 168
8 171 180
42 151 285
39 174 226
49 46 270
14 98 136
9 77 90
54 73 321
35 118 258
37 44 91
77 193 276
90 63 183
19 126 190
31 66 132
21 185 272
65 98 165
60 41 147
69 178 277
31 112 296
61 159 363
55 186 246
40 184 262
5 33 39
59 19 96
78 189 277
81 22 139
38 117 236
42 92 142
64 56 146
31 50 174
1 173 233
45 29 75
11 5 45
26 53 82
84 159 271
97 9 109
55 157 216
27 85 118
13 104 161
44 169 237
14 111 135
79 56 168
75 96 209
99 135 254
3 177 219
92 179 280
94 7 111
41 86 167
75 46 150
9 21 67
26 16 52
42 81 125
57 80 139
57 88 153
69 103 178
71 194 300
95 168 271
29 154 190
64 18 102
24 110 266
66 69 312
71 143 250
96 21 225
82 200 321
52 5 204
44 93 273
27 155 183
62 153 237
36 152 207
3 27 36
62 5 254
78 76 154
98 196 466
32 175 209
45 115 162
48 141 197
67 16 223
19 6 89
73 90 196
45 141 193
2 62 113
83 71 158
46 95 158
24 63 91
67 78 165
50 178 262
47 10 107
66 41 113
20 23 48
48 75 318
43 57 206
17 76 99
83 138 228
23 159 209
17 101 166
31 97 139
14 85 281
53 119 174
97 169 266
74 176 295
21 14 85
6 14 38
81 187 281
49 140 192
54 77 218
99 80 187
7 111 123
99 155 261
11 102 133
57 82 149
90 178 268
97 41 310
65 123 212
52 68 219
65 124 222
49 36 115
44 191 237
19 124 168
38 168 244
8 108 118
8 32 41
73 152 230
27 69 118
56 97 342
94 133 264
73 145 227
71 29 111
80 115 357
45 131 180
71 26 100
47 6 58
3 26 30
54 66 124
95 195 294
81 63 244
97 78 217
4 62 73
70 135 337
26 128 164
56 122 178
4 136 149
14 6 28
27 6 56
62 188 260
97 190 316
62 97 249
3 1 30
31 72 111
69 101 211
26 120 156
83 195 298
42 23 99
62 13 245
40 71 121
77 48 134
78 47 132
39 114 162
82 157 400
48 125 221
24 156 279
69 167 254
67 188 447
28 163 233
28 143 200
45 44 111
5 114 124
33 194 228
65 149 399
26 9 83
1 193 213
67 195 282
12 0 21
10 119 130
100 134 421
12 198 218
69 127 220
25 38 67
86 10 121
81 29 120
69 12 235
55 56 116
83 156 245
78 133 392
96 60 194
35 184 225
27 71 108
86 155 355
8 95 108
53 197 255
83 116 209
16 114 133
95 73 172
61 118 225
84 165 288
26 48 160
100 31 188
68 188 345
26 50 101
92 190 290
35 75 154
57 148 262
17 47 217
9 134 146
56 108 333
89 139 260
10 101 160
12 70 128
23 11 42
94 74 170
6 13 28
71 23 101
73 157 230
19 97 119
44 115 169
11 187 236
69 47 124
67 36 145
62 91 156
84 108 361
57 166 269
96 85 352
18 179 201
32 71 103
56 114 208
97 185 400
57 157 214
92 3 113
65 103 313
93 15 156
53 172 309
93 142 238
92 127 223
29 50 84
40 117 185
85 71 196
80 72 156
81 121 205
65 69 144
60 49 113
3 161 173
13 117 137
71 185 299
94 153 257
86 157 256
93 81 329
70 142 222
36 86 125
56 100 161
91 179 298
34 91 135
51 83 138
99 63 165
8 112 268
22 121 188
95 58 160
32 56 113
66 90 157
56 62 165
44 30 85
95 53 148
23 187 213
22 96 124
56 21 178
63 90 160
26 178 371
11 65 88
47 110 163
73 15 224
59 103 166
39 195 236
76 60 137
31 178 246
71 60 269
45 76 130
72 176 253
55 195 255
100 183 321
71 33 111
7 134 162
84 199 427
31 119 154
30 105 290
36 54 111
9 74 240
5 176 197
57 95 181
31 74 121
96 10 107
80 69 154
23 101 132
12 167 184
66 70 173
89 1 289
17 102 125
50 178 234
52 70 129
100 137 351
88 148 251
95 146 287
39 91 144
8 24 102
77 86 268
10 111 227
15 154 203
74 9 91
3 113 164
63 26 125
10 96 115
62 4 70
78 11 94
72 92 289
1 150 308
84 31 121
40 33 197
79 184 265
21 46 67
19 64 84
45 183 228
63 153 270
66 8 76
66 193 269
29 178 226
55 138 219
25 78 107
63 120 279
74 20 128
39 91 134
54 122 186
71 2 93
62 171 239
64 34 115
67 75 157
16 148 204
62 169 430
70 173 398
95 125 225
19 24 50
32 17 233
46 19 189
72 141 262
33 189 222
42 21 71
35 108 214
51 196 247
65 49 123
55 68 236
24 75 148
82 147 238
30 139 179
18 99 119
4 76 86
49 126 217
49 61 120
58 118 215
15 73 93
19 1 22
53 146 204
25 6 116
78 183 271
36 90 140
52 105 158
63 199 413
93 146 241
41 28 107
18 93 309
78 64 190
100 17 128
70 131 247
30 5 154
21 23 46
88 173 269
73 135 215
17 87 252
63 72 163
90 163 442
22 98 192
79 90 330
14 110 177
37 102 289
36 62 239
25 158 244
5 34 80
31 26 66
40 9 56
3 85 182
56 130 193
38 173 213
50 161 231
79 44 161
92 5 126
65 188 297
77 54 137
87 132 220
26 6 49
27 64 101
10 129 139
80 195 278
31 31 68
69 25 126
38 4 92
21 86 129
12 5 22
94 106 203
33 163 217
49 167 221
15 123 143
53 9 198
86 72 168
94 195 305
10 161 220
10 88 109
25 44 79
30 186 228
62 190 310
58 190 278
99 144 276
37 151 193
36 3 43
13 164 185
53 73 238
14 195 251
94 9 199
60 178 437
44 196 280
64 170 299
36 1 80
54 56 125
24 18 44
48 43 239
71 160 332
4 140 150
49 73 190
45 22 113
12 196 255
95 58 163
16 156 212
35 171 213
54 162 390
76 25 137
15 78 133
74 59 136
37 16 56
29 134 184
68 60 148
61 4 106
21 101 129
73 38 111
12 95 114
72 10 85
44 171 233
98 96 210
84 117 201
51 120 173
63 71 158
96 98 200
25 41 70
17 126 250
62 41 264
90 45 143
36 117 156
34 91 148
8 16 41
19 137 159
29 167 201
41 132 178
79 179 262
41 111 236
46 134 198
88 181 269
35 39 76
87 177 275
57 17 83
2 47 56
12 64 109
73 77 244
7 138 195
78 106 189
43 1 53
46 13 228
5 53 133
81 177 292
70 113 185
86 188 315
57 60 119
25 26 75
20 72 151
87 102 198
43 88 133
20 93 118
43 17 60
86 80 318
22 48 102
32 159 200
93 101 195
1 191 200
21 152 174
52 153 232
19 36 156
49 10 68
71 183 453
90 137 236
74 80 266
75 144 366
18 197 390
87 150 244
18 29 66
46 153 200
28 74 266
86 26 178
81 129 410
89 63 155
2 88 121
32 171 214
4 150 167
93 44 149
75 28 122
19 36 173
71 154 288
88 167 263
8 26 92
6 100 111
32 187 324
63 58 164
98 22 121
86 176 291
62 12 95
96 149 269
48 132 345
95 74 259
9 26 66
13 112 135
45 126 191
9 187 213
47 160 242
85 138 322
23 175 207
85 20 108
