120
58 36 214
9 104 129
50 166 220
7 34 54
42 179 226
42 65 298
12 104 118
46 31 91
36 137 175
82 134 292
62 161 369
7 192 215
22 91 114
43 46 123
25 168 198
78 119 356
71 57 136
81 59 146
13 180 202
58 132 320
66 200 270
10 21 104
94 199 294
19 37 66
11 106 189
1 121 127
51 70 128
61 47 160
41 87 315
100 135 254
3 192 207
55 91 169
23 159 210
87 9 104
15 171 332
70 94 167
57 48 109
21 5 36
58 72 170
89 134 286
3 124 136
96 177 278
81 141 228
73 45 124
70 17 112
61 163 233
56 116 206
64 121 382
5 40 84
41 123 185
86 19 110
53 125 183
58 130 197
40 8 90
61 191 271
11 198 217
60 80 317
25 69 97
90 184 281
69 128 232
30 126 162
61 131 231
27 33 61
22 136 198
31 200 278
23 150 217
65 37 221
52 165 250
83 73 165
32 10 68
88 35 133
32 87 123
78 90 168
16 195 215
64 164 311
40 62 103
27 173 237
54 65 241
43 16 59
42 139 279
71 58 176
67 36 297
36 38 226
75 182 303
12 44 60
19 70 105
22 44 91
67 96 208
32 50 82
45 103 149
48 190 405
27 133 200
63 2 180
84 52 178
34 49 231
4 7 33
42 114 203
48 81 147
70 173 250
98 16 137
43 6 81
9 155 177
60 63 173
30 31 71
55 184 420
31 32 253
68 106 225
12 189 204
47 46 257
57 116 231
1 66 81
82 66 156
43 29 79
98 74 178
49 167 234
45 2 93
46 200 257
65 196 268
4 153 258
2 99 200
