660
99 26 132
60 93 183
30 11 110
55 29 189
30 32 240
72 123 237
69 73 149
38 155 195
41 48 89
61 169 232
74 81 163
60 194 301
6 62 182
60 57 316
100 132 242
76 159 242
98 30 241
72 21 128
29 88 167
54 101 207
70 124 221
48 195 270
64 183 441
12 0 17
73 20 95
53 97 170
29 3 38
69 65 182
38 93 165
50 141 236
10 59 108
82 146 232
49 70 121
47 96 174
68 35 287
64 189 255
61 65 132
16 200 300
49 162 223
77 26 151
22 51 122
36 83 124
24 60 90
94 80 182
61 68 240
91 77 209
57 147 232
52 151 211
33 65 103
42 22 71
80 168 252
17 117 142
10 99 130
95 96 200
17 157 183
89 133 228
52 102 162
63 104 169
43 131 175
40 106 153
63 89 156
30 92 166
88 141 236
100 68 290
77 35 119
6 186 232
30 190 220
2 69 117
81 28 129
50 72 243
78 152 237
88 163 418
72 25 100
22 16 149
14 149 204
67 43 113
41 94 168
16 9 155
26 173 203
40 182 225
64 92 156
1 168 171
83 118 338
76 61 139
83 59 255
58 80 181
64 85 189
76 58 154
32 185 234
92 107 226
75 108 321
55 166 412
38 51 89
2 166 368
64 3 117
69 23 141
37 80 218
18 99 124
63 140 340
66 19 131
47 72 136
74 111 192
12 57 71
50 185 268
47 121 171
22 18 41
84 138 223
57 176 356
13 186 233
24 170 391
10 102 161
29 178 238
82 55 182
61 106 168
56 44 105
41 128 178
46 190 255
24 147 179
99 36 163
76 36 115
15 188 345
62 141 321
9 108 138
13 1 22
80 72 185
49 128 184
98 150 264
70 194 308
97 70 192
29 105 142
36 2 39
63 35 102
99 73 175
38 58 121
22 67 105
24 42 84
40 2 56
81 143 269
68 177 268
57 141 220
75 159 254
91 133 279
69 108 178
91 46 298
83 93 183
85 40 141
77 126 308
48 111 228
77 56 133
72 23 196
68 142 218
69 112 354
49 173 227
60 86 282
37 196 335
63 163 271
42 144 191
11 94 115
96 108 210
87 18 105
24 54 81
83 158 350
81 129 220
4 84 113
55 104 250
33 196 351
11 198 231
92 21 186
77 116 193
85 116 209
28 39 267
86 29 134
6 95 279
53 133 192
88 68 157
79 95 179
1 126 130
4 60 72
89 149 244
41 14 57
57 34 182
57 143 204
91 140 237
85 66 220
7 144 153
92 98 319
27 32 147
24 12 39
1 120 130
13 177 308
31 61 98
5 53 104
6 52 252
70 45 118
29 57 88
90 45 178
6 52 163
72 3 212
13 55 133
38 43 110
4 75 87
50 29 85
76 200 284
78 92 176
49 137 225
62 32 99
11 38 92
83 185 275
66 179 386
97 113 214
93 29 122
75 20 141
29 178 208
66 131 267
48 16 102
90 187 301
97 20 164
45 88 140
88 101 239
94 159 281
8 77 96
15 182 366
63 122 235
30 118 149
66 43 113
42 170 216
97 17 123
46 82 133
81 80 162
86 81 189
19 84 116
76 123 203
50 60 117
6 188 199
58 195 371
45 163 218
77 162 251
48 43 99
27 54 87
3 65 75
18 78 117
25 139 168
82 155 246
6 197 212
76 196 278
50 135 233
31 23 62
43 122 191
84 168 290
34 145 269
62 26 118
77 16 100
55 132 216
86 118 209
22 113 222
31 21 117
83 2 104
37 83 143
98 127 249
47 146 225
49 16 94
61 92 159
42 75 194
50 173 227
33 148 182
34 188 267
38 137 197
58 105 350
90 17 109
83 79 180
48 103 169
56 175 277
31 200 233
59 115 176
96 93 198
92 65 183
1 46 56
68 160 235
23 179 205
11 107 156
45 146 197
85 153 239
5 30 72
58 48 112
10 14 24
54 78 189
1 26 30
2 52 56
30 161 360
13 27 44
63 193 303
55 63 119
12 99 118
33 156 221
3 161 177
41 199 430
57 159 341
61 74 273
84 182 353
94 79 222
35 6 41
25 161 196
58 185 248
22 187 228
51 106 167
28 170 235
27 183 228
83 153 260
54 152 210
33 11 71
68 128 280
51 43 112
86 130 221
19 96 314
79 61 225
2 178 183
15 86 104
63 94 198
11 70 86
68 3 119
21 64 93
43 3 57
29 116 153
63 133 224
37 94 135
18 103 141
67 142 216
61 13 77
81 181 303
41 151 199
81 122 205
72 169 247
74 169 280
30 170 245
5 4 46
98 148 254
54 81 230
1 108 182
86 27 113
21 148 172
65 26 95
1 137 280
27 68 101
52 41 116
38 173 214
79 51 136
54 129 188
75 3 200
20 108 214
53 26 118
99 30 135
95 163 265
68 90 285
39 161 206
28 58 91
54 46 186
53 80 138
88 63 156
4 118 172
78 10 103
44 185 418
2 21 52
1 60 61
92 138 267
29 89 122
100 59 159
70 166 277
8 69 229
41 102 150
12 27 39
73 80 153
53 104 167
4 109 118
92 126 228
93 34 173
71 83 164
79 118 330
76 190 295
35 140 261
10 191 232
40 90 138
86 7 94
61 134 195
14 75 99
83 175 258
46 142 220
91 79 177
15 154 175
57 83 167
3 6 127
82 54 309
18 72 102
1 177 195
4 47 96
33 78 277
60 59 127
47 45 109
75 23 130
45 37 82
28 90 170
87 199 299
13 19 37
20 72 100
60 66 279
51 89 141
95 54 191
85 143 332
31 190 256
6 136 143
10 13 53
48 55 106
21 2 217
5 46 57
77 62 211
34 6 216
64 22 87
47 97 173
97 176 276
66 50 184
16 80 137
85 135 244
68 134 374
20 90 123
92 172 280
26 200 399
74 42 217
56 126 377
99 105 233
7 190 211
73 105 181
40 31 115
48 154 232
47 85 140
88 56 226
60 37 179
64 73 320
84 77 171
17 100 122
85 106 222
96 163 304
50 81 161
55 200 295
39 81 148
41 117 245
10 179 323
64 115 223
13 90 151
63 131 202
20 139 223
9 86 107
66 27 93
57 147 208
53 79 168
37 171 212
19 143 162
47 158 211
35 15 141
45 36 82
82 136 372
29 32 68
80 2 89
31 151 189
29 147 177
21 95 275
67 42 266
44 149 210
80 41 228
19 15 81
98 54 160
31 159 197
73 68 169
11 195 297
49 11 74
4 133 202
46 85 178
26 66 120
62 56 139
97 67 168
21 19 224
86 19 129
58 126 184
79 117 381
41 176 250
98 197 345
86 67 154
89 132 353
68 10 103
82 54 141
43 102 271
40 69 116
62 162 263
56 63 152
30 5 43
33 127 358
48 123 330
3 116 156
85 19 148
18 134 168
39 53 285
36 91 132
14 32 53
69 18 114
97 142 244
46 168 214
66 84 155
74 25 147
79 94 221
28 171 298
2 20 157
5 54 102
8 191 308
27 50 127
92 30 124
96 52 153
56 80 136
21 150 292
91 146 401
88 121 250
30 53 113
64 82 152
11 4 41
31 19 88
39 115 156
36 177 249
36 120 158
77 173 258
10 151 198
7 1 14
12 190 337
54 174 296
72 174 347
73 114 188
100 69 175
43 92 143
77 121 233
93 167 270
15 104 151
56 165 228
80 70 173
35 13 87
69 57 162
100 183 295
84 133 411
22 85 238
49 108 193
52 101 154
46 102 216
68 34 121
82 105 218
92 32 134
36 184 228
14 66 244
83 111 194
14 69 92
57 40 111
81 38 129
74 88 208
87 27 152
30 179 215
56 101 158
96 97 202
51 42 246
19 40 85
98 52 156
50 114 185
61 47 242
14 153 169
9 197 213
40 74 116
98 138 243
68 94 256
97 183 289
53 58 120
63 16 127
72 132 397
29 128 336
37 45 239
94 57 155
89 123 348
8 108 118
52 71 131
63 149 296
13 165 178
16 109 286
66 38 270
80 126 210
89 155 289
60 94 159
58 28 104
31 120 194
12 142 195
100 164 453
13 101 117
3 85 103
99 188 393
39 110 180
27 135 304
48 111 164
48 7 98
57 152 234
58 186 250
86 18 212
14 149 228
40 180 253
49 105 261
66 179 293
1 6 26
21 86 109
46 61 107
40 192 259
59 9 78
98 195 298
67 125 242
89 91 180
4 38 112
42 47 161
10 28 196
74 173 288
68 28 98
31 54 98
24 54 136
16 54 72
100 133 241
44 107 187
12 86 128
17 32 68
7 30 84
37 177 216
30 172 376
67 173 375
48 37 113
30 120 157
5 42 68
29 88 120
62 24 117
62 50 115
21 51 77
78 196 275
90 64 158
74 113 193
50 105 181
57 42 104
8 64 82
52 32 118
65 126 383
60 65 129
52 160 234
67 141 223
16 21 37
51 197 290
34 161 200
91 25 269
39 95 143
93 115 214
57 155 260
23 172 219
53 126 198
87 75 348
63 135 200
97 111 227
