90
80 146 253
69 159 238
68 123 206
22 154 186
63 118 221
26 120 193
4 141 305
77 64 141
84 46 208
64 77 180
44 6 66
56 84 158
12 82 103
4 175 189
64 82 195
85 127 214
16 170 187
60 194 264
36 111 156
51 146 197
61 144 205
22 61 220
89 98 194
49 98 236
95 126 293
96 99 203
12 164 180
1 4 98
89 70 352
77 8 173
93 90 299
86 52 165
56 60 120
72 126 254
25 164 198
50 180 231
76 132 236
65 98 166
58 153 214
82 96 287
83 116 240
17 158 185
93 122 254
83 76 170
27 77 202
59 128 227
34 146 183
49 44 196
93 44 212
65 124 204
42 50 151
91 188 363
98 100 207
53 113 279
54 65 128
47 72 139
86 105 200
78 25 106
38 181 318
25 132 307
56 158 225
87 182 303
65 128 199
54 184 406
27 55 89
78 192 287
15 188 209
81 152 313
5 161 176
45 110 216
78 82 161
53 21 192
81 50 169
52 132 323
24 2 203
87 106 340
55 179 388
85 197 290
4 103 117
7 194 385
95 156 258
63 57 300
64 79 143
83 21 110
16 91 245
20 98 119
64 81 274
68 82 155
13 119 199
100 93 238
