390
65 78 153
33 88 157
27 91 120
77 136 216
11 5 17
66 82 179
56 96 339
83 123 226
29 114 324
66 31 213
7 68 84
26 16 51
13 32 47
7 96 220
93 66 162
5 61 67
13 50 248
57 164 228
27 45 118
89 18 136
7 144 196
11 65 77
71 109 233
69 81 316
80 34 119
3 91 98
99 16 234
80 103 188
37 49 93
24 75 156
76 44 240
54 130 227
27 46 73
51 183 273
79 70 157
95 63 166
22 47 102
54 127 183
35 171 210
29 5 35
42 2 67
99 118 261
32 200 276
28 36 105
66 29 98
100 114 292
86 7 94
75 153 335
31 153 322
86 159 252
34 199 399
46 53 195
46 42 95
56 126 183
83 178 300
82 40 186
53 51 119
9 198 295
31 34 106
9 116 133
61 162 228
78 63 142
64 171 377
60 115 184
82 173 275
9 120 140
54 51 109
85 150 261
7 135 184
24 146 226
2 139 277
51 91 176
23 96 158
28 8 180
45 27 92
14 157 258
10 194 211
63 190 260
82 145 256
3 107 157
40 119 163
28 7 59
99 128 234
89 22 158
16 18 73
24 150 177
8 115 231
25 168 270
72 120 198
94 16 120
22 179 211
66 124 218
68 42 119
41 190 251
45 99 149
95 43 146
84 58 149
30 54 87
67 171 238
58 186 303
95 181 278
36 105 143
69 33 105
93 79 349
29 66 199
11 115 131
49 178 269
10 170 351
29 98 135
64 112 181
42 130 204
39 93 165
42 79 121
40 145 218
66 172 356
45 73 234
69 18 95
67 41 108
50 18 186
90 95 209
70 57 152
99 126 228
46 89 211
8 69 168
6 113 126
41 1 67
69 39 117
80 19 202
5 57 163
29 28 73
11 102 131
45 2 129
47 27 257
21 163 189
82 176 281
22 40 234
28 79 122
1 104 108
38 118 197
8 124 266
94 82 323
18 94 136
74 46 258
76 79 157
41 95 139
93 171 272
91 102 202
92 184 296
47 52 196
47 149 237
89 183 359
26 96 317
32 150 187
99 150 265
67 18 90
1 166 213
6 64 211
94 13 151
83 123 207
19 117 144
19 67 90
21 92 115
38 174 222
88 129 256
89 135 273
18 76 116
37 73 262
1 103 147
51 163 245
10 73 266
69 129 201
76 47 124
42 146 211
50 156 235
29 135 198
88 146 355
95 0 137
17 34 60
28 113 322
38 140 182
36 163 202
1 161 162
78 29 291
83 131 216
73 183 302
73 117 316
77 143 227
91 76 196
91 52 195
58 189 360
65 44 118
26 22 78
53 161 292
2 136 276
13 100 124
74 3 87
73 84 180
48 4 79
52 73 260
93 95 256
77 155 251
20 124 150
100 76 303
76 2 90
9 2 19
27 163 200
34 55 95
17 71 96
61 141 283
53 68 209
9 131 148
69 195 309
79 50 176
78 9 96
4 164 217
89 156 254
54 196 252
61 133 207
31 56 104
58 171 298
73 117 191
67 140 223
5 69 77
61 175 278
67 150 350
32 70 147
51 82 134
41 100 146
92 124 266
42 92 136
92 4 100
85 33 237
87 148 237
54 101 163
79 175 424
53 6 67
47 122 273
14 155 367
14 87 108
29 48 256
67 194 268
85 37 124
19 19 146
40 72 140
20 72 112
34 31 189
73 25 147
57 62 120
55 70 135
78 164 249
66 13 88
9 166 200
44 7 165
30 122 251
56 56 120
23 132 231
57 181 247
50 141 229
57 149 241
99 108 326
59 49 133
76 1 84
76 137 233
37 49 87
59 109 198
88 23 120
33 27 104
55 33 171
6 143 157
63 179 242
59 177 272
50 5 115
19 39 66
2 54 68
3 196 214
98 113 222
46 81 142
85 74 163
34 197 415
53 154 331
4 144 155
80 182 278
73 91 195
54 27 181
90 58 148
57 184 245
80 80 180
60 63 130
37 28 169
100 50 151
47 115 181
93 51 152
58 21 127
59 62 127
95 92 370
99 172 292
70 125 203
62 198 411
48 166 261
44 155 267
56 53 116
100 111 230
64 193 258
21 198 310
66 55 140
11 61 89
37 76 241
30 98 249
19 126 155
100 17 126
33 114 301
26 39 97
30 43 74
41 117 194
41 141 192
99 186 289
10 65 183
98 180 314
42 90 137
59 153 259
25 197 227
97 153 256
62 167 328
74 25 109
82 132 376
87 92 186
45 156 289
55 90 152
45 116 210
51 56 274
63 63 147
1 90 169
89 130 266
27 155 183
70 15 128
64 180 271
8 48 62
66 123 190
38 87 153
100 69 169
43 165 212
66 131 309
82 154 276
22 191 412
71 180 288
42 102 182
22 64 114
100 67 174
94 23 311
28 122 333
46 147 193
93 189 290
35 101 325
36 49 110
19 81 106
7 161 174
95 194 290
55 56 117
38 87 128
97 97 222
54 32 106
20 143 165
87 179 275
69 86 250
83 148 232
4 27 71
81 135 224
87 167 255
38 84 123
58 5 74
75 99 329
76 51 152
1 80 115
2 61 84
59 111 200
42 130 200
75 95 184
67 120 342
45 157 358
91 158 259
56 107 164
48 12 253
26 190 235
43 113 225
91 164 362
78 125 334
42 38 232
17 7 24
72 23 101
33 28 66
