140
82 6 215
88 87 181
60 78 197
34 108 192
82 99 188
35 68 144
71 158 229
62 84 239
98 29 130
66 50 316
86 58 319
70 100 189
79 40 124
18 138 291
46 112 160
37 164 223
99 35 134
96 168 273
35 104 142
46 52 214
59 12 77
69 30 102
24 170 200
88 13 145
87 0 111
85 190 283
20 25 82
79 46 143
18 162 199
35 110 146
3 61 74
91 22 189
91 32 164
46 129 276
38 103 177
85 3 101
59 188 253
13 147 168
20 13 38
13 107 121
90 61 165
11 88 285
94 60 157
17 41 60
65 182 247
63 95 170
97 120 220
62 71 176
58 82 219
38 112 261
78 156 238
58 100 170
26 164 221
61 61 128
24 101 128
41 95 138
100 66 167
1 142 153
33 199 383
40 184 226
66 139 227
90 98 382
4 128 142
62 118 299
68 5 79
21 70 189
91 148 289
41 193 240
27 24 137
63 31 96
6 156 286
79 141 222
50 86 179
24 49 247
47 49 196
15 172 355
96 2 137
31 113 180
10 180 193
8 183 193
97 14 115
95 180 370
90 125 216
78 43 128
87 55 158
60 95 155
59 110 170
28 165 200
49 97 330
64 108 173
74 155 342
57 115 233
83 174 259
94 93 201
64 163 244
39 164 264
21 22 45
49 102 161
31 121 329
34 103 178
39 181 266
78 7 116
56 38 104
9 170 184
60 179 242
31 108 154
64 93 180
41 13 64
40 129 177
8 153 208
12 76 88
22 82 291
30 12 225
74 119 211
87 51 272
84 119 302
31 121 152
2 23 210
45 156 298
2 58 62
16 58 110
37 161 385
86 183 293
22 192 385
80 89 179
36 131 171
18 78 169
52 77 138
37 140 208
69 154 252
11 112 286
68 162 280
27 195 231
14 173 192
68 118 199
99 57 157
56 87 241
29 116 161
83 65 184
89 64 172
