620
92 46 147
28 36 142
30 39 262
6 162 171
90 144 235
46 199 245
53 8 149
6 52 86
87 91 217
81 77 186
92 110 346
68 33 108
47 171 288
79 156 265
62 52 117
100 160 454
49 179 283
74 197 283
6 163 179
80 1 88
99 118 285
2 88 222
91 31 301
74 24 115
15 75 115
91 38 171
81 14 143
34 139 180
54 118 249
24 135 276
26 84 138
25 170 200
3 73 81
54 142 376
12 69 89
24 156 203
18 25 53
37 79 174
87 43 133
31 33 218
72 88 173
50 34 108
99 23 125
96 143 244
66 78 205
63 88 177
91 54 194
58 103 203
94 137 234
53 97 177
44 35 110
90 4 103
34 100 150
85 190 326
11 133 183
47 196 263
46 133 319
56 38 100
22 103 129
76 172 251
48 67 125
28 93 209
80 14 178
42 148 211
68 161 241
58 96 173
74 84 253
45 86 136
97 89 192
40 8 61
12 92 217
16 14 42
36 47 91
69 133 375
44 86 132
41 128 172
19 144 171
17 58 92
82 29 116
70 28 104
97 7 179
79 69 164
67 190 260
46 90 145
73 176 254
47 34 216
4 8 17
25 188 217
50 72 122
25 71 204
27 184 211
1 85 93
12 102 119
59 103 162
3 36 39
88 35 132
33 100 177
5 44 84
38 8 53
13 58 71
74 94 199
32 184 239
100 190 296
62 143 251
98 75 183
62 53 209
19 13 174
87 160 253
40 190 308
11 39 52
10 149 179
95 96 237
78 31 229
50 23 141
21 168 191
64 126 215
30 117 333
84 89 183
10 137 150
18 74 93
2 72 165
19 23 69
90 83 178
55 126 285
99 153 259
71 28 102
22 6 31
43 47 142
6 66 116
22 13 38
84 110 196
71 102 191
58 22 113
28 131 313
47 40 88
85 135 239
3 114 151
18 2 130
41 71 114
49 122 180
23 41 84
79 42 194
85 104 223
6 145 158
30 49 102
100 156 363
44 24 76
59 75 290
13 156 212
32 83 209
59 180 246
1 97 100
91 8 128
3 169 173
66 82 184
41 107 164
8 172 351
31 161 382
77 173 250
42 74 122
35 28 262
44 37 203
79 72 152
8 78 93
58 5 228
3 83 104
16 88 183
53 111 168
23 25 73
41 147 225
19 2 31
35 38 250
95 54 168
89 38 163
61 128 194
90 72 167
11 187 199
99 123 306
54 51 106
76 137 238
13 105 131
69 102 171
35 97 176
59 190 356
92 114 249
22 192 236
16 182 244
65 180 284
93 111 395
10 152 266
72 118 196
70 109 345
43 132 346
24 26 58
5 67 82
35 153 189
56 20 85
82 55 279
33 122 187
84 176 272
47 167 253
16 29 67
19 31 54
6 126 162
92 63 177
88 156 256
97 133 238
57 62 139
24 105 138
20 39 220
32 48 178
25 72 102
7 52 66
56 132 203
10 34 232
42 98 275
1 47 61
57 137 336
16 142 225
66 9 116
37 171 233
41 76 124
98 21 155
26 38 66
26 28 143
51 11 63
22 34 201
33 125 188
87 121 219
63 4 185
17 144 318
5 177 225
86 184 352
25 27 63
31 147 322
1 191 193
5 137 143
80 7 96
94 18 119
21 160 349
73 66 139
13 137 159
98 88 189
48 21 219
4 46 174
61 87 148
36 176 220
34 24 67
79 117 206
60 80 148
34 20 162
53 71 150
97 79 195
58 70 241
85 36 146
65 57 219
83 139 280
37 97 137
99 71 255
69 147 263
59 60 319
57 76 179
2 159 232
98 30 245
23 168 192
1 149 350
68 93 210
75 181 291
31 20 52
21 96 124
28 82 137
15 194 331
67 91 168
20 31 63
29 117 176
7 149 157
63 101 172
25 164 195
72 102 183
79 178 403
98 139 245
23 93 116
69 40 114
14 161 199
62 195 261
58 124 191
12 113 175
68 52 128
25 44 72
59 139 199
94 48 145
31 107 154
37 46 86
29 27 140
13 119 144
79 75 163
15 60 85
81 185 310
45 65 144
55 139 216
50 36 267
23 195 254
16 124 140
52 35 87
46 179 232
28 18 90
88 87 217
63 62 190
22 150 198
100 103 213
10 182 206
24 161 214
85 141 232
48 55 156
72 105 177
46 163 209
15 94 254
68 160 275
72 178 371
68 160 231
98 54 176
75 184 284
20 19 39
75 132 318
30 62 102
87 187 288
12 96 268
79 117 330
95 155 297
37 162 200
49 119 171
16 22 171
63 171 248
30 194 285
1 137 184
47 154 210
71 70 148
67 126 201
76 157 388
37 117 163
29 27 104
96 64 186
76 60 222
3 181 196
56 183 261
48 22 125
94 26 157
77 133 236
25 70 206
72 48 125
83 69 159
61 53 188
43 84 235
46 171 226
30 92 145
29 46 165
25 194 247
86 88 323
86 121 210
70 116 338
97 173 446
46 193 248
7 102 136
2 60 67
10 85 100
99 32 141
33 82 121
14 68 86
53 94 196
18 154 200
59 38 125
20 137 190
59 111 211
34 149 189
72 116 195
70 89 160
62 4 130
88 132 222
6 99 106
24 98 131
32 189 246
16 1 47
94 155 351
1 133 137
28 61 91
58 87 147
68 176 249
67 98 183
98 109 308
8 163 317
70 177 266
72 63 137
67 14 83
89 110 239
62 167 264
57 15 128
6 106 116
41 173 249
77 1 80
89 111 201
91 82 176
38 66 133
82 158 250
38 144 330
84 192 277
29 74 208
66 153 349
40 129 291
85 87 289
56 27 182
59 176 284
39 65 132
7 126 291
58 59 126
2 16 24
30 149 226
100 25 170
52 159 356
52 85 186
62 77 317
81 165 294
40 169 214
75 167 380
59 126 218
38 152 320
25 54 255
99 21 132
14 116 296
28 151 187
35 158 202
15 160 184
12 3 25
16 169 197
16 27 182
39 43 192
67 128 205
22 15 47
69 143 222
7 196 313
19 57 85
72 133 209
54 132 192
37 36 79
88 152 243
36 24 70
35 66 135
67 71 143
23 83 149
93 58 200
56 66 244
42 139 181
39 65 109
85 153 435
93 172 416
82 122 386
67 108 212
39 105 297
45 13 68
72 25 103
64 85 169
42 31 79
96 131 230
18 29 53
79 141 225
5 31 38
66 71 176
71 134 207
95 200 299
74 174 256
66 45 231
44 129 175
28 16 95
25 152 211
19 49 85
54 138 210
46 77 141
58 74 307
40 124 336
37 88 159
64 90 182
85 20 183
27 116 151
85 96 370
52 186 265
36 157 207
54 59 137
5 137 142
62 136 248
30 160 230
52 37 90
90 177 414
87 173 291
4 1 6
84 55 140
52 16 94
19 191 212
95 162 305
11 117 131
67 66 143
35 73 124
45 58 107
6 165 172
99 170 269
24 23 56
8 40 73
75 154 379
50 101 247
100 81 213
85 177 341
5 50 64
82 89 268
56 135 199
80 14 126
82 7 219
23 191 224
18 86 113
85 93 188
21 142 178
1 163 168
43 143 313
31 157 214
78 175 263
20 74 125
75 0 93
75 18 95
60 76 188
22 186 239
53 163 407
76 55 158
60 0 89
8 184 234
2 181 223
28 167 217
28 134 164
84 103 202
15 103 119
30 146 180
57 198 452
4 77 123
51 178 386
53 65 126
70 14 128
59 106 165
78 129 253
68 110 225
65 23 123
85 181 283
96 69 218
68 27 97
72 189 266
72 171 275
63 50 237
14 18 74
74 2 77
23 152 178
24 99 126
13 67 116
56 133 205
36 45 102
69 15 195
60 106 186
56 141 204
68 53 163
51 189 256
79 27 298
16 171 192
53 118 287
32 30 100
9 16 28
69 19 89
84 7 99
40 6 63
29 129 213
83 97 184
50 39 104
72 166 265
52 111 190
44 21 72
82 179 290
94 1 104
59 200 259
66 16 86
17 56 77
67 124 199
97 160 293
29 52 86
94 40 246
67 85 155
98 197 323
11 155 203
82 49 179
65 53 123
87 74 164
36 80 124
72 148 240
70 36 152
82 195 401
67 66 141
62 138 207
35 151 223
17 68 252
16 71 91
52 191 409
90 59 149
70 99 209
93 178 280
21 133 159
66 117 190
95 159 286
62 41 148
3 96 112
24 123 149
34 86 286
9 40 81
41 34 127
85 156 268
72 18 114
18 118 138
7 196 357
82 117 221
