240
74 104 337
71 83 195
58 155 372
88 120 231
1 104 114
68 97 167
18 31 193
56 79 142
53 61 116
64 3 118
48 172 255
51 196 258
51 179 231
16 80 250
7 176 188
91 90 205
83 135 220
10 32 42
27 28 92
75 190 307
68 176 253
43 7 231
25 159 197
79 124 209
92 54 168
67 53 125
84 193 327
66 147 267
24 145 192
84 81 271
39 90 135
88 53 304
89 48 137
14 186 226
2 62 66
47 159 212
85 187 275
93 179 453
85 4 192
44 171 225
49 155 211
29 34 71
1 106 262
29 166 200
56 16 78
16 70 256
49 65 143
91 126 286
91 109 392
78 159 263
61 164 228
32 54 101
59 88 310
90 35 136
50 90 149
5 147 174
7 63 78
58 67 266
100 95 200
99 75 242
97 99 196
51 173 294
25 7 54
67 44 141
38 71 169
21 97 126
31 41 110
19 138 160
79 162 258
20 180 211
12 0 16
91 87 180
26 47 75
26 100 128
62 124 297
69 158 234
35 195 230
70 156 302
58 89 155
50 153 230
30 144 289
43 110 161
73 178 254
82 178 415
47 38 130
49 20 118
45 189 245
7 1 133
26 175 240
70 14 113
5 18 91
17 72 90
45 181 235
2 37 41
14 41 65
74 137 224
33 111 184
88 67 328
42 112 156
31 120 157
22 144 166
16 182 199
88 122 212
93 83 275
23 40 141
71 143 396
78 182 263
69 49 161
40 85 173
57 139 201
39 184 228
44 178 247
39 45 91
86 169 417
74 122 201
89 135 249
79 190 270
81 20 266
11 68 216
20 134 158
93 52 149
80 75 159
57 45 104
33 93 149
36 46 131
2 131 289
4 176 343
69 102 316
9 1 10
52 136 238
42 40 121
19 108 130
76 85 201
21 131 156
17 120 141
74 43 251
37 120 298
54 151 253
26 12 127
46 95 170
12 72 91
33 80 214
2 26 28
89 185 276
64 98 341
66 60 128
90 55 240
36 7 45
60 96 300
40 74 137
47 94 148
37 65 178
9 25 119
65 38 134
22 107 137
85 153 242
43 167 216
5 96 107
48 13 69
82 115 198
78 151 244
8 43 59
11 142 277
57 129 212
57 13 79
66 136 207
1 199 210
70 48 145
1 129 138
9 97 116
4 176 187
20 57 88
51 133 204
56 64 123
36 124 163
25 180 208
70 47 282
30 26 75
33 41 80
61 159 229
30 32 157
58 56 305
87 121 253
16 196 411
79 144 228
3 101 104
10 98 141
90 79 172
54 125 342
78 4 98
2 99 136
3 72 186
45 107 154
69 68 185
83 50 148
9 93 140
84 46 131
52 10 142
26 129 165
87 200 291
12 160 174
52 106 246
5 7 16
48 10 95
44 95 171
64 97 357
99 47 309
92 151 414
32 191 223
28 44 238
66 77 148
35 115 155
75 124 337
81 197 303
35 110 193
17 195 251
18 161 183
11 184 199
85 189 429
73 138 216
29 98 130
35 22 65
86 84 174
37 7 169
50 74 244
81 3 104
12 198 243
10 129 142
18 156 179
49 181 239
30 35 70
64 96 165
45 37 127
17 170 215
44 149 353
35 83 126
31 175 213
40 111 170
26 160 217
24 10 188
