920
29 56 93
74 122 220
31 77 172
71 52 126
16 60 76
98 95 193
70 20 272
13 60 75
91 178 288
72 159 236
84 72 162
69 172 269
21 94 118
75 144 264
36 162 203
91 75 210
5 115 142
69 24 191
6 46 87
33 176 340
62 140 207
79 23 105
93 82 206
79 179 317
73 192 376
64 159 229
65 9 112
24 54 123
58 169 415
45 20 65
94 117 303
58 7 89
17 89 126
54 113 170
14 187 222
39 95 139
60 156 232
34 153 227
73 124 275
28 163 192
92 5 221
18 31 116
4 77 86
44 131 179
96 34 159
69 109 181
74 46 157
11 75 236
9 125 326
70 194 270
62 9 99
18 27 66
55 52 107
7 100 147
61 68 142
86 25 155
54 188 417
67 51 163
2 147 319
85 32 126
93 163 263
91 0 281
24 35 116
45 54 151
22 66 106
7 122 221
18 168 196
54 60 287
2 33 138
44 3 125
78 78 170
83 99 278
84 14 105
7 93 133
100 107 257
100 122 272
95 50 173
95 70 169
26 156 218
65 167 242
39 25 155
8 117 132
83 164 284
31 4 39
60 154 353
85 24 144
43 132 184
73 57 155
30 7 38
67 186 267
70 192 284
13 90 103
28 116 161
22 58 173
87 32 203
82 38 130
48 136 186
49 184 243
11 3 14
94 112 274
3 6 178
43 149 219
99 94 239
65 115 245
87 115 210
35 173 216
3 44 96
86 123 215
69 36 123
27 82 169
64 81 311
73 105 184
95 151 388
53 77 132
19 158 339
24 66 94
2 120 140
55 150 241
99 185 449
88 4 94
31 124 158
65 133 199
4 51 67
3 180 268
89 26 256
54 155 212
2 59 95
9 15 27
83 159 323
34 38 99
1 178 312
21 155 185
79 78 158
4 63 108
91 23 179
80 81 345
10 80 172
61 165 268
41 86 132
17 144 247
32 12 86
8 195 208
95 164 384
53 1 58
79 132 314
12 83 134
72 172 302
57 81 138
28 45 175
52 111 335
57 35 98
13 15 52
42 38 132
79 142 221
4 45 57
62 139 276
87 174 269
15 10 51
54 137 239
70 159 260
15 62 84
52 126 216
15 117 182
70 127 363
94 140 268
48 94 143
4 133 183
71 190 416
76 167 285
11 27 119
51 43 122
73 51 312
15 111 127
62 43 174
48 76 162
23 180 248
100 13 120
33 112 152
51 89 228
70 0 83
7 40 57
23 167 192
29 51 178
29 114 146
4 48 123
5 75 219
9 189 344
46 15 158
100 154 259
9 73 110
76 154 248
89 130 248
74 7 87
94 23 119
29 101 140
83 118 210
27 30 58
21 143 171
87 148 271
79 144 231
53 102 156
70 157 236
37 1 48
63 159 266
61 172 258
47 132 205
90 155 269
6 184 193
81 20 153
6 183 228
39 136 179
43 113 163
67 20 136
15 75 90
34 163 309
99 129 229
42 34 78
26 18 93
31 68 108
42 84 256
35 103 173
25 52 78
96 22 123
88 130 354
87 191 316
30 47 77
57 20 124
1 0 120
14 128 301
6 166 173
1 2 8
37 135 207
42 78 128
23 37 90
38 105 145
14 92 110
68 12 183
33 111 152
51 88 243
19 85 241
15 7 98
3 21 29
41 126 193
9 154 165
64 194 264
72 162 239
35 95 158
43 118 164
87 1 92
32 30 95
45 162 242
64 72 144
36 162 201
15 147 166
43 200 324
31 149 187
12 153 190
26 195 240
78 60 140
14 6 22
24 162 192
89 117 225
49 86 142
80 6 86
31 12 50
47 103 156
20 109 173
40 84 168
3 120 177
13 37 76
54 143 284
93 97 191
45 108 187
25 134 321
99 88 234
58 115 253
17 99 156
20 85 108
44 136 193
55 36 91
92 129 228
71 25 166
72 49 274
29 190 357
62 1 65
85 148 245
89 84 179
94 133 380
32 67 104
44 33 167
98 110 240
1 19 23
31 35 73
23 174 206
19 93 220
66 116 192
63 47 111
96 142 338
13 101 120
6 56 70
91 86 201
8 78 242
22 73 97
31 165 199
14 7 146
49 192 265
63 98 351
39 101 140
55 152 284
9 55 241
56 15 75
1 119 121
3 68 85
34 191 234
28 173 315
47 40 94
75 177 260
59 80 140
2 120 130
98 187 286
65 40 139
9 98 177
3 13 23
37 110 166
64 197 296
80 13 117
18 171 289
87 129 246
97 57 161
99 34 158
63 41 113
85 60 187
35 164 212
41 47 111
30 80 136
28 194 229
68 200 419
81 25 106
40 164 211
54 139 203
69 179 262
72 65 143
86 87 176
15 99 180
6 60 76
97 182 463
86 80 205
24 105 179
76 136 256
58 140 387
16 111 323
35 96 186
58 174 254
12 146 301
68 37 105
91 41 164
78 131 243
38 90 282
19 169 225
93 87 230
62 48 201
23 13 124
41 153 281
46 10 206
66 109 217
1 58 66
14 180 322
49 131 187
52 195 255
46 178 405
35 95 278
73 181 261
36 20 57
32 176 217
93 27 233
25 103 138
99 10 119
59 195 302
20 44 93
91 42 161
3 52 199
45 5 56
65 175 277
28 9 38
16 199 263
71 31 112
48 75 131
71 44 178
35 156 192
95 81 234
67 163 236
70 165 242
48 112 161
74 88 163
58 56 251
12 100 138
21 116 151
22 38 60
67 36 110
38 166 307
52 27 163
27 129 315
97 23 144
93 6 100
52 67 165
22 158 218
82 25 147
21 114 180
2 63 264
15 174 256
30 6 48
38 28 74
44 43 122
11 91 301
4 162 209
37 160 378
9 131 149
77 65 142
35 124 247
47 200 278
34 135 214
91 167 291
33 170 379
52 200 287
80 184 385
17 172 352
58 146 239
49 7 214
2 100 110
27 154 208
13 134 168
93 6 133
74 179 299
33 21 73
38 46 159
62 4 97
31 122 163
16 16 231
73 96 184
64 116 182
59 154 241
38 193 231
9 175 310
89 113 245
73 184 276
50 109 163
92 59 155
28 56 90
45 102 153
12 175 197
93 72 177
52 196 248
70 123 323
96 80 220
22 191 273
56 104 186
25 129 324
37 137 180
14 19 37
29 120 151
18 95 189
50 101 163
73 55 222
73 69 147
91 193 322
75 78 273
2 132 302
70 9 89
9 20 35
33 99 139
21 140 252
75 170 295
32 90 130
12 22 142
56 87 325
13 25 69
78 5 113
38 28 95
67 180 294
26 165 211
88 112 204
86 165 280
98 7 109
20 50 238
57 43 142
91 6 106
15 53 103
48 47 105
40 168 243
60 53 159
27 158 189
58 19 83
49 170 227
90 80 205
11 146 219
87 14 126
32 60 105
51 65 294
55 86 180
70 1 91
21 69 121
9 127 181
22 172 197
62 5 72
9 79 106
98 23 160
50 12 205
22 47 70
37 174 239
1 182 193
23 22 222
30 166 205
23 112 143
78 111 340
8 25 184
8 146 156
6 140 196
52 142 250
22 90 277
58 28 90
84 198 322
43 10 217
34 65 132
56 104 184
8 68 121
28 102 147
58 153 222
89 63 155
91 104 389
17 143 194
5 20 38
35 103 146
88 77 167
10 92 271
98 4 111
64 35 102
69 94 285
26 132 183
12 62 123
19 98 119
10 69 262
38 90 128
77 154 262
96 139 238
32 14 58
62 174 242
99 172 449
39 24 108
36 67 197
26 176 208
61 28 95
78 198 276
51 30 103
89 115 211
99 51 166
87 79 173
24 198 228
78 25 149
34 148 192
92 40 170
93 45 235
46 28 101
35 33 189
23 81 111
68 110 204
14 105 125
39 115 176
82 190 273
17 17 43
53 178 294
88 114 307
10 64 239
20 63 124
44 49 94
90 26 126
89 40 158
60 198 393
44 85 138
18 27 53
32 116 187
44 51 123
27 43 77
17 164 252
88 179 274
90 44 168
2 196 200
44 83 128
74 92 187
70 167 382
61 47 120
15 90 135
4 0 130
6 47 58
100 181 281
100 174 293
5 135 156
6 182 197
36 20 60
96 75 182
68 101 172
19 198 223
85 56 142
57 87 173
88 164 254
42 18 64
79 100 189
24 160 209
19 48 138
70 6 82
85 94 186
87 142 238
11 45 88
32 85 125
11 142 157
55 72 135
34 136 218
63 169 255
73 84 289
54 113 177
59 106 199
80 123 208
40 27 75
5 132 143
27 92 124
83 168 273
54 17 100
100 181 291
18 17 39
46 11 73
14 133 154
8 116 142
54 139 204
29 144 181
71 30 110
66 131 198
37 17 78
15 193 368
93 123 241
27 54 84
81 48 150
25 196 316
44 108 153
25 20 46
75 27 143
70 164 245
28 27 56
41 144 343
48 81 136
43 89 174
51 124 198
1 186 195
72 11 90
84 30 124
100 179 367
78 117 197
34 1 35
93 170 349
62 142 225
76 195 277
1 19 157
88 61 202
60 178 238
9 184 201
41 34 208
2 198 208
51 160 221
58 124 199
35 29 108
71 112 193
43 121 254
35 49 87
97 5 106
9 187 199
94 139 236
45 127 240
27 51 82
65 25 229
57 196 288
6 51 65
25 99 253
70 107 205
40 143 188
46 149 242
70 0 77
79 130 236
33 197 233
64 130 320
82 108 203
19 147 340
5 189 226
35 116 287
69 122 241
84 65 173
20 134 315
77 20 97
1 23 66
62 115 183
32 136 171
85 49 143
41 18 61
77 110 190
38 37 100
54 196 253
61 195 259
34 170 224
28 144 194
34 122 198
90 103 197
45 10 81
95 2 270
9 28 111
50 34 89
74 83 288
66 193 267
71 91 341
87 129 220
39 8 92
7 69 200
2 109 206
24 170 197
34 56 125
18 93 257
33 20 53
13 28 43
43 20 71
37 37 116
72 144 220
79 145 226
57 82 192
51 12 65
82 100 189
70 178 312
17 65 93
65 16 83
39 18 82
49 173 223
3 199 215
53 41 290
78 16 133
37 116 157
56 39 103
88 0 104
57 142 204
17 8 217
88 157 253
92 176 305
93 23 139
64 95 169
46 148 252
18 129 156
26 63 89
52 14 92
78 147 227
60 173 275
32 110 285
63 87 154
65 146 219
40 172 227
48 104 156
56 199 300
66 130 230
2 161 295
91 197 288
58 146 210
19 145 202
11 38 186
27 14 66
63 22 108
15 62 104
90 74 178
22 59 81
91 34 147
66 76 144
16 25 186
96 81 225
84 89 268
37 184 270
95 175 389
74 165 296
45 71 140
65 14 88
69 134 376
4 154 303
17 1 22
26 96 196
61 1 151
83 17 115
10 24 43
32 163 230
54 182 241
43 49 106
50 103 202
76 83 163
86 143 424
20 177 264
75 10 106
5 42 54
36 147 189
56 200 418
11 110 170
59 134 220
71 82 190
5 149 161
16 73 163
7 1 17
25 85 144
73 41 119
68 105 185
95 38 149
39 18 120
63 168 288
61 119 191
21 6 36
31 16 165
51 7 123
100 180 333
86 11 197
89 97 196
23 152 284
1 158 189
56 112 179
54 75 131
51 10 197
21 120 148
47 81 253
49 81 131
42 94 149
90 189 288
97 27 124
59 16 77
79 52 168
88 140 266
12 163 207
12 138 166
55 16 101
54 58 244
68 7 84
64 157 223
14 158 175
95 200 298
17 163 185
63 12 75
60 41 108
10 80 91
26 36 72
74 116 209
66 173 289
22 174 200
2 13 64
31 138 222
92 74 226
24 76 100
71 75 342
2 86 91
48 126 181
94 193 320
27 75 107
46 89 181
30 44 74
79 105 205
55 93 271
18 176 242
7 121 171
10 178 197
7 132 141
47 90 142
73 185 450
78 109 191
34 191 229
65 88 172
80 15 102
24 169 353
14 112 146
23 146 198
51 49 123
37 20 83
3 57 66
52 172 229
1 166 192
55 22 88
35 54 198
92 81 192
85 74 203
87 196 287
2 39 218
12 185 240
51 128 191
6 79 116
73 161 283
58 159 399
46 165 232
11 129 149
75 190 276
63 40 113
63 60 165
15 36 57
96 151 247
57 137 229
76 138 222
99 199 325
19 98 160
50 180 257
37 44 83
86 88 284
53 135 195
35 130 171
70 187 266
88 15 106
29 178 213
45 42 90
22 114 142
39 4 65
47 200 251
60 66 135
29 45 90
28 54 254
19 159 184
91 189 434
80 69 169
25 150 207
