440
94 112 208
94 152 284
93 142 308
66 54 296
36 46 99
26 33 75
48 35 86
21 122 165
22 190 332
63 5 75
70 21 101
9 66 102
4 93 147
52 96 268
20 25 49
21 102 137
62 80 331
85 123 211
74 110 201
86 134 298
13 16 55
10 190 317
23 160 190
10 47 61
70 37 141
75 2 115
45 161 230
73 100 268
81 147 246
78 49 131
91 133 315
88 7 103
24 108 175
38 200 239
90 100 266
71 130 202
26 166 207
6 79 95
24 114 155
39 196 239
69 165 349
80 198 290
46 151 233
48 32 123
63 78 147
4 2 75
82 150 233
86 48 140
14 144 164
78 148 228
68 45 148
4 176 182
8 19 129
80 130 221
10 146 198
93 53 146
49 12 101
90 192 288
12 14 30
62 70 135
46 103 185
63 148 258
79 70 183
98 147 269
17 197 290
68 69 147
2 144 235
71 174 256
55 74 140
22 68 90
49 138 237
13 150 208
97 179 285
8 94 108
58 169 229
1 40 121
97 121 242
65 128 215
10 90 124
67 105 265
89 73 265
13 132 146
78 23 121
69 23 153
20 176 203
27 133 164
87 124 216
66 196 304
53 54 115
82 170 269
10 182 241
28 174 344
89 20 110
48 147 365
77 51 165
91 185 302
100 155 263
44 67 120
40 179 260
43 90 148
90 17 117
71 171 269
44 185 244
91 100 195
94 45 214
65 182 278
26 88 124
29 10 101
52 130 183
94 7 102
65 58 167
20 57 129
60 179 240
57 58 247
32 85 131
18 168 203
61 171 267
49 110 160
34 96 130
55 107 232
1 10 152
99 144 278
30 105 141
64 154 266
27 78 126
37 24 179
84 41 155
95 174 274
34 141 302
81 150 375
19 107 148
20 176 217
80 150 248
34 93 127
75 146 406
30 117 297
64 129 239
54 140 220
92 175 339
77 128 241
98 7 106
41 116 162
25 85 251
54 166 261
64 107 350
53 60 123
37 189 411
83 163 364
74 49 127
24 180 390
74 80 194
71 89 165
62 35 107
21 135 161
51 49 290
62 181 272
1 81 83
26 199 235
18 191 233
19 44 81
11 121 134
87 53 176
65 13 131
8 112 131
5 105 114
20 180 208
87 27 293
22 91 116
94 93 202
97 18 120
28 53 84
44 74 141
96 155 400
1 88 95
53 152 205
2 44 78
59 22 125
1 103 107
35 134 199
20 37 58
94 82 182
52 51 123
49 101 329
37 200 270
48 123 311
90 89 282
45 156 201
94 117 238
14 12 208
52 88 328
11 82 211
84 65 156
14 162 183
93 187 414
21 12 197
92 57 158
19 89 305
40 72 122
60 81 144
56 34 97
28 123 165
8 195 265
32 198 259
1 62 72
74 150 259
29 200 238
97 37 144
66 29 105
72 49 131
74 139 370
72 193 270
52 188 286
62 172 251
6 41 192
11 173 212
82 56 174
44 44 92
63 102 173
2 170 244
79 8 90
4 85 91
18 165 288
57 84 146
17 103 127
66 137 225
16 23 73
29 194 406
78 56 174
18 200 256
55 35 207
23 152 194
49 56 204
23 55 91
67 94 262
70 100 176
21 93 117
72 159 419
29 6 80
90 74 169
47 120 261
74 182 341
46 31 140
51 75 162
75 92 209
51 139 334
65 28 94
35 101 141
16 157 274
79 97 201
97 13 163
13 11 29
63 103 293
10 164 238
12 181 353
71 143 224
80 12 253
11 75 133
58 101 168
91 10 121
85 167 259
50 44 99
81 122 242
54 95 333
19 88 261
4 97 130
88 155 244
62 92 157
52 177 234
47 169 239
47 22 77
44 54 98
50 4 141
50 70 125
40 29 73
48 93 180
14 139 167
94 63 162
71 184 291
47 89 179
72 35 116
91 75 187
95 39 159
57 94 154
33 116 155
29 103 134
56 27 191
44 32 81
59 108 203
82 109 203
9 159 258
87 22 130
47 191 251
96 132 278
71 69 145
25 96 165
40 81 272
76 177 258
20 73 93
22 135 194
27 71 100
60 173 270
56 108 203
1 144 305
98 180 279
22 33 57
17 71 137
71 196 298
43 110 257
99 135 238
16 52 92
68 51 124
40 19 64
74 88 193
67 44 119
90 137 356
63 46 117
28 127 162
6 151 162
74 141 216
45 133 305
94 139 237
8 15 29
77 112 189
80 157 237
22 153 185
56 39 126
76 45 127
53 110 350
38 189 296
64 14 85
90 22 148
57 29 120
65 182 255
5 174 268
48 189 240
73 109 190
20 175 235
64 73 142
91 58 155
58 154 353
16 6 62
11 11 22
79 199 283
77 141 221
62 181 245
5 38 52
23 199 353
82 193 282
17 27 53
25 2 188
37 23 83
18 172 214
88 27 168
78 44 143
78 73 158
52 186 274
7 197 211
93 48 246
94 164 386
26 52 96
80 141 361
43 162 205
7 22 51
21 29 54
23 57 249
90 180 313
58 131 349
64 162 399
46 45 238
66 102 172
91 81 174
13 66 88
34 23 67
17 62 90
81 191 290
2 145 156
92 81 180
69 73 150
13 174 195
72 57 168
91 26 225
71 133 249
4 78 259
62 168 234
54 19 98
22 88 148
9 59 139
47 186 352
6 180 196
79 19 107
21 29 50
86 25 230
21 186 216
83 115 260
22 52 75
57 0 67
80 27 295
57 36 121
17 163 304
12 0 24
78 56 291
10 93 104
6 127 136
69 64 134
80 74 188
84 117 326
2 188 373
4 199 216
88 165 431
63 133 243
38 74 113
33 80 114
19 158 178
24 44 115
11 189 209
40 86 169
97 105 210
44 124 212
23 175 336
99 9 146
95 58 309
32 144 199
62 163 230
90 20 296
2 49 51
5 54 62
13 97 113
30 71 262
72 12 87
92 107 205
50 62 127
41 64 137
59 89 155
74 53 174
100 81 326
78 25 265
5 130 138
91 132 265
84 26 183
29 112 150
