560
54 136 194
5 49 94
7 35 52
28 68 105
100 76 183
1 4 108
10 184 205
43 190 243
48 65 120
82 74 175
93 84 184
51 92 143
74 27 168
97 56 199
21 170 261
58 9 85
43 192 244
18 124 153
72 124 206
45 48 129
3 27 36
44 93 151
59 128 187
42 100 148
72 57 142
26 137 172
95 60 206
21 71 122
32 47 88
35 161 220
83 151 404
76 59 137
44 65 278
97 6 204
20 189 368
28 127 306
34 53 252
60 79 175
21 176 206
8 2 15
12 173 202
44 2 51
70 109 359
44 13 79
46 170 366
49 86 162
46 117 172
97 97 231
21 197 238
8 75 124
93 96 197
81 122 209
67 116 329
63 59 124
78 62 155
52 40 98
90 194 306
21 58 119
90 49 186
2 34 67
27 45 98
47 184 232
71 64 142
80 62 208
83 17 104
39 154 241
73 146 219
72 194 274
90 80 180
98 103 241
28 76 223
97 49 193
44 118 175
24 77 122
54 7 79
76 152 255
82 166 263
55 172 233
49 61 119
83 58 146
89 179 277
9 5 18
13 107 247
72 147 231
33 125 222
31 193 226
67 163 277
90 26 120
81 78 183
19 143 168
51 127 205
42 194 256
90 172 281
74 195 459
39 46 152
80 90 175
97 186 287
52 122 184
90 97 196
19 169 214
33 76 148
1 24 34
39 20 67
42 68 123
18 173 330
89 151 408
19 189 219
98 15 162
41 106 195
24 73 119
86 23 112
98 174 277
50 5 101
17 108 128
12 57 236
23 192 260
10 62 87
89 143 243
81 6 117
20 74 96
65 119 192
42 81 156
78 20 259
35 193 234
78 56 178
100 84 192
73 84 254
46 102 157
4 118 123
21 105 134
8 119 136
82 74 246
53 97 153
56 0 207
62 44 128
10 101 239
94 127 396
84 122 214
67 158 242
37 167 207
20 129 159
99 173 278
1 56 63
31 187 227
46 55 205
59 137 202
55 124 301
42 113 166
42 45 144
93 138 298
11 41 55
44 171 216
20 23 53
85 149 235
3 5 134
83 199 283
46 38 128
18 175 198
89 19 189
55 111 207
92 139 239
84 30 149
57 172 402
38 119 159
5 44 67
97 72 217
54 5 70
91 133 230
19 98 308
38 84 129
55 121 206
29 93 132
6 60 80
73 200 470
29 173 348
67 30 99
55 75 143
86 140 418
25 188 224
15 112 176
51 180 242
56 44 130
81 118 209
14 154 172
89 58 151
52 23 119
2 162 250
25 5 33
84 100 224
86 121 207
25 150 185
7 43 51
48 199 293
57 179 245
73 59 291
35 80 116
42 83 146
61 191 334
53 163 386
96 107 205
87 166 406
78 186 381
82 179 393
16 144 193
17 196 222
67 0 74
18 75 97
16 111 159
87 143 382
3 106 135
18 150 267
42 181 227
81 42 132
31 35 193
95 182 277
84 2 145
70 178 425
53 163 368
96 122 220
8 41 57
32 45 154
90 185 278
19 167 192
26 123 290
4 70 75
97 147 244
63 184 295
65 132 201
36 123 189
52 140 276
3 99 102
93 21 123
12 144 156
75 56 137
4 186 193
22 108 132
40 195 278
36 51 88
50 57 136
58 69 137
12 105 164
39 77 119
91 10 254
34 136 199
22 140 198
8 184 234
16 120 157
8 12 203
62 91 154
59 56 125
6 32 55
47 176 301
19 29 54
66 194 275
44 22 76
43 132 273
54 168 243
14 66 86
34 22 81
62 113 230
53 49 105
45 12 58
28 58 94
67 34 102
94 116 218
95 3 282
2 80 118
54 95 151
29 101 205
56 16 94
22 7 74
20 117 183
95 39 141
7 167 178
39 108 151
93 77 196
96 145 254
43 37 108
12 9 27
67 88 274
44 99 147
46 90 140
91 139 339
55 75 139
72 84 170
12 67 85
54 79 182
11 84 145
52 155 207
51 20 239
54 143 230
5 118 159
48 27 77
92 171 312
27 170 211
9 112 153
28 82 113
57 132 200
54 103 291
85 104 190
27 172 203
44 154 205
50 19 215
21 64 125
12 155 168
7 160 211
53 169 226
27 184 211
47 169 221
24 179 217
69 156 232
95 60 161
85 164 250
40 133 207
47 2 56
2 108 120
73 161 414
73 173 254
43 85 252
82 65 232
59 172 252
8 71 86
93 94 230
40 80 139
97 70 171
47 109 167
30 164 219
9 178 189
35 132 170
1 174 178
23 9 61
89 157 250
48 198 246
84 181 298
48 143 196
97 147 275
75 143 219
35 170 232
33 29 245
53 125 178
8 172 199
81 138 238
17 24 64
87 150 252
24 172 206
42 94 145
86 76 181
24 62 100
99 82 227
11 75 262
23 107 163
70 173 246
56 198 256
58 11 76
10 195 205
71 130 258
68 102 186
38 6 115
17 174 201
34 19 60
60 197 266
65 173 252
16 196 218
87 91 187
52 185 243
44 102 151
27 167 196
34 140 222
27 82 274
71 97 168
82 132 218
24 49 242
85 152 241
55 148 342
43 91 140
68 7 204
44 182 231
33 16 63
96 66 170
23 122 189
18 48 92
29 142 179
79 129 214
68 143 250
8 172 218
58 145 337
69 174 287
28 140 317
25 115 150
67 6 73
43 182 231
66 151 218
35 176 251
25 65 118
29 100 215
29 62 97
5 67 74
18 160 222
25 62 105
17 159 197
70 198 287
91 30 124
48 75 151
69 63 238
99 80 187
96 13 118
77 24 108
51 12 64
11 154 166
1 195 196
34 133 186
76 81 160
37 93 137
41 132 182
3 30 160
100 78 185
37 4 43
40 112 174
52 181 244
16 162 186
6 197 214
16 117 135
16 167 188
6 33 224
85 23 118
43 129 359
53 136 195
54 147 210
90 122 217
2 120 154
3 33 86
73 142 223
4 126 150
3 175 181
85 44 264
99 83 204
82 73 169
56 108 275
33 2 39
32 62 107
51 129 219
43 126 229
54 5 59
3 180 221
71 172 307
80 107 232
61 40 109
100 49 180
30 196 272
7 0 11
96 180 285
46 44 116
91 71 198
57 20 85
16 30 63
44 99 144
100 52 153
72 139 223
85 46 140
52 71 160
34 153 224
35 42 80
61 7 75
91 146 430
48 142 245
20 67 209
25 123 221
96 122 221
69 44 127
56 113 212
89 19 135
78 104 184
25 189 245
82 20 112
20 57 167
25 11 220
96 200 331
48 168 220
10 156 347
93 57 152
10 29 48
34 17 56
91 48 146
29 100 175
84 38 266
52 114 167
60 113 180
97 116 221
88 179 272
40 193 352
81 5 100
65 70 135
8 11 24
83 11 97
79 53 139
37 73 116
37 186 410
64 25 99
25 18 49
98 54 191
51 42 95
95 155 448
19 1 68
28 157 195
11 55 72
67 180 251
99 80 182
46 194 301
26 164 193
65 55 122
74 122 198
1 103 249
55 145 232
85 50 146
69 35 201
22 198 226
83 187 462
25 39 119
99 31 132
56 127 186
60 176 285
1 15 66
91 10 129
38 10 93
100 193 409
66 195 282
37 32 70
20 186 215
70 185 261
90 182 365
38 141 183
2 165 271
60 36 112
41 63 104
90 18 115
33 190 256
34 155 222
78 97 185
30 40 83
71 146 290
41 143 193
19 144 201
69 134 238
28 37 161
28 187 227
63 191 256
78 151 269
7 72 105
33 57 139
51 81 297
73 151 373
90 34 130
6 157 173
42 176 219
1 174 197
6 189 348
97 138 284
38 82 123
20 59 119
65 112 219
