560
69 68 146
41 10 59
33 30 74
54 33 245
52 113 173
67 85 158
13 88 146
8 186 203
49 163 234
8 159 358
67 36 104
56 118 236
8 36 71
83 129 219
27 138 327
74 39 130
64 59 167
23 26 193
63 171 242
87 151 243
88 42 246
88 46 140
96 80 180
7 32 208
58 108 291
58 175 249
19 161 340
54 20 107
19 42 246
21 118 141
38 103 160
62 138 209
92 57 157
47 86 239
20 66 87
36 125 166
99 33 154
56 50 109
89 125 220
84 67 197
87 73 166
88 123 211
100 186 293
20 167 187
4 105 207
75 173 271
21 132 211
80 45 166
67 52 259
51 60 112
66 53 123
12 185 219
7 184 199
60 104 331
15 38 61
65 174 265
79 58 270
28 36 65
7 82 121
22 145 174
37 140 215
79 16 97
16 146 165
83 179 272
67 196 385
34 199 356
26 103 156
83 162 276
1 127 147
58 21 83
26 8 41
22 128 231
34 185 256
37 67 137
87 145 232
8 134 276
85 14 108
35 121 199
95 2 288
36 77 120
19 34 56
80 152 242
48 21 101
11 129 149
83 10 103
56 158 221
52 121 175
17 143 189
28 80 190
12 65 78
98 111 236
27 183 210
91 109 261
39 144 233
44 83 171
37 38 101
61 51 123
87 73 184
83 40 142
89 54 340
3 192 205
99 198 317
11 165 201
95 111 225
21 136 157
59 19 85
9 6 120
36 200 246
77 162 328
2 134 145
61 173 236
54 7 213
86 88 204
36 195 250
48 86 241
85 18 145
46 105 154
13 144 343
93 104 205
28 162 222
51 142 219
2 191 197
31 150 182
29 94 131
95 119 224
60 14 84
5 31 51
60 16 82
96 175 280
89 63 338
62 174 274
72 116 191
30 157 345
62 169 246
88 39 159
16 100 124
49 186 242
42 35 80
26 31 64
20 117 145
89 113 294
99 135 271
78 73 151
73 10 98
81 149 251
13 67 99
53 171 264
9 34 48
69 76 152
90 178 272
67 171 267
50 134 229
81 99 184
48 69 132
26 16 126
71 110 191
53 60 117
31 9 49
28 182 216
73 113 231
19 161 219
88 123 263
36 23 64
55 13 78
87 148 235
48 82 159
48 136 218
19 84 108
89 55 240
33 107 269
99 134 349
31 198 239
60 143 211
66 31 142
77 193 272
44 39 98
57 84 188
44 124 169
63 174 337
20 117 158
79 77 159
52 148 218
83 80 175
90 161 254
72 52 248
62 195 261
69 83 210
3 47 249
3 171 322
89 68 162
55 65 120
38 133 262
86 30 121
49 171 411
51 91 271
98 199 441
53 110 203
47 3 78
99 89 205
90 86 213
32 92 127
98 35 315
95 119 403
2 67 83
19 42 163
24 76 106
31 28 65
93 178 281
71 7 123
61 89 152
95 95 356
46 91 141
58 83 336
42 190 242
4 63 100
26 164 200
34 156 202
55 103 184
21 21 51
39 161 250
62 80 329
67 53 120
82 112 198
39 73 118
85 120 214
75 77 178
99 50 149
63 191 301
34 77 117
64 57 123
67 170 237
51 198 256
5 158 188
4 121 175
1 39 126
8 141 154
88 88 191
76 157 257
71 127 199
32 17 51
61 170 235
37 33 204
9 183 200
90 198 477
6 70 96
56 28 208
89 123 248
56 46 152
57 143 297
91 50 153
45 77 122
57 186 381
42 71 113
53 123 178
81 85 291
21 8 36
87 52 184
29 64 135
43 168 377
69 163 425
66 156 232
87 9 98
86 106 201
87 52 333
99 96 383
84 128 232
31 6 38
41 20 70
42 189 239
65 86 160
99 51 157
5 32 54
82 46 150
100 11 217
50 77 133
93 89 232
69 139 229
60 71 139
42 109 156
65 157 222
35 142 240
48 182 269
50 72 126
90 21 256
20 167 371
88 39 161
26 129 157
83 87 328
56 199 255
76 3 108
34 51 123
5 105 307
44 168 250
81 8 269
99 148 276
22 86 167
2 198 387
19 165 341
99 91 215
85 108 195
50 152 206
90 155 371
83 25 154
28 102 138
70 10 137
20 107 222
15 120 138
96 123 228
41 132 184
41 36 110
92 162 445
2 109 117
50 183 333
37 144 188
93 162 286
7 90 101
68 84 166
21 78 190
74 152 424
34 78 116
53 93 306
69 101 203
9 122 141
7 64 111
99 70 179
77 200 370
10 6 60
11 31 212
15 174 237
85 1 128
13 39 57
3 187 192
7 57 114
34 120 186
24 85 117
39 53 96
2 91 98
65 88 197
2 12 167
47 36 195
58 63 165
24 145 178
29 66 143
33 83 125
14 46 90
37 22 97
89 178 313
93 158 293
59 116 211
64 23 91
6 137 251
78 17 96
24 32 64
26 21 93
62 161 228
55 75 133
66 109 215
12 112 154
34 100 304
14 174 210
60 46 225
78 149 274
79 71 156
90 64 198
100 168 276
85 21 139
87 54 141
46 60 209
60 89 197
24 30 60
26 129 165
7 105 209
45 4 60
13 2 34
72 85 200
12 165 180
83 60 173
45 43 94
13 30 49
67 168 282
80 87 171
99 64 197
36 104 149
54 107 209
61 171 239
99 116 265
33 172 221
76 166 245
12 79 98
38 134 173
84 75 167
58 62 165
7 72 95
25 77 102
90 2 123
50 59 148
39 45 97
62 41 108
79 198 308
97 148 276
28 196 229
98 42 148
35 66 103
83 86 252
92 29 170
42 79 134
1 9 16
30 152 194
46 172 253
5 9 19
62 199 270
14 146 169
70 43 236
71 50 171
92 149 284
48 115 172
2 69 87
78 41 124
69 29 118
66 161 387
93 25 121
86 35 274
63 158 225
4 40 69
19 111 164
45 74 127
6 11 80
25 96 127
96 171 347
87 41 137
81 113 206
55 180 245
3 173 269
49 94 194
87 129 231
5 112 165
63 94 355
41 22 65
27 8 178
5 70 227
64 28 105
78 113 195
6 196 205
1 56 102
8 53 253
21 36 89
77 43 130
39 93 141
9 29 40
63 179 422
46 128 345
7 191 333
25 94 126
63 189 256
10 117 155
85 44 151
65 49 151
52 64 202
11 98 137
75 38 113
27 0 36
73 113 190
82 164 247
99 131 272
36 116 155
69 169 277
23 37 60
66 77 186
83 47 172
22 130 157
77 153 239
83 119 209
57 104 303
35 178 258
46 200 333
16 154 215
39 193 253
67 187 255
22 50 239
49 183 238
55 157 395
92 146 248
60 117 181
11 109 125
91 6 107
21 172 196
63 195 261
80 62 145
39 3 222
52 168 332
99 132 247
36 112 163
58 86 305
74 38 121
35 147 185
24 113 142
71 12 91
58 171 399
92 7 136
67 103 205
97 187 288
90 139 335
53 62 118
61 100 170
64 106 179
40 155 320
94 160 359
69 33 126
20 113 320
64 1 68
58 169 229
19 23 58
15 23 158
32 158 212
60 88 184
32 27 65
88 42 175
40 146 352
9 172 216
77 172 331
96 83 182
87 146 279
75 66 309
23 79 149
4 109 113
54 192 253
94 43 169
47 121 195
28 81 233
87 64 161
84 86 183
45 120 172
57 176 272
48 146 228
2 56 214
91 14 129
32 44 76
68 52 121
31 172 260
69 31 112
82 4 86
72 97 177
26 151 224
25 3 62
47 3 50
84 179 287
70 102 209
89 198 438
18 61 83
20 27 56
61 48 110
19 102 161
98 61 163
99 66 221
11 48 59
8 123 140
62 21 268
91 35 240
99 16 195
98 132 248
