390
42 142 190
50 92 328
67 81 184
29 158 213
98 52 150
39 78 163
61 124 185
84 184 348
47 148 213
86 112 234
53 152 248
6 175 187
55 174 238
91 105 366
70 143 258
54 116 237
81 194 279
88 134 245
82 196 322
47 158 214
95 149 291
70 58 177
49 151 208
77 14 99
57 95 191
39 106 167
76 179 329
84 60 145
56 119 189
9 82 95
71 26 146
82 107 195
94 181 337
68 66 144
79 173 257
17 107 140
64 0 244
78 117 213
89 195 312
83 19 292
64 159 266
98 161 269
37 57 136
79 11 161
84 195 279
1 79 90
34 33 115
55 48 107
67 106 182
14 39 66
52 190 251
47 69 136
80 176 336
33 143 335
23 87 120
30 9 40
7 189 201
40 91 164
8 128 137
82 116 248
77 172 391
16 106 123
20 96 164
80 64 151
82 56 329
10 27 164
32 19 221
41 70 122
30 148 196
72 33 105
3 58 89
82 173 380
69 107 302
67 101 171
84 95 181
45 192 262
6 197 205
15 130 147
63 98 231
80 81 168
66 94 163
34 18 84
75 58 137
38 171 242
54 38 104
45 78 271
98 10 118
45 124 173
40 91 254
40 69 169
51 36 93
41 80 125
13 154 193
78 85 176
8 152 347
67 132 324
10 190 201
91 51 149
7 144 333
11 197 217
52 1 189
29 111 162
40 174 244
58 117 209
82 136 218
13 161 213
19 1 65
57 9 89
92 51 179
89 6 103
47 132 184
93 26 191
81 193 334
23 190 233
62 5 73
23 182 207
60 196 258
86 162 303
89 186 280
16 200 261
16 46 222
55 112 282
41 162 247
37 68 202
17 26 46
31 48 211
59 154 388
46 106 169
2 184 214
71 23 94
7 22 36
72 33 109
8 144 155
18 123 183
45 15 63
43 139 288
43 2 51
30 174 210
45 116 210
51 187 246
31 42 79
5 103 109
2 140 160
46 35 82
79 43 317
12 186 327
98 144 292
23 119 152
84 195 301
2 129 136
78 0 185
4 77 113
61 174 261
56 67 123
13 126 141
87 171 261
97 166 269
22 168 377
82 59 160
84 199 288
12 126 146
14 14 29
52 131 274
63 145 267
1 6 179
39 148 231
66 97 192
78 183 267
68 23 132
14 36 159
41 165 295
38 96 267
32 16 74
22 128 319
48 81 134
86 74 164
10 16 73
6 190 197
35 78 124
34 69 164
5 55 222
62 129 374
57 180 427
93 88 313
13 129 152
63 189 388
76 188 300
77 13 101
3 131 170
61 70 300
56 54 190
47 182 233
69 15 93
31 186 233
17 185 316
24 156 224
33 33 154
93 116 210
81 46 132
36 132 170
94 5 100
86 62 154
96 78 198
80 102 267
59 10 97
18 118 139
60 143 251
86 84 313
77 137 217
66 0 99
11 149 164
86 131 219
48 163 219
44 16 247
43 185 234
70 142 221
17 112 130
16 135 179
80 55 233
41 23 99
77 187 299
50 166 236
6 31 75
43 68 127
4 57 248
46 163 249
47 124 174
48 46 105
60 14 103
11 148 169
61 99 163
41 45 88
40 130 176
93 76 169
34 49 86
27 168 196
84 97 212
89 8 113
6 108 214
36 74 153
100 77 181
98 135 290
19 54 251
99 191 413
27 30 65
76 196 287
93 128 224
88 65 170
18 68 92
76 74 155
50 199 270
5 95 100
80 111 224
11 60 110
97 86 183
41 15 56
84 58 172
25 0 68
54 164 218
34 53 113
19 197 334
29 14 74
53 104 211
20 80 133
41 89 133
36 154 195
98 10 109
45 10 78
7 88 101
77 136 222
31 49 108
20 176 204
87 151 298
76 126 377
35 79 122
12 194 376
44 86 131
70 60 172
27 107 181
52 183 284
26 51 97
8 119 157
84 198 329
50 183 239
43 153 197
63 174 245
64 82 176
24 122 148
45 148 223
68 24 109
88 34 123
60 71 176
40 157 198
69 72 175
87 79 191
44 14 88
64 23 95
18 157 175
97 144 282
1 94 101
58 87 151
62 139 247
96 68 167
7 157 174
6 97 124
36 153 230
100 141 243
55 173 232
3 172 181
58 27 94
43 133 319
56 27 84
70 14 263
95 169 265
26 41 142
9 153 283
89 18 115
86 181 360
31 105 177
15 117 182
69 11 80
56 101 255
31 143 181
28 16 62
34 168 326
84 96 211
5 32 94
9 152 168
18 144 208
58 139 257
60 94 157
76 132 208
99 57 162
30 184 263
62 98 168
93 118 360
85 41 161
46 35 111
14 59 109
100 134 235
46 106 159
24 63 158
17 64 89
58 191 292
98 173 400
51 17 176
97 87 199
42 79 224
65 120 191
63 128 199
16 15 187
57 49 301
29 103 255
2 150 157
30 199 234
34 69 108
65 18 87
86 79 172
42 126 177
50 16 198
78 0 115
61 24 87
83 108 264
9 151 169
7 110 125
94 60 164
70 117 191
17 10 149
99 89 319
6 43 247
35 25 65
41 85 132
2 43 49
66 110 178
15 25 111
73 21 232
19 161 370
60 175 261
98 129 346
70 82 177
65 0 70
8 135 145
12 23 42
10 7 20
8 133 147
65 119 190
94 146 260
48 82 134
84 1 130
97 124 283
