520
86 122 221
80 28 109
99 59 163
23 198 331
74 88 179
49 118 170
81 30 161
39 143 189
20 150 170
11 23 130
58 62 125
39 39 88
43 7 188
99 199 299
47 156 220
41 88 130
20 121 148
73 134 332
91 149 319
65 179 340
85 93 352
18 45 97
45 173 257
50 182 250
20 116 145
24 170 237
91 42 140
9 85 282
72 50 187
2 75 87
27 143 249
82 4 102
32 189 246
65 98 169
25 61 94
31 174 233
15 93 117
32 24 100
84 154 430
25 33 65
38 74 145
23 191 219
25 197 222
82 182 316
33 177 211
5 15 122
87 47 140
35 94 134
81 127 349
65 165 257
94 110 312
50 33 106
27 122 151
59 118 184
17 101 132
95 17 153
62 63 163
34 183 220
14 138 277
70 184 270
73 187 273
7 6 34
68 149 273
57 90 155
23 25 48
72 39 121
87 101 198
70 65 145
97 55 197
88 105 252
10 135 154
12 160 185
84 13 144
28 102 150
89 97 207
85 138 358
75 49 132
7 157 174
95 97 202
50 55 105
37 124 181
37 0 37
18 2 39
20 112 246
48 91 140
29 22 174
66 32 109
23 130 197
66 121 312
6 61 201
88 83 176
16 51 75
74 107 190
73 185 289
71 106 179
43 11 129
64 167 237
85 155 386
6 63 70
69 29 182
21 17 90
91 133 343
90 140 232
98 134 281
29 73 108
48 137 189
24 59 270
65 174 285
96 177 281
69 33 111
31 17 52
53 76 164
49 125 186
85 0 89
54 133 192
67 121 308
6 55 230
26 94 128
29 186 367
24 57 91
69 137 219
3 58 68
51 151 210
8 188 213
70 22 92
8 18 167
13 122 156
47 75 149
21 80 109
44 84 324
50 109 164
8 114 145
14 11 74
23 134 356
79 105 190
74 54 150
58 28 101
68 84 198
91 89 378
8 52 70
74 12 132
7 88 96
26 96 124
96 177 276
15 50 128
72 171 249
63 66 170
10 72 215
44 54 280
71 64 189
77 75 196
85 58 162
28 47 111
86 56 339
100 2 124
17 129 149
37 141 185
62 123 194
89 182 273
57 148 205
61 85 148
90 57 148
36 130 176
61 3 98
63 53 126
53 47 100
24 49 237
36 124 273
13 101 129
26 150 226
44 112 248
40 137 179
6 22 37
4 120 138
81 17 106
90 3 95
91 108 204
84 23 128
56 32 91
28 177 211
45 81 164
67 152 291
65 104 178
40 40 100
10 175 298
72 121 199
39 4 52
35 92 156
33 108 180
75 36 263
46 158 237
94 109 226
84 123 382
3 41 51
94 0 95
64 76 149
3 64 92
11 193 204
99 86 193
30 17 51
39 4 58
68 35 146
81 144 264
23 141 174
60 20 101
29 168 210
85 67 161
80 19 125
98 163 266
46 39 132
48 25 74
88 128 218
38 46 250
39 171 231
84 187 309
90 183 314
95 41 224
44 54 101
4 40 203
9 28 47
25 108 139
54 97 248
49 108 182
25 131 179
84 162 254
86 150 242
28 79 232
26 16 50
21 197 361
15 150 175
61 72 143
25 20 53
94 117 295
13 60 74
30 197 230
37 0 40
65 23 92
73 89 178
58 179 401
21 30 56
99 53 158
91 23 124
15 93 111
12 81 134
61 10 81
64 199 270
92 143 381
64 21 134
88 68 162
54 37 133
63 60 125
23 194 249
6 54 205
9 181 194
36 155 199
28 142 233
88 148 246
90 46 300
37 149 252
40 130 170
72 165 244
33 195 258
77 38 277
60 194 255
49 62 199
3 39 44
36 61 141
69 149 230
31 127 183
61 70 158
88 112 252
56 13 84
44 107 152
70 79 193
15 193 331
27 79 108
27 163 198
21 9 50
43 46 96
65 83 195
69 180 385
46 85 164
64 1 65
15 196 256
83 41 132
57 110 173
21 99 201
52 74 129
47 109 204
41 4 103
4 26 177
99 106 210
18 15 35
49 110 161
38 108 175
79 74 190
99 79 180
19 25 51
26 180 245
47 108 164
69 100 184
54 200 444
97 164 311
40 147 195
69 148 238
79 40 123
72 53 283
60 129 223
53 107 168
15 86 163
89 69 200
17 91 111
8 52 82
20 23 53
50 146 242
67 95 322
88 98 202
25 179 257
49 147 356
19 129 231
29 34 68
10 58 89
58 25 167
17 28 208
28 30 83
68 85 154
82 46 163
41 106 170
72 155 310
19 180 332
49 195 321
52 54 297
1 188 229
15 36 51
88 29 272
70 54 135
73 180 260
41 159 211
13 89 109
3 49 52
28 160 198
52 48 131
19 165 196
58 78 170
13 131 184
2 170 178
74 119 253
12 136 318
74 198 282
35 198 234
4 149 298
96 151 264
46 107 298
41 92 141
11 84 97
38 102 200
67 31 232
71 193 267
59 185 284
9 177 191
49 162 218
33 187 224
62 4 243
85 191 277
35 168 249
78 191 318
72 159 331
92 118 219
68 0 71
24 19 221
13 124 143
85 153 242
62 67 256
28 123 151
48 157 380
39 158 199
51 121 307
71 119 236
44 157 208
6 61 103
36 6 53
97 171 272
62 82 148
47 135 341
49 95 150
35 191 226
31 75 108
95 84 184
1 41 90
100 91 225
88 132 228
3 65 79
19 33 193
98 1 100
84 149 241
22 199 230
83 61 235
81 0 84
34 94 138
73 124 204
49 101 308
32 93 133
48 140 188
15 0 19
65 200 270
39 154 193
84 21 116
45 73 127
54 200 263
20 150 188
87 33 129
25 140 189
29 155 184
5 26 36
89 147 265
83 177 260
81 40 157
100 130 425
13 121 170
6 126 309
22 158 190
13 198 287
11 48 61
67 13 86
40 190 253
60 89 255
52 100 239
33 29 145
22 187 215
40 95 143
21 52 139
98 91 341
39 94 169
25 86 146
87 67 161
64 62 165
83 93 244
53 139 369
50 144 223
77 166 386
26 25 153
18 36 189
28 54 109
99 42 146
75 97 180
76 179 258
73 167 285
65 79 146
76 148 230
37 91 132
22 200 224
29 191 232
39 133 202
60 129 244
79 107 214
91 18 118
35 13 86
84 131 252
61 5 134
88 55 167
73 115 190
34 158 202
99 147 405
18 125 324
67 10 81
7 149 167
58 199 269
65 169 293
53 167 231
99 196 295
99 73 250
62 109 178
65 107 221
21 129 156
15 61 85
49 73 171
40 51 131
27 9 39
21 41 257
28 127 159
81 166 394
84 7 101
49 154 286
16 113 134
87 131 232
10 59 73
48 80 136
1 76 93
2 93 111
24 5 158
73 9 90
35 183 303
1 140 179
27 49 213
95 181 372
93 143 348
28 115 152
43 77 286
88 102 354
1 107 139
6 145 224
95 175 335
100 36 315
22 45 90
9 157 202
43 16 96
40 25 72
72 41 156
40 104 280
98 93 192
87 127 217
86 41 131
24 12 220
52 176 337
30 163 384
52 126 222
79 4 243
49 139 227
34 120 165
6 126 137
