180
13 30 65
4 194 384
33 2 56
3 91 97
67 6 81
34 158 239
80 118 224
15 162 243
60 35 103
93 52 159
85 182 279
36 15 86
50 51 129
4 141 163
16 194 259
98 118 217
29 141 216
31 195 250
55 158 214
70 7 167
6 14 42
9 192 203
70 57 130
16 13 36
55 31 89
25 139 317
39 194 237
8 183 194
35 130 360
77 41 124
95 45 143
51 17 107
25 56 85
40 61 106
47 54 151
58 7 68
72 164 246
87 53 185
70 92 290
84 70 314
23 126 157
46 153 233
61 146 215
33 166 202
78 40 160
25 94 123
6 37 79
63 172 407
24 31 232
9 53 82
99 62 191
99 83 192
48 149 218
43 186 229
55 55 116
25 123 153
2 10 16
83 102 309
93 16 112
28 24 82
77 124 343
96 125 330
28 85 115
42 82 126
66 39 149
64 22 110
55 70 132
54 171 233
80 45 192
51 16 75
1 37 191
95 176 277
46 189 255
47 150 234
57 146 239
11 24 192
29 165 237
15 67 89
65 60 134
17 169 212
27 136 170
26 124 223
43 172 217
23 158 182
68 14 82
91 26 293
46 84 172
8 107 130
76 44 124
94 85 305
42 58 105
25 26 57
84 195 283
99 3 123
30 6 68
65 112 356
12 53 139
70 173 253
55 149 247
82 82 209
50 67 166
52 33 95
55 65 130
97 27 168
49 123 179
39 191 239
25 66 100
83 154 400
3 175 304
67 43 203
50 17 110
35 177 273
80 164 284
92 153 330
36 12 87
86 50 266
18 157 182
97 200 297
54 131 195
40 175 216
52 173 230
98 3 108
46 61 184
68 194 264
59 145 247
76 179 428
14 41 71
95 101 201
48 55 105
74 92 280
13 169 357
74 67 150
94 136 235
15 4 25
90 131 262
15 102 118
32 88 231
49 177 229
82 0 223
49 91 219
95 70 230
25 187 328
88 135 232
18 7 31
87 170 267
29 182 310
73 21 98
69 36 109
73 57 328
83 7 104
16 92 275
47 139 225
9 188 236
66 142 256
79 153 277
97 111 243
9 65 124
96 24 177
89 7 236
96 132 238
92 113 210
10 54 66
72 199 275
6 64 110
32 113 171
50 40 90
15 102 123
67 198 269
30 88 160
36 9 152
64 52 118
31 87 168
78 39 299
47 94 146
39 108 159
76 3 87
68 86 158
13 62 83
71 19 99
2 94 107
