350
49 100 341
31 29 67
74 20 224
96 69 201
30 51 248
72 106 182
40 75 119
41 152 196
42 55 105
62 169 258
11 1 12
62 11 80
5 146 176
2 85 163
45 82 136
53 21 76
25 167 195
55 97 156
9 68 105
10 31 59
67 155 231
40 88 132
29 82 114
67 116 226
31 84 115
100 96 334
52 187 282
89 93 202
58 40 264
68 87 202
12 139 151
85 199 348
86 143 231
80 94 175
24 23 52
21 200 229
38 98 330
66 83 186
60 100 344
55 181 302
68 104 176
2 108 132
16 86 191
78 81 168
57 197 287
43 108 160
66 96 189
78 48 127
71 152 239
3 72 75
43 95 148
94 164 295
80 22 141
94 21 211
33 62 220
78 119 280
81 180 270
71 86 166
98 189 465
25 71 99
78 110 198
60 116 214
8 76 91
19 173 195
92 140 398
5 81 130
96 4 145
53 39 288
97 9 148
75 71 152
60 4 73
62 92 154
13 134 149
87 180 281
34 3 135
13 95 222
33 126 339
41 70 149
48 105 185
27 94 241
68 29 129
69 138 216
48 58 114
59 88 331
47 174 301
73 126 208
57 57 122
51 27 83
46 161 351
33 66 129
16 22 78
26 66 185
20 196 238
42 103 331
81 181 272
92 27 128
54 87 146
41 186 323
63 85 151
85 178 317
52 90 150
38 47 93
63 184 274
25 44 124
69 105 324
66 44 309
15 3 62
37 77 130
56 80 143
24 112 219
90 139 239
44 94 174
57 151 238
51 90 177
41 150 195
4 124 172
80 112 217
1 66 178
34 144 183
42 142 193
28 174 233
45 163 318
1 107 114
80 38 264
45 50 95
3 30 35
96 195 296
85 20 229
72 152 230
94 185 281
38 168 206
1 186 268
89 4 113
3 186 193
50 55 147
66 51 119
2 172 176
98 66 339
75 75 160
12 9 55
37 4 51
69 34 127
49 144 374
46 0 79
77 33 110
93 192 285
37 196 235
12 21 145
72 154 398
59 143 213
93 77 174
38 107 153
84 44 134
44 195 324
73 67 158
83 155 243
20 170 332
36 155 273
86 59 277
28 75 290
100 97 205
11 181 231
11 105 282
54 12 162
54 33 94
57 169 227
52 156 214
85 72 201
46 107 238
8 1 41
97 154 266
29 34 67
80 19 163
80 67 319
18 67 128
48 129 214
58 11 88
29 141 201
5 27 37
24 76 148
65 1 108
11 121 190
46 132 187
94 36 139
74 97 171
92 151 314
72 170 286
86 112 394
60 175 370
45 114 161
66 175 370
95 91 194
53 2 103
17 51 75
65 200 274
99 85 187
70 158 230
9 36 57
37 58 135
32 170 244
3 188 231
31 166 203
60 157 404
99 42 183
13 47 67
78 44 158
97 157 292
69 128 305
10 120 312
62 36 141
77 4 203
8 91 108
58 85 153
94 176 302
66 88 160
73 27 103
29 69 112
53 22 121
2 99 109
29 157 251
27 60 131
30 131 320
35 70 145
66 76 150
7 51 65
8 161 218
11 102 277
42 26 75
84 176 291
68 184 257
98 17 116
59 73 156
64 190 300
34 94 174
35 90 279
65 45 119
12 198 229
23 189 308
60 56 122
68 84 154
25 58 246
78 14 107
32 97 320
78 128 257
51 132 280
68 148 231
11 5 24
21 26 194
91 195 316
100 163 350
10 175 230
100 33 134
9 93 136
4 173 187
8 15 53
56 196 254
15 171 191
69 74 146
4 149 156
61 33 251
100 152 357
74 15 90
74 192 266
32 13 70
36 0 37
34 25 67
6 65 199
95 174 438
48 185 239
70 7 127
93 70 313
99 66 290
96 66 207
29 146 178
35 33 74
91 179 318
65 103 184
8 124 135
33 158 239
14 198 233
55 172 293
24 114 224
98 60 179
65 28 130
15 147 166
2 186 197
1 65 113
100 16 224
30 144 180
69 47 121
50 147 377
77 23 283
11 199 234
83 46 179
31 193 257
10 83 250
48 1 115
63 10 75
31 99 135
16 109 191
89 87 180
42 91 137
22 54 79
23 50 268
36 185 335
84 131 225
48 142 207
45 53 102
68 135 211
35 58 102
95 80 347
12 140 272
54 115 174
54 99 153
51 77 138
28 32 79
8 167 175
66 33 101
62 49 117
61 196 304
20 86 181
25 153 280
44 56 106
73 111 224
90 135 246
47 44 97
92 180 282
52 134 190
51 98 150
13 189 244
6 70 233
78 74 155
65 120 191
98 186 430
19 56 78
72 110 234
4 152 284
70 101 215
46 30 92
87 83 175
17 117 142
59 42 125
29 171 206
7 145 182
97 35 160
10 80 91
38 88 216
75 179 270
76 95 178
42 142 190
