820
92 162 292
66 97 185
42 64 303
72 86 158
11 146 170
85 73 164
85 150 240
61 47 117
55 192 369
76 173 255
73 197 280
51 139 214
97 61 162
78 95 187
67 32 243
40 80 144
77 192 283
41 108 152
44 161 247
97 114 364
20 27 56
56 163 265
72 136 216
65 170 236
63 23 86
22 134 158
39 157 200
89 193 282
38 97 145
80 103 317
7 53 64
14 183 379
48 81 192
29 72 149
30 101 256
2 29 31
72 157 259
66 123 286
85 91 179
89 53 183
18 171 315
67 84 151
1 22 56
96 16 180
7 134 147
88 143 244
90 93 189
68 28 102
26 78 112
26 126 156
77 137 257
42 170 239
70 86 184
35 10 46
22 107 326
80 87 171
9 158 167
26 112 140
88 134 260
81 51 141
10 154 169
95 155 334
85 41 129
49 165 237
98 104 240
80 45 139
59 121 273
52 99 155
76 120 316
49 127 177
94 94 191
96 115 230
65 69 138
89 74 319
49 191 278
3 155 299
98 191 295
51 107 189
59 46 111
58 65 199
5 59 64
61 110 177
38 24 63
41 19 62
12 36 58
79 102 359
16 86 107
90 171 269
37 164 250
88 187 285
100 68 315
61 60 236
76 124 203
38 157 228
42 89 136
11 47 202
82 34 124
27 19 205
56 92 155
2 7 10
86 158 261
82 125 211
100 141 244
43 105 157
65 17 89
11 176 191
90 145 242
100 87 304
10 148 161
86 185 278
28 41 96
17 41 63
97 45 143
62 149 213
6 77 83
24 76 110
95 94 229
22 50 77
71 157 239
48 151 207
70 126 199
49 11 90
48 55 143
73 176 255
59 145 231
42 98 143
91 161 261
77 196 275
19 66 91
65 145 216
65 53 122
27 171 205
88 62 162
16 175 367
90 176 453
37 135 302
26 95 122
78 88 180
84 34 211
47 84 132
15 63 108
85 180 312
61 185 264
14 19 76
57 174 240
67 70 178
22 29 169
15 34 53
35 135 176
29 57 128
36 115 159
60 127 258
65 116 190
22 179 252
74 68 156
19 172 231
27 170 200
27 52 107
57 187 267
57 15 74
47 77 130
73 2 76
11 126 185
21 139 160
84 109 202
31 28 60
50 142 202
24 123 197
18 87 137
84 109 198
71 3 77
75 78 273
23 61 108
31 177 217
92 178 399
53 157 220
89 24 113
86 1 176
33 12 122
45 87 304
63 3 68
43 181 273
55 20 155
85 179 409
100 60 252
41 46 96
77 24 122
59 59 134
44 191 236
36 131 191
84 85 180
56 181 277
18 150 197
12 23 41
23 82 106
84 12 168
16 123 241
97 90 190
15 53 116
93 92 190
37 185 224
90 131 311
46 178 231
58 152 315
7 34 47
39 108 199
84 62 155
74 132 249
77 93 334
84 198 287
89 90 186
23 118 150
80 103 245
52 39 199
37 44 113
8 77 179
81 99 188
18 173 192
78 90 178
50 127 183
86 98 202
96 54 191
10 186 310
42 95 299
53 89 160
44 145 215
47 175 270
36 191 229
2 2 41
81 58 142
73 43 124
53 144 199
81 161 246
8 37 91
75 92 339
48 13 67
16 122 142
40 163 207
84 173 272
87 148 240
91 199 331
80 67 180
61 81 146
37 162 283
15 33 51
72 193 310
44 98 147
27 49 117
20 57 77
10 162 317
33 30 73
25 134 212
80 167 297
20 94 258
37 196 275
22 13 52
81 175 262
16 40 63
19 42 132
48 152 208
53 72 131
25 20 56
20 18 53
49 191 248
96 28 125
98 136 237
23 101 128
87 174 285
40 6 75
91 118 284
6 17 50
37 145 314
41 143 288
11 92 113
1 193 212
29 102 131
32 146 185
61 187 401
50 108 166
87 16 113
60 0 144
92 185 281
49 17 76
11 71 91
94 124 219
96 77 291
79 136 259
20 182 328
33 107 147
64 129 210
34 10 54
81 27 115
64 61 129
59 25 122
77 69 203
82 70 174
34 102 145
41 150 198
38 192 238
89 32 121
61 151 251
29 151 359
3 18 29
69 146 243
63 120 189
97 181 282
41 74 128
75 118 197
72 32 104
49 128 184
65 156 384
84 51 140
1 96 107
64 24 244
76 31 304
40 100 144
23 174 199
4 85 96
6 166 212
42 116 185
80 66 160
76 70 157
1 13 51
74 164 241
83 163 265
72 62 169
86 161 271
29 38 173
99 2 102
48 124 195
54 186 278
35 30 236
18 141 359
26 153 223
80 70 153
8 84 93
51 85 162
28 73 171
3 66 76
53 139 250
30 171 204
54 0 94
18 146 169
32 188 260
28 150 212
82 178 282
6 95 105
34 77 112
76 162 274
27 99 176
66 81 232
51 194 254
21 195 272
100 124 230
71 199 427
20 34 57
46 68 162
77 90 174
90 173 268
35 120 158
62 197 261
21 54 122
74 75 171
68 159 235
12 97 187
73 117 195
28 100 240
50 113 208
48 46 144
21 38 61
73 49 170
40 110 156
43 98 150
15 9 121
4 74 211
42 12 59
46 37 92
71 116 196
63 66 186
5 126 155
9 81 127
1 4 145
18 42 64
6 137 173
8 42 183
61 138 312
74 59 151
34 136 191
36 50 94
43 163 206
61 122 253
31 16 149
89 124 284
79 67 293
80 6 124
54 43 107
7 152 226
83 4 120
13 100 114
5 165 177
70 138 260
82 197 280
11 31 206
12 128 140
61 126 192
8 61 189
52 115 188
26 115 178
51 15 111
63 21 94
44 179 226
54 104 200
38 129 184
43 69 121
91 103 210
1 38 45
77 123 252
24 167 237
32 144 207
4 14 68
76 174 318
100 105 396
32 128 207
32 187 281
57 137 204
24 129 216
41 89 134
77 63 140
43 171 265
4 50 59
76 102 250
83 82 240
74 78 158
42 159 380
14 109 148
17 40 62
41 151 199
31 166 201
31 162 200
4 55 109
39 42 125
78 101 328
41 97 238
30 153 190
37 43 258
57 93 156
12 88 136
84 15 106
20 155 234
22 150 177
15 1 65
1 173 208
59 27 228
64 112 284
44 61 113
19 158 181
35 60 130
100 106 243
11 191 226
98 69 175
44 27 77
88 131 265
4 165 178
34 170 208
56 102 276
84 0 98
12 60 78
63 199 304
54 154 235
27 95 172
17 38 98
31 56 99
28 41 195
89 176 297
58 36 212
70 125 202
98 22 314
1 23 25
48 180 234
87 49 139
42 196 239
68 20 127
94 110 214
62 54 271
63 2 66
47 138 193
31 108 228
81 60 150
63 3 74
62 91 167
12 1 16
54 80 240
9 13 25
64 34 144
18 14 32
90 41 157
84 109 194
40 77 170
15 128 145
57 104 164
27 147 175
96 138 243
24 103 131
44 144 332
27 43 90
93 79 282
53 34 123
72 87 232
68 141 212
93 106 203
9 79 277
42 31 76
64 192 258
18 119 147
41 106 158
20 179 284
16 193 235
71 95 222
81 173 343
65 26 96
59 81 167
65 141 210
69 77 150
54 171 393
99 157 291
19 22 196
86 163 255
61 16 112
2 167 202
20 92 277
94 186 283
71 147 220
92 107 201
34 90 134
5 69 78
7 24 79
58 7 106
68 105 213
57 57 149
35 11 58
8 120 131
33 133 171
99 146 291
16 92 112
51 131 348
63 16 87
54 51 117
97 14 297
45 177 259
68 171 247
11 155 340
98 191 390
12 118 213
75 31 116
34 41 76
13 85 131
86 80 212
97 52 156
38 111 152
69 89 163
48 29 84
35 174 214
77 143 249
93 177 279
100 184 291
76 133 219
38 96 265
61 166 384
37 113 157
83 94 218
55 36 130
81 136 264
50 118 184
11 79 249
20 16 62
72 63 142
26 138 288
86 34 168
42 73 160
45 129 181
85 199 483
25 94 122
57 114 328
26 77 255
44 67 118
24 183 236
18 157 208
73 92 166
36 48 129
4 99 113
98 85 192
93 38 139
50 151 313
64 99 168
78 175 257
90 149 271
43 5 59
43 40 87
5 192 197
27 126 181
54 194 399
15 170 193
38 10 51
96 134 264
31 11 44
20 146 260
60 190 263
26 197 230
66 90 167
89 47 144
85 182 379
23 147 327
31 78 140
99 40 249
62 135 245
31 4 66
48 113 292
26 110 185
90 63 295
11 124 180
77 162 256
4 131 170
56 129 190
78 146 240
6 15 51
77 165 250
99 70 203
30 103 142
97 25 152
25 150 176
77 46 161
37 81 120
42 198 291
57 129 206
26 14 44
14 14 38
66 139 239
16 196 359
79 4 91
12 2 45
78 48 134
75 63 163
75 53 149
77 66 152
71 5 255
97 90 362
21 78 206
88 152 283
64 175 239
60 42 141
58 122 185
45 12 175
1 61 238
63 105 212
56 93 152
48 62 119
1 73 119
21 178 230
57 88 153
32 5 38
81 193 284
92 181 453
28 101 156
3 101 148
52 52 245
31 199 274
47 52 257
100 28 288
22 141 205
84 110 380
30 94 173
3 135 153
43 19 109
91 104 303
34 181 251
76 52 135
36 124 160
64 196 448
33 52 94
49 84 262
37 68 148
93 47 248
38 181 264
40 62 111
44 161 208
35 195 274
50 28 79
14 45 103
17 97 188
30 2 38
86 92 340
11 166 204
98 44 144
1 29 63
99 133 256
34 146 184
71 144 217
16 122 154
20 20 40
12 177 270
29 41 70
9 164 206
79 136 252
44 165 238
20 46 72
17 18 38
34 36 77
23 36 119
81 75 161
49 72 126
28 23 70
81 196 280
52 53 235
97 54 161
48 158 254
71 154 394
57 69 132
30 78 196
92 72 183
77 151 229
54 45 277
74 138 221
81 200 438
13 70 91
55 164 223
53 123 184
81 173 265
43 66 137
34 33 98
15 185 245
53 24 179
29 135 166
42 55 138
21 59 91
84 24 115
57 153 212
73 104 263
36 59 95
52 189 270
61 97 188
28 112 157
64 46 254
90 118 341
97 107 241
23 166 216
1 159 304
22 31 99
65 134 200
33 5 78
94 179 273
44 122 170
33 35 74
69 163 239
6 40 49
17 129 191
6 148 185
88 130 266
45 123 193
96 19 279
1 178 216
61 62 126
70 4 79
94 172 272
66 78 151
70 58 134
51 179 233
37 36 246
90 45 171
94 164 299
3 171 195
86 67 154
30 148 228
26 186 277
82 72 176
96 1 198
77 130 212
50 6 77
100 133 240
34 86 123
18 49 80
97 146 363
97 186 283
95 188 287
30 11 43
7 145 157
22 110 133
21 136 197
82 103 186
96 174 305
26 181 207
67 111 200
78 155 296
46 65 111
22 67 137
55 131 216
60 76 144
62 149 211
14 98 130
96 27 231
32 177 210
18 17 40
73 61 144
13 67 111
32 63 101
49 176 283
70 55 170
75 20 103
10 61 133
60 175 236
63 24 116
52 165 218
53 197 259
63 145 275
55 130 186
18 198 224
90 45 146
56 3 256
44 62 135
89 134 228
47 25 102
