330
38 167 215
1 115 161
62 81 152
25 112 163
14 55 107
40 88 134
73 25 127
81 32 114
27 90 119
30 176 243
27 97 133
17 187 211
66 159 246
61 33 139
97 61 179
42 154 214
17 187 305
42 74 156
29 29 69
78 200 301
7 92 109
96 90 242
30 48 78
8 102 155
55 28 138
79 185 281
4 174 336
2 136 142
24 180 279
89 133 264
98 147 254
53 33 111
82 53 142
1 38 233
29 29 65
56 179 322
90 87 337
6 88 124
53 9 65
78 38 225
25 4 152
29 99 134
24 51 77
27 137 273
82 195 287
63 69 198
30 92 257
80 191 277
32 57 192
41 81 130
95 56 152
13 2 64
7 160 168
94 3 99
21 77 146
91 40 137
15 27 44
29 63 266
58 189 254
38 43 103
14 86 243
58 168 227
84 161 281
14 179 201
60 134 205
75 125 238
11 196 232
24 28 142
12 174 190
33 43 196
36 129 214
33 165 201
73 29 142
80 62 170
14 101 154
24 175 302
38 169 207
99 45 186
70 57 174
40 24 114
84 67 186
10 68 239
8 105 120
82 92 224
75 5 92
98 189 289
49 199 256
29 23 171
67 36 153
33 84 213
66 36 294
47 77 134
29 195 229
14 124 138
96 36 138
56 139 202
9 79 242
42 19 91
66 188 287
85 81 184
60 13 117
54 200 262
55 63 125
35 145 183
92 24 147
13 8 29
61 124 187
21 112 317
42 196 419
75 33 116
64 91 157
19 130 239
24 168 231
15 182 208
74 79 155
33 12 88
98 80 223
45 51 290
80 153 239
66 24 96
68 120 290
7 8 24
15 181 310
31 29 217
80 83 163
51 2 62
64 170 234
11 154 183
22 77 104
21 185 216
13 129 151
42 30 78
27 18 219
24 200 227
45 190 237
92 168 276
74 85 265
25 64 95
31 138 170
21 165 192
28 182 240
86 24 133
10 165 195
41 120 226
73 71 185
63 27 174
57 20 79
64 132 223
69 49 198
93 114 229
1 58 63
44 92 144
73 100 200
42 6 79
22 185 209
66 133 222
76 158 241
14 27 179
88 59 152
4 20 28
15 143 202
69 172 266
99 30 133
86 28 117
83 94 256
1 83 242
76 72 161
8 177 235
32 72 112
96 105 294
55 175 265
57 33 253
45 46 132
87 150 360
21 156 178
32 77 118
33 110 218
46 73 229
63 128 335
91 143 244
92 24 119
74 184 301
29 13 52
41 62 267
19 81 233
82 154 271
6 151 161
56 147 224
26 22 54
56 24 94
43 194 278
7 100 132
18 124 148
74 195 388
27 160 374
93 130 225
85 149 243
50 110 202
29 133 198
70 73 145
32 20 61
53 164 222
28 40 126
86 52 177
55 112 215
70 104 175
81 42 151
5 84 135
17 144 211
71 164 242
22 72 97
86 111 247
24 70 111
46 114 168
25 159 186
39 146 305
26 88 119
54 12 68
60 65 150
9 135 144
48 102 179
99 170 272
88 149 359
80 146 260
23 71 129
11 25 38
40 33 113
99 89 315
50 173 343
42 65 114
50 65 118
17 23 217
67 97 206
3 169 172
8 100 271
59 114 220
55 101 327
89 99 194
98 171 277
83 98 188
99 23 127
15 185 236
82 9 95
96 159 258
35 150 226
52 196 253
15 52 71
16 102 238
32 108 146
62 135 324
94 6 134
69 142 260
49 15 71
35 200 241
45 49 129
53 85 305
84 129 214
69 159 228
91 4 117
69 46 152
41 56 117
89 177 270
7 153 162
85 76 163
32 49 259
34 183 261
33 65 125
22 83 154
89 77 171
81 197 412
57 78 148
67 176 246
76 148 232
41 158 207
65 155 267
30 115 300
39 60 212
44 57 123
65 19 217
1 61 97
86 156 252
16 92 131
48 73 123
69 121 207
18 139 290
48 98 307
46 18 78
1 125 135
34 78 310
16 94 114
100 195 295
69 151 227
53 12 66
80 74 156
27 105 139
98 102 201
57 191 254
22 171 275
64 174 267
88 0 206
68 32 101
33 197 261
89 151 245
64 45 114
91 126 250
97 56 177
5 23 28
93 80 178
81 78 185
22 48 207
73 186 259
80 182 385
86 142 229
80 59 143
2 105 119
25 111 143
90 33 172
50 93 151
61 1 66
68 4 80
45 95 223
35 160 201
3 129 196
22 48 76
83 89 180
45 70 199
33 102 164
97 193 294
38 39 84
22 162 194
