590
53 197 255
46 184 241
69 73 142
69 194 280
40 173 249
86 75 164
19 51 103
37 77 125
14 141 160
71 147 254
31 170 227
27 47 265
96 196 298
81 195 291
27 44 224
24 170 391
71 184 381
56 184 370
42 196 248
17 108 135
79 50 129
49 99 150
63 149 220
40 106 175
85 45 161
46 36 84
28 7 82
8 38 129
24 61 112
31 134 295
83 104 231
22 68 100
94 64 161
98 152 271
58 18 83
50 89 282
90 119 209
82 79 165
95 194 292
42 101 152
87 112 216
79 186 266
13 6 151
28 157 189
42 68 238
19 44 109
81 72 188
42 10 80
63 169 253
15 199 220
75 64 140
65 175 250
16 170 189
60 191 254
66 25 100
36 190 244
24 88 121
83 65 158
34 5 45
50 154 210
79 35 162
75 78 198
49 1 60
80 168 248
54 110 225
47 135 264
31 78 110
46 17 251
27 97 180
2 159 161
21 188 370
59 65 129
56 150 372
62 43 251
79 136 229
27 191 223
62 178 276
17 42 63
77 20 110
20 96 302
98 86 240
79 79 190
37 18 63
7 90 134
17 5 27
33 8 72
27 168 200
97 67 289
89 108 224
7 147 154
68 114 240
70 141 220
43 199 247
11 71 270
28 137 278
93 104 226
63 23 108
27 75 145
35 177 246
30 178 237
23 32 67
11 93 120
3 138 275
53 182 365
77 67 148
78 99 203
46 156 218
37 103 142
19 79 103
20 182 231
25 95 144
84 45 272
24 64 91
33 118 157
57 82 142
91 150 247
12 96 125
26 120 146
27 131 191
100 19 122
63 47 268
65 124 233
18 73 140
57 74 143
28 75 144
75 100 334
47 102 163
33 146 204
96 90 203
19 116 149
56 29 108
8 71 94
18 44 77
84 7 114
57 15 75
17 126 143
1 20 27
86 150 248
18 87 270
46 107 154
13 46 82
40 191 279
100 169 294
81 9 120
76 47 133
86 9 100
74 72 147
45 197 337
5 25 30
61 131 242
8 48 152
96 144 281
12 110 124
71 54 143
66 177 329
33 197 299
16 149 166
78 108 192
72 146 220
78 140 354
20 63 102
46 8 55
89 135 253
40 105 170
100 106 240
75 76 153
78 134 258
100 15 119
33 141 175
43 170 289
18 122 153
75 13 122
90 198 289
54 174 230
6 0 180
36 141 181
83 172 303
31 194 232
58 39 133
22 125 218
71 104 185
95 132 229
34 166 207
51 18 105
20 136 331
88 179 270
57 123 192
46 104 152
53 122 184
46 147 194
58 75 173
6 170 186
83 9 93
88 38 151
56 146 206
28 80 110
62 192 287
60 128 206
56 183 287
13 197 213
38 83 121
46 37 127
65 42 289
10 198 212
16 70 117
6 69 102
66 60 131
27 198 227
71 132 235
82 139 225
15 200 226
63 45 134
71 62 142
15 70 129
7 151 183
77 37 118
47 52 299
19 43 79
77 179 259
81 97 186
95 81 204
46 42 91
75 135 246
32 14 50
14 87 108
38 184 222
24 131 199
12 72 86
91 45 186
41 175 410
97 116 226
11 115 248
51 70 182
29 164 230
33 61 143
30 162 386
90 15 170
93 82 196
64 55 150
74 162 436
47 21 97
72 119 202
28 79 150
63 72 279
56 144 204
34 185 225
80 95 293
35 142 326
63 61 136
71 90 250
67 14 83
6 80 95
5 116 297
43 102 145
41 42 201
69 47 124
78 95 176
35 185 398
39 23 63
84 112 206
55 144 367
75 99 197
93 141 431
6 94 132
56 68 130
53 77 151
22 46 73
63 80 241
61 67 178
7 40 56
79 60 156
99 46 148
28 123 154
30 9 40
73 97 175
69 165 318
78 170 382
11 157 171
67 88 174
48 177 228
25 188 219
79 44 187
17 114 148
91 14 179
100 92 197
1 28 34
53 134 208
12 23 118
25 13 38
99 43 143
48 24 192
52 185 240
77 114 301
50 33 212
66 172 245
51 28 99
38 87 132
10 132 146
73 87 226
8 180 197
16 46 149
19 29 199
51 151 208
85 20 138
7 86 98
58 126 194
47 54 103
1 145 161
4 5 19
40 35 87
72 178 274
65 136 219
43 6 173
23 192 240
92 42 158
87 68 163
31 136 170
77 124 205
74 4 107
43 22 115
75 197 280
1 107 197
39 58 195
10 170 181
94 179 299
2 118 121
100 96 200
39 88 242
12 30 66
65 38 113
72 136 227
68 0 75
95 177 298
26 138 173
12 33 48
60 124 338
65 19 91
1 127 194
25 53 105
83 93 183
46 14 97
37 178 217
84 151 249
34 13 48
24 126 158
7 180 211
46 192 307
42 45 91
44 9 212
99 79 197
30 189 223
79 40 140
2 93 130
70 15 229
71 183 256
68 125 202
59 129 198
42 187 238
44 142 232
43 114 314
49 27 76
40 42 86
94 134 395
37 95 151
44 196 241
33 146 181
56 93 156
88 158 256
99 92 366
71 23 133
75 115 197
80 118 248
58 160 405
3 75 87
100 32 134
35 87 128
63 58 129
10 125 160
4 186 192
53 186 319
50 60 293
38 162 210
84 62 190
54 198 273
27 98 125
81 167 257
1 192 216
95 46 154
40 195 258
56 151 212
1 98 106
35 98 143
100 188 458
65 41 130
5 60 75
98 131 235
40 199 289
41 193 264
28 136 166
63 48 116
26 25 60
57 95 197
1 187 199
94 105 229
4 80 198
83 104 191
45 9 241
24 192 246
46 160 206
22 200 232
86 96 202
98 12 246
91 99 327
55 54 113
55 88 240
51 91 183
51 57 116
25 179 235
35 78 139
97 1 144
4 103 124
3 121 125
58 173 326
96 20 152
78 55 315
72 88 197
67 129 226
19 44 73
13 89 110
80 0 97
11 149 163
70 4 75
95 81 184
89 93 192
18 32 246
99 11 111
68 192 287
14 186 241
29 28 70
65 133 244
97 70 168
18 64 116
33 26 62
70 69 140
36 11 87
87 1 134
23 82 114
43 161 212
12 112 148
43 178 325
38 77 198
92 18 120
37 36 101
62 76 159
90 19 119
81 179 298
46 12 61
98 47 153
70 185 305
13 119 298
70 105 217
97 124 248
80 143 268
13 104 125
8 179 204
35 102 154
73 57 142
1 183 184
16 195 251
78 43 122
4 145 156
37 159 242
3 103 114
19 105 134
62 153 353
98 191 319
16 160 179
2 142 332
11 179 191
25 2 49
61 102 165
82 49 306
24 151 201
39 45 97
25 143 286
32 106 320
98 8 146
33 105 147
40 132 177
28 177 222
27 186 217
90 18 169
29 78 124
52 139 224
36 147 210
88 102 198
5 133 296
69 104 183
63 10 75
13 84 263
50 3 165
54 182 414
87 74 168
69 199 278
76 36 233
66 66 140
2 29 37
42 26 68
87 137 415
94 146 269
68 93 181
4 16 28
26 193 260
2 15 160
3 159 209
24 195 227
47 126 185
12 85 133
85 24 147
29 196 349
76 186 267
68 162 244
22 101 256
2 102 110
77 7 90
56 127 328
43 145 224
99 86 233
100 97 231
22 89 138
41 153 389
59 64 164
6 118 238
38 86 177
29 188 220
88 108 201
71 56 310
53 148 226
77 91 225
7 81 128
42 185 252
22 41 71
64 149 393
63 65 182
19 111 160
87 167 282
43 137 183
74 149 232
94 177 383
39 6 129
9 97 149
36 112 172
2 170 177
39 111 175
93 87 293
75 19 145
14 134 156
79 36 155
73 151 227
28 32 198
36 155 304
12 186 227
35 128 166
51 59 131
86 112 247
89 89 372
66 121 190
55 157 212
22 198 222
79 91 176
39 13 109
28 171 210
27 172 361
29 186 222
16 186 241
38 38 211
16 49 65
14 85 101
35 65 105
89 107 197
52 32 275
31 34 72
83 51 139
41 101 145
74 26 103
52 148 205
8 177 290
80 11 102
15 22 38
31 74 109
