80
67 156 227
92 61 163
61 142 315
4 89 238
92 38 134
70 53 323
35 165 201
56 132 230
92 187 283
25 162 232
73 132 282
26 100 164
26 183 210
37 109 162
53 150 221
59 85 146
71 38 149
8 40 58
17 124 317
11 126 151
97 69 182
39 38 129
14 55 202
14 199 213
64 36 107
83 46 129
9 65 75
27 11 40
17 58 113
53 87 194
92 181 296
12 142 257
38 169 226
85 91 201
87 7 143
44 121 196
49 16 95
50 161 232
9 128 137
64 105 302
82 48 138
10 189 342
93 174 276
25 135 220
71 92 248
11 46 97
33 163 198
74 146 228
71 123 310
60 192 284
50 69 169
59 175 242
64 28 114
56 58 133
10 85 104
55 87 161
72 192 298
40 67 119
93 38 154
97 6 107
39 143 208
95 46 146
88 191 329
22 32 183
6 175 208
81 18 139
36 158 203
38 93 134
35 52 136
95 89 223
68 96 167
54 109 178
87 34 165
91 122 277
31 8 51
58 0 77
100 136 237
42 161 204
18 26 56
64 20 85
