570
3 142 145
61 16 80
64 114 247
8 128 185
58 85 145
31 184 216
99 167 314
36 65 134
83 93 177
20 8 47
17 146 330
64 33 106
83 53 322
20 40 64
61 58 289
21 139 355
52 50 108
28 118 185
11 56 150
22 181 223
61 64 161
18 39 67
83 188 297
26 37 88
75 68 146
74 168 254
100 130 414
87 151 248
53 37 119
72 38 110
82 68 160
89 102 282
76 175 263
30 22 97
8 123 181
37 136 191
74 93 183
23 181 204
81 68 310
79 57 144
66 149 356
47 107 276
36 153 197
7 120 135
67 45 265
92 174 276
28 58 89
17 185 205
24 196 359
69 16 92
10 100 111
85 108 226
81 10 267
79 170 288
97 137 270
6 54 73
82 63 148
100 20 243
89 165 262
53 92 148
50 10 67
22 110 138
49 105 160
93 118 407
92 138 264
18 76 142
11 131 151
54 175 235
65 54 119
65 59 131
18 71 89
87 6 106
2 6 8
8 34 49
91 71 197
79 134 214
31 6 39
49 137 187
51 34 85
65 27 111
43 7 60
5 16 69
87 180 284
60 153 279
53 145 207
38 189 301
28 10 44
35 77 136
44 8 77
48 66 120
88 46 143
99 98 200
45 136 213
30 1 128
73 63 145
45 148 197
21 82 113
3 86 118
27 51 89
8 16 31
52 180 232
29 173 217
59 99 200
19 144 319
15 70 134
65 178 293
21 36 60
25 134 289
27 176 363
46 16 73
18 51 77
95 62 159
6 141 148
92 82 176
64 154 240
33 196 257
15 74 106
95 189 425
60 177 277
80 52 280
99 100 209
92 120 257
33 195 231
67 190 455
98 92 199
47 21 80
31 9 43
83 162 251
23 112 288
68 196 269
82 159 249
21 83 138
54 188 253
5 86 163
28 119 264
7 157 195
67 167 313
34 127 177
59 168 236
4 170 222
81 93 312
95 74 194
41 179 230
1 67 71
60 116 217
74 198 452
43 194 372
86 106 196
58 155 216
95 21 132
82 125 227
15 114 137
97 15 126
46 81 136
84 11 99
35 147 183
14 119 133
9 101 157
35 36 193
28 76 261
7 62 251
24 119 293
47 156 205
56 181 243
99 152 255
23 41 86
15 22 84
74 188 270
96 144 295
78 1 89
91 154 253
10 3 75
25 39 70
25 80 135
43 197 249
99 163 266
70 45 314
21 20 78
48 18 72
14 37 58
25 19 131
96 58 160
31 96 133
68 179 265
23 39 63
6 4 57
58 88 147
34 92 132
78 175 422
95 151 250
66 173 241
11 128 154
56 3 60
96 19 149
6 200 212
74 67 146
3 125 130
40 62 108
29 91 145
3 28 40
46 25 71
80 104 205
77 154 242
11 160 182
25 6 52
50 179 238
1 71 250
75 61 280
41 171 226
95 145 396
28 186 233
92 146 321
78 146 296
74 87 171
13 183 197
69 78 161
79 146 275
7 196 204
63 86 339
25 174 243
12 126 138
62 10 222
82 35 154
10 161 189
70 110 185
32 135 193
35 186 311
40 187 247
53 149 207
8 0 177
18 141 174
60 132 196
15 100 140
35 188 368
39 95 173
33 87 290
75 4 88
33 64 184
20 74 142
86 182 294
42 178 224
48 10 60
60 83 174
54 41 101
81 91 372
35 5 43
15 41 57
64 187 258
99 61 185
86 65 240
64 163 412
32 172 326
87 131 236
92 181 298
1 179 312
86 199 322
87 118 216
52 121 179
99 187 293
73 93 320
1 66 73
55 115 210
40 167 225
21 20 78
47 87 143
25 123 221
85 108 317
2 51 174
27 159 207
83 51 171
37 167 244
20 169 240
8 45 56
3 123 133
36 82 221
37 192 311
59 131 201
84 92 180
44 180 231
8 146 173
89 153 272
89 10 115
59 48 136
14 112 133
77 96 181
1 70 85
22 135 348
34 9 52
69 139 210
62 117 204
24 36 70
57 188 256
37 106 202
57 23 110
23 86 221
39 156 203
29 95 128
23 23 71
44 97 181
67 174 274
23 135 304
33 186 242
87 48 250
60 129 208
41 120 211
84 5 89
97 76 211
29 197 233
9 185 356
80 99 185
51 67 274
34 85 124
89 175 277
4 117 164
86 40 299
33 72 115
60 32 93
96 127 233
69 50 122
55 118 175
15 35 52
51 188 273
2 113 124
53 185 261
72 40 299
36 26 96
4 177 181
5 147 152
27 32 61
52 128 238
8 0 122
93 38 160
43 35 252
6 47 57
53 59 147
17 175 289
74 11 155
87 122 221
22 75 137
89 81 183
2 174 184
65 162 237
35 5 88
76 8 224
95 76 176
24 20 91
52 59 113
24 167 203
33 150 183
82 15 108
96 6 121
5 98 110
76 166 385
16 153 294
40 123 273
86 38 249
10 185 195
10 182 350
58 87 148
38 195 240
25 115 167
77 173 289
90 33 123
85 143 232
65 63 128
19 16 55
61 42 106
64 160 230
54 58 134
50 200 257
68 39 153
9 162 209
26 58 97
17 139 179
81 141 233
93 153 278
28 182 257
74 145 394
22 173 337
76 50 149
70 28 147
49 180 239
99 154 260
14 147 163
31 3 74
62 198 264
42 148 368
93 127 376
96 43 167
70 107 198
88 91 296
9 145 312
29 1 150
20 193 257
61 47 149
26 71 202
88 52 184
93 117 210
32 190 232
52 113 358
23 197 230
51 139 387
60 22 115
55 108 206
14 77 192
45 127 341
67 108 183
43 50 98
16 24 113
71 151 267
97 25 125
75 74 325
20 164 187
19 108 133
38 129 310
6 52 63
22 104 126
36 39 76
43 142 307
21 199 284
53 46 111
85 104 266
31 3 40
13 101 118
30 7 46
99 131 236
62 57 254
1 1 181
86 171 302
52 157 221
39 103 244
65 42 133
70 55 132
11 45 191
11 113 131
54 82 140
35 197 238
8 107 160
91 139 283
22 12 209
75 143 219
29 48 79
29 30 251
14 63 81
28 84 184
56 151 209
35 29 132
10 116 216
68 170 284
92 90 206
41 93 244
27 7 141
4 190 228
60 77 183
85 140 264
63 192 400
8 168 187
20 141 274
54 57 133
50 68 123
86 145 241
29 17 52
50 58 111
2 135 139
80 101 181
66 48 123
22 152 193
21 74 103
29 196 249
66 188 272
46 4 73
68 85 156
10 125 193
45 30 159
12 179 200
40 101 243
17 44 70
47 122 173
57 179 278
91 133 240
20 13 69
9 200 251
95 137 365
15 58 81
71 22 231
79 48 154
56 135 241
63 154 329
93 81 180
29 14 61
61 122 222
8 170 188
67 181 264
67 9 272
7 13 22
8 98 114
47 74 124
23 145 170
16 99 147
93 174 351
15 190 214
70 143 247
31 36 114
4 77 181
2 144 153
87 132 255
97 187 414
13 167 187
76 155 419
84 156 295
90 122 232
42 52 98
93 136 233
41 189 348
5 168 358
20 117 163
4 137 147
10 136 173
85 99 191
92 54 203
59 92 178
4 48 173
77 89 172
31 99 174
6 55 117
34 144 265
51 183 238
67 140 207
47 105 161
14 110 246
22 129 158
39 149 298
9 23 68
6 171 201
34 86 279
97 142 245
15 52 198
98 101 214
70 98 174
20 135 177
3 154 202
64 103 194
84 22 123
84 8 104
94 153 255
16 71 175
28 115 143
80 170 252
69 75 153
60 90 151
81 108 238
29 16 52
33 115 196
31 166 235
3 42 69
75 46 123
87 147 238
21 93 150
82 152 276
55 26 138
81 191 282
35 180 226
69 75 152
72 68 147
17 122 244
10 184 196
52 116 175
90 193 284
3 136 143
2 131 136
