930
30 131 163
44 67 305
19 11 65
50 146 206
43 190 233
79 92 208
65 68 141
12 36 57
1 150 161
72 16 134
23 58 85
98 51 304
86 7 98
93 192 311
51 18 78
28 59 213
96 58 323
87 73 207
32 156 194
62 67 161
76 134 248
70 72 156
69 93 172
13 172 251
38 130 175
84 33 183
75 156 297
99 93 197
21 127 189
25 14 109
47 92 171
50 133 203
18 91 111
40 114 164
58 121 222
39 175 260
15 78 132
99 146 252
36 137 173
7 6 26
58 162 227
87 43 137
100 122 225
14 127 272
27 6 151
30 49 87
62 58 299
72 11 185
35 132 174
49 66 303
44 167 276
96 88 186
74 44 121
37 167 271
30 113 148
76 143 250
93 170 359
43 80 314
95 118 230
41 91 140
32 82 127
72 185 296
80 135 220
72 0 76
83 200 359
99 62 180
100 10 114
60 185 304
88 148 320
11 59 100
69 49 123
96 179 285
34 114 232
43 58 106
87 107 218
81 162 316
91 103 204
41 112 163
62 35 105
71 35 270
66 59 161
93 43 160
61 52 122
48 185 235
40 35 94
23 79 107
47 86 280
88 30 248
60 30 90
73 77 200
77 95 179
18 164 185
16 153 327
47 84 177
45 15 99
66 172 415
7 17 159
52 97 181
74 67 145
70 67 165
20 113 142
5 175 189
77 106 278
35 101 143
86 50 138
46 9 59
36 199 371
65 145 246
32 16 200
27 80 114
30 82 126
34 142 268
85 110 261
72 134 215
30 84 238
78 120 204
52 174 269
56 105 175
36 164 209
31 62 96
27 62 94
71 86 165
18 8 26
96 45 145
15 12 31
42 102 144
13 102 200
92 109 375
7 147 221
19 41 104
12 19 40
62 38 107
25 98 133
70 127 348
33 168 378
45 174 243
80 28 304
90 178 293
58 168 244
32 77 114
5 184 194
17 0 63
100 178 312
45 36 120
82 130 217
55 111 178
14 90 117
96 180 278
1 70 72
76 169 247
78 18 128
89 25 119
20 126 146
42 68 173
42 61 262
85 3 96
13 31 66
11 12 53
39 81 126
47 83 140
21 7 76
71 72 278
41 3 47
51 95 152
19 71 94
84 120 216
77 76 163
14 87 111
79 91 173
82 56 147
23 57 133
84 33 119
99 79 195
80 151 232
78 77 237
50 27 84
60 116 180
76 200 319
60 102 170
5 30 80
28 11 43
56 58 135
2 195 198
76 80 156
74 122 246
43 74 153
95 140 296
98 1 106
17 14 126
60 161 238
71 153 224
9 80 212
2 97 127
19 59 157
98 100 263
7 39 47
87 46 133
54 33 182
93 161 261
55 79 135
60 2 63
41 91 138
38 31 227
30 200 240
60 160 223
3 59 237
97 102 203
39 168 232
90 134 229
62 30 97
41 14 96
98 53 156
59 87 151
84 140 244
62 200 457
74 168 251
30 108 143
70 134 336
31 0 41
31 27 199
22 32 54
12 156 183
37 99 155
8 53 108
22 195 291
4 99 109
22 181 309
66 33 109
58 134 194
29 133 166
28 63 92
61 27 272
2 1 156
85 94 214
53 142 372
99 112 219
13 46 65
28 121 156
85 156 242
37 29 109
86 87 183
61 146 360
81 9 119
86 180 274
19 104 126
3 93 170
32 78 277
64 21 256
48 108 203
67 16 165
100 14 149
41 141 183
97 162 271
4 157 190
41 92 171
33 133 176
97 86 220
29 48 226
2 190 221
100 139 294
73 41 116
47 156 233
91 3 100
84 16 129
82 161 293
31 116 185
6 89 100
55 117 231
2 188 212
88 192 370
23 12 74
3 140 146
44 47 97
37 151 216
61 170 269
4 69 81
98 156 283
1 19 25
84 61 181
40 43 88
51 63 293
42 55 98
68 60 137
59 84 295
54 191 281
88 166 300
30 59 122
55 63 169
68 184 296
23 126 149
61 79 291
60 172 235
78 175 290
91 166 265
86 11 119
71 106 186
84 65 199
46 17 74
83 143 229
98 89 191
11 13 27
46 124 226
63 28 96
78 100 182
93 83 184
91 98 195
97 200 299
46 81 135
43 128 217
31 130 162
28 174 210
81 199 281
24 192 220
39 58 98
51 94 179
42 149 221
33 138 174
37 148 196
16 199 221
31 9 101
63 169 421
95 164 280
49 185 323
72 67 258
49 67 155
6 93 132
59 183 271
33 147 182
44 106 152
59 97 163
92 184 280
32 30 63
19 28 78
15 176 191
2 190 194
65 90 164
100 26 129
33 82 244
44 171 254
67 1 75
36 78 199
5 23 37
77 128 337
98 81 328
43 196 381
9 119 141
60 119 184
78 5 117
80 137 219
31 99 139
64 19 95
14 48 148
12 158 188
10 46 249
31 26 71
45 81 135
95 29 125
56 78 141
48 113 162
90 32 130
25 79 108
16 138 282
18 58 114
45 28 179
20 106 126
2 24 26
89 103 234
74 160 262
63 76 293
28 111 322
64 11 82
5 10 22
42 160 225
81 40 122
52 194 269
69 99 169
56 170 234
44 97 150
41 77 249
36 151 222
25 47 80
53 148 209
2 42 63
74 29 112
17 199 248
51 94 151
39 89 169
64 174 241
67 26 95
1 15 22
83 97 256
9 124 162
5 104 269
9 54 165
34 189 223
97 148 276
90 96 369
67 117 278
80 44 134
60 104 172
20 46 67
75 149 248
85 148 242
41 173 219
70 133 237
100 160 261
50 123 175
78 23 103
81 181 283
87 39 251
35 147 353
41 146 195
86 165 285
15 71 173
46 168 303
29 48 200
22 166 375
32 106 229
17 109 133
49 12 85
6 80 91
23 154 220
53 168 266
77 108 190
50 174 255
16 194 210
70 45 216
65 188 260
74 102 191
22 47 72
32 99 136
67 108 294
2 127 129
25 51 90
43 77 121
65 1 76
33 157 221
100 111 296
32 140 184
54 71 147
52 144 198
70 161 235
74 96 180
53 69 122
1 55 56
83 76 201
30 45 108
96 169 275
48 148 226
95 52 154
46 197 249
15 71 121
3 116 317
15 31 55
97 125 289
59 58 125
65 158 340
86 4 94
5 119 131
12 67 161
48 96 158
83 68 198
5 154 169
66 166 266
25 177 209
13 118 137
71 158 240
8 191 205
73 60 310
37 80 122
28 73 102
96 112 216
31 65 244
79 165 337
49 185 334
51 200 258
79 135 221
31 8 77
35 174 211
84 37 143
94 48 247
1 67 81
25 18 78
90 25 136
53 200 401
38 121 164
21 116 313
53 156 244
19 178 201
51 47 147
35 197 411
36 26 68
18 60 118
91 105 200
14 28 172
20 1 40
98 3 102
28 26 61
30 80 143
45 73 298
95 39 173
59 12 176
88 14 113
78 109 192
5 169 214
27 101 161
8 178 194
79 177 345
35 192 227
100 58 202
24 71 114
94 15 245
43 146 200
71 163 238
40 74 114
47 17 102
29 162 231
22 18 88
100 166 425
96 75 289
52 174 392
26 98 145
7 50 175
29 154 233
68 84 159
69 196 265
62 73 142
70 157 233
78 36 119
38 24 72
35 176 213
87 83 294
32 97 130
98 16 115
36 30 70
34 9 63
15 153 184
10 100 159
90 174 302
88 0 195
54 4 243
54 32 170
83 200 283
35 12 61
52 148 215
32 58 92
60 12 77
79 5 93
15 17 35
30 169 330
13 114 133
78 120 212
19 75 147
8 119 158
96 114 320
47 163 252
30 21 99
74 185 282
86 138 253
95 147 242
94 100 239
42 158 200
76 71 346
12 122 161
20 98 119
78 5 84
67 130 197
63 165 409
91 66 165
88 154 276
19 52 72
44 170 241
94 137 258
44 57 180
11 61 77
55 91 329
16 50 66
72 34 260
97 125 322
1 64 68
9 136 190
5 141 160
29 189 225
80 64 159
14 16 63
64 2 70
78 71 154
80 38 220
32 140 176
93 86 223
94 101 196
31 175 223
9 191 230
7 130 149
19 179 206
57 53 111
12 177 383
56 66 128
71 162 249
54 76 132
58 133 239
94 108 210
10 42 55
70 118 190
39 174 213
77 183 263
95 142 396
17 42 154
19 198 225
4 3 42
80 54 142
11 187 199
76 128 246
33 8 78
46 120 195
87 162 331
4 113 188
1 188 374
18 64 165
47 21 70
94 143 292
87 40 173
2 11 87
89 58 167
27 81 117
18 10 148
86 131 224
49 128 200
69 145 367
56 168 276
75 98 189
58 199 265
17 173 240
68 127 236
16 80 100
33 44 125
90 200 294
54 117 177
66 50 280
97 123 228
73 149 223
33 59 97
42 108 179
74 85 168
17 178 196
46 182 236
24 178 345
92 154 300
12 181 252
96 147 251
98 29 163
57 129 326
82 115 204
86 107 205
57 102 312
36 54 100
79 92 220
78 30 116
36 155 196
13 169 200
52 78 281
16 139 228
18 163 181
69 187 278
13 117 220
26 103 152
77 188 284
2 62 67
51 14 68
11 42 94
29 192 231
54 60 121
34 58 139
45 29 75
86 157 250
68 157 244
2 10 22
47 20 76
34 158 218
26 151 210
80 125 225
17 114 143
50 160 212
77 99 293
55 69 172
57 158 391
77 192 307
6 1 48
4 113 138
58 7 65
65 131 196
63 159 222
96 33 318
79 27 144
55 40 107
98 63 166
95 63 202
16 177 212
80 125 240
4 155 169
98 130 269
31 200 250
76 168 248
88 196 374
58 81 146
6 125 320
73 111 213
87 26 304
91 83 178
43 98 159
93 92 366
2 188 192
36 30 71
31 191 240
49 52 208
59 46 112
78 121 283
34 81 120
22 64 88
12 170 198
12 174 357
69 27 183
80 92 181
54 186 276
56 196 398
64 174 281
37 60 127
74 194 305
83 21 251
21 200 248
72 150 373
53 8 121
77 197 279
53 12 262
21 9 69
82 47 129
76 110 215
12 151 170
78 125 230
1 189 301
9 177 195
53 87 206
86 82 213
49 153 202
21 59 80
53 10 70
92 147 250
28 158 295
80 36 121
98 79 178
74 165 247
49 29 227
50 167 377
12 182 392
7 62 77
98 34 133
25 153 181
44 190 345
48 156 215
24 35 60
100 93 200
30 110 261
32 102 197
21 144 244
75 79 246
49 86 149
10 11 62
14 107 312
99 99 201
27 39 71
39 108 159
65 88 162
26 122 152
45 48 104
83 13 240
34 89 160
1 139 140
24 66 97
29 93 164
64 112 205
52 111 185
43 139 230
62 17 85
50 149 326
34 112 168
10 131 162
10 118 264
47 185 241
94 5 104
1 28 31
44 52 104
79 31 114
90 45 166
67 72 189
99 143 282
45 2 49
62 22 102
98 65 176
79 28 257
22 146 175
71 8 104
1 58 60
5 32 162
31 150 253
55 54 148
20 13 137
71 140 268
40 32 108
21 119 281
13 96 308
50 144 257
15 200 222
30 144 174
59 105 173
99 194 474
39 110 201
66 64 313
4 84 96
46 30 117
51 157 263
83 62 312
62 61 308
76 8 107
62 34 104
83 97 188
18 200 301
21 71 102
42 192 359
83 80 290
71 26 120
55 43 102
99 147 246
75 5 80
3 168 178
61 144 205
59 12 80
77 16 102
65 80 150
9 109 123
89 84 222
63 71 139
1 104 149
86 37 204
46 170 403
66 31 219
71 125 242
56 94 153
86 81 177
99 75 176
68 197 265
85 16 110
18 14 178
76 147 225
37 197 403
33 158 386
2 84 87
36 140 178
31 116 219
85 174 265
94 156 274
60 47 117
72 87 346
81 181 298
70 67 312
93 46 144
80 106 210
2 102 142
62 69 161
41 200 253
55 20 75
90 109 201
11 37 50
29 124 182
65 163 393
80 106 186
6 24 212
91 178 305
70 8 275
68 66 140
91 4 96
15 152 360
67 156 269
8 170 208
46 73 156
40 125 172
47 198 291
53 194 434
83 70 321
3 6 12
75 91 172
30 139 169
42 105 158
1 49 59
100 37 139
6 179 228
47 89 142
6 191 202
17 68 224
3 191 240
33 25 60
78 134 229
15 57 84
7 173 297
16 81 189
48 199 292
10 70 80
75 2 95
12 24 78
2 141 274
9 4 62
94 45 153
7 108 226
45 100 159
36 188 227
34 0 35
19 78 220
3 98 121
31 65 114
76 96 176
9 20 35
54 159 301
23 170 197
85 70 182
23 70 256
97 99 238
20 151 327
74 145 356
12 169 199
75 112 188
86 176 262
