680
81 30 142
43 168 258
38 135 179
93 186 393
9 105 115
19 101 304
40 131 177
51 174 226
48 140 229
67 155 403
18 79 172
31 29 233
98 51 268
91 197 326
98 109 219
36 130 242
29 190 226
8 88 229
47 69 166
86 194 330
95 170 346
63 74 146
7 147 184
55 12 107
76 65 150
26 88 148
30 88 118
14 137 156
39 189 276
64 132 227
43 0 66
85 111 352
87 119 239
92 81 355
61 155 224
71 155 233
40 178 270
31 142 278
88 83 216
65 131 200
54 57 156
34 122 159
46 145 203
34 119 160
39 77 125
74 3 132
81 148 334
26 73 102
82 117 212
99 28 148
32 15 212
22 131 262
22 68 227
66 31 101
44 146 318
31 191 233
99 38 186
17 113 138
90 31 232
83 185 297
52 83 145
6 77 92
99 111 241
97 10 113
54 85 144
2 45 62
10 43 95
44 28 73
54 106 318
58 182 284
85 15 109
62 63 168
47 145 192
94 91 194
83 140 230
57 50 126
81 92 179
21 175 370
90 104 214
88 199 397
65 26 121
19 171 190
68 86 258
13 153 170
57 17 80
39 169 209
94 124 370
11 36 86
25 17 221
93 200 311
38 68 143
93 146 396
98 76 178
67 87 200
65 128 212
48 178 365
70 119 214
93 32 135
33 89 131
31 120 154
66 84 214
80 156 240
27 147 282
98 90 271
63 119 187
58 55 117
13 5 132
13 84 141
82 108 205
37 173 260
17 71 96
60 91 188
29 191 221
100 37 166
80 16 99
4 162 167
79 193 284
72 31 120
88 153 290
96 115 217
63 111 204
22 72 163
7 133 163
51 88 147
30 168 232
8 188 200
55 69 134
93 108 203
49 137 210
99 108 316
91 102 195
100 101 202
67 177 384
7 8 78
92 140 236
70 45 143
100 138 253
62 144 236
83 35 140
23 55 87
51 133 214
89 194 287
80 79 171
47 128 179
35 130 190
80 117 339
32 188 227
56 147 211
15 48 100
10 1 193
23 50 104
82 191 280
80 35 300
37 80 131
63 13 109
66 169 250
61 0 222
66 64 168
100 130 274
34 73 137
85 120 224
10 140 267
35 165 200
66 195 299
68 66 219
89 30 128
43 121 347
39 33 272
8 159 182
92 90 187
47 161 295
83 16 148
12 38 61
1 36 40
12 50 62
100 116 289
82 183 308
49 84 135
53 142 213
17 51 84
32 121 182
61 53 144
46 23 104
90 122 218
52 100 162
97 59 156
50 135 254
39 24 82
49 161 229
100 74 318
37 184 263
63 195 261
55 120 183
16 15 54
99 18 136
47 110 278
72 32 110
20 150 198
76 132 214
42 48 107
89 8 131
95 165 353
99 88 191
13 134 323
58 200 262
77 196 311
16 80 138
97 158 260
87 54 209
41 176 378
61 13 243
21 162 185
87 8 114
43 162 211
45 28 80
20 43 95
61 123 188
55 27 113
20 178 321
75 50 131
66 76 145
20 169 199
3 157 164
80 128 237
54 168 259
26 184 246
72 102 174
85 19 128
67 182 271
16 32 51
99 118 220
43 43 91
95 117 214
59 121 207
56 30 145
14 1 25
62 113 178
63 50 155
20 133 269
89 133 269
74 48 147
11 156 177
16 153 270
57 25 85
94 5 101
29 173 258
16 197 260
36 130 206
32 88 121
30 37 169
92 23 160
17 161 315
61 152 226
54 174 275
82 27 110
90 71 200
86 8 104
24 2 37
36 101 139
79 10 98
17 118 147
77 146 413
56 56 121
4 149 154
19 171 191
81 187 290
56 19 137
92 47 162
48 182 260
63 169 244
88 43 134
31 21 188
31 22 63
74 166 371
91 114 210
1 45 52
24 64 109
44 197 330
59 161 266
1 15 45
46 48 230
44 116 261
63 189 350
30 40 70
23 25 56
38 14 243
94 139 381
29 169 259
63 151 351
41 175 217
30 111 142
93 46 147
30 42 79
48 136 186
71 97 205
36 85 131
71 12 153
31 55 202
74 101 185
33 115 185
79 21 109
7 107 123
97 165 322
74 126 221
19 185 275
78 61 139
83 94 203
97 43 143
15 167 184
40 78 124
44 29 77
89 28 265
86 169 411
25 107 133
91 198 318
92 9 299
27 8 84
4 17 163
42 157 306
23 110 134
100 4 133
44 167 258
87 122 255
64 39 104
11 159 191
80 93 174
67 141 271
60 62 304
63 188 251
45 75 129
59 141 372
15 79 97
78 125 277
35 149 192
39 39 79
4 137 166
85 34 119
4 14 173
77 44 185
40 122 221
27 151 261
42 40 257
60 6 88
27 159 193
92 173 269
10 95 105
87 21 115
94 196 295
1 114 140
7 135 267
98 141 240
57 65 141
37 3 42
78 22 152
14 167 190
6 140 331
83 18 105
53 39 94
62 44 110
46 23 176
92 89 185
53 43 162
37 27 166
93 68 162
33 54 90
71 194 267
79 194 290
38 167 244
63 127 254
66 37 113
48 64 137
78 143 222
49 11 107
99 67 166
15 137 157
78 131 348
8 20 87
15 69 90
94 123 246
57 131 194
57 72 156
87 53 150
81 24 129
52 69 127
7 41 217
74 106 236
55 150 213
68 185 308
90 171 310
60 168 264
41 166 223
60 51 268
5 11 21
73 125 201
100 16 244
21 52 77
94 127 310
45 187 244
54 156 244
68 111 369
50 6 97
55 196 316
92 12 106
63 17 83
47 26 85
87 114 286
78 40 128
25 192 231
32 122 164
51 182 246
60 174 242
31 171 203
1 155 287
91 105 204
33 173 206
37 165 279
73 34 107
69 88 344
26 133 214
70 56 170
97 14 114
35 7 52
82 136 246
33 58 153
10 97 215
81 61 150
74 136 396
87 93 281
37 83 124
4 164 353
20 35 67
1 27 59
26 160 188
54 49 105
56 49 115
9 85 214
78 164 252
42 157 207
50 74 146
52 70 125
35 36 77
99 75 187
62 16 103
1 31 48
56 143 203
65 100 297
86 153 289
88 74 190
9 76 96
69 144 214
4 94 245
12 141 160
9 180 299
100 98 204
10 48 121
75 117 380
56 60 116
61 144 326
18 92 130
48 148 202
91 112 208
72 13 90
37 18 60
11 12 63
94 169 287
62 194 283
91 70 170
45 15 93
5 23 33
33 23 130
31 158 206
96 34 163
89 173 267
78 51 129
14 5 23
8 200 216
84 193 285
66 11 270
50 74 133
35 163 207
28 103 169
77 1 84
26 43 72
21 194 391
43 14 100
99 85 194
6 77 105
40 4 82
97 106 273
89 16 105
45 87 141
72 173 249
64 120 184
31 161 197
22 135 201
68 38 143
17 0 53
44 71 135
85 76 168
98 60 166
16 125 325
85 11 113
98 192 297
20 160 192
98 56 164
23 174 298
17 162 282
19 137 325
32 78 123
75 121 217
61 122 189
43 103 146
49 70 130
94 149 437
28 86 152
5 36 49
87 46 160
42 29 75
7 70 252
38 191 395
50 130 183
79 77 271
95 137 234
42 67 145
75 117 208
85 161 284
100 39 270
71 118 216
20 173 234
82 194 309
68 191 267
7 149 218
3 123 134
61 73 281
40 110 152
15 35 57
9 157 196
4 6 152
51 86 180
25 181 314
88 15 282
66 172 269
14 92 110
81 86 168
43 13 178
58 145 355
33 138 189
16 172 198
43 23 112
38 133 201
19 70 89
40 146 187
25 121 303
69 94 316
93 55 175
73 53 132
62 158 242
54 154 347
86 182 288
8 74 124
35 192 310
5 103 216
61 20 85
85 89 208
29 132 180
96 131 242
6 5 142
15 91 110
24 125 173
2 51 196
37 134 204
30 29 228
82 57 160
75 71 187
33 24 82
47 79 139
45 109 287
27 32 85
61 83 149
21 91 116
49 17 68
49 70 166
70 160 240
69 141 210
48 174 223
58 49 151
5 140 165
32 199 267
64 71 300
86 35 127
78 164 264
59 151 213
59 43 284
91 177 271
48 181 284
97 19 161
22 90 120
39 35 89
77 100 193
7 136 150
8 163 171
90 125 247
36 59 101
43 23 81
2 74 141
68 63 139
81 152 234
32 92 168
19 122 151
94 4 216
97 0 97
70 161 234
46 155 241
89 72 169
61 81 170
27 31 146
13 101 121
70 150 222
76 135 258
97 145 289
55 109 341
38 117 182
11 135 185
82 161 290
18 45 226
49 41 228
36 57 95
56 74 161
51 99 200
87 189 299
100 148 374
76 98 318
12 188 200
64 41 108
95 179 277
17 50 77
35 77 114
45 133 181
52 189 276
100 169 335
1 195 372
80 76 194
56 108 169
47 36 89
17 103 129
49 12 146
32 142 194
79 179 289
11 130 148
78 51 317
2 12 48
20 163 183
95 112 209
60 123 296
33 141 208
52 104 159
53 146 204
75 85 161
55 1 109
100 112 215
21 0 43
58 139 362
35 15 191
2 10 12
51 197 268
59 152 378
39 18 111
87 37 145
9 193 212
6 95 129
89 92 245
26 6 67
100 180 319
84 124 255
98 122 286
13 161 203
94 186 470
86 58 165
92 102 227
42 188 235
