430
9 18 35
90 96 302
31 80 123
62 5 71
72 31 219
64 149 375
39 105 161
20 100 152
85 166 257
98 184 432
47 71 126
2 35 52
99 26 130
18 192 283
79 42 122
9 73 106
29 30 68
54 136 234
31 41 82
79 145 228
57 98 162
52 154 339
59 136 239
16 195 213
55 135 277
92 82 275
30 49 107
100 52 179
60 67 133
17 46 98
87 120 210
8 32 60
72 122 249
4 147 157
16 22 137
47 105 162
28 104 330
22 190 218
8 96 146
67 186 308
96 15 214
73 157 231
38 130 173
76 145 271
29 34 216
78 52 135
65 52 119
85 120 347
25 48 107
94 170 445
66 37 103
97 46 147
15 80 266
94 21 163
21 122 145
19 120 144
35 70 110
69 183 317
93 175 270
37 29 167
38 22 162
80 124 206
11 72 131
3 178 226
87 184 320
11 192 225
100 18 119
35 77 217
11 25 132
70 197 354
35 37 119
91 181 367
57 90 166
3 91 101
33 158 200
41 200 255
86 160 384
52 70 129
11 103 120
10 7 27
17 172 237
40 25 88
6 91 104
42 20 143
84 101 233
67 111 185
20 17 77
78 86 203
31 112 308
53 183 243
99 91 200
31 55 286
79 110 233
3 185 217
65 40 274
13 173 187
18 160 210
46 169 220
14 138 177
55 14 77
86 28 124
57 197 264
36 64 103
79 174 258
41 51 99
14 98 272
33 27 69
9 140 282
83 18 103
1 65 106
49 23 113
35 157 194
81 165 249
46 96 146
92 12 139
85 199 305
69 132 205
42 110 158
16 114 133
11 132 152
73 185 259
62 129 197
93 116 259
50 140 356
82 154 261
5 83 90
54 176 233
59 147 251
16 41 67
55 198 261
89 112 202
70 20 126
42 89 173
40 76 145
21 168 197
90 11 125
64 140 206
67 188 264
52 103 187
28 57 86
91 109 246
4 9 175
21 97 125
47 111 300
41 40 105
24 48 79
90 31 153
100 173 283
43 93 264
50 80 184
76 74 155
76 156 233
21 197 227
48 59 131
20 24 47
82 171 362
65 154 225
6 188 216
54 101 284
19 76 259
39 102 175
15 76 119
75 82 193
46 10 81
51 166 258
39 12 56
24 80 122
27 170 209
95 13 134
81 34 138
44 183 390
13 51 105
6 72 87
60 197 267
6 112 233
77 177 268
47 95 144
79 126 208
1 60 112
40 74 132
14 100 122
18 80 101
60 174 237
55 27 82
50 41 279
75 140 222
21 194 294
41 149 214
29 108 177
37 24 96
94 116 232
68 2 73
13 122 157
88 51 316
54 54 116
29 75 105
20 76 100
1 80 103
2 139 337
83 45 137
50 108 160
79 102 184
54 174 389
2 191 203
32 108 333
20 156 357
32 72 243
88 167 266
18 80 138
31 143 319
82 81 173
21 84 105
3 4 56
10 100 161
88 163 378
34 36 79
71 78 157
96 169 440
33 56 91
2 106 123
81 152 237
59 59 124
70 67 141
16 198 397
37 87 139
97 69 247
10 64 75
95 14 150
8 198 218
74 184 361
13 134 154
72 113 197
53 167 231
71 59 173
92 169 289
60 134 233
18 98 119
45 182 232
96 18 114
36 127 182
19 5 27
93 179 342
8 56 141
10 78 90
66 174 424
61 14 75
15 121 138
48 73 266
12 11 56
69 13 92
81 58 181
34 45 229
87 58 190
38 47 94
33 124 162
29 200 233
19 6 68
51 83 273
6 95 146
30 81 148
33 166 211
7 45 213
50 50 100
69 118 213
60 165 232
49 60 283
15 0 19
79 25 114
42 12 204
70 169 261
78 147 237
45 149 359
48 160 315
72 72 153
82 6 129
14 180 243
27 97 249
70 42 271
30 65 105
87 134 365
22 143 192
41 14 78
72 86 197
59 122 258
18 153 311
75 194 332
81 0 103
10 73 130
85 141 350
10 47 67
69 46 218
60 74 157
19 15 39
87 169 260
96 74 323
6 38 149
18 123 155
27 159 189
23 72 110
37 100 241
21 53 103
72 166 240
56 90 171
48 30 120
10 115 136
98 181 326
100 46 146
93 169 267
89 135 269
70 30 109
16 199 236
83 137 343
7 77 86
31 94 126
65 13 79
1 96 147
99 192 475
52 94 162
50 160 223
3 45 61
89 147 239
48 152 232
86 184 295
90 95 202
85 47 148
40 84 167
59 115 175
91 139 231
98 23 124
73 157 237
52 91 166
85 22 160
45 16 209
53 73 175
17 25 52
87 169 350
17 111 145
34 119 171
2 51 58
44 21 161
14 66 87
99 84 334
28 171 346
73 155 228
97 76 327
73 34 185
13 194 256
89 30 124
80 171 274
95 91 198
30 135 211
2 57 59
14 83 123
61 179 252
64 57 212
65 42 110
8 147 204
70 81 185
46 0 55
34 89 229
23 20 56
27 124 219
53 163 411
86 82 204
83 42 202
68 153 254
58 174 241
97 65 229
35 41 158
47 143 209
52 94 151
14 150 294
85 165 254
56 194 262
63 91 305
71 102 312
40 194 288
28 152 186
94 88 185
81 33 162
97 22 261
36 174 384
39 20 73
98 78 182
13 18 151
1 114 125
11 176 317
14 142 243
23 36 69
89 147 396
94 167 268
89 163 327
26 73 99
60 80 147
10 143 162
22 14 44
95 45 142
5 167 300
27 68 102
50 2 87
64 157 228
11 130 293
97 190 404
41 185 348
37 32 112
76 29 268
64 67 177
58 62 132
51 159 220
87 88 185
100 171 355
56 100 248
46 132 218
12 132 167
100 121 267
38 57 96
95 8 296
89 106 246
44 141 199
13 90 110
43 179 278
70 177 284
99 150 325
95 162 300
11 186 227
46 128 228
18 86 117
93 74 168
31 186 381
3 134 324
