60
15 31 53
58 180 242
36 3 45
65 85 154
73 63 139
43 188 241
81 55 144
44 179 248
78 47 136
16 94 142
88 113 208
41 96 150
31 67 113
27 20 87
84 123 374
61 1 221
35 86 123
54 108 277
96 156 364
4 35 155
67 138 215
71 97 176
23 198 368
44 126 290
40 13 60
7 51 197
6 124 173
52 21 79
67 72 148
95 74 174
17 73 92
96 113 209
54 44 244
17 67 112
18 126 281
3 116 139
31 88 125
65 188 262
72 173 254
43 38 81
57 134 200
97 160 361
40 167 216
48 159 207
14 144 260
41 77 154
64 150 288
16 98 124
17 12 35
10 99 295
67 120 283
94 76 297
19 139 159
48 147 374
63 58 184
58 52 275
69 106 180
96 127 271
45 71 124
26 2 37
