450
9 27 75
26 178 236
33 100 135
31 2 196
56 166 371
85 46 205
49 87 148
61 133 270
70 2 77
53 105 163
53 28 85
42 117 297
99 197 339
47 22 78
48 61 306
75 59 166
9 162 208
48 154 205
63 21 259
39 43 129
9 43 74
34 64 142
59 177 267
37 70 255
97 54 151
81 167 323
3 128 296
97 174 288
13 56 75
66 111 204
5 114 161
6 100 149
67 135 221
39 195 267
5 163 299
85 186 431
46 148 381
17 134 160
6 195 209
14 156 172
4 61 115
74 155 287
4 103 112
92 185 278
44 85 191
86 41 136
66 40 112
71 27 175
48 144 201
34 167 203
15 104 119
61 80 148
20 2 33
97 92 220
21 185 206
88 66 171
74 168 387
64 8 103
91 86 183
68 37 112
99 28 129
85 130 217
75 96 185
44 126 184
34 190 225
98 48 219
62 57 139
80 24 109
57 94 256
10 83 98
12 13 171
21 88 186
90 162 255
8 4 59
43 157 241
46 156 233
66 81 175
12 143 202
1 164 332
50 166 357
79 27 111
74 83 161
92 182 332
25 2 36
12 78 96
48 9 74
48 52 109
1 69 117
9 189 213
20 6 26
91 27 269
9 153 171
38 76 146
1 199 201
20 142 316
37 10 50
86 61 206
74 187 280
10 111 164
49 37 165
46 200 430
74 169 243
41 33 124
32 42 80
75 70 154
55 12 72
79 105 210
12 96 110
61 23 93
74 160 268
44 172 218
90 110 277
66 110 180
19 24 45
98 137 310
21 44 136
51 108 219
72 33 127
30 110 172
27 135 172
39 80 153
90 117 208
16 25 172
77 51 202
73 61 158
34 123 157
29 124 164
96 72 280
23 108 171
3 51 56
2 12 19
59 145 209
31 22 58
56 33 97
59 110 205
5 93 104
88 72 162
76 71 156
20 158 195
26 185 214
52 196 257
52 4 87
15 124 142
72 130 203
84 178 407
41 144 193
87 184 275
90 32 193
51 148 226
76 32 111
65 86 302
59 21 152
37 198 238
86 119 231
73 168 272
78 44 137
23 111 146
98 96 317
55 85 140
98 40 150
64 122 189
6 60 69
20 38 63
11 34 60
9 89 102
30 48 99
99 123 229
79 198 284
57 128 211
71 113 355
4 34 43
17 113 135
70 153 262
42 77 159
11 2 22
34 28 68
72 191 272
39 107 146
55 55 110
49 85 143
67 128 199
83 103 235
1 181 275
44 51 96
13 137 154
11 98 113
72 101 290
24 140 214
78 75 223
21 161 192
4 92 102
5 137 148
22 47 147
70 68 160
6 137 178
26 97 143
43 178 232
16 4 30
37 121 159
90 0 111
38 69 261
90 74 174
51 28 144
36 114 336
62 80 233
76 165 272
96 22 126
81 155 285
1 111 218
24 16 43
96 7 127
38 168 216
84 184 284
46 0 51
46 137 302
18 50 71
58 135 205
47 62 124
67 151 227
11 140 189
94 118 222
64 63 138
18 114 178
52 131 184
74 17 99
8 118 130
90 110 235
5 47 229
23 152 303
54 22 193
58 119 348
45 137 212
22 98 159
61 178 258
22 3 32
95 47 272
1 179 364
43 186 229
32 18 89
62 196 262
43 104 184
73 89 178
12 6 42
65 168 272
42 181 319
61 119 202
11 125 278
85 158 341
43 176 253
95 14 110
10 63 78
48 130 187
30 73 142
32 145 194
87 59 184
9 134 245
63 61 298
83 130 271
79 148 228
64 125 252
71 195 267
21 188 233
53 170 348
63 11 78
100 44 164
54 88 311
20 177 197
14 54 244
23 1 168
5 168 317
35 143 313
67 128 340
53 14 99
77 173 252
46 73 125
42 175 383
45 174 228
99 167 285
5 54 98
59 9 71
53 71 149
32 62 110
51 155 328
68 32 107
100 107 215
61 164 232
36 163 204
83 37 230
2 138 274
16 53 77
72 142 217
83 83 208
87 87 188
81 150 235
55 111 215
41 115 160
36 41 201
1 81 169
26 109 152
35 99 136
94 195 298
65 180 436
15 2 136
8 76 86
97 29 132
2 124 312
43 79 136
61 90 202
2 37 81
72 72 172
90 172 262
84 194 283
76 132 208
61 59 131
84 109 200
8 37 47
54 9 90
97 10 109
9 195 211
50 53 184
97 52 153
5 21 26
58 102 173
3 46 52
79 108 191
73 135 276
69 198 274
55 166 270
11 18 182
2 100 283
3 143 221
17 17 127
99 50 165
26 46 253
7 39 47
79 28 118
40 141 251
62 108 179
11 159 277
71 164 237
29 65 104
100 135 236
56 173 231
47 127 188
43 139 190
8 42 53
75 173 256
11 169 190
83 187 280
1 6 140
41 36 86
91 151 363
97 65 246
35 183 368
65 169 335
70 176 291
77 174 256
93 79 189
80 116 245
12 67 95
14 114 134
1 156 167
53 21 136
22 89 123
71 188 365
41 199 240
45 90 167
11 52 140
13 11 70
32 137 170
75 50 132
37 98 143
40 88 136
6 191 201
9 1 56
64 198 264
71 27 103
43 100 165
46 84 296
82 95 202
48 96 148
60 56 122
53 186 252
62 76 138
15 46 77
26 131 166
38 138 351
97 24 155
79 17 140
1 10 12
46 23 107
20 57 123
41 26 101
79 36 119
77 25 102
23 34 81
72 143 222
8 17 63
100 48 222
89 160 258
22 153 310
86 102 191
32 177 238
46 81 128
76 20 141
20 2 55
49 8 101
75 14 91
4 183 194
39 32 151
4 79 128
46 182 272
90 37 144
92 127 235
3 33 187
42 162 207
24 68 108
31 2 39
37 59 144
37 88 150
62 109 174
95 198 493
85 147 266
83 77 192
85 157 273
11 28 49
15 13 76
22 86 115
26 89 147
83 190 274
9 175 212
28 183 246
80 186 269
27 195 272
47 184 252
81 118 241
67 197 303
49 171 257
99 31 167
24 66 96
52 115 219
94 137 240
81 152 414
3 65 81
73 109 183
74 177 268
87 6 101
10 103 162
66 40 116
57 182 248
