970
19 124 154
60 94 253
61 155 255
21 28 53
37 185 223
9 40 79
19 113 135
2 78 122
90 84 177
55 198 259
6 135 168
1 28 45
17 129 199
68 191 265
46 183 307
42 140 190
52 142 373
19 121 142
68 184 254
66 38 120
73 83 158
49 111 209
34 197 328
29 159 195
59 129 274
3 101 108
31 96 140
73 64 145
24 146 334
45 100 217
44 84 132
19 171 256
43 176 253
34 181 225
2 35 39
59 61 145
54 38 93
8 86 119
18 158 222
57 148 211
87 193 299
68 142 217
74 141 333
96 143 245
78 135 229
48 134 189
71 186 267
28 99 136
58 43 121
72 67 142
86 25 146
1 68 237
63 158 258
5 169 176
87 163 385
4 128 276
64 85 158
49 59 304
92 29 262
9 71 108
85 33 152
16 5 81
99 84 242
15 103 126
93 65 168
49 63 235
2 111 283
79 41 121
82 78 198
71 121 233
79 111 209
17 44 163
94 121 240
53 100 160
11 92 141
75 64 150
60 90 154
70 6 81
80 50 140
99 195 295
67 145 240
17 137 160
90 131 221
91 183 281
37 93 171
37 35 75
29 136 165
33 81 160
13 54 73
84 85 294
56 23 239
57 15 210
53 7 200
65 102 206
42 139 214
43 164 334
63 69 136
81 51 139
18 141 204
68 101 236
17 149 176
46 40 197
44 71 140
30 121 168
77 193 295
43 65 109
56 65 122
56 164 267
50 160 219
21 104 133
75 173 249
54 190 251
31 103 142
71 188 265
5 103 267
80 192 304
51 177 238
73 87 170
69 33 120
12 149 164
81 103 184
12 40 122
8 82 99
92 4 96
77 150 230
67 134 205
66 159 311
29 144 216
43 175 262
89 161 276
96 24 121
19 97 126
29 183 244
92 63 200
16 195 220
67 102 180
39 187 228
3 66 79
54 127 235
5 108 209
16 124 190
13 103 116
95 136 275
30 5 36
42 4 166
80 134 227
46 167 378
33 185 409
86 56 278
7 94 105
53 161 239
30 112 146
74 109 203
41 85 216
62 45 155
93 73 277
57 18 99
14 46 145
88 44 158
97 172 271
10 93 146
40 110 271
5 77 191
6 189 204
85 173 277
43 193 373
7 37 49
17 87 114
21 124 145
75 161 383
23 155 221
66 143 209
7 188 204
76 105 181
46 159 356
43 122 270
5 154 165
72 186 318
57 130 211
16 183 202
67 86 160
28 90 126
89 69 191
59 186 246
19 62 98
47 88 184
93 8 143
9 98 153
43 12 88
4 40 88
49 183 234
25 88 119
22 48 70
25 165 208
83 136 240
21 185 381
2 127 135
69 44 121
23 19 112
1 32 165
48 121 176
98 33 173
80 127 343
13 167 198
69 111 185
59 71 135
25 72 97
44 65 111
15 130 218
20 166 192
1 77 125
99 104 209
36 20 237
23 76 99
8 48 57
68 20 122
14 93 273
46 111 317
46 141 188
41 94 142
40 33 106
72 194 346
53 4 80
51 0 79
80 124 212
97 6 104
10 60 85
87 52 140
18 18 37
65 55 126
39 160 225
36 141 209
67 70 141
67 163 236
81 89 208
51 125 181
35 19 206
72 152 231
62 111 223
60 22 203
7 125 182
34 28 87
38 86 127
85 124 209
90 33 127
49 134 252
90 18 112
77 129 241
61 62 140
40 102 151
53 97 262
80 130 403
82 22 114
93 160 300
68 153 260
83 61 146
92 190 292
42 94 139
79 17 196
60 109 236
94 18 112
38 125 165
57 101 317
16 0 26
33 129 163
47 44 257
25 89 199
28 139 181
41 167 226
80 88 168
33 143 367
4 119 193
9 163 182
94 32 172
33 71 146
73 136 211
55 158 218
6 152 200
16 51 108
82 0 90
47 125 217
34 17 56
51 35 91
54 121 188
49 6 55
27 157 193
87 45 144
12 119 134
87 79 207
12 165 224
34 9 51
31 164 236
79 112 206
72 186 284
63 70 134
46 95 145
70 33 205
90 69 175
21 95 263
62 138 210
24 64 133
75 127 220
61 106 169
63 38 280
8 6 23
12 141 182
59 36 95
47 58 130
94 200 307
48 172 323
97 195 325
5 198 209
24 2 73
58 14 270
11 64 103
52 125 211
29 119 187
23 31 68
41 159 209
52 110 170
20 181 202
56 59 130
44 199 273
63 124 190
5 93 99
30 141 216
49 69 311
22 28 58
59 130 190
19 43 70
82 134 260
62 194 270
82 172 398
28 94 122
8 2 18
99 21 122
11 36 51
28 50 191
97 61 168
67 153 251
66 135 224
40 60 139
12 138 190
16 192 216
18 182 238
63 97 162
29 47 125
79 190 272
47 190 252
77 185 283
55 46 104
44 166 248
19 22 49
22 55 109
74 158 264
15 171 230
98 151 319
60 58 139
46 76 164
74 0 252
92 117 255
81 127 217
58 65 130
18 152 259
24 172 341
95 99 260
55 132 228
69 93 211
16 80 213
49 198 398
28 109 163
50 199 252
51 1 91
34 51 223
60 115 225
85 150 368
89 198 350
45 74 288
9 172 221
77 178 265
61 81 284
47 196 295
66 62 174
43 196 406
40 107 150
16 0 95
53 192 263
20 117 171
20 59 94
82 114 206
24 193 251
71 163 235
90 26 268
78 69 182
81 3 91
24 0 52
5 160 198
24 180 242
64 175 243
42 145 188
11 45 227
49 84 136
25 113 164
63 175 278
31 200 234
30 94 172
98 173 277
76 63 141
51 160 214
12 115 127
49 166 216
79 54 134
34 200 236
3 192 210
95 17 248
38 170 211
25 142 172
23 181 209
91 139 237
7 185 276
44 133 177
53 186 275
30 139 364
36 45 84
90 42 282
57 105 171
33 142 207
20 164 193
95 14 115
72 83 200
70 115 186
33 183 245
68 181 332
42 41 133
30 52 216
59 59 123
83 30 157
3 61 98
65 94 159
98 67 175
68 200 280
38 193 269
7 52 133
76 68 187
47 166 228
88 41 298
77 155 412
54 86 311
46 131 178
27 171 200
33 113 291
25 71 113
52 140 387
1 150 302
5 195 221
44 47 96
49 45 115
99 102 210
64 37 130
97 184 286
7 62 255
42 4 95
60 188 252
11 58 91
73 139 274
36 46 156
45 31 129
45 124 236
99 71 317
66 29 102
59 70 171
13 129 147
49 88 305
81 195 292
80 64 260
39 106 153
49 160 212
95 83 188
78 20 115
72 12 152
60 6 66
29 97 127
99 138 383
4 121 169
98 18 117
50 0 90
78 71 166
58 109 173
71 125 209
90 107 200
42 83 227
52 25 103
100 112 241
20 47 77
93 94 237
97 28 156
95 6 103
3 22 62
5 175 204
1 44 49
8 39 215
30 89 166
28 106 140
72 72 335
53 57 114
14 70 99
15 42 79
28 86 116
15 160 181
16 161 185
17 128 307
33 187 342
65 176 338
62 13 80
43 56 100
34 128 195
33 194 250
90 86 231
27 44 227
20 18 131
49 189 279
70 101 171
13 60 113
50 160 233
85 97 184
67 57 129
23 9 39
82 168 251
31 98 143
76 37 135
37 138 190
55 139 209
31 6 39
96 182 333
61 59 129
41 19 73
47 111 204
61 122 185
88 91 328
4 74 262
78 165 405
96 171 274
12 135 151
71 152 377
33 97 295
27 95 160
31 133 225
61 74 148
50 1 72
71 130 224
94 81 370
45 167 238
92 96 189
60 120 184
32 61 97
20 136 167
98 176 352
47 170 264
62 194 256
79 157 302
71 151 230
76 39 125
63 180 244
21 109 140
68 123 309
48 123 178
21 117 148
36 197 266
87 125 397
35 52 90
83 200 288
35 27 62
12 165 330
67 155 232
35 123 184
16 104 155
74 95 169
79 101 329
62 147 405
81 199 329
65 1 96
88 135 226
19 103 172
41 97 141
75 174 292
1 115 262
77 156 240
21 32 63
75 196 305
80 53 183
55 123 179
31 147 223
64 173 244
10 144 204
18 47 68
56 175 261
8 122 134
3 113 154
71 83 155
68 166 242
54 106 161
8 102 174
18 77 137
74 0 201
81 146 238
57 176 236
39 194 266
41 75 119
75 66 168
76 37 113
100 124 269
77 114 198
10 31 85
96 59 158
25 111 174
96 27 130
53 192 271
87 135 310
57 52 206
8 5 104
78 39 125
39 109 155
55 13 92
59 72 146
46 157 210
100 168 273
60 191 276
76 133 240
75 76 151
41 162 211
8 79 111
30 107 269
38 57 95
33 191 400
73 3 113
95 8 134
74 43 146
98 67 189
91 90 275
19 55 237
1 66 237
40 51 184
55 36 170
32 48 81
99 103 205
20 164 189
90 130 418
45 103 154
96 34 140
64 109 321
60 178 280
50 150 210
12 71 87
56 149 208
88 113 208
97 8 127
46 118 166
69 18 102
99 200 309
8 22 182
6 105 121
36 96 170
60 4 96
14 80 103
65 8 73
11 198 248
52 188 267
99 47 328
89 193 318
20 149 185
41 69 262
12 171 211
26 82 134
2 64 67
24 11 35
5 184 216
66 132 231
39 87 133
61 137 217
34 136 171
80 144 269
43 178 228
43 25 110
53 67 151
40 45 161
71 187 305
70 147 235
82 124 327
20 153 178
100 184 300
1 104 115
64 25 99
11 143 171
93 131 259
40 55 97
4 82 95
67 132 209
38 148 213
54 25 120
63 5 105
97 5 118
8 72 114
68 186 254
17 3 30
43 168 214
54 93 157
37 138 182
49 93 182
29 99 130
96 67 166
33 150 366
22 190 341
41 129 174
70 59 133
12 194 235
11 29 222
73 164 246
75 158 234
71 158 241
71 3 179
58 74 140
22 169 192
1 53 78
39 32 123
3 120 132
66 63 312
76 16 92
25 37 66
32 122 160
31 102 136
79 61 143
30 35 70
76 147 278
57 93 169
50 133 184
92 39 293
82 94 178
4 88 148
52 19 74
21 191 220
94 158 284
39 127 171
13 124 159
24 26 60
23 26 142
6 53 208
67 151 281
77 94 212
50 40 101
20 139 178
10 13 72
25 127 196
12 48 92
22 76 211
30 13 48
60 89 178
81 190 288
88 66 255
24 67 141
21 100 126
83 120 213
57 157 222
55 126 189
73 89 257
34 67 123
79 168 296
8 191 393
63 48 121
42 123 202
37 137 218
87 160 257
31 107 153
93 107 203
26 36 108
100 189 361
53 137 352
29 164 212
50 29 83
99 95 320
86 22 224
50 112 230
15 34 77
69 31 105
90 181 272
26 141 217
31 54 244
73 51 134
82 159 241
36 83 143
88 156 291
54 169 225
5 18 26
86 66 229
63 186 295
3 97 100
31 45 242
34 117 284
26 194 230
73 4 85
55 14 71
28 91 306
57 35 95
9 45 176
91 60 175
56 65 125
68 155 387
63 97 185
89 77 214
50 198 275
49 165 221
43 145 189
8 55 200
71 153 260
17 186 205
29 119 187
14 152 166
94 28 122
29 152 215
63 54 137
40 18 58
24 169 354
83 9 175
89 145 235
100 149 290
94 143 273
45 14 201
98 23 205
9 5 24
17 130 150
85 65 196
63 162 272
52 45 99
94 43 278
12 147 200
23 102 309
36 149 207
30 108 187
84 47 142
16 161 178
66 70 242
43 197 251
50 68 125
65 54 191
55 178 239
75 30 119
39 57 106
8 10 99
64 87 151
95 81 293
51 105 162
94 91 221
18 14 34
97 154 256
91 115 229
91 110 206
63 198 400
72 96 177
71 38 154
6 63 76
63 77 188
86 57 160
87 118 218
58 95 159
52 56 135
47 81 133
18 100 160
39 63 122
48 155 369
69 186 260
45 193 271
28 73 103
49 106 164
78 17 102
51 63 120
14 175 220
10 198 239
78 190 376
45 99 146
85 167 384
2 137 179
59 111 216
83 46 134
47 196 267
35 65 203
44 174 222
64 84 169
88 116 364
31 157 190
13 78 112
67 0 265
38 76 116
33 101 181
1 18 29
54 156 217
26 13 78
81 129 251
90 71 198
69 85 162
66 165 238
32 57 93
94 151 249
68 62 165
84 193 322
70 73 151
33 11 50
5 141 166
91 192 316
93 135 263
39 61 125
39 164 210
55 59 157
93 64 165
65 95 334
47 48 113
21 3 87
14 121 148
51 125 184
52 151 249
62 93 160
74 175 257
98 148 247
41 20 84
1 136 171
49 173 232
49 89 267
85 136 246
27 31 78
24 112 137
51 87 179
10 33 72
70 68 244
46 137 202
97 120 225
1 76 122
68 77 147
54 18 211
72 104 185
83 22 145
24 0 28
37 105 169
25 35 109
36 5 113
52 45 142
47 82 161
67 53 229
11 120 178
61 41 105
4 184 194
2 104 131
52 91 163
52 73 174
49 74 169
82 23 111
41 174 218
9 154 194
45 13 135
22 69 218
52 197 324
38 199 241
56 130 196
88 48 264
10 120 162
18 129 154
76 18 288
61 75 138
46 87 181
84 59 172
92 162 258
70 138 278
17 185 204
