900
80 58 169
13 1 14
29 160 336
50 168 227
38 5 173
74 88 167
36 101 184
34 17 182
17 162 220
30 73 117
59 37 96
5 157 167
89 92 296
32 158 222
97 83 273
81 137 332
71 164 260
20 168 196
59 126 324
17 177 215
68 142 216
81 135 379
96 95 201
85 180 279
17 91 118
2 190 201
90 124 214
54 196 254
65 59 127
93 24 122
36 109 148
46 13 60
30 64 293
81 198 297
96 10 229
92 88 190
95 85 189
52 41 93
66 160 390
10 104 250
22 78 127
34 117 191
88 23 115
56 116 197
39 95 172
2 157 163
62 180 269
59 4 76
49 95 172
69 116 222
68 189 261
77 90 176
100 40 339
8 35 53
3 95 129
8 46 99
81 160 251
73 109 227
44 194 266
95 76 204
86 34 132
26 32 59
63 149 254
35 43 91
61 128 201
76 133 231
69 141 238
76 182 263
36 151 197
41 103 243
70 43 156
42 15 86
25 155 183
60 17 89
37 53 95
18 1 21
94 33 268
65 11 213
97 16 121
38 86 128
80 174 268
53 132 207
72 168 250
21 72 94
38 78 134
24 199 226
2 194 202
46 157 206
10 86 115
73 9 88
46 130 230
70 70 147
92 141 389
32 149 368
51 70 127
21 120 151
33 84 133
96 16 181
18 189 207
93 28 152
64 157 251
69 36 130
78 90 179
56 91 342
21 67 96
85 182 274
29 3 38
88 133 223
87 188 317
34 86 123
18 146 174
72 150 225
71 169 281
91 47 183
27 70 99
95 73 264
88 49 138
69 81 157
35 61 135
67 49 135
7 60 72
51 181 281
87 17 192
4 57 70
63 112 182
48 170 224
11 43 64
70 143 256
27 172 360
78 42 123
34 162 307
63 193 265
42 95 137
65 33 121
38 108 146
100 84 198
3 54 114
53 191 254
76 0 107
92 16 179
49 34 128
56 103 234
29 126 164
32 187 346
81 149 234
79 77 183
94 167 339
79 158 267
5 46 87
7 162 213
14 146 167
33 23 116
75 133 209
4 49 53
63 160 292
88 153 247
20 189 225
51 16 67
60 179 270
3 197 237
36 90 135
47 45 121
59 59 125
71 91 284
53 197 259
75 113 200
67 124 200
72 109 203
88 143 402
89 54 190
21 45 207
62 133 278
10 97 111
47 55 125
37 189 373
9 45 89
97 121 272
2 117 125
47 30 81
52 56 112
50 63 258
68 32 103
96 18 123
73 3 145
22 1 62
40 173 257
85 36 269
68 11 79
93 161 276
45 100 185
83 85 228
74 156 231
9 60 73
75 123 201
70 185 449
34 54 101
18 8 75
31 146 226
97 186 287
40 48 175
36 66 142
26 158 190
69 192 269
79 158 247
51 143 242
30 63 137
56 19 91
40 42 88
10 48 61
53 192 248
93 136 332
60 65 129
53 14 204
54 117 361
39 79 272
14 111 245
38 98 142
40 3 135
97 149 266
74 190 270
46 80 173
50 194 334
38 17 146
20 121 283
56 6 160
31 14 47
17 119 143
36 189 230
17 118 218
52 17 70
9 86 104
25 143 242
4 191 214
27 34 89
30 97 288
7 162 214
95 34 210
15 180 380
73 92 202
43 171 220
48 84 137
96 40 179
90 99 236
32 11 66
46 108 162
94 80 183
7 117 305
32 89 288
78 56 148
39 14 174
42 176 228
40 44 103
37 33 101
17 99 152
32 67 107
13 81 130
11 25 43
92 179 316
91 164 337
2 22 70
28 75 108
51 40 102
10 78 172
80 87 208
66 28 133
52 10 81
83 3 159
9 127 212
93 192 294
46 135 320
34 77 148
33 36 112
2 71 192
36 38 81
75 193 277
18 10 31
80 40 133
37 95 143
85 197 392
87 178 307
9 64 114
97 140 271
26 131 165
39 92 141
68 43 142
57 39 98
82 112 354
87 101 234
59 198 291
19 122 288
19 31 92
75 176 260
83 141 224
10 191 233
14 35 49
33 152 192
74 83 185
18 12 57
99 96 231
96 164 261
23 99 160
34 193 236
11 173 184
23 98 210
79 77 160
24 69 98
16 56 78
94 153 264
38 65 294
19 16 151
79 19 134
75 200 281
92 150 256
2 88 100
89 84 211
93 92 186
39 7 244
94 32 131
35 52 100
56 197 260
71 37 145
17 146 204
23 190 305
4 165 171
36 101 256
25 63 112
82 111 194
94 21 301
18 80 266
50 110 252
63 165 246
46 139 203
37 41 79
82 74 159
38 162 203
98 57 158
14 68 108
69 109 190
63 110 178
98 89 191
46 143 197
21 51 203
5 179 186
4 137 188
9 156 167
42 193 245
93 125 384
59 140 258
61 89 158
31 170 239
54 14 76
79 74 161
74 1 78
71 15 109
20 83 145
78 105 185
22 36 162
91 22 126
69 39 136
46 44 248
56 27 92
68 52 143
18 46 102
48 119 172
40 46 89
18 88 111
2 40 46
30 101 266
15 101 119
70 135 253
31 57 98
96 198 336
52 99 172
39 177 411
88 25 175
31 40 73
69 32 109
43 181 228
27 42 74
13 80 290
49 41 213
58 118 181
76 25 111
90 32 125
33 131 250
89 55 154
49 52 103
69 171 269
62 80 178
69 192 459
91 85 218
1 51 90
48 199 317
81 96 180
13 48 176
6 14 63
45 3 172
61 127 189
52 26 88
30 76 112
21 82 135
25 85 119
29 11 49
89 114 261
53 134 216
11 66 84
20 67 133
59 143 338
11 126 166
44 157 345
5 177 205
67 188 268
39 197 237
9 111 140
31 47 91
83 94 331
23 134 223
45 141 191
85 194 286
85 124 214
7 171 252
2 36 85
12 8 23
51 116 167
57 89 147
15 49 81
64 97 171
28 146 174
82 156 253
20 160 185
80 12 266
20 128 151
96 108 267
87 137 270
91 86 187
21 183 204
79 135 215
76 172 250
74 105 188
55 9 73
51 139 197
71 90 169
46 167 398
44 91 139
100 200 383
80 118 201
35 90 317
33 50 159
71 150 365
30 193 266
62 147 209
97 194 306
97 144 287
13 131 152
69 173 245
37 50 117
99 118 227
75 137 245
82 16 188
88 45 144
58 191 271
95 161 340
64 141 295
19 12 61
90 120 307
14 38 67
67 21 117
72 135 217
41 136 184
87 120 293
22 97 119
92 74 222
65 154 228
34 109 185
42 7 52
30 112 142
95 109 208
83 186 277
25 41 66
99 104 223
82 116 208
71 109 186
39 83 139
26 81 141
54 82 283
14 168 335
87 154 280
17 54 247
21 42 163
22 129 159
23 39 129
14 7 39
82 93 178
95 185 469
90 94 196
73 43 217
81 146 230
98 76 189
42 58 258
3 145 152
41 96 143
75 179 266
17 8 49
56 109 172
91 18 109
56 106 195
89 130 225
51 175 229
70 180 260
75 171 256
58 164 404
2 4 48
23 6 36
54 147 203
58 90 155
7 17 159
19 48 112
65 95 161
62 15 78
51 79 134
13 23 114
8 161 198
44 117 195
71 48 137
60 61 152
82 15 219
42 141 188
2 133 143
94 11 115
70 52 158
46 104 152
56 189 280
35 63 111
70 126 205
36 47 283
42 167 210
79 108 189
42 9 57
11 115 178
28 48 169
22 66 210
51 16 167
65 181 278
31 81 120
15 52 221
35 20 100
38 1 192
31 91 129
87 93 185
70 114 225
84 64 193
41 103 160
84 87 180
26 196 228
30 179 219
98 42 196
77 63 141
69 127 238
40 139 226
61 166 380
95 175 274
58 172 238
80 31 112
86 196 294
100 156 271
47 154 202
11 150 191
18 4 54
70 97 167
6 180 195
56 196 285
30 192 227
51 26 145
58 161 225
73 128 207
77 143 306
46 34 231
59 101 161
76 197 279
37 176 327
1 105 146
6 60 71
68 193 266
98 77 181
56 81 163
57 199 265
77 86 302
48 84 176
62 141 204
19 186 229
26 57 91
80 172 259
93 171 267
72 124 203
57 49 115
48 145 235
91 149 246
34 38 83
43 22 65
19 71 117
59 34 100
62 120 182
26 144 175
72 130 202
10 96 116
17 77 132
83 125 218
87 91 290
22 108 153
16 2 27
12 1 20
8 199 318
23 167 370
68 76 195
96 62 253
98 186 311
39 110 154
12 145 349
93 94 202
25 79 128
95 1 138
50 74 137
30 75 142
98 70 170
57 1 235
12 143 250
63 21 84
45 190 243
56 10 74
78 72 174
20 31 59
65 149 222
44 69 118
14 90 114
25 147 172
62 98 163
58 48 176
40 107 163
27 100 137
68 189 429
26 99 313
82 71 180
52 96 158
93 39 133
6 10 16
73 91 256
88 132 253
94 50 197
84 99 224
6 155 169
94 178 282
60 120 206
30 74 252
3 111 244
53 144 281
79 148 239
95 52 152
33 105 177
43 105 158
91 54 146
23 148 171
13 103 138
63 12 75
37 65 150
94 127 227
34 168 206
24 36 83
48 154 376
70 68 144
41 198 242
29 196 234
98 154 256
69 196 432
82 109 203
94 174 270
83 163 254
48 57 232
44 146 254
55 11 110
55 47 185
82 151 354
18 196 215
97 14 122
93 96 191
42 145 187
68 178 345
67 2 79
74 193 270
21 21 83
35 97 138
25 20 137
97 99 209
84 8 193
92 40 165
63 41 127
100 156 304
39 196 271
62 51 220
18 81 293
43 192 385
80 194 282
28 164 225
99 140 288
98 104 238
53 128 247
10 41 78
18 184 252
4 108 113
70 184 259
79 148 235
54 118 200
57 82 183
100 103 381
32 62 122
26 8 39
3 148 306
29 163 197
38 84 222
33 154 317
48 154 224
97 5 186
77 96 203
65 56 145
66 95 169
79 168 256
62 6 69
33 102 144
80 141 302
7 26 52
16 113 129
68 167 289
86 195 290
56 140 199
12 153 171
31 61 177
76 42 140
64 110 174
47 15 69
94 76 281
23 101 133
25 8 71
42 109 155
40 72 159
40 48 136
35 182 226
23 37 169
73 76 264
69 16 87
98 117 261
73 123 212
11 90 105
59 132 192
80 174 257
71 130 222
43 80 126
68 182 260
87 146 240
17 173 239
94 149 248
52 163 216
41 12 60
29 21 54
87 179 274
90 69 167
5 190 196
10 2 20
72 101 192
35 79 221
44 155 239
62 110 294
37 144 302
66 144 240
35 163 236
93 6 145
61 28 98
47 22 81
26 37 86
19 146 343
96 85 191
78 107 185
43 89 249
79 17 103
100 127 230
59 155 349
1 35 44
30 115 344
100 88 342
67 65 176
83 155 247
91 119 213
17 114 154
77 69 156
3 120 131
25 59 237
55 152 217
12 175 209
77 127 235
5 79 248
85 142 231
1 165 242
10 180 195
100 35 160
40 91 152
5 152 344
63 111 174
89 137 231
83 147 247
54 96 197
4 186 210
60 89 150
88 140 337
22 129 156
31 38 90
74 87 196
58 171 230
50 92 144
24 89 115
72 109 348
47 197 277
94 69 171
87 186 304
93 30 135
91 58 229
35 1 210
89 119 220
7 31 44
70 181 286
56 107 171
75 6 84
88 106 368
28 80 198
15 27 68
65 170 236
57 86 154
75 116 194
43 160 226
88 161 349
84 29 115
56 116 225
16 20 137
25 95 125
52 89 294
75 2 82
77 0 82
4 23 37
14 34 91
24 54 124
90 138 246
82 71 192
51 7 83
4 22 33
41 193 244
90 65 279
69 40 150
84 72 190
91 177 277
86 159 271
84 133 226
3 66 74
78 81 167
77 53 297
28 138 174
50 104 175
72 56 289
67 164 235
67 185 379
60 118 256
5 159 168
96 17 140
27 193 365
63 145 252
13 157 194
11 42 92
21 181 237
33 2 75
37 27 141
30 59 95
91 134 226
38 66 304
17 8 209
30 11 64
98 108 207
93 129 260
64 181 412
80 60 147
17 174 198
22 106 165
44 194 248
54 112 170
63 113 217
49 103 279
97 168 311
48 9 65
66 35 133
25 123 148
86 100 214
9 55 162
64 91 180
76 110 213
23 113 143
