200
47 105 157
17 179 198
86 91 181
35 118 165
33 188 251
59 130 201
28 140 174
9 145 181
13 97 157
96 47 144
84 83 176
32 192 256
2 135 139
50 155 218
39 126 280
22 69 175
4 53 199
93 158 281
46 16 107
3 199 210
26 75 111
73 64 145
33 71 258
22 151 294
76 2 269
68 27 97
67 60 207
70 96 197
30 198 284
74 28 105
13 66 85
56 102 162
99 108 373
8 151 165
39 57 123
4 169 180
58 141 270
82 159 267
46 173 232
96 109 206
25 121 151
80 6 197
18 171 198
51 147 202
15 80 139
11 55 75
59 103 165
74 68 187
24 35 71
39 38 273
36 103 171
21 76 234
44 184 272
66 43 213
19 172 196
59 183 247
95 21 200
95 187 299
12 108 127
2 47 94
92 165 277
78 152 240
47 69 119
83 199 328
86 192 279
58 135 217
93 12 105
24 139 173
7 168 178
61 168 233
68 24 100
46 40 92
8 152 169
6 46 52
58 91 160
57 159 216
51 154 243
97 53 346
96 106 242
29 32 249
31 50 91
100 190 295
18 15 36
8 143 176
27 63 277
1 0 4
53 42 200
23 178 210
63 45 194
89 3 281
75 26 148
74 148 265
77 171 266
20 74 94
96 5 235
32 136 268
6 98 139
93 47 158
58 4 95
35 9 44
55 91 151
33 102 164
35 33 72
11 72 218
24 60 88
43 146 194
41 30 251
2 107 114
85 25 112
71 24 102
34 28 71
81 24 178
88 23 120
82 91 240
88 58 146
81 103 186
96 7 105
17 140 167
35 47 90
10 98 111
2 110 266
17 114 169
55 74 137
81 33 242
78 132 212
14 6 48
23 138 203
21 140 196
3 115 163
60 176 289
77 13 145
1 135 137
66 95 191
43 31 270
82 186 320
28 26 149
71 168 246
76 32 108
38 41 93
63 18 85
91 146 242
32 83 118
89 83 174
38 13 70
17 150 193
88 135 231
73 32 115
51 164 301
40 81 228
55 48 110
33 164 212
51 39 90
67 33 102
84 176 405
78 157 386
13 187 384
66 104 286
37 59 97
28 41 97
94 183 318
87 146 242
77 179 257
55 194 277
47 188 282
6 190 229
58 2 66
20 116 148
90 148 245
26 148 205
18 182 240
48 83 149
53 27 88
75 133 257
58 171 353
24 107 140
59 25 94
19 91 160
67 46 182
40 43 99
74 162 272
80 14 117
49 69 127
10 21 32
69 177 267
90 69 164
65 66 168
74 79 232
11 132 145
30 23 63
54 20 79
43 138 190
92 55 155
47 59 113
91 113 206
70 189 283
3 165 170
83 67 178
25 135 163
64 57 263
55 35 94
