70
18 137 250
90 188 288
49 125 185
65 179 244
49 52 133
16 113 134
97 68 199
48 102 262
37 49 105
19 46 69
48 130 236
63 78 153
4 87 124
61 10 75
57 161 255
60 179 240
66 199 268
7 4 12
65 97 361
41 3 52
79 59 144
74 191 291
34 170 205
42 14 102
26 38 72
77 128 213
51 127 307
38 156 196
97 156 275
35 49 84
50 89 147
21 108 139
95 16 222
29 177 216
80 117 287
4 9 21
75 34 159
65 195 331
12 4 19
67 128 196
91 8 108
39 174 232
77 176 339
78 82 180
70 169 249
49 40 181
63 178 286
51 90 149
74 134 353
35 155 200
20 192 339
19 141 167
58 138 206
80 168 286
35 127 208
57 48 110
88 126 229
67 96 176
83 8 104
8 50 59
54 84 280
8 134 162
4 14 212
94 81 200
82 119 203
29 112 145
31 159 224
32 108 148
75 165 241
30 151 285
