300
94 164 266
84 9 140
65 141 241
37 183 232
57 197 254
12 190 226
68 43 115
33 126 171
99 100 204
6 143 153
91 82 336
29 80 160
97 65 163
78 80 164
58 10 97
75 107 308
57 112 171
83 119 205
84 125 252
50 170 223
63 38 105
55 153 218
80 149 235
14 171 312
38 13 238
99 165 278
2 108 148
40 8 96
15 159 177
85 171 348
64 43 144
32 120 303
60 155 242
6 190 196
41 150 223
63 14 85
2 46 203
87 111 212
42 3 48
48 174 223
21 198 226
70 186 277
97 78 183
5 65 109
18 133 173
35 108 151
20 177 292
46 120 169
64 97 164
78 194 307
1 97 101
96 26 321
73 7 211
91 136 265
31 31 65
97 4 101
26 44 79
74 54 290
88 165 273
56 190 248
94 31 271
4 8 143
24 181 253
30 18 83
50 82 141
64 92 161
72 25 276
61 39 110
22 85 141
85 128 411
92 199 301
40 200 248
38 78 126
14 174 274
86 59 162
22 157 326
63 150 254
58 17 121
38 84 303
71 124 197
79 52 144
46 138 184
70 70 190
67 58 319
21 110 132
48 167 220
85 113 206
20 23 144
39 117 161
10 54 65
63 92 166
10 96 164
63 189 415
50 154 238
86 110 197
64 62 311
29 26 175
58 24 85
30 80 116
66 144 217
38 44 89
65 144 210
87 117 314
3 118 150
20 34 65
36 8 51
41 155 206
59 184 273
22 158 377
93 169 339
40 100 252
42 50 97
68 157 244
51 162 237
98 36 313
68 71 238
96 68 164
28 102 139
77 65 151
86 34 246
87 176 281
6 187 302
77 148 240
76 141 228
13 189 236
88 6 103
91 68 348
14 42 185
10 184 202
86 124 213
37 185 316
46 50 131
32 53 112
54 101 157
45 143 237
45 151 201
28 157 204
55 131 213
28 92 122
25 193 321
3 181 316
55 81 167
35 55 114
81 142 228
2 11 52
72 126 198
26 84 116
38 118 156
90 115 238
62 31 185
60 7 69
17 89 114
63 17 80
30 0 75
32 139 176
3 162 207
72 183 258
80 189 291
71 48 256
70 13 92
74 15 111
74 10 106
56 4 102
20 17 69
60 155 254
94 47 191
82 56 263
33 117 304
66 73 290
57 196 300
27 14 49
81 52 143
94 83 179
53 126 248
45 151 291
2 84 126
46 9 68
48 192 247
17 155 185
86 170 260
69 8 124
38 107 190
92 137 269
89 109 202
70 73 157
31 7 45
69 76 153
12 25 78
84 152 238
98 164 266
25 53 249
53 86 182
45 72 140
57 37 94
45 177 396
24 100 131
57 2 73
66 134 207
85 184 276
94 14 115
12 111 141
20 159 270
40 200 241
20 100 124
100 147 296
93 46 147
18 3 98
25 62 150
34 4 44
85 128 309
29 64 95
17 169 194
87 74 175
66 120 233
99 99 226
74 134 214
84 29 252
15 195 222
44 190 262
32 41 82
74 43 119
66 167 433
43 63 110
83 165 253
65 111 191
34 85 204
86 156 248
92 189 452
33 195 232
91 52 145
49 172 355
45 166 216
92 192 287
35 156 379
77 175 285
17 104 138
5 114 125
33 41 81
20 68 113
61 97 206
57 116 182
37 29 255
62 184 256
89 155 251
27 149 185
28 159 196
17 95 135
61 72 142
93 10 223
64 0 76
13 194 207
90 102 223
5 121 155
83 97 188
29 129 180
19 181 277
93 191 288
32 82 120
1 137 288
34 31 70
27 95 125
48 98 147
33 150 185
23 135 192
82 52 176
73 103 182
36 32 94
90 106 388
19 152 189
5 133 169
24 146 212
11 172 189
98 199 304
86 74 203
53 18 263
37 20 59
34 172 244
95 127 223
13 120 142
35 105 265
72 29 291
81 93 182
44 49 96
32 164 368
10 120 151
60 28 178
81 159 290
24 15 71
22 11 40
100 146 251
22 6 32
77 196 284
5 136 144
18 91 137
42 122 172
99 14 122
75 26 247
29 159 204
50 52 105
48 199 289
