680
51 119 200
55 34 136
57 34 108
89 159 251
98 161 265
68 19 114
68 122 236
85 52 265
8 128 137
92 95 202
72 79 243
19 67 145
94 17 151
46 141 225
44 66 115
43 163 216
22 147 283
53 59 247
7 115 156
91 64 204
96 163 293
79 5 102
10 137 173
37 185 252
98 77 214
59 13 208
85 169 440
54 82 141
16 12 68
92 80 263
1 53 64
87 116 215
1 0 162
82 164 268
61 9 74
96 12 149
83 19 125
60 62 132
60 34 109
49 131 212
51 105 157
64 198 454
7 85 128
75 114 378
11 137 157
27 50 115
78 147 225
14 141 156
12 34 81
82 160 331
73 96 187
69 142 219
93 53 149
26 157 193
49 85 142
39 114 159
96 75 174
78 83 171
64 102 169
97 77 177
40 199 271
12 150 192
10 57 127
13 46 71
97 88 190
86 179 287
51 5 59
25 168 194
76 119 237
65 2 67
47 37 105
55 108 187
57 37 96
91 110 206
52 107 224
47 118 218
97 118 253
48 137 200
41 199 259
19 141 182
5 151 189
7 123 132
77 38 312
66 0 76
86 144 232
18 18 235
21 191 257
77 35 251
17 187 204
9 8 25
5 156 169
41 37 109
93 75 173
89 5 103
94 82 243
13 173 227
65 84 157
74 143 225
71 37 118
6 6 42
9 115 238
17 174 201
97 100 218
87 190 286
86 118 230
16 130 147
50 115 296
83 140 273
46 74 167
96 114 245
67 197 296
35 101 142
11 116 153
71 50 122
84 107 198
50 184 254
65 174 243
32 11 46
58 101 189
79 186 270
74 105 184
92 124 324
84 82 175
14 79 134
70 189 263
71 30 139
1 57 168
41 83 158
71 73 150
48 51 122
93 66 343
54 90 146
16 34 52
67 171 238
41 4 167
6 163 180
26 0 30
5 66 85
16 57 204
8 94 104
50 27 82
13 27 103
78 50 130
84 188 276
23 9 57
11 94 112
69 40 113
1 5 27
14 77 224
63 139 274
37 32 93
50 112 201
80 36 161
58 104 235
83 100 205
16 25 42
73 104 211
57 195 305
56 172 251
53 78 160
53 103 318
98 172 304
99 107 215
81 192 390
77 160 284
5 91 101
45 165 218
14 58 175
76 36 118
95 110 207
97 199 299
28 15 213
99 150 249
60 182 280
82 133 252
84 198 363
46 89 145
6 33 68
44 37 142
57 159 325
90 58 151
7 69 104
100 63 171
100 128 236
63 84 156
55 128 241
64 55 168
9 58 139
79 180 427
24 128 200
24 136 164
83 107 246
46 149 214
32 8 69
11 81 137
45 61 223
88 97 185
15 181 212
74 99 204
78 130 215
93 104 244
98 81 203
34 155 374
99 107 222
18 123 317
13 94 219
74 113 231
24 142 169
19 157 189
69 13 114
14 38 193
16 190 214
98 6 128
64 192 282
17 85 187
45 96 141
17 66 85
94 41 141
3 92 99
66 88 171
51 199 280
9 11 20
69 194 293
93 35 130
97 125 260
29 61 102
93 0 280
48 25 88
77 0 187
68 199 293
60 121 190
15 88 109
45 134 239
52 182 238
21 190 220
67 130 231
45 151 216
30 55 123
23 133 252
14 191 231
38 106 148
59 200 266
89 156 249
65 10 226
86 23 112
95 90 192
93 128 262
94 111 270
82 26 147
44 116 175
52 195 247
41 58 101
78 19 102
92 85 181
27 177 212
41 41 224
22 181 205
89 123 404
8 155 353
98 124 324
53 110 163
76 199 325
14 131 222
15 185 226
89 133 328
81 77 208
74 194 362
81 114 328
46 56 167
20 85 114
53 105 167
24 82 115
71 90 346
7 55 96
74 94 234
56 72 159
81 44 126
83 69 211
7 124 270
79 168 290
82 179 270
32 179 399
31 148 188
94 94 194
15 84 131
41 122 166
44 71 120
67 135 211
46 39 108
96 37 134
19 40 151
13 187 205
72 50 129
41 147 215
94 85 184
70 119 197
42 4 92
7 49 102
60 116 200
93 162 284
39 76 194
36 72 125
76 96 197
48 131 270
86 162 288
96 161 305
96 137 237
7 101 112
93 44 224
73 17 98
30 42 77
27 34 65
70 199 279
51 74 155
22 25 235
92 2 237
11 130 146
26 18 50
66 49 260
29 64 219
45 129 184
99 184 312
97 127 270
97 161 299
89 188 456
76 100 185
49 96 154
70 63 168
51 52 105
17 99 243
58 75 320
13 95 231
80 137 261
20 0 112
43 107 155
79 152 249
47 36 163
86 181 276
33 62 136
89 115 364
97 139 241
96 120 246
6 114 121
56 0 168
83 54 209
50 161 237
16 144 180
30 44 76
46 156 227
38 64 112
4 149 154
100 134 365
50 176 234
3 132 165
81 129 238
70 192 275
38 36 92
91 2 138
24 177 230
28 167 196
3 162 320
86 43 161
26 196 231
14 3 61
53 112 346
86 99 186
44 48 134
96 100 321
100 159 265
67 180 247
92 103 394
100 109 229
71 42 276
18 39 65
10 110 166
25 54 80
69 24 260
14 59 86
12 109 312
89 191 475
29 181 211
35 180 346
43 7 67
87 128 220
61 100 266
32 109 150
24 63 92
77 7 284
85 105 192
72 92 165
46 94 178
7 128 306
27 158 205
14 57 76
42 156 267
31 164 221
95 11 111
74 140 221
72 75 266
94 91 188
46 175 269
88 89 218
17 65 97
39 182 225
80 174 272
79 179 414
92 108 264
14 34 51
23 87 152
55 50 277
81 5 90
7 184 192
69 43 241
73 24 102
40 27 103
15 162 262
53 136 193
82 90 182
73 73 320
3 191 212
92 55 153
75 190 273
15 109 125
64 54 266
78 84 166
58 56 131
84 200 287
68 55 129
53 115 178
39 178 227
27 111 236
11 78 98
39 171 216
91 81 181
54 57 176
61 29 116
74 19 99
28 148 200
80 37 120
61 138 209
30 48 164
60 169 249
76 14 92
18 105 132
80 90 174
26 34 65
83 108 228
43 41 88
68 107 204
70 149 224
71 68 139
85 101 193
85 114 396
89 42 174
49 118 216
16 29 62
87 199 384
6 61 75
33 140 177
34 33 69
53 69 123
100 185 323
78 43 132
24 121 153
60 104 206
42 16 82
6 97 112
77 53 147
94 49 143
69 10 85
17 128 159
75 153 234
96 108 219
62 162 224
84 88 195
76 16 259
16 125 149
86 77 183
21 22 44
22 118 149
50 165 241
12 78 98
56 0 192
26 195 231
30 23 77
92 89 181
71 128 199
47 79 305
13 26 84
84 73 279
32 67 102
31 30 62
25 147 221
52 66 118
40 40 87
92 36 150
19 38 91
74 181 265
5 17 22
34 131 169
27 187 360
3 132 140
98 120 226
75 72 180
34 51 203
97 133 230
45 118 190
83 59 145
16 88 107
28 156 193
57 101 168
7 93 211
51 121 317
9 125 151
100 193 297
5 49 251
32 196 402
25 38 97
49 13 72
50 106 175
95 165 270
78 32 117
20 22 48
31 111 167
70 184 427
94 53 174
40 170 335
46 22 86
26 25 121
33 91 131
95 147 247
50 159 210
44 114 188
49 137 212
30 101 272
68 119 205
59 3 72
20 108 143
77 86 168
33 34 74
28 111 142
21 63 84
52 184 241
85 143 230
71 82 157
23 42 105
41 190 355
1 40 49
99 125 266
83 123 230
35 96 131
13 176 277
68 130 208
12 187 253
81 71 319
74 146 221
72 136 302
93 10 104
39 99 162
78 186 266
51 85 144
57 115 179
92 6 244
26 137 166
61 117 204
82 91 195
96 125 231
13 92 145
82 45 156
63 73 154
60 14 122
64 194 286
81 21 110
18 97 125
93 38 194
38 193 255
18 110 300
93 52 286
33 157 241
87 184 291
56 8 239
28 103 162
63 88 298
58 71 191
41 116 162
32 82 122
73 72 307
37 9 56
54 31 104
45 113 159
24 30 73
88 117 209
2 105 128
16 174 205
54 159 214
73 118 196
37 51 126
22 111 154
2 49 56
49 83 269
75 16 97
53 55 209
75 20 97
37 5 51
26 126 153
49 28 237
29 64 208
98 59 183
15 109 319
30 8 66
18 119 139
76 12 89
95 114 362
77 49 130
42 33 111
90 119 209
44 68 161
84 188 335
79 178 269
88 124 212
67 116 199
21 172 260
72 82 155
18 24 71
33 3 81
75 199 299
87 32 315
87 114 209
100 114 232
60 153 217
81 167 264
86 160 247
29 33 80
12 110 123
29 191 412
54 16 72
63 15 112
29 85 163
90 62 323
38 158 198
11 73 103
19 166 320
34 52 282
28 121 149
95 65 186
64 102 176
85 12 102
54 159 230
10 138 204
70 83 160
70 185 393
48 76 159
46 14 154
9 154 179
70 117 236
86 180 275
23 32 65
56 15 101
34 24 236
19 1 49
50 146 197
45 15 64
96 118 397
53 145 205
26 184 269
79 10 114
42 106 164
43 30 91
24 118 216
5 2 7
65 150 241
15 69 107
57 5 237
76 121 244
19 172 218
76 67 143
72 66 144
40 71 118
21 136 165
71 79 230
