640
84 133 225
87 40 134
78 146 249
46 185 234
100 159 268
32 98 132
43 192 278
80 145 248
13 143 180
42 96 171
69 20 101
9 154 179
41 71 238
86 162 256
80 186 271
4 105 256
52 185 399
23 11 234
62 157 255
16 120 142
47 39 93
100 94 347
31 1 193
56 59 229
67 114 229
66 17 86
23 48 89
91 115 209
88 77 178
42 145 188
75 79 161
25 94 130
27 146 191
48 197 249
10 135 146
26 45 209
76 95 178
55 149 211
25 124 157
74 4 94
13 44 67
80 148 266
8 108 118
64 123 187
19 126 149
6 40 203
83 130 219
22 62 86
66 200 269
57 181 404
98 113 305
27 89 118
57 41 106
23 179 208
42 11 88
100 73 214
60 111 215
22 140 167
27 38 65
31 113 150
80 162 387
28 24 99
28 121 192
65 161 227
13 175 223
45 0 59
93 184 282
91 41 305
1 146 148
9 29 42
90 110 209
51 129 337
89 69 206
5 82 182
82 122 206
14 31 92
22 133 156
58 195 374
35 199 237
83 30 122
51 56 109
76 115 194
6 106 149
76 105 220
81 159 265
13 106 124
82 125 209
79 130 250
31 158 195
37 56 103
15 111 148
79 189 318
40 69 131
63 124 332
12 67 126
46 95 320
73 16 130
5 161 255
41 187 238
17 123 340
85 199 302
92 55 154
83 16 100
4 25 116
79 175 256
38 89 137
54 122 220
7 178 212
14 131 305
77 48 284
33 154 210
21 62 92
75 107 187
54 179 346
85 109 199
51 44 261
68 165 282
34 128 169
14 184 227
23 145 271
89 117 216
94 184 280
64 94 200
92 51 152
39 104 207
52 162 217
52 91 302
93 138 253
74 198 430
64 49 163
77 91 304
99 42 272
15 86 130
31 150 342
5 15 25
42 35 105
38 63 101
79 72 194
50 46 135
13 93 263
92 93 191
3 153 163
10 49 197
81 36 152
88 116 237
76 183 299
60 18 263
12 70 237
78 85 169
19 84 110
84 53 144
63 181 254
20 10 38
68 11 119
62 147 218
82 129 213
36 66 251
67 48 300
50 96 196
87 175 271
81 199 367
84 45 133
77 122 231
22 40 250
75 6 142
90 200 299
12 6 24
72 54 158
12 49 68
14 107 127
39 46 86
75 126 398
96 83 336
82 97 223
84 74 162
29 75 123
83 76 167
75 166 247
31 46 113
1 154 246
48 96 153
1 16 38
29 42 103
10 117 169
74 6 80
37 91 147
10 179 190
54 63 123
39 116 161
2 7 11
54 131 291
86 145 390
41 66 117
45 46 91
1 152 163
9 1 12
51 11 63
44 47 141
52 112 170
83 30 119
59 40 139
100 41 148
42 76 233
62 5 125
74 160 276
67 196 301
91 58 154
11 82 100
57 113 173
48 3 248
31 119 339
27 48 120
25 11 37
8 27 40
17 78 95
89 154 253
8 80 181
14 130 192
67 85 241
59 43 128
37 13 82
4 34 94
60 140 300
46 36 84
100 10 133
71 156 265
12 130 240
75 157 364
38 67 109
66 41 117
74 189 430
4 71 75
30 181 215
5 73 82
85 189 283
6 136 162
34 132 270
80 99 185
88 194 290
28 146 295
87 126 220
7 73 116
21 186 396
98 116 220
25 62 269
19 89 147
19 102 158
62 75 137
32 18 67
16 76 98
25 154 200
36 20 245
78 161 267
74 36 119
51 41 138
56 189 255
53 107 291
32 5 70
4 200 210
1 163 176
68 167 236
3 131 213
67 176 253
10 56 132
30 153 222
12 127 148
32 109 167
48 169 228
13 36 97
41 51 101
59 166 253
81 79 263
85 197 283
26 11 131
8 79 146
24 155 244
96 56 225
83 102 194
30 81 112
63 50 123
11 27 129
54 143 343
82 100 202
92 2 130
88 135 224
47 196 284
90 26 122
63 168 405
93 141 276
91 121 298
92 34 292
56 103 198
96 35 227
18 72 132
12 19 80
97 161 308
29 65 97
99 185 293
25 20 45
39 169 215
59 95 180
34 135 179
94 83 182
74 166 243
59 93 164
16 188 204
15 85 101
10 40 61
18 29 234
16 104 125
80 19 103
9 142 181
92 100 243
19 120 147
28 4 184
29 159 228
56 33 132
35 149 286
35 50 156
99 167 352
95 112 230
77 126 275
6 152 202
46 200 246
10 177 362
97 48 151
63 87 202
11 4 15
14 33 49
11 150 208
64 158 241
90 84 209
45 102 314
20 41 141
36 112 331
85 64 165
2 94 127
48 191 387
86 42 130
22 43 246
11 11 46
32 86 249
22 92 128
3 104 231
35 97 148
70 67 176
33 110 179
44 140 186
78 47 131
35 95 141
65 99 301
24 95 295
5 140 154
77 16 119
40 40 81
78 25 108
3 88 145
31 110 180
78 162 261
12 128 140
90 80 358
65 49 117
87 0 87
95 126 225
79 185 265
40 117 164
73 66 145
1 146 182
41 137 181
32 83 239
14 1 25
86 118 204
9 106 123
53 28 89
15 110 298
92 86 316
63 152 251
36 149 199
100 200 324
81 6 89
35 9 169
13 15 92
18 142 163
64 11 153
5 43 58
71 61 141
59 85 170
34 32 67
95 27 154
72 98 173
26 16 52
8 75 91
21 143 181
90 32 170
65 41 122
73 61 140
47 31 199
27 108 265
18 159 202
70 128 307
7 127 264
85 65 150
92 133 241
24 182 206
68 176 247
60 140 257
78 172 253
22 149 207
21 77 107
45 166 233
3 17 26
88 108 324
3 80 90
64 129 236
51 103 156
93 73 308
52 128 188
55 28 112
6 114 149
19 55 78
96 1 136
35 187 372
92 185 475
93 99 202
26 129 276
44 81 131
37 162 243
23 174 216
60 88 156
28 153 182
8 65 167
43 183 267
17 170 364
9 127 312
17 19 86
79 6 128
9 155 212
88 145 233
58 198 283
92 49 183
56 153 241
21 35 211
37 44 89
20 114 145
88 151 246
68 187 258
84 106 197
80 96 182
43 139 183
91 191 392
47 151 298
72 138 220
33 112 320
42 96 166
25 60 113
26 152 184
16 10 35
4 52 89
43 41 94
1 152 171
4 81 94
87 189 295
1 55 96
94 43 138
18 175 195
24 74 102
50 22 101
52 79 159
100 173 274
20 63 96
91 198 307
76 101 262
10 5 17
42 151 203
6 158 175
36 117 157
19 198 300
63 56 163
84 81 170
73 17 189
42 198 245
46 192 242
59 101 254
49 56 105
30 152 185
52 54 181
14 7 67
34 37 242
78 143 228
33 12 168
69 180 251
90 51 153
6 134 181
29 74 120
96 9 108
76 10 111
37 70 134
37 106 191
48 149 197
17 37 57
26 103 132
61 107 254
7 41 102
64 42 179
84 166 254
99 78 184
80 94 194
64 29 201
68 101 175
92 183 322
46 148 200
78 136 215
56 28 92
98 49 175
5 199 390
80 39 136
94 88 226
38 152 200
40 33 244
2 32 194
49 66 139
59 200 267
18 170 189
79 119 334
63 115 204
22 127 153
89 45 280
12 188 370
31 138 172
4 56 62
70 103 357
92 161 276
71 94 340
58 65 303
51 48 119
46 126 179
93 33 128
99 7 106
85 110 197
21 89 117
27 155 231
53 39 198
33 153 197
31 72 149
62 186 336
66 121 195
84 121 234
90 74 204
16 77 102
48 35 174
50 57 132
46 26 216
80 37 124
53 147 338
78 181 271
100 131 234
29 183 262
30 35 84
70 29 264
2 5 13
58 80 143
82 97 311
22 14 60
70 34 113
97 68 166
24 3 30
63 141 226
65 84 156
9 66 94
28 169 205
66 155 251
83 142 248
39 15 140
45 134 199
51 101 191
72 168 248
2 185 189
91 51 145
62 70 150
20 63 107
19 100 255
25 184 312
50 80 133
58 85 152
35 28 186
13 168 183
80 147 236
23 116 139
65 43 147
50 7 64
58 197 259
7 194 244
39 132 213
10 45 73
25 48 82
2 180 339
6 58 122
71 0 79
75 119 220
71 114 192
20 156 222
10 117 152
61 22 257
6 21 51
99 100 273
77 148 363
18 100 253
24 127 185
53 160 215
71 10 95
57 147 250
49 34 84
44 130 181
55 128 193
36 124 163
75 176 260
96 181 318
81 92 181
87 129 216
40 123 189
68 153 273
47 54 295
51 176 237
85 100 189
65 115 196
47 123 175
26 78 112
86 58 244
30 76 264
65 34 107
37 38 209
22 90 119
80 28 108
9 74 219
39 30 72
69 140 390
90 92 208
85 148 236
49 28 152
22 90 232
