50
37 73 260
35 48 103
57 12 265
8 21 35
51 128 193
15 50 240
67 65 134
38 120 165
92 7 105
67 134 231
30 132 198
36 152 228
76 81 234
57 8 104
18 121 139
100 142 386
3 159 172
36 80 163
71 183 262
97 89 259
10 62 213
63 62 287
14 137 195
41 41 93
32 145 238
76 135 218
29 82 297
30 153 186
67 85 327
14 170 262
51 97 159
74 80 154
6 196 223
99 7 108
52 63 124
72 51 128
86 11 140
23 53 86
39 183 229
69 29 117
58 47 218
85 187 280
48 27 241
80 171 348
43 5 52
73 106 186
58 173 241
12 58 77
14 127 148
43 84 228
