310
36 53 95
26 100 134
38 172 212
77 123 314
85 4 95
30 157 195
79 134 254
42 22 78
44 157 213
57 110 167
61 123 188
55 46 110
36 125 322
76 39 137
50 149 389
39 38 117
69 8 78
54 140 242
59 45 153
62 19 125
65 126 194
36 128 207
9 17 189
40 58 100
43 42 121
61 176 239
93 57 188
3 154 199
66 32 227
65 69 144
94 108 223
5 71 258
58 39 286
42 63 151
54 132 190
100 56 158
7 53 66
33 191 226
76 65 189
19 18 231
11 171 237
48 8 60
9 96 112
83 154 253
12 15 35
12 41 74
44 97 146
18 89 107
43 4 47
63 198 284
1 70 115
65 105 302
29 85 141
81 27 116
44 87 131
12 133 186
57 93 311
20 134 161
65 36 131
7 123 140
42 104 149
82 99 190
83 4 188
63 53 146
90 19 111
29 145 252
87 90 275
43 39 273
91 91 185
69 42 129
84 143 237
99 72 174
82 114 231
24 123 151
58 188 246
21 45 98
5 54 67
44 196 244
15 37 61
11 118 269
1 24 131
8 198 216
38 74 142
59 83 188
59 58 149
86 170 286
49 42 99
42 55 117
51 45 103
95 9 112
100 58 171
91 68 174
80 64 149
24 180 208
64 197 454
100 80 181
77 47 127
15 22 84
31 11 188
93 50 231
51 91 147
2 113 136
82 69 160
88 61 165
63 71 140
60 194 257
65 134 222
71 96 173
47 192 284
96 147 246
93 199 411
95 156 286
58 80 186
49 102 285
44 76 153
69 29 106
23 157 217
82 85 303
99 189 296
2 56 62
50 18 110
34 117 158
2 55 74
87 154 277
83 126 404
71 59 161
68 120 191
33 115 172
49 142 235
29 189 330
58 126 240
91 7 128
31 178 216
32 93 148
40 51 94
53 149 293
55 61 129
100 24 127
20 94 133
35 175 220
12 195 369
59 21 123
51 105 159
52 136 257
96 99 200
70 158 259
38 66 123
60 22 119
36 96 139
61 99 220
96 141 282
13 139 202
7 125 178
96 186 284
34 66 127
59 181 372
82 159 279
59 95 192
59 77 138
33 125 274
23 95 167
62 50 115
27 49 77
12 90 195
18 85 222
64 165 231
23 127 329
31 101 146
59 84 144
30 100 132
18 26 45
96 103 221
61 195 264
88 170 265
84 107 195
86 136 346
88 11 103
82 162 340
77 185 405
5 101 116
94 101 209
84 102 187
99 2 249
68 98 183
86 190 300
7 6 44
86 191 286
29 159 238
22 19 91
3 112 119
36 129 332
11 82 100
37 172 340
56 22 110
44 26 76
23 191 218
25 176 363
64 59 163
15 172 339
3 63 77
92 90 189
88 86 184
75 172 259
86 151 413
56 178 284
45 139 205
78 119 231
47 132 266
8 124 294
65 101 193
39 14 102
69 63 290
99 14 226
26 183 400
27 159 186
69 38 280
31 83 120
36 116 161
66 105 183
38 39 106
96 32 138
62 132 197
25 174 258
50 179 250
35 199 243
26 107 200
92 129 231
29 148 187
30 66 266
19 86 111
86 23 116
2 180 218
28 74 105
27 178 270
66 112 197
1 114 249
46 99 170
8 139 151
71 137 307
55 160 221
85 106 278
99 3 106
33 85 168
33 12 53
81 2 90
3 146 212
29 99 159
13 74 89
48 182 264
14 194 242
60 73 136
26 80 109
59 137 201
69 190 322
47 44 101
3 33 63
48 195 308
68 150 253
80 137 339
62 117 184
8 35 50
35 196 265
77 92 242
87 198 291
86 61 152
84 154 276
60 73 144
47 149 216
78 182 270
27 178 207
49 82 151
37 79 119
12 139 171
62 58 222
46 46 102
78 174 272
87 36 123
6 72 84
59 79 140
12 151 203
16 34 60
80 59 147
81 88 207
46 8 55
58 171 239
73 175 262
69 66 192
51 104 155
98 162 285
20 167 188
6 174 188
2 115 150
69 68 196
4 114 288
85 53 138
88 180 297
66 52 119
50 110 163
29 106 139
8 43 60
85 145 233
23 57 129
100 25 213
37 197 240
27 22 62
63 172 243
48 52 103
89 105 211
9 88 139
24 182 276
