230
53 175 263
29 140 177
13 165 292
83 143 228
5 90 138
100 97 204
62 173 277
49 33 269
38 189 280
61 158 292
45 42 92
21 123 150
32 155 189
52 34 91
19 158 185
51 71 304
69 172 251
89 29 122
67 109 250
72 29 104
81 98 285
34 137 191
23 72 131
64 163 319
84 140 231
85 117 208
27 90 120
44 54 134
82 72 188
33 1 124
4 63 90
30 113 143
44 163 211
26 150 185
42 180 267
4 172 177
52 114 359
2 199 201
53 122 210
72 36 122
79 112 268
94 174 289
4 85 276
44 32 96
21 66 92
91 181 333
77 63 144
91 137 321
16 16 34
33 82 164
1 161 162
100 24 165
62 22 103
30 199 297
40 143 193
15 169 187
18 67 87
56 120 329
91 65 188
41 139 192
85 38 128
13 136 162
52 41 95
26 145 176
100 191 291
18 43 84
40 41 88
100 153 261
40 60 138
58 161 303
32 62 94
88 190 328
10 101 232
79 60 143
42 85 170
33 137 264
94 48 179
100 78 349
46 127 362
50 24 148
29 128 167
76 88 300
97 198 332
10 125 167
26 141 175
85 97 217
58 154 398
54 92 149
19 14 35
22 161 196
67 63 131
54 31 89
88 162 360
98 170 293
54 194 294
44 136 187
80 29 297
50 51 105
21 140 270
7 114 195
22 191 221
9 67 82
38 139 187
62 197 266
56 42 141
91 106 207
22 135 275
93 130 412
8 66 80
88 188 283
82 23 111
15 47 193
7 68 78
62 109 209
83 8 123
30 145 198
51 198 289
98 33 148
52 107 337
60 173 237
1 47 52
4 104 117
67 31 144
18 94 147
23 41 249
86 148 268
77 59 137
41 45 94
99 61 164
27 149 249
84 144 234
24 200 233
60 120 208
52 13 66
45 110 174
75 44 123
11 85 106
66 191 265
22 6 29
69 149 291
7 142 242
76 149 262
79 71 227
67 34 111
34 154 195
31 108 200
81 97 307
99 148 257
99 71 179
85 46 148
13 19 59
59 54 128
14 166 219
97 85 201
68 28 96
68 165 258
23 127 152
51 69 123
24 127 284
9 121 140
20 4 68
42 193 336
8 78 237
50 198 411
39 94 167
45 70 119
55 186 244
73 194 444
48 167 216
14 100 252
6 143 198
71 133 237
3 65 70
53 35 121
47 18 67
87 5 212
72 154 235
87 33 296
14 63 199
34 137 178
17 181 389
15 121 136
60 191 330
20 35 55
68 47 143
84 126 405
69 114 272
89 174 434
81 116 352
40 114 154
29 70 201
68 174 254
48 18 86
83 32 157
60 179 280
51 92 146
29 1 166
78 168 256
31 104 240
4 179 208
51 153 241
84 67 154
57 66 129
31 152 337
90 54 298
30 163 385
31 130 162
53 39 102
34 136 240
61 86 183
31 15 59
94 181 276
50 183 242
88 167 264
95 158 263
12 137 269
3 92 134
53 1 77
25 117 146
17 192 389
39 7 243
68 147 263
43 36 84
90 165 359
33 64 125
81 157 238
65 69 144
89 24 114
49 89 314
88 105 213
