650
27 96 123
88 106 206
5 44 55
15 114 294
68 140 214
68 184 257
26 106 173
8 103 111
39 138 204
39 163 223
81 28 141
94 37 161
11 76 118
17 128 174
6 99 227
77 121 199
4 51 137
23 72 97
78 23 104
53 165 222
74 140 218
78 31 122
19 38 91
10 64 90
23 64 161
25 7 35
42 19 66
63 18 99
25 128 156
18 65 157
33 22 60
10 16 31
26 150 200
75 106 184
48 155 366
67 31 118
67 114 190
37 74 114
29 103 136
69 102 175
17 3 47
17 65 83
65 45 310
76 111 237
45 58 112
99 151 430
36 88 134
52 59 136
23 108 131
87 63 183
20 164 186
94 39 142
71 124 307
43 68 305
28 23 58
86 199 294
4 4 8
19 129 151
24 25 154
2 16 66
78 172 289
30 120 153
90 169 277
17 185 212
78 1 85
51 163 231
19 124 153
46 182 270
86 90 184
38 159 203
72 126 207
85 78 164
26 4 219
90 199 321
51 4 135
65 79 150
12 180 196
49 110 190
53 193 246
24 65 91
6 62 76
26 115 306
27 85 120
46 111 189
80 117 234
80 7 120
11 166 304
30 77 116
57 57 122
35 176 288
2 162 272
96 20 315
3 52 179
24 125 195
72 51 242
53 11 74
51 39 135
95 175 335
77 145 243
46 170 358
85 45 140
55 13 71
11 139 153
8 118 149
24 18 52
9 142 154
82 177 272
41 75 155
67 35 109
57 87 185
26 1 66
41 0 51
72 68 141
98 146 247
46 89 135
12 125 154
69 96 169
42 176 220
19 159 196
70 85 164
80 178 262
25 154 183
39 118 335
84 34 127
4 79 272
31 57 128
86 53 181
69 128 329
60 34 106
16 23 59
81 26 122
47 171 301
94 99 243
59 111 171
5 173 225
85 186 291
98 92 346
81 64 249
56 142 236
64 92 261
29 46 96
37 57 102
84 163 313
82 153 361
47 81 137
37 114 154
72 128 203
76 140 321
93 141 278
99 131 261
47 145 212
96 161 262
82 108 195
62 169 238
34 189 227
60 80 324
42 15 81
63 113 182
31 9 44
75 66 159
31 1 41
67 23 281
27 82 122
49 9 65
39 194 260
78 178 300
1 169 175
76 129 207
31 83 309
44 52 101
84 175 308
49 48 171
6 177 188
3 1 7
77 26 103
76 129 350
5 161 339
27 39 232
68 149 227
33 114 263
69 40 118
71 140 215
98 56 188
57 83 151
29 85 116
97 28 136
60 17 96
79 176 364
100 115 414
91 120 219
56 46 283
46 136 344
24 106 272
48 199 280
38 104 189
52 167 246
84 179 381
53 50 120
81 106 273
36 166 202
87 110 219
48 163 218
4 61 67
41 98 148
83 144 407
22 148 170
63 77 327
70 194 266
5 22 95
8 116 309
13 120 295
83 163 255
73 66 311
29 186 242
21 125 157
81 100 191
27 181 214
31 155 233
16 9 41
81 123 238
34 108 143
93 100 238
16 34 214
37 39 76
88 180 283
99 143 278
87 21 111
79 14 97
69 74 281
28 63 108
6 139 148
66 9 124
33 144 181
18 99 123
23 190 218
74 102 180
60 11 266
86 34 123
37 121 307
97 41 154
67 101 203
41 32 73
28 5 43
39 29 74
99 161 379
34 185 222
45 51 106
52 65 143
4 11 41
91 59 154
41 54 102
7 199 334
73 121 198
87 159 255
45 191 240
17 74 254
67 63 138
98 104 360
95 200 304
70 111 198
91 107 208
61 103 334
74 149 227
12 104 130
6 124 145
25 68 102
18 32 73
27 67 118
80 164 287
55 119 176
16 146 283
36 66 188
63 165 234
20 164 214
51 120 194
38 153 200
42 122 167
25 21 48
91 141 369
39 63 117
74 58 132
84 175 266
77 73 179
28 157 202
15 143 160
55 172 264
7 23 34
55 162 219
6 148 157
19 97 158
29 65 275
91 64 188
47 170 220
33 40 73
71 76 156
7 87 100
68 1 84
24 37 68
74 158 325
28 122 291
93 112 374
34 160 223
24 192 255
63 11 139
100 150 369
27 74 113
42 37 91
15 115 157
9 121 136
23 136 186
37 110 218
85 136 231
3 149 163
6 185 389
60 83 188
13 20 43
20 146 221
3 1 50
55 140 198
42 191 236
65 40 135
52 112 214
69 95 311
79 151 279
76 152 228
28 184 265
90 135 262
73 133 227
57 52 126
73 152 274
86 113 200
50 172 265
65 33 100
41 195 349
13 47 209
89 42 163
51 37 95
61 154 249
96 9 146
100 58 168
57 99 202
50 32 90
8 74 93
80 8 96
49 11 104
70 172 242
58 123 249
3 94 101
90 18 113
10 0 36
40 106 165
14 198 258
9 46 104
34 29 73
48 175 232
13 120 165
8 53 64
48 143 193
59 96 282
88 2 127
100 142 249
6 99 268
15 74 166
2 102 108
12 68 197
12 185 223
32 65 216
81 38 137
56 88 161
96 129 286
91 172 320
83 129 234
51 2 73
11 68 178
72 39 111
41 181 267
40 18 75
10 104 129
60 48 112
69 179 287
34 7 180
48 0 81
39 188 257
59 169 376
50 199 278
22 87 158
4 87 128
73 31 139
21 154 215
25 153 180
76 103 179
17 120 138
24 182 210
2 68 223
81 147 229
47 21 229
78 161 247
61 127 206
28 133 169
32 95 134
8 96 107
42 39 84
51 73 254
19 7 29
15 36 66
69 18 97
75 91 191
63 7 75
11 100 141
77 46 123
93 176 312
21 92 130
84 36 120
82 191 274
82 34 211
40 55 103
5 99 185
7 150 158
48 186 285
15 34 50
49 197 253
43 122 231
9 36 45
95 18 121
12 18 74
43 58 108
38 91 131
31 30 228
32 188 341
26 103 136
16 143 317
85 133 222
1 108 293
39 178 254
5 198 345
88 146 242
25 155 313
54 87 340
52 30 122
41 102 149
77 45 151
6 93 215
6 135 183
23 105 170
9 168 199
43 32 250
31 158 196
2 95 102
39 43 92
99 178 287
54 150 207
9 108 130
4 198 356
15 160 274
78 149 304
13 76 97
86 129 221
94 41 179
90 193 283
21 173 236
84 197 422
25 112 197
53 86 142
42 61 107
55 183 321
36 102 264
97 67 215
59 40 143
40 142 230
87 15 178
59 199 289
99 27 129
38 131 171
12 73 234
84 167 271
65 13 278
65 113 184
73 106 221
5 30 82
26 81 147
88 135 226
27 18 86
84 129 386
21 44 98
12 4 19
45 8 249
24 1 33
43 188 260
90 82 176
28 34 94
68 72 188
68 86 162
21 100 126
70 153 391
94 11 269
24 22 64
26 26 77
62 42 125
50 108 158
44 135 206
8 26 78
72 124 216
96 86 205
16 77 103
75 190 339
40 139 183
83 21 144
35 160 202
70 150 222
59 189 260
23 127 162
46 38 116
94 124 220
31 133 173
66 26 253
73 146 223
37 7 202
20 92 154
5 82 96
40 87 128
59 64 138
78 57 138
34 122 160
18 166 197
22 95 118
75 71 341
63 32 98
5 198 353
11 10 24
42 36 218
60 16 78
15 12 189
62 163 425
62 80 177
61 151 238
72 25 101
45 194 245
39 118 322
25 27 53
24 3 82
42 122 209
24 12 60
29 185 214
8 140 187
39 105 153
14 164 182
86 131 227
100 125 231
31 163 232
74 119 239
72 100 209
15 77 129
36 149 199
42 39 103
30 101 134
86 11 98
6 147 158
75 132 231
97 34 173
14 150 324
65 183 334
20 47 133
64 90 311
58 131 195
64 5 169
72 109 204
1 178 182
69 183 263
32 67 107
36 69 161
55 46 177
83 108 197
76 106 342
62 117 180
32 162 204
70 23 245
55 2 61
81 161 394
58 24 106
68 140 227
78 192 304
67 25 193
82 109 267
2 111 141
20 128 154
17 32 55
35 20 153
88 81 173
17 183 333
62 16 211
3 169 233
5 132 244
97 91 193
11 190 214
46 26 104
13 72 91
16 199 282
83 56 168
5 35 41
18 4 53
84 30 117
57 149 271
65 134 224
33 151 232
17 33 80
90 136 233
83 109 193
88 58 155
22 9 222
32 84 157
73 194 294
22 171 203
76 99 237
1 32 154
90 38 268
47 22 106
91 61 315
46 51 129
70 122 198
87 25 112
14 133 147
98 168 392
27 167 203
87 17 151
54 17 79
68 77 339
69 21 96
75 64 177
25 103 168
85 35 122
42 39 116
10 45 59
40 85 128
82 105 209
24 123 180
18 161 296
96 38 210
84 168 256
88 193 298
97 187 286
95 71 216
68 51 129
24 0 32
37 37 76
75 177 306
92 105 204
99 124 233
5 45 156
19 7 163
45 102 164
