190
64 161 307
70 36 106
5 79 94
51 10 244
38 44 237
81 106 188
79 96 179
39 54 164
15 29 53
87 183 395
59 60 121
59 121 219
95 54 203
36 92 151
77 177 398
70 35 196
17 119 144
71 15 111
18 83 110
71 41 224
56 30 86
78 110 191
75 17 101
60 40 102
81 166 275
79 88 214
73 134 215
65 169 236
82 108 279
36 183 370
90 171 268
37 126 183
10 70 193
74 179 292
32 127 195
66 176 264
56 120 180
85 197 284
76 113 193
74 99 221
36 86 144
53 18 120
38 84 297
15 200 322
72 59 259
42 74 290
31 65 99
82 80 209
95 79 268
17 22 68
86 184 277
55 126 243
37 33 119
76 84 202
97 47 153
92 5 150
100 172 274
9 146 162
14 160 300
52 77 137
54 174 259
12 116 135
19 100 120
97 93 196
45 190 259
98 131 323
31 44 105
2 50 87
100 188 292
40 122 198
82 98 188
12 29 180
32 132 356
41 194 272
6 33 39
83 0 269
84 148 247
34 117 157
84 191 302
54 200 262
41 35 100
38 33 96
85 174 260
69 94 164
21 107 134
61 100 164
36 105 307
99 57 165
52 136 363
93 167 264
55 92 190
100 144 252
22 136 205
57 118 180
88 173 261
76 197 355
28 66 180
1 111 115
20 125 283
86 38 124
55 1 86
85 5 92
25 52 164
97 116 391
36 32 115
65 141 211
22 33 61
99 163 265
83 49 135
47 47 176
70 76 170
92 161 253
8 153 341
32 55 119
85 120 247
27 97 129
12 68 161
92 104 250
4 120 134
25 129 158
38 37 82
55 20 105
33 54 182
51 24 82
9 118 141
61 74 137
90 63 267
25 185 219
50 81 134
55 191 289
61 109 175
72 104 184
11 112 128
48 95 152
19 118 257
6 79 96
64 179 279
82 145 358
27 50 245
69 102 181
7 132 288
26 48 79
11 160 179
42 83 133
79 187 267
38 105 180
41 77 133
24 58 84
42 38 83
89 55 150
69 47 145
58 57 291
11 120 132
13 109 130
19 181 238
26 168 353
98 53 160
81 130 301
36 98 139
66 73 166
96 38 307
95 60 302
31 112 333
28 180 282
92 194 294
72 107 213
4 90 95
7 96 103
21 131 157
91 92 344
1 130 163
98 70 176
26 100 325
48 173 226
22 58 106
66 22 264
59 17 126
55 1 76
71 30 110
100 124 260
42 76 147
62 179 244
59 144 209
19 11 38
3 98 124
91 7 107
79 165 250
94 185 292
80 95 210
95 150 252
