670
97 182 397
43 100 165
11 149 170
39 159 199
66 183 253
43 0 184
4 196 222
72 111 188
95 181 277
50 119 308
14 191 306
38 145 192
8 122 161
66 87 181
95 159 254
100 84 208
24 127 155
30 141 271
25 5 48
71 146 221
72 142 376
78 15 108
18 143 188
33 67 147
85 64 327
83 3 96
28 112 299
52 68 144
17 134 322
25 146 205
21 184 213
42 16 250
64 191 385
45 4 49
23 137 169
29 64 237
18 135 158
83 18 294
35 137 243
21 40 63
98 78 184
13 20 55
44 89 174
16 148 168
12 34 56
12 13 54
31 59 128
61 123 208
1 36 52
74 141 251
42 136 187
97 57 244
38 68 214
93 152 248
46 75 129
52 175 233
97 72 232
39 123 362
74 151 274
1 191 205
87 23 284
61 86 229
87 27 157
100 69 177
67 101 343
24 196 292
89 135 224
25 72 145
45 38 88
32 165 214
78 31 117
94 24 304
39 198 242
14 115 142
29 29 166
49 199 248
98 39 154
67 182 258
61 55 156
48 181 268
85 154 251
1 87 91
88 27 125
22 20 195
10 138 268
48 150 205
57 34 194
68 43 266
86 133 273
96 48 190
15 192 216
60 156 239
14 128 145
89 160 250
77 79 181
15 102 123
71 191 295
69 11 84
97 117 215
8 197 336
80 48 150
68 67 135
50 86 138
87 58 155
2 0 12
52 33 160
39 22 65
85 83 178
41 197 269
34 7 50
64 1 164
25 186 246
11 196 211
4 150 164
4 100 114
92 127 279
21 17 38
72 165 271
6 62 79
15 117 140
37 11 57
19 115 179
1 100 102
100 119 245
91 90 187
1 162 165
90 78 169
86 43 129
87 23 111
43 136 369
93 2 126
39 102 144
26 146 184
54 178 334
88 59 289
82 1 258
78 156 237
33 151 278
96 6 251
34 42 79
26 19 55
15 100 121
96 83 184
41 78 160
29 80 194
53 80 151
81 86 213
51 66 133
45 42 128
10 161 180
45 64 119
95 168 407
24 156 182
76 187 271
20 111 174
29 168 212
22 27 51
60 7 67
100 94 208
86 34 123
4 19 97
88 117 232
63 60 145
53 95 158
97 192 291
92 75 352
15 19 171
45 25 70
30 167 200
3 128 200
94 172 315
96 7 104
41 163 310
54 71 129
66 3 87
100 18 149
74 152 271
20 55 163
99 19 160
72 13 165
50 32 256
4 163 191
42 45 87
36 113 189
63 145 316
7 80 91
4 5 136
52 81 268
5 118 128
69 198 417
56 127 184
19 4 66
60 191 339
76 3 93
20 59 84
81 136 246
65 96 323
20 101 125
72 131 367
60 34 127
72 33 169
95 181 333
86 182 274
83 84 212
91 45 138
100 51 151
6 137 262
44 169 215
71 128 203
64 30 94
63 155 254
97 63 169
21 121 146
98 13 111
97 79 180
24 112 156
98 90 205
29 99 288
31 140 171
84 189 282
24 123 155
87 160 255
84 170 264
60 40 107
42 17 107
11 104 119
31 26 100
29 161 285
37 111 156
74 162 413
38 125 170
14 29 50
31 157 344
13 80 275
25 191 263
18 88 215
20 40 109
33 118 196
60 48 146
49 71 124
71 42 116
14 113 269
60 165 408
80 178 273
48 26 76
37 18 104
80 130 299
70 186 261
41 74 302
90 51 289
85 159 252
55 48 220
68 18 86
19 95 119
52 88 150
96 152 256
59 150 209
77 81 183
49 57 116
64 174 362
51 133 223
17 109 133
17 54 77
93 189 468
84 83 172
2 33 39
16 116 135
41 187 232
79 88 285
4 200 247
58 51 114
41 124 214
68 91 187
96 83 189
13 115 132
27 98 136
21 114 157
15 41 200
88 13 234
95 151 375
27 25 57
82 3 93
16 3 25
20 143 196
96 59 176
48 71 188
1 139 158
67 151 262
92 46 305
49 166 220
41 65 116
34 159 389
10 101 121
10 86 105
51 38 91
12 85 259
51 144 205
73 163 257
53 87 187
15 85 108
43 156 347
56 60 121
55 100 163
88 166 258
13 162 175
80 119 246
32 122 158
42 147 211
31 76 275
72 87 179
47 136 358
63 151 233
3 6 104
77 159 283
41 197 245
85 200 306
16 139 197
90 96 194
57 187 260
17 145 224
52 105 164
88 34 156
36 130 168
64 112 191
70 146 216
55 163 331
47 102 332
76 39 132
71 107 182
68 150 224
9 172 182
34 172 215
22 7 30
55 28 119
3 182 195
63 78 184
12 36 93
23 119 144
100 58 245
15 147 172
72 105 230
70 158 276
26 129 181
25 153 194
10 3 42
46 58 109
21 66 89
26 87 122
44 143 195
41 17 83
14 103 123
5 164 179
56 74 147
28 97 127
78 31 141
1 78 80
89 89 299
97 162 272
93 177 272
92 180 299
56 169 263
77 6 195
3 183 190
27 7 173
56 166 348
65 154 245
84 58 181
73 99 177
56 78 135
4 182 317
95 16 254
2 75 206
46 19 65
21 60 124
42 167 278
13 78 221
26 174 266
12 103 298
64 95 172
39 190 264
13 198 225
40 142 291
95 80 185
51 100 201
5 38 49
3 119 159
76 107 187
45 182 274
98 30 136
29 122 159
35 30 66
82 133 215
99 67 178
90 4 98
99 74 330
31 80 114
78 117 200
96 22 121
87 130 397
74 54 132
67 189 262
45 4 52
73 168 349
61 79 172
87 83 176
47 117 263
85 29 121
99 52 161
21 78 100
5 124 159
68 139 223
29 49 86
29 141 210
41 32 83
46 154 200
37 18 65
60 184 288
64 188 259
59 43 273
27 154 359
47 120 181
16 103 129
17 8 168
39 197 248
93 185 287
100 128 266
49 90 227
38 38 76
53 191 247
74 109 193
93 53 166
93 25 273
45 108 154
88 153 248
32 44 91
34 70 304
17 62 172
43 15 65
72 97 306
27 173 282
91 189 471
98 40 140
61 180 290
11 163 191
58 20 85
19 109 130
89 145 394
95 114 348
46 54 160
79 199 322
54 181 427
59 160 228
71 156 231
38 150 231
89 199 464
95 43 267
14 94 142
40 188 238
7 98 110
90 159 299
84 38 134
89 162 370
43 20 92
19 185 228
61 156 251
9 54 90
42 21 66
15 166 210
70 11 280
47 4 82
65 91 281
5 149 353
19 111 157
47 152 204
34 30 88
30 23 54
46 18 211
46 76 208
52 143 197
62 0 67
51 28 83
32 151 326
82 164 257
84 112 198
38 110 176
88 140 238
39 49 282
44 193 275
100 26 157
27 120 149
89 199 290
67 182 259
96 100 215
62 42 104
74 32 109
22 39 66
71 87 162
52 88 184
62 123 190
37 118 157
50 109 168
85 31 120
39 183 243
57 122 200
25 56 90
29 90 125
42 49 96
9 109 154
85 174 263
12 103 116
55 122 224
89 139 233
14 46 62
11 52 86
51 7 65
71 159 335
21 47 107
81 182 300
67 129 368
12 124 216
89 25 161
14 82 103
32 47 242
36 62 108
78 141 257
3 69 76
84 189 277
72 190 300
32 114 168
87 65 201
56 153 256
5 198 235
75 148 234
90 55 183
1 134 145
63 64 166
93 12 114
40 21 63
63 111 174
65 159 416
57 101 178
34 43 162
15 10 26
60 198 456
21 71 96
91 33 125
20 139 161
90 29 126
45 131 210
19 41 89
7 149 291
98 91 194
16 141 238
52 76 169
84 100 194
91 90 266
86 132 225
41 194 251
79 159 302
53 145 232
43 169 221
68 149 245
17 179 230
5 98 104
52 88 181
6 166 176
24 180 225
59 9 117
41 44 272
69 188 261
14 30 47
15 13 33
15 167 184
88 191 279
90 77 167
41 26 179
90 141 237
26 105 171
35 97 162
52 84 198
57 163 348
10 170 191
43 28 73
66 173 242
85 89 190
36 93 138
62 112 174
89 55 256
39 79 134
12 34 95
38 55 126
15 122 159
51 36 94
73 124 199
21 104 203
62 58 154
56 80 213
60 61 121
67 57 185
76 69 152
28 195 319
93 150 272
13 109 240
92 5 146
69 4 86
13 44 63
95 174 305
10 101 118
62 87 173
58 95 353
74 141 215
66 20 115
18 63 123
4 159 275
26 87 173
19 176 205
6 144 153
29 35 65
42 49 91
27 120 147
11 191 228
55 82 191
24 181 292
64 65 137
96 198 342
8 32 49
71 26 177
59 33 92
70 104 320
43 179 345
24 117 172
25 147 340
53 83 137
99 138 290
50 165 222
41 184 249
26 52 91
18 86 108
95 53 202
24 81 151
34 35 192
73 110 192
47 36 107
38 153 221
80 119 204
1 128 179
28 23 216
10 198 249
28 99 128
23 70 103
34 123 158
7 28 65
21 160 185
19 63 263
47 36 87
17 149 207
17 157 234
23 193 262
58 200 280
30 23 96
75 45 224
47 84 139
98 21 132
30 188 318
58 199 414
81 12 100
80 35 120
4 112 143
91 197 291
97 162 369
