80
42 187 270
35 47 91
52 67 165
64 36 100
71 52 148
89 21 173
59 79 242
11 36 52
46 13 95
58 0 71
89 37 129
62 8 102
24 148 203
81 38 142
11 73 126
6 137 153
66 104 175
35 91 135
93 158 290
64 107 330
56 79 161
16 142 167
10 16 32
45 133 178
88 44 168
51 18 72
90 177 277
38 196 237
79 194 277
52 172 224
44 10 253
3 94 103
38 114 152
31 194 381
11 156 344
29 196 242
51 80 152
79 189 268
92 172 270
80 93 180
99 151 292
20 148 174
63 62 131
32 19 232
54 66 136
66 62 134
12 180 385
15 135 155
84 61 151
25 113 333
1 78 253
31 95 129
16 45 85
84 183 270
85 99 242
92 45 155
98 12 143
18 32 54
78 30 133
74 101 179
68 173 394
45 29 75
91 53 313
42 35 99
84 107 194
5 43 52
93 172 292
71 134 227
51 159 314
61 142 213
9 22 58
12 68 123
4 179 215
36 80 133
4 144 179
13 42 64
22 130 244
65 109 276
7 138 232
76 185 280
