440
69 200 279
20 157 177
27 102 230
91 80 172
94 44 147
20 174 277
31 29 65
74 32 203
75 61 140
82 159 242
32 21 55
90 150 248
14 183 205
80 64 206
71 25 212
87 6 99
69 141 212
51 16 111
9 119 133
22 48 106
33 180 299
15 20 45
48 38 125
11 170 221
1 146 149
3 92 173
77 159 283
57 31 127
54 33 92
71 182 427
14 64 87
100 42 282
24 36 105
3 100 198
89 106 347
33 107 329
24 88 208
12 89 106
20 130 157
27 60 101
84 52 175
75 24 117
48 22 170
70 37 129
62 55 134
100 136 240
59 157 258
21 137 345
41 151 193
61 51 214
93 55 181
30 170 233
51 5 204
72 127 233
48 3 61
14 27 49
18 5 32
81 55 143
2 145 147
29 187 218
99 144 253
52 4 130
84 24 217
49 51 100
28 57 123
68 180 339
98 116 219
93 5 128
64 56 261
62 87 151
15 35 203
10 28 225
30 176 208
39 13 53
52 121 319
10 5 23
71 66 142
60 85 154
58 169 412
82 87 173
35 160 315
4 161 168
66 78 233
69 171 240
44 161 285
24 81 123
24 16 46
84 165 429
65 110 180
51 119 310
82 69 201
5 80 117
71 117 205
11 182 217
84 132 220
79 160 259
39 120 162
42 129 176
5 112 159
50 176 262
81 148 238
3 137 174
91 131 226
53 105 169
55 192 251
100 194 304
24 72 97
43 26 100
38 114 162
20 150 191
73 137 219
23 116 182
92 70 261
79 176 389
14 140 195
97 111 234
9 186 203
29 68 107
95 39 141
46 186 235
10 38 83
1 135 201
11 89 258
23 64 91
44 125 207
56 36 280
80 74 263
87 42 138
4 20 204
14 148 167
40 100 281
50 144 327
42 151 235
89 155 316
85 180 301
43 156 244
7 171 310
29 61 100
23 32 198
46 125 173
43 183 312
87 62 152
36 28 69
92 103 195
84 192 282
47 13 83
87 93 201
70 194 265
1 149 320
54 84 147
46 75 181
20 145 178
36 97 271
1 117 149
9 117 221
30 109 320
47 79 135
69 147 254
25 154 201
74 131 382
58 81 146
4 99 105
44 69 131
68 176 279
37 127 222
81 87 235
9 73 82
13 188 209
98 56 156
59 30 91
87 10 104
74 155 238
37 112 152
97 124 230
100 71 175
39 49 210
28 14 46
90 174 429
47 32 79
44 49 213
33 106 165
89 95 218
8 66 89
48 3 112
62 93 164
80 188 304
63 116 189
50 15 71
53 80 141
93 186 284
81 19 242
23 15 38
15 179 215
16 104 130
42 5 47
35 118 159
15 7 70
10 97 187
76 74 163
29 121 155
97 19 121
73 150 223
52 25 81
75 128 250
4 92 145
30 81 148
88 171 292
47 65 287
95 103 204
53 31 110
16 8 45
83 186 277
59 4 71
69 88 281
55 94 150
49 168 296
32 187 268
96 106 206
88 182 303
53 57 139
5 99 229
13 46 65
100 146 256
97 11 118
14 185 220
100 65 360
42 99 150
16 95 113
97 137 347
87 184 288
8 46 90
63 69 298
7 24 104
13 183 198
89 165 259
3 165 347
75 120 390
70 163 265
57 143 230
42 122 340
96 130 272
53 190 253
35 146 213
89 181 272
46 175 231
21 121 148
4 196 297
18 154 180
49 61 147
25 172 246
79 14 102
56 124 266
25 31 102
84 75 253
39 98 145
63 197 280
25 125 174
76 113 197
13 155 201
72 142 248
44 194 317
4 162 181
91 75 189
13 149 187
18 128 326
5 41 48
45 0 166
94 157 285
12 12 62
45 170 244
16 42 76
44 55 99
42 2 164
91 153 271
33 26 71
8 21 48
35 106 144
49 113 164
68 147 240
24 120 147
9 192 342
9 192 211
58 150 212
43 200 248
13 20 172
32 119 157
37 129 265
32 185 253
90 52 147
16 193 229
99 63 184
61 191 258
30 156 235
54 14 122
63 69 133
45 42 91
14 85 103
54 100 158
42 125 171
41 159 216
91 162 258
91 34 212
46 111 168
43 80 292
87 131 391
85 7 97
57 72 133
27 57 154
22 165 188
20 129 155
9 94 113
25 44 218
88 28 117
35 47 85
4 163 352
89 47 141
27 29 66
22 39 88
8 41 85
11 121 142
92 176 276
63 93 311
51 95 163
30 37 103
70 116 193
24 18 47
70 67 143
45 171 221
27 174 204
15 183 214
99 133 235
2 195 244
31 150 188
93 104 217
10 42 95
57 57 130
51 86 138
90 137 235
93 36 170
78 56 152
72 31 233
53 17 98
13 118 141
87 121 316
10 69 230
38 186 264
26 148 319
63 150 243
1 2 12
49 69 135
48 114 207
78 93 181
90 173 291
89 79 176
24 74 106
3 46 56
95 28 159
23 132 266
65 18 93
36 106 147
71 76 156
10 82 111
70 20 92
55 4 258
65 62 150
14 4 22
73 162 417
23 96 266
15 38 70
9 11 113
75 81 233
56 32 250
56 67 156
70 86 159
45 130 184
71 14 200
68 164 232
99 26 126
78 76 156
65 104 170
37 191 233
69 191 367
71 36 108
23 30 53
97 97 222
59 112 176
73 117 199
69 70 177
12 91 117
95 129 226
58 36 142
89 25 119
87 83 345
73 54 148
6 157 194
33 89 220
31 113 149
98 196 296
23 77 138
17 82 103
5 6 11
24 160 189
47 67 136
86 63 250
70 158 379
97 107 211
48 10 149
47 86 163
1 155 156
100 41 144
78 186 318
25 146 171
93 36 298
52 152 225
51 196 254
16 43 157
5 170 374
20 72 166
52 175 260
17 169 194
92 60 172
77 192 278
41 139 188
61 33 143
60 61 246
25 34 69
18 17 39
68 28 294
65 92 167
79 75 160
1 56 91
39 98 140
100 49 280
60 125 325
30 45 115
44 82 188
81 96 205
32 129 296
26 31 199
29 141 189
