720
35 36 77
17 108 130
52 155 366
84 69 156
90 101 201
28 171 204
24 54 110
5 114 304
20 0 68
78 137 229
68 145 239
1 25 33
17 84 157
92 59 230
30 65 127
5 80 86
62 28 242
15 145 193
16 137 153
2 128 134
84 56 150
76 180 265
52 63 312
28 113 151
79 125 211
63 188 252
38 141 292
5 161 177
95 135 239
34 156 300
85 126 218
87 141 237
75 112 237
93 187 288
44 191 243
32 142 178
67 49 210
31 105 245
61 36 99
79 198 405
69 68 142
32 165 197
19 69 93
1 3 11
17 52 252
100 177 277
72 88 165
68 52 168
17 171 196
54 155 218
34 15 49
34 69 107
60 174 247
9 107 164
46 65 216
1 93 135
70 163 254
89 164 273
87 101 349
3 80 103
15 137 181
45 33 88
32 54 277
24 5 36
93 7 107
28 103 131
91 162 259
17 196 223
47 153 201
87 35 165
84 80 201
37 24 71
63 47 253
80 1 135
30 29 95
71 196 274
30 54 84
10 101 163
4 104 134
44 168 232
57 21 88
20 116 140
87 63 228
21 72 112
67 25 130
50 92 142
8 43 58
42 169 217
63 165 335
30 115 192
19 169 334
17 4 46
19 148 183
34 111 273
29 96 271
85 190 280
51 141 242
60 128 215
44 139 192
81 13 144
79 161 247
26 9 44
47 196 321
14 41 94
94 93 384
48 88 310
97 60 170
99 3 188
3 9 195
72 144 226
33 32 67
49 199 304
58 89 149
13 89 139
29 91 300
1 7 29
28 192 406
10 144 202
77 31 115
97 179 321
71 104 179
98 121 225
55 136 348
79 189 277
55 73 281
83 64 173
64 26 93
41 179 224
96 72 327
16 130 155
72 18 90
16 88 273
98 52 195
2 135 142
49 110 162
46 87 138
91 100 200
1 64 71
73 134 209
74 96 173
52 153 211
94 28 130
29 186 215
94 40 136
85 123 210
49 37 153
83 82 245
32 31 189
34 93 134
37 30 87
45 55 137
31 31 72
85 51 202
72 32 290
97 74 204
82 10 278
20 27 74
90 165 441
74 173 277
50 77 163
25 180 250
20 135 222
61 14 84
16 160 181
53 61 114
2 79 83
24 143 215
84 173 264
78 44 147
5 193 203
75 95 369
80 164 263
47 143 307
78 100 206
21 167 194
2 94 138
39 180 225
17 120 143
87 26 140
58 196 354
100 72 173
70 156 325
35 31 115
80 129 213
94 165 268
62 192 255
29 12 77
61 11 75
90 2 118
39 164 368
2 145 226
38 109 213
44 113 250
12 183 346
55 159 362
5 179 203
80 176 261
30 200 239
95 136 235
58 20 195
73 187 390
17 18 40
66 145 212
82 59 183
55 12 243
83 33 133
7 184 191
17 87 142
19 41 152
23 92 150
85 139 249
32 161 371
82 147 266
24 23 58
70 17 259
88 123 220
10 22 35
78 146 230
15 107 287
25 198 235
99 27 293
55 15 73
40 99 142
13 118 141
65 35 101
88 153 269
84 147 235
40 173 220
67 10 237
98 139 266
97 58 317
46 136 189
4 12 28
22 139 162
84 157 250
38 116 264
73 71 179
31 106 138
16 75 98
90 64 155
19 2 154
7 93 187
61 19 121
68 103 181
48 123 245
9 32 65
70 61 137
51 133 374
31 72 108
45 177 239
100 127 257
4 108 144
96 94 192
94 114 210
61 109 171
1 70 90
52 65 124
60 102 187
79 21 102
89 176 313
10 67 82
34 45 93
65 137 242
1 186 192
20 67 258
58 140 318
60 43 105
48 72 154
85 49 144
78 90 302
34 124 244
36 51 198
17 51 139
28 44 75
21 150 171
65 99 178
99 100 202
81 183 267
14 64 104
54 134 244
4 23 107
65 3 69
3 193 279
16 153 215
45 59 119
84 105 190
61 93 158
38 89 172
29 53 185
18 158 182
95 130 296
98 155 344
71 58 269
62 68 161
42 105 301
85 196 310
17 121 313
69 125 333
31 124 237
54 23 81
28 69 107
4 37 105
28 36 123
95 87 305
98 62 336
88 15 257
14 61 82
67 170 242
59 9 69
75 19 138
17 2 49
37 106 189
1 116 143
53 182 268
26 113 258
15 24 88
93 121 298
45 12 157
87 112 393
56 84 171
92 25 123
27 105 155
21 198 263
65 189 411
84 62 335
27 145 189
11 66 80
94 63 160
47 89 186
71 77 160
35 187 226
39 142 228
11 27 224
71 113 185
62 1 103
91 189 328
79 38 126
95 66 175
5 193 214
77 19 102
25 158 198
13 14 30
60 12 74
34 89 233
50 105 177
93 27 156
84 177 333
17 102 319
89 105 219
8 199 211
61 15 77
69 50 126
54 89 153
37 130 172
22 3 77
91 196 450
55 73 206
52 136 195
43 117 183
14 194 238
67 121 244
2 199 220
16 162 271
13 63 149
56 7 242
82 166 256
2 24 29
100 71 190
44 133 184
60 105 169
53 34 102
7 137 192
97 129 362
9 135 305
22 182 345
59 26 88
45 150 198
83 196 285
62 140 217
21 128 331
95 2 122
41 21 83
26 67 96
4 126 147
1 120 139
55 17 77
42 15 88
33 129 168
27 68 139
82 80 184
93 134 287
96 13 146
45 180 234
71 120 199
41 158 199
32 88 158
70 119 190
33 109 190
42 94 141
70 22 98
69 3 129
33 8 49
44 130 210
64 0 184
71 1 116
93 134 233
33 159 198
57 34 97
58 28 87
67 154 364
57 110 205
81 120 351
90 200 313
6 153 180
89 84 175
83 193 320
67 90 171
71 59 214
93 5 134
57 92 176
19 31 55
18 149 205
63 131 239
22 67 95
47 74 268
60 165 248
15 191 207
14 112 135
29 120 173
1 59 61
68 41 294
2 38 107
38 129 221
9 40 56
100 151 258
27 119 163
81 137 346
86 53 165
49 184 235
11 161 174
26 140 191
14 69 176
14 169 374
79 198 440
79 138 304
83 108 199
6 55 106
79 157 256
8 66 257
53 28 83
100 50 151
29 139 207
43 70 269
99 40 143
68 83 209
66 131 223
44 46 183
33 3 200
8 114 254
9 61 75
21 3 212
55 51 155
58 96 203
46 9 70
59 1 67
68 20 230
30 11 83
67 119 213
24 18 45
30 118 153
1 109 124
31 123 176
19 28 61
71 131 225
83 191 292
38 127 210
7 102 116
68 62 273
59 85 152
84 21 187
34 0 52
35 186 253
95 140 270
46 190 415
62 106 171
96 64 168
77 105 245
88 7 99
5 112 139
84 159 276
46 196 272
95 31 137
75 100 364
22 124 185
66 98 201
10 167 192
71 154 283
92 182 283
44 181 250
5 187 197
63 194 260
21 108 327
25 59 94
81 134 238
57 57 118
8 164 263
60 58 156
63 200 272
58 58 156
77 81 292
59 152 271
58 82 164
73 174 253
37 30 72
85 121 212
90 74 167
90 139 233
72 160 232
12 79 101
18 183 209
84 136 264
69 99 172
11 63 117
23 175 201
66 194 285
33 82 314
18 174 196
39 99 160
52 165 219
50 23 78
90 19 217
90 185 275
98 125 332
75 199 372
65 25 130
36 54 119
67 114 307
22 175 221
42 113 173
86 114 297
100 39 143
37 162 205
80 161 269
55 75 244
68 155 251
40 89 175
62 164 423
4 69 81
69 63 208
25 158 188
61 45 114
85 140 227
69 58 154
36 103 230
31 115 174
7 46 217
47 199 249
57 145 390
25 33 95
74 69 179
9 69 85
48 181 235
49 86 181
27 59 112
98 41 201
60 170 270
84 111 256
71 172 279
23 51 95
76 53 175
96 92 194
67 159 233
38 37 215
24 74 103
81 170 258
55 78 133
37 82 122
83 97 333
68 83 153
44 155 308
71 64 136
60 17 77
65 117 218
3 27 144
43 74 253
97 111 241
68 118 231
20 106 158
2 107 131
93 74 175
84 132 217
92 155 251
78 21 108
44 151 210
23 168 216
53 29 251
8 116 124
56 105 181
74 143 223
72 126 202
52 174 235
63 188 254
59 3 156
82 25 117
77 178 277
11 137 270
61 172 252
22 123 180
14 103 153
29 95 132
30 176 216
11 125 243
5 126 200
81 172 270
23 74 105
36 176 295
68 193 367
7 59 102
91 104 395
35 73 110
35 175 211
21 185 323
20 117 178
18 112 133
80 37 121
52 180 235
64 49 157
55 135 194
77 69 238
76 26 110
1 63 137
49 33 90
93 58 162
30 109 148
24 164 194
74 193 268
77 67 149
7 139 286
35 88 316
8 196 205
43 2 245
97 18 155
10 116 134
56 134 198
97 115 251
47 195 249
97 55 160
100 194 299
76 113 190
85 143 237
63 20 89
49 40 199
54 9 161
5 169 222
47 101 187
21 174 390
25 128 155
59 17 90
11 21 84
51 26 80
40 112 154
83 75 158
31 78 226
38 174 314
55 142 240
22 14 41
26 96 261
99 19 168
51 37 92
52 170 245
5 39 120
23 43 68
32 96 164
42 152 195
17 56 80
94 118 214
15 17 39
9 177 382
41 41 238
33 199 291
69 164 241
79 116 203
44 14 246
98 71 171
22 128 153
19 48 87
62 193 319
72 107 186
14 49 89
68 50 159
12 133 168
31 48 81
95 2 103
9 92 146
69 96 304
13 2 22
1 159 166
61 54 117
43 138 189
47 164 216
59 5 112
16 187 206
96 44 148
87 7 128
39 144 187
26 179 212
67 122 190
56 197 261
86 160 271
84 70 154
26 84 173
61 143 211
39 85 125
7 9 41
65 198 282
23 6 33
28 107 169
55 63 140
66 200 304
92 57 246
