150
42 146 302
33 166 200
29 142 173
36 133 239
40 94 203
89 183 273
97 21 157
65 80 340
94 96 238
36 166 204
2 83 114
90 76 179
7 106 120
84 125 218
39 53 158
16 17 82
37 153 192
8 71 127
82 9 260
51 62 232
59 60 121
19 19 196
100 27 234
86 84 341
5 118 133
1 192 220
12 14 140
20 155 211
30 163 196
45 55 237
2 156 200
19 32 189
9 109 125
66 100 199
8 150 192
6 78 90
52 104 183
91 172 301
34 60 266
41 172 251
22 99 121
57 188 329
78 81 162
83 72 227
4 139 281
70 45 126
24 48 137
73 182 257
46 43 97
84 73 348
94 58 261
94 99 211
52 165 278
50 75 152
47 61 138
5 196 232
17 20 42
35 70 106
18 68 91
97 168 273
96 122 225
47 133 280
13 104 123
62 183 255
79 2 109
80 25 111
40 183 262
68 36 146
51 148 201
3 8 86
33 182 250
35 123 181
79 50 145
27 117 153
98 134 320
59 136 381
66 95 168
100 144 326
39 58 98
64 5 77
53 22 152
36 73 115
19 109 172
43 117 189
18 177 207
91 61 161
34 126 193
57 89 152
58 33 92
4 64 76
10 96 211
3 86 89
66 133 199
77 100 217
23 86 110
54 109 171
11 159 203
65 87 301
86 188 280
88 164 277
28 191 222
98 189 389
83 35 164
92 57 254
44 189 337
30 139 175
12 23 35
57 33 95
34 135 170
98 26 130
13 156 298
87 57 267
53 49 150
74 24 133
28 106 167
28 59 240
93 140 264
22 87 226
74 143 221
80 197 292
53 51 193
16 38 81
91 18 116
47 91 165
46 65 202
35 154 197
60 30 139
17 170 234
49 40 100
69 156 233
19 140 163
50 106 341
48 109 198
72 37 219
15 67 122
68 151 337
81 43 133
46 57 129
17 110 326
89 106 222
29 199 354
80 64 174
59 85 329
66 97 178
100 103 210
34 181 222
87 41 226
34 88 162
6 41 79
97 113 259
