60
78 136 230
69 161 235
77 38 155
55 125 184
59 161 249
37 6 159
100 19 194
93 139 279
26 180 237
37 171 217
62 152 217
95 112 336
9 92 130
20 167 233
68 41 154
46 141 187
40 93 145
76 12 97
3 28 71
8 195 270
76 65 144
38 8 142
10 48 93
17 76 94
24 166 204
91 193 287
47 138 200
47 199 246
98 194 298
54 15 78
13 196 215
32 121 160
18 43 70
35 40 81
65 129 196
84 84 200
66 118 185
23 1 51
34 28 231
74 138 319
58 44 128
46 162 211
25 148 207
38 31 79
34 26 104
49 60 121
47 36 123
38 68 134
48 72 170
54 101 210
71 136 215
53 76 132
96 195 374
58 192 294
51 90 173
70 167 239
26 25 53
91 165 445
7 123 166
76 157 277
