160
52 94 156
27 35 225
84 177 268
86 175 448
63 88 159
73 56 129
9 104 138
45 46 126
74 72 294
91 167 341
47 49 114
24 70 100
80 137 320
36 18 221
89 128 226
51 182 242
29 94 124
6 156 221
80 124 249
66 200 290
9 61 126
62 140 244
73 68 145
65 17 82
28 98 171
21 99 163
83 97 183
17 99 127
92 182 328
3 197 202
94 97 213
45 3 52
34 123 162
58 104 170
23 28 63
100 135 241
43 86 163
96 171 275
83 74 332
40 78 155
86 114 279
57 15 74
69 109 203
55 19 79
23 9 194
6 192 207
21 183 221
99 177 297
55 88 147
49 184 395
4 78 91
96 130 415
58 187 370
71 62 137
86 29 186
8 143 177
63 125 198
54 115 202
85 169 344
29 139 231
8 163 237
53 110 343
89 159 297
52 146 200
66 125 225
89 186 276
94 76 170
49 8 85
15 79 144
25 69 120
9 92 105
92 155 442
37 143 235
65 27 126
9 51 106
75 44 125
79 121 204
25 12 41
25 26 68
11 129 171
79 149 228
5 196 235
17 186 372
83 95 182
95 109 266
31 186 290
58 182 251
59 196 260
14 47 69
8 96 110
9 45 160
62 125 195
56 158 214
57 100 188
83 196 287
32 163 199
16 2 22
65 155 239
100 113 213
51 52 107
2 54 231
85 113 216
16 104 172
72 30 112
63 104 177
17 32 49
47 49 230
83 118 202
81 10 245
35 38 175
39 65 144
47 120 180
67 179 252
59 59 159
28 98 127
44 108 187
66 4 107
60 163 232
51 72 130
42 159 313
14 187 383
93 86 207
54 109 336
10 84 155
68 161 309
24 185 241
59 183 250
60 130 192
62 2 71
4 56 151
40 10 72
13 120 152
49 171 253
29 53 90
87 118 243
6 18 46
96 68 173
68 144 318
16 76 92
10 156 226
25 166 200
54 59 114
78 197 282
75 88 212
46 50 127
57 177 272
73 185 303
43 171 334
33 6 46
12 86 146
14 180 286
42 156 287
74 192 460
56 13 90
45 46 91
65 166 280
6 180 295
4 53 81
48 44 132
52 102 157
