780
37 92 152
76 158 276
19 180 203
32 57 181
90 78 356
66 107 190
62 190 259
79 102 183
80 192 331
6 96 143
81 51 139
44 65 127
48 69 126
9 157 195
64 191 265
44 156 221
24 105 142
1 79 93
45 135 181
43 91 143
36 191 229
27 147 181
82 158 270
83 157 240
26 143 207
35 17 60
7 51 90
20 200 251
1 200 232
90 53 340
21 98 119
30 97 214
74 127 206
10 39 75
32 162 225
88 117 206
37 10 52
54 163 221
74 46 129
43 175 221
90 113 346
19 176 204
9 72 86
40 135 175
19 122 141
44 52 99
5 55 68
20 105 160
17 113 172
72 9 83
8 188 201
18 69 116
85 110 196
15 172 217
62 186 292
57 35 184
65 77 147
27 30 88
12 66 78
86 188 275
48 120 173
37 183 220
70 18 98
65 18 89
45 33 84
84 139 224
17 33 52
72 43 292
55 176 283
46 63 219
13 75 113
24 85 112
5 131 274
92 45 137
91 200 307
71 43 156
72 121 205
64 44 116
29 107 205
84 157 251
64 103 290
5 58 222
49 98 157
5 170 230
7 148 348
13 138 189
99 35 180
93 50 334
59 61 133
47 53 106
79 109 193
32 152 256
70 53 133
24 85 114
89 49 171
67 66 180
64 22 92
69 43 236
10 131 145
11 37 57
99 132 232
80 4 158
55 69 149
13 103 123
93 100 286
48 146 197
95 39 159
57 199 283
94 43 180
28 149 180
84 22 107
88 26 156
75 183 264
23 104 297
87 3 112
64 90 158
83 32 119
21 100 268
38 55 165
74 23 102
85 26 116
85 92 359
28 99 165
20 55 113
19 0 37
27 45 81
2 196 208
59 29 279
56 74 179
78 160 241
32 43 76
27 37 246
48 83 138
66 117 345
55 96 172
100 67 173
87 108 195
60 27 87
80 29 122
2 194 243
6 79 171
76 194 274
92 163 257
13 155 173
31 123 172
64 171 281
16 34 199
39 23 76
29 96 130
12 100 119
55 12 70
93 35 145
98 139 243
44 55 271
23 105 298
94 119 220
93 160 272
3 187 201
16 102 317
11 193 207
91 84 282
69 152 239
74 10 86
13 177 196
89 112 202
8 140 194
89 54 147
66 183 255
39 38 82
100 127 232
24 9 130
82 63 151
56 74 171
26 139 295
40 193 277
63 145 210
42 30 87
41 154 219
67 90 175
83 154 237
92 134 233
51 40 99
66 167 243
53 134 187
33 49 85
75 24 108
25 112 213
33 140 177
1 16 39
59 25 128
95 13 168
18 34 61
93 35 171
26 128 164
3 175 202
45 54 141
87 16 228
60 49 118
21 162 291
88 148 285
73 101 179
14 8 36
92 165 292
52 18 119
74 94 172
23 10 47
30 110 150
52 44 104
5 0 41
64 64 128
57 188 292
12 34 52
22 2 51
47 97 152
11 84 96
69 186 262
30 37 74
22 39 61
89 106 209
35 123 165
11 171 380
63 20 91
20 94 234
85 194 306
75 141 221
39 47 117
40 128 177
41 47 205
51 51 123
95 48 189
19 55 206
76 134 227
59 99 184
2 106 216
18 193 395
78 20 99
60 68 224
35 88 279
97 193 301
93 57 157
21 52 75
9 3 38
85 18 104
53 98 169
93 150 392
76 36 139
38 66 127
72 143 261
76 41 175
78 63 263
56 190 371
88 167 265
4 5 55
32 169 205
79 130 212
18 108 126
35 170 237
22 57 97
44 146 198
42 199 251
56 148 240
53 144 244
3 108 113
49 92 279
21 135 162
24 109 278
47 178 226
14 82 105
8 120 138
28 176 204
98 94 193
27 22 51
66 93 174
11 33 45
70 64 252
83 73 164
93 85 327
21 55 93
86 173 263
37 179 258
47 182 311
65 6 76
27 72 181
70 116 196
7 34 44
54 49 146
88 54 152
94 99 336
4 185 214
81 158 286
6 20 72
15 46 62
22 187 286
37 60 103
5 80 92
70 87 157
9 160 185
11 89 252
60 141 282
74 21 205
3 193 230
29 25 58
14 40 236
83 162 255
39 25 99
67 191 258
95 195 321
19 49 152
6 73 114
37 160 198
77 181 264
78 131 290
11 106 136
32 28 110
68 65 144
46 162 218
89 176 313
86 108 204
59 79 144
78 188 317
81 87 168
21 158 235
18 162 180
11 20 196
13 113 132
4 81 92
24 68 93
11 44 83
2 125 198
68 112 201
97 87 278
68 156 225
94 72 206
84 127 235
88 7 110
75 128 212
13 115 132
90 50 168
93 16 113
60 70 133
47 139 191
51 57 306
50 48 99
35 99 160
32 95 148
71 121 209
42 61 124
9 87 208
14 165 184
85 151 277
56 149 254
13 115 157
3 45 69
8 141 155
99 182 308
24 0 148
48 173 254
15 74 91
57 148 240
72 150 222
98 104 203
12 102 117
8 91 208
20 172 356
78 149 315
20 116 142
61 162 224
73 47 124
77 61 176
56 16 81
96 23 302
49 177 228
80 130 258
74 165 303
88 31 289
58 108 176
99 46 329
14 52 68
72 93 216
50 33 274
85 199 397
42 176 253
38 65 218
19 31 86
67 66 185
72 65 207
84 195 284
89 94 192
1 128 175
4 55 77
98 107 260
5 36 42
14 136 161
38 2 40
53 50 152
47 30 265
93 189 312
58 148 318
74 111 185
81 77 185
75 29 112
34 33 209
88 133 262
58 151 215
24 36 69
66 172 254
57 145 203
55 0 168
34 82 131
64 26 92
78 65 272
9 169 264
26 65 126
82 115 356
44 182 236
95 126 227
5 64 69
5 160 167
86 38 126
4 82 91
31 171 229
42 192 234
56 128 355
81 22 244
26 140 176
63 159 224
80 76 164
85 38 169
99 142 266
56 38 137
70 41 112
47 11 78
98 140 241
19 31 90
77 43 267
1 183 221
80 154 382
34 142 185
8 36 219
2 128 130
70 150 251
84 87 206
6 174 183
91 8 274
96 144 362
80 200 379
56 176 233
27 167 342
59 121 188
62 37 269
32 101 135
33 6 82
58 107 171
92 50 155
69 47 125
84 15 105
67 35 105
28 120 164
29 100 131
64 12 117
13 85 103
66 136 219
35 49 126
36 72 156
76 53 166
73 118 227
71 74 146
31 86 119
91 102 262
33 190 248
29 43 81
34 116 158
87 74 199
51 46 120
20 195 221
95 55 325
56 200 382
24 161 220
72 80 156
89 137 236
3 80 126
69 140 239
83 74 161
71 142 220
90 43 316
81 134 217
93 7 111
94 108 245
82 198 286
16 170 192
21 98 120
25 177 206
95 59 185
85 42 290
59 150 227
40 182 231
43 12 64
62 70 140
92 124 220
1 8 13
29 146 193
10 15 60
87 54 242
13 73 87
33 15 147
99 52 187
10 21 226
90 96 192
82 14 104
35 48 83
91 39 285
46 153 210
98 187 318
66 20 156
78 47 126
54 69 126
67 49 141
64 24 90
30 102 174
7 176 208
55 188 250
99 36 141
74 193 276
66 37 110
62 23 210
69 39 132
68 178 248
2 125 139
6 16 66
72 148 266
2 111 116
8 42 85
74 191 364
47 12 100
18 33 58
33 63 102
85 180 270
33 184 259
12 140 160
25 172 205
32 165 373
37 138 205
24 64 93
66 197 266
60 86 175
71 157 273
65 70 144
84 86 175
31 38 113
19 45 131
27 68 95
35 69 148
44 139 232
85 65 168
11 165 178
66 29 171
45 124 206
46 169 249
24 111 181
75 41 165
28 132 167
49 79 136
67 33 190
2 67 77
27 197 233
8 65 87
88 73 164
59 192 345
96 114 218
74 33 262
83 33 228
24 132 273
26 123 153
79 18 100
82 59 149
57 174 233
7 65 74
58 127 194
93 126 227
88 120 302
80 172 301
100 185 298
16 68 91
13 158 214
27 182 250
86 38 217
90 31 131
59 86 156
71 111 183
56 150 215
41 164 246
26 17 156
64 142 211
74 31 113
78 141 268
46 26 74
50 67 193
56 91 150
79 60 141
64 102 173
91 138 230
45 9 91
75 79 306
84 173 299
43 163 210
76 144 227
85 149 242
33 148 213
19 30 54
71 107 185
83 63 150
10 88 197
89 16 174
40 1 71
33 111 144
61 136 238
65 93 319
93 109 203
87 167 309
90 183 424
42 130 192
62 73 155
69 128 201
67 162 229
73 136 374
14 166 310
84 69 190
46 174 244
13 159 205
55 185 272
26 125 160
92 117 353
70 2 107
88 116 235
38 115 157
88 85 338
62 34 119
57 93 157
27 45 73
47 32 198
80 198 315
51 62 114
65 14 219
87 62 165
24 154 220
26 153 204
36 102 259
34 77 119
8 126 225
31 10 51
61 180 244
29 0 66
66 64 157
62 195 400
69 25 148
2 26 31
83 60 146
54 44 99
57 150 209
82 45 166
34 163 202
40 40 90
74 129 222
35 54 113
87 91 179
19 82 107
72 29 251
34 23 62
30 133 169
3 100 106
82 183 273
37 36 78
12 47 68
91 112 209
98 92 277
88 200 318
32 118 154
79 161 242
54 142 196
44 188 263
21 26 50
19 174 220
40 124 168
29 149 311
80 153 243
41 36 77
11 13 35
16 139 158
54 91 147
73 7 173
29 172 216
27 104 153
14 121 136
83 95 185
6 80 87
81 98 268
18 128 253
44 102 158
18 70 90
78 69 152
64 198 321
21 55 131
28 166 341
100 142 306
77 21 100
30 25 121
66 16 208
19 12 70
37 15 62
42 5 215
75 155 251
82 1 220
15 125 160
29 88 150
34 161 208
63 186 422
59 12 109
90 84 341
42 1 52
5 73 78
42 177 362
24 18 77
82 22 107
80 142 233
15 81 100
37 146 290
43 60 276
52 106 186
47 64 142
94 11 132
69 180 258
17 183 226
91 62 244
13 125 157
84 84 172
93 110 208
3 33 42
81 83 353
58 135 193
75 72 337
23 19 44
92 114 301
82 19 287
21 123 152
80 152 234
21 138 160
2 44 56
92 70 172
19 62 155
10 200 219
73 7 100
11 184 202
58 22 242
22 5 29
65 5 78
12 197 294
60 153 243
25 60 244
99 94 224
81 119 206
57 200 267
96 148 244
17 107 132
5 50 70
94 30 125
97 98 244
85 196 333
97 107 213
70 97 203
27 171 227
11 129 141
86 82 295
86 198 295
89 6 96
69 121 193
15 126 151
56 131 228
63 13 126
66 3 236
57 48 292
