120
65 42 130
81 140 276
66 47 265
9 16 33
59 192 253
2 21 31
33 48 208
72 129 207
88 190 281
37 168 206
20 99 241
35 59 168
34 183 227
49 169 218
59 175 239
22 11 209
40 128 337
79 38 118
47 39 90
55 42 139
32 85 238
71 98 179
26 131 200
23 186 209
72 114 260
68 38 137
81 90 185
45 8 53
21 21 76
28 160 196
100 197 411
78 104 187
73 101 289
31 177 369
16 42 68
91 93 216
48 21 78
58 106 164
48 99 185
82 196 439
96 15 133
92 176 277
97 80 178
78 2 89
24 129 157
17 103 122
47 128 206
62 65 130
95 144 286
27 159 286
54 61 117
53 42 122
93 170 374
63 25 93
10 34 45
78 199 277
5 103 250
8 194 210
54 97 161
7 147 162
68 127 244
84 50 149
51 50 104
41 192 244
34 173 217
61 153 217
79 54 138
57 5 63
27 165 202
69 73 162
84 193 293
64 161 254
100 182 409
17 38 62
7 71 191
22 169 192
26 12 210
11 111 124
67 194 276
11 147 316
87 58 154
19 107 152
68 171 390
75 193 314
55 99 191
86 20 111
96 6 129
32 73 147
39 97 144
89 95 215
84 16 281
10 162 194
68 24 131
10 148 190
59 119 213
69 124 211
57 25 91
33 34 69
71 37 118
94 148 284
77 156 272
37 69 115
28 40 91
79 116 297
50 124 195
75 195 274
71 52 299
81 26 194
99 80 288
44 21 100
85 133 254
52 182 244
76 66 214
93 31 175
70 19 91
43 141 234
37 67 132
94 95 199
48 121 175
65 167 235
