910
4 46 170
63 122 362
89 34 163
84 149 258
93 20 154
75 96 250
39 129 174
87 72 183
94 45 151
12 7 20
6 105 118
96 20 165
68 88 156
58 47 121
28 75 113
84 40 178
60 38 126
71 26 113
19 18 57
34 182 250
64 52 117
55 184 245
60 134 201
68 106 176
38 10 94
56 12 76
68 88 174
51 88 144
30 25 56
15 143 172
73 127 201
81 56 144
63 114 322
49 127 216
83 55 152
3 85 98
89 87 184
22 71 99
92 181 298
57 192 255
36 117 161
51 35 276
62 167 232
12 81 178
88 177 269
78 36 119
71 175 252
77 153 236
4 14 54
90 196 287
57 154 233
15 48 262
40 16 60
13 183 237
14 108 162
84 40 296
62 135 201
67 154 222
75 55 133
68 85 323
45 166 214
53 112 173
13 95 226
67 181 252
19 116 300
6 150 201
6 87 101
50 32 154
35 198 240
63 152 219
21 124 148
98 167 269
48 151 200
34 26 79
42 133 183
71 196 300
15 77 148
31 167 389
80 101 186
81 86 275
18 170 364
44 55 100
53 76 191
79 177 260
5 194 307
58 109 345
32 26 180
55 18 200
24 137 344
91 63 155
83 18 182
97 176 283
96 46 158
82 61 339
55 149 241
22 151 187
19 191 305
1 82 88
71 98 197
62 81 178
69 170 242
74 59 133
47 101 176
70 78 202
21 60 83
77 184 293
13 111 164
49 200 254
26 149 182
21 103 204
49 130 181
91 121 242
12 173 191
98 188 290
9 123 166
50 157 217
4 68 74
17 20 47
11 165 353
93 74 216
65 172 258
69 74 165
29 45 110
98 108 215
46 120 167
47 44 99
37 176 242
73 151 343
37 105 145
95 99 196
52 124 181
36 36 144
74 73 185
40 189 242
89 117 212
98 175 291
4 180 232
48 168 395
85 100 203
70 9 82
49 185 235
95 105 216
14 54 263
18 134 153
99 13 146
66 52 118
84 103 226
73 73 182
13 88 133
17 130 191
54 127 226
9 200 213
71 143 218
59 161 230
69 53 125
31 144 333
56 15 75
31 118 153
12 14 33
78 184 262
84 126 219
37 8 84
100 65 201
58 137 218
36 152 275
62 29 177
15 135 158
73 26 101
66 53 123
40 125 179
9 124 296
57 157 222
19 60 102
80 88 208
62 163 234
30 20 194
83 167 395
79 52 282
94 153 252
8 73 89
13 177 239
22 102 159
49 82 131
57 146 403
17 93 159
38 103 147
42 193 240
9 92 103
69 52 128
12 128 142
49 88 146
66 10 97
18 58 85
48 98 181
58 132 258
81 7 122
32 76 132
16 142 332
32 93 199
75 65 142
39 189 238
1 185 192
35 113 154
54 81 192
43 120 168
35 198 363
88 170 267
87 109 245
5 121 173
27 151 178
59 141 216
75 53 221
26 58 86
99 48 259
84 52 139
79 54 142
97 73 286
59 36 102
98 73 217
28 131 190
40 170 344
30 69 101
36 54 126
93 158 253
31 34 73
16 76 95
91 135 382
84 14 104
68 180 249
82 86 255
27 16 91
29 60 98
52 66 148
48 185 243
83 75 196
10 121 165
44 7 86
9 56 70
81 128 210
84 106 237
63 80 176
45 141 341
48 71 274
66 49 136
90 168 300
37 31 68
66 163 230
79 137 253
24 167 223
63 3 66
94 33 134
74 173 249
20 64 107
86 180 273
78 150 232
75 25 108
17 114 137
50 200 283
11 164 315
38 26 100
44 182 231
93 174 305
62 172 242
89 187 281
18 187 222
72 70 334
85 184 305
15 28 90
66 104 210
33 1 39
65 82 212
54 36 98
84 157 284
11 56 73
26 6 57
61 23 88
61 141 207
29 113 193
12 146 225
19 144 200
68 83 198
33 37 72
4 179 190
21 93 238
3 72 172
21 8 61
76 19 105
22 157 224
28 0 184
64 6 109
62 82 158
89 84 177
77 112 366
65 198 264
97 68 244
64 93 157
80 58 145
26 146 218
24 82 107
45 167 213
90 148 246
55 88 184
24 188 224
100 176 325
14 45 111
39 54 101
35 8 202
18 28 55
21 49 78
98 70 176
74 8 153
64 84 158
95 84 282
41 91 141
45 133 182
21 191 259
57 132 199
47 48 100
92 197 297
8 153 190
97 126 306
72 171 262
79 18 104
42 110 321
82 169 253
10 24 83
17 12 143
90 183 466
96 191 296
8 161 257
77 86 171
39 155 376
77 46 145
72 135 236
71 88 191
1 66 85
84 73 158
68 56 133
35 7 188
17 47 73
10 159 308
100 130 257
73 153 228
3 49 93
64 73 181
30 113 222
6 196 224
5 149 257
82 83 171
1 140 150
46 138 192
46 34 115
80 33 115
46 120 205
84 52 146
49 166 217
1 198 217
45 72 280
86 152 339
91 76 175
13 169 202
79 103 219
80 30 111
52 125 307
51 196 293
38 27 96
58 173 239
61 153 216
63 113 185
38 70 108
47 189 269
26 17 138
49 44 97
96 39 327
18 18 56
7 101 250
86 91 211
6 49 57
49 135 206
95 191 346
73 76 233
60 189 290
92 112 244
31 44 113
63 2 155
75 107 317
26 192 225
40 167 208
12 12 63
69 169 247
36 97 235
60 116 357
61 130 234
15 78 99
82 61 298
69 27 96
60 114 184
61 127 214
55 10 112
70 53 154
46 180 415
30 136 172
3 90 94
2 169 176
45 161 285
70 173 252
71 150 228
85 82 168
29 119 273
84 15 104
8 35 45
97 138 238
26 75 102
21 63 183
9 190 226
71 103 347
50 155 208
25 152 202
91 85 176
62 96 172
79 167 256
20 14 228
24 2 100
53 16 234
83 63 154
35 40 96
21 159 187
100 32 142
24 191 282
52 105 192
77 97 178
28 123 152
90 46 299
88 91 369
63 1 193
85 117 211
30 176 208
86 161 253
16 62 203
73 161 240
80 36 119
33 3 40
76 96 309
47 94 150
76 102 219
96 53 150
2 3 9
65 192 264
16 115 135
12 134 151
20 172 203
48 80 218
78 78 180
90 67 206
2 84 182
51 60 121
94 122 217
71 47 257
58 84 235
63 79 192
2 151 268
37 163 234
92 146 430
47 42 113
49 105 183
40 85 134
57 44 110
54 103 159
28 90 245
54 140 270
78 126 260
84 183 413
45 143 361
55 86 234
82 35 242
43 0 75
6 33 176
82 6 201
85 152 238
9 49 66
99 54 183
69 38 109
78 100 184
74 108 184
95 60 158
74 148 396
93 181 278
97 131 233
28 198 248
12 84 257
75 8 93
91 180 319
98 140 242
60 22 89
89 143 232
20 92 154
93 164 323
26 182 241
51 17 98
14 5 28
31 120 212
80 114 200
17 161 180
85 111 203
79 49 138
13 69 127
82 78 168
81 65 163
4 11 157
21 138 159
55 113 189
3 148 160
17 32 105
11 13 205
98 126 230
43 82 125
87 139 279
46 165 253
7 88 103
35 42 110
58 172 337
23 156 334
53 83 167
99 51 185
70 10 236
85 20 189
76 118 219
77 42 121
84 74 310
10 148 164
5 21 27
49 47 101
93 7 103
86 16 102
1 199 210
84 140 250
35 200 241
7 4 19
73 156 325
90 79 171
91 91 356
88 186 310
71 17 240
13 21 223
69 45 150
62 139 209
87 105 247
85 120 231
8 18 41
38 127 271
14 34 103
88 33 131
81 153 278
54 121 182
57 103 189
47 99 149
65 174 243
20 177 287
23 170 207
78 122 210
57 92 155
43 179 281
80 172 255
67 63 154
82 116 203
75 53 131
97 94 213
35 98 169
2 26 29
60 137 197
34 83 244
59 61 123
28 132 169
44 125 213
79 61 199
74 167 253
70 130 242
6 169 285
31 137 197
17 174 232
83 190 292
43 92 321
54 121 198
48 170 224
96 33 177
81 58 159
33 77 111
41 130 238
18 150 188
28 21 58
62 165 260
88 22 110
75 53 169
86 140 228
47 133 230
36 118 251
29 178 213
58 170 351
3 95 107
35 144 185
84 49 135
5 91 112
69 26 165
34 188 360
26 99 144
8 5 177
51 167 226
62 10 75
25 131 156
7 56 95
45 69 123
32 189 390
24 162 193
13 193 400
34 157 241
91 50 168
44 9 82
44 137 185
84 176 281
9 9 27
1 96 99
40 129 171
61 154 245
16 187 209
91 58 270
71 42 240
66 166 282
38 134 278
26 77 116
14 144 159
82 93 185
91 179 313
21 29 83
43 174 226
89 176 314
21 99 120
28 144 196
66 173 243
84 146 404
23 53 79
9 133 269
46 0 73
17 108 161
79 17 182
43 2 88
48 139 222
89 144 264
22 92 223
28 80 108
79 25 109
55 125 187
43 27 70
45 125 227
23 178 239
93 19 117
10 109 119
72 127 236
80 138 239
3 160 163
90 150 241
99 75 195
72 57 136
48 153 224
30 80 152
26 59 87
69 0 72
77 28 111
99 30 154
93 29 128
74 164 243
59 73 261
68 110 200
81 88 193
86 65 152
36 99 179
17 18 40
63 112 185
8 51 74
82 115 223
53 86 235
95 0 115
63 19 91
53 15 84
58 190 291
83 55 299
55 155 227
55 185 320
58 163 223
75 149 261
76 108 206
23 160 192
14 85 282
71 73 151
82 58 161
69 22 120
67 88 241
38 81 155
2 153 162
20 125 154
45 80 131
20 113 135
92 135 263
69 158 234
67 168 396
84 6 116
9 155 308
92 80 176
25 123 196
65 17 92
12 166 353
48 96 150
89 37 234
15 122 153
60 87 148
51 90 149
88 81 341
41 139 183
91 99 206
92 117 211
89 49 139
90 0 93
36 30 72
70 42 227
2 107 157
77 148 232
14 195 261
96 57 163
77 95 215
96 137 356
14 184 201
78 70 285
28 76 133
97 55 192
83 112 197
7 27 43
26 89 118
56 24 86
96 56 194
47 150 217
20 137 273
99 163 265
84 73 158
18 80 296
16 95 139
11 127 140
3 71 234
19 191 210
38 83 124
32 65 105
46 196 295
44 67 115
92 109 211
18 141 184
4 151 249
59 0 250
67 32 206
54 67 129
57 48 266
37 75 121
76 163 245
78 51 136
62 18 168
42 45 89
37 168 242
16 21 80
31 18 56
92 137 236
22 132 267
93 55 154
74 85 164
29 141 171
62 105 183
27 141 171
6 186 209
8 102 112
16 42 59
52 195 248
93 141 291
19 83 124
21 19 91
77 65 232
71 43 283
5 53 189
77 100 214
75 179 312
53 186 345
41 157 202
19 108 128
41 87 160
98 112 296
90 164 258
1 116 120
58 109 330
46 74 299
95 162 406
69 53 150
99 155 263
47 54 214
36 111 167
93 63 279
18 54 84
83 50 161
57 31 98
48 54 260
41 135 268
75 194 423
62 154 262
64 78 149
45 43 92
92 57 188
27 86 130
92 27 257
48 18 249
53 27 88
4 164 169
35 71 141
40 155 235
36 20 56
4 87 91
34 144 183
4 38 70
98 21 157
4 126 271
95 129 277
82 31 117
76 18 99
10 41 100
57 128 192
49 46 120
56 187 287
35 102 144
20 119 149
57 2 254
31 165 200
17 31 49
82 62 244
30 71 196
81 158 407
81 168 280
28 186 216
12 179 191
72 158 266
93 56 244
72 145 317
31 199 237
66 180 255
34 27 65
95 178 344
60 178 286
64 199 272
72 162 369
48 133 364
38 128 183
32 151 210
18 62 111
13 45 68
72 116 193
15 106 125
45 99 202
76 138 242
21 68 111
33 147 220
22 185 233
17 174 306
56 47 297
87 105 198
82 49 132
45 170 219
97 122 221
34 76 122
18 162 190
72 119 194
48 111 234
19 55 83
28 164 209
14 68 194
21 81 248
100 38 146
71 199 314
87 109 340
76 153 232
24 31 58
83 103 189
74 84 200
51 92 152
30 21 86
96 177 328
56 19 173
36 46 85
42 4 48
74 194 302
70 154 275
17 167 231
35 175 246
18 3 24
33 34 73
98 21 145
72 150 222
99 8 117
50 108 323
36 149 211
41 58 109
73 40 120
58 128 206
50 148 199
63 70 217
62 130 203
41 94 144
73 44 292
92 187 404
