170
85 199 330
100 102 238
47 38 143
67 113 190
72 178 278
8 187 203
65 79 148
29 152 212
34 108 143
57 16 83
7 48 179
14 180 203
91 71 189
97 160 366
57 51 303
48 151 211
60 33 116
68 190 267
32 162 359
58 87 154
5 79 92
82 8 130
24 81 128
32 1 37
67 86 153
37 18 67
47 41 95
50 114 196
87 51 175
32 62 121
26 53 87
93 56 157
19 154 278
33 88 244
19 56 82
23 180 237
27 65 106
59 21 170
95 150 402
41 92 183
33 131 347
33 152 224
61 130 204
90 196 456
53 113 188
95 179 290
50 167 361
20 8 35
84 176 357
86 73 205
96 43 333
17 154 175
32 57 110
62 198 357
30 131 166
35 117 160
68 96 194
27 90 237
28 11 42
7 197 284
18 13 63
4 13 22
78 39 135
24 84 110
32 24 135
33 122 159
52 92 207
53 165 407
67 66 142
21 126 214
57 38 100
36 1 222
65 120 228
41 9 60
55 54 246
80 75 157
36 20 63
94 15 117
79 6 130
15 42 88
2 52 62
4 159 163
89 70 194
45 52 98
43 1 82
51 103 162
51 110 168
21 78 106
86 43 144
39 165 209
95 142 436
33 6 43
5 63 232
82 19 108
82 95 178
67 21 101
19 125 152
39 54 112
13 140 263
2 78 86
34 157 202
52 188 262
93 139 242
94 11 126
85 98 218
45 108 197
15 72 144
49 162 250
37 77 213
83 149 246
20 125 154
88 191 314
4 167 178
97 137 404
11 163 180
4 179 190
82 17 108
13 59 91
75 25 147
94 177 277
36 98 146
13 97 113
34 70 111
22 9 39
41 103 147
71 197 383
91 112 250
4 129 314
83 30 141
6 62 199
10 153 211
40 200 300
59 81 146
59 183 283
10 59 76
15 166 221
52 109 187
42 136 184
51 129 183
49 104 169
49 26 85
32 1 40
8 136 164
100 75 222
41 35 84
97 1 165
12 15 36
53 18 209
26 112 147
23 142 201
84 152 277
17 34 59
61 1 135
20 185 212
39 24 73
13 134 150
16 115 312
18 3 118
70 132 243
59 81 273
18 70 101
54 187 398
11 168 256
27 123 155
80 135 258
95 101 243
67 76 228
75 18 105
87 140 228
75 193 460
