290
67 112 189
71 122 202
5 66 76
43 106 196
12 111 147
77 133 245
64 95 164
63 194 396
39 86 131
84 34 122
59 115 315
41 166 213
90 50 141
86 25 295
26 125 179
8 86 134
31 144 301
24 20 240
41 81 154
36 130 176
31 98 272
78 121 373
74 13 250
44 28 141
34 105 162
68 166 240
7 45 233
65 6 148
63 161 225
62 97 165
37 86 129
32 95 136
74 36 114
54 62 155
49 13 105
84 72 165
77 163 244
16 87 107
93 133 274
15 67 91
46 105 336
82 45 127
14 10 28
4 175 189
17 104 265
37 177 232
24 168 229
100 90 229
100 59 206
48 35 269
81 10 98
26 55 84
95 175 271
38 115 205
82 45 176
100 34 137
13 166 225
19 27 96
33 174 215
24 48 80
95 42 147
94 169 277
6 56 89
55 105 197
63 162 349
2 91 195
18 96 164
60 127 189
97 130 275
75 141 264
62 27 205
4 190 204
85 33 121
6 107 119
55 35 144
13 176 210
79 170 312
65 75 144
32 130 168
62 164 244
56 147 211
97 95 213
28 43 226
78 198 278
95 23 172
9 196 212
2 198 202
80 148 228
89 72 190
45 151 286
3 160 184
17 33 51
7 79 175
86 130 221
7 145 155
94 166 309
46 162 398
25 186 213
53 19 94
4 165 177
15 182 320
62 187 258
22 68 118
100 15 151
100 2 121
21 30 98
18 160 270
34 8 81
27 147 174
100 77 325
86 92 182
40 24 190
28 95 240
88 83 269
94 61 163
32 133 262
61 23 90
85 19 304
100 57 276
58 17 105
18 103 121
85 1 254
56 40 108
35 156 193
45 147 221
100 77 234
100 6 243
18 5 57
23 34 146
41 30 267
31 147 215
6 81 91
46 115 301
46 91 283
67 18 90
4 145 152
24 87 121
18 126 171
20 98 152
86 65 152
32 30 234
34 82 283
67 121 196
79 33 119
74 86 166
52 44 128
75 191 331
34 140 206
47 158 216
18 106 149
50 34 90
14 100 126
35 166 250
71 77 152
55 27 90
68 11 215
47 192 263
88 198 286
75 68 186
41 45 92
75 180 275
23 163 203
58 63 286
25 78 103
96 11 154
2 157 321
3 117 251
38 136 253
63 98 202
27 101 136
21 36 66
24 127 255
55 127 211
74 194 291
35 53 95
12 128 273
27 88 119
59 85 263
50 71 162
26 62 94
100 86 193
76 189 272
33 157 196
81 23 110
71 15 204
95 179 279
71 145 382
74 148 233
28 157 211
34 19 198
37 147 188
21 198 305
69 33 148
15 1 17
21 138 168
42 72 214
51 90 329
58 182 247
100 131 236
15 141 165
54 160 412
85 45 193
80 95 177
22 4 89
70 72 159
58 109 176
39 0 40
91 112 206
75 20 185
49 88 232
32 142 174
90 118 307
45 110 181
38 109 147
15 31 77
71 48 125
23 7 84
68 93 190
16 101 145
27 100 127
5 123 165
4 32 44
96 88 197
63 174 282
80 190 305
69 49 127
25 141 175
2 3 5
42 17 91
98 179 277
48 179 233
53 159 389
58 86 145
21 59 123
11 48 90
66 8 127
65 12 86
3 144 149
64 55 148
100 156 259
95 15 137
27 125 157
3 142 227
22 20 51
5 36 44
61 46 151
95 27 162
73 142 224
94 63 180
9 153 248
86 87 181
90 167 267
57 28 87
80 30 303
92 23 128
37 54 92
9 156 271
97 177 276
72 175 277
17 153 180
99 88 199
63 1 71
25 44 78
85 96 230
13 83 283
45 17 68
80 193 289
33 1 145
7 73 271
55 90 181
62 146 305
43 137 187
33 175 233
62 80 174
28 113 178
29 7 40
82 116 210
18 176 215
94 94 225
74 69 333
32 62 220
29 99 130
91 196 473
50 178 229
47 175 272
52 60 114
1 178 188
65 45 115
75 48 130
16 69 258
