250
77 134 229
36 160 221
36 7 75
85 54 141
20 13 42
69 168 430
6 183 212
31 35 199
13 179 205
82 93 336
42 72 157
53 53 161
77 199 281
20 66 133
80 49 134
54 186 250
24 174 213
95 131 271
23 104 127
29 192 229
37 163 205
61 145 236
11 186 207
47 150 246
85 79 211
31 55 99
67 1 94
25 51 117
80 35 145
71 88 164
50 186 278
49 45 96
66 13 114
73 67 165
68 13 96
23 166 192
100 47 148
1 83 90
60 196 291
35 101 153
56 88 145
11 93 266
16 93 119
97 21 127
42 179 270
81 46 163
48 41 99
42 8 234
76 12 92
98 59 168
80 47 320
92 17 118
93 160 291
47 65 128
58 54 123
81 11 104
97 50 155
77 10 131
77 139 266
66 17 223
88 103 212
69 39 140
45 28 77
92 148 250
65 190 257
27 21 69
91 91 189
80 186 271
35 54 99
46 77 128
6 76 125
63 182 287
77 118 338
78 168 262
83 11 198
14 175 197
46 199 433
61 114 316
81 150 352
37 138 222
11 19 36
85 26 156
80 45 136
100 13 143
89 48 204
59 153 222
95 27 322
65 91 156
71 178 255
53 0 116
61 73 216
43 124 185
67 25 239
67 18 116
21 132 156
28 45 77
84 131 251
33 56 276
19 193 222
95 182 345
39 11 59
59 157 353
16 140 264
12 68 125
100 199 306
97 119 350
72 170 390
66 46 159
97 183 286
81 113 220
11 11 209
39 132 177
33 144 188
31 46 214
68 112 233
90 170 268
32 190 225
27 22 53
65 89 159
2 70 242
81 30 157
79 60 178
64 5 101
42 103 147
17 60 124
68 132 382
11 32 50
30 53 141
35 8 69
100 123 226
71 10 265
35 141 291
66 74 149
93 31 159
11 12 27
24 53 147
35 68 141
96 64 163
4 178 192
25 62 129
95 38 209
3 91 110
78 85 169
11 18 32
15 107 122
59 136 196
90 183 282
87 99 189
78 34 157
31 23 60
97 81 188
65 49 117
100 175 276
28 160 235
44 200 246
75 177 258
19 67 94
74 130 226
31 129 160
21 127 148
13 151 182
14 150 165
76 96 176
66 81 148
34 159 237
85 133 228
90 130 234
73 110 187
6 24 212
29 3 97
93 114 282
85 94 179
47 41 88
41 39 213
56 110 175
69 105 184
22 64 237
54 110 207
8 149 351
3 156 186
81 63 183
7 171 181
61 116 185
66 170 278
53 125 187
94 50 145
5 154 355
56 153 287
14 84 185
7 154 194
96 44 148
43 112 159
76 39 115
28 187 225
27 163 195
81 17 119
22 1 83
32 56 133
78 112 213
49 43 121
15 161 183
3 155 243
51 104 176
36 36 77
30 1 202
94 187 390
96 86 323
54 25 131
77 1 80
33 43 270
24 52 82
85 196 353
22 29 74
68 25 160
23 118 149
79 21 285
76 102 305
44 83 134
92 42 158
22 146 179
46 37 98
1 117 130
62 53 165
99 106 330
68 115 228
97 189 296
85 138 259
55 92 327
40 99 262
13 102 115
39 153 226
92 186 285
45 165 258
48 132 326
28 31 67
22 151 180
77 14 100
40 158 206
90 188 301
47 8 88
64 102 181
63 110 356
1 171 182
87 179 277
92 177 272
19 28 167
24 26 51
34 146 209
84 32 116
79 13 94
