260
53 107 163
24 166 212
37 30 251
66 48 123
59 53 138
67 4 218
57 21 189
5 12 21
8 32 54
33 102 137
84 142 226
75 175 260
28 47 99
77 90 168
60 116 245
72 34 141
85 115 204
81 185 268
85 34 256
1 135 141
45 132 181
28 130 179
42 43 108
92 151 251
55 25 84
57 111 226
58 159 407
66 148 214
7 105 121
56 65 132
48 22 190
79 109 333
69 134 222
79 30 112
34 85 121
74 183 259
99 46 191
95 146 244
21 127 158
90 143 271
27 189 320
60 17 79
58 22 84
44 148 304
32 82 116
44 97 146
94 75 183
23 63 280
37 114 158
36 158 204
19 200 362
2 160 297
17 156 227
67 86 203
17 107 134
61 195 388
35 39 76
40 73 141
15 171 191
13 44 122
69 150 251
40 173 251
67 33 131
12 58 72
36 151 196
87 90 184
92 64 164
59 140 255
81 52 154
39 94 203
93 165 260
91 74 169
7 157 178
37 78 117
86 81 174
50 10 78
53 36 98
72 47 162
14 197 314
39 177 308
87 172 284
5 52 68
77 167 336
70 153 273
58 183 250
47 184 231
31 139 325
7 146 262
50 135 191
48 17 93
89 125 400
8 38 94
56 91 191
30 195 226
54 97 270
32 142 176
99 193 328
64 41 146
45 140 193
94 58 298
17 175 223
54 121 355
63 106 175
12 18 181
86 131 221
78 52 136
9 163 221
85 129 354
81 118 200
98 88 319
5 150 203
9 107 122
31 170 396
37 181 222
92 49 190
12 15 37
74 95 202
14 90 110
37 153 198
87 186 280
94 22 118
47 68 140
12 141 186
76 66 224
55 12 87
71 167 242
35 133 284
65 126 208
1 20 49
27 190 225
69 159 278
94 9 108
11 65 158
14 109 163
91 59 347
73 96 178
13 90 106
53 111 206
93 112 304
8 137 234
68 160 266
5 95 114
70 106 181
16 87 131
33 122 157
84 183 275
90 48 247
22 101 280
1 100 106
85 190 465
11 22 47
57 151 216
21 56 100
53 169 227
11 1 45
62 148 347
91 149 241
95 147 259
40 42 172
10 31 169
51 8 164
94 91 199
33 195 235
71 128 200
29 176 218
7 26 37
85 62 255
28 71 123
63 182 294
88 131 240
25 160 195
27 181 233
78 24 102
65 107 182
69 29 127
73 25 110
2 85 89
58 114 263
92 32 206
45 73 128
95 20 120
71 139 220
11 194 207
86 68 223
69 81 268
27 140 189
3 63 234
35 48 85
45 179 226
54 3 59
1 51 57
78 66 166
8 85 102
55 35 134
91 184 421
13 55 75
26 105 131
94 30 303
33 39 75
18 164 192
61 99 171
33 50 94
61 20 81
70 84 188
51 119 246
5 64 69
76 46 123
20 62 245
94 194 297
30 191 379
80 113 226
82 7 99
58 89 151
19 179 202
79 42 123
51 77 136
16 76 97
88 93 184
73 187 294
64 26 91
18 181 252
67 37 117
23 152 179
30 131 206
16 164 188
43 72 136
39 194 270
72 12 131
42 54 131
85 108 222
95 66 168
35 18 204
70 181 253
65 131 213
22 148 173
34 167 211
76 98 304
52 108 170
97 149 253
58 8 99
77 125 237
62 164 314
4 94 292
22 19 215
17 149 175
54 163 223
95 39 143
10 167 177
13 31 46
81 1 90
48 179 252
93 200 294
95 40 137
33 122 169
70 27 100
78 145 310
5 172 368
24 85 175
23 46 119
51 0 67
