910
82 90 180
40 49 106
79 17 105
65 118 353
14 167 258
28 119 195
58 133 205
14 148 169
76 144 410
80 142 224
47 135 382
93 182 280
37 174 213
30 109 268
59 45 113
81 51 135
66 134 251
93 165 264
98 90 205
1 98 109
26 73 147
25 79 109
80 97 178
64 24 96
30 22 93
3 79 261
95 181 278
11 33 138
53 178 263
13 114 136
77 42 125
58 195 257
44 200 251
47 198 249
61 114 194
91 1 226
74 100 214
17 99 194
14 11 163
87 78 169
12 78 279
87 39 147
100 195 297
68 182 255
5 149 157
99 157 258
24 10 79
20 138 278
68 72 144
74 188 432
72 79 157
62 163 225
63 112 369
30 20 81
17 131 158
87 22 204
10 19 29
30 178 249
82 27 142
46 174 224
90 196 310
16 145 189
27 99 135
74 159 244
33 60 99
96 145 257
80 9 94
12 107 124
14 23 44
50 69 124
31 193 226
41 168 328
14 138 162
86 91 185
28 51 85
72 162 323
37 130 173
26 182 337
12 119 327
14 129 144
96 63 190
33 140 189
10 131 141
32 196 321
7 183 375
27 120 147
3 137 143
39 13 53
94 107 236
19 138 184
25 119 162
6 29 203
13 90 146
85 81 169
76 121 222
25 65 109
24 154 219
21 94 152
80 77 340
72 108 222
33 55 98
89 151 253
91 98 222
54 194 298
89 149 307
53 43 146
4 14 147
72 138 372
92 36 193
92 127 229
47 196 248
98 127 228
95 103 301
75 166 279
96 107 272
52 44 288
28 107 325
64 153 250
11 102 313
44 161 206
99 122 226
44 139 188
96 193 316
28 172 241
32 109 181
79 46 135
15 118 180
4 147 156
30 98 216
81 151 399
67 66 195
47 33 80
17 69 166
83 106 283
44 143 360
36 0 74
2 192 200
63 134 207
44 79 160
22 28 99
92 133 245
15 33 52
87 138 249
13 94 189
74 138 237
63 182 248
99 132 235
76 181 260
3 3 33
12 36 124
46 99 149
92 179 275
1 128 149
54 175 278
63 30 95
54 72 130
72 196 286
82 147 239
94 158 255
58 180 333
67 172 241
55 132 189
69 51 150
63 61 131
74 178 256
26 161 191
14 88 139
95 165 265
72 150 226
43 142 235
71 117 188
2 2 4
24 46 89
69 69 147
91 119 325
48 106 164
81 108 238
10 137 155
86 5 178
65 88 160
80 145 231
77 157 240
89 185 425
46 27 90
27 180 246
46 134 187
83 99 200
51 35 284
41 110 162
50 158 218
62 167 261
12 141 161
61 54 161
34 76 150
24 103 142
76 127 327
92 158 295
34 119 268
96 33 170
65 192 430
39 142 330
71 96 277
16 47 109
56 137 198
91 77 203
48 44 97
29 92 126
46 62 112
77 119 215
32 86 165
43 109 291
90 47 142
33 100 165
47 173 224
90 179 274
47 143 274
36 47 116
12 22 41
13 17 98
76 52 153
50 127 209
35 96 152
31 190 250
3 190 195
25 43 68
46 178 231
39 197 242
31 38 98
48 190 238
16 98 121
23 131 179
87 131 238
71 165 246
25 58 278
44 90 139
79 155 241
36 152 211
78 172 298
19 186 358
72 25 141
70 130 249
55 118 182
1 24 213
24 185 249
83 140 272
19 114 156
24 50 93
84 184 433
96 141 239
36 116 328
18 196 286
39 14 62
77 144 404
91 63 200
32 132 341
57 183 354
22 186 235
43 4 93
70 91 170
49 59 121
8 0 47
54 198 259
20 125 145
55 132 188
38 86 174
52 53 110
89 105 245
30 99 135
25 162 284
2 107 115
83 68 174
59 190 255
69 73 191
59 164 228
56 72 229
66 145 213
53 137 234
3 180 217
53 57 142
49 163 250
88 170 265
25 21 154
23 16 220
65 106 320
10 79 185
11 117 142
82 185 303
61 120 189
4 166 173
53 119 199
25 175 205
12 31 127
100 62 194
61 16 119
87 169 281
93 131 227
98 64 179
23 22 92
50 172 254
8 62 112
95 106 209
62 199 268
81 21 153
45 44 94
31 156 217
4 182 192
97 193 291
52 86 143
78 70 165
35 155 194
87 19 137
15 10 130
78 156 244
53 151 287
41 50 271
37 148 263
63 111 337
95 121 218
11 7 95
85 32 121
42 96 158
97 52 252
40 190 286
65 133 266
17 127 144
23 166 239
38 98 136
42 106 155
45 168 244
75 181 330
72 146 218
38 53 134
3 92 97
25 110 266
56 32 109
33 61 100
31 189 255
91 177 282
43 42 94
86 79 195
59 17 233
57 76 167
47 74 127
75 58 175
97 133 326
61 4 67
7 113 158
75 177 261
11 184 202
91 156 272
97 23 190
13 152 203
21 37 69
77 11 221
76 143 221
68 159 247
45 145 204
93 87 282
9 116 132
43 160 244
96 84 188
99 129 245
73 99 285
75 103 178
2 138 321
9 200 399
25 194 292
30 196 230
95 95 192
40 91 255
43 30 74
85 42 175
98 149 337
20 71 92
93 56 149
19 186 378
49 54 111
64 150 330
11 195 211
98 130 254
24 181 208
63 95 162
88 15 128
44 49 98
21 126 177
77 30 157
71 105 180
10 65 201
16 78 135
9 95 113
17 142 275
70 92 208
61 14 75
60 33 129
20 187 335
59 103 341
46 26 75
71 140 236
96 48 239
83 26 195
51 139 196
93 120 220
1 155 158
13 155 310
14 13 62
42 90 136
87 58 324
79 85 170
81 187 345
73 193 316
80 9 110
23 76 106
19 67 235
71 13 273
65 121 187
3 0 38
60 71 154
66 199 298
78 4 92
57 9 92
22 134 184
76 166 244
27 145 179
27 43 75
88 92 212
61 99 179
39 54 104
48 26 76
19 150 189
79 108 211
18 9 71
41 47 89
37 70 175
90 31 136
83 156 243
91 123 344
77 5 117
94 100 200
32 162 340
81 90 204
45 109 154
53 138 213
10 69 159
69 66 162
88 2 135
13 73 116
13 89 110
12 77 106
7 25 65
99 115 269
43 24 105
42 158 203
18 161 183
46 141 209
50 38 138
37 58 117
29 140 201
89 59 309
75 61 139
83 151 282
95 20 123
67 13 123
3 192 196
11 22 78
97 168 408
49 114 301
55 59 149
57 189 246
10 35 47
4 17 47
58 35 137
70 10 90
25 184 213
24 134 192
36 25 63
82 106 382
37 140 213
71 17 181
34 53 171
77 11 91
47 115 163
42 133 283
41 32 75
74 45 121
58 181 424
94 29 131
23 42 68
13 150 327
89 171 301
87 52 280
31 68 137
12 42 164
70 138 211
20 114 171
91 0 210
25 118 231
55 2 79
64 178 253
72 180 255
48 82 152
2 171 304
32 41 103
92 103 198
87 149 346
4 123 246
51 146 379
15 67 96
85 147 234
33 141 175
96 152 417
84 6 140
26 52 84
19 183 230
59 56 116
90 192 307
66 114 190
88 135 314
34 143 178
17 30 52
81 74 318
71 22 98
94 194 300
99 119 243
94 92 196
64 115 365
27 169 243
65 192 307
72 65 150
22 43 73
96 150 275
36 98 177
79 116 323
27 167 386
100 29 323
51 168 248
19 47 72
24 168 222
56 92 151
11 39 64
11 165 336
16 39 82
94 36 307
43 30 116
36 194 275
10 82 98
72 118 337
27 106 133
65 108 256
16 146 361
87 153 245
28 47 119
50 123 180
42 74 123
86 126 213
16 80 155
86 163 251
25 26 93
68 177 421
75 185 408
55 58 115
79 67 326
85 60 157
12 60 80
62 73 272
73 55 129
53 100 160
85 111 205
63 88 179
97 49 155
34 134 178
24 41 74
57 37 104
92 58 157
92 200 292
2 105 223
20 180 209
67 53 306
69 165 263
25 4 219
36 63 99
33 112 232
57 68 132
67 124 203
92 143 245
93 136 255
66 182 286
92 67 336
71 140 305
87 42 136
70 100 197
58 35 103
83 168 270
32 92 320
98 40 145
32 53 95
60 33 220
77 73 162
88 122 215
76 145 227
84 118 244
47 90 145
10 111 202
74 153 334
16 123 208
43 200 388
58 141 219
32 147 183
2 178 228
25 133 273
77 37 144
83 135 219
70 88 260
96 78 265
4 56 83
4 175 195
82 126 347
66 114 357
57 189 247
96 14 120
28 179 213
13 122 321
18 100 167
65 88 163
19 8 37
19 110 162
16 38 93
72 123 204
83 90 295
45 141 195
63 85 199
91 88 230
16 104 142
77 98 291
99 3 110
29 31 125
19 96 122
37 12 162
47 89 167
11 26 135
43 136 218
62 194 262
93 136 247
30 166 206
15 141 163
3 179 218
82 158 245
48 51 167
17 136 180
33 3 68
89 12 117
41 181 229
55 164 248
94 103 199
33 38 105
56 174 231
78 102 199
5 84 162
94 150 248
9 91 102
28 28 60
49 130 226
19 199 227
85 121 259
74 40 300
91 130 248
9 169 309
49 72 244
1 72 75
100 43 145
56 149 214
72 76 198
70 98 360
12 36 61
99 10 134
33 11 236
29 161 194
84 155 296
84 109 221
51 49 104
95 167 279
8 103 127
75 168 253
90 191 295
70 14 271
15 127 200
67 124 282
91 133 246
65 153 233
31 47 88
19 59 79
57 126 188
100 191 293
47 89 212
28 18 49
68 96 364
45 184 410
98 138 423
88 70 162
65 28 222
60 119 211
63 50 150
91 43 269
10 181 196
62 66 265
39 180 260
90 83 289
60 170 295
94 104 202
99 40 196
51 128 188
27 157 223
30 198 236
28 103 150
89 117 326
55 107 175
85 66 174
1 35 134
95 182 459
63 109 228
16 191 320
77 186 289
34 152 216
83 142 265
6 45 52
33 63 96
35 196 238
80 93 173
57 58 123
65 23 88
10 156 182
80 132 222
54 156 248
15 61 82
50 14 71
30 184 240
17 194 213
76 73 255
61 184 253
50 194 386
82 120 235
73 106 181
6 49 81
62 50 154
52 49 103
48 100 155
85 82 264
97 105 208
26 185 385
10 38 51
52 162 245
68 88 193
50 52 273
61 147 354
38 193 238
42 95 170
64 104 229
8 72 93
55 46 136
8 96 105
3 137 142
8 27 133
11 135 146
34 87 124
87 1 92
11 178 203
84 44 291
80 137 311
84 142 409
10 15 41
93 78 199
47 119 185
90 139 239
56 186 358
89 106 205
53 186 276
20 154 199
35 69 138
83 27 111
100 89 189
34 72 245
49 45 96
89 52 144
37 196 242
29 74 109
54 168 240
47 111 192
26 38 98
74 12 90
80 168 251
60 120 276
10 178 235
97 12 159
93 95 347
13 197 220
53 186 381
63 50 168
85 128 378
80 45 152
41 139 227
15 49 69
78 176 275
48 92 152
90 164 254
52 165 256
22 129 181
1 69 76
4 66 72
98 130 411
90 182 275
41 72 140
8 145 178
12 19 68
49 185 235
89 74 169
60 179 301
23 53 140
100 43 150
52 69 150
46 177 233
46 92 145
16 130 150
96 74 253
55 70 139
94 43 219
6 4 57
88 107 195
76 51 172
23 44 71
29 122 159
70 139 243
54 12 91
19 65 147
92 64 162
56 120 230
98 110 212
93 13 291
44 121 167
16 74 100
8 186 328
16 92 130
28 32 68
25 90 199
28 152 227
83 21 186
82 129 216
91 137 296
11 56 67
49 68 123
69 57 206
4 22 138
77 188 440
45 32 182
84 132 261
94 18 137
67 161 262
31 192 232
6 177 185
55 128 211
5 166 171
50 5 91
73 145 374
33 13 49
78 162 244
40 134 174
81 6 115
28 155 198
31 48 107
90 135 300
3 47 185
54 80 158
20 195 225
47 12 62
93 197 294
8 12 193
97 160 263
58 40 103
46 61 107
89 46 135
49 2 64
20 70 137
53 46 172
99 26 233
6 93 106
67 0 69
91 53 177
83 194 282
43 73 126
94 68 236
91 7 98
27 13 45
99 26 317
20 51 118
69 25 143
50 64 121
3 15 87
41 134 207
38 156 203
46 190 401
30 177 246
88 68 163
35 153 198
74 3 79
18 73 291
59 146 220
8 81 100
95 140 243
18 147 168
60 30 99
65 11 83
40 79 138
