490
67 101 175
41 141 232
16 25 152
62 113 183
57 11 105
19 22 53
90 166 263
36 115 155
30 108 335
66 90 195
23 28 52
16 180 199
5 78 89
94 123 332
27 190 225
9 114 183
93 18 119
44 94 182
12 12 33
32 103 180
66 134 250
23 18 47
24 8 78
30 73 192
33 161 200
71 87 207
92 88 228
58 51 235
5 70 85
45 109 333
56 137 355
51 110 337
90 8 99
30 42 75
26 78 109
96 65 162
71 137 216
41 152 230
32 31 65
16 130 150
84 104 222
14 60 74
52 143 240
5 36 79
97 118 235
16 28 74
98 197 320
36 97 172
77 128 232
49 196 352
79 165 259
100 34 136
23 189 217
13 87 156
23 117 239
80 181 272
83 129 237
92 92 221
3 187 314
95 187 306
4 59 63
30 128 164
90 104 201
11 40 106
33 25 84
90 163 291
25 118 156
14 99 122
50 48 176
27 194 227
42 55 121
63 9 83
17 26 89
30 165 243
94 173 274
48 115 240
31 38 108
17 17 34
69 189 442
20 28 54
32 2 137
12 130 152
54 164 226
71 51 152
29 189 343
70 124 225
73 193 268
26 2 47
24 32 114
12 173 195
79 173 256
10 150 196
63 104 192
34 13 57
62 170 232
91 72 186
49 196 272
32 90 131
48 88 197
87 9 243
59 131 237
16 60 95
50 24 78
7 63 79
90 5 129
92 184 405
18 63 117
13 184 201
46 74 129
68 35 104
39 176 256
42 26 70
62 151 223
25 122 216
46 104 156
75 135 216
17 28 145
52 54 107
19 178 350
56 137 331
55 41 278
11 143 155
73 165 269
51 86 141
66 126 207
51 10 197
81 98 187
100 100 210
27 79 156
55 193 323
60 179 250
17 46 73
64 62 273
77 113 199
35 107 231
92 23 120
5 176 201
59 168 246
7 66 117
5 81 211
3 118 127
98 86 195
88 28 117
4 133 211
24 157 240
99 38 143
38 115 304
12 161 179
39 173 286
87 109 206
39 5 62
25 117 143
77 130 405
52 125 322
88 115 206
69 108 187
95 155 259
26 149 363
78 15 256
27 93 143
58 79 148
90 84 176
75 12 129
35 177 221
79 177 297
27 94 130
82 45 136
93 81 184
44 10 57
21 166 342
41 119 174
26 52 234
17 34 158
61 92 187
79 130 210
59 36 102
33 123 324
30 74 112
95 138 239
37 23 86
99 29 249
52 118 172
70 60 160
21 139 207
74 46 121
6 99 155
35 151 186
93 104 225
99 30 136
84 36 226
26 109 136
58 116 181
70 11 90
52 4 105
25 14 92
41 175 225
86 130 264
39 85 132
21 63 92
21 43 72
20 88 253
71 97 193
17 192 256
79 178 272
30 195 328
95 185 351
36 142 205
39 156 257
7 75 107
73 145 219
22 169 203
44 162 212
58 138 361
14 34 91
15 200 248
70 28 122
35 98 185
4 30 61
20 13 46
2 143 298
20 78 267
36 105 184
66 197 263
79 52 317
56 77 242
10 111 217
60 193 253
16 81 120
90 51 182
39 41 118
50 198 317
91 36 135
23 61 92
87 138 232
34 45 216
53 169 304
30 57 101
69 21 155
34 52 211
53 134 218
26 81 150
27 193 264
63 124 187
48 31 96
40 124 191
29 192 268
99 83 243
11 83 256
99 144 246
93 36 153
56 161 223
76 165 251
9 126 169
25 118 337
39 125 191
5 46 165
29 161 195
36 78 254
27 95 299
76 66 301
44 106 150
54 128 226
98 75 179
16 54 226
5 181 188
69 84 223
53 14 78
45 131 210
5 183 220
1 123 130
84 135 220
90 9 100
43 137 184
14 165 328
26 16 50
9 94 106
93 70 210
11 141 307
93 200 326
91 35 135
86 110 218
6 96 182
98 120 247
8 171 200
64 160 397
55 194 252
62 152 347
39 23 104
48 40 90
58 19 120
47 2 195
89 104 217
94 21 160
38 179 296
7 17 65
51 14 179
93 133 227
81 181 270
43 116 202
58 31 240
39 66 105
72 161 242
81 75 171
66 82 158
66 33 210
61 88 154
28 163 201
44 79 123
10 174 186
52 120 179
72 87 167
55 34 136
70 196 284
38 137 237
21 177 218
10 107 139
92 100 198
84 170 263
34 77 131
58 65 168
97 120 359
77 66 311
41 179 349
91 70 169
26 19 87
47 6 58
92 72 171
56 178 411
15 48 81
26 194 231
47 12 85
82 198 309
55 4 99
27 37 73
29 119 174
58 48 126
14 182 347
100 163 382
93 80 203
22 28 87
95 38 148
88 62 160
13 13 61
28 50 78
54 173 239
57 55 117
3 154 344
50 100 151
85 124 212
89 45 139
81 95 375
93 151 408
91 91 205
18 127 170
64 183 287
43 25 178
11 16 32
21 173 198
21 168 192
19 161 184
95 167 302
18 184 232
94 14 124
9 52 90
38 79 124
34 95 153
36 49 87
34 120 270
40 189 244
89 145 282
93 126 253
48 192 245
87 45 247
54 167 221
59 139 386
89 97 196
93 173 275
67 160 229
24 81 108
37 106 149
42 183 275
97 5 107
10 1 57
79 89 258
21 21 209
64 200 291
10 12 43
54 125 187
62 95 272
83 198 317
24 101 239
98 73 212
9 7 18
1 43 142
6 99 106
7 58 76
17 165 297
21 82 111
89 141 235
12 185 363
88 10 284
14 45 101
66 200 293
72 28 106
97 121 354
10 180 219
62 91 158
30 43 77
92 41 138
31 46 86
82 42 134
51 175 299
77 88 180
36 72 122
47 186 268
25 127 166
39 160 248
46 174 232
32 145 196
11 18 29
25 153 282
74 116 232
33 137 192
92 197 331
55 126 306
38 159 221
28 107 142
74 133 394
41 155 215
25 55 160
38 186 232
39 28 189
68 194 300
78 137 217
45 117 180
51 180 233
92 128 349
3 152 196
46 112 158
63 110 225
16 152 282
74 84 167
60 97 161
99 92 247
83 194 283
98 175 275
88 107 233
41 24 100
31 24 151
74 73 177
74 52 137
27 115 151
37 16 81
75 139 223
2 112 122
38 98 140
19 50 177
47 167 221
94 98 198
30 115 171
24 96 130
5 59 74
94 125 222
38 107 288
80 149 300
43 187 302
10 76 120
67 22 258
21 124 148
21 49 79
12 15 28
67 50 263
40 124 196
12 85 105
35 132 174
77 174 284
19 50 70
50 30 123
3 148 161
68 114 188
81 19 105
50 55 211
85 75 199
3 59 69
20 32 55
73 19 97
80 119 321
52 181 273
1 61 170
27 118 146
