890
1 51 57
21 159 190
41 76 137
9 98 117
2 186 220
51 186 382
42 62 129
45 0 52
35 148 186
53 189 270
100 125 227
73 148 273
63 53 119
92 46 315
93 198 467
45 52 106
88 112 246
42 70 116
3 92 100
40 163 210
59 174 235
8 191 211
34 147 279
38 25 251
6 95 102
45 134 181
29 26 163
87 92 204
48 187 258
74 135 388
59 199 266
83 42 125
68 124 196
70 132 286
8 110 118
95 49 171
74 18 166
43 73 120
75 40 126
84 25 274
6 8 137
32 2 44
41 114 291
31 111 144
20 193 234
67 174 247
8 105 122
8 45 102
80 49 155
55 132 196
39 60 101
7 105 153
39 142 187
71 62 141
7 169 317
39 103 147
39 28 88
30 137 171
8 168 224
19 63 82
4 99 106
58 87 153
47 49 277
90 32 146
78 172 296
75 148 226
6 189 196
59 61 302
98 181 312
96 30 134
66 57 142
92 149 395
24 195 225
34 82 202
41 186 235
3 36 42
36 34 96
47 12 109
97 41 138
16 142 237
20 140 165
49 3 53
77 34 114
83 49 164
48 87 182
93 8 138
50 2 82
71 35 111
31 138 311
83 121 224
53 155 229
14 114 169
49 22 103
20 160 191
17 118 322
54 122 353
78 32 148
98 186 291
69 90 168
78 173 431
25 140 203
59 193 294
4 12 52
83 56 313
92 1 110
21 39 211
70 158 333
94 152 400
90 84 191
11 78 115
64 137 240
50 148 203
49 117 167
81 4 89
33 184 245
27 1 42
23 97 125
13 172 195
18 99 127
79 189 442
14 25 49
28 5 135
27 75 255
19 106 244
7 20 73
20 117 187
61 27 93
47 140 205
61 181 315
89 143 232
80 23 145
10 87 152
87 161 265
55 3 165
59 6 66
98 37 179
10 139 177
13 47 66
35 21 99
92 133 399
84 162 255
44 134 180
79 30 233
51 114 171
67 139 209
60 61 277
3 3 63
64 111 175
84 156 262
16 199 262
87 18 120
65 186 254
35 176 245
78 85 166
37 22 82
67 146 281
18 19 48
85 182 276
51 63 146
19 16 42
27 11 47
20 53 75
10 100 115
82 94 181
9 91 228
80 17 245
43 102 164
78 0 163
80 162 249
5 95 278
80 135 215
80 71 166
73 190 270
86 66 229
45 99 222
58 165 284
1 182 220
18 181 384
14 131 221
56 47 105
43 2 124
49 11 82
59 196 356
58 46 108
75 118 202
93 19 161
64 78 147
7 184 223
72 135 366
43 99 287
93 73 170
11 90 103
34 103 259
5 82 233
72 134 208
39 133 178
75 0 105
19 184 219
32 123 230
80 32 144
54 59 245
3 112 164
67 106 179
75 43 127
88 120 213
15 118 311
75 76 315
97 127 289
72 177 284
67 191 262
42 169 211
79 45 128
77 96 174
97 65 171
36 94 172
97 1 214
57 158 224
47 143 190
36 187 341
91 100 193
32 13 211
97 131 248
80 2 84
14 181 203
79 198 277
69 64 145
70 31 268
49 179 229
41 143 202
66 200 321
76 10 101
20 17 43
52 125 186
72 126 198
87 173 269
89 108 363
13 146 207
18 154 324
10 108 240
95 141 279
87 121 257
9 40 125
66 130 295
72 86 184
75 164 243
94 151 247
35 179 220
38 162 248
5 191 223
26 154 361
19 18 78
34 181 221
83 90 174
82 69 159
78 197 282
80 92 180
65 27 137
10 131 216
3 52 85
87 190 319
65 65 135
50 22 108
53 8 218
65 74 181
18 68 89
69 192 268
49 190 260
59 3 82
1 45 223
58 0 62
49 102 244
6 147 301
72 115 209
11 152 317
51 62 113
24 125 149
68 139 211
74 42 157
70 143 215
92 44 246
75 21 103
99 193 313
12 12 36
27 23 206
25 191 366
62 175 247
61 45 109
76 109 218
10 61 78
65 62 253
78 112 197
16 132 221
92 195 295
41 45 88
29 128 166
97 125 245
65 190 287
57 118 184
15 177 196
1 125 130
9 188 201
16 6 38
14 97 268
26 181 210
47 71 156
89 20 153
1 48 56
31 170 216
35 88 129
48 40 123
16 48 99
66 12 86
72 163 433
2 31 206
41 84 173
11 71 108
35 198 239
66 16 101
85 81 245
74 195 302
53 0 209
13 64 171
78 124 203
5 53 68
69 84 158
43 63 253
67 51 264
62 143 210
54 131 190
8 150 166
82 86 196
59 98 160
9 29 69
60 191 342
51 198 257
38 16 171
82 14 103
22 115 173
90 153 253
7 99 111
73 131 257
84 95 203
1 116 300
64 1 69
61 94 163
73 131 243
94 3 147
33 46 207
39 3 43
44 137 369
93 76 353
89 108 202
13 62 96
66 167 272
18 134 158
27 194 256
89 60 192
70 129 206
51 55 111
53 141 228
19 11 83
36 188 399
87 163 254
62 188 252
38 22 62
48 27 78
78 1 82
85 41 127
91 186 280
79 83 167
77 173 327
33 161 198
69 82 151
6 152 166
19 64 92
37 93 157
71 107 232
51 95 161
31 129 204
83 121 243
54 8 107
40 51 91
15 31 82
78 97 214
41 114 157
24 162 193
47 190 256
9 112 127
12 151 209
52 94 155
83 71 344
29 29 200
95 174 420
84 11 100
12 190 209
96 91 224
89 194 458
50 9 61
72 103 184
8 47 83
90 68 186
86 146 235
40 180 356
61 56 146
15 33 57
38 174 300
48 43 100
30 63 106
45 100 220
75 39 169
9 177 235
18 90 118
65 114 372
89 189 320
37 109 154
40 8 54
93 177 373
18 182 222
88 198 300
54 78 308
14 94 117
34 113 195
71 87 295
35 146 227
52 28 253
83 24 112
63 191 261
19 65 87
80 29 117
100 139 280
19 118 160
83 139 270
79 63 145
5 141 155
14 9 57
49 53 111
97 43 143
84 117 282
18 171 203
27 99 126
4 176 183
51 127 265
63 84 342
9 50 231
14 135 157
25 187 223
85 44 131
25 163 196
77 126 224
31 195 235
1 58 64
88 95 200
44 138 278
52 136 299
49 78 183
30 45 217
57 126 225
60 121 191
33 168 208
73 31 208
88 16 286
42 144 234
89 86 195
31 102 228
33 66 229
68 81 189
65 112 180
96 171 435
77 52 170
90 137 238
27 173 370
68 193 267
66 113 188
62 54 138
81 104 204
33 186 232
54 45 138
23 40 89
54 131 205
16 189 227
46 81 174
99 62 167
78 147 289
44 90 136
41 97 142
16 15 31
23 125 155
57 15 99
18 105 136
41 195 246
49 77 159
61 38 99
33 159 223
2 153 202
12 164 178
25 62 101
21 50 267
41 1 83
71 61 180
43 137 189
71 149 230
28 70 257
60 22 221
23 23 55
82 132 394
87 190 335
96 32 184
50 170 223
85 102 297
71 29 100
49 51 162
19 12 203
85 85 177
37 186 316
4 59 69
86 45 140
41 186 230
13 84 112
16 137 153
52 34 87
97 59 299
90 130 361
16 172 196
40 100 178
89 17 106
40 125 207
60 14 79
45 123 327
25 130 198
88 0 91
26 69 144
34 81 196
99 133 241
51 195 357
86 98 239
59 200 306
11 193 204
33 156 191
18 180 202
85 183 287
87 129 249
43 8 51
55 174 231
50 35 86
90 165 443
18 155 219
1 165 171
61 177 418
42 129 246
28 104 145
26 72 100
18 79 130
9 110 124
76 156 239
1 56 89
1 90 92
89 109 201
92 197 317
85 48 329
12 73 92
70 94 199
87 155 254
17 20 44
65 145 217
32 93 145
69 131 316
11 97 233
81 66 233
19 198 226
9 46 87
58 97 184
87 157 246
5 185 346
15 175 196
20 23 50
27 46 101
11 164 200
49 4 56
63 175 246
29 121 327
98 195 299
61 67 136
92 183 474
86 197 377
59 168 343
6 158 169
16 116 138
24 30 57
1 20 27
85 156 381
40 83 126
9 177 347
6 47 102
4 93 97
28 184 252
76 60 261
44 186 240
34 103 139
44 60 280
71 30 131
41 124 308
15 5 21
90 200 295
94 77 213
97 11 274
21 136 200
96 105 211
19 120 277
69 186 449
68 184 261
99 147 255
78 28 111
54 146 246
30 58 147
86 7 104
26 80 109
90 150 265
34 154 226
19 90 121
23 170 199
99 136 402
57 127 185
100 170 275
94 115 254
36 145 181
90 126 222
76 56 265
5 29 42
71 132 242
28 112 158
31 31 71
36 117 163
61 139 230
98 0 98
66 65 185
20 185 349
83 174 422
79 159 239
29 78 111
25 82 107
37 95 295
89 108 202
90 61 169
66 162 284
79 99 368
27 123 160
83 120 361
87 66 160
63 63 175
93 161 375
53 120 180
27 173 203
75 40 126
38 142 183
30 63 93
78 5 123
78 153 239
59 20 82
39 186 298
47 196 379
67 81 328
81 60 166
64 51 142
60 86 154
15 23 82
58 68 130
8 10 205
90 101 196
37 13 60
25 137 164
71 109 374
50 142 198
13 21 36
56 87 144
4 181 209
68 152 221
62 91 161
8 120 135
4 65 100
5 32 76
47 116 169
100 102 212
39 37 107
95 66 163
31 123 258
38 44 98
40 78 292
1 117 247
16 73 99
62 71 143
7 149 162
51 162 213
29 47 86
63 89 178
72 46 123
65 144 339
8 45 88
20 24 49
23 190 342
80 160 278
74 42 162
77 132 215
44 91 174
42 43 91
63 81 229
79 56 145
4 50 54
89 1 91
100 107 211
65 173 239
8 158 172
33 140 185
99 4 103
19 51 95
93 30 130
67 22 141
31 175 244
68 18 90
79 143 231
76 21 289
58 181 374
81 145 227
93 101 213
22 21 208
37 184 237
88 173 438
85 167 261
86 7 186
80 78 166
10 195 378
62 149 263
40 44 90
25 105 163
13 122 244
29 155 249
39 98 169
16 174 200
27 71 108
1 32 39
83 42 159
15 85 245
65 95 329
97 75 209
24 188 216
16 15 194
18 176 257
4 132 185
80 112 345
14 74 111
13 52 77
53 99 189
61 38 111
52 106 250
71 150 225
5 112 118
13 175 206
34 186 238
3 132 143
37 66 116
52 4 61
29 5 196
56 140 240
23 90 284
26 16 63
25 131 219
69 131 221
81 157 246
50 150 206
83 59 340
26 97 321
56 104 262
79 58 148
95 38 163
98 56 304
78 62 163
33 183 217
39 111 176
53 7 70
98 197 300
56 185 322
31 187 249
99 15 124
3 63 72
20 175 204
46 51 107
1 62 76
69 111 184
18 154 187
1 133 155
58 200 258
93 190 292
44 191 241
16 196 239
100 160 270
61 69 136
5 101 123
61 145 387
97 41 146
70 7 82
42 185 230
64 92 162
6 156 190
43 112 171
81 144 232
96 44 163
58 183 361
69 89 163
93 35 128
54 183 386
64 154 406
84 111 197
47 198 253
94 165 394
6 46 52
85 154 249
87 191 341
39 99 142
28 100 138
81 185 268
36 0 40
4 25 49
17 75 109
16 161 191
68 74 144
27 162 192
42 181 382
3 31 59
63 83 153
90 38 129
13 21 84
75 130 207
12 61 242
88 145 236
98 26 160
59 25 277
65 168 265
14 130 315
95 91 196
38 147 187
29 166 205
53 15 107
95 71 216
13 119 132
11 152 177
99 185 286
90 111 204
64 50 240
2 114 125
46 83 139
85 148 233
85 5 98
44 126 200
84 58 167
92 83 200
58 116 182
28 13 115
89 21 116
81 87 174
41 66 109
21 75 101
16 184 200
15 157 179
62 85 159
79 163 245
46 137 185
94 147 248
27 155 218
39 130 171
94 42 146
39 170 219
78 0 146
31 187 347
55 112 347
77 193 278
20 52 82
12 70 92
18 147 307
71 80 189
31 184 221
87 169 268
58 25 112
9 53 108
13 66 85
59 99 162
79 84 193
83 24 125
25 82 108
82 100 195
70 60 177
38 164 205
