60
44 162 215
23 38 66
98 76 196
23 165 387
78 57 290
16 152 256
84 8 100
74 45 125
100 58 167
9 173 197
38 154 199
39 20 164
96 11 216
43 13 110
49 181 264
21 122 303
43 55 107
47 189 370
29 136 247
76 169 325
3 152 167
72 132 208
64 0 97
97 158 260
60 17 79
90 127 304
72 80 197
74 112 186
97 176 280
64 64 131
85 0 87
9 119 136
59 28 190
4 191 381
33 58 256
64 128 361
48 112 200
71 71 145
82 46 142
88 169 257
85 194 287
88 143 240
77 78 161
71 96 215
51 64 116
47 160 274
36 119 322
31 120 161
50 139 207
88 0 92
12 182 202
78 60 138
68 111 197
59 117 291
97 176 283
20 49 93
26 190 226
34 126 178
90 138 245
49 127 179
