940
68 134 212
5 54 233
12 21 82
98 64 280
32 17 168
75 141 254
86 160 246
7 124 167
63 41 148
12 22 39
68 78 146
11 98 207
73 107 187
13 8 188
32 30 91
34 187 228
88 26 159
93 110 230
38 3 80
78 167 249
18 135 238
95 159 256
57 125 326
63 1 162
75 37 249
21 34 191
47 51 119
3 157 190
9 157 166
44 86 133
85 185 286
66 56 128
53 19 228
3 68 74
57 85 149
80 36 312
47 190 305
91 36 254
20 83 153
55 154 210
8 19 31
30 82 144
88 90 188
45 123 184
41 103 145
55 84 149
32 40 80
82 29 115
31 63 98
77 186 358
11 132 148
72 79 178
18 171 211
23 133 276
4 88 100
71 37 143
85 142 253
94 79 184
21 155 300
75 121 197
69 2 73
48 81 146
55 191 248
41 136 179
53 168 228
37 158 202
2 176 239
22 12 156
19 198 220
68 53 130
69 70 180
100 111 250
9 98 239
6 16 45
90 79 170
89 167 263
64 200 297
3 12 26
83 10 101
36 172 216
97 193 291
55 94 190
24 53 78
43 167 255
35 69 150
14 84 149
53 22 75
70 96 204
48 107 165
3 178 332
17 21 59
64 10 155
22 91 114
10 168 178
67 61 129
93 112 233
43 53 99
41 153 197
48 144 228
24 141 182
100 113 222
3 14 83
22 16 41
83 37 125
12 81 103
75 192 444
70 78 171
93 59 159
18 148 299
82 66 154
27 23 64
24 122 160
6 61 96
41 78 150
37 57 177
49 132 363
19 10 38
74 39 114
21 0 27
24 129 157
35 64 105
90 77 208
61 115 195
18 176 391
29 5 34
33 96 175
84 15 145
57 121 284
25 53 220
53 22 124
88 28 203
7 176 208
17 60 79
45 173 222
42 81 130
9 129 142
99 42 189
16 51 74
18 158 280
39 20 155
75 72 159
82 65 150
32 98 259
41 80 283
57 137 243
28 72 205
8 198 334
86 181 395
15 189 204
86 90 181
79 146 227
86 172 263
10 134 147
63 46 297
69 109 179
48 199 260
67 198 413
24 79 121
96 158 261
2 169 176
93 125 226
25 180 211
21 163 311
58 85 177
73 112 194
38 59 104
34 130 167
77 27 104
29 152 191
60 158 227
64 150 215
12 57 72
35 80 124
7 42 183
25 185 235
40 95 232
30 42 185
74 30 201
84 39 143
5 127 167
91 47 156
45 160 397
46 169 251
50 21 76
62 9 80
75 129 237
69 7 82
40 68 136
21 116 234
83 166 254
39 183 247
9 163 175
6 172 179
25 107 134
12 169 183
31 43 114
53 14 86
54 6 62
46 54 118
24 139 343
100 116 243
39 11 164
8 98 226
10 12 70
57 76 272
20 127 339
26 89 170
59 177 251
51 138 189
52 54 107
19 4 57
92 97 198
55 102 165
66 129 226
24 137 345
29 126 159
31 91 128
84 26 122
52 191 293
71 96 330
42 26 71
50 137 197
82 117 211
86 85 266
14 150 167
32 96 136
38 169 211
68 98 201
47 106 186
62 137 287
64 62 297
92 66 179
45 27 103
54 91 179
14 149 168
20 68 136
86 88 255
45 82 136
65 160 236
54 114 209
9 3 114
10 36 64
35 4 214
98 8 118
52 111 178
89 117 254
53 63 120
82 107 218
51 12 68
96 126 227
87 33 195
63 35 222
11 1 20
5 133 232
99 63 172
8 173 365
19 59 127
29 131 251
92 157 258
43 5 153
91 17 150
62 193 296
37 171 218
38 168 215
97 58 349
82 125 212
12 90 111
62 169 242
69 123 192
75 99 181
44 69 122
58 18 92
80 52 133
8 93 133
40 54 99
100 100 202
50 47 191
37 54 100
32 9 74
38 88 126
71 67 184
23 182 208
18 35 59
19 85 104
8 122 136
44 159 211
44 110 178
80 129 401
64 153 220
99 57 171
15 143 164
73 130 259
10 182 196
77 159 285
80 147 317
31 62 123
18 63 91
63 170 271
19 6 170
7 182 219
21 33 56
60 105 175
65 17 91
24 65 100
55 0 55
27 176 207
16 0 25
3 125 151
48 78 174
24 86 110
44 70 115
43 100 188
11 3 28
62 183 250
95 67 170
52 77 264
77 130 221
93 93 287
16 61 106
38 52 100
42 106 237
29 41 96
70 81 154
62 163 235
17 198 218
34 45 106
22 69 281
85 0 110
98 91 191
75 4 108
88 108 200
83 196 354
22 94 283
33 106 141
29 66 105
79 16 104
44 166 215
41 10 54
7 148 157
51 171 286
39 81 122
46 6 154
100 152 252
55 155 220
67 93 166
34 171 208
28 12 109
9 21 117
74 77 187
6 136 148
11 130 143
77 74 154
44 174 388
75 48 231
2 164 170
44 177 225
73 152 248
18 108 131
52 54 107
42 106 186
29 106 143
40 145 194
51 90 146
16 23 180
95 91 195
57 46 106
73 125 199
92 145 246
7 97 214
11 12 166
30 14 47
82 132 224
47 88 142
99 1 103
43 183 254
43 163 402
58 25 123
74 16 100
94 185 285
37 61 290
49 134 193
77 16 102
85 70 164
80 22 135
30 14 65
12 89 108
50 45 236
79 57 220
76 59 139
74 35 144
39 34 194
32 59 215
11 59 73
39 142 184
97 36 139
78 86 242
50 163 245
69 150 319
28 159 238
43 8 56
48 172 254
91 71 311
57 6 63
53 181 246
81 155 277
70 96 170
85 163 253
80 3 103
55 33 131
54 187 279
37 93 146
3 105 242
78 118 196
73 58 327
33 127 168
89 114 205
12 121 141
62 138 200
61 50 116
48 190 247
41 199 255
11 76 183
33 79 117
78 160 241
29 64 142
30 122 186
22 141 163
39 68 157
89 4 156
70 88 158
75 132 211
91 110 205
78 185 271
14 140 154
49 123 213
49 84 140
65 150 382
57 81 301
75 170 249
85 94 187
44 109 343
32 191 253
77 122 218
16 168 185
42 26 134
69 62 307
22 145 189
76 120 256
24 166 385
23 42 72
76 3 79
91 85 319
15 2 67
76 165 241
71 130 204
25 95 277
92 191 287
37 14 169
29 83 115
8 36 132
34 52 92
48 13 259
13 43 65
73 127 288
24 42 111
22 27 58
88 140 235
20 59 100
93 1 96
53 185 298
53 169 225
87 179 305
94 118 408
52 61 122
93 86 182
64 106 201
6 0 60
83 17 105
100 24 231
76 103 247
29 23 125
5 185 191
35 12 54
59 131 237
23 171 198
56 173 270
74 63 138
18 134 257
81 105 236
56 21 81
48 83 146
29 64 97
31 96 136
74 122 204
77 9 87
10 11 23
21 128 154
28 187 264
76 132 214
72 144 359
52 69 235
34 188 232
67 137 387
24 154 185
77 75 158
37 96 296
41 124 181
59 71 179
7 75 87
93 33 205
10 24 34
6 148 177
77 125 219
9 87 96
54 3 206
18 188 238
86 106 209
80 154 297
15 91 122
10 187 285
20 186 299
57 114 177
58 2 60
23 126 158
51 46 236
54 191 246
70 60 179
37 99 256
89 40 170
11 155 174
43 118 201
10 135 198
49 107 182
53 27 232
56 86 143
12 129 281
64 65 139
16 18 44
87 10 142
89 52 144
46 26 78
41 143 272
47 57 109
45 164 210
85 20 155
58 53 114
15 5 52
82 120 205
37 24 68
44 120 167
41 116 177
97 58 159
29 62 105
27 77 113
25 185 336
7 196 209
73 174 248
63 18 279
98 199 299
88 143 231
82 52 141
65 176 299
48 135 184
70 3 77
64 12 83
67 36 195
30 6 95
55 150 215
30 167 205
40 50 93
19 0 35
30 50 191
58 42 101
66 112 312
41 68 142
57 167 251
99 97 199
75 97 203
20 81 108
73 4 115
13 20 98
34 60 99
27 140 296
57 65 131
11 113 144
17 160 178
52 67 120
99 42 147
22 88 131
14 117 306
58 200 287
72 172 284
55 193 253
6 85 132
64 161 247
9 27 51
11 102 122
53 101 186
35 19 60
33 113 149
76 195 274
33 190 345
17 109 159
63 149 214
51 14 143
70 199 274
50 179 232
36 154 190
85 127 302
64 61 133
16 132 151
41 117 183
71 183 266
52 182 369
14 47 93
11 34 64
70 63 214
30 174 208
62 54 157
61 175 239
71 106 270
62 67 170
92 149 251
56 144 207
77 102 220
74 26 122
67 0 68
28 193 224
37 191 250
37 197 239
11 98 139
77 32 221
12 74 88
35 153 375
10 197 213
29 161 226
47 68 121
61 108 184
44 85 246
35 106 151
28 116 173
83 20 183
50 51 108
79 169 251
47 36 259
3 138 142
8 53 111
21 123 146
31 147 187
33 88 311
39 22 84
3 131 136
34 67 300
23 165 254
25 33 230
72 166 249
18 20 44
54 186 381
62 103 205
24 58 118
21 5 26
56 18 123
93 187 287
74 27 101
83 85 176
50 164 235
93 186 311
52 52 140
80 148 247
92 10 107
93 162 263
30 109 197
15 71 103
26 131 188
51 144 214
17 160 187
27 49 114
98 24 137
13 146 168
10 23 200
25 96 151
59 166 233
29 26 64
40 126 187
67 42 176
61 65 150
9 26 176
39 161 238
75 117 300
88 136 409
66 75 166
44 150 199
65 130 343
80 99 360
95 93 190
59 112 186
21 102 209
69 98 200
68 87 274
2 121 201
13 95 109
96 117 235
34 135 222
23 23 54
27 190 224
8 105 240
63 58 126
24 79 108
31 127 181
89 57 179
35 196 241
72 185 257
37 170 274
43 182 339
53 177 232
97 98 217
85 119 207
63 164 231
48 131 186
46 93 146
89 89 188
90 179 456
4 156 165
98 99 202
80 123 205
27 188 224
69 139 213
22 6 28
82 138 222
26 150 360
31 154 197
69 177 282
32 160 202
18 110 128
31 44 238
38 189 235
65 52 140
89 68 163
24 117 149
85 107 205
9 150 198
54 61 122
10 185 237
58 126 291
25 71 109
53 110 170
8 155 171
33 121 160
31 9 45
73 107 192
28 23 52
63 140 290
68 116 377
2 116 311
24 0 25
19 106 301
51 184 240
93 103 266
72 134 255
84 158 245
62 104 205
82 16 102
12 13 199
48 13 104
85 112 203
10 3 46
15 20 39
5 18 25
75 144 226
41 132 200
19 94 233
91 181 275
51 166 279
22 176 204
87 166 260
53 160 375
72 109 191
84 135 221
18 81 131
100 11 145
78 29 113
39 111 154
4 16 107
37 82 149
81 16 99
46 7 231
6 196 344
7 16 28
1 184 223
56 147 275
33 184 272
90 149 273
82 173 304
8 165 235
32 158 191
66 68 258
61 134 363
88 163 433
12 175 217
7 150 298
36 171 243
4 134 144
38 35 149
73 38 160
51 51 112
68 69 141
37 148 221
88 118 370
92 94 186
70 183 259
29 123 159
50 41 98
9 57 107
41 0 64
24 195 228
38 75 118
56 128 238
43 88 176
55 55 191
90 143 263
21 78 120
5 129 176
26 81 116
46 145 195
79 100 195
84 156 286
96 190 472
49 16 71
30 196 234
43 20 74
57 178 261
53 165 221
91 164 283
95 88 189
54 191 252
95 118 218
43 163 335
5 90 100
62 200 266
16 49 201
27 126 154
24 137 166
99 40 253
88 66 334
24 50 74
90 23 272
93 139 252
46 76 137
34 56 96
14 32 88
77 136 368
4 114 121
37 90 137
35 197 256
99 19 132
59 44 148
9 114 128
47 0 68
11 142 161
87 113 229
18 193 214
2 148 163
90 186 286
50 195 418
8 30 48
81 64 147
63 145 251
85 37 122
73 69 171
90 14 147
14 147 245
32 13 53
32 98 162
21 75 162
61 116 223
91 32 177
46 84 132
94 168 279
51 135 193
97 86 191
35 51 108
91 20 124
8 172 190
98 121 262
43 82 134
21 61 87
2 101 106
7 139 171
99 11 112
21 198 225
13 179 346
35 12 56
59 76 282
2 112 207
99 78 251
32 103 313
4 93 105
5 72 89
41 180 222
92 126 228
35 102 320
77 82 168
54 3 101
64 127 387
81 81 228
78 41 120
90 155 294
18 178 200
27 47 110
59 170 361
25 86 172
23 144 326
35 96 133
9 125 260
20 131 332
50 32 199
34 26 60
53 87 196
98 47 175
10 107 126
62 44 115
85 12 110
95 75 171
98 167 272
20 103 145
92 162 394
1 57 104
51 171 280
37 197 244
62 189 264
36 142 254
58 148 211
3 150 194
44 74 138
62 185 267
84 84 329
4 33 56
32 170 219
74 5 85
77 136 344
