480
95 114 311
58 2 69
32 200 258
92 161 283
65 85 159
65 46 153
4 92 97
50 177 228
75 96 181
94 72 338
39 176 216
88 79 184
87 93 193
82 39 184
3 183 235
41 142 188
14 147 166
86 131 222
6 165 216
49 30 81
10 124 143
62 131 352
61 99 160
11 38 53
10 72 83
8 51 66
85 75 162
61 122 274
83 37 137
44 144 192
90 135 235
69 19 195
100 8 140
36 126 327
73 6 139
53 15 68
14 75 90
85 14 113
46 132 298
47 15 102
21 189 260
65 200 282
66 151 225
48 138 188
30 36 70
98 44 170
72 153 346
13 109 132
92 95 228
73 192 275
96 65 173
49 169 220
14 104 124
90 81 180
7 85 137
2 76 221
44 20 85
21 110 164
76 66 262
69 59 164
23 185 212
94 96 310
3 134 159
51 178 239
63 94 163
68 118 293
68 171 262
1 18 175
59 28 88
76 38 129
7 76 83
42 78 130
68 45 126
63 168 233
52 190 291
88 183 281
38 38 84
28 66 97
1 172 312
12 88 131
93 148 268
23 39 63
69 73 149
97 138 237
58 14 246
67 54 155
8 75 109
23 67 96
28 88 294
100 192 292
66 104 267
67 101 177
31 183 374
48 97 147
47 104 159
33 50 226
70 41 193
43 3 66
84 97 199
64 194 263
53 112 167
29 79 111
93 44 313
39 106 148
21 175 199
33 168 244
24 129 191
93 4 286
51 112 207
31 131 166
5 29 170
92 12 113
27 48 77
93 199 300
31 8 76
46 160 253
57 34 101
64 94 180
48 143 273
20 113 244
65 180 252
20 83 138
92 42 135
50 33 247
11 142 155
39 133 195
85 27 142
6 137 148
88 18 218
31 156 188
77 20 122
74 119 222
25 160 294
7 197 368
8 164 260
68 177 246
58 75 139
43 155 248
17 126 151
65 75 173
54 38 101
11 172 213
44 101 149
45 28 78
39 87 130
49 119 169
28 9 39
81 195 316
29 181 213
57 196 261
26 34 66
70 193 334
92 94 218
28 84 158
44 176 252
66 77 173
97 187 285
28 171 215
36 136 177
68 46 209
89 150 289
20 154 177
97 41 255
46 42 92
38 35 121
58 146 256
23 88 147
82 153 281
30 135 179
23 198 230
42 6 94
70 47 122
62 60 131
23 183 213
27 83 160
31 57 127
10 86 97
5 99 277
27 55 115
2 24 33
71 71 229
93 83 270
28 70 118
40 31 160
66 91 224
58 176 300
60 32 128
15 115 276
87 145 278
8 180 191
9 124 136
76 10 189
36 113 297
68 20 194
90 40 179
60 135 195
56 114 242
34 54 136
88 166 294
20 136 166
48 70 142
51 148 328
98 105 242
11 147 205
39 130 247
61 163 234
76 43 155
47 98 180
78 98 266
29 147 191
14 46 108
20 79 140
99 0 286
1 155 250
36 44 128
56 142 261
86 100 267
89 88 366
58 106 194
67 75 150
66 172 247
30 91 122
63 87 204
6 4 86
81 151 242
25 77 106
57 114 176
100 41 148
22 170 197
80 77 307
25 38 221
11 127 300
79 181 309
51 76 130
70 90 190
55 199 441
64 12 80
75 42 117
56 101 352
78 140 222
92 113 215
82 88 205
59 59 130
23 100 142
68 79 152
1 114 121
26 149 175
53 149 243
39 2 41
10 177 194
90 46 265
24 22 54
82 75 162
96 122 224
13 118 132
45 121 211
90 104 203
43 159 259
11 129 150
42 68 110
13 70 83
57 78 196
83 0 121
38 53 97
22 46 170
59 125 230
33 63 112
36 19 72
37 170 216
28 111 176
53 163 260
53 179 273
64 153 220
95 107 350
53 101 162
4 144 157
21 121 192
72 44 126
38 113 219
19 191 214
63 82 168
17 95 112
61 101 309
72 4 125
20 24 131
77 169 250
27 192 223
92 183 354
50 4 63
96 106 215
26 165 200
64 56 122
31 179 260
92 27 149
37 40 146
2 2 122
23 106 180
77 3 109
51 149 210
8 22 141
52 77 192
15 50 68
59 110 272
81 120 210
45 89 140
20 155 177
67 55 126
68 48 120
94 23 146
18 40 228
5 48 85
48 28 145
1 64 78
98 131 239
74 190 366
36 163 372
100 102 239
60 176 273
14 85 291
15 54 166
50 150 228
17 24 66
56 83 161
45 70 117
52 194 268
79 121 210
93 110 203
7 104 268
79 135 223
3 26 121
4 172 182
33 94 148
29 89 153
83 146 274
38 136 183
24 131 156
54 121 335
77 31 282
41 94 310
97 142 438
81 179 312
100 3 279
35 54 124
82 161 245
26 63 136
14 169 189
48 51 104
45 169 215
79 123 388
95 167 264
80 113 200
81 37 165
11 18 34
42 9 238
10 127 180
67 81 154
9 67 92
42 77 157
15 161 217
57 181 408
17 174 191
41 28 75
32 15 76
89 4 132
39 110 297
42 113 342
97 30 235
72 47 154
64 184 298
68 18 166
73 29 111
97 12 149
96 92 194
73 99 174
1 1 189
9 8 18
30 132 211
10 1 28
100 131 400
8 7 22
40 13 72
42 32 117
22 130 160
23 68 114
79 64 153
12 174 192
48 132 183
17 44 66
82 163 282
62 92 156
7 60 70
69 131 207
98 98 215
86 154 271
67 169 242
33 151 191
77 28 154
5 194 210
95 112 218
81 41 123
64 84 158
43 20 89
31 19 220
21 189 310
4 16 24
34 104 142
59 93 274
5 98 111
25 33 74
48 102 155
96 65 170
72 109 186
42 57 266
73 79 194
8 96 110
32 150 190
21 192 232
30 123 154
13 6 29
98 135 237
70 157 270
90 114 244
74 131 228
65 27 127
94 79 368
30 18 66
30 165 377
22 108 143
43 168 234
70 46 121
10 56 66
38 36 79
55 104 163
10 194 374
89 157 253
9 149 194
69 179 253
5 172 186
16 66 269
41 158 199
98 83 238
98 112 212
82 118 210
50 171 222
81 185 380
35 149 186
62 75 139
91 122 215
78 6 119
78 35 117
57 36 93
69 139 218
57 7 70
58 60 152
51 44 96
12 38 93
50 17 261
19 158 192
22 93 161
15 9 44
52 32 185
17 140 198
73 193 297
70 100 355
31 1 42
37 40 89
33 158 256
90 1 94
50 48 108
59 129 188
42 48 92
53 10 66
92 39 131
35 61 184
65 128 263
21 100 230
8 76 101
63 69 137
19 147 321
14 8 44
