630
81 198 289
32 173 210
17 79 106
15 2 210
65 30 240
60 90 157
68 39 118
6 96 112
41 78 197
59 60 123
6 102 121
36 136 173
21 132 156
92 47 149
66 77 320
4 106 155
86 131 224
54 78 174
52 21 195
5 3 158
76 102 203
80 56 185
61 192 255
34 18 54
81 167 254
71 21 93
53 200 286
82 41 130
6 9 178
23 83 111
94 162 274
92 158 430
22 115 258
80 170 286
99 93 202
98 41 155
86 85 177
10 170 183
15 134 224
20 183 207
46 32 87
35 114 157
50 62 113
27 171 240
45 48 134
74 164 341
22 159 189
69 11 84
33 167 216
37 7 72
18 36 64
87 159 317
100 53 243
33 37 78
45 170 352
86 83 186
47 196 263
83 175 262
5 104 178
29 100 131
20 42 139
9 53 66
41 95 146
28 111 325
42 70 129
61 92 163
7 113 221
15 6 175
83 147 230
85 195 296
43 45 210
21 184 244
12 173 274
23 43 69
68 101 170
4 5 113
91 197 427
40 61 139
1 135 151
71 170 243
39 165 331
65 74 240
91 18 113
30 181 211
41 165 212
72 37 147
24 64 96
20 69 94
31 48 81
3 176 331
72 125 238
57 126 188
84 138 235
60 156 219
86 175 297
53 27 82
80 72 152
17 42 88
19 7 59
80 96 226
31 121 154
80 58 183
48 7 91
86 32 122
53 83 141
31 147 227
36 160 313
42 101 148
48 1 53
57 110 172
23 105 240
44 1 212
5 118 133
21 184 251
29 19 91
30 125 289
18 78 266
7 74 89
1 191 346
85 29 264
46 18 108
63 4 76
85 75 323
44 158 244
88 32 285
51 131 206
96 131 232
15 185 288
38 183 226
12 19 143
71 66 144
37 65 107
60 75 300
64 141 215
12 182 201
50 135 252
43 7 50
100 77 340
21 5 28
61 20 129
36 137 175
67 79 275
27 182 228
48 22 74
90 183 282
50 141 205
90 28 138
73 91 174
33 1 39
92 185 281
42 188 257
5 101 147
69 142 212
36 154 194
31 120 197
67 0 73
25 5 39
45 63 118
26 141 168
70 30 108
88 31 187
92 89 216
18 110 132
81 117 251
81 161 249
20 140 168
61 25 102
81 145 316
34 46 90
94 0 97
87 40 162
71 30 136
29 14 52
46 136 185
7 60 72
95 170 265
3 91 103
70 39 112
65 170 240
5 178 255
70 150 221
22 23 153
33 154 193
42 199 423
20 106 315
51 26 79
44 178 233
20 156 183
50 114 174
94 66 341
4 184 375
17 13 79
64 73 296
35 162 200
30 166 204
10 32 48
79 49 130
77 108 187
30 35 75
88 61 152
26 198 236
6 142 290
28 95 150
40 147 329
7 182 194
71 53 124
33 149 190
95 43 167
61 169 319
89 162 252
86 161 250
88 173 319
100 89 273
58 85 308
43 115 159
100 54 162
23 68 250
5 120 274
35 179 343
27 30 89
50 104 163
26 145 178
64 50 141
68 84 165
84 103 205
61 149 241
81 178 268
13 168 221
74 43 133
89 43 142
88 187 324
2 148 341
69 71 226
29 4 38
55 117 177
27 14 48
13 170 185
95 195 298
74 53 167
3 20 186
59 125 206
28 84 116
40 29 79
25 87 112
29 149 185
63 128 330
20 126 282
56 15 101
2 94 128
57 96 193
47 104 162
72 96 173
38 110 149
76 142 260
99 23 123
82 198 296
57 199 283
86 18 118
91 141 241
80 98 323
8 199 289
93 74 170
97 96 194
65 16 89
42 180 229
4 129 133
28 87 124
13 82 166
26 154 328
14 170 205
18 63 81
17 34 51
54 124 178
23 56 247
53 47 298
21 143 170
35 91 130
87 164 251
66 16 89
32 180 222
97 109 217
33 147 291
90 12 108
33 16 108
36 20 91
22 158 189
7 73 112
76 117 206
9 105 123
21 158 221
76 184 269
34 126 168
34 86 122
82 41 161
78 181 342
16 20 39
27 129 183
9 101 165
69 70 146
100 191 316
68 10 124
87 149 344
91 2 165
3 48 77
75 42 232
65 150 391
92 182 315
18 5 178
90 195 289
61 78 178
37 75 138
46 99 189
58 107 298
55 46 129
24 165 192
54 171 232
39 58 207
39 156 302
20 127 215
42 75 311
93 59 169
51 78 134
36 73 214
86 13 104
4 87 97
18 198 247
5 113 119
29 46 75
75 182 268
63 141 364
28 175 216
75 2 119
1 78 233
5 0 13
38 9 147
85 53 148
14 30 53
33 27 101
58 182 416
30 170 200
66 23 94
70 125 224
29 141 245
68 22 95
72 42 287
51 53 106
28 10 42
47 128 181
98 162 413
57 195 322
92 174 284
46 9 60
8 9 17
30 150 187
33 14 55
57 121 374
17 83 126
40 18 92
56 72 144
57 168 300
14 16 74
50 100 150
66 200 276
97 123 311
67 120 187
99 76 179
69 139 214
22 191 214
48 187 259
79 135 367
5 174 219
69 21 95
27 50 82
3 123 244
35 42 121
22 178 232
57 85 148
16 33 55
14 10 71
10 42 54
50 186 238
71 64 138
8 2 60
81 113 198
35 0 84
37 44 125
89 116 337
10 192 207
60 123 199
8 5 206
78 99 181
3 100 113
64 75 147
30 137 167
62 65 234
89 144 240
90 38 138
85 102 275
40 27 75
10 110 297
84 144 230
21 31 55
96 125 277
66 188 261
48 33 199
11 164 176
80 171 351
73 12 94
46 144 219
31 192 314
9 38 57
89 93 371
97 191 290
13 4 39
65 140 206
50 34 94
61 53 228
91 194 292
90 70 167
1 51 53
12 100 114
79 71 160
62 21 208
79 139 361
88 141 229
94 2 292
84 48 136
25 64 105
78 169 375
26 66 95
100 82 262
47 89 175
94 98 316
73 22 98
50 101 152
61 4 71
93 68 182
63 113 374
48 102 165
35 29 103
36 142 218
26 32 59
16 90 121
3 51 64
14 174 194
36 12 52
72 28 108
58 62 166
9 26 199
65 104 227
69 69 142
3 116 125
95 27 129
60 143 214
31 103 163
74 103 300
76 142 222
39 173 222
32 183 241
8 6 16
18 97 198
27 152 277
20 99 126
59 140 247
42 99 191
60 74 142
86 90 213
29 180 379
62 58 145
67 123 190
92 37 200
12 1 58
73 128 242
71 68 145
8 147 201
8 91 221
74 28 271
91 65 158
74 102 236
28 59 88
42 173 243
41 192 253
1 139 144
81 82 178
57 127 259
61 27 93
53 196 253
33 84 164
85 119 231
50 15 76
2 137 165
45 160 215
32 108 144
45 146 197
90 49 145
16 136 349
54 153 382
13 197 287
85 89 329
7 7 15
68 103 351
47 57 142
32 17 53
21 104 130
79 117 202
82 19 110
73 100 299
47 187 321
87 37 144
13 19 230
91 47 270
77 0 107
69 190 260
11 13 49
43 83 286
75 166 246
3 27 38
39 154 237
49 18 69
45 8 53
36 187 408
59 37 131
22 186 251
90 107 257
79 55 140
82 50 176
60 52 308
36 131 182
3 117 127
38 94 141
44 57 153
18 52 72
51 159 226
67 184 261
36 178 218
63 139 215
90 188 291
43 126 311
100 45 337
93 191 294
65 13 84
16 9 34
86 45 140
80 55 194
6 151 172
88 142 235
18 27 160
21 198 253
69 61 322
6 101 116
6 97 134
23 4 44
92 123 258
42 137 199
23 21 75
90 59 157
63 4 184
21 111 161
78 30 163
51 163 247
76 187 270
78 195 276
90 102 202
19 31 97
53 8 223
63 181 247
11 155 170
5 92 144
55 133 196
73 174 257
16 142 158
84 189 282
94 135 238
11 116 165
40 199 248
72 117 189
69 102 197
70 21 163
87 56 180
66 141 249
7 58 73
15 179 196
94 71 192
44 20 104
81 66 147
12 164 193
32 199 235
40 58 99
74 2 122
54 107 198
20 132 157
50 113 166
69 48 119
4 171 179
81 133 227
53 109 166
4 29 60
18 134 154
80 74 210
52 64 116
13 91 146
94 170 289
43 35 85
55 90 172
76 94 184
91 178 374
26 15 198
3 70 123
79 2 261
61 140 205
98 108 372
72 4 118
56 37 99
49 57 114
12 175 204
84 31 121
78 166 247
24 10 122
82 127 216
10 40 54
37 31 70
62 125 346
94 101 245
45 75 165
20 48 75
92 12 113
15 29 50
75 5 112
81 15 98
47 91 145
