500
80 177 273
36 170 371
56 40 101
11 97 122
88 145 270
60 142 249
53 115 170
5 12 51
89 48 185
93 16 153
99 48 251
83 15 106
58 131 324
90 127 409
8 166 176
57 6 71
52 149 216
58 76 215
77 199 284
15 132 147
57 125 260
44 142 349
24 9 34
7 79 115
15 103 158
88 107 223
50 46 144
11 135 188
19 39 59
59 10 78
13 164 197
11 105 121
7 104 264
7 57 208
58 189 250
30 66 100
51 171 232
80 102 228
17 6 44
42 136 198
15 156 180
39 88 167
82 102 228
58 187 348
31 77 112
83 119 388
9 150 159
61 89 182
28 120 252
81 25 154
53 171 241
22 11 38
22 89 111
82 151 389
2 99 116
95 30 156
53 107 206
46 128 174
3 76 232
41 96 142
71 11 111
83 28 138
21 82 182
72 26 101
61 147 332
43 134 177
81 100 189
51 103 155
25 185 213
9 87 103
68 90 196
1 58 68
88 173 272
28 152 328
8 156 250
44 68 112
11 47 188
65 67 134
92 154 254
60 99 213
26 33 63
45 89 314
100 34 135
71 94 186
40 132 212
61 16 86
74 191 306
90 115 205
3 61 73
79 27 113
56 156 359
21 1 97
26 171 242
10 108 124
48 21 70
50 185 237
46 132 220
46 162 212
75 10 95
15 104 127
38 134 177
88 48 140
72 155 237
33 148 218
5 46 142
32 20 56
71 127 205
15 62 242
99 3 146
2 177 211
42 127 169
33 162 224
61 14 76
49 32 261
78 25 186
29 60 98
49 12 102
13 24 85
50 51 105
42 25 99
21 170 368
41 6 53
33 16 80
65 75 178
89 131 288
33 51 127
21 136 165
21 43 251
92 11 180
76 128 303
25 184 218
47 61 196
90 96 205
23 32 127
62 114 204
28 5 77
33 67 204
63 106 174
15 111 135
66 179 375
76 147 265
92 135 363
37 159 235
27 118 194
26 131 161
84 111 200
25 91 126
50 102 154
76 129 235
17 188 322
23 103 129
61 129 236
2 145 153
6 133 144
51 10 104
75 110 201
63 170 237
81 38 125
51 43 129
74 153 358
74 20 103
4 127 135
18 60 118
45 95 188
80 54 289
14 193 256
63 106 198
29 87 122
37 184 389
74 158 269
60 81 150
55 191 349
54 24 122
33 89 213
20 181 244
49 182 377
35 5 88
21 43 166
92 137 273
31 120 175
3 45 81
25 200 226
97 62 232
33 28 61
5 50 69
92 196 312
71 50 295
75 92 200
98 110 249
94 196 296
4 197 339
14 31 85
77 189 296
3 193 197
53 71 133
29 70 105
83 83 198
40 138 214
94 29 129
41 184 266
99 37 159
32 69 109
24 82 115
34 61 100
19 57 249
13 155 204
63 155 225
64 5 79
50 7 65
86 16 246
54 37 114
80 102 190
35 175 219
3 9 61
99 32 139
79 101 208
98 141 243
41 63 191
3 87 282
59 116 178
94 30 174
13 98 196
70 23 102
59 187 267
70 109 215
51 42 131
59 17 82
78 150 349
10 67 127
10 98 130
26 57 92
54 178 304
15 138 182
55 160 351
78 11 134
27 80 269
80 189 309
48 32 181
32 75 119
59 65 148
56 173 295
61 113 211
68 159 259
64 119 209
71 160 253
4 99 134
100 120 238
90 74 169
59 54 146
45 118 353
14 13 27
20 88 114
58 196 294
47 96 149
51 23 78
31 132 186
60 21 116
48 53 145
81 99 197
90 37 146
83 79 248
75 24 137
97 96 195
34 119 157
87 81 192
57 135 192
53 30 115
78 121 204
29 88 190
1 38 58
100 155 282
65 135 237
51 78 130
95 71 311
91 83 241
44 122 172
96 13 156
66 18 114
36 123 179
45 50 106
50 121 217
17 118 259
61 127 189
69 24 148
6 46 53
18 97 120
78 71 187
86 25 138
88 10 124
18 126 247
4 104 228
25 55 81
78 131 209
40 149 210
21 165 367
95 173 365
33 140 180
79 114 289
31 18 160
7 141 148
27 108 136
52 109 163
33 20 92
82 23 249
76 73 166
71 24 235
94 69 293
76 112 195
81 63 165
95 121 233
75 174 256
82 130 230
51 102 333
26 66 95
51 192 337
70 162 238
44 128 198
100 104 209
90 19 186
73 101 187
9 61 77
8 90 140
23 31 63
79 22 136
50 191 249
77 51 128
57 166 322
92 88 219
76 10 176
86 199 289
77 25 106
3 49 54
97 138 249
34 92 289
76 89 364
83 127 220
72 48 121
19 189 217
71 115 196
70 95 170
65 93 187
57 71 128
59 87 157
63 190 279
85 92 188
33 17 50
22 200 228
83 89 319
71 70 180
60 39 142
94 140 272
25 35 64
51 187 325
81 155 238
50 98 314
73 174 255
67 116 290
18 194 215
56 59 203
75 155 235
96 10 114
75 27 151
75 153 393
29 77 177
61 154 247
2 172 182
32 72 234
91 164 427
63 9 128
17 116 153
71 79 210
2 148 167
3 137 332
39 107 170
31 35 108
18 200 223
33 12 95
18 26 51
23 96 246
98 13 139
70 13 90
88 62 236
12 182 236
14 96 137
6 14 111
32 23 103
40 92 156
16 33 99
20 30 52
47 33 279
5 32 218
27 127 154
57 150 213
89 158 249
31 126 275
51 99 203
96 4 132
51 57 111
67 59 149
21 153 181
1 123 241
84 115 199
30 76 209
13 56 72
47 25 205
14 116 148
18 35 59
56 18 122
75 94 219
1 87 137
13 23 44
79 43 124
50 170 220
55 150 216
79 191 401
9 173 191
54 10 68
37 91 128
36 164 382
93 125 389
70 80 157
13 184 201
83 136 268
53 48 109
13 80 102
3 99 191
60 96 206
22 189 214
33 112 280
30 121 181
88 42 133
65 178 416
31 184 225
69 57 288
2 71 75
10 183 199
3 1 13
74 26 243
95 192 317
24 99 126
9 14 199
72 71 144
3 113 163
68 140 216
14 16 37
78 175 303
29 184 409
48 137 242
47 9 79
48 168 226
84 117 208
93 178 291
28 194 233
93 63 291
11 148 161
71 48 316
65 125 217
75 138 246
82 107 192
1 105 113
51 15 97
21 187 211
34 185 226
12 100 128
8 58 66
36 198 278
54 141 224
75 129 207
88 38 140
1 35 37
47 0 97
55 186 279
42 39 106
91 79 178
87 35 170
31 73 108
46 192 260
3 172 222
49 112 167
80 128 239
52 76 159
59 22 187
96 62 312
65 146 224
51 116 179
32 38 79
43 175 229
61 135 299
26 121 249
7 90 115
42 74 151
34 189 263
65 113 188
52 140 345
26 106 261
25 105 149
99 4 108
1 53 60
95 199 410
71 134 213
