200
17 1 26
96 3 106
8 91 196
79 28 265
15 75 95
65 182 266
42 151 382
28 98 133
5 62 72
69 87 198
80 95 218
9 161 178
23 148 371
7 178 191
4 194 244
26 155 228
28 175 375
18 39 64
38 57 98
22 38 251
30 177 216
86 1 89
49 161 214
36 124 335
13 88 120
73 163 430
51 8 61
44 117 167
90 184 473
21 175 203
64 178 251
29 152 187
59 65 169
42 112 344
3 34 49
53 66 249
89 60 158
81 4 229
53 60 308
45 80 135
12 187 201
74 19 94
82 181 303
82 44 129
62 128 235
79 200 296
84 137 228
34 106 340
70 67 184
1 51 109
60 33 96
79 140 226
99 130 254
82 12 97
20 100 129
29 48 86
24 191 251
3 186 217
63 5 77
55 62 156
77 154 379
12 150 213
37 130 193
18 151 192
5 95 110
19 31 55
23 39 64
30 23 196
2 20 43
37 182 228
19 161 216
30 25 234
78 37 145
25 162 301
5 23 32
91 79 266
1 150 160
14 195 213
15 57 89
54 113 172
68 14 101
36 164 204
6 106 120
28 164 196
48 7 89
81 12 93
23 71 253
31 118 300
73 73 155
24 148 177
9 198 214
54 27 268
93 34 159
33 44 85
100 174 393
51 140 226
80 159 248
1 132 152
34 164 203
99 70 203
28 122 152
54 159 219
81 187 304
32 25 89
35 103 193
42 39 91
70 46 119
18 74 94
66 84 156
10 128 323
23 61 92
35 48 92
60 196 260
69 70 209
50 107 163
51 161 258
64 56 218
55 190 249
9 38 82
87 45 133
17 82 99
11 10 44
46 198 294
23 80 220
18 99 118
38 119 158
94 90 190
94 7 145
66 25 134
45 187 238
52 136 194
64 102 166
49 45 98
39 76 128
59 67 199
46 184 240
78 70 331
37 108 184
5 86 131
80 154 243
52 6 180
69 20 95
73 198 279
90 107 211
56 121 179
7 109 124
17 59 103
17 61 124
95 40 166
44 12 74
2 200 204
2 95 186
50 48 146
77 155 240
11 183 249
95 13 109
65 190 255
64 58 122
76 71 152
52 8 113
60 89 219
4 29 216
68 175 249
71 6 207
1 49 51
52 179 396
28 84 113
75 28 109
68 130 344
4 107 147
23 105 135
66 200 275
71 200 271
87 122 256
10 35 52
29 197 422
39 27 71
90 124 224
20 139 159
2 177 183
30 128 162
58 23 116
31 1 122
69 51 122
66 174 242
25 105 148
43 161 239
53 172 407
13 18 36
93 21 209
99 96 370
10 142 158
66 122 276
40 38 111
1 4 14
80 63 286
63 175 246
11 163 198
71 37 127
16 91 115
