360
4 123 303
98 4 106
64 186 446
59 103 162
95 20 160
32 22 89
74 113 197
88 191 285
94 137 329
100 21 164
36 45 138
24 82 109
76 70 155
57 179 242
66 125 245
49 196 250
29 63 93
96 112 308
51 112 173
68 67 138
28 88 149
68 8 83
93 155 292
31 149 271
18 38 58
5 155 161
6 55 64
50 105 161
42 61 104
38 132 176
97 76 183
54 182 400
32 8 56
96 95 374
70 50 136
20 197 253
34 149 230
15 68 172
42 41 93
29 10 43
36 73 251
95 187 291
83 43 191
22 98 259
31 40 74
42 140 189
81 123 214
13 113 144
68 172 242
16 120 313
64 152 222
75 174 342
81 38 121
66 50 135
43 11 89
4 88 164
75 100 359
73 60 143
73 95 180
25 66 98
39 97 167
69 51 162
55 36 91
81 43 184
45 158 253
84 179 272
28 82 137
84 121 226
82 8 120
17 36 78
92 155 254
7 130 141
41 74 120
55 89 145
98 16 215
61 130 213
34 99 309
40 154 194
45 110 211
7 9 17
51 72 280
56 198 350
55 36 257
41 138 251
65 30 117
42 57 186
20 10 32
14 160 180
1 144 154
73 162 241
27 164 211
38 73 186
50 61 114
98 114 331
50 36 124
64 149 214
56 138 202
43 146 207
81 155 242
11 152 189
52 176 245
68 170 283
67 24 92
24 154 222
23 31 87
20 100 169
18 117 142
47 56 119
91 124 217
63 134 242
44 17 137
69 55 124
9 154 203
31 4 164
47 170 253
26 193 257
64 181 245
28 66 100
89 47 136
42 115 311
6 190 224
47 184 233
59 67 256
24 36 69
40 39 79
75 151 232
12 196 241
93 34 137
81 129 397
94 77 171
51 85 186
2 115 119
62 31 103
68 81 168
54 138 196
52 44 110
50 169 320
99 128 229
57 154 246
89 13 177
94 165 422
43 137 315
35 155 323
38 40 204
37 88 135
54 72 146
42 100 164
38 152 195
41 7 58
73 198 279
68 146 341
13 200 243
48 184 240
40 101 249
72 77 150
47 144 216
56 2 102
56 41 124
18 9 62
70 0 103
38 49 90
2 122 124
62 68 137
30 61 98
90 198 295
91 44 164
97 17 214
81 76 177
66 82 248
38 13 233
26 166 203
69 116 185
86 199 286
44 119 163
90 62 153
12 103 116
56 67 175
81 45 128
9 127 165
33 53 92
44 176 237
40 47 186
69 80 156
79 155 238
60 76 171
4 39 44
44 86 130
87 12 129
52 119 178
57 113 194
43 179 395
84 45 169
24 85 110
36 88 147
11 112 145
61 58 233
5 163 179
43 65 118
19 36 64
93 15 113
8 137 158
4 135 331
38 54 119
43 104 201
51 168 269
88 185 273
3 52 240
100 187 397
83 174 369
53 4 123
31 181 279
29 60 89
21 17 59
75 104 227
74 48 127
64 21 284
9 126 194
34 72 113
60 50 221
92 20 122
14 196 242
59 45 117
8 72 119
66 56 126
34 80 128
46 64 119
38 65 109
41 103 177
96 49 317
80 136 234
81 143 260
99 2 111
26 84 265
96 20 127
87 101 197
76 131 208
67 1 79
26 46 112
97 25 139
81 114 386
93 170 303
56 126 227
4 83 202
63 74 146
83 16 100
10 65 85
22 69 115
80 44 174
80 0 80
44 182 231
56 139 208
93 98 200
99 187 308
16 21 216
34 130 209
73 200 452
90 3 101
18 166 370
53 167 280
99 123 270
48 133 216
54 172 229
61 81 188
51 43 238
61 200 268
78 40 139
68 178 384
41 188 264
81 10 138
25 138 165
98 153 446
12 98 110
12 14 76
65 17 88
83 47 197
48 199 291
15 120 176
63 196 426
72 121 257
97 122 309
93 85 374
5 49 89
36 89 280
23 167 314
67 103 173
90 66 182
76 48 124
20 117 145
99 131 267
97 64 164
76 98 174
67 37 111
20 83 294
51 21 81
6 159 224
64 186 288
13 182 199
10 193 249
85 55 149
58 101 259
62 80 272
28 21 94
67 101 201
8 101 133
9 37 47
13 34 213
91 168 456
31 149 181
37 195 326
76 103 189
42 61 267
43 41 92
88 83 288
69 158 298
80 81 357
60 78 147
27 78 252
60 190 253
11 189 201
8 38 88
14 187 385
71 36 145
67 50 127
83 138 250
21 49 80
92 99 199
12 63 76
73 81 171
78 132 222
51 93 154
31 55 111
8 185 233
19 40 66
84 94 209
74 30 113
28 75 135
17 36 191
70 103 181
41 167 213
42 66 139
59 106 222
76 59 140
41 133 289
52 85 288
1 175 183
79 49 130
17 84 109
75 80 179
40 61 169
17 36 75
8 33 81
53 164 246
39 144 193
82 2 92
63 135 219
44 38 89
62 56 284
80 101 182
46 171 363
43 24 80
