910
38 56 125
93 11 140
56 118 197
50 182 280
90 191 373
13 137 191
68 106 181
22 184 332
46 7 79
13 134 182
47 55 139
64 120 238
42 143 192
9 96 106
60 46 110
52 113 170
95 12 108
5 130 172
93 92 191
20 12 95
3 179 296
35 1 36
33 184 243
91 58 273
58 54 118
68 171 362
52 29 198
19 14 197
40 84 130
45 3 125
36 181 236
40 6 72
76 128 205
82 3 90
17 84 109
84 117 203
30 195 261
49 106 159
21 181 248
53 102 159
34 184 279
90 181 275
26 182 407
1 159 167
100 153 257
91 33 156
96 172 285
89 85 174
58 57 152
73 163 240
56 140 237
34 75 110
56 111 173
26 136 168
93 200 489
46 112 163
46 4 54
85 126 256
33 50 85
88 130 225
42 191 236
58 165 230
29 129 179
49 172 224
59 12 149
58 47 136
18 159 208
35 24 163
8 1 13
18 53 115
26 150 190
70 0 97
13 69 92
10 153 289
84 106 196
63 45 151
77 53 136
2 80 85
38 65 139
49 194 391
36 120 193
28 199 236
45 18 194
95 62 166
97 56 158
58 109 191
30 5 82
21 148 179
24 118 170
99 23 124
26 124 159
55 109 169
44 25 71
12 56 105
80 155 332
64 193 276
31 46 79
97 155 252
19 159 195
85 20 114
30 127 158
62 75 146
39 23 105
46 195 395
15 178 266
12 100 128
30 125 200
99 166 269
75 37 136
20 3 31
4 151 293
74 116 225
39 169 214
23 134 182
62 132 221
94 193 378
37 6 47
30 167 233
96 47 181
25 99 191
47 53 144
24 90 123
24 142 248
96 23 156
4 16 27
83 81 165
51 200 276
95 1 191
38 183 260
48 197 294
46 30 154
15 89 267
44 40 90
21 10 189
6 144 185
16 66 84
33 142 241
94 132 227
67 89 183
96 66 191
88 56 194
2 102 104
95 49 156
59 12 104
73 171 307
94 72 214
69 7 116
74 15 107
60 160 220
62 106 236
88 200 423
69 45 256
68 33 101
16 33 56
59 114 180
49 51 201
73 182 299
24 77 117
70 193 445
38 136 196
76 102 178
82 17 126
54 44 133
22 24 210
42 66 110
59 60 141
73 57 135
74 142 216
99 111 232
95 176 299
58 55 119
54 106 172
49 120 345
66 3 78
72 150 232
81 4 115
96 138 240
43 169 212
54 103 207
89 93 185
80 35 120
16 10 57
94 197 296
94 159 290
94 129 239
47 36 98
90 134 226
76 150 227
7 48 90
97 169 276
74 78 310
85 54 151
7 97 113
87 51 141
63 72 222
33 165 383
20 102 160
6 55 242
79 25 228
96 48 181
17 186 210
79 28 131
64 96 189
91 80 174
53 131 188
33 157 229
79 156 275
61 64 160
57 172 236
53 65 189
59 153 213
20 43 63
97 1 102
27 195 228
11 72 131
22 128 175
2 180 183
95 115 390
81 102 205
28 197 256
65 100 174
34 141 219
23 81 131
77 1 232
62 10 75
24 169 215
65 93 162
14 157 335
43 22 82
19 139 190
44 109 158
60 0 70
47 46 160
85 80 165
47 181 229
65 161 300
81 186 275
78 155 260
59 73 182
2 131 184
28 11 52
54 16 98
45 114 252
67 145 213
61 93 166
56 98 242
18 113 283
88 6 183
90 68 160
47 14 67
93 130 224
31 72 106
63 97 200
86 102 188
26 67 101
82 92 184
99 128 419
32 26 81
14 85 99
49 136 295
37 141 184
37 106 187
79 35 143
66 112 213
40 103 145
99 182 282
75 171 263
69 97 175
3 1 30
81 21 118
13 51 66
3 68 99
11 170 297
93 143 252
27 196 243
82 48 134
100 11 114
28 23 57
57 87 167
44 105 194
42 60 116
39 162 226
1 114 157
23 194 249
72 95 177
15 16 106
1 158 162
71 43 118
30 98 136
36 148 193
18 109 314
74 110 313
14 62 103
93 39 145
83 162 295
2 26 28
52 5 234
74 29 239
18 93 303
49 131 271
95 34 150
56 168 255
42 131 179
63 174 240
97 132 257
50 130 185
34 66 102
78 34 121
46 56 115
34 182 242
69 3 84
10 147 201
9 68 81
56 151 226
38 12 57
44 111 182
56 36 152
76 197 274
44 54 99
17 93 145
32 45 83
84 117 239
39 101 190
4 84 92
17 20 233
61 7 101
19 141 163
81 5 93
67 188 292
70 55 130
11 92 112
19 198 226
59 193 290
52 23 83
17 104 124
25 187 230
16 73 92
56 154 383
97 116 260
2 53 71
66 50 148
5 191 226
54 138 206
85 177 285
51 153 218
35 140 254
14 180 202
90 112 207
70 76 154
14 139 282
43 117 184
26 12 148
10 78 89
17 38 193
94 124 347
17 181 289
35 28 66
98 151 249
67 40 110
40 126 334
41 38 128
7 69 76
48 159 243
46 0 62
93 43 182
59 172 237
57 30 89
71 103 180
49 13 63
20 177 242
78 173 295
32 182 224
25 36 64
10 37 58
55 129 203
2 165 322
27 165 195
8 183 373
30 51 100
4 28 36
75 121 287
22 145 168
38 65 144
22 156 180
53 109 166
3 174 180
38 3 46
6 165 191
99 199 302
13 116 146
19 40 183
63 124 317
63 83 149
8 54 108
75 111 273
89 198 410
84 133 244
11 174 326
27 91 124
47 189 255
3 126 135
5 84 94
22 143 174
58 69 310
76 182 264
77 40 117
29 3 90
94 130 377
97 16 150
96 158 269
73 185 263
4 176 215
95 107 246
11 97 242
57 133 202
80 25 291
22 79 109
9 75 85
30 177 334
32 123 156
1 3 5
12 10 24
38 164 244
80 154 277
40 134 176
47 88 135
32 98 130
94 141 244
18 81 103
1 138 157
84 150 326
69 97 225
88 152 278
98 70 175
56 34 260
57 71 138
26 118 152
15 103 126
57 6 82
27 67 94
18 13 63
9 99 135
6 116 130
13 32 60
77 82 163
64 159 227
48 93 146
15 25 48
23 65 106
83 38 318
57 150 392
8 63 113
98 63 168
43 99 150
6 190 204
23 170 200
90 60 156
54 9 66
70 87 158
11 60 98
92 112 357
50 129 187
42 39 95
62 100 164
41 144 194
9 127 216
16 43 59
67 188 362
66 181 255
19 121 141
4 65 239
5 79 237
94 27 169
4 134 300
9 60 98
21 143 174
60 29 136
79 156 245
63 34 107
23 189 214
55 12 75
29 143 172
68 33 130
33 136 173
86 79 166
25 31 57
37 84 279
19 200 381
58 133 193
25 93 153
71 12 91
77 11 109
77 143 233
42 13 62
32 83 128
24 145 243
29 115 200
55 86 174
31 170 217
95 11 113
83 45 142
29 98 155
39 0 39
64 92 164
42 25 173
51 100 171
73 111 185
13 31 53
47 74 130
99 17 163
82 167 256
25 33 246
6 1 92
26 63 124
18 199 218
21 170 348
23 38 68
63 88 153
92 156 250
82 66 270
9 117 170
10 12 155
48 72 162
8 125 152
100 150 259
83 64 152
4 97 106
2 71 205
42 192 254
49 135 190
18 158 324
82 126 241
88 193 379
77 164 241
8 13 208
40 124 167
80 108 309
29 199 236
16 4 198
92 16 111
55 98 194
48 122 174
15 38 87
98 39 167
49 119 324
36 43 151
58 175 274
100 19 120
1 190 374
7 160 174
66 111 193
26 113 148
72 84 159
35 27 67
82 25 111
4 16 45
16 156 177
62 63 304
9 197 278
43 10 53
53 195 252
49 78 234
72 102 279
30 5 36
13 196 255
60 76 144
85 30 118
78 82 343
97 112 341
40 181 394
16 30 98
36 14 56
12 127 168
89 46 158
84 127 251
24 183 224
47 200 257
34 135 223
31 163 309
13 193 209
37 170 210
3 179 227
17 182 260
77 151 271
1 195 205
36 76 130
59 84 152
11 180 333
42 188 292
83 109 199
39 0 48
3 48 52
30 186 318
91 67 158
15 143 184
53 162 222
46 189 252
42 99 143
19 16 41
54 86 144
49 55 110
76 184 277
92 115 322
44 20 227
81 161 252
9 137 153
46 102 265
50 176 287
42 89 309
98 30 134
11 80 113
89 105 216
72 39 114
13 88 108
26 50 181
91 100 200
54 117 179
52 89 280
85 145 246
2 57 89
47 108 162
42 64 136
17 111 140
66 124 213
12 181 203
62 163 226
84 66 154
85 53 147
61 39 205
17 115 181
72 86 177
39 46 121
12 183 196
54 114 177
59 153 268
41 177 265
39 103 257
50 126 182
90 80 182
53 46 106
11 177 222
31 185 272
67 80 147
18 192 215
18 55 97
11 96 253
90 141 358
40 78 125
91 104 243
80 32 150
49 83 142
77 86 303
23 175 376
97 54 179
25 66 141
6 145 158
43 112 196
22 133 172
6 193 297
79 115 214
12 151 258
4 51 120
29 28 194
70 144 254
60 188 254
62 156 266
11 191 215
40 183 273
74 55 138
6 182 196
34 91 131
37 80 221
3 163 187
86 177 285
60 135 195
27 84 209
7 117 156
90 130 224
32 83 134
42 64 290
42 80 128
7 37 88
28 120 157
5 177 189
37 123 267
35 100 162
69 18 107
87 60 155
27 9 95
96 173 467
32 136 173
56 176 236
35 19 56
76 172 248
4 167 186
71 93 195
73 58 245
18 162 319
68 50 126
85 157 383
26 31 93
17 30 54
36 126 309
17 27 93
50 19 117
97 103 207
33 29 211
67 95 169
99 181 330
2 140 235
81 41 162
34 68 102
33 109 184
96 70 201
34 175 222
38 182 226
30 36 72
74 174 310
12 34 48
14 74 91
74 7 83
97 197 331
95 31 133
89 150 272
70 146 224
92 84 295
68 187 271
39 15 63
16 50 164
21 15 66
53 143 386
5 76 138
40 33 88
44 169 216
14 112 133
37 102 334
92 31 151
23 40 173
51 54 123
6 103 109
46 184 342
97 9 132
22 189 261
60 3 64
75 162 239
87 26 114
95 42 146
53 94 153
99 93 213
89 129 338
95 104 223
22 192 245
29 122 315
16 111 141
40 111 156
22 77 108
24 100 137
73 155 249
73 107 375
100 12 114
99 98 326
21 25 94
60 47 218
38 24 67
2 52 187
80 5 113
65 49 124
34 174 323
30 67 107
27 30 63
10 35 230
29 24 63
24 10 96
24 121 238
38 147 225
100 8 260
84 24 149
66 96 342
22 142 253
25 37 99
33 58 107
21 134 169
41 185 254
64 159 224
57 59 144
73 64 146
4 68 81
45 82 292
82 174 264
21 187 286
81 125 233
38 169 389
62 76 142
58 128 352
48 106 191
60 6 93
49 191 251
57 79 141
6 128 170
68 33 103
99 128 231
12 11 32
2 61 98
74 131 234
87 4 210
17 112 137
77 47 298
18 154 203
13 30 79
97 191 302
74 29 112
61 189 284
98 41 141
28 88 122
71 174 252
86 179 274
57 5 166
3 113 152
32 156 382
46 108 237
13 49 91
22 90 118
44 164 218
31 170 352
85 43 128
62 126 197
19 102 126
47 165 212
23 38 202
80 55 185
91 165 278
99 29 136
26 161 187
75 22 105
49 114 190
50 25 198
47 128 182
74 199 318
73 102 237
62 51 238
31 147 183
6 145 344
31 43 97
47 157 379
16 48 94
23 103 173
56 106 205
43 185 341
34 123 188
65 168 236
29 136 187
46 70 122
89 136 423
93 41 307
55 150 210
2 25 28
31 60 128
8 13 24
90 111 215
93 38 169
32 194 272
20 11 60
87 135 228
26 20 152
100 7 139
45 180 235
64 84 148
17 17 85
74 93 196
37 196 424
60 151 217
3 33 43
15 178 200
15 59 84
34 54 91
86 2 266
40 25 189
94 143 257
44 154 238
38 150 313
59 80 218
87 137 332
64 89 162
94 102 266
16 8 24
86 55 142
95 133 267
83 89 173
8 112 216
88 0 132
87 79 209
5 95 110
83 192 276
29 9 209
96 152 249
38 102 148
57 1 74
51 19 79
28 60 283
69 93 177
26 5 50
43 82 126
95 163 262
78 150 238
55 188 323
26 150 183
56 58 119
88 140 228
36 44 226
87 32 145
