140
81 58 169
40 25 69
97 199 297
88 4 124
26 106 134
65 99 173
67 91 197
79 121 201
32 22 81
19 85 105
64 179 290
96 59 157
34 200 267
81 16 181
67 163 239
29 65 101
60 98 163
24 38 162
2 184 285
49 78 144
75 17 95
36 20 102
29 26 87
6 10 17
54 186 240
84 76 176
91 46 150
1 161 190
41 171 262
16 90 115
1 91 100
32 80 142
34 117 189
87 152 248
98 120 404
55 83 138
47 152 236
12 63 101
1 98 108
18 121 186
33 36 70
52 26 83
53 146 222
1 39 50
22 1 28
75 0 244
14 192 382
13 56 69
46 51 255
71 105 177
61 67 128
21 59 82
17 97 132
26 36 84
98 3 279
75 166 245
13 85 108
100 83 193
81 17 104
30 149 292
24 174 203
7 85 95
58 171 429
8 88 103
81 106 211
21 97 121
45 100 188
38 112 158
1 196 202
29 139 295
20 144 203
30 2 56
80 14 109
97 180 434
75 49 134
75 166 248
27 94 134
72 167 281
74 126 201
41 198 244
15 78 103
37 77 160
7 139 304
48 55 104
26 47 265
54 68 137
44 164 211
51 102 183
29 191 235
41 157 277
68 109 193
1 75 146
99 131 279
95 110 383
51 133 192
41 153 265
77 86 184
11 14 82
31 115 153
2 138 161
94 1 120
70 3 95
75 152 230
70 143 253
73 82 304
100 132 237
5 3 46
91 14 252
5 158 164
27 90 127
49 161 243
48 154 358
84 153 331
27 87 239
13 48 61
92 48 147
34 153 203
47 105 152
54 132 218
100 63 171
58 85 149
32 1 37
12 26 43
22 64 89
92 72 171
73 38 114
66 26 102
70 35 131
31 157 214
61 3 66
44 23 67
35 149 204
73 1 78
30 102 210
18 77 105
21 154 312
36 191 301
89 165 257
80 107 190
89 79 351
