120
20 100 146
71 150 245
69 183 386
17 9 48
97 160 265
30 102 289
12 151 300
63 115 367
66 111 180
26 20 51
98 94 198
13 120 135
90 85 182
10 75 115
83 140 340
22 102 137
29 13 242
61 134 255
6 39 139
53 150 391
67 120 229
97 110 208
82 16 146
40 70 131
48 116 165
75 44 154
24 112 136
91 80 200
72 159 341
64 177 241
51 137 237
95 50 213
13 138 185
45 54 209
72 136 249
73 179 262
80 139 257
46 153 217
72 105 187
20 164 189
52 64 118
20 82 119
34 55 230
25 36 81
68 41 126
87 191 287
96 86 210
14 186 389
84 180 267
68 174 408
11 32 49
7 46 54
30 148 199
75 194 278
11 152 164
23 5 53
26 90 124
28 127 340
65 200 268
58 169 333
4 187 205
94 164 262
56 175 279
8 103 113
82 146 267
81 122 227
63 63 254
61 140 237
80 130 377
67 0 67
38 102 255
72 118 357
12 177 190
29 79 246
58 181 322
17 81 118
89 9 120
8 148 202
75 61 144
59 192 260
89 56 162
40 86 157
60 5 115
15 34 50
67 115 192
92 8 274
57 170 227
38 107 196
22 175 233
20 38 83
89 40 204
42 88 173
19 146 184
17 84 104
32 17 56
85 115 209
43 187 240
80 169 299
45 103 182
9 78 91
3 96 107
96 130 227
97 13 119
29 192 221
22 134 161
51 163 255
10 71 94
76 187 421
20 26 69
83 41 131
82 184 266
90 69 166
6 165 321
61 98 304
14 151 167
57 107 169
89 75 260
35 0 129
71 83 308
78 118 202
