660
52 128 207
95 124 308
79 124 208
12 71 104
100 106 366
8 97 117
30 110 146
39 95 141
22 8 33
3 57 106
49 192 259
83 111 196
64 118 183
78 84 276
79 81 205
48 154 207
81 15 107
100 99 207
2 124 136
46 47 97
64 170 243
98 159 267
76 61 152
98 57 325
76 32 287
22 51 75
25 63 218
64 82 169
84 32 130
62 147 255
27 91 161
55 63 167
42 100 212
19 95 121
40 114 164
38 197 237
80 83 173
12 87 109
21 61 84
90 5 101
70 159 253
83 40 128
52 83 280
3 83 96
42 111 166
54 77 141
61 100 192
92 127 417
88 85 181
56 64 125
97 130 229
57 106 352
38 65 109
70 104 186
88 102 225
65 119 187
96 104 248
47 5 125
37 28 66
28 63 92
43 4 63
98 154 313
66 119 230
72 135 209
36 77 122
61 48 135
21 85 146
17 20 41
21 3 29
3 150 161
72 180 339
47 182 272
29 167 278
96 63 181
16 123 171
10 195 215
61 125 196
49 155 212
93 54 152
33 5 188
82 176 267
12 23 38
58 197 280
64 64 151
80 83 216
91 95 189
84 80 208
98 179 277
65 10 112
49 71 162
88 80 199
12 56 81
93 22 134
46 15 100
10 176 222
66 0 71
71 158 238
42 114 157
65 150 369
66 35 152
37 113 262
38 97 178
71 139 210
69 130 206
93 133 234
34 153 230
36 166 287
98 92 216
6 192 198
36 120 176
33 180 241
89 17 166
34 21 57
92 84 213
57 74 325
8 187 242
69 87 192
77 137 214
72 29 129
70 87 334
72 30 104
75 65 140
74 84 174
86 173 266
18 81 148
7 127 179
81 130 217
100 91 236
95 198 327
94 161 280
23 90 121
36 178 221
5 198 316
27 158 232
99 88 311
5 10 21
92 105 205
8 161 204
14 107 243
7 49 64
19 10 30
70 44 124
75 88 199
42 110 202
88 169 257
2 100 124
18 174 234
63 139 359
90 157 248
94 131 257
28 136 237
9 169 377
22 161 205
15 94 207
64 173 284
21 198 224
51 139 198
37 179 218
63 44 252
42 155 206
83 152 264
8 33 41
27 174 211
1 114 116
14 17 38
66 64 130
85 8 151
94 110 224
69 87 267
3 178 184
7 39 82
92 85 223
33 43 76
21 121 188
45 182 259
47 125 177
15 185 219
82 98 332
61 97 165
26 122 171
3 124 225
58 87 160
10 143 160
96 20 123
71 122 216
2 151 199
93 175 275
97 200 304
76 133 223
2 35 235
3 157 262
42 6 71
81 37 124
75 13 98
54 200 438
75 157 234
14 165 190
76 199 297
95 47 190
13 163 186
100 123 234
23 58 122
30 1 31
39 157 197
92 37 129
2 119 132
9 130 333
96 167 293
78 7 92
14 101 132
90 129 225
39 175 248
51 90 237
86 171 287
6 32 47
51 68 129
85 17 153
1 86 190
62 148 216
13 52 68
58 33 100
30 160 351
44 91 144
13 161 245
60 164 261
81 101 194
71 46 123
69 20 139
83 5 151
70 148 252
73 134 241
74 188 265
9 148 265
7 160 168
53 31 148
37 144 186
16 176 196
36 112 186
29 186 264
65 63 133
72 101 178
56 31 90
83 121 240
50 81 316
78 155 244
72 178 368
5 191 205
31 179 219
23 189 325
67 81 271
5 21 33
27 90 117
26 131 176
8 142 156
35 8 93
11 132 146
11 92 226
90 167 264
13 152 188
91 26 135
13 42 63
74 49 161
93 122 234
8 32 48
64 100 171
54 79 140
99 50 152
83 152 244
60 18 153
58 19 87
45 181 242
73 2 120
67 22 99
18 79 190
6 163 199
67 119 300
95 8 107
32 50 89
33 123 198
7 141 155
6 56 65
38 94 136
70 172 390
84 35 122
33 62 123
83 151 238
57 151 241
46 172 239
46 20 74
22 41 222
51 176 235
45 146 199
31 56 96
67 17 198
48 167 233
20 0 20
3 100 127
97 138 243
31 105 257
78 125 209
39 157 234
96 129 229
7 49 233
41 23 66
86 165 252
53 140 240
4 21 119
5 91 125
81 168 255
63 183 246
67 118 187
11 183 200
50 197 399
24 90 123
53 7 105
15 105 125
74 56 134
21 22 50
98 8 138
45 40 86
74 81 160
57 132 208
97 84 216
34 116 197
100 46 156
84 70 168
71 13 210
88 179 276
98 187 292
30 157 213
63 51 162
69 170 286
1 4 34
34 193 229
57 150 222
11 198 232
24 79 268
45 52 107
75 12 245
20 138 160
59 40 122
8 99 147
89 79 171
61 174 349
92 11 105
3 137 150
86 67 157
45 0 46
83 157 276
79 81 162
82 6 219
59 156 274
19 127 150
29 128 163
37 92 163
26 155 185
11 146 214
15 27 44
71 55 157
99 125 267
7 102 237
64 122 190
6 104 144
62 65 152
85 109 201
82 184 267
70 124 208
45 17 121
50 119 221
16 56 79
61 2 89
7 26 42
74 20 102
17 65 119
26 47 75
8 18 26
99 117 250
43 165 222
64 4 117
60 147 216
69 154 269
22 131 162
48 82 134
53 5 73
17 38 77
32 28 61
43 18 71
75 156 236
50 83 144
86 126 403
91 175 285
90 49 150
18 98 162
10 28 81
58 114 180
31 114 154
73 198 424
18 20 42
79 7 221
76 77 172
86 132 228
24 187 341
64 145 246
3 10 22
97 0 142
30 65 98
68 153 406
35 170 215
19 71 135
56 111 294
98 195 335
5 103 118
64 136 321
68 106 212
30 58 98
2 66 115
96 151 249
86 125 215
3 193 274
93 89 324
26 69 176
58 141 241
53 23 76
47 166 213
93 165 396
19 161 195
51 141 202
59 131 208
64 100 187
29 28 65
28 86 158
23 168 234
20 73 122
16 19 38
95 62 157
98 14 141
93 199 330
19 15 229
17 170 218
41 77 123
34 136 269
46 111 158
24 188 253
67 61 170
2 173 337
83 71 239
87 99 368
6 181 187
62 107 176
17 173 238
86 175 296
20 191 246
79 110 207
94 91 199
96 63 198
95 1 256
51 38 94
72 37 113
43 169 255
49 110 278
74 174 348
31 141 307
58 121 218
27 57 123
13 159 190
68 20 91
12 44 214
76 177 279
7 61 74
7 185 202
2 73 227
42 123 210
32 29 103
16 158 196
80 3 86
67 34 108
20 158 259
16 49 72
63 58 269
21 185 371
14 64 85
79 169 409
73 96 176
7 129 139
82 54 138
49 152 232
77 43 265
78 156 267
49 194 251
81 116 207
76 99 242
34 155 280
91 43 189
88 126 376
29 105 150
7 171 365
10 174 213
68 78 173
77 178 431
87 161 332
7 33 86
98 90 205
77 165 251
6 64 103
90 63 155
10 149 164
99 126 252
32 17 81
4 32 37
26 7 71
11 183 203
94 196 332
54 23 215
30 6 45
31 129 210
76 17 110
24 160 214
54 107 166
18 47 74
28 57 98
87 89 189
45 118 168
78 139 223
53 139 196
93 194 297
93 157 257
56 38 101
98 20 155
99 130 230
75 178 387
66 98 164
34 110 186
67 107 176
29 67 261
44 78 177
10 199 215
54 10 157
81 67 180
71 33 111
100 72 336
40 47 135
59 6 99
4 193 210
99 30 271
81 163 254
79 169 258
55 173 273
97 149 392
78 9 88
32 179 212
58 117 185
93 168 307
7 93 107
99 171 285
94 169 277
73 87 292
31 133 174
97 70 237
75 20 178
30 23 70
13 192 206
22 120 146
95 86 366
39 113 324
33 133 171
71 34 146
29 198 230
85 95 217
30 159 198
40 150 199
42 121 173
30 84 133
15 198 219
93 101 204
10 142 156
17 65 82
71 8 102
93 30 227
6 23 30
27 186 237
37 30 69
84 99 185
21 130 151
96 20 143
25 83 116
22 69 93
55 42 144
35 77 244
72 168 249
21 107 137
39 194 242
11 40 59
45 72 312
3 134 149
96 16 125
29 196 289
58 56 245
50 55 222
74 46 123
2 52 95
44 54 118
55 11 118
79 112 200
9 76 276
38 171 241
76 177 272
17 164 292
78 96 177
80 37 237
76 199 379
11 103 121
50 6 60
69 45 246
41 163 210
92 132 317
72 82 155
18 182 209
5 74 85
14 86 105
96 95 194
27 183 240
7 10 149
52 69 130
25 128 200
54 42 119
48 144 202
19 87 117
7 97 106
53 78 325
32 179 211
18 124 185
13 171 191
55 95 256
84 163 417
32 188 225
15 100 311
35 108 318
35 63 277
67 81 324
90 47 144
60 52 125
33 52 88
79 175 263
55 160 218
19 196 391
25 153 275
68 64 163
54 143 202
44 75 121
99 194 303
63 157 224
90 118 211
66 162 233
37 174 216
59 128 369
60 111 174
97 157 262
53 51 114
49 123 204
85 122 209
