820
52 120 214
92 175 270
4 139 167
46 192 282
15 96 114
59 117 179
55 195 258
34 124 189
69 69 210
55 152 209
36 88 140
93 172 369
98 18 117
51 44 100
69 121 214
49 99 173
77 87 169
36 118 157
73 193 317
71 89 191
82 104 262
53 96 165
84 139 224
78 46 225
40 165 224
8 21 124
86 7 101
96 3 261
45 2 51
74 144 402
50 36 236
83 125 209
55 138 202
52 130 315
26 46 110
14 123 142
78 192 276
19 42 83
3 39 99
66 6 72
36 37 217
9 195 208
77 53 153
51 181 260
30 10 40
55 43 109
91 22 255
2 170 195
77 41 124
62 195 318
100 187 296
91 93 213
50 183 328
17 2 39
37 69 122
68 104 220
91 146 244
13 131 153
67 20 92
50 35 87
29 6 170
9 43 235
4 73 95
19 16 46
92 10 126
41 107 158
11 162 175
46 6 66
63 192 263
96 59 178
41 24 122
51 64 212
33 156 189
18 154 203
55 165 220
67 174 391
59 42 105
4 165 338
22 185 212
86 156 246
63 1 249
32 153 195
51 136 198
82 13 107
25 30 68
63 75 143
25 101 132
74 109 188
37 19 68
12 124 141
29 9 59
66 127 196
40 91 140
67 130 336
35 153 192
39 26 72
68 33 106
75 134 212
28 18 55
77 109 211
7 74 241
17 97 116
74 148 225
73 37 112
57 118 183
74 46 309
47 167 252
37 139 198
87 146 248
37 84 128
73 50 125
20 126 276
54 123 215
40 161 202
7 60 67
72 83 158
66 87 324
89 107 278
11 157 203
32 69 126
39 76 151
43 169 244
52 21 116
24 83 143
63 193 256
53 48 104
5 67 91
79 164 243
35 156 267
96 59 188
99 9 116
45 134 187
32 4 43
73 149 325
80 0 85
44 192 242
57 180 246
50 197 259
57 9 74
31 49 89
63 92 195
98 138 277
87 187 316
92 101 243
81 188 342
63 31 255
55 69 151
78 42 129
87 100 212
3 41 44
43 106 153
68 17 258
5 25 85
92 10 105
12 147 201
79 32 289
13 188 209
21 43 74
94 51 149
11 12 53
43 156 205
52 80 132
8 88 145
32 92 172
88 21 119
88 198 467
60 79 147
95 190 330
79 4 89
71 143 408
81 56 236
100 171 280
29 198 277
93 92 228
31 184 223
71 185 290
96 50 156
79 69 295
34 58 102
89 116 212
88 17 131
47 123 288
2 123 129
100 72 220
60 189 352
49 123 305
90 166 285
31 124 164
28 104 138
25 29 54
78 164 252
10 125 135
18 142 163
82 109 217
5 15 80
52 178 328
96 70 168
66 42 234
65 78 218
53 182 240
33 198 323
39 148 211
64 54 125
25 13 53
98 175 397
83 152 412
22 149 181
99 160 431
1 163 183
29 97 128
52 54 221
24 142 167
37 113 153
98 111 304
80 181 264
33 71 109
73 97 179
94 173 271
84 60 344
42 118 165
28 74 149
75 29 108
10 3 34
80 87 176
66 127 205
31 1 44
8 176 207
75 92 210
27 22 148
1 80 243
21 67 91
12 43 81
9 176 228
45 122 200
94 149 361
52 77 241
37 91 205
46 99 151
21 78 125
6 132 162
12 170 189
67 86 223
81 27 115
87 69 205
31 79 119
53 94 161
92 37 191
86 95 231
87 28 117
19 58 143
90 156 256
26 116 166
79 88 270
13 123 141
46 81 177
56 185 251
93 81 220
37 28 190
99 137 404
82 114 203
55 200 267
75 14 172
77 154 240
25 159 281
63 26 192
93 11 124
74 59 177
73 174 345
49 93 322
8 56 258
43 110 203
89 147 265
78 156 240
48 39 172
49 56 108
27 166 211
44 48 143
6 21 37
89 165 256
97 67 307
85 137 325
2 111 215
73 110 187
44 184 235
5 4 26
86 54 272
83 115 198
85 11 103
2 187 195
23 95 120
71 122 213
60 49 129
60 32 93
75 81 184
44 71 259
67 21 92
66 88 164
92 61 185
36 168 288
36 200 242
75 176 281
70 69 148
76 160 264
47 73 146
22 46 83
5 37 49
49 168 224
21 19 40
98 158 391
73 121 202
61 59 161
89 8 116
98 0 103
70 179 341
66 90 156
99 117 411
56 19 118
38 85 127
26 23 128
9 14 50
45 85 302
76 82 164
56 109 174
51 143 349
41 150 194
65 89 165
40 189 249
52 16 78
14 196 210
90 49 149
61 9 72
8 111 259
72 2 111
80 187 267
3 32 199
80 45 133
22 61 225
43 6 55
44 117 170
67 43 112
61 6 67
57 61 121
70 2 74
76 177 297
15 64 125
73 13 119
87 56 145
75 151 373
92 70 188
9 111 152
47 38 91
77 104 297
26 157 225
27 49 77
46 174 388
23 40 89
27 35 71
73 133 212
77 85 168
2 196 201
68 20 89
90 21 115
50 8 168
66 70 145
89 195 328
85 91 180
65 177 377
31 11 47
37 120 205
70 106 296
45 130 331
56 103 344
99 0 158
73 0 80
51 107 164
52 180 264
8 146 161
34 198 236
19 14 155
75 47 163
88 184 331
10 94 111
3 30 75
1 32 37
17 105 165
76 88 167
64 53 117
7 177 186
17 77 104
62 193 395
5 158 181
48 55 276
98 104 211
87 120 262
41 11 81
54 103 163
12 30 49
70 154 253
69 138 213
53 187 290
74 126 237
74 133 210
89 188 386
97 76 174
94 197 326
95 191 295
17 83 101
26 16 72
27 173 245
28 44 84
52 45 261
55 156 219
13 124 246
61 199 304
42 103 147
82 51 140
63 121 224
84 146 238
52 57 113
77 119 203
65 10 217
50 30 90
56 97 172
67 156 233
19 104 137
89 90 187
68 52 297
42 50 261
50 114 168
10 84 100
50 114 178
85 115 201
14 106 149
64 132 216
61 75 309
78 76 203
24 39 90
55 13 217
89 165 256
79 147 230
2 0 5
1 51 99
70 6 86
1 88 92
36 143 297
86 91 185
59 125 191
34 108 262
91 28 123
25 145 178
5 1 7
4 27 55
92 97 193
42 118 162
81 160 251
82 78 180
78 94 173
18 70 94
19 59 97
4 95 142
47 57 107
23 59 82
52 6 67
53 158 260
68 175 375
22 25 122
85 103 365
67 110 178
64 86 153
71 184 256
2 69 103
5 134 139
40 121 167
47 191 244
67 119 195
35 37 73
87 160 275
1 122 160
4 18 55
37 70 185
26 11 67
74 185 264
59 149 212
15 31 54
88 120 349
44 158 207
39 107 173
64 139 236
92 159 254
43 195 255
11 7 169
54 11 100
41 170 212
91 124 249
55 22 85
66 161 251
90 134 228
36 104 283
49 64 113
50 146 370
63 18 88
1 85 96
35 32 77
20 86 123
53 148 211
75 24 130
7 129 270
82 199 331
67 179 247
69 27 100
42 6 55
26 41 76
70 107 180
16 41 105
81 29 120
41 84 125
87 6 197
32 79 114
9 14 32
4 127 137
73 189 268
55 154 232
31 50 85
66 27 136
24 182 208
7 137 344
98 167 267
75 99 212
80 38 140
44 117 283
46 153 321
77 64 145
81 53 158
23 184 346
16 79 97
91 160 285
35 163 285
86 200 331
38 85 144
78 180 269
85 42 177
97 88 216
71 163 268
96 4 102
100 35 137
17 161 187
79 11 133
51 22 81
31 91 128
65 187 300
22 79 133
33 63 102
61 152 325
10 149 191
19 193 219
65 108 361
76 80 186
89 113 210
89 90 216
34 193 233
23 96 168
65 64 130
75 95 224
76 95 219
11 22 35
91 96 195
39 163 248
14 30 169
24 175 346
88 40 228
64 87 349
62 81 146
45 199 343
15 114 150
14 44 58
13 128 247
3 112 125
5 70 155
56 109 167
14 119 137
22 123 303
9 78 105
42 156 207
1 1 47
18 78 211
1 165 180
97 118 251
94 149 249
59 67 133
68 179 293
40 129 173
26 28 63
68 118 194
42 131 195
51 22 95
7 98 111
53 90 145
97 100 199
36 192 233
9 140 149
70 41 309
50 179 279
54 169 227
6 22 32
99 9 112
33 47 227
12 3 20
46 86 172
4 37 41
43 177 223
46 106 158
50 55 115
40 64 136
77 51 142
94 17 150
19 192 372
5 20 55
17 159 290
36 188 233
20 42 109
57 38 259
63 28 91
56 185 274
34 65 103
100 72 181
99 97 200
78 148 230
11 157 175
31 121 159
52 71 125
12 52 129
96 61 213
66 17 206
48 185 278
7 125 166
82 40 157
92 74 205
59 151 361
48 40 133
49 127 179
25 161 277
63 53 126
63 118 184
32 100 218
23 95 129
23 196 228
35 57 99
80 58 180
99 104 211
25 66 266
10 164 203
93 44 139
100 195 373
52 79 317
56 70 133
45 32 86
82 35 122
80 72 275
4 16 21
46 100 155
69 70 145
30 82 143
5 190 234
44 140 260
100 105 230
90 109 303
13 134 155
83 160 245
20 196 227
26 179 220
6 39 47
13 95 126
70 81 151
53 154 226
21 10 50
84 41 198
3 53 146
89 42 134
93 12 105
58 189 349
33 198 284
90 37 172
11 141 217
96 112 310
42 0 86
1 155 353
81 152 240
76 60 142
54 63 308
54 103 167
93 151 252
75 199 281
10 156 202
63 12 78
11 80 235
34 2 109
63 114 280
62 179 245
88 186 299
71 10 99
3 7 132
99 197 344
57 162 266
77 89 217
27 199 348
100 48 152
5 51 57
8 80 90
53 74 133
30 61 92
6 119 134
7 96 181
37 154 197
16 175 195
1 186 197
48 172 368
89 76 298
9 190 275
48 108 156
79 122 351
44 126 301
33 150 190
74 118 199
69 195 323
14 139 172
56 64 146
86 131 220
59 153 248
19 132 181
23 177 234
48 12 91
13 3 48
82 17 144
31 7 43
99 129 255
12 127 142
46 69 123
50 102 164
40 75 123
18 190 210
38 106 187
83 137 230
73 69 188
52 139 312
52 136 229
18 12 33
94 7 139
53 72 133
1 188 319
40 115 200
40 71 121
83 4 95
40 35 78
11 71 115
92 44 275
70 11 93
69 19 156
22 45 74
3 33 77
10 66 102
39 34 82
31 139 186
10 31 85
88 141 239
33 20 60
68 164 240
100 197 340
97 86 210
75 48 156
50 108 356
1 146 158
67 126 239
41 91 207
6 87 102
12 182 198
96 53 181
45 29 107
51 102 271
97 109 242
98 187 288
37 61 296
45 87 239
35 175 352
37 58 227
58 165 251
95 61 165
45 43 102
63 118 284
83 75 354
45 3 52
5 144 256
61 130 196
17 116 170
91 78 187
1 186 194
8 34 152
23 103 132
38 162 247
15 144 292
72 165 239
86 112 205
51 41 95
21 193 224
96 76 297
81 91 173
51 138 351
48 4 66
35 97 273
83 189 279
1 49 50
41 147 238
14 92 108
59 149 209
87 98 192
93 90 190
73 192 305
46 158 235
87 16 145
60 118 180
20 39 100
