550
30 8 86
20 136 164
2 130 135
95 97 204
35 66 120
56 57 243
90 19 110
6 165 197
68 105 177
9 186 196
81 151 240
66 142 227
75 30 297
4 136 154
72 197 283
4 14 47
17 133 150
88 88 207
14 32 52
49 10 69
6 56 67
38 118 231
74 126 210
55 29 134
87 67 162
83 123 210
28 5 88
85 108 219
89 81 350
25 53 85
69 124 200
71 166 266
83 4 210
58 193 281
88 173 263
50 110 223
59 52 120
47 59 122
46 100 283
72 86 180
58 86 153
47 0 71
33 99 282
13 8 58
62 152 215
57 128 329
31 88 153
86 162 278
43 111 182
77 5 90
29 128 302
27 158 192
67 27 238
86 145 370
51 198 423
73 155 314
100 108 212
63 101 199
26 187 299
89 46 151
68 110 254
61 15 93
93 81 199
76 86 182
9 106 146
50 169 219
78 199 278
68 19 97
77 130 382
53 129 191
56 199 283
67 119 192
28 88 238
48 150 202
59 115 210
3 19 195
59 58 151
58 18 82
59 8 72
98 165 290
53 135 358
63 34 205
12 50 76
84 157 247
45 200 274
38 151 193
67 106 179
61 95 179
1 40 48
75 175 292
93 199 294
30 21 65
95 65 304
81 58 317
6 150 161
84 170 256
64 53 124
42 187 236
16 59 97
7 67 264
19 79 271
87 22 209
80 182 417
14 70 119
89 183 449
10 86 162
32 149 184
80 60 185
50 68 224
83 112 211
87 70 162
59 104 338
24 90 122
50 147 205
55 93 262
12 68 122
52 8 64
90 93 308
38 130 170
64 93 163
70 148 219
75 69 175
37 14 56
100 200 429
78 35 258
87 34 156
38 166 226
32 115 156
41 139 212
64 72 139
13 95 285
11 185 218
80 48 136
44 48 137
100 94 197
76 173 282
61 186 381
19 125 147
90 24 156
81 141 421
74 24 135
1 123 183
44 37 98
23 17 55
37 28 99
25 148 188
91 74 198
97 24 160
88 114 249
21 26 68
24 171 206
4 52 91
13 87 128
9 109 118
71 152 241
16 33 79
74 167 269
30 51 113
12 140 162
34 191 235
48 151 387
55 111 175
48 123 191
96 106 212
66 115 191
98 191 296
89 113 206
14 54 75
73 95 240
71 4 80
68 182 254
11 139 153
93 124 225
8 164 187
58 40 260
65 41 305
20 114 143
21 20 43
40 59 190
55 79 134
34 43 266
79 66 148
79 54 254
62 94 169
2 198 315
8 104 128
1 18 106
57 121 203
90 44 242
23 62 177
79 162 242
76 195 281
54 101 212
2 131 159
76 79 164
60 198 259
55 22 255
79 32 149
65 124 235
8 196 252
4 25 31
87 171 298
67 25 286
17 92 126
84 156 383
33 32 153
89 81 214
52 190 288
84 95 187
49 90 148
87 36 222
56 5 201
41 39 81
38 1 44
14 133 152
41 39 135
78 22 266
23 73 223
66 110 181
60 181 242
56 132 198
35 13 50
76 72 155
92 182 276
6 190 237
8 14 158
62 17 149
43 143 282
53 172 233
35 60 120
16 73 136
78 187 340
23 6 60
86 175 381
81 27 108
12 116 167
20 52 81
9 200 240
21 155 206
44 100 148
19 155 175
87 129 237
22 131 154
44 16 74
95 61 181
26 165 193
42 156 243
14 120 139
40 98 148
96 90 224
74 3 108
92 98 199
32 91 160
33 108 181
84 31 156
100 130 393
14 111 128
16 1 178
33 82 120
50 88 158
79 185 305
77 37 136
8 1 13
47 113 165
49 184 239
83 16 108
82 13 138
56 24 112
47 130 208
54 7 133
98 128 357
15 29 227
2 174 182
90 1 249
40 48 99
36 30 71
34 94 274
7 61 71
49 148 222
81 114 200
87 144 237
5 112 164
80 125 281
88 44 151
61 29 96
38 22 89
75 129 395
45 8 73
22 122 145
15 86 107
85 99 184
61 95 298
47 36 88
80 14 97
43 50 263
43 129 182
21 20 51
7 147 288
59 8 70
95 57 158
4 35 46
9 181 205
38 155 212
23 52 111
100 152 273
71 197 318
16 1 32
30 133 175
23 191 214
93 27 222
56 122 289
60 132 195
47 190 246
11 55 67
69 54 132
80 54 149
79 24 151
66 60 133
53 67 122
85 29 267
12 10 24
56 15 85
91 99 327
41 155 224
36 200 244
14 14 73
10 30 204
92 141 242
88 29 120
72 187 384
100 18 221
38 76 116
81 11 102
19 150 212
69 114 213
27 70 103
1 105 285
60 26 90
40 36 76
77 166 244
81 100 201
90 171 393
7 31 186
74 48 305
77 140 227
14 122 140
69 143 213
18 50 73
88 178 399
7 100 113
9 188 245
37 76 235
54 198 259
40 72 117
4 181 193
19 119 154
66 102 196
4 188 202
98 187 299
80 76 200
3 24 154
62 53 143
32 4 64
80 52 138
82 179 404
58 183 251
60 55 265
71 164 240
38 181 226
28 19 57
8 7 20
20 131 160
35 82 157
91 165 408
7 190 387
24 124 176
48 141 335
66 100 173
59 54 231
11 117 165
73 130 212
71 81 190
1 132 137
92 175 297
26 190 229
74 143 257
17 142 162
9 24 37
33 108 150
64 161 234
35 20 70
4 56 90
16 174 209
95 45 239
21 59 128
71 189 265
7 183 223
74 180 284
94 138 241
10 86 255
94 189 290
52 102 155
74 176 264
97 159 265
2 154 162
2 160 180
91 133 234
71 36 143
49 122 294
54 146 330
57 108 204
86 141 255
15 1 46
67 170 244
55 182 312
15 180 198
3 138 245
75 69 145
20 128 149
28 13 42
36 64 170
72 162 379
6 116 130
34 95 144
5 81 88
74 100 175
7 111 305
10 85 128
32 108 190
39 50 98
11 9 24
18 87 212
85 145 234
98 41 306
15 73 254
82 190 395
99 136 279
82 50 147
52 29 82
83 2 251
7 161 177
70 188 430
56 48 146
35 1 60
60 128 273
36 71 152
40 131 317
8 108 128
98 3 139
48 60 141
16 0 27
37 152 278
35 103 197
46 118 179
3 16 108
94 114 227
63 78 179
46 65 118
99 114 227
15 63 113
53 20 78
13 75 199
79 142 223
34 75 118
93 131 231
74 59 176
6 99 145
99 56 194
36 196 245
4 117 126
81 169 421
21 105 151
46 120 204
53 44 104
90 91 190
54 52 112
27 18 59
38 155 380
77 38 129
48 135 185
91 168 261
72 176 434
92 162 291
10 149 166
7 9 37
50 64 120
97 111 222
26 50 79
7 12 52
26 118 168
79 0 130
6 153 174
87 34 124
43 117 171
29 103 327
4 73 83
6 40 227
13 189 309
11 73 197
85 101 221
48 4 96
54 52 114
14 83 104
90 39 140
80 174 278
62 160 227
7 33 43
95 9 147
38 104 145
31 147 279
98 80 186
30 6 39
5 64 81
80 77 164
8 155 173
20 8 59
69 197 291
57 101 254
76 102 181
95 60 160
83 108 201
9 2 186
42 46 124
63 146 238
2 191 195
98 70 188
74 182 260
24 104 273
44 128 195
46 180 376
10 39 69
98 116 317
90 109 387
33 194 392
96 188 307
43 72 160
74 109 193
8 40 57
31 68 147
54 155 216
20 54 78
31 66 178
85 162 255
55 118 178
67 196 295
63 54 119
79 23 123
66 81 155
1 102 112
58 134 197
