640
84 45 238
77 153 265
31 36 224
45 186 232
32 125 262
78 168 413
35 19 99
39 51 98
79 37 131
5 121 136
5 125 137
33 200 253
92 69 167
6 57 92
88 40 156
44 157 206
11 23 44
56 68 131
56 6 129
91 31 131
73 75 148
18 112 165
96 105 203
42 0 52
89 142 325
83 171 255
43 93 136
76 137 221
35 191 353
60 185 355
83 144 266
64 160 289
69 7 80
69 3 101
31 86 176
72 186 266
99 171 273
70 16 91
19 176 232
79 154 239
7 44 57
91 45 183
80 67 174
33 183 279
12 88 101
92 85 263
13 80 134
29 86 122
78 137 238
60 68 138
43 171 215
12 197 222
36 87 303
44 94 147
33 200 238
62 101 169
86 140 236
54 18 142
61 25 188
75 187 374
52 121 365
79 172 317
99 198 304
31 133 192
83 197 287
5 146 151
20 132 199
1 178 250
96 134 274
57 168 227
49 104 163
95 25 319
78 98 180
21 182 211
70 129 244
23 18 73
3 21 27
15 3 126
89 134 365
79 150 372
78 154 278
87 107 216
41 130 328
67 28 114
70 21 224
92 0 102
91 47 141
2 55 128
13 122 143
99 185 292
30 167 369
44 30 78
75 139 222
54 182 389
91 31 154
4 74 125
29 189 348
22 134 166
86 52 185
33 110 226
82 76 199
18 57 79
48 87 266
91 20 133
97 18 309
33 63 97
10 91 102
28 170 206
7 145 230
44 29 103
92 0 258
35 47 108
46 198 252
16 121 138
5 11 62
65 162 305
17 12 40
77 129 215
74 179 262
28 154 217
91 139 237
89 145 258
38 5 86
35 157 370
23 43 76
2 108 137
62 112 180
68 86 182
82 169 286
68 183 292
40 55 137
84 28 117
90 111 205
58 145 250
60 79 140
10 24 224
14 12 26
69 171 261
2 39 228
19 77 100
100 190 325
68 55 125
99 12 224
87 103 239
41 19 67
33 41 83
96 141 269
42 16 100
42 185 275
30 54 86
27 62 201
17 95 115
34 6 104
91 54 150
82 138 268
80 28 141
99 64 181
4 112 121
39 130 188
6 7 60
15 189 211
100 179 326
89 135 229
98 166 313
50 152 205
63 159 291
61 80 152
80 67 197
16 140 159
33 23 63
55 159 408
90 73 170
44 187 281
95 113 217
90 151 289
25 119 160
70 116 192
91 83 186
9 11 53
95 141 242
71 92 336
50 156 216
30 200 268
74 69 146
52 195 253
58 173 231
50 107 160
32 152 185
98 117 249
20 124 145
37 139 208
65 6 107
4 172 178
51 89 162
92 118 255
90 15 297
20 31 79
69 184 439
85 23 116
18 51 75
70 104 177
41 21 62
24 109 145
72 109 187
96 185 373
7 185 226
68 178 255
57 176 339
26 11 42
26 60 88
61 138 200
18 61 119
68 134 240
16 177 354
17 30 90
27 143 179
76 46 132
32 59 112
36 192 237
21 168 242
35 35 79
5 179 234
69 158 234
26 65 97
34 152 368
60 152 221
35 156 195
39 176 342
40 62 109
60 148 227
11 22 72
62 29 94
36 110 181
64 68 173
21 110 191
15 82 106
56 98 214
10 7 21
5 113 159
25 28 172
42 173 218
4 183 196
38 114 201
37 32 74
40 139 192
43 159 287
33 44 99
42 90 140
34 69 124
81 54 167
49 168 406
25 154 186
98 29 133
44 37 88
9 186 362
65 89 244
87 32 144
48 126 214
38 196 269
13 189 223
57 16 79
1 196 206
26 85 125
26 135 211
47 70 129
85 167 293
42 81 132
58 89 171
36 172 216
4 18 60
45 90 139
5 109 124
70 103 368
94 165 301
71 12 226
92 124 220
51 101 287
2 137 168
49 136 193
70 154 224
47 65 114
39 152 265
28 24 205
85 64 153
54 143 332
20 5 65
50 60 156
34 182 256
63 29 140
33 114 149
29 43 79
86 14 103
10 24 36
84 192 286
55 105 163
90 109 199
58 16 76
98 127 263
34 172 208
2 77 93
97 190 291
68 65 268
71 173 333
17 156 177
34 22 92
26 4 113
50 195 273
44 156 208
13 176 215
25 165 238
9 15 55
3 10 78
36 58 276
43 38 84
32 50 94
79 153 427
3 89 117
55 200 285
59 150 217
50 77 137
27 140 193
77 127 207
6 4 13
33 93 135
5 101 137
28 185 389
91 104 327
79 127 245
90 187 278
15 78 94
52 148 227
30 171 261
35 144 206
32 142 202
30 126 156
37 100 145
76 59 294
69 125 196
17 53 71
9 95 111
7 43 152
58 110 169
61 158 269
25 44 106
56 42 270
62 127 384
45 17 204
42 18 106
4 57 61
41 193 251
94 133 391
18 177 201
98 4 136
90 76 180
20 11 33
16 175 199
59 195 317
95 93 197
61 132 203
34 79 285
12 91 110
52 162 257
23 71 104
34 90 127
40 94 150
9 192 205
85 149 346
82 50 165
30 165 342
36 55 91
48 189 238
75 179 328
65 138 270
91 178 279
89 100 223
29 195 225
55 38 94
23 27 59
55 169 229
48 80 130
17 121 154
67 121 212
23 48 77
100 129 235
98 157 280
59 76 158
64 175 265
80 136 349
95 81 186
22 82 142
16 48 114
66 172 277
70 143 222
53 150 207
80 10 97
51 76 158
38 110 151
66 94 241
65 94 262
40 83 130
49 65 256
74 34 123
83 45 131
43 134 181
14 37 80
89 188 296
70 24 174
3 78 82
12 84 99
85 15 104
4 158 247
2 143 170
42 22 102
71 53 170
12 96 149
41 4 201
84 134 231
97 179 321
79 183 301
2 57 221
5 63 110
29 167 237
48 73 127
55 90 328
85 160 356
50 3 159
37 19 101
68 92 166
5 174 209
56 192 284
48 101 176
81 89 194
22 174 236
86 39 129
67 76 186
40 29 76
68 135 248
45 20 230
86 197 316
99 46 153
70 181 295
12 56 68
10 115 165
70 155 230
21 136 309
22 57 87
93 170 267
85 77 168
76 55 141
23 145 172
39 99 138
79 161 333
56 155 260
8 132 310
60 139 199
49 119 195
64 148 222
40 68 158
7 75 85
67 196 266
97 0 244
50 42 99
86 86 190
10 75 219
98 121 225
39 62 123
8 65 79
69 187 258
72 172 251
18 75 128
14 79 94
56 46 112
78 73 180
24 196 221
97 104 221
90 2 98
90 136 248
62 103 212
92 96 188
32 84 122
47 147 196
61 45 111
12 177 220
43 167 250
43 26 104
85 5 202
79 97 178
56 55 190
25 162 187
30 170 241
79 120 213
26 159 185
10 138 192
23 0 32
31 74 123
38 55 95
28 74 187
4 153 162
21 69 99
8 99 116
80 124 210
35 7 42
85 17 108
17 90 298
93 158 254
20 158 185
66 165 291
60 172 416
78 79 159
61 193 255
9 27 88
54 94 150
7 114 133
24 20 74
61 21 92
57 149 381
33 186 225
58 89 178
1 48 57
16 77 101
5 48 53
84 186 272
49 86 172
56 16 80
86 169 284
96 65 162
2 13 25
17 189 236
80 51 330
32 105 145
40 75 117
59 4 73
70 84 163
91 119 247
91 143 363
41 155 394
47 168 238
85 14 103
19 95 116
20 144 211
24 17 42
17 94 121
74 173 284
49 97 167
80 118 241
27 27 58
78 74 317
66 188 268
86 25 122
63 28 106
79 192 274
35 75 132
54 74 136
64 148 257
37 151 188
11 105 126
33 2 212
1 55 83
66 84 297
92 0 99
52 14 116
20 123 173
98 49 183
86 168 413
66 164 362
87 44 231
98 104 207
16 142 164
92 107 211
31 10 194
31 183 222
63 74 140
77 36 152
85 99 221
82 159 259
51 188 247
19 195 351
7 93 129
46 144 218
54 174 311
85 68 160
32 160 219
74 173 247
53 62 123
71 104 313
1 109 292
70 157 408
7 85 92
68 142 363
52 104 197
51 142 368
93 101 197
33 169 248
39 188 241
19 121 277
59 145 237
90 120 258
83 77 257
57 147 226
15 88 110
45 163 361
90 66 264
89 159 250
16 193 390
52 157 243
27 139 172
49 1 164
7 100 113
43 126 355
73 176 257
79 142 374
21 43 253
49 121 197
45 13 79
13 54 244
24 43 101
5 4 15
54 111 204
97 189 331
2 65 92
54 27 263
45 159 207
33 159 208
10 110 211
76 175 287
91 111 369
79 49 205
94 59 155
24 111 138
11 183 230
75 113 201
16 115 148
40 11 200
9 184 243
20 96 260
27 174 204
91 73 190
87 38 206
98 141 388
9 37 50
