360
73 82 164
76 159 399
96 73 366
76 114 195
57 193 432
58 78 161
26 178 303
44 94 146
18 191 375
100 9 133
2 37 83
58 152 213
71 174 289
79 172 293
71 39 277
56 97 162
66 145 256
76 44 161
15 116 302
48 78 314
30 60 100
26 58 98
71 180 254
16 80 145
70 4 133
16 121 322
90 111 331
63 41 208
99 65 262
61 82 239
28 87 124
74 60 273
47 143 235
80 148 229
28 67 96
60 114 176
63 56 146
85 117 355
42 85 144
88 61 186
79 127 257
37 105 146
47 117 174
1 198 207
26 104 173
81 175 259
88 65 153
16 125 142
44 163 216
66 101 168
60 166 233
80 111 377
52 52 107
24 167 221
81 156 247
86 87 210
71 195 273
91 41 170
42 146 208
47 44 91
7 142 168
96 46 149
87 38 135
13 92 113
100 112 213
85 56 150
64 174 260
72 12 236
79 24 104
91 143 265
66 135 208
84 195 398
35 32 77
60 99 201
28 125 155
46 199 291
1 21 29
42 181 227
15 93 155
95 20 117
83 175 281
69 111 189
17 77 104
64 6 117
59 110 239
69 36 106
52 77 162
84 21 135
24 121 145
89 125 216
78 171 254
57 200 405
96 42 175
40 60 101
19 79 106
37 133 319
32 15 89
82 152 255
37 27 65
60 1 101
95 80 340
84 95 204
100 24 125
84 65 176
42 78 121
24 113 163
51 142 203
55 136 214
98 109 283
92 88 212
18 90 136
71 55 141
10 109 147
97 151 304
67 113 367
24 39 103
94 198 356
1 154 196
76 125 202
8 149 225
31 192 416
85 27 149
71 186 314
14 163 290
97 109 216
6 0 45
21 78 113
62 133 196
8 36 63
85 135 388
73 170 277
22 93 115
73 69 148
41 145 226
44 71 160
32 123 161
2 141 146
22 188 260
97 170 291
12 63 83
70 62 263
26 1 32
73 13 111
60 147 252
99 129 232
18 102 130
45 119 180
60 100 209
58 15 92
64 5 71
97 117 219
85 181 313
39 115 162
41 2 148
62 195 443
60 108 170
26 105 241
2 86 191
82 134 236
70 156 240
68 137 228
94 170 273
75 29 136
72 184 269
30 64 218
42 101 145
99 75 183
90 31 131
96 116 222
74 53 139
91 186 321
2 31 164
3 119 167
40 118 165
32 149 189
12 156 206
32 4 52
3 2 160
89 136 234
80 109 274
29 38 82
91 152 252
56 8 196
49 106 173
61 66 276
60 133 236
28 190 221
58 57 230
24 169 203
76 161 256
6 126 150
68 190 262
9 118 137
91 4 123
22 120 215
50 15 222
22 136 306
99 188 427
20 114 165
72 184 285
50 128 251
9 200 257
38 48 114
86 39 130
31 107 171
8 112 128
53 78 148
24 21 194
5 163 177
27 29 88
62 173 316
51 114 169
26 188 310
49 174 225
10 78 92
56 15 89
3 88 112
62 125 228
90 118 372
57 126 225
81 182 267
22 160 192
34 174 280
65 10 267
68 26 95
100 7 146
13 82 98
72 185 283
63 61 171
51 75 141
50 39 97
55 67 130
73 128 201
42 73 124
87 167 288
100 170 395
99 113 261
89 144 278
99 79 192
3 119 136
43 15 111
34 44 84
84 176 260
92 81 289
89 29 120
16 168 212
80 74 280
83 19 111
42 134 176
54 141 216
65 53 201
63 29 101
14 135 165
18 129 230
97 68 338
62 132 200
48 125 199
17 50 221
99 155 256
20 196 244
46 66 173
4 56 142
84 94 180
74 174 280
63 45 122
63 47 159
8 189 219
66 189 300
77 182 264
99 135 347
42 104 289
87 103 268
83 126 253
99 8 194
99 33 157
87 41 286
56 27 114
53 1 101
71 114 191
34 157 233
93 37 145
49 13 68
44 39 273
59 11 105
14 86 102
15 5 108
79 43 123
65 124 190
28 155 184
77 163 401
10 151 166
79 38 125
89 90 220
77 185 263
93 16 152
12 31 44
70 21 130
42 37 89
89 39 163
32 40 116
78 8 104
28 67 100
13 74 126
69 68 143
16 168 226
72 83 159
60 172 304
52 95 290
91 104 195
12 131 258
64 168 252
87 39 129
3 103 111
17 76 189
3 98 128
47 184 281
93 138 404
66 147 215
90 66 226
23 95 304
26 144 297
84 66 187
56 168 331
1 164 212
52 29 90
76 61 140
37 61 250
29 56 91
100 17 184
37 85 313
63 107 175
5 51 60
82 106 192
3 43 83
14 8 30
15 68 91
17 94 133
29 59 90
25 18 51
56 170 303
14 142 183
83 126 225
32 136 168
40 94 216
40 47 127
7 189 202
99 97 233
36 107 162
97 63 238
80 1 83
75 135 246
60 39 147
100 10 144
77 66 144
48 61 295
85 132 223
98 73 316
96 39 228
54 112 170
5 154 185
