750
33 180 215
42 177 240
59 64 148
22 174 200
63 154 401
63 189 320
99 102 202
85 77 204
80 130 213
31 171 204
51 34 220
23 35 66
41 192 237
13 93 157
23 28 61
55 70 240
13 57 71
42 105 163
17 93 117
73 106 186
80 156 354
37 45 91
100 23 161
91 44 144
59 108 174
35 189 240
40 75 125
100 124 234
9 67 92
28 150 181
15 5 207
50 84 140
99 119 250
73 186 289
67 181 256
29 139 270
45 189 253
12 85 121
79 96 199
41 161 204
42 148 305
99 12 116
58 10 69
48 68 154
76 7 83
44 87 299
21 46 68
64 105 176
84 33 124
23 118 301
95 184 390
42 24 68
8 132 323
74 153 276
40 1 108
52 160 239
46 70 122
70 152 409
61 8 92
74 187 266
43 43 105
3 17 50
24 143 273
64 84 192
39 189 249
15 134 153
95 118 259
83 186 271
6 1 47
30 43 175
80 127 285
80 64 165
24 141 170
34 6 90
83 61 208
97 116 223
56 189 425
66 199 284
21 26 53
15 164 300
5 80 129
28 178 216
31 43 84
51 38 94
82 119 213
59 19 208
78 174 254
30 54 126
27 141 195
88 64 155
41 138 277
4 2 11
72 12 130
43 112 236
67 164 236
67 118 190
25 179 301
26 93 119
91 37 144
92 187 296
69 169 246
27 45 121
26 92 163
100 104 375
11 11 22
82 78 206
18 93 255
56 164 228
49 131 209
27 82 112
73 175 295
45 157 207
43 75 124
76 150 270
26 10 79
23 71 266
76 68 339
56 146 208
22 197 229
33 101 312
80 192 275
25 190 256
56 14 75
14 68 82
65 40 107
54 30 284
63 2 90
20 186 209
75 100 178
90 107 203
73 9 133
52 85 289
19 57 77
38 42 87
80 188 290
71 8 89
3 19 115
95 65 188
7 65 123
39 170 247
33 24 59
42 48 92
50 18 68
35 117 158
78 144 303
82 22 107
62 195 419
94 99 228
26 152 225
80 73 155
91 136 325
56 11 72
76 153 231
37 138 180
32 47 84
32 188 234
78 146 226
55 50 109
92 105 230
62 200 265
61 24 92
76 195 317
25 96 163
44 77 138
34 149 192
10 130 149
82 103 192
33 0 70
64 65 138
7 9 65
71 187 265
14 199 218
47 14 78
98 45 262
84 155 241
52 160 226
67 57 168
33 171 360
32 182 222
16 157 174
13 190 305
62 151 232
97 114 384
64 87 161
1 4 26
51 130 183
41 41 115
64 94 163
77 92 244
4 17 56
17 198 316
42 8 68
75 163 248
98 124 222
26 0 141
18 1 56
96 148 336
92 104 396
57 159 230
5 145 153
6 193 208
7 44 74
80 21 120
96 71 168
49 88 137
9 47 63
29 47 250
100 130 302
73 147 245
7 184 208
49 134 372
87 74 311
7 116 168
16 24 49
38 90 172
22 48 119
59 56 122
92 74 272
15 25 66
51 139 194
88 179 267
88 128 241
3 100 135
10 90 121
63 150 402
54 113 177
28 126 160
11 35 47
49 70 141
45 117 172
57 45 102
35 187 230
74 156 240
7 99 136
82 199 471
74 198 282
22 29 99
17 89 242
91 15 107
7 81 100
48 138 190
11 190 209
57 167 329
8 135 203
53 5 67
41 170 243
9 67 84
26 172 206
75 66 155
57 183 247
92 82 200
55 113 275
73 142 330
62 107 204
70 61 138
57 11 87
30 55 88
82 95 219
37 87 126
75 111 252
44 163 256
5 8 17
2 171 178
19 127 202
28 92 187
40 28 70
66 62 212
16 60 187
22 94 139
31 44 85
28 48 109
6 108 174
40 77 134
54 164 391
68 148 248
5 147 178
13 0 56
12 49 85
86 189 275
30 186 238
47 73 141
11 95 149
37 128 337
35 200 242
18 11 225
51 77 129
35 156 215
97 184 281
74 90 173
1 34 44
79 59 140
18 124 168
35 37 108
19 60 160
75 174 274
71 22 169
28 148 296
65 53 170
48 0 67
90 183 415
37 177 220
16 71 130
35 84 166
99 63 202
59 82 258
29 195 225
52 171 242
86 44 173
69 196 293
40 106 148
83 69 153
57 65 145
72 23 105
84 72 198
30 87 127
28 39 107
27 31 59
49 180 235
3 2 29
39 124 267
18 110 237
95 113 240
68 52 229
86 119 214
100 154 269
37 194 323
55 119 373
15 66 125
92 15 144
60 183 321
12 95 114
50 124 205
26 74 160
1 22 29
94 131 226
82 16 112
26 74 221
58 155 227
7 92 195
82 131 241
63 37 247
19 21 48
38 127 177
36 143 210
22 139 167
90 181 431
81 32 114
15 39 54
84 60 157
70 88 189
70 67 183
33 144 178
51 119 220
9 35 54
64 23 88
70 12 108
64 30 111
78 36 121
31 96 135
94 18 123
49 128 199
9 12 22
10 26 36
75 195 454
56 124 185
49 163 220
39 65 105
35 188 303
7 67 81
98 191 325
64 45 267
46 186 235
91 129 269
4 191 309
83 122 248
69 99 284
42 22 92
92 165 257
14 55 76
81 116 387
100 81 184
80 104 190
83 138 352
43 63 114
39 127 333
53 63 159
90 19 113
44 31 79
69 165 277
62 6 77
61 150 256
63 145 248
9 50 109
65 48 135
41 37 259
77 98 201
39 160 206
44 84 176
53 163 216
30 20 53
7 41 102
7 133 189
64 107 218
42 73 163
92 87 187
68 178 250
36 136 210
37 3 102
25 160 186
56 163 358
61 59 125
6 162 177
77 182 259
36 65 147
79 86 309
90 14 299
60 48 113
36 3 44
26 95 213
23 111 299
72 45 120
58 19 78
41 16 82
1 3 11
1 58 103
78 97 202
82 39 169
24 163 209
65 158 227
1 28 38
10 191 202
39 4 91
46 102 183
95 151 333
86 49 142
20 12 41
81 2 120
68 178 292
54 193 248
81 99 254
22 143 345
71 67 141
85 1 98
33 114 165
25 145 175
35 127 167
41 110 159
31 81 118
36 24 236
31 133 165
20 188 208
39 108 148
90 3 100
95 174 407
33 125 200
51 82 141
76 23 115
2 103 290
6 47 227
94 175 315
47 88 149
54 38 132
68 74 197
23 85 188
94 200 395
60 84 316
44 115 239
92 192 479
29 37 66
66 186 425
74 200 280
13 151 165
46 174 224
94 197 361
59 186 247
24 182 206
26 81 137
56 38 96
40 86 140
22 142 173
49 7 167
70 40 118
91 133 238
58 2 100
79 53 137
46 52 183
42 122 341
19 16 111
82 158 240
99 126 227
50 37 100
14 31 49
50 145 319
12 152 189
62 146 210
91 197 291
87 137 236
62 139 209
19 112 134
94 60 264
92 153 418
74 9 93
79 40 267
82 6 113
91 24 122
49 157 216
30 163 224
20 54 216
1 43 224
55 132 385
84 70 199
42 147 193
62 143 235
47 191 259
74 64 142
78 197 277
73 54 129
17 106 129
67 94 272
17 76 98
57 39 145
68 196 272
81 1 91
42 66 118
63 196 266
41 125 184
18 24 45
72 51 162
81 77 286
16 129 172
90 56 195
39 161 210
1 35 86
39 4 44
91 43 263
1 72 83
18 174 193
80 182 266
50 75 149
97 81 255
61 140 225
96 157 375
96 144 353
81 116 319
3 58 192
30 190 228
95 51 152
99 153 321
6 139 151
73 143 343
20 124 152
26 152 182
33 3 48
22 75 287
74 47 304
29 51 129
11 47 103
66 32 232
65 194 350
88 144 239
17 14 39
63 51 148
87 193 327
60 191 408
61 80 158
53 36 98
48 170 242
87 179 283
25 27 85
87 181 275
66 114 199
35 191 259
44 25 182
64 174 241
76 42 126
37 156 218
40 198 244
8 194 203
48 14 71
37 158 224
29 176 243
91 31 286
70 96 175
86 66 159
13 119 144
10 141 157
42 171 221
43 0 64
87 70 213
76 97 288
35 189 227
15 122 140
46 147 193
98 50 219
48 117 174
6 55 207
56 21 122
52 60 128
53 180 241
37 175 267
52 64 120
31 106 170
30 3 40
67 104 340
75 98 185
76 1 194
61 97 326
14 25 43
95 189 307
2 159 182
20 196 226
71 102 349
1 179 359
21 195 220
19 11 33
63 171 259
32 37 113
12 1 148
60 52 160
97 165 280
25 13 46
86 127 229
66 185 251
48 158 248
19 47 98
81 54 141
60 199 259
79 179 273
41 36 84
77 42 202
39 34 146
58 140 203
9 166 183
98 139 282
19 118 180
52 155 242
8 78 92
80 148 229
100 141 243
31 196 232
19 175 328
91 18 110
63 73 144
49 167 220
63 2 66
8 159 174
12 179 194
78 109 214
16 56 73
27 182 217
89 114 223
78 178 336
17 145 181
64 16 86
46 175 374
38 67 112
80 161 248
5 72 84
58 113 173
1 128 139
52 46 106
93 24 214
58 13 114
17 40 71
14 19 57
4 177 319
19 185 298
51 63 297
78 77 195
76 174 257
75 190 298
35 37 74
35 126 170
80 166 253
72 43 149
24 2 27
92 185 302
99 102 216
76 34 134
19 71 90
21 138 168
76 12 88
58 134 370
30 189 411
34 148 186
2 59 65
9 192 335
25 143 194
13 26 42
61 159 266
53 144 245
37 13 51
37 186 231
98 197 468
73 198 298
8 24 37
55 72 138
79 54 195
100 4 111
35 123 162
25 38 76
40 117 327
21 46 115
24 166 210
62 35 106
95 139 236
45 47 101
87 26 117
53 178 250
39 48 107
69 112 191
92 23 119
72 72 153
17 150 169
88 111 202
99 156 453
34 143 178
24 91 155
48 147 196
78 57 140
88 7 120
37 12 85
10 180 388
4 86 254
24 104 138
93 92 227
72 174 303
27 36 243
53 0 63
2 30 97
65 4 74
77 82 166
100 124 342
19 169 220
39 102 166
65 26 134
66 110 189
81 126 209
65 25 128
76 142 388
88 10 100
75 52 143
70 88 194
97 94 373
88 34 251
30 186 224
26 130 164
1 189 195
33 120 158
40 7 56
