920
24 196 370
48 150 244
58 194 252
14 131 150
98 108 208
64 111 182
93 94 233
74 81 248
46 176 257
85 117 310
27 6 65
6 152 194
69 75 147
81 66 168
68 151 274
72 139 215
67 24 117
14 142 162
64 33 174
36 162 386
95 133 236
77 159 367
1 64 84
76 156 238
100 143 256
21 94 125
63 60 169
94 91 211
76 19 104
85 85 179
33 129 206
27 132 166
7 76 91
89 156 268
17 124 273
34 56 127
83 129 266
2 158 327
15 14 107
17 139 156
19 184 292
89 182 278
68 38 179
54 77 139
61 13 74
92 154 288
12 67 81
60 48 113
57 121 246
83 116 208
29 55 184
24 190 219
51 46 101
20 7 27
5 48 82
66 77 164
56 120 193
23 112 142
81 79 219
72 11 91
25 93 282
44 45 99
31 142 187
87 122 220
46 84 130
45 190 424
55 193 252
81 147 236
46 34 88
80 160 247
15 68 95
63 197 330
16 70 114
80 2 117
45 15 70
45 177 354
69 108 213
50 119 170
31 177 216
84 46 151
51 165 313
68 59 213
75 151 237
76 129 215
61 138 324
60 13 186
31 77 268
24 126 259
12 165 180
57 34 94
57 11 70
26 80 108
65 32 100
69 79 156
30 2 37
68 17 93
58 88 159
41 180 229
19 58 77
20 174 226
61 66 137
66 147 218
28 198 230
93 24 118
78 127 273
54 167 222
59 101 198
72 184 298
15 197 241
11 170 232
38 116 159
66 63 134
59 103 201
61 28 151
31 148 190
83 92 226
6 186 221
83 164 253
20 24 205
95 176 277
58 76 139
36 177 216
68 0 69
67 135 211
15 59 187
90 196 436
98 61 162
61 37 104
19 46 71
45 172 246
86 187 283
95 184 304
44 176 227
38 67 143
86 131 224
30 172 337
98 9 201
74 15 219
10 117 217
46 169 264
95 6 102
39 184 300
64 10 227
85 140 240
17 75 108
37 52 164
35 85 124
31 123 200
24 168 240
9 134 153
85 83 201
19 152 181
21 164 199
80 131 222
44 117 314
98 144 245
26 111 197
29 86 124
4 2 14
35 38 196
55 171 260
60 102 168
14 12 29
75 159 241
86 161 380
70 80 165
29 150 222
4 38 230
72 50 125
24 41 73
58 57 305
45 124 267
57 2 84
70 150 226
74 40 114
71 152 240
27 193 228
49 116 363
3 177 183
4 124 168
43 44 267
46 150 227
3 191 200
9 37 72
71 46 126
54 67 226
94 191 453
57 185 333
42 52 178
13 117 150
3 191 205
77 58 178
16 97 121
41 51 210
7 146 159
44 18 66
48 33 88
30 162 193
86 148 242
4 112 222
98 20 122
35 31 87
78 197 285
23 129 200
92 36 300
71 46 120
66 41 109
37 55 260
47 13 67
21 163 372
96 119 229
60 185 247
19 2 203
76 59 139
17 36 58
48 167 250
26 192 227
10 40 96
79 17 130
91 119 250
86 176 400
91 194 311
90 123 232
72 174 252
73 48 157
51 59 117
9 184 267
81 171 275
4 86 92
18 197 224
23 42 72
40 40 89
46 199 250
4 102 227
67 120 187
45 96 149
74 38 114
45 46 92
45 182 234
24 16 71
55 118 206
28 16 219
29 193 227
3 79 92
8 108 117
49 57 108
57 163 239
96 54 158
52 189 247
71 149 410
47 144 224
39 164 204
17 83 117
65 198 265
31 171 344
76 140 369
65 195 264
62 5 205
19 21 88
55 76 212
67 35 141
11 134 153
2 117 131
49 10 64
35 52 123
23 173 226
74 22 126
73 38 118
31 33 71
59 35 161
84 141 268
28 99 144
92 71 165
33 117 151
41 183 423
68 44 219
77 2 192
18 173 250
22 177 345
55 19 74
14 62 140
33 36 72
93 28 286
61 52 198
40 71 146
49 81 201
98 14 118
20 50 117
39 142 199
53 24 103
13 100 123
67 61 130
34 101 136
31 33 68
77 188 395
8 183 224
87 132 246
4 194 203
66 169 244
66 148 250
10 60 75
29 58 123
85 56 189
69 193 309
95 125 226
43 1 44
95 175 395
97 0 124
63 64 131
50 124 232
25 34 64
48 23 76
65 44 148
79 117 259
98 198 315
70 101 323
3 41 61
5 84 92
41 113 304
10 50 75
6 58 230
63 108 173
18 29 55
18 62 104
57 158 223
91 28 122
12 151 171
55 19 77
4 125 194
98 154 447
100 149 253
19 168 190
31 198 229
33 30 69
28 81 122
95 196 294
82 24 250
30 116 190
37 155 199
98 32 151
93 189 315
4 45 59
21 19 174
7 48 83
27 100 132
1 186 296
21 3 24
36 177 254
14 181 377
12 116 160
2 154 186
73 109 221
8 136 288
35 119 180
65 42 117
18 117 137
14 189 401
72 177 256
33 89 251
58 122 251
33 191 260
82 5 169
100 140 255
62 104 172
8 9 19
6 13 28
26 11 40
26 78 105
24 80 111
11 116 162
4 137 150
49 12 92
3 156 259
33 33 162
32 179 213
23 126 155
20 136 162
37 127 165
80 177 265
62 124 194
52 183 241
20 17 43
44 133 180
29 69 130
98 174 320
31 154 186
76 176 255
20 144 206
84 119 220
84 16 269
23 38 127
9 139 151
12 137 152
7 159 190
69 61 140
4 35 48
46 10 67
76 87 169
78 79 159
47 60 290
40 118 192
3 178 183
89 73 162
49 29 222
74 147 278
70 31 106
56 47 182
98 98 340
54 65 181
97 181 283
8 3 25
19 34 53
52 57 151
60 180 244
4 195 312
50 45 109
41 16 254
55 57 138
87 193 415
77 103 190
32 84 203
16 200 226
99 174 312
83 153 241
89 78 175
27 181 209
22 104 129
70 170 243
100 102 229
26 98 131
51 173 266
87 122 323
21 122 166
17 44 168
57 66 131
38 91 200
32 172 242
42 3 52
86 70 160
49 154 251
71 50 313
89 50 144
82 158 247
42 67 112
41 90 138
9 80 96
98 169 371
11 168 180
93 178 295
84 182 287
72 85 165
99 87 201
85 143 312
82 190 288
94 61 159
42 177 269
92 71 177
36 130 170
32 72 281
76 47 123
14 192 210
20 108 152
55 173 232
19 152 175
74 116 310
55 55 119
35 25 67
14 23 145
49 119 204
88 145 240
7 184 195
18 52 78
68 167 240
16 183 357
91 197 293
95 125 258
100 60 162
84 73 166
65 109 304
100 70 262
45 102 213
9 58 70
80 144 231
1 164 304
55 89 147
66 40 204
45 89 135
29 199 229
47 106 190
61 26 108
75 172 258
36 81 310
54 90 276
48 63 233
32 117 163
19 36 85
29 111 147
11 17 28
86 95 188
25 80 107
29 71 298
31 166 237
64 32 270
74 72 154
2 112 123
99 31 206
26 98 131
88 16 228
62 193 263
80 167 250
73 189 289
81 83 214
6 85 98
64 168 275
100 189 326
55 99 155
81 175 277
73 6 87
77 84 211
91 91 313
24 171 245
85 167 256
62 138 269
63 67 131
52 116 346
80 21 260
45 40 111
80 96 176
10 79 107
35 157 236
36 52 247
31 73 114
26 49 76
99 165 281
84 120 372
86 143 231
30 168 204
87 158 278
66 48 115
60 173 247
40 2 47
70 114 374
96 41 299
84 30 114
63 156 234
11 81 95
63 33 106
94 47 145
46 68 131
28 53 108
94 194 450
5 29 42
45 48 283
76 87 165
37 49 162
46 63 142
28 6 144
64 75 144
91 22 123
15 14 131
44 169 217
25 20 52
58 54 152
11 80 97
69 126 202
31 60 266
22 54 123
73 152 233
100 69 178
15 150 288
36 14 91
85 64 152
27 113 266
9 71 83
78 4 167
93 198 438
20 100 126
97 151 257
89 142 236
16 190 222
27 30 132
96 189 316
29 182 212
41 76 121
34 159 323
71 98 201
82 130 212
37 19 76
60 34 113
84 79 163
98 43 214
77 195 272
65 74 168
64 104 258
52 83 305
39 200 248
6 116 171
5 189 228
99 81 246
78 6 119
34 82 278
62 42 104
90 198 290
49 175 380
43 93 329
53 105 312
68 164 239
85 98 184
79 1 217
62 10 233
38 26 64
7 106 194
56 154 258
74 31 133
24 52 92
40 10 87
37 42 277
20 87 132
56 151 273
46 178 341
2 96 104
4 168 177
20 1 29
14 11 25
11 146 172
47 108 265
60 1 85
88 136 257
87 162 256
7 123 134
47 172 222
85 5 160
47 120 177
25 154 183
36 64 107
20 144 328
65 186 257
89 108 362
7 83 90
19 187 212
46 155 209
87 119 232
6 16 45
61 129 221
1 20 28
87 171 263
50 100 170
33 102 138
12 156 175
76 31 115
30 89 123
92 117 214
44 146 282
1 53 72
32 50 269
42 145 196
100 44 274
62 158 401
49 82 138
2 56 201
33 182 262
10 89 129
18 71 272
72 19 177
80 150 238
84 124 213
42 134 178
6 134 233
60 184 249
71 52 232
39 68 116
45 85 319
18 35 217
23 22 48
88 137 225
4 53 74
90 24 205
65 184 284
4 91 106
38 20 234
3 129 136
75 138 215
76 121 206
50 139 192
54 53 112
17 125 159
99 111 215
65 89 164
93 45 147
55 173 238
46 16 102
67 144 217
35 153 311
42 115 190
69 106 176
21 193 274
91 123 217
20 129 322
61 74 138
99 23 187
92 127 258
65 90 190
58 184 249
78 16 127
9 194 233
28 38 212
92 191 288
82 167 253
47 62 147
23 190 214
88 51 150
68 102 293
90 35 268
23 67 100
55 147 399
43 16 180
83 18 292
72 173 258
35 56 94
74 160 241
66 39 113
85 177 263
41 82 213
48 140 291
100 91 233
79 150 364
6 79 91
58 188 250
23 185 300
8 10 25
89 195 304
13 85 145
23 109 173
46 15 70
80 44 234
83 65 152
50 76 135
66 126 236
6 160 184
45 146 262
41 174 267
42 180 259
23 6 76
1 10 82
29 39 105
99 31 169
37 120 197
99 9 159
83 15 105
50 105 160
65 79 152
46 133 188
5 92 122
60 137 207
65 93 164
99 83 190
10 35 55
93 52 190
73 101 181
47 176 232
26 63 95
36 73 250
23 133 300
29 21 86
11 17 33
1 18 28
43 109 258
45 99 146
62 127 190
77 92 171
52 19 81
21 0 144
67 44 147
30 175 207
57 50 107
18 150 195
69 60 170
19 119 162
84 72 163
57 119 192
52 186 307
70 165 272
73 141 261
80 71 161
62 29 99
35 22 93
86 32 121
17 195 243
17 136 192
94 191 293
19 21 47
85 47 232
75 160 419
36 36 111
44 23 112
57 39 117
53 128 181
11 57 70
67 197 269
1 28 207
87 165 258
8 196 331
43 197 243
23 127 343
89 124 242
84 134 227
56 108 174
45 170 415
48 8 168
38 166 222
11 26 139
10 160 317
41 30 96
68 52 246
68 194 331
100 28 139
72 163 237
56 113 170
29 167 203
34 116 155
46 148 238
24 92 129
28 105 152
88 119 228
98 62 172
8 4 19
81 148 308
55 63 152
84 29 132
78 144 231
57 76 133
45 4 56
25 181 217
54 25 79
14 3 59
97 42 174
66 185 259
42 111 175
45 55 161
58 31 131
57 70 145
71 40 120
88 18 134
94 110 216
46 198 245
74 190 280
65 129 379
87 143 233
65 74 245
80 110 258
86 173 276
67 37 110
59 145 246
46 79 133
98 198 333
16 166 214
58 117 181
53 63 165
21 28 63
38 184 324
81 116 205
74 57 133
41 123 169
44 75 132
47 21 83
65 3 76
61 110 187
12 105 122
78 115 202
5 185 191
39 137 224
11 86 101
32 174 216
82 170 256
21 109 138
31 56 87
93 105 259
76 144 227
29 16 49
88 63 157
64 48 183
68 146 224
44 32 104
8 83 163
58 189 272
20 95 135
41 168 232
78 74 162
12 28 236
37 46 234
52 29 181
57 41 113
72 137 235
73 1 83
62 22 90
63 153 217
33 39 77
48 80 143
38 197 263
80 88 171
94 107 203
23 124 262
79 29 114
17 126 227
41 193 244
1 117 187
43 140 188
64 25 244
13 17 213
49 68 126
74 187 270
70 51 128
67 80 160
46 49 95
63 48 145
63 199 266
55 171 261
39 3 47
41 86 137
64 167 263
