90
59 97 157
72 20 97
28 51 100
44 98 144
24 33 62
58 65 153
48 138 283
60 127 257
12 38 241
95 120 226
61 150 217
47 146 202
39 87 162
8 87 97
66 72 274
50 106 290
30 119 186
21 73 94
8 20 38
91 169 267
8 141 347
40 158 221
37 46 182
30 174 313
63 39 119
6 22 37
42 171 374
26 200 236
89 166 270
37 148 187
73 54 129
62 106 174
79 32 119
33 11 49
41 38 174
76 181 277
60 190 428
85 29 121
63 197 340
56 75 132
55 22 250
42 177 222
64 133 205
32 155 194
19 72 126
59 160 235
47 53 293
30 146 177
7 128 144
10 93 213
2 130 158
73 192 399
20 142 169
98 102 342
10 15 186
10 76 215
57 186 258
63 77 189
25 96 135
14 159 198
2 176 217
71 68 144
88 17 159
69 80 149
81 188 296
16 196 299
47 2 61
95 111 223
96 171 275
92 187 289
62 110 329
91 67 159
85 167 305
53 192 375
5 16 52
26 118 171
75 14 256
84 86 315
40 121 168
75 29 213
42 103 189
31 90 133
98 169 293
88 127 224
47 104 162
89 28 211
57 22 176
54 194 251
32 114 153
25 61 91
