920
43 57 133
60 52 150
74 24 103
100 114 216
73 65 170
71 87 204
47 185 240
53 131 249
56 169 233
59 99 331
53 95 182
13 199 221
56 119 205
42 112 154
4 187 235
55 121 263
40 194 393
64 168 287
29 122 153
3 172 213
90 179 288
46 167 218
98 139 285
50 87 138
59 49 111
65 54 139
8 48 60
54 132 198
64 132 356
78 161 255
65 89 167
58 167 227
61 186 267
34 55 93
27 119 173
93 18 265
54 65 148
12 97 159
82 17 252
57 7 107
4 98 103
31 114 157
44 0 75
89 179 295
51 97 168
98 55 217
90 90 224
23 187 361
58 25 132
58 176 242
66 169 237
24 3 31
100 105 209
41 117 346
64 17 128
39 185 339
88 193 471
79 30 177
1 76 114
82 161 285
7 82 95
94 133 308
3 117 130
71 161 236
49 93 150
11 149 164
16 140 161
22 169 198
34 172 261
23 71 98
34 177 323
99 33 167
97 141 269
80 17 114
91 31 156
100 113 303
47 129 182
93 0 106
45 195 244
15 3 18
13 154 176
47 8 83
74 169 338
37 54 215
41 110 158
60 158 219
9 94 283
6 135 172
41 132 296
72 60 241
18 196 239
59 139 364
51 26 86
50 31 87
23 107 134
91 2 128
41 99 165
67 138 215
55 14 69
59 71 301
45 30 274
10 62 207
28 149 177
86 141 232
1 15 19
98 143 277
32 160 192
65 10 97
84 105 195
61 124 383
41 91 269
99 49 156
80 92 174
94 68 163
60 100 205
18 126 255
86 141 235
78 19 128
40 14 104
72 18 124
96 92 197
33 25 165
70 160 368
61 167 339
99 195 297
24 161 256
99 41 228
12 81 108
20 62 83
95 140 245
34 13 55
44 121 166
15 53 225
37 148 186
15 109 129
44 50 103
84 55 142
43 98 333
96 82 356
58 46 244
85 98 257
39 45 235
60 157 316
77 25 182
56 8 207
5 152 354
33 155 194
10 194 233
70 18 120
45 164 240
41 182 240
16 148 172
70 18 118
62 24 201
46 113 164
58 50 152
5 62 211
32 69 104
47 66 121
47 77 185
48 42 124
69 132 266
80 105 195
93 149 268
8 42 60
20 142 179
80 41 125
79 52 136
67 167 237
86 52 145
12 23 39
35 147 299
51 156 287
21 19 150
31 39 76
37 179 217
57 84 164
95 5 106
38 17 62
64 130 225
62 121 222
29 30 235
2 129 140
97 14 119
19 79 128
35 33 72
24 152 196
47 1 49
72 17 138
40 11 77
22 52 116
63 150 277
83 15 101
11 63 79
2 187 190
87 106 281
16 123 251
35 90 286
30 6 42
8 154 191
65 97 195
56 2 101
82 180 314
86 126 238
69 13 97
85 184 279
13 184 316
89 119 216
99 52 188
74 48 132
98 28 129
16 49 247
64 193 257
15 76 108
76 66 144
94 198 300
39 148 208
57 185 249
42 111 157
11 28 76
96 165 291
91 91 206
65 48 271
83 130 404
60 38 159
3 30 96
25 178 211
36 151 232
97 189 432
3 148 158
88 150 321
12 109 260
52 173 274
86 106 197
57 17 113
4 90 112
63 84 163
5 26 65
86 121 208
59 121 200
52 52 298
20 131 262
69 180 251
56 88 193
68 46 212
35 182 247
11 122 207
80 50 131
81 140 386
2 48 59
63 118 188
94 166 263
58 54 117
83 118 249
10 10 194
31 6 46
78 50 322
69 172 324
81 6 90
93 136 232
9 100 115
86 191 325
70 176 254
92 36 141
53 152 213
90 108 205
79 71 209
36 46 128
43 89 287
81 81 256
20 23 52
75 79 156
12 79 100
59 33 100
45 172 317
4 2 49
8 132 312
55 42 99
43 160 204
88 91 192
62 162 228
95 77 180
30 177 373
12 9 44
96 50 148
75 96 312
76 158 272
38 45 100
26 9 37
56 195 389
2 154 165
34 193 382
68 114 189
9 143 157
78 30 246
44 93 147
82 31 256
84 97 185
5 93 106
14 31 46
92 11 120
100 41 142
3 150 173
40 143 222
48 53 121
99 115 233
72 87 163
88 81 217
84 84 178
23 93 210
19 93 119
60 4 64
90 31 131
54 55 124
62 147 402
61 51 137
2 71 110
72 142 221
39 129 172
91 170 308
29 41 72
2 190 217
10 117 173
41 42 181
65 22 131
98 178 293
5 19 149
90 1 93
4 146 156
7 88 101
99 78 181
61 199 331
65 19 208
10 119 130
6 64 100
16 51 72
16 89 242
66 0 70
43 177 248
9 65 74
76 31 111
65 93 180
37 144 191
11 148 189
59 113 190
62 185 248
67 69 185
20 41 66
8 199 226
50 185 427
69 141 216
74 66 150
13 107 123
77 58 163
91 172 271
84 19 198
98 200 307
8 125 139
28 4 122
94 58 344
2 113 237
70 199 355
71 167 262
38 70 114
51 82 135
85 30 115
22 173 236
13 54 69
33 27 105
68 16 271
97 150 391
60 6 69
4 196 397
34 68 105
54 92 321
65 79 149
18 106 129
36 112 152
98 109 212
75 51 219
10 176 273
29 24 66
72 14 110
18 133 262
21 21 50
77 58 156
2 19 67
33 162 200
45 40 98
54 57 124
65 22 118
71 128 243
34 110 153
21 192 338
23 127 155
82 121 318
13 186 219
12 193 215
92 195 399
82 161 319
64 168 343
57 1 62
44 71 148
63 174 279
11 106 119
33 184 360
22 107 129
88 141 232
44 145 209
32 151 226
9 32 48
10 194 247
72 169 250
6 197 391
83 85 199
16 62 126
74 184 258
3 39 99
73 40 223
32 77 109
8 83 252
31 78 123
92 188 313
63 73 139
83 191 274
58 108 340
21 24 71
17 48 106
61 112 241
3 118 122
75 36 114
29 100 135
78 58 136
70 31 102
4 80 211
77 112 196
6 170 177
23 67 95
12 28 60
86 128 255
81 102 229
18 132 156
86 0 89
68 120 336
54 26 203
14 166 184
10 173 189
88 25 238
26 200 232
20 60 85
22 99 147
5 56 61
99 6 147
93 75 185
14 143 164
76 199 284
58 26 122
6 99 128
36 152 189
62 127 194
1 132 143
49 195 333
92 49 143
3 174 180
31 187 353
32 103 235
9 161 293
35 50 104
95 98 299
91 123 224
9 111 132
53 27 119
55 78 146
44 158 233
52 98 154
43 56 286
94 133 234
26 59 116
93 62 301
17 168 376
65 55 120
2 3 15
28 195 230
14 62 76
34 93 136
57 74 136
85 198 292
83 171 275
91 88 197
35 22 63
65 112 194
34 191 228
87 9 250
80 156 285
33 164 241
77 103 232
47 14 76
2 16 50
95 141 284
46 43 106
80 111 374
44 80 191
45 174 264
34 61 97
10 7 19
91 167 266
44 141 205
39 61 109
12 84 103
53 200 289
81 55 253
46 75 128
81 122 251
24 86 116
7 171 196
11 159 173
15 156 240
44 122 168
68 49 127
28 15 53
37 140 187
27 171 380
63 163 229
87 114 233
84 195 285
96 66 169
32 27 83
52 199 262
74 182 294
99 22 122
83 20 201
50 12 255
63 195 305
89 64 303
14 116 137
97 70 223
9 144 177
79 179 259
3 101 107
44 197 351
78 148 274
8 15 23
43 161 208
96 46 186
65 36 142
76 66 192
75 165 408
70 2 122
42 62 111
62 98 271
44 160 250
55 40 132
19 71 145
82 185 450
100 94 269
98 54 290
81 72 155
21 179 230
47 10 91
77 54 178
70 140 331
50 117 171
51 176 240
10 166 187
49 104 189
20 102 127
85 164 286
87 125 297
66 44 205
67 10 205
25 52 81
34 100 226
59 140 343
73 71 319
39 123 188
1 125 150
38 156 201
24 70 94
24 24 56
29 174 245
12 41 57
40 110 327
17 116 141
21 22 48
97 117 219
96 120 217
10 32 46
4 88 99
53 159 218
13 32 138
12 140 196
22 13 65
97 75 339
21 39 64
84 38 284
54 24 82
90 86 185
100 109 396
87 1 113
97 87 228
32 156 227
76 0 85
83 31 119
9 83 101
7 130 312
70 168 308
39 92 234
62 187 287
41 122 204
15 156 171
28 53 90
50 160 220
67 52 128
14 180 239
85 2 259
64 55 129
34 16 98
94 94 208
85 76 182
23 41 67
78 160 240
62 80 268
24 60 85
87 19 113
100 52 164
90 160 284
11 58 99
57 136 335
10 161 210
36 17 214
87 91 199
50 46 277
94 24 164
65 34 149
18 158 187
88 116 222
53 132 207
21 150 202
87 28 119
31 28 60
59 109 178
77 159 244
62 147 216
42 84 135
52 156 215
39 88 128
72 100 173
54 47 116
64 78 161
12 94 114
3 68 185
25 103 151
100 45 153
21 0 22
38 2 214
25 134 161
84 145 236
78 163 290
80 9 138
68 47 125
10 172 182
17 58 116
37 153 200
30 188 257
52 172 268
47 123 319
29 142 173
29 187 223
40 167 374
66 16 194
74 117 201
86 162 320
39 137 189
2 194 202
7 34 50
83 72 157
11 150 338
55 40 141
21 151 327
39 192 259
28 93 185
14 153 270
56 109 205
51 95 182
98 97 214
11 133 162
79 181 422
95 188 332
66 174 285
12 20 37
19 156 210
98 148 253
28 59 97
4 50 91
56 156 220
25 106 135
54 180 234
65 79 152
28 12 60
41 178 276
18 74 92
64 21 89
100 16 125
2 91 126
22 174 202
49 184 409
84 24 150
41 77 123
100 169 269
28 70 108
7 88 107
74 94 184
94 63 164
34 184 226
69 176 314
92 190 410
31 33 92
48 186 237
97 199 298
42 167 243
62 6 75
46 166 301
23 146 178
31 20 67
10 140 154
93 119 242
44 70 119
39 117 166
98 17 133
71 162 250
100 175 374
96 36 158
45 180 255
42 200 250
30 20 97
60 1 90
64 53 117
73 125 200
76 50 143
51 72 162
71 181 255
76 78 162
10 96 107
18 188 212
97 128 359
63 162 270
97 56 279
48 8 72
77 79 200
74 57 157
70 40 144
19 131 180
61 149 238
43 93 173
54 69 124
22 181 278
82 155 251
56 83 188
50 41 109
92 112 230
77 173 301
67 158 234
20 182 209
24 57 207
60 41 220
47 28 95
5 5 39
9 112 142
4 200 212
54 185 248
99 30 177
87 73 168
31 130 163
42 90 143
13 134 156
94 84 178
21 119 166
76 120 198
55 107 168
32 198 238
64 121 254
27 136 211
59 25 275
4 189 194
57 23 89
12 76 101
43 138 184
5 145 193
33 94 321
95 19 214
88 43 134
60 10 233
12 189 201
87 44 209
66 153 227
27 136 166
42 176 230
84 142 227
7 196 251
22 200 393
87 163 252
65 141 239
76 55 137
47 36 265
46 105 152
60 68 177
35 191 251
4 150 231
76 143 237
64 70 141
48 130 203
31 18 54
16 44 67
39 51 98
26 85 133
7 183 221
19 158 218
100 22 122
92 32 124
69 40 117
35 35 118
49 19 191
86 53 140
61 157 243
38 141 181
74 160 243
18 194 212
44 152 365
39 185 264
81 31 113
28 88 143
33 3 226
53 111 195
85 89 194
17 58 102
58 162 252
82 86 333
14 185 228
76 134 220
43 81 162
68 188 275
10 53 70
86 119 257
91 54 288
42 27 95
100 165 324
67 125 202
38 109 151
8 134 301
3 165 250
53 44 147
40 118 168
59 92 183
75 174 351
65 195 291
53 150 383
50 169 227
53 109 186
50 108 192
2 47 50
8 92 113
99 46 147
90 149 277
90 56 346
35 17 93
13 28 48
10 2 49
46 139 192
43 1 51
41 42 103
1 64 105
72 173 281
21 156 326
69 148 243
65 68 170
75 76 153
10 10 30
91 58 153
91 73 200
5 66 79
45 9 114
31 31 140
10 157 340
8 29 42
69 186 255
13 23 157
72 88 281
26 32 239
68 95 209
50 120 214
18 10 155
60 107 215
88 55 188
78 106 201
18 71 189
23 108 134
56 52 115
90 19 109
89 189 280
75 77 157
20 54 120
22 132 203
18 190 212
72 78 154
67 83 154
92 37 129
95 25 166
32 131 188
1 105 107
83 71 157
12 25 124
87 162 256
56 79 209
89 157 255
22 129 156
59 92 290
73 79 156
100 115 229
50 159 212
42 40 118
