150
91 87 220
91 123 222
97 144 244
53 28 108
94 132 226
36 90 174
85 18 143
61 42 150
13 134 155
58 108 216
56 32 98
40 180 244
4 76 174
61 132 216
17 113 134
7 61 79
32 173 400
94 11 284
29 81 160
8 145 165
79 151 236
28 9 45
68 156 246
24 154 351
93 70 172
65 85 291
81 30 267
84 98 192
76 11 172
75 69 150
72 171 244
31 187 222
7 124 141
20 123 150
56 106 283
44 56 104
96 79 182
39 15 116
3 87 188
16 106 147
86 129 256
88 54 157
29 140 169
76 119 326
23 199 236
41 57 277
29 125 162
50 157 234
79 69 190
30 118 153
73 17 96
56 1 97
94 101 219
21 133 158
26 179 207
51 161 222
95 141 263
80 147 377
90 173 267
94 135 279
100 142 249
61 95 161
82 12 193
29 86 154
76 151 244
50 48 123
4 7 47
21 90 144
53 84 332
23 164 192
87 132 228
75 66 150
72 133 205
65 43 279
35 6 47
54 60 301
18 154 178
18 196 223
40 186 275
86 129 324
44 167 243
54 46 114
46 93 187
40 121 162
100 132 237
32 12 81
17 137 160
86 94 189
60 75 136
73 51 156
92 2 101
66 141 210
63 50 153
51 68 127
49 57 118
47 38 89
65 193 297
100 96 211
9 26 43
95 53 156
53 71 254
37 97 187
35 197 247
50 60 138
46 43 220
45 27 80
12 184 210
98 179 288
36 121 206
81 20 184
20 126 152
43 35 78
12 168 218
33 172 212
98 131 294
44 167 233
39 83 274
33 36 76
75 101 179
1 73 245
3 173 184
14 138 167
13 87 113
29 134 167
87 84 176
55 194 259
91 55 220
15 81 280
97 60 169
85 15 233
71 115 264
29 26 103
27 151 186
84 124 258
75 22 101
7 98 111
25 144 214
25 166 194
45 152 257
16 196 394
63 167 301
95 179 279
95 126 270
45 69 153
67 53 121
65 48 114
84 126 212
56 109 166
81 172 269
5 22 63
