350
22 60 112
93 136 266
9 191 208
82 75 167
74 22 197
55 15 71
23 181 210
30 182 222
94 78 200
93 72 338
9 108 117
62 103 210
91 32 141
56 125 183
28 175 248
66 113 188
84 105 196
22 30 54
68 75 143
37 7 52
42 55 141
6 68 82
98 44 145
56 183 286
11 72 85
64 19 126
97 153 252
30 138 171
83 140 227
75 85 190
34 12 52
84 54 178
82 44 171
39 122 165
89 117 213
31 60 110
8 84 99
88 180 273
36 17 184
10 33 194
96 3 109
34 32 96
79 44 129
49 75 167
7 158 170
87 113 200
45 178 247
15 32 92
72 55 173
87 2 99
26 126 160
31 14 221
6 20 49
84 196 480
21 105 129
21 124 329
57 103 188
15 31 50
52 66 119
50 184 234
91 87 207
67 12 201
74 45 154
78 121 204
45 96 165
52 103 162
92 163 259
46 59 197
41 20 100
82 187 279
66 67 171
91 115 256
9 163 183
99 59 189
82 17 102
13 125 142
4 50 96
25 158 190
10 86 106
35 60 128
63 120 276
70 23 129
73 128 208
38 157 198
57 169 331
36 2 185
76 124 206
39 90 243
42 0 81
82 43 147
86 192 382
40 148 212
37 169 207
74 156 239
92 96 211
64 11 80
82 193 278
18 14 40
11 145 156
20 41 66
85 142 234
61 3 72
29 43 79
82 138 223
92 26 124
25 52 117
47 34 126
22 37 136
55 137 198
14 149 176
8 16 155
55 42 108
27 3 30
69 186 376
99 193 300
83 106 214
28 196 234
62 156 218
87 37 130
98 199 344
77 192 307
96 126 229
85 134 341
8 36 181
38 114 190
80 168 252
71 42 133
80 52 138
88 62 153
46 156 225
21 96 177
86 62 201
78 158 313
28 192 251
4 182 243
79 152 431
64 11 185
47 46 113
87 75 192
20 87 116
32 123 186
4 140 280
97 76 198
67 78 154
14 5 23
34 125 164
87 200 296
44 113 349
36 34 72
9 89 296
14 189 234
13 137 156
4 82 259
91 40 291
15 184 208
13 112 131
79 123 208
37 102 289
66 81 196
12 98 116
19 86 277
77 23 110
8 155 204
73 200 277
14 133 186
48 142 205
12 36 72
21 25 170
63 59 127
11 136 150
97 190 336
95 61 193
64 179 436
51 52 127
41 77 305
54 8 78
48 111 281
5 190 195
79 161 247
86 158 251
32 40 151
5 161 335
85 101 191
81 162 294
14 32 46
47 32 82
75 153 278
35 37 73
11 7 209
34 28 103
24 114 302
29 24 54
11 155 200
89 158 292
66 32 175
30 42 74
63 119 212
77 7 90
70 106 181
14 137 178
18 173 197
24 64 281
50 55 115
26 173 320
8 137 333
86 82 168
77 37 127
45 136 187
83 35 128
78 179 257
5 165 181
63 140 211
33 62 103
1 56 156
75 165 288
79 4 91
84 32 180
71 116 227
28 197 228
76 69 329
27 179 215
76 155 241
41 7 52
66 143 209
75 41 145
100 104 214
92 140 287
64 176 240
64 45 192
28 2 50
71 103 310
35 152 257
82 54 276
5 198 228
77 38 228
50 195 253
80 84 305
95 20 124
68 61 170
55 172 411
89 187 424
42 189 353
67 130 197
66 39 203
89 21 141
4 175 272
2 158 165
67 58 129
5 0 10
24 155 326
28 95 167
93 34 251
81 67 269
67 33 171
93 38 181
53 45 232
39 139 220
27 24 56
39 62 104
4 110 117
21 3 31
62 7 69
19 17 82
38 1 49
52 74 128
80 107 229
1 5 6
97 167 264
100 94 204
31 98 134
80 71 157
7 14 42
35 49 180
84 151 367
82 31 205
44 143 192
72 58 131
78 40 122
18 87 171
88 143 338
76 76 281
25 128 173
57 79 212
46 105 201
83 74 214
53 62 147
77 130 210
47 67 116
94 165 259
51 184 417
85 129 224
66 93 163
73 76 153
68 55 135
19 90 133
64 69 159
5 68 79
73 46 144
45 142 190
7 134 145
86 168 421
94 150 276
48 22 80
77 175 262
5 189 278
82 107 231
73 59 309
54 28 118
46 135 191
66 68 142
89 73 277
16 76 173
47 41 94
45 198 245
49 103 233
52 62 250
37 186 272
21 122 147
39 132 172
36 31 98
84 84 175
75 53 130
94 54 196
1 102 197
65 34 226
32 164 213
22 33 61
57 193 254
89 155 252
65 137 213
60 184 261
71 172 255
71 16 95
16 20 36
8 101 148
12 86 100
90 118 223
59 148 209
71 43 118
19 150 367
98 103 201
96 145 281
89 94 289
72 102 205
81 45 134
12 194 212
88 144 260
3 166 172
36 28 103
12 195 404
