660
68 138 243
61 46 109
66 116 191
75 9 133
45 18 102
72 29 142
45 192 238
9 91 109
54 58 153
69 199 270
16 80 128
60 177 246
48 188 242
29 107 175
84 111 195
58 2 63
89 185 279
43 154 277
43 3 55
24 81 112
72 102 182
69 99 357
25 61 88
80 45 231
94 156 254
22 132 156
59 122 292
16 195 237
10 177 190
18 131 306
33 103 146
65 124 196
39 148 197
31 42 220
45 80 161
78 61 144
16 124 150
99 114 255
21 46 156
60 129 251
88 32 121
75 115 190
64 5 75
24 77 103
54 62 118
25 98 134
50 125 182
85 125 235
22 160 213
79 101 183
87 41 129
22 49 80
68 36 297
33 142 335
66 185 252
52 80 294
65 88 305
85 97 288
100 11 137
1 180 329
62 188 449
42 9 162
13 3 22
69 84 157
12 3 19
67 40 146
77 150 237
79 6 89
7 18 33
6 180 223
27 186 221
70 66 233
48 60 108
81 52 180
94 145 243
16 18 35
91 71 223
5 107 169
92 142 243
95 44 143
83 49 136
55 93 182
4 125 204
58 8 72
57 60 213
24 98 128
1 48 52
9 194 379
77 6 87
20 140 168
18 14 40
42 12 103
46 81 134
94 49 151
86 155 249
57 173 352
81 77 302
97 2 106
98 174 379
12 133 220
11 45 73
53 81 265
92 148 247
34 8 159
61 171 271
74 114 225
97 104 207
95 144 429
40 31 73
13 176 235
100 119 230
50 139 197
65 22 100
87 141 354
65 132 243
63 132 257
84 108 238
65 121 355
67 196 266
75 164 259
84 196 354
31 12 194
72 168 246
1 0 28
61 31 93
5 43 59
57 92 198
79 78 181
79 111 192
34 136 173
75 138 220
90 150 266
43 149 281
92 83 359
27 48 77
70 51 181
62 190 259
10 149 243
61 187 414
8 128 144
23 33 61
49 118 170
9 33 75
23 77 137
96 182 281
30 84 126
62 129 306
30 177 215
30 151 186
80 15 111
68 134 237
72 14 93
74 158 247
98 102 329
6 148 330
59 186 266
38 164 210
45 39 89
35 56 120
1 17 145
82 134 226
60 112 301
11 116 129
87 5 97
21 172 202
33 41 75
98 85 189
49 106 202
48 43 116
54 3 76
83 23 111
8 42 59
42 2 51
83 192 306
20 100 124
56 192 338
81 16 99
59 92 341
66 46 162
22 139 345
39 128 205
78 138 414
69 45 118
15 91 154
15 107 135
72 66 179
55 109 237
40 149 197
23 18 47
15 109 154
55 1 70
61 91 197
57 141 374
64 123 286
93 3 135
3 151 201
47 47 104
39 187 235
67 142 359
43 86 149
20 194 409
87 125 219
81 108 196
20 88 124
71 40 115
41 102 151
68 37 111
29 155 203
35 6 131
51 200 420
4 142 188
23 134 166
73 70 146
6 132 199
99 172 318
97 4 152
20 119 179
58 164 223
28 132 231
39 13 104
73 189 309
39 39 246
30 97 136
34 50 90
81 64 302
18 120 321
48 56 112
50 187 237
28 112 143
25 96 123
56 106 164
54 135 194
19 61 90
9 182 193
64 18 128
46 86 138
97 124 223
26 94 156
36 44 258
48 195 246
67 24 97
65 25 115
74 32 129
34 117 155
34 99 135
61 82 232
73 86 339
52 51 125
42 176 276
35 81 149
6 121 141
72 72 165
62 4 67
68 128 197
61 107 168
29 42 78
53 180 286
94 154 282
68 45 133
10 21 54
26 0 29
57 182 243
100 164 370
95 135 237
21 41 67
46 99 236
18 179 287
88 85 182
50 114 165
79 160 279
93 122 223
38 165 212
83 10 110
90 46 137
77 27 113
10 172 187
12 184 197
77 119 198
61 94 156
36 42 107
21 98 140
44 112 170
60 48 271
1 142 178
69 132 233
85 2 121
26 20 87
38 170 276
22 64 89
26 30 89
58 158 227
96 147 248
26 6 78
16 95 116
50 170 246
38 106 289
39 122 204
35 192 227
34 166 238
68 22 90
28 68 99
8 25 203
54 108 206
4 124 170
77 81 183
3 192 200
30 60 135
26 23 228
81 50 181
83 168 256
77 84 169
5 173 219
57 153 245
76 117 198
40 139 185
44 3 215
21 45 91
17 15 132
22 165 200
48 47 119
91 129 256
46 67 137
92 136 230
62 106 193
52 1 63
43 55 105
7 180 196
70 183 382
12 136 151
51 19 230
11 52 204
13 178 193
73 144 217
13 88 105
13 16 38
35 11 50
82 25 183
99 26 140
48 194 245
70 155 342
48 191 249
42 44 96
44 149 202
67 113 299
85 181 296
10 102 116
55 45 104
56 81 141
99 121 248
34 118 169
5 18 168
4 155 167
82 38 122
34 142 180
14 115 219
38 121 214
85 77 235
49 103 315
23 78 267
48 21 73
28 144 190
17 108 146
95 83 182
86 182 270
21 0 29
10 85 100
85 19 142
8 43 78
80 127 212
85 155 296
48 98 171
12 142 198
67 94 174
37 129 170
51 52 110
52 86 143
86 71 226
58 101 193
50 80 157
7 60 71
83 46 148
43 147 199
51 155 263
74 131 235
92 134 388
20 22 45
82 100 187
80 127 379
55 101 179
57 89 162
19 64 87
3 63 72
5 49 198
88 167 314
54 169 269
91 149 264
99 72 198
46 116 176
75 89 334
8 117 207
3 123 127
66 130 216
53 33 104
63 37 114
87 77 173
52 197 296
45 1 51
27 87 185
42 57 211
33 199 234
93 164 299
39 69 153
96 13 262
31 156 200
18 177 195
71 182 359
87 185 273
93 160 291
49 56 137
99 98 302
62 61 127
90 170 266
99 143 278
25 107 138
54 11 82
74 120 237
55 160 237
60 44 122
73 82 161
31 91 123
20 94 170
43 184 360
4 80 217
37 145 371
6 67 84
85 143 275
31 3 39
23 22 55
16 52 71
43 90 331
18 24 139
27 78 117
82 69 320
96 67 166
50 133 217
48 198 283
63 11 110
73 107 181
86 133 237
95 181 285
78 182 262
74 60 135
75 20 101
82 164 252
89 79 211
83 10 255
23 91 143
17 198 226
50 182 274
83 46 134
95 143 247
45 113 158
79 84 208
82 132 260
70 140 216
18 62 108
75 178 258
47 109 162
56 118 179
86 120 340
63 58 167
50 143 199
35 158 195
90 88 229
96 27 224
73 104 346
92 66 327
84 118 225
62 68 140
45 136 224
12 191 381
39 94 331
21 175 205
26 96 133
97 197 309
90 137 232
54 187 282
44 173 225
1 131 140
3 21 77
15 180 203
7 145 260
84 70 163
94 187 301
26 39 132
7 154 162
98 197 304
23 117 141
24 74 108
63 18 270
97 53 235
60 156 228
72 119 192
78 25 106
17 74 95
9 19 32
92 173 317
13 73 147
39 26 82
62 72 264
73 198 278
98 106 245
99 113 283
63 19 106
12 70 116
30 126 160
12 69 115
31 51 229
27 40 96
100 122 222
14 9 202
76 174 278
7 105 311
76 146 230
43 92 143
1 183 185
52 103 160
50 46 146
40 114 160
99 32 144
35 194 229
86 172 298
41 148 356
55 128 186
13 139 156
50 92 150
36 44 111
25 106 159
24 176 216
25 67 100
26 173 247
14 131 149
9 59 131
2 13 19
90 146 238
87 40 127
95 109 208
78 148 235
56 9 67
45 9 57
29 101 148
41 124 175
31 70 105
53 50 107
26 18 45
32 161 193
28 186 251
68 143 217
17 17 44
5 53 245
71 156 237
80 123 243
63 150 259
92 118 220
67 50 273
74 95 348
54 184 250
88 184 281
22 113 200
5 70 83
69 71 154
21 164 196
62 113 195
85 47 201
46 80 135
18 63 128
65 180 253
85 31 304
32 42 206
42 80 131
52 31 117
45 134 181
84 9 214
79 68 148
25 112 313
18 200 228
21 171 193
69 83 322
68 115 184
58 11 70
87 104 198
83 109 197
1 116 160
67 117 222
59 153 225
97 4 109
57 38 101
46 180 227
30 139 328
12 119 139
30 192 271
6 181 194
32 198 259
94 36 165
5 18 81
26 133 215
24 85 158
66 151 291
78 2 142
41 14 65
13 196 214
42 173 221
90 32 130
49 141 284
83 158 274
54 153 240
74 67 309
55 19 115
35 98 149
14 80 102
46 169 220
52 13 81
50 188 250
24 73 227
100 128 235
30 77 114
92 124 264
76 142 413
13 165 217
11 161 285
100 7 128
23 64 89
74 188 440
38 82 127
91 200 293
18 178 196
46 177 232
44 9 75
14 33 235
7 82 98
12 156 290
42 160 206
81 47 313
3 76 100
44 36 206
62 109 212
57 92 162
91 88 215
98 3 103
92 104 360
100 40 149
11 97 231
3 106 156
100 106 206
87 44 137
96 178 298
67 25 214
26 62 93
98 7 229
13 137 222
