850
24 192 224
32 112 149
75 42 126
70 155 256
56 45 108
4 142 191
97 59 158
11 187 199
83 16 146
38 27 71
87 144 261
62 59 128
60 143 205
98 78 235
21 156 187
34 39 82
26 68 100
47 110 303
16 155 174
19 72 114
73 93 215
34 169 204
19 70 129
34 157 307
41 70 153
49 148 209
91 8 103
95 173 275
61 12 86
43 8 51
23 103 131
56 115 174
89 177 373
73 141 243
72 54 126
81 104 246
85 51 251
65 30 97
14 196 218
73 51 169
56 46 295
34 16 57
82 130 215
44 3 80
18 84 104
16 188 211
62 130 198
32 76 174
37 75 119
64 142 206
78 189 275
72 5 90
90 104 232
62 188 257
99 106 252
97 156 254
12 127 144
45 31 102
80 115 261
33 63 145
68 127 197
12 168 185
90 34 126
1 21 50
95 145 241
38 142 180
48 37 94
22 87 278
50 137 193
88 122 248
16 177 220
73 65 143
34 150 188
84 31 125
6 54 108
66 119 232
46 75 122
51 195 247
3 183 190
75 135 218
73 93 349
73 33 107
8 29 83
28 96 316
99 39 236
55 90 190
66 41 246
86 60 180
61 164 266
32 124 180
65 160 230
1 134 279
43 11 64
73 179 253
60 55 145
45 108 156
60 180 285
56 197 257
33 4 46
79 120 199
6 169 204
94 128 226
71 142 312
10 94 108
50 87 200
44 188 264
93 195 320
6 89 95
90 124 221
28 138 212
57 113 184
65 120 235
75 159 410
33 174 327
43 151 256
38 61 183
16 118 323
83 6 122
75 23 189
94 143 284
7 73 175
78 9 134
38 158 196
75 45 150
89 10 145
23 172 205
44 148 316
28 5 104
57 71 134
48 43 101
69 35 127
75 33 224
80 147 237
51 12 113
87 10 101
91 188 301
22 123 264
82 58 219
26 23 55
39 86 128
55 54 197
96 72 277
32 4 38
60 189 253
24 118 166
67 187 313
9 40 219
22 51 104
17 31 191
84 78 207
61 136 277
26 152 181
37 159 198
89 115 210
14 83 127
82 80 168
42 13 63
42 139 184
21 161 187
56 99 160
44 128 175
88 75 184
18 58 141
90 76 206
5 15 28
84 145 239
82 165 262
60 124 184
59 108 193
78 76 172
24 96 129
17 90 111
40 100 144
12 83 103
88 17 139
62 125 199
66 19 234
91 162 322
10 11 26
48 60 112
72 67 167
50 129 308
53 159 222
16 106 172
84 42 305
43 48 152
45 184 237
98 35 251
99 151 424
57 67 128
31 178 234
26 139 330
11 24 78
97 49 284
78 17 108
34 109 143
90 8 108
29 45 82
57 164 236
16 149 185
66 102 173
62 136 368
19 145 174
32 120 272
6 119 154
72 24 199
18 188 232
92 114 213
19 32 166
26 116 174
88 77 202
59 91 157
73 110 186
54 2 65
69 53 188
79 137 294
49 198 249
33 117 155
90 190 298
57 79 158
99 92 225
37 65 105
31 155 196
95 32 191
93 60 178
24 178 228
70 73 152
40 72 113
21 67 114
20 191 225
49 142 197
90 22 159
95 93 197
1 127 137
73 27 141
35 86 170
5 102 128
49 170 223
57 190 257
45 59 105
70 66 161
45 103 149
40 76 125
15 3 30
32 87 140
46 100 151
3 140 336
20 141 208
63 77 177
63 52 121
52 107 340
62 64 226
47 59 109
83 154 388
56 129 236
62 115 290
17 180 200
49 92 196
13 137 267
64 141 214
87 65 155
55 1 157
67 11 88
51 30 275
74 142 224
85 24 116
45 55 103
86 155 360
9 150 162
24 155 239
78 141 223
33 108 174
14 88 253
57 103 160
88 110 203
77 31 109
44 169 221
6 107 119
57 34 97
98 191 326
56 165 269
57 197 418
94 175 296
74 3 258
17 69 91
39 138 331
34 117 161
82 106 357
10 66 165
61 2 67
15 191 251
2 52 178
90 42 136
85 18 104
7 6 130
10 1 37
66 98 284
18 131 159
41 132 315
96 43 265
98 44 142
55 138 351
40 195 243
11 42 126
90 189 289
16 163 191
34 127 162
13 124 150
65 127 209
83 174 259
70 174 254
34 178 363
11 163 278
91 71 187
98 172 301
73 59 136
79 22 245
35 86 136
51 187 249
78 7 126
11 4 101
70 171 264
39 115 208
65 163 247
41 26 121
11 22 38
80 91 220
17 46 67
52 92 144
59 57 246
62 8 118
88 45 179
95 138 233
89 98 215
29 84 115
28 150 183
8 127 156
73 171 249
32 163 203
16 12 36
37 133 224
53 71 144
72 12 91
54 125 212
40 191 387
14 63 87
84 84 168
12 170 194
63 87 336
83 71 163
35 27 62
34 141 177
67 29 101
48 69 118
10 21 172
49 131 228
33 134 182
51 54 242
3 150 160
56 93 157
69 23 96
5 199 224
73 29 102
64 76 144
32 178 219
83 161 244
27 124 171
97 129 236
23 140 175
88 145 314
25 92 173
9 35 47
100 186 417
74 7 107
25 62 87
77 144 262
98 161 279
27 98 157
40 198 362
52 11 97
45 71 136
90 33 125
77 3 89
10 197 207
59 79 152
14 142 289
56 196 284
22 108 141
55 62 127
74 88 252
90 173 309
90 107 197
91 43 148
59 116 178
73 136 216
84 163 283
35 131 195
10 96 162
78 17 101
88 159 249
80 2 254
32 21 65
91 161 403
17 119 151
86 23 110
50 59 129
31 31 66
59 163 229
77 78 160
29 55 119
59 86 159
3 169 207
2 38 45
57 143 271
44 120 322
10 172 187
57 9 74
5 37 81
23 169 199
18 23 181
43 3 59
92 89 370
51 25 82
80 5 85
89 77 166
14 6 31
46 107 160
29 61 285
12 137 158
81 83 200
80 74 163
18 66 93
33 115 155
62 92 276
96 190 300
36 183 232
6 40 48
12 64 93
28 116 154
21 175 197
96 54 181
41 3 65
4 24 48
67 23 103
70 149 328
81 78 161
56 56 175
31 147 218
78 199 353
41 38 82
4 10 46
49 131 328
29 0 170
31 194 231
59 11 266
43 36 97
42 15 61
36 90 126
58 61 120
15 37 81
48 79 130
42 147 205
10 26 83
4 175 184
76 82 183
94 172 278
61 136 198
14 139 158
35 23 107
80 94 174
56 152 209
12 38 68
42 56 103
1 180 195
6 72 85
40 43 88
73 199 282
11 114 175
30 14 84
68 27 139
54 124 259
59 195 266
85 78 216
6 184 334
97 109 229
47 111 164
60 27 93
12 124 136
85 189 379
82 123 218
35 42 134
6 43 66
17 199 263
48 48 127
53 6 234
6 176 183
76 108 208
12 94 306
29 126 163
69 31 259
72 55 134
50 169 228
96 11 128
72 82 266
13 44 68
33 10 243
57 132 195
73 90 169
2 175 182
86 184 274
74 147 335
14 100 114
5 183 239
30 129 348
69 105 184
59 73 227
17 168 333
95 85 278
41 173 333
8 68 86
55 37 285
72 81 202
30 8 52
59 173 272
36 123 167
19 15 67
96 63 165
90 119 264
33 192 349
82 19 189
64 90 173
20 42 78
8 92 287
77 154 236
83 166 252
38 0 44
34 98 133
80 24 151
42 65 143
28 25 84
2 10 16
9 106 116
9 85 98
63 169 237
12 9 50
41 162 217
60 137 197
34 146 228
83 115 208
34 163 220
94 188 333
9 62 115
10 90 134
62 23 117
72 68 140
68 163 235
84 184 312
16 174 191
66 7 80
98 52 155
71 10 89
65 177 425
15 131 154
74 26 209
13 165 183
17 9 101
15 40 180
15 33 57
50 188 241
75 150 235
18 163 367
25 0 45
75 65 146
98 90 188
67 19 87
21 114 147
99 89 203
23 120 232
89 179 458
22 79 111
29 79 109
74 113 230
23 186 222
75 46 152
89 166 261
19 153 177
33 193 272
16 70 88
79 11 131
27 195 310
88 162 260
10 154 183
82 98 183
98 132 237
97 37 134
52 154 244
66 17 182
93 64 168
29 41 224
84 136 229
58 136 218
9 151 161
50 176 228
11 94 115
21 54 77
70 28 128
93 101 199
36 139 182
32 80 142
14 122 278
19 74 97
74 79 181
44 156 204
39 183 235
80 192 431
97 56 184
8 131 141
10 28 47
87 200 316
22 147 175
50 51 219
87 37 134
15 33 68
19 75 120
9 73 113
77 123 207
41 172 213
100 71 176
63 14 78
1 94 116
13 57 77
19 88 115
27 64 97
14 96 113
54 28 103
18 82 155
2 84 133
33 68 130
8 38 86
98 9 108
39 106 231
55 40 158
24 93 221
72 31 193
74 92 214
55 152 244
61 121 188
42 170 219
24 51 83
28 137 264
28 58 105
36 73 117
85 101 263
48 110 181
74 142 260
6 41 89
56 136 275
20 168 280
30 30 99
53 86 183
38 81 141
36 123 228
27 127 203
42 100 187
63 188 274
44 55 106
98 184 320
58 130 189
48 120 173
64 166 386
83 174 374
11 7 28
44 74 166
33 150 215
70 178 249
86 160 251
93 180 273
72 9 97
72 162 293
72 96 206
63 127 193
43 161 253
87 136 232
54 78 183
23 48 83
19 25 50
69 134 204
94 113 270
68 49 134
31 34 87
63 169 239
28 137 168
50 174 239
37 42 124
46 98 246
77 98 282
26 134 171
84 190 277
96 94 251
82 30 120
79 197 277
36 32 84
59 149 350
77 176 259
67 172 272
98 171 277
1 1 5
44 16 164
31 159 194
53 196 254
78 97 185
50 59 113
68 103 207
15 22 80
64 171 239
13 25 72
63 39 238
42 42 99
42 52 287
61 178 288
80 99 320
88 85 189
2 193 196
6 99 105
16 114 167
81 39 182
38 82 160
72 191 263
70 70 149
11 32 170
23 135 345
50 140 241
84 22 236
66 138 214
70 52 127
65 83 153
80 76 172
16 26 49
56 23 214
5 185 200
5 145 298
80 124 235
22 196 249
18 118 137
95 11 297
34 5 47
78 59 330
6 136 185
67 52 147
93 85 220
33 169 203
84 107 197
65 199 307
21 144 189
3 161 199
51 17 68
91 143 240
68 192 419
68 153 226
56 57 192
87 170 276
78 152 279
16 172 197
87 136 227
70 181 263
58 183 314
100 41 141
24 2 76
59 84 151
94 5 128
44 160 246
42 80 127
56 174 234
70 154 278
41 83 132
20 167 194
57 157 242
45 133 179
26 92 172
49 33 256
72 57 136
14 23 94
4 140 184
17 178 230
95 136 236
14 39 62
33 93 128
17 97 257
37 35 100
2 121 152
63 4 78
20 111 143
61 135 197
93 38 159
1 139 148
23 169 196
36 178 331
60 197 416
74 53 131
76 21 103
24 148 192
80 10 93
37 60 103
13 50 101
46 15 75
100 155 293
34 15 53
8 50 257
93 107 371
87 60 279
82 28 117
13 16 29
91 131 253
100 0 146
7 68 96
86 128 215
72 35 108
29 71 121
99 108 210
98 179 311
36 20 75
4 165 174
70 193 459
77 114 199
92 186 288
57 155 216
7 156 168
13 92 131
85 86 174
53 63 126
54 112 211
71 23 96
36 151 217
41 24 232
16 146 168
80 58 139
93 89 210
76 44 129
82 93 246
68 165 354
21 147 246
62 147 263
59 46 111
4 126 138
75 51 171
40 46 89
80 157 329
29 109 335
68 178 288
59 104 164
