120
15 26 58
94 92 200
40 200 326
31 134 203
71 81 183
58 33 95
32 47 82
50 129 214
66 124 296
83 124 230
100 187 293
20 115 179
30 70 211
4 79 87
79 107 191
9 157 187
90 85 183
63 168 236
46 127 180
78 137 215
46 8 97
23 115 323
31 1 34
14 193 210
98 79 183
94 145 247
65 49 116
37 58 112
9 28 68
98 95 194
12 168 225
70 118 191
18 178 372
90 141 241
17 141 160
26 10 234
91 17 109
73 96 175
99 32 136
35 82 126
64 178 243
36 98 323
14 124 188
93 174 313
81 19 110
80 200 330
9 198 213
26 124 175
100 88 195
62 14 198
3 191 194
22 135 167
8 88 99
89 112 309
24 129 283
27 57 116
26 55 86
10 21 172
91 117 209
87 172 294
78 54 190
30 1 137
64 200 272
34 132 173
26 30 82
40 134 216
38 53 253
80 125 385
31 26 84
88 111 217
86 180 268
39 27 77
77 102 203
94 147 417
18 163 274
99 162 262
83 133 257
15 31 55
15 12 212
63 124 200
91 77 192
63 53 253
66 141 234
82 165 440
23 4 35
84 22 108
66 94 209
13 126 144
6 108 155
83 150 241
10 83 144
84 77 162
63 82 150
35 131 173
57 196 376
98 32 147
46 197 429
59 20 86
11 131 149
60 44 114
78 145 229
60 184 288
4 177 275
74 104 195
40 168 267
34 138 234
59 18 135
91 165 285
97 155 302
58 24 118
17 172 375
51 74 236
52 27 130
39 48 250
85 193 347
78 1 199
34 62 106
34 16 60
6 198 211
77 131 285
