230
99 151 330
26 186 214
18 163 206
52 189 258
2 66 191
7 196 210
94 9 107
46 26 81
18 41 143
41 175 217
62 158 221
82 165 282
79 80 309
68 126 196
89 0 111
62 109 189
94 137 249
58 129 309
26 56 87
73 162 239
8 179 352
52 101 160
34 53 97
27 20 76
47 27 76
70 196 309
22 32 96
22 150 222
52 29 84
30 82 120
28 184 246
84 27 159
93 161 255
27 30 91
56 142 282
85 130 252
76 30 137
37 94 132
44 155 205
74 69 147
43 41 127
77 44 160
49 16 103
32 0 38
22 148 325
27 33 130
45 54 132
32 160 197
85 161 385
94 108 391
93 18 123
69 171 278
49 198 250
45 4 98
52 20 112
29 61 225
32 139 171
1 144 321
6 93 109
64 99 167
21 130 155
27 115 179
92 111 205
48 18 222
46 75 160
73 177 254
16 116 134
31 37 100
27 34 92
16 24 227
85 9 241
29 81 154
90 29 251
20 43 65
71 62 138
15 25 88
34 38 74
51 4 205
69 132 282
42 19 71
15 105 161
21 93 256
23 117 187
73 110 204
7 85 101
15 121 140
66 65 131
53 99 197
85 105 215
57 92 155
41 63 127
67 40 132
28 96 125
48 154 205
48 162 397
46 15 161
21 148 175
40 167 213
20 21 63
60 138 205
73 178 334
51 181 266
23 3 195
82 8 92
35 9 79
94 42 142
7 174 228
70 79 268
10 81 92
81 5 91
89 66 291
38 131 223
9 183 207
20 153 310
43 187 271
87 61 315
9 134 153
9 149 332
16 110 131
87 86 224
97 2 108
9 185 201
37 149 260
71 42 162
2 18 215
54 7 151
13 75 128
11 153 180
46 78 252
67 21 130
15 101 163
47 74 261
25 170 204
54 138 289
57 162 285
79 152 262
38 73 111
21 94 130
39 166 212
7 143 151
2 92 129
25 123 153
78 125 213
58 117 182
37 37 264
90 44 154
90 179 276
91 126 221
40 48 123
18 194 286
94 160 346
11 1 47
6 114 126
53 80 141
85 194 381
15 35 86
56 56 147
35 104 258
28 139 172
16 123 146
68 89 180
46 24 73
73 103 181
41 112 161
34 139 217
68 150 257
8 152 165
63 63 142
33 189 247
98 116 220
19 163 191
82 45 241
83 94 208
79 37 199
71 165 274
9 190 208
73 122 195
13 21 84
94 133 236
38 119 164
32 118 154
4 198 210
47 78 218
95 179 329
19 45 87
63 70 136
19 36 237
99 5 112
53 100 176
63 104 169
6 2 24
24 132 162
24 13 43
25 10 84
35 189 408
83 79 195
52 89 146
47 198 285
74 140 243
16 176 194
24 30 242
91 29 157
6 154 182
96 14 112
35 167 205
59 21 102
66 64 132
70 72 147
36 29 74
64 6 156
85 57 146
91 29 130
89 158 252
99 189 296
54 18 73
97 90 190
39 118 174
77 33 112
83 113 197
53 175 270
98 20 119
85 78 164
10 175 225
37 125 171
69 118 235
65 136 242
22 52 79
44 88 152
63 25 127
97 42 179
