110
16 21 65
49 4 223
91 29 244
77 185 462
58 83 156
96 118 217
77 33 110
49 191 240
74 113 363
28 23 58
50 127 227
9 71 93
72 102 207
47 69 116
58 146 207
84 41 126
81 98 188
29 199 259
100 175 281
31 68 101
13 156 172
82 33 309
47 142 199
84 99 188
6 146 199
41 81 133
56 47 267
78 25 104
94 52 157
22 109 133
38 0 46
23 154 183
13 61 78
45 163 242
24 109 151
28 133 281
76 174 257
77 71 179
69 55 131
100 69 207
41 51 99
96 84 198
28 199 262
4 171 213
65 90 161
86 22 146
86 39 126
64 10 253
70 197 291
10 79 236
43 16 100
24 50 88
76 109 216
33 56 113
91 189 313
87 31 147
54 84 155
42 8 73
93 50 144
50 198 255
89 24 118
4 43 57
33 104 137
36 17 170
66 68 139
72 85 263
53 127 186
62 7 118
41 88 130
65 61 284
93 101 346
1 14 196
56 5 152
30 137 174
61 181 368
66 54 205
47 185 281
70 70 165
85 141 236
1 32 165
94 111 208
75 119 216
7 53 94
46 124 174
27 94 261
28 157 250
12 58 94
35 43 88
44 95 143
89 85 180
36 133 219
65 49 275
45 193 428
2 160 170
15 64 116
89 91 207
92 158 358
59 153 221
60 186 250
16 78 144
59 171 232
27 6 91
77 115 230
64 48 142
78 162 249
74 104 186
97 22 262
61 36 141
84 79 168
97 148 250
