500
51 152 226
92 62 167
62 186 253
26 46 102
30 160 193
95 170 311
37 165 204
60 172 257
65 124 192
19 27 66
97 84 186
91 166 257
17 96 122
64 95 196
17 83 106
77 168 282
11 143 159
77 18 137
17 46 66
55 70 141
27 194 374
67 73 152
87 161 284
75 169 274
95 194 328
96 4 101
54 170 289
14 114 148
5 43 50
11 154 171
43 91 180
52 10 78
64 119 351
46 183 237
77 93 202
40 37 92
94 36 191
83 52 331
18 34 62
28 167 345
64 182 256
9 33 66
39 176 251
20 68 95
3 22 176
43 19 66
50 165 222
98 65 167
22 115 140
64 86 179
76 148 311
20 39 62
20 101 131
13 33 105
54 84 209
48 92 146
11 94 114
44 43 269
71 74 279
54 109 282
49 30 121
52 126 222
10 14 31
20 151 295
3 158 164
82 8 112
37 6 54
17 9 121
74 59 204
38 79 128
44 146 275
44 33 95
6 82 88
51 46 262
34 154 225
68 6 123
82 177 302
58 145 206
96 86 189
55 184 316
56 129 234
64 10 96
87 56 145
14 116 274
40 10 182
91 114 240
80 37 127
18 90 129
40 151 230
16 168 289
42 148 192
90 92 225
98 46 155
73 164 380
96 53 159
39 80 139
60 67 151
5 26 31
40 99 246
65 117 215
48 45 99
45 128 221
37 97 137
1 145 185
46 97 149
17 106 148
42 48 117
90 24 120
84 171 262
23 167 375
22 55 142
47 88 202
67 101 168
73 141 260
36 91 131
33 43 79
46 90 248
89 72 183
91 189 328
91 162 294
90 64 171
43 141 218
38 72 261
20 172 195
77 39 137
81 126 343
75 56 275
48 162 211
94 134 234
100 125 272
87 149 245
3 32 38
98 95 241
81 137 299
26 173 216
64 190 263
36 157 202
17 134 296
30 46 80
98 57 158
80 96 223
69 180 419
3 184 196
61 98 165
3 64 140
34 91 296
65 103 173
40 133 175
73 14 94
20 78 145
65 60 198
43 66 306
99 168 273
54 28 91
98 96 244
29 143 303
58 87 325
57 147 387
77 50 127
86 58 148
83 169 286
51 185 285
56 22 88
18 169 225
23 78 111
87 70 295
72 3 83
62 33 251
39 101 228
85 18 118
88 59 231
77 174 294
76 30 120
19 41 193
46 145 214
8 71 100
67 68 244
77 174 251
18 102 170
75 112 217
47 78 199
32 160 202
3 29 222
1 181 216
43 196 242
100 5 148
59 62 121
70 185 274
69 179 248
2 57 82
66 194 288
86 159 307
18 23 43
87 4 242
68 135 204
90 88 185
55 87 146
78 33 112
22 58 263
41 182 334
95 36 320
61 29 265
17 167 213
60 195 261
47 125 175
8 165 195
67 76 150
26 38 73
69 177 248
59 193 286
91 17 112
99 40 186
23 181 390
30 145 205
7 93 100
88 9 107
81 123 208
6 27 68
84 199 297
70 134 238
99 117 240
94 89 197
57 194 254
6 140 149
36 18 63
96 77 332
76 51 131
96 123 242
18 87 151
15 9 41
73 85 195
94 32 132
37 156 193
61 139 205
64 9 75
80 166 272
64 161 231
40 56 236
18 101 193
94 177 279
10 33 98
44 130 194
59 60 123
68 171 243
51 4 64
4 189 197
67 57 285
11 196 392
79 177 289
43 1 63
10 198 224
52 4 61
34 164 205
33 144 179
89 125 223
49 126 184
73 36 114
40 151 356
97 168 442
54 160 218
59 34 140
96 117 219
20 141 265
24 63 146
78 42 134
47 114 342
91 36 131
72 200 467
11 66 85
10 161 180
89 127 225
76 45 154
43 85 136
60 57 149
81 149 233
23 151 184
10 157 192
24 187 213
77 196 286
99 193 301
38 150 247
28 98 134
96 56 202
10 16 124
12 190 207
100 164 266
28 118 232
21 101 272
91 16 138
78 187 306
45 55 146
68 90 176
79 133 218
34 184 334
10 83 113
56 123 181
56 53 118
77 161 374
77 78 155
64 185 293
3 19 23
25 152 185
99 183 287
95 114 217
92 135 346
93 107 284
96 26 148
58 2 68
91 7 172
33 169 348
56 92 151
32 109 149
96 156 281
92 185 308
97 26 274
35 33 220
81 54 139
94 77 219
54 85 143
55 184 246
85 109 198
97 56 278
71 3 166
81 0 170
77 165 261
98 104 210
1 185 371
72 64 138
74 174 431
9 158 187
42 72 150
89 45 140
31 2 193
47 85 135
6 99 111
82 59 172
83 66 335
42 70 113
26 138 172
52 103 178
82 77 176
52 110 203
90 137 252
9 2 56
33 39 80
61 186 252
97 62 159
35 151 186
47 79 135
7 117 165
14 0 88
51 108 168
53 152 351
16 25 55
16 28 45
89 176 267
92 119 278
6 0 9
86 46 263
98 143 260
4 171 197
86 193 283
15 124 311
1 110 297
21 94 277
7 22 195
74 146 222
49 152 209
61 165 227
70 174 316
89 125 256
89 145 274
96 142 247
60 30 105
23 15 39
77 151 231
51 169 359
49 150 240
90 17 247
30 14 211
93 135 235
54 129 314
47 66 116
76 100 196
45 151 206
45 82 137
17 189 217
64 152 217
24 174 202
37 164 273
68 7 241
58 13 102
17 106 133
25 37 109
50 197 279
18 139 160
22 90 136
35 2 182
59 132 209
29 197 273
13 135 148
57 162 378
75 44 126
85 158 406
94 166 265
15 175 215
6 155 162
9 153 166
77 16 97
11 192 211
95 189 426
5 79 133
65 146 249
73 170 256
16 38 169
93 128 353
86 89 234
95 154 258
48 75 300
40 61 107
70 32 145
95 53 153
77 137 215
33 114 168
23 103 261
38 163 271
49 137 214
23 200 231
92 52 161
72 80 173
96 34 283
10 17 60
20 126 176
84 48 159
11 180 195
96 126 249
79 127 222
57 3 164
96 174 313
23 74 106
6 2 192
13 141 308
100 195 305
35 194 233
39 17 73
22 188 377
32 30 75
55 123 197
4 155 162
22 113 138
67 59 242
60 105 214
18 38 65
43 150 228
78 163 366
87 144 240
59 29 187
49 167 266
88 30 131
46 9 64
32 105 179
68 173 328
10 37 75
96 83 180
16 150 171
24 29 53
44 79 315
3 166 175
31 85 118
76 38 118
35 78 154
12 186 205
3 148 156
92 3 103
34 187 259
8 104 114
36 113 152
40 72 135
23 109 227
1 27 36
10 62 95
78 3 116
93 184 339
50 155 402
88 61 243
10 38 49
96 8 224
78 77 158
90 33 272
12 179 234
10 26 230
26 121 151
52 14 145
52 193 290
91 26 145
14 38 53
94 90 184
55 49 111
34 61 100
20 105 240
