610
28 122 189
54 149 207
61 60 315
84 112 214
26 110 267
40 74 124
81 45 130
29 77 106
16 155 261
46 70 122
62 50 148
85 101 228
77 10 130
97 87 278
70 82 191
42 3 180
7 21 187
45 191 254
56 10 77
86 101 227
20 22 175
16 147 222
98 91 239
45 80 147
98 45 156
54 41 195
24 65 268
7 101 108
36 30 73
8 169 280
63 108 173
59 182 375
35 151 194
33 153 336
69 141 406
43 70 120
50 51 129
67 46 115
82 147 238
48 162 213
85 93 181
93 137 234
60 76 174
54 149 253
51 90 141
59 28 263
41 98 161
36 50 90
3 81 93
73 57 131
56 75 133
15 86 103
90 38 167
30 122 152
54 172 238
39 23 63
71 140 225
14 154 205
59 24 146
49 177 234
100 106 216
32 199 412
75 110 363
38 174 388
20 170 204
72 110 189
79 39 119
86 61 183
95 153 286
8 150 165
83 145 275
70 78 304
95 165 278
84 70 181
66 22 96
3 150 162
90 123 255
66 162 249
80 189 269
23 135 161
22 194 273
6 149 156
91 128 221
26 20 64
84 49 165
25 147 218
58 43 127
84 25 157
87 176 264
46 30 272
52 167 228
77 196 307
23 27 52
53 135 216
36 196 242
37 161 287
50 197 259
50 105 168
97 40 304
12 157 172
18 153 176
5 103 134
28 174 334
50 94 162
65 179 246
73 118 218
99 80 181
99 33 177
15 100 162
77 16 261
63 89 169
37 55 92
14 139 161
39 20 64
72 109 188
93 170 271
63 61 140
58 11 79
70 38 123
3 6 15
75 72 151
39 102 197
66 116 197
63 140 205
17 159 177
15 30 66
25 104 136
16 111 246
67 41 112
79 105 223
20 44 70
38 63 115
11 55 81
48 151 208
43 52 134
40 28 250
52 54 118
67 162 252
91 49 292
66 8 82
11 158 185
79 145 224
79 97 187
70 165 236
30 195 412
73 15 110
70 152 223
12 125 139
27 198 407
14 47 69
2 184 229
69 63 261
21 96 134
76 172 249
15 164 179
33 156 190
14 29 83
64 89 190
23 89 209
58 142 345
2 48 96
69 179 443
38 43 86
77 89 365
100 87 195
79 110 199
52 158 212
22 75 107
63 117 280
14 61 101
34 15 57
91 39 162
40 143 224
80 71 190
41 129 206
30 194 394
74 69 149
26 25 110
93 123 413
43 80 162
91 106 206
92 184 452
34 118 341
74 33 148
32 81 217
34 26 65
14 75 226
99 183 321
75 187 314
93 31 134
92 16 241
73 179 257
48 131 351
57 70 313
20 155 299
30 124 194
24 84 167
3 72 77
41 170 229
55 195 250
43 170 213
64 96 214
52 102 202
27 108 142
32 177 215
84 199 287
5 77 127
9 120 134
10 105 306
9 181 206
38 118 189
20 176 240
45 52 126
2 166 169
25 152 183
9 183 247
48 12 60
47 118 213
26 67 115
98 2 281
41 115 159
9 62 172
68 65 158
63 114 181
16 136 160
87 97 274
5 21 215
80 105 288
75 151 252
7 13 37
91 115 210
49 114 344
89 197 291
73 52 143
77 165 242
56 97 155
23 135 165
85 157 387
43 1 48
39 156 217
19 177 203
30 154 185
36 67 126
92 11 117
24 198 327
99 143 441
30 177 208
85 36 256
20 118 168
1 34 73
20 199 250
84 196 285
56 196 444
15 130 147
74 193 309
73 12 107
95 167 289
90 10 100
83 105 192
93 136 252
61 116 178
92 168 278
35 90 134
84 80 170
42 120 164
32 40 73
82 62 210
54 176 369
46 43 92
98 170 271
53 129 220
14 39 171
25 130 248
89 91 242
7 184 201
14 4 40
78 164 431
34 20 84
86 65 164
34 106 150
32 107 149
53 74 295
15 167 192
84 100 196
38 43 149
55 171 230
62 47 269
90 158 254
40 122 165
63 120 204
43 166 217
75 32 113
56 130 198
42 93 174
45 137 182
13 120 133
94 82 345
44 58 150
36 169 254
62 10 85
65 149 370
28 160 315
89 96 187
8 3 36
68 108 207
23 110 133
72 13 87
77 120 202
54 160 338
78 25 111
97 74 174
74 13 88
20 137 163
22 127 194
3 83 170
80 87 179
45 41 133
75 163 258
78 81 305
4 26 49
70 87 336
77 153 235
36 107 149
28 175 211
95 21 130
76 71 343
15 110 174
28 35 66
31 128 169
91 89 183
46 136 184
58 106 180
64 114 219
44 51 151
46 169 248
39 60 105
48 159 254
68 118 214
72 37 111
68 37 135
72 104 209
80 185 270
88 134 236
69 152 221
30 42 79
38 146 306
17 82 103
30 182 313
10 72 240
11 118 171
45 57 103
85 138 224
11 56 78
20 64 84
93 149 242
9 13 41
69 54 128
80 0 207
97 169 289
62 105 172
77 9 102
2 143 149
76 56 132
42 92 240
93 88 310
27 118 147
85 43 166
100 14 137
11 140 153
30 6 141
5 182 193
47 15 74
31 132 167
16 163 180
72 115 196
22 29 58
99 52 246
97 2 296
58 91 157
5 7 16
42 140 205
49 30 116
79 169 249
78 6 157
67 52 122
65 88 155
56 54 198
13 167 300
43 85 190
87 153 261
18 132 231
58 136 227
29 97 320
72 176 264
2 180 197
35 143 182
97 52 173
81 25 106
82 142 306
56 144 205
67 108 179
73 163 240
32 158 193
85 37 303
82 33 116
62 14 103
20 157 312
97 165 272
37 12 58
45 160 340
73 174 277
11 27 84
70 24 198
41 76 121
75 179 257
6 49 93
77 183 269
82 105 379
66 8 166
59 24 127
38 83 128
30 170 202
27 72 102
27 107 144
5 39 54
16 72 136
44 149 201
96 170 419
87 182 284
76 142 220
54 104 278
82 118 388
74 183 258
49 106 158
3 187 200
88 136 254
44 85 178
16 103 124
85 197 426
37 15 99
69 28 196
1 97 107
94 198 305
64 125 370
91 39 136
58 40 112
65 49 136
28 103 152
34 45 83
35 45 239
73 85 184
2 193 202
1 200 214
70 117 188
51 181 239
12 71 111
72 53 175
66 182 258
24 12 36
45 196 246
39 173 245
91 57 238
60 156 254
57 41 119
49 34 93
76 15 121
86 54 253
100 76 210
23 118 167
37 130 181
14 59 177
24 74 147
33 67 109
63 163 406
73 119 201
97 27 169
97 182 307
43 25 97
2 139 265
4 109 122
77 102 183
84 154 244
43 161 215
57 121 180
12 199 221
70 152 270
30 63 179
40 84 176
96 36 159
52 74 205
74 42 279
46 146 213
76 80 284
40 181 259
81 143 265
89 66 163
13 191 250
74 93 173
89 38 279
46 78 259
24 82 110
23 144 167
79 154 238
32 175 223
82 24 246
98 78 214
57 78 142
41 72 273
98 193 320
81 60 244
79 31 114
20 41 102
87 45 279
54 164 240
97 17 217
89 118 270
79 94 174
61 182 249
21 51 113
68 174 248
46 195 246
4 122 128
10 69 186
96 14 250
1 192 211
76 84 160
60 105 165
1 82 123
62 138 201
67 196 270
41 116 171
25 162 269
56 14 95
56 180 257
58 69 133
26 26 76
91 23 145
22 76 145
86 84 216
96 153 256
41 199 247
21 82 123
80 17 238
42 113 162
6 28 55
25 46 77
100 176 394
18 106 266
31 195 403
22 56 79
25 96 125
66 121 194
69 37 115
63 130 201
32 157 227
21 188 255
2 166 176
80 72 196
9 135 144
20 143 172
15 91 196
75 148 243
79 2 89
25 147 191
51 70 154
58 199 263
82 111 202
84 50 139
63 130 226
89 91 355
84 108 294
48 171 253
95 17 290
37 138 176
87 146 241
22 117 306
92 146 386
100 191 422
92 108 244
85 163 258
44 92 180
58 9 78
56 90 166
4 132 140
90 13 105
77 132 234
47 167 220
61 73 149
82 168 257
5 117 132
47 197 375
60 22 144
33 54 98
7 6 21
95 169 296
36 169 218
2 128 135
63 160 230
70 112 189
55 163 238
10 167 179
4 152 178
82 32 148
2 76 86
42 96 159
8 92 106
55 63 197
36 150 312
88 140 268
70 151 260
