160
53 165 404
61 49 116
19 93 213
29 163 212
98 9 149
44 77 221
51 38 94
77 58 159
3 77 103
26 19 216
91 75 192
21 28 49
17 156 175
49 117 200
91 80 233
20 199 228
90 59 173
36 109 152
85 46 160
54 65 209
12 44 244
3 53 59
44 117 269
65 181 256
67 92 166
87 1 250
70 123 243
66 162 237
45 23 74
53 37 189
62 145 229
82 6 105
78 163 424
32 29 201
57 115 315
86 88 198
43 144 207
71 69 326
28 84 251
72 61 133
26 127 160
54 79 147
18 178 239
67 182 262
82 114 328
25 112 144
47 73 125
88 133 397
6 125 213
48 24 81
44 64 114
24 85 112
39 52 228
65 96 168
68 67 191
97 56 153
7 153 194
42 94 137
30 151 190
77 108 226
24 154 183
26 50 110
85 134 242
58 127 354
43 164 213
37 188 329
9 188 349
47 185 242
77 66 149
50 12 123
3 132 264
21 31 96
79 75 154
21 56 85
75 41 166
4 104 109
70 143 346
83 34 122
2 58 69
29 68 154
66 181 259
95 130 261
85 144 258
13 54 75
34 181 244
27 93 139
99 48 148
19 190 239
6 64 118
57 196 260
76 159 258
91 164 265
35 19 72
80 173 364
91 165 298
40 6 49
85 81 175
71 147 254
3 11 15
92 156 263
84 185 285
70 62 134
18 25 52
6 169 184
67 130 206
97 71 172
99 109 210
85 186 280
53 15 69
82 133 219
63 151 218
1 107 117
64 6 80
94 109 212
90 93 204
45 8 132
35 142 196
22 177 201
33 199 284
58 81 141
70 71 191
26 62 88
65 127 202
7 195 226
59 54 115
99 123 223
83 13 141
88 150 246
49 139 269
51 0 147
26 61 160
22 147 213
14 161 176
11 59 85
44 43 268
33 163 394
63 105 172
91 34 134
62 22 89
88 165 327
90 0 96
26 31 95
36 35 77
77 40 122
60 149 314
25 153 184
83 102 192
11 173 227
23 21 53
78 147 233
32 132 204
58 95 179
79 18 108
5 169 199
90 119 214
37 138 217
21 98 175
93 32 155
97 189 330
87 81 208
