100
39 184 224
24 92 295
83 191 366
93 104 296
70 115 192
96 191 296
12 19 35
3 6 19
30 11 48
35 198 238
88 115 218
49 198 248
56 103 163
39 18 83
36 160 204
13 128 155
24 96 271
65 79 183
49 72 258
94 163 398
40 78 165
61 127 231
22 157 180
95 97 392
85 148 243
86 107 201
74 21 275
34 165 210
85 94 187
6 132 165
33 14 147
35 134 295
80 22 255
85 192 283
94 25 188
72 82 200
99 25 134
70 172 272
54 11 77
79 78 193
21 154 184
4 14 24
40 64 145
78 97 178
67 129 232
56 25 131
30 192 229
85 182 318
47 102 150
61 23 90
55 22 124
21 37 65
77 19 96
44 123 330
96 33 165
13 114 135
40 189 240
12 167 184
78 135 287
77 144 268
63 120 216
42 1 185
99 195 301
52 191 420
42 122 212
60 148 215
13 65 84
99 170 288
74 180 355
53 153 243
32 36 70
40 2 203
88 63 157
47 3 93
63 47 114
12 62 80
48 108 156
42 112 200
15 3 46
100 144 246
8 140 192
94 136 267
47 131 182
72 39 154
39 140 287
42 2 50
2 79 82
72 105 231
70 159 274
25 11 42
49 26 115
1 194 297
11 97 135
29 171 207
15 125 168
51 149 208
64 162 270
83 171 261
74 39 155
80 23 113
