520
61 63 164
53 158 218
66 57 164
60 124 187
43 146 191
58 27 92
10 39 77
60 196 286
8 16 27
23 136 240
52 172 232
73 140 238
41 96 143
95 9 110
38 192 251
31 173 210
15 169 205
89 126 222
89 88 214
66 187 254
86 55 152
92 132 228
55 140 244
37 108 165
65 44 259
96 45 180
61 54 229
100 88 256
83 127 217
60 97 158
93 137 239
77 128 250
20 188 387
73 71 145
2 19 25
39 166 243
95 41 260
32 61 98
38 126 175
14 147 291
11 93 108
57 99 156
20 30 92
51 109 169
65 130 195
30 77 270
47 127 174
72 153 235
77 17 94
40 181 264
45 185 234
42 92 287
5 184 196
68 34 241
21 117 328
15 72 124
3 141 201
64 2 203
9 152 162
53 164 237
93 50 321
70 76 151
33 16 59
90 58 307
100 174 278
42 29 120
16 74 115
62 66 171
25 143 172
87 173 262
54 105 160
7 196 348
85 92 187
84 44 128
88 91 179
29 40 204
51 89 142
88 15 153
74 187 284
3 22 25
91 95 231
24 124 160
98 197 306
63 93 193
97 64 220
62 149 221
7 184 225
87 36 133
18 76 100
58 200 302
97 143 251
100 141 242
72 186 448
31 177 216
45 171 232
69 154 225
85 171 262
87 121 220
51 64 149
6 87 116
50 138 197
46 10 60
72 43 134
9 111 120
10 69 128
65 68 182
52 43 213
65 196 306
1 152 155
75 182 269
84 57 324
51 174 304
38 80 258
8 99 111
46 91 160
29 193 366
7 120 270
57 19 101
64 50 119
57 170 251
41 95 167
62 139 209
37 155 219
81 114 220
87 143 235
68 138 242
45 160 214
17 121 150
17 139 164
86 156 252
82 67 158
83 58 141
31 52 131
44 190 236
92 168 274
98 45 188
50 160 210
72 172 273
46 41 228
3 175 179
78 97 204
53 151 235
12 35 60
8 136 148
30 28 100
79 154 265
90 192 288
55 181 289
76 9 85
10 124 153
29 138 211
92 27 124
47 121 171
55 93 148
85 157 267
9 116 173
47 108 188
57 75 269
78 38 261
37 85 315
79 182 263
50 136 208
66 121 189
64 0 146
36 101 138
64 145 216
45 19 104
56 85 253
47 157 207
24 38 94
20 3 57
8 56 64
11 66 207
74 174 260
93 154 248
58 54 127
68 194 274
48 7 94
2 176 319
39 189 257
46 61 139
91 53 150
27 58 86
75 167 250
27 41 69
74 121 209
33 171 233
4 184 289
2 198 203
92 194 337
23 36 61
22 41 86
88 68 161
35 97 136
62 93 339
19 192 246
74 198 274
44 19 168
3 28 36
86 57 295
61 51 118
98 52 293
33 151 201
16 57 185
83 127 217
98 131 410
28 179 217
48 84 160
40 187 273
7 76 84
13 63 95
41 111 155
56 4 244
5 83 91
59 14 122
38 120 243
3 5 9
54 58 249
43 90 140
12 122 160
32 158 232
8 2 117
2 183 201
83 62 146
25 30 205
8 101 150
46 80 136
39 105 146
8 151 168
5 184 227
72 140 216
70 79 187
93 143 272
47 121 171
51 129 267
32 176 208
83 168 351
41 76 148
6 106 312
99 135 244
57 167 241
21 36 64
52 96 202
44 52 106
23 60 93
72 29 106
22 60 118
43 19 91
73 101 175
74 105 345
33 27 64
34 7 87
71 113 195
23 196 370
3 13 32
85 103 234
34 197 237
1 30 180
57 96 163
81 79 203
93 140 242
28 143 205
63 25 96
57 42 129
92 87 189
86 98 189
68 38 120
62 104 170
35 108 164
61 125 331
63 191 254
73 150 225
40 35 222
79 109 307
4 100 209
88 88 197
32 35 99
35 8 69
38 103 151
88 39 263
64 25 271
32 89 127
52 65 274
12 14 48
10 27 117
98 103 206
56 162 220
42 57 236
11 125 139
56 32 231
30 190 263
89 110 199
39 65 113
29 81 115
1 152 200
59 114 210
16 97 124
70 130 245
13 15 30
63 188 254
79 121 200
7 66 79
54 162 264
68 127 202
27 65 138
5 93 258
84 32 214
52 33 134
37 83 123
50 44 283
43 124 173
69 17 93
23 66 125
17 98 153
94 17 113
71 17 117
11 139 160
21 55 90
81 8 103
9 69 164
58 99 161
70 90 190
22 195 277
84 163 386
18 7 55
11 66 84
23 78 225
12 158 175
62 70 134
67 119 223
2 54 226
47 118 329
99 15 115
17 22 44
93 178 313
35 73 112
74 43 126
44 177 224
14 82 228
34 130 167
18 171 190
64 196 264
60 187 365
90 86 186
71 27 191
28 37 85
26 93 127
82 143 234
36 15 71
41 92 175
37 50 112
69 1 266
54 41 97
78 136 276
86 154 273
93 16 194
36 162 247
99 189 301
85 74 262
35 26 118
42 164 210
39 132 178
44 172 250
9 147 229
22 15 45
54 168 232
44 110 197
23 105 150
73 141 292
2 191 198
52 111 267
24 57 201
78 79 167
7 165 209
80 167 254
34 113 253
54 52 258
79 51 145
29 167 366
56 9 75
88 20 201
3 136 139
21 34 61
46 2 223
43 63 254
48 152 281
54 105 160
12 145 167
22 128 220
9 163 323
71 143 223
62 77 181
85 167 262
56 186 252
2 99 109
37 41 255
10 70 95
71 33 111
90 19 194
38 7 85
92 176 307
92 195 290
54 27 159
45 116 170
55 174 387
61 23 128
89 96 348
81 1 92
45 4 189
51 132 200
74 171 255
64 10 109
36 162 199
79 27 115
56 80 138
14 17 202
66 104 226
34 28 258
17 42 143
17 56 76
64 174 268
76 109 190
76 143 302
46 195 249
45 188 235
45 132 252
23 79 125
46 9 168
1 158 169
39 198 243
42 125 176
18 11 37
12 194 285
76 93 185
34 146 182
55 106 202
47 127 205
65 165 231
47 116 254
62 109 172
21 175 306
100 199 339
47 97 161
42 77 120
98 26 138
19 172 191
52 116 173
26 67 255
23 84 113
42 185 232
52 8 92
74 13 100
5 153 166
32 19 60
35 137 331
9 6 25
22 101 123
51 161 248
48 22 111
18 83 109
78 56 280
51 27 121
82 26 121
85 44 129
40 18 164
32 196 249
3 91 144
21 88 115
56 137 225
68 73 145
33 121 154
38 27 68
9 54 70
13 36 159
68 24 135
75 185 263
48 109 249
59 13 74
87 200 292
1 57 66
38 191 230
55 69 146
41 21 70
57 41 108
87 126 218
28 131 205
44 148 298
67 68 184
13 40 57
37 19 153
95 113 385
55 127 221
16 55 71
76 37 274
88 45 137
36 170 206
79 149 273
57 184 309
54 47 104
79 40 169
49 196 253
57 193 449
28 57 106
57 108 198
91 197 292
53 181 235
67 70 147
1 181 183
70 129 248
17 13 39
86 128 362
84 125 259
48 186 245
36 155 223
96 194 294
81 118 288
6 132 138
36 9 54
94 29 131
71 141 216
