420
80 42 146
4 20 28
58 101 244
26 196 225
75 170 287
4 134 144
12 1 153
20 178 198
69 106 358
32 178 400
88 193 331
3 33 76
43 196 244
14 26 48
60 101 165
34 94 250
88 62 199
29 135 185
11 175 191
51 41 174
13 87 105
19 117 156
51 107 344
66 49 120
80 166 336
79 113 197
93 186 285
67 107 184
58 136 204
85 121 212
34 174 301
63 70 135
64 49 157
57 68 132
60 33 96
12 40 118
1 62 64
37 144 195
86 181 289
95 96 201
35 2 41
92 173 297
90 32 157
6 183 233
100 174 286
95 135 400
20 56 219
44 45 136
2 21 53
94 51 230
51 59 110
57 165 231
21 1 39
63 42 145
70 90 191
6 140 150
59 176 247
27 86 127
37 172 255
58 40 260
18 39 239
71 109 186
87 198 317
20 144 198
13 196 249
74 52 130
1 168 293
83 123 309
63 44 259
26 143 172
83 89 276
56 7 101
91 78 171
72 68 150
68 73 148
76 152 421
58 153 310
2 139 159
86 36 143
70 108 212
87 198 326
42 146 193
63 90 164
40 70 112
77 97 186
16 194 210
55 181 382
23 149 180
25 35 70
72 121 238
33 188 235
20 143 167
33 99 138
84 186 308
4 105 119
18 185 208
98 8 114
41 179 228
26 199 416
62 152 221
21 52 81
65 5 73
89 176 275
86 83 193
91 115 208
55 83 151
29 51 85
47 99 151
41 192 238
20 136 214
78 119 254
10 39 223
98 36 142
47 180 312
23 159 190
48 25 91
66 43 118
48 0 53
38 124 195
95 188 293
36 3 53
92 11 108
31 81 263
90 133 230
86 80 210
8 92 149
54 77 140
1 182 256
29 62 239
91 85 181
68 183 253
74 46 147
64 107 180
44 72 123
86 193 304
51 2 93
8 104 135
70 64 229
14 129 157
3 167 214
32 168 209
79 27 153
1 182 185
50 54 151
82 2 88
34 92 183
15 132 317
52 190 362
98 79 292
40 35 80
19 177 245
9 191 229
35 199 243
43 44 95
56 117 215
19 74 131
23 2 72
66 78 182
12 40 53
34 156 243
16 2 20
51 120 171
49 17 71
13 97 152
60 167 233
70 39 112
32 99 141
64 167 388
21 48 133
71 112 189
59 171 240
40 150 200
51 154 207
38 82 130
3 90 106
71 150 227
29 86 152
95 151 254
77 115 202
69 57 148
64 46 119
5 128 139
1 100 105
86 129 221
94 100 267
86 47 182
32 135 194
89 45 137
69 130 208
12 60 77
17 22 47
20 178 228
63 147 256
10 4 85
7 140 157
85 136 311
46 82 136
39 2 121
69 23 101
66 185 252
39 64 265
14 123 141
71 112 185
35 151 371
26 138 177
10 185 364
80 29 156
80 100 188
82 12 279
52 25 82
72 180 387
86 94 182
85 194 329
23 151 174
34 59 117
19 149 170
30 83 291
38 69 107
20 188 322
48 15 140
35 92 165
47 149 239
3 87 209
1 62 71
3 25 36
55 113 361
46 177 254
55 25 100
39 167 247
59 65 141
78 153 315
81 32 117
96 96 200
33 5 47
36 188 227
80 35 118
90 182 459
99 89 236
37 36 82
35 139 182
13 137 169
26 116 144
62 69 136
3 150 232
95 147 395
64 175 262
40 3 52
75 65 185
9 163 177
58 91 150
78 47 152
55 96 151
58 62 131
66 52 158
34 46 84
30 97 130
85 70 178
32 120 155
27 21 49
49 67 118
44 156 221
13 18 41
51 15 83
83 41 289
48 2 55
39 199 282
31 69 282
24 170 233
98 102 209
74 5 88
77 24 105
26 14 52
27 28 61
39 49 120
100 64 315
19 29 51
100 27 167
58 182 244
38 20 60
93 33 159
42 170 218
40 123 211
49 129 182
7 32 43
68 53 230
91 166 257
43 60 210
83 1 85
24 139 169
79 25 138
62 35 141
19 41 165
52 157 210
32 109 150
82 92 190
55 133 359
76 24 107
33 159 212
14 2 153
40 176 236
98 171 283
18 115 322
53 143 237
54 182 247
31 92 136
23 159 192
30 61 113
71 152 359
46 55 244
40 104 253
81 81 263
99 133 234
78 155 241
20 72 173
94 2 101
78 35 123
28 82 225
54 88 177
78 131 337
82 23 113
54 96 158
11 37 84
50 198 257
36 83 124
43 92 142
85 114 249
71 175 246
92 61 160
62 62 173
46 105 154
65 139 209
7 86 174
61 66 151
93 11 107
95 25 274
85 35 260
98 165 290
77 80 285
45 64 127
2 33 85
25 135 166
13 190 351
26 84 118
44 111 268
57 85 146
21 166 188
14 65 84
68 79 197
59 25 181
25 139 223
26 14 55
78 8 226
93 139 278
1 117 247
26 102 309
9 195 232
61 58 315
8 155 310
80 57 240
92 34 178
49 186 378
89 8 103
24 161 223
38 126 190
79 168 248
25 129 156
92 197 362
66 44 132
90 172 265
17 94 116
39 5 46
48 175 234
1 183 265
82 64 146
86 81 171
56 145 204
78 3 101
17 168 192
17 62 177
95 54 182
71 12 161
22 47 88
49 41 95
19 64 120
98 124 363
44 90 274
17 12 56
96 69 242
99 41 167
22 13 132
43 127 173
84 198 288
81 95 179
5 176 349
85 75 358
98 189 295
91 139 273
34 111 148
5 74 87
54 50 104
97 96 197
47 89 184
73 158 291
75 164 247
32 24 225
49 30 82
2 136 159
61 11 72
41 99 171
71 0 74
45 5 236
75 106 205
51 154 273
99 109 218
22 138 280
45 42 257
23 33 133
58 91 195
92 126 327
7 141 236
