920
77 81 175
2 17 201
15 111 128
100 194 296
71 157 258
10 141 185
71 102 210
60 24 119
31 112 325
79 96 241
88 116 252
79 46 139
66 173 246
24 23 120
61 163 225
39 43 96
12 141 197
94 137 231
33 0 142
96 92 197
47 96 252
14 139 305
27 136 269
76 41 118
22 74 98
48 30 173
31 90 147
75 69 171
25 173 208
72 39 120
62 112 177
27 98 128
12 97 113
4 0 46
35 51 188
54 175 254
98 198 322
51 11 65
29 36 255
64 17 124
44 16 70
24 25 52
75 156 234
92 34 131
11 105 292
83 48 213
70 146 267
98 68 228
37 154 334
63 135 202
5 25 73
67 177 383
52 43 260
17 133 155
67 142 242
99 17 125
91 80 200
91 72 170
13 51 83
21 87 126
2 161 308
18 6 43
93 133 260
75 32 113
95 161 409
11 56 224
60 62 125
24 143 211
1 70 74
37 18 80
85 187 279
81 173 430
71 65 141
19 102 146
6 171 177
29 86 148
94 21 115
40 104 145
27 190 223
54 44 192
1 147 155
46 30 196
90 142 237
40 0 224
11 10 55
36 171 217
53 35 132
8 193 242
30 165 320
14 19 69
72 62 143
27 119 154
9 183 202
62 2 66
91 194 321
63 141 222
86 196 319
66 109 216
84 170 262
64 112 239
5 62 78
76 75 178
38 174 348
63 135 204
43 166 260
52 7 239
47 190 295
34 15 194
54 143 299
64 70 154
31 1 55
13 56 73
45 140 190
50 186 244
84 40 132
60 27 96
83 121 227
31 31 97
85 97 219
53 158 215
12 169 211
89 139 249
37 31 110
76 145 238
39 126 255
13 129 200
35 62 107
40 21 62
44 26 82
95 1 125
84 13 108
43 93 141
71 72 172
69 87 159
64 145 348
93 145 245
76 131 223
54 116 244
7 172 280
45 146 226
53 42 109
39 18 100
92 28 152
95 191 287
71 0 108
7 105 135
12 148 168
75 16 138
20 87 145
87 6 117
4 32 86
76 20 138
52 67 169
64 179 252
81 193 277
35 64 101
40 163 213
13 163 193
10 36 95
22 192 223
93 131 233
37 190 248
14 105 130
89 106 205
73 85 341
97 51 227
54 120 193
60 100 205
14 48 103
45 1 54
12 75 263
51 122 219
53 1 55
51 167 364
76 84 167
25 57 115
19 151 180
3 17 22
73 135 210
93 172 288
76 5 111
50 196 285
62 130 196
34 133 168
40 109 149
85 115 351
84 170 262
99 66 169
75 82 263
26 11 52
90 85 301
89 103 220
68 33 278
96 68 165
44 16 106
79 31 123
98 114 234
47 198 246
88 106 323
80 26 150
26 39 92
95 126 225
4 10 83
44 6 169
54 109 171
86 127 277
54 28 117
28 199 236
73 0 75
27 189 231
57 81 184
65 137 231
48 118 234
24 26 54
89 194 288
74 139 223
99 25 239
35 191 235
11 86 143
7 198 280
69 168 251
86 148 267
3 185 227
29 31 67
65 153 241
2 43 54
61 168 272
61 196 301
46 160 245
48 93 151
69 6 84
84 58 146
76 124 200
51 62 156
25 109 324
74 84 278
11 158 171
82 180 271
29 44 87
46 127 173
89 78 174
100 134 375
57 152 243
8 74 90
18 88 294
34 200 239
100 154 283
65 182 282
23 65 179
38 92 137
69 69 145
77 98 175
91 33 130
57 141 210
65 107 182
10 70 127
36 153 196
94 119 234
31 16 63
40 196 240
26 21 89
67 179 418
41 194 264
99 145 253
45 193 261
16 187 307
37 25 63
83 41 226
10 164 188
55 46 137
34 167 293
2 179 333
6 6 19
32 12 81
57 51 168
87 13 206
9 0 103
25 71 105
42 188 274
24 15 47
96 126 231
8 63 72
62 76 154
30 151 189
74 19 100
78 146 248
72 115 197
46 52 106
98 26 125
72 85 167
37 123 187
36 103 151
77 134 211
23 97 121
65 100 170
41 145 191
24 172 215
38 84 279
50 120 174
64 113 184
28 0 152
71 136 212
45 25 76
7 135 143
88 22 116
8 39 177
99 17 125
55 200 392
19 33 59
12 0 12
62 21 87
2 199 362
92 21 236
15 65 108
47 119 189
65 127 276
1 170 174
51 163 225
64 74 138
14 178 217
59 105 208
22 12 79
11 151 175
97 46 270
78 194 427
100 191 307
28 147 176
45 13 64
54 140 371
50 103 324
68 113 228
80 143 232
54 24 95
74 138 244
80 175 265
12 110 283
66 31 105
17 19 44
26 65 150
47 84 140
12 52 69
19 8 74
84 157 248
57 124 187
1 18 28
40 28 102
22 116 158
18 172 227
62 16 110
82 131 236
63 36 145
25 96 137
80 71 159
51 138 197
44 94 143
81 114 299
43 43 257
8 191 202
49 26 81
80 184 435
50 132 225
26 18 74
82 74 164
72 60 286
23 147 218
35 199 393
91 161 263
41 157 237
66 64 132
72 166 268
27 131 167
87 195 291
82 69 160
36 116 295
93 24 117
82 21 296
52 189 248
17 175 192
31 15 52
42 128 171
46 76 127
49 32 90
26 32 211
50 35 177
85 135 224
90 139 272
53 96 168
58 160 345
80 38 163
73 38 254
81 98 373
2 111 119
19 70 116
48 8 186
65 136 212
37 173 239
52 84 180
33 134 176
18 62 87
8 21 41
75 123 203
15 198 384
28 125 163
71 47 191
65 99 257
88 54 151
100 95 200
45 114 167
57 63 202
75 75 170
34 106 310
41 162 209
50 152 202
71 49 248
70 188 274
94 140 236
5 112 151
69 183 281
17 117 142
17 164 216
95 145 250
35 40 101
93 123 345
96 60 338
72 35 245
72 153 232
78 175 260
41 34 104
57 148 214
72 148 388
56 37 98
96 175 441
80 144 229
31 55 267
22 88 113
7 61 75
84 196 366
24 58 83
75 99 179
54 4 66
18 89 156
66 88 160
83 66 195
45 184 269
89 139 236
72 80 159
59 41 262
43 80 129
36 183 228
29 146 287
26 122 212
65 127 195
56 126 186
37 25 101
33 42 199
57 71 151
35 159 210
100 77 181
5 34 74
39 50 92
19 171 325
27 84 279
54 195 299
84 50 142
10 124 160
93 173 268
44 149 308
22 68 93
34 19 101
28 25 78
32 65 103
27 22 227
33 130 252
31 64 133
52 199 399
1 149 150
47 90 144
80 75 203
7 153 203
3 87 93
84 162 250
20 9 223
99 84 220
8 2 128
41 150 192
5 67 77
3 74 98
88 167 264
14 100 175
98 15 114
66 61 180
43 113 196
53 105 174
93 109 223
45 138 188
26 183 214
69 151 243
6 123 211
45 167 214
11 65 274
71 177 249
38 135 180
99 114 289
77 78 162
32 199 281
1 1 42
78 198 445
2 157 251
80 0 130
32 156 196
77 54 137
80 98 211
30 2 58
24 21 216
88 8 295
75 86 272
4 44 88
23 197 229
64 45 198
40 94 136
87 24 145
46 97 177
79 52 292
36 2 63
48 151 208
14 51 71
91 60 173
71 131 237
98 1 269
28 150 181
54 18 96
81 74 179
37 56 103
1 108 111
26 21 197
5 151 337
97 22 126
52 72 128
95 93 250
29 126 199
32 64 100
84 170 367
17 171 194
65 15 182
15 69 96
68 84 153
55 135 212
10 108 128
14 99 255
13 81 95
76 180 266
60 183 390
67 88 168
43 126 192
63 72 173
42 110 152
100 149 314
91 58 153
87 153 290
5 7 16
91 63 177
79 185 274
43 165 215
23 120 173
73 79 153
31 178 216
43 135 188
30 112 330
35 164 236
33 142 204
33 198 237
48 91 334
10 198 212
81 62 338
31 168 208
67 110 219
27 57 116
75 5 85
87 64 200
64 72 137
88 173 365
95 185 280
1 126 238
40 44 96
49 172 245
95 76 257
94 35 131
9 61 173
28 3 78
76 13 233
27 28 61
35 107 149
76 12 229
74 15 137
35 153 215
78 6 86
19 0 38
34 167 205
56 17 83
31 91 123
48 196 247
70 162 411
91 12 107
23 66 233
7 85 123
44 198 246
11 74 101
56 182 244
91 149 244
23 191 266
78 42 168
53 95 239
15 131 205
4 61 105
69 136 215
61 29 110
3 26 171
94 57 163
93 27 178
40 177 219
76 170 261
55 108 195
11 77 92
100 188 299
77 66 144
10 80 129
1 98 113
38 53 103
62 157 263
33 108 210
51 3 54
43 185 244
48 69 118
77 193 311
12 143 160
17 111 175
12 83 100
56 11 76
44 18 86
36 75 267
82 91 197
6 60 99
71 171 259
8 88 97
78 176 357
79 183 303
89 110 381
47 2 99
50 164 251
17 24 41
94 167 271
56 87 182
24 154 213
33 52 86
26 53 199
29 4 41
66 189 257
4 81 196
96 188 289
41 188 273
40 130 180
100 62 170
78 165 282
14 181 213
86 49 140
28 19 87
32 141 287
76 65 189
83 169 397
13 6 24
34 30 89
74 104 372
36 5 43
85 188 278
80 131 221
75 45 124
45 38 90
7 63 77
66 102 256
60 46 197
92 144 282
89 180 317
32 69 248
27 31 58
69 102 179
48 114 249
65 59 201
12 34 67
70 8 87
95 138 246
19 100 157
52 102 181
87 66 154
94 184 339
91 101 200
16 147 190
99 79 356
69 52 277
44 170 224
8 38 58
2 150 181
35 6 157
84 40 154
13 53 74
17 20 116
71 43 213
85 191 280
18 46 110
79 14 141
66 54 126
77 195 278
14 144 172
15 117 174
63 48 121
96 3 104
68 28 111
92 197 299
74 168 428
72 78 156
20 200 268
50 99 160
44 71 295
43 15 76
54 2 91
66 35 109
2 184 190
1 158 194
69 58 132
28 88 149
3 63 74
21 4 178
28 161 217
64 128 202
85 121 238
83 84 357
65 45 119
97 98 240
46 157 234
46 147 203
68 150 271
18 37 131
59 112 179
68 162 278
46 22 206
52 180 248
73 152 229
8 166 193
88 173 296
11 166 189
46 48 108
94 95 209
60 84 150
41 22 81
10 83 94
100 138 243
40 42 89
85 92 178
38 135 255
87 168 262
88 17 105
42 7 96
39 2 122
37 39 96
5 94 105
92 79 271
27 161 195
34 198 409
85 38 322
36 0 85
67 197 266
86 189 447
77 129 379
56 53 114
83 113 201
44 146 209
47 96 143
29 189 259
21 96 289
64 102 172
49 70 233
49 58 126
48 18 69
65 101 178
50 125 179
44 33 181
11 22 42
22 145 183
41 128 279
19 12 59
49 159 208
23 17 126
18 136 156
30 162 210
32 31 68
96 5 198
42 24 75
86 68 192
66 151 255
75 114 197
59 44 110
45 141 200
4 199 231
1 84 226
49 175 225
83 34 121
18 148 209
40 83 127
50 0 97
91 179 295
95 120 415
27 74 132
35 48 86
43 27 210
96 67 207
69 53 146
4 21 83
76 94 186
55 89 156
27 21 126
39 177 219
85 193 453
28 121 157
89 9 267
73 118 232
31 52 112
23 54 77
28 89 124
97 119 219
59 195 348
34 167 204
47 135 202
74 181 259
55 115 235
65 56 267
16 47 87
47 191 252
53 192 436
32 1 72
1 169 170
11 168 184
41 170 211
48 156 204
64 53 165
25 176 207
2 44 56
77 123 243
7 25 48
73 31 143
63 51 123
18 88 109
14 57 238
52 157 215
26 28 56
52 22 83
1 108 112
5 133 143
15 122 138
5 89 119
94 161 258
34 189 249
96 114 258
54 17 78
33 2 84
3 63 69
64 120 223
99 16 178
49 163 251
61 196 264
98 191 408
85 1 241
88 100 230
1 175 176
7 192 205
35 184 340
45 60 190
15 175 196
10 119 143
47 8 62
98 116 255
31 196 335
29 187 250
45 99 274
57 199 263
38 113 160
53 164 276
25 38 100
83 76 270
85 12 240
24 105 134
90 69 300
57 40 103
6 67 119
99 3 302
66 52 125
44 39 91
53 17 75
12 122 184
11 105 118
39 65 107
66 82 157
3 80 116
73 182 310
12 175 191
55 107 166
50 72 154
27 121 212
77 37 190
61 101 167
12 145 157
39 63 143
51 92 143
95 52 181
1 47 48
96 53 174
41 100 144
56 125 185
15 22 37
69 144 218
99 158 290
37 69 278
