660
86 85 193
54 140 280
66 129 253
88 143 268
25 10 167
43 152 245
72 45 126
49 137 187
98 115 220
30 130 206
60 13 105
18 75 148
15 180 205
50 63 119
56 126 191
75 127 276
54 190 363
25 81 154
15 97 202
5 146 153
27 4 48
44 83 234
23 25 48
65 81 146
65 191 280
29 23 59
92 80 247
59 137 315
56 24 88
23 38 77
21 190 212
41 100 294
36 134 210
81 112 199
54 192 268
97 102 266
52 60 140
76 196 280
4 53 89
57 120 189
36 168 331
54 54 108
79 55 158
63 8 111
15 50 69
33 125 226
10 94 131
62 139 266
15 46 69
73 98 342
4 187 248
27 154 374
6 75 83
83 3 132
11 141 157
54 117 171
1 70 75
68 113 187
28 119 322
10 78 97
87 183 305
37 117 201
16 146 228
77 119 199
47 75 136
80 24 171
7 158 170
53 151 214
4 82 107
42 3 86
74 149 229
47 114 194
64 191 260
49 200 294
72 76 236
10 92 142
56 71 290
77 26 149
35 157 242
72 39 112
22 66 110
11 86 206
24 116 200
43 161 219
55 196 259
23 156 182
27 166 224
40 199 267
12 181 230
53 181 234
5 47 192
93 0 94
3 165 258
26 47 87
22 20 91
21 150 190
89 130 257
61 22 91
47 13 69
94 61 165
61 0 67
24 91 123
56 79 270
64 142 211
42 6 177
42 42 86
72 25 175
56 143 203
80 64 145
35 15 52
87 122 225
65 105 307
82 141 252
78 173 253
60 35 95
71 33 127
9 26 49
23 187 256
75 102 268
72 133 213
70 47 303
8 87 101
28 122 155
41 115 183
62 52 156
19 112 134
99 107 251
97 110 209
29 39 115
14 174 190
26 1 167
52 62 132
22 185 221
88 183 279
98 12 266
95 10 108
26 38 101
86 134 222
51 200 322
93 76 206
40 148 247
68 76 153
10 171 263
18 8 31
31 109 165
4 171 272
65 182 403
15 128 143
34 125 207
56 138 303
66 117 230
38 116 160
22 107 171
28 157 193
94 181 278
39 42 86
54 194 352
98 156 289
61 40 144
38 170 294
43 39 91
5 175 201
12 186 321
49 125 261
58 88 161
34 121 169
46 166 324
34 19 71
68 102 271
17 10 149
92 68 227
69 151 330
17 112 148
42 83 215
95 1 99
63 62 130
62 30 94
99 39 147
61 199 260
22 117 260
98 103 401
84 107 196
9 53 86
9 24 35
75 28 103
65 142 211
43 17 87
5 3 11
69 18 167
21 52 80
45 160 266
62 76 167
6 86 110
35 11 91
74 125 242
39 104 159
48 65 145
92 41 139
65 79 149
99 0 105
87 67 195
54 130 329
93 100 196
100 70 180
55 181 280
34 144 233
37 176 217
48 19 91
79 145 406
61 169 346
26 179 213
49 114 169
88 77 169
25 30 62
36 158 203
13 153 213
3 56 69
76 120 329
89 175 380
37 156 199
50 61 114
60 38 277
6 195 208
26 194 228
68 82 194
25 117 151
10 63 74
73 108 191
1 48 219
80 43 293
96 18 117
33 50 83
91 59 292
100 18 153
79 175 381
4 180 185
13 21 43
54 116 212
15 35 55
42 41 86
93 92 185
87 16 138
24 192 352
52 61 299
52 80 155
24 67 113
78 44 182
6 163 350
17 11 32
24 76 107
97 20 301
62 101 204
14 120 134
72 60 171
51 129 180
85 64 179
82 11 118
94 79 294
45 139 380
3 116 126
9 154 173
19 12 120
9 93 128
57 16 78
49 159 359
48 54 150
43 16 63
7 59 101
35 181 391
51 34 127
82 95 369
18 97 157
65 137 228
16 197 327
90 92 226
100 119 310
85 59 311
99 145 314
1 77 88
44 77 147
10 70 113
54 167 222
85 147 407
45 177 251
50 111 201
74 45 166
39 185 320
43 170 228
41 166 254
40 12 62
82 175 424
51 61 152
7 67 223
86 35 122
40 97 138
8 60 74
71 159 314
100 11 165
84 30 130
53 130 271
1 52 81
14 88 110
26 126 286
73 141 401
76 132 307
37 59 114
16 58 135
95 200 436
29 102 154
97 80 216
43 113 286
78 98 305
86 161 333
7 55 95
22 7 30
29 21 77
70 83 168
15 66 217
56 9 104
87 197 319
14 88 145
69 34 149
21 59 88
12 56 72
95 80 206
36 93 138
62 29 136
99 10 116
16 142 306
39 3 49
18 173 193
74 182 282
79 140 230
44 176 364
32 48 122
36 38 109
79 189 283
37 193 403
20 96 140
39 78 122
20 54 76
23 136 207
26 140 170
22 171 236
20 83 137
92 72 165
8 79 162
45 65 233
64 84 341
37 68 284
52 9 160
20 65 284
26 135 171
31 98 203
89 151 249
66 103 215
40 90 159
2 200 213
80 27 288
4 16 23
70 168 238
100 134 385
76 143 335
15 2 25
93 175 274
78 179 263
14 123 145
76 170 350
37 105 297
79 163 308
93 87 264
20 89 137
83 109 192
37 41 266
35 42 93
30 3 38
100 167 271
31 20 226
13 145 192
19 180 252
62 87 181
42 26 94
36 182 303
73 33 156
68 43 147
61 96 201
50 128 277
97 82 181
87 36 151
28 160 259
80 36 124
53 36 105
25 162 200
57 42 104
30 13 235
47 87 154
54 16 118
65 119 193
39 166 212
66 107 210
46 131 181
28 44 97
59 135 245
4 118 129
83 11 113
93 156 259
93 63 175
48 35 159
75 35 251
27 97 131
51 102 156
30 52 83
8 144 156
24 129 329
13 173 292
87 143 411
44 119 277
53 88 145
51 46 105
15 56 118
26 63 124
10 3 39
1 117 122
48 20 258
58 71 182
52 121 176
54 197 256
52 102 163
38 128 175
23 132 193
2 192 199
30 143 185
59 70 154
86 65 159
74 158 238
74 106 188
77 96 209
57 152 212
32 63 134
26 75 146
7 99 106
99 187 295
33 197 262
20 184 231
69 157 229
7 99 139
8 161 219
40 44 84
17 22 84
21 165 196
32 175 208
95 107 205
97 147 436
4 44 136
58 128 189
36 124 160
75 10 246
76 82 179
100 168 272
23 189 218
86 188 279
74 142 217
9 11 20
31 102 282
8 107 118
90 113 215
73 65 148
82 168 291
37 138 194
18 180 335
27 24 66
40 28 69
23 32 55
28 68 102
9 13 29
40 124 224
28 38 186
57 169 257
38 88 147
37 99 171
92 133 275
32 131 170
36 193 230
9 189 241
86 182 276
18 137 156
33 105 158
2 63 174
61 87 243
41 123 166
95 192 382
68 70 145
98 29 260
43 50 94
21 141 166
13 5 19
16 104 225
42 133 375
34 114 197
94 85 183
16 141 205
99 169 276
64 187 444
82 56 139
27 118 184
82 69 159
56 152 256
30 2 32
46 187 233
6 23 38
85 80 194
50 76 190
77 193 360
39 135 218
100 36 170
19 9 126
77 166 285
59 58 119
65 191 269
35 64 121
72 191 266
43 88 136
68 89 159
83 13 103
72 196 289
46 187 236
90 154 250
65 79 177
88 111 209
47 157 218
22 167 196
39 89 138
45 1 48
6 38 48
35 31 76
81 42 126
68 50 304
46 51 129
94 74 175
23 167 193
47 170 226
8 180 218
45 100 163
99 66 213
70 16 97
19 72 231
18 197 241
35 4 88
69 129 283
59 160 229
42 54 99
73 164 245
25 148 191
84 13 102
99 182 285
51 85 145
15 81 103
41 23 72
78 93 177
35 108 167
35 17 86
9 172 214
91 189 300
47 55 148
65 29 100
93 102 361
96 89 194
5 47 133
49 48 100
65 14 79
53 163 223
92 39 153
85 31 122
88 128 253
59 109 171
50 15 166
5 194 342
82 143 229
46 73 127
87 191 293
18 56 102
64 1 134
28 58 89
50 19 77
60 47 116
92 184 303
86 92 186
4 133 173
12 31 121
75 163 301
97 79 226
25 121 150
67 114 186
60 73 163
15 110 207
50 82 137
100 185 477
24 196 224
93 157 259
13 168 189
12 20 161
2 188 202
34 123 170
13 159 323
2 62 73
37 44 90
23 86 113
60 161 226
78 173 283
13 119 262
53 131 237
91 69 204
48 21 79
5 139 284
14 162 287
13 70 83
36 167 208
92 39 138
69 194 264
3 154 158
87 43 158
22 110 210
98 140 283
18 146 213
7 186 236
41 176 261
12 111 289
27 62 100
35 109 149
8 195 207
78 133 261
18 26 47
69 68 299
93 189 285
56 184 245
88 84 183
62 60 123
83 170 257
1 85 102
45 186 236
87 167 390
6 35 74
75 78 183
15 13 33
77 30 130
69 121 203
84 156 247
12 164 214
96 40 139
59 84 208
97 169 311
100 159 259
49 17 75
66 17 86
33 51 86
15 0 122
49 175 380
15 74 133
45 59 264
33 1 60
