840
27 163 190
84 31 125
40 106 188
63 175 241
20 110 158
59 72 315
14 55 101
71 62 142
28 112 196
76 83 351
57 5 103
6 165 357
71 50 231
69 47 134
88 40 182
76 130 238
48 46 98
29 119 178
69 56 125
56 134 246
20 148 186
55 50 107
73 44 120
57 44 150
16 167 210
9 23 72
90 44 170
49 149 232
87 111 226
66 139 212
22 119 146
51 84 319
38 19 152
49 14 71
31 190 241
37 99 148
66 7 104
18 174 227
59 110 216
80 6 113
94 2 142
89 128 246
90 150 273
8 51 185
65 123 219
35 150 203
70 64 141
52 69 122
73 141 245
85 65 318
27 172 201
58 34 105
49 115 207
22 176 243
89 59 158
7 25 141
53 160 322
29 112 164
61 129 257
7 49 61
23 98 148
40 28 70
26 32 66
58 89 175
29 84 118
57 15 78
21 183 295
74 187 262
48 3 208
65 172 248
100 129 276
36 183 229
20 144 199
13 140 198
51 81 308
76 109 192
86 1 91
47 31 86
15 11 89
57 164 263
34 52 87
90 73 175
76 59 158
97 31 306
26 115 153
81 163 272
51 126 180
32 126 207
20 17 174
93 143 267
67 11 211
32 138 189
36 183 269
82 50 187
91 14 248
16 160 321
27 9 81
62 21 273
41 75 136
72 1 75
87 100 207
90 54 146
48 136 190
82 92 181
39 160 266
98 82 300
36 7 53
95 93 192
54 172 252
75 57 275
38 128 204
64 78 169
81 101 256
61 24 120
85 9 241
95 146 246
88 182 387
45 166 244
53 68 126
44 171 244
15 122 145
22 95 127
30 14 45
75 145 222
7 106 115
21 165 191
47 75 131
5 156 313
59 167 370
49 167 231
56 6 69
65 143 216
39 186 227
36 18 62
73 199 357
46 136 183
96 21 120
35 197 244
19 155 175
37 129 187
72 132 215
73 51 131
86 171 304
18 97 233
38 146 293
76 89 166
54 27 82
40 103 177
85 121 210
88 114 261
68 141 211
65 65 130
63 11 104
93 69 171
84 98 309
23 173 236
18 133 182
40 182 379
80 84 185
72 91 172
87 147 329
90 132 299
99 128 426
94 175 273
8 124 153
1 166 167
77 187 275
88 8 129
86 98 233
58 72 135
42 172 330
87 9 112
75 149 273
90 175 267
19 148 223
50 104 192
49 17 108
10 130 329
1 95 156
69 139 240
67 190 262
16 179 338
29 99 310
96 64 193
91 136 236
53 75 262
96 1 104
85 136 334
42 99 144
38 37 255
50 85 160
19 69 94
15 100 118
31 191 244
11 73 107
51 80 160
59 121 186
32 2 165
36 158 223
3 139 299
27 144 173
68 146 218
18 28 75
53 88 309
43 64 107
81 134 221
61 59 150
63 51 122
83 17 103
29 149 292
54 31 131
57 138 201
92 180 280
54 69 162
96 58 231
76 146 230
77 119 205
95 2 106
8 158 169
41 192 234
8 37 124
15 90 106
79 13 178
96 83 279
66 180 251
68 117 186
78 151 249
12 181 202
72 30 110
99 44 150
2 115 118
88 90 181
64 19 88
99 96 324
62 172 276
35 192 245
61 168 238
41 169 218
93 41 138
88 4 116
65 147 284
50 22 80
89 167 265
71 134 349
83 28 113
31 6 46
42 141 214
4 165 284
27 109 336
33 130 167
64 151 391
82 143 271
60 160 226
90 113 209
23 101 197
32 144 370
16 1 164
8 23 39
86 172 297
46 36 85
90 155 259
76 34 134
24 196 228
48 163 216
67 50 170
36 67 111
40 69 143
36 61 142
3 170 176
57 186 377
98 54 192
91 189 287
75 172 248
46 154 200
32 0 41
74 108 182
47 98 183
8 49 160
85 45 130
73 43 125
40 127 175
85 21 120
16 24 73
52 27 267
70 80 172
38 111 153
59 122 186
99 40 141
86 78 194
14 10 47
97 152 258
83 65 148
87 117 387
96 187 294
47 141 195
84 92 369
85 38 169
61 197 279
41 157 200
45 135 185
100 152 254
68 165 240
13 91 117
58 52 288
3 60 78
78 42 144
20 136 157
6 75 87
30 198 329
83 38 162
93 78 227
33 186 347
45 198 263
42 26 105
93 164 270
79 68 162
21 16 163
19 62 111
83 142 267
44 71 313
25 109 135
12 19 114
5 7 17
45 41 136
30 30 100
39 61 108
38 178 251
30 40 74
18 139 157
80 194 440
55 124 181
93 99 228
45 104 153
83 157 361
83 57 177
1 148 158
17 182 207
8 120 135
88 60 157
51 17 133
7 134 148
81 172 303
61 188 292
31 14 82
89 180 347
91 104 210
60 191 287
35 32 73
61 159 245
59 80 146
8 12 20
78 8 113
39 135 199
34 173 213
2 162 204
31 49 98
74 135 255
77 33 116
92 161 255
58 83 173
39 17 85
69 194 406
18 113 172
96 131 249
52 127 189
67 58 128
19 156 240
9 108 208
44 146 278
53 28 113
17 170 197
58 170 253
36 45 107
49 160 409
76 181 259
81 162 381
49 2 61
21 182 211
12 158 170
49 122 172
97 19 164
62 99 174
66 72 142
9 176 187
41 127 172
76 144 225
55 90 200
69 164 239
88 93 181
21 111 157
93 46 173
95 154 252
27 194 388
92 44 170
8 130 146
28 189 232
36 91 128
85 106 209
44 113 163
12 72 92
96 49 154
10 17 35
22 117 163
44 113 163
15 88 133
59 184 249
92 135 233
41 23 239
18 18 86
98 96 232
80 78 273
92 188 412
56 36 106
18 181 208
84 33 117
21 96 152
78 86 169
92 48 157
57 198 261
72 95 278
66 135 249
39 101 224
48 78 135
37 166 292
3 55 70
2 169 177
9 4 21
10 81 139
61 101 185
46 84 176
19 33 129
78 51 134
90 190 288
97 177 302
75 171 351
84 170 267
40 115 304
15 55 80
79 116 232
34 129 267
97 138 284
4 199 247
88 182 383
71 176 264
42 5 71
58 162 220
99 116 262
58 195 330
49 43 131
64 165 234
23 44 69
52 180 417
4 108 146
15 112 133
16 129 262
89 103 203
20 195 255
24 28 76
29 70 167
92 159 256
24 176 201
21 18 44
32 102 135
72 70 333
12 175 282
68 113 191
88 49 138
90 48 173
42 150 193
23 96 126
69 186 283
14 33 49
93 12 288
28 120 281
16 153 347
9 46 63
5 12 19
24 191 215
61 62 132
21 22 99
85 174 263
68 51 128
48 134 184
72 125 245
37 130 174
16 25 146
53 167 263
6 3 14
54 50 111
9 154 165
37 198 343
62 157 363
65 107 372
25 91 124
39 84 127
2 89 95
66 128 194
51 61 137
5 39 62
74 30 113
37 116 172
17 8 27
82 166 269
72 74 179
98 183 447
95 175 311
76 12 98
5 117 247
13 157 212
47 169 390
51 44 95
83 2 268
69 84 203
38 138 192
49 148 202
16 106 311
88 163 271
26 14 61
25 84 124
46 38 88
81 194 284
49 98 158
86 142 422
76 0 109
77 155 430
96 154 389
3 82 95
73 94 267
22 24 51
8 115 188
99 188 298
89 135 227
65 142 217
88 181 269
45 11 214
79 13 95
93 133 377
5 121 132
12 146 162
17 101 237
88 113 234
54 63 126
73 146 236
2 67 214
93 194 291
66 23 130
13 149 261
80 181 268
33 146 206
62 130 220
73 111 216
50 56 274
48 78 211
19 101 128
42 170 229
98 36 284
93 21 125
80 20 236
66 97 179
43 171 215
38 47 123
88 51 232
51 39 131
61 157 227
42 100 156
34 46 126
93 132 230
87 28 134
89 112 202
33 4 41
13 12 208
66 75 145
23 86 114
100 180 299
62 74 289
93 52 154
16 25 241
51 100 155
75 156 362
45 171 244
37 101 187
83 83 209
66 80 155
60 67 153
1 196 207
65 176 251
83 90 309
37 94 321
70 99 177
22 90 149
64 28 290
51 120 178
40 144 187
96 178 279
60 49 218
26 8 43
90 76 202
55 97 155
32 83 202
46 68 213
61 89 171
51 124 192
37 67 106
42 155 251
17 68 213
76 49 144
92 8 107
55 122 215
21 151 175
65 72 150
88 54 330
31 4 91
80 187 270
22 99 127
10 31 181
97 35 246
64 19 96
76 15 203
65 85 312
69 80 149
81 20 108
62 12 82
80 191 402
15 10 47
8 58 105
52 20 80
82 5 101
95 184 328
18 36 62
95 135 260
47 64 118
65 27 96
24 131 188
65 76 235
78 138 225
7 43 50
53 8 63
59 3 91
40 105 176
57 32 166
17 69 172
35 191 388
15 151 183
2 27 55
95 117 332
74 122 291
87 108 219
24 25 72
91 67 178
40 170 321
96 47 149
26 73 292
15 45 194
65 45 111
41 154 229
94 165 269
55 90 145
51 147 203
12 176 192
97 89 211
86 93 223
83 179 262
77 14 98
68 81 170
62 22 99
17 198 229
49 104 159
69 65 172
1 157 274
85 104 227
15 188 231
82 68 150
14 31 54
85 47 133
59 172 236
65 198 366
7 182 263
53 81 134
87 15 110
53 196 255
86 170 301
1 111 123
24 89 122
1 12 127
8 171 189
65 197 265
56 169 349
23 180 210
85 21 111
47 0 50
25 75 298
61 52 122
65 87 195
93 43 164
49 55 142
17 111 213
87 86 177
23 51 100
84 185 291
84 50 162
98 196 304
17 137 163
66 164 236
22 198 241
41 89 234
40 26 103
66 188 298
13 39 173
63 183 446
84 49 248
27 119 166
33 156 202
73 178 261
57 36 245
43 33 213
31 66 103
31 121 166
66 180 437
70 5 204
76 166 290
40 81 295
17 186 301
37 188 263
66 24 250
49 168 237
72 4 135
93 64 163
75 33 111
80 103 190
100 182 288
10 139 318
69 157 240
34 192 231
28 27 247
40 30 85
34 55 100
56 105 162
42 41 91
38 195 408
13 189 215
92 74 253
10 164 179
3 27 196
7 16 64
75 6 117
72 20 123
78 110 188
51 110 315
93 2 103
74 185 286
4 198 235
27 37 98
3 191 289
6 53 67
25 15 47
55 44 139
64 53 119
74 67 143
93 71 274
11 47 118
19 87 113
90 174 270
43 61 107
56 196 396
9 186 218
38 175 217
89 75 165
61 192 286
7 16 25
43 0 55
29 60 95
46 139 186
63 42 229
94 80 187
9 116 131
58 139 220
52 171 312
94 143 261
30 45 263
90 190 351
38 152 321
26 51 173
61 44 110
22 54 84
20 132 154
95 91 204
90 165 256
78 77 156
49 44 235
19 42 79
69 80 311
46 198 245
59 69 162
70 77 152
90 144 267
52 16 168
58 95 159
75 84 239
31 20 55
30 0 80
31 134 169
48 92 150
73 156 253
75 126 307
38 36 177
76 188 294
47 74 308
22 83 116
41 2 46
81 184 273
57 2 64
28 98 145
46 46 95
32 172 235
35 48 88
73 60 326
67 20 128
19 110 132
50 118 174
39 151 238
62 18 275
53 35 90
77 164 247
45 5 72
97 69 206
51 0 55
92 170 270
26 25 143
4 103 116
47 45 219
71 118 286
30 150 187
99 109 213
67 138 215
17 198 217
24 80 154
52 51 105
74 187 262
89 10 143
34 47 88
