130
50 115 167
43 168 211
94 26 155
44 15 78
71 161 394
8 146 200
65 131 266
33 60 112
83 144 236
15 64 135
62 65 177
82 31 257
75 120 201
35 36 88
53 172 259
52 131 314
26 93 127
91 143 243
11 119 173
99 195 467
96 81 186
41 95 315
95 97 197
14 91 261
1 33 49
52 198 253
20 50 74
18 51 187
24 94 227
55 89 186
14 158 204
28 110 183
65 93 203
40 13 54
93 84 186
48 98 280
20 46 73
21 66 270
98 85 188
84 1 88
71 112 227
11 74 87
78 42 129
37 118 158
50 121 226
77 122 208
39 81 276
100 14 124
55 183 277
47 15 62
45 167 402
32 95 130
20 68 97
1 122 129
77 82 173
56 181 243
40 124 220
48 16 130
12 18 90
34 191 271
72 50 123
30 179 392
3 47 240
81 80 170
53 135 196
59 59 127
32 0 73
21 133 186
22 87 117
92 30 144
99 106 314
77 31 118
52 90 143
30 157 252
67 41 305
55 97 262
75 55 131
58 23 81
36 150 190
12 167 208
49 117 233
82 128 220
47 105 173
77 3 102
19 36 65
1 129 138
64 55 210
45 181 239
70 175 275
47 157 205
74 28 105
15 55 92
20 58 83
29 119 265
49 107 166
2 51 90
45 124 193
71 79 314
96 171 285
72 151 421
52 89 261
43 36 259
23 99 157
47 171 226
8 69 119
51 189 260
85 125 301
36 55 110
95 127 232
18 50 110
40 52 95
20 12 78
16 73 183
34 81 115
98 27 131
32 136 266
12 72 91
9 15 195
5 18 128
1 188 192
24 128 319
82 145 235
11 25 68
49 146 242
57 146 229
29 48 85
9 191 207
5 14 93
34 194 234
95 71 167
