710
10 97 110
51 200 280
34 95 130
76 183 262
65 125 207
33 59 141
15 37 93
23 61 93
7 134 142
19 152 211
56 176 251
10 69 86
89 31 127
83 117 210
51 29 108
17 2 49
22 2 56
53 153 215
64 17 197
49 65 266
51 132 299
100 119 328
38 28 77
26 51 115
88 161 293
63 25 197
85 140 228
87 33 253
36 19 146
70 195 268
16 112 212
39 171 226
28 126 161
7 180 189
3 6 10
27 146 328
29 44 87
26 115 143
79 196 284
40 126 348
67 188 285
6 34 118
10 9 215
31 49 107
62 106 179
62 127 198
14 186 337
53 95 253
31 55 115
91 13 127
37 77 124
1 38 65
93 112 400
90 37 153
44 180 247
58 145 240
23 73 105
15 59 75
98 24 131
88 176 291
8 167 185
13 17 161
36 49 216
77 143 228
43 134 286
5 130 145
47 189 239
39 138 198
22 121 145
7 110 122
22 154 176
31 151 251
44 75 146
3 138 187
36 157 203
56 27 119
88 61 160
57 94 296
14 130 186
84 167 260
68 75 173
47 36 97
21 7 32
10 10 182
21 158 202
74 50 220
91 96 191
97 192 301
88 56 175
86 160 253
72 162 258
1 33 168
25 131 200
42 82 134
18 144 278
32 72 144
17 158 201
13 3 24
82 131 221
95 10 117
7 68 157
53 81 177
31 23 59
73 105 358
93 22 310
58 32 95
67 66 316
94 145 401
6 26 38
42 115 300
68 83 182
73 178 392
87 14 136
60 150 225
87 198 341
73 51 165
58 161 226
94 117 215
10 5 45
12 150 163
76 185 287
34 107 262
43 115 175
75 108 274
34 55 91
96 51 156
95 198 294
37 164 203
26 4 47
34 21 77
75 161 252
63 176 372
10 177 195
37 147 350
40 122 181
70 103 189
11 52 69
39 40 83
10 76 88
19 69 122
67 171 244
84 41 138
58 97 167
82 127 213
11 64 83
10 186 199
22 14 45
53 43 224
14 126 159
45 114 218
43 169 354
7 78 99
8 156 195
55 16 120
36 178 251
24 75 230
42 32 83
61 97 159
34 171 215
54 142 223
68 54 127
14 161 294
7 165 357
46 30 85
45 29 82
19 163 227
44 64 219
88 200 334
64 148 405
40 189 246
91 131 259
94 168 301
27 126 156
52 146 222
3 2 33
13 107 135
9 132 185
54 171 227
18 157 194
69 83 295
74 152 419
91 64 207
92 199 303
93 31 164
70 52 129
32 136 357
76 34 155
10 93 154
77 52 172
86 141 244
99 80 211
58 41 108
91 59 190
60 26 88
56 137 232
86 21 112
70 52 124
72 172 244
55 67 162
79 102 199
66 139 211
4 175 373
49 193 247
50 123 193
98 196 294
85 160 272
17 45 71
63 88 318
54 86 190
86 130 223
14 100 181
60 74 135
7 102 134
61 199 282
54 4 222
30 77 156
16 135 153
12 60 79
74 76 154
3 196 208
30 62 92
54 198 252
97 50 151
11 117 152
82 188 417
7 4 28
7 46 57
78 141 292
52 83 142
34 132 332
94 158 446
91 190 318
20 103 131
15 61 100
37 193 235
40 89 136
51 15 71
22 86 143
14 188 240
45 75 126
78 38 146
93 132 424
24 8 41
74 139 246
75 61 141
41 170 215
18 104 124
81 151 240
47 6 56
57 196 270
26 191 236
34 82 253
45 116 197
28 66 119
61 197 387
6 120 132
29 125 154
59 91 196
47 101 216
99 35 215
20 186 224
98 64 170
2 165 176
45 105 312
63 105 172
74 196 300
8 33 70
29 127 331
21 49 79
48 122 339
95 156 262
77 85 166
81 170 261
96 52 153
65 32 107
29 82 159
93 165 266
68 141 214
54 191 249
35 78 114
62 56 214
66 14 83
83 3 89
78 116 241
91 98 195
26 138 212
15 50 65
39 83 129
93 176 271
19 185 211
72 22 184
82 180 415
85 16 158
24 149 179
28 170 207
88 193 290
27 64 142
64 6 115
87 109 239
5 166 210
36 196 248
87 44 276
22 116 214
93 89 188
64 96 244
92 199 298
37 122 338
56 153 218
14 20 141
60 50 114
78 198 282
59 171 239
50 120 203
93 63 164
39 59 130
39 114 235
36 19 65
98 131 239
55 130 189
84 127 214
2 43 52
5 43 93
91 88 187
62 75 217
95 10 173
39 177 226
61 64 318
63 167 242
74 120 233
21 47 93
97 141 425
33 193 235
83 148 263
39 93 154
72 96 251
95 36 318
70 170 359
72 41 265
15 91 132
60 108 173
12 188 301
90 22 145
95 79 191
38 76 118
2 95 266
53 12 71
78 102 267
98 84 359
50 99 160
96 123 268
89 46 143
9 140 149
71 156 227
96 81 355
80 90 356
3 116 205
36 93 136
36 183 263
29 110 160
20 155 180
38 25 65
26 157 229
41 61 102
88 10 142
3 200 230
71 91 170
95 61 162
75 41 126
37 0 232
40 190 234
79 114 193
34 34 76
14 91 136
67 116 191
85 67 154
7 16 45
53 186 272
95 156 271
70 158 268
22 192 217
33 22 147
65 93 287
60 136 330
40 190 314
93 183 277
81 81 208
35 100 165
59 140 343
14 139 172
32 79 120
43 175 234
75 28 127
9 81 93
26 83 118
33 178 360
100 162 272
6 143 288
5 59 81
89 74 188
85 160 389
21 182 204
46 186 293
87 9 104
72 27 107
97 105 212
72 48 179
13 43 57
76 75 159
45 80 132
31 61 164
7 65 78
61 124 308
3 45 159
69 152 282
20 3 23
98 16 180
29 94 133
24 118 273
41 150 243
21 25 76
18 180 235
68 172 270
62 23 278
44 178 231
18 20 212
48 92 321
70 123 235
5 128 135
41 62 112
7 47 75
39 166 331
46 63 113
99 69 200
100 149 274
86 98 189
78 3 81
80 88 196
40 129 176
40 163 237
69 81 217
85 24 289
87 6 102
67 75 174
66 131 287
51 106 185
99 173 298
74 55 141
88 181 278
53 156 210
36 103 310
33 20 140
38 54 101
47 176 228
81 45 164
77 35 179
62 174 238
39 103 160
83 81 168
28 169 203
90 169 390
17 89 116
51 133 189
48 39 92
10 21 32
44 154 208
97 135 240
43 106 152
75 122 333
99 194 296
69 13 88
76 105 222
15 142 165
2 195 224
2 178 356
76 37 115
91 79 178
79 58 185
42 98 187
10 125 144
86 12 125
99 182 303
31 23 64
9 113 172
22 78 103
56 187 249
21 103 134
2 128 173
95 103 236
47 185 281
32 174 214
67 199 345
52 65 160
92 39 204
85 4 139
76 24 193
56 66 256
3 93 254
15 27 82
68 145 308
83 122 246
89 141 262
50 178 232
98 85 206
41 174 368
81 188 388
91 182 273
92 186 281
6 30 46
60 172 335
61 13 112
32 152 229
16 129 177
9 0 116
94 6 135
77 159 274
33 65 102
92 46 182
64 104 245
43 60 151
81 71 312
90 146 236
100 96 225
83 141 357
77 82 159
41 70 140
73 99 183
76 165 243
98 67 169
87 12 144
70 49 122
61 132 198
42 95 154
79 168 281
83 29 311
11 188 340
51 97 188
14 60 147
97 35 138
10 77 89
18 175 197
69 163 238
25 199 259
42 136 226
24 114 165
80 149 244
65 32 270
1 157 168
76 55 148
92 144 250
72 148 253
82 200 282
46 153 237
89 114 223
48 185 328
73 164 237
26 174 208
52 96 177
82 133 217
36 6 85
49 87 170
34 70 135
4 175 181
100 84 194
45 91 141
54 111 198
96 21 153
30 76 106
75 77 154
19 147 178
58 11 74
100 109 219
49 74 213
49 50 137
33 113 227
85 159 291
9 188 335
26 155 226
97 137 251
6 1 11
90 74 195
34 131 165
80 25 117
5 94 113
3 110 113
13 100 183
92 130 226
82 178 429
52 57 246
7 112 126
59 81 144
44 172 298
89 193 297
32 164 234
94 89 265
26 22 52
47 149 200
86 163 264
82 58 163
36 48 113
71 137 210
95 17 118
81 95 185
72 188 260
59 24 83
28 71 99
46 16 188
15 182 206
60 11 106
33 83 131
89 178 304
47 164 245
81 179 270
72 199 279
99 51 159
43 51 95
58 81 150
12 89 110
30 135 181
42 63 154
90 177 441
73 81 156
33 19 59
39 73 116
19 181 207
4 78 117
35 149 224
46 10 72
95 174 368
35 100 225
20 188 212
9 73 241
2 144 214
34 181 289
90 38 136
25 113 298
17 1 21
73 148 308
74 75 152
32 94 307
40 37 264
88 40 236
16 64 92
9 66 111
76 13 95
6 85 205
84 86 176
33 79 139
16 29 83
45 137 192
25 48 82
3 133 144
98 93 195
34 125 164
38 82 130
49 125 312
34 111 191
18 194 228
90 134 237
23 132 157
91 143 264
61 128 197
17 87 293
71 84 161
49 159 220
1 101 105
24 9 45
66 123 196
28 28 66
82 144 424
98 199 347
25 121 164
67 2 108
23 171 199
39 187 235
23 169 201
46 107 284
55 115 179
100 79 180
85 176 262
30 133 225
19 171 365
61 156 243
34 21 56
61 23 93
63 148 385
74 91 278
79 167 285
76 162 261
76 62 141
5 153 179
61 169 237
65 100 194
39 137 211
14 149 170
38 75 122
86 5 223
27 167 288
12 158 178
50 133 365
76 22 103
85 120 240
29 115 154
53 13 84
88 82 207
28 184 220
67 105 243
3 54 83
2 109 137
33 86 120
41 163 403
