410
84 32 118
79 169 266
57 178 401
39 104 147
51 168 221
78 155 242
79 197 299
90 98 197
32 5 42
16 143 179
11 18 72
79 36 130
1 43 54
79 158 255
50 170 362
76 65 261
55 120 182
12 178 306
53 136 196
16 136 157
5 156 168
21 66 91
53 115 168
43 15 59
41 130 172
62 112 191
78 192 307
19 166 300
93 158 374
57 110 174
10 87 107
81 111 198
31 9 119
95 46 256
45 8 99
53 11 71
23 38 70
11 24 79
52 62 144
80 53 278
99 188 297
30 110 141
88 170 433
8 118 135
79 69 152
5 93 133
1 56 67
70 70 188
72 46 128
75 13 116
91 10 284
87 41 140
38 7 51
75 85 168
6 35 50
91 138 394
82 186 299
6 18 52
40 60 114
68 179 293
52 5 155
78 44 169
16 42 75
16 130 264
77 199 277
14 133 168
91 187 390
92 49 143
51 102 153
95 137 240
78 110 197
100 116 267
35 171 206
66 194 265
29 140 202
77 187 365
51 197 392
90 115 214
20 74 120
6 31 45
33 131 170
40 56 141
66 10 116
35 181 220
38 164 222
79 121 385
34 144 226
33 187 225
94 89 213
35 181 236
80 46 314
8 110 275
36 176 230
56 79 298
7 137 147
26 142 175
11 41 58
8 8 61
2 173 175
92 184 465
89 55 154
49 71 152
56 43 105
38 121 336
96 78 218
36 28 111
89 91 190
24 101 159
63 151 220
23 67 118
26 196 265
68 91 166
96 65 175
32 152 219
73 8 149
34 43 270
72 97 216
40 16 57
47 148 199
19 68 127
82 87 211
21 170 198
30 176 292
35 124 196
54 10 70
38 117 180
33 35 199
72 41 123
21 21 151
11 103 255
17 32 56
46 26 108
61 142 213
3 49 58
16 191 230
44 1 90
24 157 181
51 76 220
39 36 84
97 116 220
86 31 121
78 24 132
22 169 210
83 74 163
58 187 254
80 125 214
26 8 136
49 53 262
13 77 115
58 106 167
75 98 211
5 79 125
41 154 240
76 123 208
44 128 205
26 175 207
94 163 260
72 124 207
39 1 44
4 47 54
55 89 144
55 141 199
7 125 141
66 13 92
56 54 110
80 72 203
96 62 158
70 35 108
48 62 233
31 162 237
45 153 208
53 153 210
74 58 139
53 24 111
94 147 251
48 69 137
32 48 83
38 128 170
45 97 259
21 152 180
66 97 170
92 126 226
19 118 149
47 149 196
81 7 92
61 110 188
72 69 154
72 102 200
8 13 42
60 98 336
12 154 172
69 76 168
55 80 143
78 48 133
12 56 102
60 142 204
25 1 42
92 130 294
85 198 286
37 114 166
87 9 144
57 81 165
84 192 284
54 135 197
94 139 243
75 38 119
40 99 148
71 35 125
18 54 83
38 97 148
48 17 74
73 158 231
2 141 218
68 143 375
5 73 94
66 170 244
39 133 182
93 168 263
94 48 177
8 87 149
27 186 256
32 121 182
28 129 162
4 50 182
33 180 253
54 132 202
15 62 105
16 35 59
11 140 153
18 128 337
10 94 166
27 134 170
22 179 216
57 5 65
94 175 276
57 173 237
62 58 136
36 84 128
43 183 249
82 167 447
91 198 291
71 72 237
97 133 284
44 131 194
72 112 186
32 188 404
5 28 79
49 162 220
22 36 68
86 166 333
13 100 187
59 75 144
85 171 290
98 62 207
4 53 174
36 152 189
82 157 248
55 67 132
23 154 264
88 198 408
8 32 49
36 106 143
31 34 67
57 80 276
94 33 164
64 48 112
13 108 193
39 4 50
23 118 145
59 171 232
44 44 98
90 54 144
12 181 220
55 105 334
9 68 175
44 35 84
72 130 205
35 123 163
6 123 134
80 139 259
21 86 153
83 192 279
95 138 274
16 135 284
67 114 186
97 101 207
1 152 166
57 163 254
16 8 217
94 191 299
21 128 149
96 27 152
26 150 183
28 95 125
8 139 213
89 0 94
82 194 286
68 55 225
38 151 238
55 142 197
10 127 144
38 27 73
27 50 258
6 158 189
22 143 172
92 196 294
57 138 358
24 33 87
89 14 111
91 108 199
95 159 261
81 49 165
80 185 271
41 73 123
37 8 214
81 25 113
9 9 171
29 151 212
94 139 428
75 69 194
26 96 127
9 96 122
27 46 102
55 109 174
90 197 290
100 67 247
84 82 171
6 7 20
61 32 143
2 152 160
58 178 283
46 4 100
82 163 249
74 24 282
46 103 165
80 48 251
28 102 139
28 20 213
9 172 183
72 97 175
42 41 119
9 160 179
3 134 150
37 181 236
56 127 187
84 26 135
17 75 141
100 184 308
73 148 242
62 127 193
48 128 177
95 132 231
46 71 294
63 99 172
7 60 71
91 177 396
45 132 211
84 60 319
83 137 252
22 29 56
92 55 157
60 110 314
40 156 308
16 135 158
16 90 116
36 132 173
90 79 198
32 151 193
31 187 311
96 66 207
12 90 104
52 28 196
68 184 286
5 21 55
80 133 257
6 98 109
88 171 262
55 103 168
59 100 178
16 129 241
2 136 144
49 175 227
52 63 142
65 136 259
48 173 251
17 149 353
1 73 82
90 9 102
24 5 49
27 182 389
17 131 221
73 11 268
31 113 310
76 13 99
24 41 141
97 24 167
9 86 136
10 22 70
97 3 129
100 40 175
51 190 242
72 16 89
51 65 124
6 145 151
62 84 196
54 112 174
65 164 261
59 163 256
75 20 246
86 154 248
