290
48 47 98
97 41 187
98 132 235
13 40 53
40 64 114
78 179 257
82 53 139
27 120 157
34 2 230
86 14 114
8 128 179
13 26 71
79 31 117
19 139 161
12 70 85
14 115 133
40 37 78
70 145 225
63 64 174
34 133 324
38 11 222
89 81 300
90 63 199
24 181 330
2 150 167
71 61 134
3 14 166
95 53 154
75 56 141
14 136 194
36 105 187
77 17 104
89 28 132
52 138 195
18 24 45
94 167 282
82 195 323
66 50 201
1 189 191
95 88 184
90 179 278
3 4 8
98 14 162
56 66 131
84 110 215
55 193 276
53 17 73
30 147 210
44 162 246
22 127 155
84 17 124
53 189 251
70 183 374
7 68 76
74 191 270
40 71 121
72 51 193
23 22 76
35 106 142
64 34 208
10 91 102
64 28 117
46 45 129
84 16 206
84 158 272
62 96 258
63 141 206
98 186 306
68 189 309
73 16 111
97 52 157
76 102 215
86 115 369
17 67 126
41 79 170
39 79 120
67 160 317
56 105 161
6 33 47
14 138 158
52 69 145
41 93 229
26 170 202
32 183 215
49 3 90
75 11 93
72 61 147
14 165 286
16 15 41
93 104 207
76 23 118
42 96 145
24 75 136
31 139 240
37 100 159
3 21 31
88 148 346
63 30 97
33 142 211
79 137 262
66 88 159
60 169 314
84 168 259
66 6 72
87 167 255
81 94 274
46 50 216
83 136 419
13 134 155
72 93 353
21 84 107
6 143 163
75 36 121
58 75 183
43 39 238
92 59 163
71 184 257
31 135 172
45 39 107
82 137 266
50 82 175
27 39 106
72 66 138
99 27 146
54 17 127
1 63 97
50 67 239
33 185 244
59 157 255
10 100 149
52 163 237
76 92 173
82 1 85
38 64 176
77 33 111
52 164 224
24 107 139
72 115 199
52 18 100
34 147 207
61 124 188
5 81 94
80 128 257
92 110 285
93 198 299
84 133 217
50 80 168
57 109 168
36 62 256
9 179 189
65 148 263
2 149 240
58 173 256
85 45 155
66 36 133
8 189 206
72 65 140
31 89 214
60 168 232
74 16 114
7 110 124
25 84 110
33 57 96
24 107 131
88 112 263
99 70 198
9 91 107
100 200 452
43 2 45
10 80 95
66 72 169
3 30 45
79 71 172
43 25 93
26 33 61
38 82 129
32 12 88
32 111 257
98 141 247
42 196 259
84 77 169
51 162 221
49 103 289
14 149 171
19 5 74
11 13 30
58 163 231
52 35 126
39 74 270
87 7 100
22 29 67
80 144 232
15 80 105
30 67 105
54 28 85
6 25 121
3 16 27
20 4 32
64 158 261
14 182 203
58 16 101
48 60 112
58 17 81
79 47 214
73 4 83
58 53 193
66 152 296
79 90 197
49 67 173
77 12 96
26 182 236
68 9 82
74 165 288
27 98 231
43 180 356
95 41 146
82 152 240
88 185 311
4 89 108
94 194 312
57 91 228
41 15 59
21 22 68
81 100 228
6 84 109
61 124 186
19 180 201
37 97 141
30 134 292
73 38 124
10 28 38
42 145 220
24 89 212
78 119 246
78 167 246
84 43 139
95 188 347
15 170 195
17 172 195
76 75 276
50 148 241
85 33 128
3 133 145
92 46 148
98 166 270
33 23 60
7 94 103
69 128 396
57 116 196
35 75 271
1 90 176
31 1 34
2 1 3
55 177 271
55 43 100
86 161 267
18 128 147
49 112 175
7 3 10
13 51 114
4 136 145
36 143 186
25 23 57
11 152 254
97 67 292
35 60 134
73 137 304
44 40 150
51 122 179
53 198 256
71 168 392
33 33 72
18 74 109
94 90 192
7 51 58
89 86 177
47 32 84
61 140 206
98 185 313
44 47 91
35 168 208
34 97 135
89 71 254
53 43 222
45 131 287
84 21 290
85 19 114
61 79 157
24 177 304
98 60 206
