100
29 189 218
77 133 220
30 139 196
21 156 207
47 32 110
45 143 198
21 24 102
47 87 141
37 180 225
53 38 151
34 51 85
86 176 315
15 161 213
81 140 231
12 120 149
52 170 406
68 124 230
42 74 124
84 157 397
51 71 125
36 81 118
91 2 102
73 85 168
62 91 161
92 132 224
24 87 225
8 86 99
80 57 326
55 53 115
78 195 274
21 43 65
29 103 178
30 52 87
51 174 228
41 62 231
32 28 62
86 184 271
79 131 343
8 132 282
43 179 224
50 8 82
9 160 172
91 182 317
8 64 121
44 2 71
52 56 251
27 26 85
48 148 205
44 137 188
3 22 37
79 171 254
92 54 154
6 53 61
9 80 94
4 142 165
16 163 182
48 7 192
53 173 235
95 194 291
37 195 236
37 134 184
66 93 317
79 27 152
80 177 397
73 78 339
18 121 139
60 160 238
4 119 124
35 166 384
68 189 266
28 20 48
91 109 386
87 183 356
45 189 379
49 124 176
80 166 248
40 136 181
37 164 202
47 88 177
78 175 253
3 35 86
92 11 145
68 43 114
6 12 51
72 111 371
64 113 266
10 86 117
75 90 197
36 182 224
98 80 181
51 71 130
82 160 248
4 25 36
14 23 39
87 139 425
43 152 197
56 23 253
67 157 234
82 33 139
55 131 300
