440
60 155 260
57 13 77
68 48 152
19 173 377
89 141 264
73 88 265
87 87 175
53 148 354
45 33 105
61 152 217
13 153 256
95 17 117
22 130 159
1 173 182
64 80 317
48 159 256
67 2 111
80 152 242
13 137 173
58 80 141
64 85 185
12 159 347
100 1 195
55 53 118
9 91 146
75 56 327
51 199 258
2 69 76
74 93 198
59 85 178
93 172 269
7 25 135
90 76 183
15 165 255
48 136 192
93 50 270
52 14 66
84 161 388
53 20 83
16 123 163
45 35 84
7 161 176
2 3 7
21 65 91
21 180 204
69 45 131
21 86 281
92 186 313
1 81 88
100 50 154
65 164 260
32 196 234
76 151 276
54 11 95
96 134 347
95 123 227
71 123 389
75 123 251
99 14 118
17 7 28
19 169 220
27 167 217
47 90 260
46 71 127
54 159 364
62 184 414
12 100 282
97 1 101
44 181 235
99 166 266
82 89 192
7 36 49
36 84 127
87 143 237
68 180 256
39 41 272
43 119 303
29 108 157
8 164 201
24 114 237
39 190 233
39 132 259
85 76 271
47 192 315
63 157 229
3 107 152
71 124 241
86 51 196
52 54 137
50 110 198
65 159 226
50 22 240
47 54 103
75 129 210
53 137 379
67 28 273
24 13 39
30 187 220
35 7 47
6 137 153
62 165 234
35 87 122
86 95 373
86 13 117
58 55 126
11 199 251
88 62 198
72 148 297
83 25 109
92 46 141
32 155 366
10 58 227
43 179 234
73 51 130
38 46 91
97 144 242
52 88 152
92 176 303
84 125 221
91 190 289
13 94 161
86 133 226
15 12 118
85 20 286
82 25 173
28 170 218
15 137 176
15 14 45
62 165 272
88 81 176
47 67 128
9 33 171
98 85 348
76 13 98
10 149 178
45 52 101
94 65 296
15 174 344
39 181 223
4 133 164
18 195 242
14 104 120
24 84 145
72 164 251
98 199 443
2 65 87
41 165 208
66 36 121
17 11 165
87 115 333
20 170 234
63 87 186
49 171 242
74 91 218
30 76 109
29 149 183
38 23 89
98 200 302
64 30 143
86 18 122
88 35 133
38 111 150
79 104 233
5 154 296
68 164 352
62 38 102
45 28 243
69 109 179
90 175 274
35 197 236
84 146 273
44 87 283
8 120 272
27 118 149
56 136 219
30 13 73
95 166 303
21 67 112
56 182 278
7 8 114
90 46 141
71 172 243
73 115 193
95 179 366
100 63 173
68 39 149
51 191 247
85 143 263
72 13 88
48 144 221
77 14 96
30 29 144
61 110 171
35 181 221
77 118 252
20 54 80
62 23 211
48 4 60
35 97 195
75 65 170
14 175 338
31 22 61
76 149 230
74 189 300
41 26 265
14 149 181
92 159 293
13 59 130
76 50 129
51 45 174
6 57 64
36 113 172
77 35 214
37 199 281
48 40 134
83 123 214
47 57 153
76 102 284
27 8 57
46 73 226
58 44 133
72 72 152
89 43 132
11 167 199
90 14 114
95 79 252
88 176 264
25 4 85
12 44 57
50 66 153
36 162 241
47 117 166
62 183 263
64 40 108
50 145 238
94 119 216
94 57 224
37 130 347
13 76 134
46 186 263
89 176 307
86 9 294
22 79 110
21 22 44
63 68 256
30 124 156
6 100 125
38 66 117
16 71 97
72 181 262
63 98 182
30 114 149
82 180 267
93 135 346
72 132 204
94 61 354
7 17 57
47 98 148
52 90 245
43 6 58
29 77 237
6 93 225
43 181 269
46 192 354
59 196 289
21 82 224
32 76 113
11 99 118
70 127 212
29 99 133
31 170 201
27 95 131
27 144 173
55 157 214
98 189 383
98 199 306
34 5 42
34 40 234
34 174 211
33 106 142
40 66 113
96 15 134
10 123 155
86 119 338
64 10 114
9 198 403
88 10 107
76 158 367
80 190 307
85 141 229
1 31 33
34 181 216
90 87 217
77 139 267
4 93 138
53 4 63
93 138 399
45 79 125
16 8 29
49 56 140
45 170 222
8 33 44
52 81 221
37 2 42
4 191 201
13 45 101
2 120 150
45 139 187
59 18 97
29 116 226
64 192 259
54 80 183
93 10 138
15 124 164
54 24 80
27 175 226
58 200 281
80 147 235
1 166 188
77 96 189
60 25 89
23 125 235
56 172 238
50 131 218
73 40 123
29 149 315
89 131 222
52 17 69
56 169 280
25 153 204
63 20 89
8 155 165
84 37 147
34 199 368
10 113 128
42 25 67
44 104 213
16 141 162
71 125 228
52 77 141
59 180 270
25 199 270
17 35 244
71 37 109
31 149 187
46 89 135
86 122 255
15 7 211
10 178 350
86 89 184
14 60 101
25 98 133
16 29 51
80 178 334
16 23 167
76 35 141
11 113 237
33 56 100
46 64 153
71 61 134
6 17 59
61 91 160
58 27 114
69 70 265
2 71 83
100 148 274
49 122 176
22 111 139
16 48 68
67 99 181
57 30 134
94 196 396
28 124 169
81 176 261
62 95 251
45 9 77
78 145 238
52 183 416
19 79 105
54 124 187
50 84 164
65 107 173
3 101 145
77 170 375
57 4 122
29 42 78
80 135 388
12 116 131
41 14 210
25 173 352
32 177 228
42 125 174
38 143 182
57 150 238
79 40 119
57 57 142
54 178 430
52 54 136
99 54 160
21 27 235
44 101 337
51 194 276
44 45 244
47 27 184
86 98 374
6 126 172
41 33 114
95 42 143
39 152 196
29 157 282
56 158 220
23 51 74
24 29 53
96 106 376
19 127 190
64 191 272
85 159 360
53 176 267
67 50 126
2 61 70
46 8 244
11 156 349
92 93 188
99 32 132
56 102 166
70 39 113
87 110 239
18 161 179
41 2 68
46 182 303
81 144 256
39 23 86
56 93 157
95 78 326
80 1 110
71 132 352
2 122 161
27 63 123
47 99 332
67 145 251
