880
61 76 145
99 100 216
52 75 165
94 33 133
36 136 208
24 179 365
35 29 101
73 23 155
33 18 56
44 65 217
52 36 98
41 1 204
97 170 297
88 74 172
49 185 382
14 93 191
82 78 168
56 97 162
49 36 104
1 69 270
43 93 140
16 11 60
16 54 82
26 153 182
84 15 203
1 25 162
10 46 60
21 69 122
97 110 233
76 101 309
33 73 126
81 20 239
99 118 321
63 105 364
54 17 115
17 124 144
90 184 349
92 73 284
87 151 391
52 73 125
78 77 155
83 145 240
2 35 43
79 171 267
9 80 90
86 11 99
26 32 62
84 151 243
95 196 389
58 193 251
11 197 384
16 0 35
31 117 151
98 24 126
59 194 389
62 30 99
17 105 126
58 14 75
43 95 159
31 54 96
46 149 220
50 195 280
5 35 44
69 100 257
4 117 318
90 166 263
23 130 155
65 198 297
66 190 266
65 117 189
65 11 108
60 164 284
89 39 133
39 81 160
47 73 127
69 50 126
31 25 82
93 20 116
62 65 133
29 117 155
48 156 230
54 31 88
71 132 313
31 7 43
42 7 203
67 152 232
78 111 216
8 81 134
32 58 95
100 161 302
90 76 173
10 141 156
81 194 318
34 89 226
37 22 95
20 145 171
6 124 251
44 63 118
24 142 186
91 79 214
99 175 405
42 122 339
5 52 75
54 17 84
34 86 124
89 124 216
24 108 140
74 97 358
100 146 256
98 93 191
73 146 398
11 25 45
95 117 213
37 73 235
43 79 189
78 158 304
50 100 156
64 14 83
89 126 390
35 21 89
76 55 135
51 160 287
61 2 153
5 121 130
35 51 97
8 40 235
9 20 34
83 157 285
97 157 262
15 109 132
36 82 158
53 54 176
40 58 104
63 116 220
13 169 230
88 33 122
97 106 250
15 147 164
63 9 81
4 116 123
71 146 401
17 133 171
62 19 81
36 134 173
60 91 151
82 174 304
48 49 267
37 84 129
76 29 293
92 133 266
32 85 127
65 169 278
42 174 264
91 200 364
98 37 262
88 189 436
56 87 177
24 93 127
87 116 211
26 96 267
25 25 51
83 120 314
95 163 299
65 139 245
92 14 110
43 176 268
25 47 123
42 104 265
48 72 139
30 148 221
85 37 321
22 140 172
21 40 224
45 71 153
23 84 142
62 136 200
29 27 66
40 92 165
43 183 226
4 178 377
66 197 263
83 169 426
82 42 149
100 179 282
65 46 233
83 96 254
46 179 233
78 5 84
8 103 200
31 182 227
7 144 175
65 27 142
34 160 226
24 42 112
35 168 204
13 19 167
99 71 170
3 88 93
3 159 308
34 94 130
3 32 210
60 82 324
49 65 115
13 63 113
27 78 110
33 198 232
13 47 215
37 60 132
24 36 105
84 3 123
19 143 325
87 57 297
6 53 93
83 66 196
54 29 103
58 47 136
62 21 91
51 152 337
21 17 44
55 96 158
29 117 218
87 6 116
55 12 71
70 139 285
38 151 384
22 24 53
43 14 200
64 176 246
51 68 168
94 181 277
5 172 188
45 41 98
29 124 180
2 104 125
49 1 79
29 145 250
24 140 289
35 114 163
60 102 201
7 118 170
7 59 108
74 199 280
24 134 287
62 126 189
13 101 307
74 132 231
20 199 232
27 72 101
73 56 266
3 7 167
27 193 247
7 152 342
45 148 205
2 179 218
6 149 185
7 77 88
71 8 114
49 70 119
10 87 143
53 199 262
86 114 204
93 57 215
81 162 243
8 90 108
65 49 129
65 48 265
68 6 122
52 8 64
22 130 277
21 26 71
61 19 83
2 101 208
12 192 246
39 189 242
45 173 327
86 50 183
2 193 228
32 110 143
2 23 25
66 128 202
100 163 275
12 109 176
61 18 91
56 128 184
12 85 219
65 64 190
1 86 132
64 177 438
68 26 107
42 163 212
33 186 225
23 1 96
41 166 215
34 85 123
49 128 182
60 110 189
16 28 75
49 151 206
23 124 157
56 72 137
36 66 110
2 184 192
66 117 189
60 135 238
86 10 103
44 6 50
5 181 344
15 151 319
64 19 88
37 135 220
38 142 182
95 127 251
46 102 200
53 180 272
28 20 51
28 158 208
78 122 204
23 164 205
10 139 156
62 37 100
15 40 102
47 120 243
49 192 288
32 23 253
56 22 87
16 40 100
83 135 228
93 110 375
13 141 178
74 63 273
76 71 308
80 5 185
68 62 280
21 121 154
19 75 270
91 126 250
47 52 144
6 200 309
26 21 209
56 113 188
99 74 183
43 117 310
74 1 95
7 14 63
14 152 234
30 43 87
43 125 300
14 79 97
20 175 202
22 170 194
12 11 27
91 143 243
41 54 119
12 191 253
17 74 91
18 145 201
97 183 284
57 184 247
31 23 102
26 76 141
62 167 396
53 117 178
6 47 53
100 10 111
26 199 339
9 127 141
29 6 35
11 3 126
77 110 188
18 163 217
63 48 140
100 55 180
66 100 175
39 2 236
71 36 176
92 175 278
83 34 147
73 23 212
87 174 308
66 44 114
30 100 202
42 197 240
16 153 173
66 103 189
53 188 251
38 96 134
22 36 61
82 117 199
82 77 354
65 149 256
27 77 104
46 5 75
77 69 217
10 103 222
92 67 165
26 4 60
81 163 289
86 154 269
27 48 84
51 127 219
82 68 151
70 50 121
67 133 200
31 145 210
82 182 464
37 20 65
71 77 192
96 171 274
20 27 48
77 52 133
5 58 104
35 42 85
67 164 328
99 112 214
45 144 209
90 142 357
78 85 204
66 177 246
57 156 243
100 158 283
71 187 292
64 128 222
25 49 110
67 76 151
64 108 188
43 62 109
52 106 159
14 136 217
72 85 157
46 108 339
35 15 86
41 159 300
27 55 118
30 155 231
17 155 172
93 26 295
40 29 192
66 79 168
1 81 88
2 67 74
60 64 157
32 79 113
96 84 217
21 170 211
85 19 114
53 15 223
41 192 242
91 68 168
62 24 105
79 9 95
10 114 128
25 63 93
36 83 126
56 103 161
40 107 153
86 120 214
24 182 314
1 118 163
36 185 235
6 173 207
42 80 131
87 32 120
20 1 26
87 27 121
9 31 41
80 142 421
84 197 288
30 138 176
11 141 190
90 126 354
40 52 282
13 4 19
52 102 164
26 82 118
26 36 65
45 182 250
55 104 161
33 28 261
38 175 214
85 116 206
44 163 211
23 32 104
36 200 275
52 105 252
19 26 64
44 78 130
16 89 143
48 22 114
95 196 300
4 48 57
58 102 299
15 87 119
46 175 223
3 126 319
100 91 327
60 99 296
43 138 329
6 85 93
2 145 147
89 39 135
78 12 105
67 69 154
71 32 144
39 179 219
80 44 295
44 97 184
50 193 275
24 63 94
74 119 200
20 79 109
29 193 232
15 121 136
49 192 429
11 41 95
63 38 114
19 116 144
99 190 310
100 62 172
94 78 255
14 20 41
52 111 188
10 137 153
47 71 124
11 105 135
75 93 171
57 165 267
86 45 135
36 186 261
61 141 203
25 47 74
97 90 196
82 16 176
62 47 117
16 56 118
93 189 289
46 144 191
8 148 165
80 41 152
78 55 134
57 198 256
31 98 274
13 80 123
91 181 279
38 156 197
16 136 262
34 141 182
9 124 165
37 107 153
11 182 193
27 109 140
49 24 78
91 35 138
41 31 161
68 134 210
17 50 70
49 192 271
91 20 148
32 20 187
99 19 123
49 25 80
31 71 250
14 132 150
96 66 171
4 81 87
75 97 360
36 182 218
71 10 229
34 140 185
95 132 368
61 159 243
39 4 45
8 58 70
38 180 227
35 6 70
11 41 182
98 18 149
43 82 174
78 12 96
63 154 244
23 160 188
1 137 191
20 0 60
24 24 114
49 45 136
49 94 148
92 10 104
84 89 213
29 37 104
95 78 184
26 187 253
16 86 112
40 173 237
31 7 203
35 133 276
48 159 349
43 58 129
98 196 302
67 169 243
39 31 102
7 100 115
68 181 424
60 45 153
53 158 213
38 117 162
38 50 130
9 126 138
35 31 166
14 9 72
26 124 255
24 191 239
37 72 112
83 179 394
33 179 222
44 149 211
23 181 206
62 165 334
62 41 108
98 109 209
28 37 74
3 124 135
69 75 152
47 63 114
50 87 235
29 16 60
39 110 160
69 22 95
33 146 257
56 154 220
11 32 46
62 81 143
94 0 95
32 163 323
55 92 179
4 52 102
91 2 140
97 54 155
13 8 56
26 158 254
91 198 317
22 191 296
98 24 233
83 18 105
60 129 318
66 73 159
96 10 122
98 178 425
53 127 303
65 155 248
29 164 291
11 112 126
57 129 233
5 1 6
5 2 12
9 189 334
81 133 247
26 183 217
43 119 163
92 115 210
42 200 395
54 61 168
13 58 231
50 28 169
59 161 236
99 9 127
43 84 227
85 122 210
63 149 219
25 15 54
39 65 143
60 73 253
40 85 125
72 120 215
43 188 234
36 56 134
93 29 124
45 136 294
20 136 312
58 195 300
16 36 56
93 155 255
57 190 247
59 180 240
62 99 354
79 42 319
70 131 206
48 73 282
31 17 143
26 61 204
17 146 165
60 35 128
4 138 147
34 54 89
98 91 207
71 16 112
74 88 175
66 14 157
70 135 282
48 7 76
20 105 132
92 12 180
5 179 208
48 49 109
47 33 113
35 162 204
81 97 366
1 191 202
21 138 253
45 165 238
82 41 205
68 44 112
43 50 131
73 94 176
92 67 164
53 74 144
90 27 162
7 161 218
21 136 167
61 6 71
42 28 79
52 193 432
4 28 66
30 38 78
72 105 186
100 19 161
77 5 88
14 109 251
95 39 208
96 169 290
62 61 139
87 62 180
26 185 349
6 8 19
77 128 206
4 18 23
88 33 128
49 38 93
6 148 194
77 88 223
76 193 452
84 41 135
6 19 34
23 176 240
68 183 343
23 61 127
31 193 231
89 126 234
54 98 176
1 45 78
77 105 221
60 22 88
82 188 279
91 50 174
62 38 113
51 85 242
38 107 260
62 52 120
54 64 128
51 107 159
43 115 262
73 166 248
49 181 310
11 160 312
34 143 296
47 93 187
64 76 163
61 186 310
80 176 259
43 97 144
84 126 210
83 65 154
60 59 122
52 177 251
16 72 105
92 112 219
87 92 343
9 97 106
49 178 239
50 14 70
89 16 105
63 128 215
67 145 218
21 15 135
76 106 215
93 106 206
62 106 172
48 195 345
54 158 243
85 70 161
35 147 189
61 99 169
53 103 184
22 106 149
58 176 237
35 37 93
56 134 280
33 157 197
99 52 185
14 102 121
95 117 259
70 51 131
15 111 171
17 164 360
82 107 224
9 45 135
82 118 206
34 23 91
90 179 314
12 46 67
54 120 200
91 156 391
99 153 284
2 4 20
50 132 211
98 47 280
95 133 260
97 131 266
73 151 351
68 160 424
38 58 117
66 181 248
78 46 145
91 133 233
39 67 305
57 51 283
25 180 205
82 54 155
17 195 259
14 176 199
74 167 311
54 151 396
27 40 92
55 114 170
52 95 148
40 166 207
75 94 190
95 116 397
57 179 400
44 87 141
94 79 218
63 24 96
42 116 159
45 197 243
61 113 198
50 68 121
74 147 227
70 155 277
40 32 101
50 73 136
33 38 75
43 22 212
97 71 205
100 165 386
4 54 133
24 73 103
15 190 213
97 145 243
35 187 229
90 198 297
74 116 197
67 125 197
58 148 206
19 64 124
25 61 86
75 78 172
65 8 75
90 17 107
26 189 229
5 22 37
19 182 236
79 49 250
98 66 186
90 16 246
43 25 72
84 38 129
50 42 113
69 101 320
9 52 64
84 89 201
94 93 216
52 105 166
