680
23 18 43
58 7 67
52 145 247
65 141 277
7 66 83
37 149 188
35 125 162
84 165 253
70 43 128
88 149 270
30 135 329
60 162 225
14 174 188
33 181 387
89 128 224
52 75 212
13 166 368
8 87 224
100 145 282
98 164 272
46 12 174
76 79 195
90 104 199
10 20 147
12 198 217
77 48 129
9 132 338
35 5 60
14 164 185
19 108 154
33 83 120
43 174 231
93 99 260
46 164 214
4 166 237
19 105 173
21 22 113
68 91 201
36 143 179
66 107 316
25 150 202
43 53 98
15 4 92
32 180 249
42 1 209
27 55 156
86 36 137
10 168 180
97 106 226
24 63 115
79 173 422
22 64 121
8 52 82
28 80 147
75 57 179
90 181 320
98 65 165
24 3 37
37 138 178
92 175 292
15 52 104
1 3 96
47 34 114
49 37 89
43 3 64
95 189 316
4 103 130
84 161 252
18 37 83
68 30 113
2 190 234
48 102 154
71 17 279
4 9 60
69 33 111
59 104 208
85 104 273
43 151 240
36 189 229
33 49 161
1 41 89
2 110 301
6 124 317
50 147 205
95 54 197
33 140 175
5 106 135
89 24 116
7 179 224
81 191 299
2 56 68
72 76 262
93 49 152
4 27 180
43 84 128
54 186 244
29 154 206
68 124 216
30 181 252
67 69 156
9 58 201
81 173 254
53 112 174
44 161 254
9 194 243
2 82 123
27 76 103
50 140 349
96 60 327
89 192 283
57 78 142
88 79 169
72 200 277
30 57 97
23 188 271
35 159 230
20 46 162
53 75 152
19 106 134
82 47 302
47 193 244
58 69 167
59 105 168
29 106 303
14 184 198
68 170 240
50 168 387
27 103 146
10 95 151
63 74 137
19 51 74
7 88 115
78 62 220
11 186 197
28 152 196
62 192 273
57 41 104
78 27 290
8 41 50
18 199 252
10 64 232
62 174 280
28 97 131
55 49 104
74 166 247
15 156 205
97 192 289
90 7 98
37 159 202
31 86 124
65 191 294
65 171 240
6 27 75
35 145 193
59 138 239
74 147 345
29 127 193
52 72 138
64 175 421
97 122 263
98 165 266
79 99 185
54 59 119
17 128 150
11 33 44
100 19 127
49 183 239
84 78 169
15 141 344
41 15 75
42 59 173
82 144 227
53 177 234
54 142 204
51 193 258
8 44 58
47 26 84
45 158 206
73 38 310
98 48 151
54 97 171
84 1 86
81 32 253
7 27 68
48 105 328
40 92 302
86 40 126
78 60 145
96 183 286
80 191 281
56 28 92
32 159 229
23 72 104
8 64 81
34 87 293
69 131 208
36 172 212
18 57 108
56 90 146
63 133 198
49 109 158
21 4 30
68 53 136
58 178 260
47 103 151
75 192 316
18 67 87
26 154 338
22 85 110
26 21 203
7 173 181
90 67 176
25 31 62
99 33 137
66 71 155
53 27 119
40 160 202
29 140 169
99 71 210
57 37 128
46 187 270
44 16 65
12 101 122
8 0 11
88 91 184
14 82 101
44 165 235
71 180 285
61 95 355
3 176 346
72 63 319
44 155 244
12 46 221
48 196 247
78 183 418
28 3 68
82 189 276
67 46 276
71 93 190
91 26 212
23 173 202
54 65 155
56 162 268
10 59 79
39 136 331
12 9 27
100 64 166
38 120 211
92 154 302
67 23 138
7 9 178
85 89 216
39 49 93
56 29 100
90 25 120
8 182 190
7 58 70
63 164 266
37 94 168
84 34 123
19 167 196
14 180 242
37 91 300
12 25 41
64 75 140
83 36 120
36 35 79
79 134 218
56 57 293
11 26 38
75 176 279
25 64 113
12 14 26
29 87 157
16 128 167
12 22 211
99 49 154
48 186 239
95 32 298
34 58 118
32 12 51
88 56 149
44 125 206
14 4 35
65 125 235
2 144 188
52 186 268
10 138 149
99 161 443
13 139 307
12 57 168
22 190 222
48 12 70
99 185 326
72 147 228
13 105 139
98 52 231
4 141 315
31 197 359
63 52 292
47 188 249
40 189 239
75 34 118
32 161 199
33 124 248
8 155 228
44 3 66
4 180 185
51 142 243
78 65 182
91 175 333
69 51 261
78 180 274
25 150 222
24 132 201
76 44 126
31 29 60
35 117 310
20 172 255
99 45 335
40 35 81
99 143 248
40 13 63
36 92 133
8 36 44
42 91 154
32 41 111
22 103 206
70 39 139
44 86 138
95 47 161
31 118 153
26 24 83
7 118 126
92 54 343
6 111 150
63 34 280
3 167 178
51 8 238
59 11 237
91 151 278
55 121 189
29 188 241
23 13 99
56 182 405
3 103 124
61 143 255
86 12 99
68 146 231
30 171 201
70 131 206
91 76 174
5 61 257
2 164 172
95 90 190
50 15 170
88 143 268
97 99 220
82 77 172
13 6 27
62 53 224
70 12 83
88 158 254
36 128 291
79 172 281
70 24 97
40 132 236
95 129 260
73 42 164
16 37 88
95 60 290
34 110 190
46 194 267
85 57 157
58 188 284
49 135 194
92 167 267
89 127 222
69 105 186
59 41 216
19 7 129
27 62 89
70 24 134
16 152 200
48 158 216
80 147 229
61 12 79
25 194 225
73 53 130
68 186 259
5 89 102
85 199 287
91 33 130
63 143 237
82 158 245
9 155 165
1 64 92
15 116 146
49 94 143
76 77 268
82 62 170
73 195 316
42 139 181
40 74 163
9 65 75
49 30 109
22 36 59
87 168 299
7 86 106
68 39 110
46 67 161
46 163 272
53 68 273
72 88 174
79 164 272
24 53 85
27 109 137
100 160 263
10 53 66
26 7 40
89 98 201
43 179 293
67 69 312
74 52 162
4 114 160
36 26 165
10 116 138
83 172 265
43 147 384
2 32 68
98 77 188
83 19 277
60 167 383
41 160 210
78 173 416
85 46 138
88 20 118
47 49 120
42 186 278
56 163 379
35 62 121
83 15 99
98 3 101
50 118 175
64 174 253
93 97 327
92 123 370
77 33 134
64 138 323
10 178 336
5 55 116
60 173 366
39 3 49
100 80 187
70 161 238
18 49 107
100 12 249
44 71 119
96 6 143
72 98 192
29 67 98
85 89 185
90 35 132
99 193 320
20 123 152
77 113 254
55 8 108
80 152 232
47 121 217
52 86 247
28 56 90
66 125 195
7 92 128
38 195 237
99 24 123
33 145 208
54 56 114
70 132 268
80 71 329
46 52 101
15 170 190
21 133 186
9 192 238
24 38 154
26 104 136
70 80 150
46 124 210
86 46 147
40 60 102
94 10 142
83 78 168
58 189 296
68 186 415
92 18 160
52 183 238
57 174 240
59 127 193
66 1 71
54 165 220
98 104 388
60 87 177
28 119 197
9 20 43
47 188 241
72 22 99
61 2 71
30 74 113
35 47 92
53 59 113
35 91 152
98 30 140
38 194 235
78 35 244
90 95 209
80 79 160
60 165 416
72 36 227
10 155 173
95 172 267
17 38 102
97 119 252
11 79 107
75 20 103
10 120 132
66 198 266
7 193 209
100 145 248
34 143 256
39 31 257
75 178 257
37 200 251
46 116 261
84 19 121
64 75 148
69 102 171
23 48 76
14 87 106
72 169 241
4 31 161
89 37 314
28 121 236
98 83 289
88 151 287
90 163 261
79 60 139
82 133 215
25 94 128
15 132 155
74 16 120
84 126 226
24 32 96
98 106 215
5 16 32
89 100 335
4 142 331
20 137 163
62 126 188
78 162 245
81 62 167
51 3 64
26 159 286
89 185 277
93 200 303
3 20 28
43 166 219
86 36 319
20 186 258
67 79 183
35 122 248
2 155 320
25 153 182
48 32 277
36 180 244
74 2 80
36 197 407
14 181 209
62 132 237
93 196 290
51 106 157
49 181 237
94 177 286
10 183 227
60 25 207
36 106 232
38 72 112
61 174 247
52 63 139
51 196 257
80 124 275
2 199 243
6 23 175
58 19 82
85 87 174
17 97 238
35 27 63
72 64 142
90 159 260
6 155 165
65 147 216
42 97 144
63 58 124
58 176 240
10 90 103
2 184 193
64 128 195
51 199 282
71 73 256
91 12 104
1 173 174
65 38 109
23 147 194
16 16 33
27 143 177
48 8 60
87 4 95
97 107 338
78 30 138
81 199 372
69 164 242
90 140 269
81 107 188
33 126 198
58 65 139
95 162 349
47 168 396
32 16 152
64 105 310
34 87 124
94 30 311
36 96 173
73 145 225
19 122 192
29 97 130
13 161 308
52 26 85
43 93 138
69 118 380
68 2 254
26 46 122
38 179 217
42 95 145
12 124 143
64 104 170
40 173 239
36 38 78
3 188 197
8 177 189
76 47 125
4 195 224
75 31 136
1 64 223
99 178 306
41 133 177
91 45 268
48 118 167
97 46 174
61 61 130
92 44 185
38 26 163
68 54 126
63 28 101
71 72 176
11 121 135
29 78 121
38 184 230
49 184 318
11 95 107
42 174 261
34 88 132
28 76 104
23 79 109
43 18 145
80 67 192
47 139 190
12 0 14
35 27 66
53 95 151
57 149 239
46 171 265
21 45 67
