120
36 173 395
18 57 103
42 120 197
8 77 282
56 19 77
64 154 222
79 8 185
49 198 289
48 20 68
31 178 252
16 191 218
37 16 72
85 90 233
72 127 201
67 148 222
68 131 207
87 41 163
13 54 88
20 90 115
71 0 267
62 186 447
15 200 219
59 180 246
63 98 195
45 80 130
94 75 183
16 12 51
63 151 225
90 10 102
96 82 179
61 87 162
4 196 205
25 186 229
7 136 145
27 181 226
82 72 160
86 110 198
26 134 187
64 89 188
85 128 243
88 94 288
47 123 194
18 66 139
12 91 107
91 107 203
84 2 118
37 112 264
82 121 206
98 190 415
69 5 77
93 120 223
32 91 227
41 122 183
24 19 190
42 34 86
100 53 345
90 126 225
41 138 199
62 30 215
39 118 347
90 49 141
76 117 201
67 175 403
23 34 178
62 87 158
54 86 183
8 188 261
73 40 219
10 130 183
97 191 291
63 184 441
83 34 152
4 147 195
87 162 253
89 50 172
12 154 214
49 118 366
93 50 181
36 147 193
15 122 144
20 86 107
13 40 105
98 183 340
42 17 169
64 56 258
53 196 282
34 11 49
94 84 184
72 84 164
6 57 73
85 119 205
71 48 165
99 16 154
95 176 308
23 74 98
88 168 293
78 175 258
77 12 252
97 157 280
98 140 239
38 14 79
41 197 248
41 42 124
85 4 133
2 126 168
24 88 119
83 167 266
75 128 210
47 38 101
15 48 82
49 42 94
50 16 265
71 197 269
20 166 307
94 66 162
31 82 218
71 1 219
100 10 291
10 146 165
70 61 140
