770
49 108 163
40 19 94
67 73 267
78 70 154
26 100 286
3 18 41
89 191 280
43 2 237
27 3 50
46 186 236
91 41 253
15 49 75
80 179 269
29 162 191
17 58 77
10 86 120
75 119 199
20 124 149
3 0 6
72 188 293
70 88 160
3 57 99
23 73 139
52 20 82
13 88 112
66 63 164
42 171 233
57 64 125
58 62 250
9 98 138
24 181 251
1 74 100
17 89 140
19 163 185
28 62 130
78 79 172
39 139 181
44 6 94
22 120 208
48 131 182
68 168 246
81 119 218
12 186 205
78 144 228
89 171 385
42 22 164
59 30 90
66 160 245
50 31 226
56 149 356
68 15 84
9 16 64
32 116 185
87 48 194
61 54 146
43 59 103
1 44 125
32 123 233
60 195 259
74 163 275
54 178 274
81 152 234
2 123 229
45 198 243
20 37 83
34 176 241
98 68 365
8 180 188
11 21 36
40 34 82
2 179 188
49 118 192
29 148 179
61 168 341
28 29 75
52 18 74
100 136 307
35 148 196
5 197 248
28 174 208
10 106 309
81 1 111
81 143 343
51 158 383
26 142 194
43 53 179
66 67 141
56 158 217
78 82 165
44 96 150
59 97 168
6 43 50
100 94 349
44 13 66
50 155 288
38 179 311
1 155 159
47 195 430
24 77 185
2 127 172
80 125 207
16 108 153
35 171 207
84 52 198
45 177 228
2 180 185
36 81 117
25 39 67
25 181 213
48 142 223
6 132 165
42 153 312
58 90 190
36 21 63
93 20 121
51 87 261
58 32 162
78 96 266
52 114 168
72 29 121
32 14 77
54 65 142
14 107 131
35 29 72
7 168 283
8 80 136
39 53 118
3 7 16
6 181 281
21 132 200
91 40 148
66 79 160
49 66 135
59 153 217
5 10 21
93 71 166
65 132 273
99 11 113
17 72 92
78 183 261
83 152 257
35 143 187
70 133 212
43 133 178
57 83 156
83 53 172
95 194 329
50 95 149
22 152 212
62 2 74
65 34 104
67 103 365
21 99 121
20 30 60
43 11 184
85 157 252
79 189 284
17 165 218
64 137 214
11 81 99
24 170 214
22 184 219
52 30 112
95 52 155
95 2 169
5 55 78
12 9 186
44 51 106
98 155 267
47 67 149
4 73 113
39 52 169
2 22 31
82 169 314
20 90 148
9 181 197
78 162 246
27 77 110
60 124 229
78 101 300
47 162 209
43 117 170
8 11 29
12 87 103
63 175 272
46 199 262
58 44 133
15 161 179
18 3 177
90 173 284
76 46 273
38 8 94
99 190 332
81 30 121
26 79 115
39 132 361
80 177 354
35 29 101
21 157 194
45 173 236
85 19 111
85 162 374
100 65 171
56 184 250
24 31 104
17 118 327
25 169 200
58 69 165
68 112 183
17 190 245
73 29 108
92 17 110
22 108 131
31 186 217
17 52 69
50 7 196
56 163 229
34 36 261
29 156 300
34 155 193
32 186 275
7 9 32
7 109 310
80 105 189
1 158 169
72 197 431
100 50 153
50 62 113
62 47 199
77 28 115
65 67 142
95 0 106
18 160 309
66 46 121
94 171 401
21 172 196
11 16 34
72 157 386
61 74 181
7 151 172
2 71 73
17 51 134
76 33 116
76 35 140
22 50 75
60 156 358
98 83 189
61 67 215
22 20 43
19 74 102
84 108 200
9 105 121
57 106 212
85 171 285
69 99 206
12 92 150
66 10 94
51 72 301
32 95 151
57 37 102
9 197 215
56 59 157
1 124 246
67 193 302
38 190 229
67 24 123
73 48 131
50 64 290
6 76 180
48 30 78
100 50 195
100 58 246
48 160 213
87 46 136
92 72 170
94 37 165
42 175 227
8 92 140
3 126 137
12 189 373
73 165 400
12 10 59
80 59 142
44 118 162
93 197 320
63 52 116
83 63 158
62 115 316
12 101 156
12 23 40
73 184 265
82 171 257
15 180 198
80 128 269
45 173 225
45 68 115
69 139 227
50 51 132
70 144 233
64 168 426
4 20 32
17 106 234
22 149 296
64 67 162
90 3 248
59 152 242
52 189 269
57 199 271
65 148 234
49 123 180
98 65 210
89 9 108
25 115 147
68 183 254
82 96 188
9 108 155
5 159 173
55 90 151
88 135 225
56 138 196
74 2 81
11 97 115
10 129 173
54 10 66
13 161 222
83 122 240
65 146 248
48 191 271
88 177 324
70 139 313
41 17 67
94 134 268
46 12 229
91 157 391
34 102 144
55 156 373
53 53 115
52 170 295
67 2 80
33 187 408
52 17 87
15 150 166
6 186 384
67 66 308
21 82 143
72 132 205
80 25 216
49 75 130
99 53 162
3 71 266
49 68 218
84 64 156
46 37 127
16 106 153
67 33 105
93 48 144
92 91 229
30 90 136
51 180 281
57 50 120
77 103 219
62 129 390
93 153 269
10 152 204
51 77 198
77 9 92
74 137 246
96 49 268
32 85 161
68 102 208
94 27 124
22 40 106
22 166 194
73 79 175
60 70 323
64 50 120
16 74 132
57 26 186
44 112 279
68 168 335
12 45 63
88 80 196
40 86 169
18 170 188
75 103 185
98 23 130
32 114 319
36 111 292
50 145 368
71 177 254
61 7 107
4 140 169
61 99 164
68 143 217
4 28 32
57 66 135
57 10 87
73 0 113
53 160 288
63 179 260
71 4 119
65 177 265
100 186 295
18 138 181
83 151 272
91 56 150
44 129 183
90 61 161
23 31 59
24 113 179
8 94 182
34 137 217
94 99 201
11 101 258
41 93 181
67 102 170
96 179 323
71 59 138
1 63 108
63 171 245
5 54 207
39 186 286
28 4 41
91 70 162
72 164 237
91 35 169
62 185 382
80 48 153
23 173 210
64 176 240
3 76 124
91 45 144
25 102 127
2 183 254
35 59 97
51 146 309
61 58 149
80 152 242
25 189 242
36 3 73
28 182 212
59 29 89
18 21 66
60 60 320
6 199 213
12 39 98
30 114 146
3 126 133
43 139 186
84 104 214
90 78 178
70 66 142
11 170 184
74 55 144
56 26 96
77 98 202
89 92 192
98 85 183
84 185 272
10 160 172
78 85 261
59 65 126
50 175 261
30 15 172
50 175 268
99 9 250
28 80 153
29 38 71
98 104 243
92 107 314
62 52 148
43 198 369
81 95 178
56 199 262
1 73 121
43 77 130
73 138 214
35 160 213
77 52 253
15 87 220
8 2 76
82 87 215
45 23 78
56 199 305
24 134 207
77 155 234
97 35 135
89 58 172
97 84 188
72 87 161
100 117 221
69 26 276
53 25 122
31 15 68
52 78 149
46 102 196
37 116 201
54 91 222
69 80 169
57 20 122
16 193 209
91 56 155
56 192 393
100 199 304
38 19 63
26 87 113
5 167 198
90 166 264
45 135 181
94 3 111
45 31 79
4 57 64
85 90 374
16 170 223
33 179 257
39 70 117
43 120 197
72 118 251
60 76 203
81 119 203
55 144 205
35 98 269
37 125 205
44 169 220
13 119 316
63 154 222
16 60 109
18 4 50
11 98 272
39 121 268
33 117 176
91 23 276
75 157 233
52 7 138
64 161 229
85 66 160
80 190 357
63 88 316
33 158 362
10 1 17
91 186 311
88 67 205
81 65 155
4 40 47
5 86 276
92 3 265
37 185 383
3 38 89
23 52 264
89 112 204
13 138 152
57 166 232
11 142 163
5 43 49
69 72 144
96 128 265
67 18 157
89 82 198
5 25 40
69 163 244
23 148 309
97 176 273
74 112 200
19 133 154
27 158 204
23 148 368
75 177 286
74 189 401
96 160 265
4 13 25
41 44 116
49 187 240
64 176 260
39 110 177
23 162 195
54 139 198
89 91 182
9 186 195
47 57 153
84 20 144
50 150 201
33 58 96
51 118 198
27 25 61
69 12 81
25 125 153
9 17 121
55 36 101
7 49 60
73 184 289
67 74 143
51 49 100
28 170 208
52 55 112
29 119 166
3 16 23
86 195 330
29 116 184
49 3 65
41 176 224
2 3 7
99 62 208
26 174 208
22 91 127
10 114 174
27 194 344
93 7 109
90 179 274
78 91 364
30 95 135
36 53 96
96 59 159
82 15 108
54 151 215
46 190 406
17 17 41
65 114 184
46 46 96
46 180 293
52 25 217
59 24 90
88 116 204
19 187 208
42 128 183
22 74 125
55 14 103
66 31 99
32 33 72
48 66 116
76 51 128
78 192 287
40 158 248
3 2 15
15 145 163
46 107 288
44 112 158
14 58 201
18 79 123
95 162 427
46 179 252
61 154 320
55 91 278
70 137 211
74 12 133
74 82 166
32 55 97
44 26 72
49 153 202
87 133 240
58 8 67
69 41 132
79 125 299
61 172 399
5 10 24
55 43 119
47 186 285
82 142 248
36 145 185
41 65 255
38 139 314
3 17 138
63 162 234
13 174 219
41 64 113
31 102 133
88 78 172
52 122 194
15 84 102
74 110 201
97 134 241
19 9 56
64 147 218
13 135 167
100 2 111
85 89 207
95 176 275
48 79 152
42 41 86
66 187 289
28 130 168
57 173 263
47 71 123
94 7 101
86 122 219
62 84 203
74 0 117
71 55 164
66 153 338
12 173 269
25 26 245
25 159 187
96 79 183
74 81 155
33 187 226
45 69 160
71 135 222
36 92 144
12 127 237
26 85 263
85 7 97
34 53 251
77 134 406
98 48 169
69 177 251
56 149 385
68 142 230
81 155 237
6 43 132
52 61 168
34 89 141
85 15 150
37 153 204
32 34 161
36 3 174
45 96 190
2 29 208
32 200 235
19 57 81
44 95 188
22 178 205
80 159 245
69 48 123
16 65 89
91 97 197
6 35 56
89 36 131
42 175 231
28 190 256
14 194 242
25 120 262
28 7 72
52 116 217
18 55 75
15 86 110
88 179 273
53 2 57
48 36 86
27 128 176
35 183 218
43 196 260
73 75 159
39 84 150
14 177 195
21 125 155
94 95 367
42 146 211
29 132 193
22 3 26
16 147 304
62 134 241
39 64 177
27 192 227
11 151 166
35 31 76
75 101 196
30 149 186
89 41 167
9 60 76
50 144 230
85 65 158
46 103 312
16 43 83
56 114 170
6 56 92
66 115 259
20 88 270
28 195 381
95 94 189
90 52 210
36 160 213
