270
8 169 185
1 13 31
87 62 183
94 36 140
55 153 213
88 34 123
11 139 295
46 140 212
69 157 396
89 40 163
43 73 125
46 94 148
67 119 197
100 129 232
67 105 173
47 62 141
14 129 285
15 134 264
23 139 227
89 99 198
98 100 199
9 150 168
76 78 215
58 6 157
95 74 202
91 105 228
37 73 117
44 4 62
97 175 299
19 27 52
31 72 105
44 32 112
95 100 315
4 47 82
8 108 201
78 48 205
48 21 110
48 40 195
42 80 207
23 17 88
33 198 261
56 194 260
9 58 71
63 145 214
68 66 136
53 20 81
40 191 261
93 80 341
78 45 128
42 168 217
89 185 436
57 33 133
69 198 287
35 51 111
90 39 253
89 1 128
33 50 92
34 158 200
3 114 127
45 78 130
76 149 259
14 72 94
78 103 218
77 43 124
37 100 140
13 195 209
60 79 212
28 114 240
42 68 240
60 97 170
67 169 369
98 169 271
46 129 184
80 179 282
46 120 186
82 98 261
86 138 237
58 91 156
80 30 127
53 197 252
29 43 172
36 48 104
87 22 187
70 49 123
30 157 255
8 33 238
23 61 272
98 52 186
100 64 167
40 16 58
86 188 275
77 100 199
16 172 194
7 105 133
48 13 80
80 50 300
35 180 221
78 14 96
30 54 165
78 65 184
24 157 194
91 13 133
76 67 176
39 154 198
13 21 56
82 136 227
98 95 204
60 108 189
98 181 297
66 65 172
20 80 146
11 189 261
68 115 195
24 82 122
80 95 184
43 154 203
54 138 197
40 42 111
45 108 203
72 103 192
85 80 201
7 194 307
44 104 196
62 68 136
64 84 194
46 163 248
81 33 151
78 34 192
21 117 196
19 73 96
46 155 298
20 123 151
46 37 128
5 136 271
24 119 144
94 75 171
48 85 307
77 69 177
33 181 221
48 27 77
34 185 219
77 30 142
7 125 179
25 196 227
83 25 117
55 78 138
70 116 223
54 173 240
76 76 197
53 14 138
55 192 252
68 33 108
88 144 249
81 192 275
37 40 221
61 43 104
27 12 82
27 115 263
62 133 241
92 153 280
75 24 197
56 181 243
42 184 231
34 4 84
99 18 233
19 114 137
49 23 258
51 84 144
73 102 310
16 85 105
18 99 148
31 39 141
56 109 169
100 134 242
38 115 247
4 188 196
90 71 170
42 186 369
33 58 147
31 108 165
23 138 201
8 69 110
19 70 91
93 116 322
21 129 162
45 29 79
23 189 244
67 153 410
55 148 225
44 107 209
54 169 370
59 171 270
63 192 256
34 45 125
27 39 76
53 6 76
2 151 305
84 180 308
8 48 86
41 84 170
2 120 137
26 199 228
79 33 119
34 169 256
1 96 288
94 93 208
71 106 195
79 16 95
99 133 240
49 181 277
79 193 404
65 110 211
33 105 143
80 50 136
97 8 138
69 56 134
7 70 195
42 5 105
87 167 258
85 191 303
85 127 219
70 77 153
97 106 219
88 64 174
24 160 193
96 150 286
56 185 244
93 181 295
24 117 152
3 154 182
67 72 187
92 130 227
97 122 369
45 200 342
10 145 202
32 191 223
9 25 44
17 196 214
75 166 262
72 122 219
80 184 296
41 19 98
55 71 147
56 169 225
47 97 156
53 194 294
72 160 232
12 159 203
57 116 183
38 168 214
73 144 315
77 133 298
44 36 126
71 38 115
89 189 467
24 197 221
24 152 363
2 51 59
12 163 181
99 120 337
44 26 76
88 81 174
91 7 114
15 53 86
45 48 235
68 78 147
5 183 203
91 197 289
65 186 254
69 192 331
