790
7 115 151
85 192 285
8 20 34
49 163 257
15 125 167
91 19 150
23 50 73
30 20 53
100 163 310
27 140 172
45 158 204
43 195 274
13 9 151
19 150 215
100 120 249
9 103 150
54 14 151
28 36 64
57 165 310
100 94 218
24 30 62
17 142 169
74 77 242
73 120 263
77 8 116
55 140 242
22 48 71
48 85 146
94 95 225
64 82 181
8 60 69
48 126 210
88 38 134
75 10 95
19 7 95
6 142 156
99 116 253
27 157 377
56 26 281
90 9 106
85 124 375
57 154 215
30 83 122
81 106 216
6 146 159
67 124 233
57 141 208
80 186 396
5 110 194
40 101 205
73 87 198
60 98 160
34 195 257
69 10 200
37 163 216
100 26 156
30 42 80
58 168 266
78 186 340
87 191 280
77 178 272
93 196 297
90 37 135
23 32 59
75 22 107
71 166 240
65 11 88
58 145 208
45 198 253
7 164 175
76 71 236
66 158 233
73 183 264
90 85 182
96 2 142
7 14 29
15 62 103
11 78 94
69 91 192
47 26 138
87 17 144
3 164 176
64 9 248
4 128 138
87 27 121
98 176 345
85 170 261
1 160 356
89 92 207
19 39 83
93 123 325
15 91 115
55 75 131
18 96 140
33 166 207
89 44 172
39 115 199
50 140 200
65 190 257
2 194 322
63 129 236
89 194 288
55 88 173
93 24 126
3 128 135
98 184 284
35 84 253
57 67 155
59 128 315
92 173 275
48 135 327
48 66 122
83 48 162
79 41 206
15 4 67
76 147 244
74 39 119
53 181 242
29 171 234
49 87 142
45 100 178
7 106 114
34 75 127
64 1 66
60 14 76
54 138 361
4 194 261
65 109 179
54 79 310
88 36 124
6 1 111
10 67 79
63 21 96
69 200 378
59 170 239
17 200 236
39 109 153
58 154 411
69 24 96
98 179 352
81 13 191
92 117 215
87 74 170
66 17 87
81 15 222
48 164 249
44 67 303
66 84 289
74 116 208
27 78 172
28 161 221
8 30 158
94 159 350
22 172 224
23 174 200
15 24 47
74 50 161
80 141 237
51 101 152
80 8 233
31 192 233
71 54 135
66 133 352
88 193 477
13 144 167
57 100 233
46 132 188
86 60 146
22 11 43
86 127 213
100 56 166
37 96 133
13 94 216
49 165 228
27 90 130
82 26 239
53 48 120
38 181 265
93 26 303
11 152 194
67 34 136
82 154 356
45 196 241
33 84 126
14 179 217
62 105 205
29 52 147
52 36 133
2 23 33
78 66 149
49 116 271
8 185 235
4 86 211
89 162 257
96 115 212
92 80 370
6 95 149
19 127 159
56 111 217
84 26 119
98 185 296
80 120 230
43 132 193
4 153 233
70 97 168
83 18 106
63 10 114
81 101 222
77 181 260
40 11 93
41 111 155
94 115 217
36 199 240
91 96 320
65 82 208
88 199 292
12 118 167
10 56 113
52 184 248
41 66 147
70 163 378
20 121 162
77 136 271
98 79 178
99 156 255
52 183 238
42 140 204
31 93 124
56 174 354
19 171 231
86 152 241
61 94 198
3 28 67
5 13 28
39 32 78
91 20 149
56 10 72
87 71 162
49 197 248
10 68 79
5 130 193
71 173 263
30 47 77
14 62 236
97 36 238
29 120 189
61 30 105
10 95 113
56 146 332
30 120 159
73 86 198
16 162 195
64 24 105
55 106 168
87 49 171
93 13 118
49 3 61
94 188 398
59 198 275
84 80 189
97 133 276
34 14 203
55 106 195
77 45 128
81 66 152
93 69 168
77 142 265
40 149 193
24 12 152
9 9 138
15 122 143
83 88 174
37 101 291
10 15 34
99 194 296
32 158 223
19 169 212
8 68 118
18 1 56
63 40 153
38 173 293
75 200 295
65 77 150
24 86 270
40 161 224
24 125 200
14 36 220
44 26 76
3 104 137
41 187 228
48 96 146
2 65 94
60 121 287
2 30 58
9 48 83
55 155 398
75 74 158
3 109 119
14 200 220
21 106 202
43 59 105
67 103 177
80 90 181
28 157 204
92 75 173
54 180 323
75 53 135
52 27 106
91 23 121
2 30 136
24 76 132
75 43 124
73 184 287
74 84 171
19 70 98
5 26 56
17 134 251
78 72 160
60 90 154
87 151 332
79 88 203
88 79 175
52 99 151
57 167 261
21 139 180
100 103 227
26 58 91
59 185 251
52 196 285
15 120 158
39 126 181
10 191 208
67 105 200
92 190 289
37 113 156
18 47 221
27 142 210
36 127 307
87 132 226
78 44 153
28 22 182
54 78 165
14 148 164
41 81 216
5 6 46
36 142 188
9 21 77
97 196 333
91 164 398
15 128 328
3 4 43
29 108 143
54 75 270
42 77 125
56 45 112
24 197 226
21 50 72
7 24 61
30 94 290
88 136 404
21 8 62
14 19 34
86 23 159
40 121 166
65 84 159
59 19 124
61 17 103
84 115 201
86 0 96
78 83 233
15 48 70
82 139 228
79 123 207
10 13 29
91 83 175
16 113 134
41 143 223
21 196 219
77 53 318
53 56 151
2 40 44
16 62 81
48 85 213
67 43 120
47 188 309
23 49 78
55 31 244
60 60 235
79 187 273
96 18 122
99 156 258
21 39 78
39 154 238
34 9 107
72 48 150
34 126 186
52 64 122
6 8 16
27 192 227
10 80 90
83 193 340
42 10 61
30 109 288
5 177 187
4 77 89
46 200 251
35 183 234
8 110 161
56 72 194
18 39 65
26 75 123
92 178 279
85 53 146
74 77 282
22 10 36
60 44 142
16 182 203
58 140 241
16 64 94
100 94 343
54 175 291
92 24 204
82 81 170
4 59 233
68 30 99
15 161 177
76 182 457
53 85 163
67 142 371
84 76 195
86 163 323
73 93 169
31 10 165
6 16 64
96 94 200
69 104 192
96 63 162
26 23 223
59 138 199
10 188 241
38 32 73
10 175 185
69 187 435
18 96 275
49 90 148
25 81 117
46 173 262
52 61 284
1 107 154
8 89 126
69 92 164
9 24 37
10 71 84
99 147 247
94 33 134
27 6 35
46 12 191
57 42 146
68 119 209
86 17 279
47 199 402
19 89 127
21 4 60
11 198 212
35 185 316
53 140 201
4 194 207
98 135 233
64 37 109
35 181 219
30 180 218
87 15 141
63 69 189
10 151 165
17 135 175
34 162 228
20 196 218
2 4 130
13 122 181
9 131 176
49 81 161
91 26 126
58 37 104
47 45 99
7 66 106
4 176 241
39 97 197
99 183 463
4 129 148
13 63 102
9 42 80
74 66 172
25 85 203
32 167 240
90 0 240
53 117 207
7 14 156
68 81 149
23 134 259
42 148 196
22 186 294
54 137 240
96 194 293
19 103 136
52 176 237
86 142 281
44 134 200
10 45 91
22 186 215
28 198 228
24 101 148
5 126 142
12 12 221
59 179 365
56 121 327
5 113 217
31 41 86
22 16 39
42 68 150
25 105 138
71 12 92
88 96 184
64 93 163
97 118 237
68 42 193
62 108 206
92 165 261
66 122 195
30 192 232
36 153 221
40 55 287
15 136 158
1 44 131
50 97 155
4 103 112
90 65 171
57 169 337
69 86 160
32 61 111
70 75 318
64 85 340
60 190 258
56 1 192
26 135 163
86 40 165
44 98 142
19 10 34
98 124 390
11 11 110
13 199 242
49 48 140
19 118 158
95 1 125
74 176 254
41 86 128
48 132 183
99 184 321
35 79 118
43 185 249
41 30 99
37 77 260
45 139 187
65 64 135
22 152 175
35 24 77
90 56 159
28 5 82
93 28 165
42 154 263
2 114 119
81 83 164
92 34 187
43 128 177
86 40 135
90 95 249
72 43 126
72 92 166
60 146 212
76 104 307
73 159 374
42 123 207
66 146 236
56 181 243
51 155 246
62 66 172
72 192 266
63 14 103
44 103 163
48 31 116
47 29 85
27 49 82
59 195 376
68 179 388
46 4 57
44 105 169
75 6 86
19 70 273
59 57 294
52 188 289
17 51 68
75 124 201
14 155 175
62 3 92
55 185 243
100 109 216
57 24 138
46 28 95
51 110 259
65 186 412
34 128 229
32 16 81
60 140 206
34 62 139
26 167 193
87 8 123
73 166 329
26 159 193
88 144 252
52 66 190
12 100 114
98 148 313
80 171 251
26 183 292
46 117 171
87 139 229
23 163 191
1 30 31
71 178 253
99 136 285
40 0 80
38 34 239
78 91 179
66 4 211
10 100 124
42 56 100
10 190 393
86 50 164
76 162 304
44 121 167
81 49 146
92 163 258
10 77 89
51 81 140
100 49 163
77 13 117
10 88 105
19 143 207
66 129 242
3 53 60
16 130 168
33 90 175
76 164 250
47 8 56
36 39 75
25 11 59
56 69 183
18 183 205
83 70 223
19 23 163
45 99 152
23 176 248
86 57 183
71 10 88
64 39 257
48 149 197
81 70 152
41 58 131
13 148 161
40 87 209
97 170 283
97 105 204
16 41 192
80 141 223
50 145 203
31 75 112
44 120 198
71 183 256
37 24 64
80 106 267
9 118 262
90 47 146
2 16 60
29 148 316
99 159 312
42 143 228
15 148 169
9 35 50
11 87 102
51 108 166
91 130 222
22 12 44
96 24 126
100 47 155
11 144 240
19 20 42
90 78 183
17 13 74
61 133 196
8 182 226
91 195 289
84 128 262
85 16 192
78 14 107
76 17 135
22 161 206
13 196 209
33 66 105
33 28 153
76 153 264
81 71 287
98 106 254
82 191 277
90 23 116
86 108 200
47 142 189
73 193 267
7 80 134
17 80 157
6 1 56
28 195 397
16 11 33
21 189 322
15 131 319
2 98 271
22 187 304
54 44 141
70 161 241
61 50 165
26 134 318
84 146 232
8 186 223
98 63 180
100 126 239
97 145 270
16 28 51
70 84 189
80 135 216
50 110 165
6 83 89
27 194 226
83 169 278
56 199 269
64 59 128
94 67 197
66 124 195
32 60 173
66 142 211
39 167 216
55 90 150
21 11 40
55 131 191
96 109 316
87 32 125
50 72 136
66 163 268
14 20 78
68 35 104
76 13 91
91 128 255
53 83 151
95 104 214
29 174 222
25 152 180
24 47 104
32 30 105
39 120 168
39 139 218
1 12 21
24 173 243
89 77 171
39 178 221
97 97 392
91 82 285
72 100 354
5 87 286
79 164 358
30 156 195
78 193 280
22 108 136
14 88 103
76 128 254
3 166 179
62 48 110
12 97 109
57 68 128
47 2 58
90 150 249
100 68 176
54 148 212
49 30 143
