500
98 12 126
48 163 217
38 4 75
91 152 273
31 171 215
80 23 112
67 112 221
8 83 130
38 1 40
67 79 166
33 107 302
71 90 161
47 7 60
25 25 53
80 59 139
5 186 199
65 173 421
84 77 190
3 157 173
27 84 229
76 7 89
89 58 186
4 61 100
48 79 131
91 118 216
20 15 148
73 15 248
42 153 313
46 124 177
3 147 349
87 187 465
35 152 264
9 178 196
34 62 137
70 140 364
73 105 260
89 6 249
66 111 182
97 69 254
71 61 138
14 114 148
78 120 212
15 56 89
38 134 221
86 105 197
66 173 249
30 141 176
34 30 66
51 102 154
11 10 105
27 61 89
36 78 116
6 75 106
62 177 242
3 62 72
35 66 142
71 100 171
35 51 118
95 81 177
43 119 200
49 83 152
97 186 302
48 196 267
19 43 107
11 5 24
40 105 164
63 68 170
27 176 238
5 16 49
57 79 147
26 122 332
6 0 7
3 58 68
45 107 228
84 184 465
87 34 232
62 158 349
25 175 208
71 51 126
23 167 205
90 47 146
48 63 161
80 76 161
100 130 233
49 195 305
4 68 75
93 139 259
71 126 204
20 165 355
72 2 81
48 172 233
28 52 125
55 180 240
79 90 179
34 184 388
100 46 159
61 26 88
48 152 236
26 12 177
95 168 264
99 51 196
73 65 141
93 101 197
79 64 163
76 83 239
59 190 249
48 20 73
63 13 103
34 89 123
16 82 99
76 49 183
53 132 191
18 115 133
46 186 237
10 145 180
87 25 239
36 68 251
60 45 145
30 103 134
30 87 254
4 199 210
6 3 19
36 176 242
69 69 242
85 43 159
47 51 107
65 77 146
41 105 146
63 113 198
20 14 50
99 71 175
41 172 230
9 70 200
21 99 305
15 59 134
81 0 129
6 16 23
47 29 209
20 39 113
93 116 215
54 167 390
69 200 342
74 19 119
86 108 203
29 182 213
83 80 185
93 166 311
87 94 322
75 44 312
67 125 214
63 69 293
24 48 240
51 138 270
34 195 391
39 42 133
95 60 202
76 27 108
70 122 219
43 57 104
49 169 240
47 197 261
44 182 235
19 126 151
56 14 235
75 64 151
34 39 73
98 68 244
23 23 46
30 84 124
52 150 205
47 37 131
62 19 251
83 68 265
33 103 313
42 70 122
17 130 151
41 81 132
6 73 83
96 54 154
27 16 79
95 29 301
24 136 189
46 60 149
71 152 284
25 146 229
28 11 84
46 112 192
95 77 173
35 179 236
81 81 250
43 14 92
2 56 101
15 10 28
33 62 96
95 116 294
1 71 78
8 119 230
3 94 139
92 76 178
13 16 31
30 123 162
46 98 147
42 163 209
87 177 271
21 116 172
50 169 228
23 83 107
41 109 160
68 73 141
77 112 389
96 108 243
85 120 213
72 124 382
2 90 114
66 124 197
58 70 133
8 162 220
24 119 148
85 134 227
99 158 261
37 3 48
79 195 443
9 117 151
85 184 369
80 66 154
11 150 164
13 196 215
69 25 128
28 19 91
1 171 201
75 100 216
14 145 200
95 58 200
65 57 137
2 98 104
2 143 191
18 125 335
5 131 279
32 53 87
10 193 385
26 28 165
35 16 134
24 122 166
58 188 246
55 5 85
34 72 251
91 191 301
20 191 234
72 145 282
54 65 123
58 172 364
54 62 162
6 86 139
7 9 32
39 20 68
23 115 147
96 29 129
69 194 268
22 120 196
38 54 92
16 68 85
93 143 243
64 55 127
39 90 313
94 47 146
51 25 272
2 25 36
24 50 77
63 71 268
44 196 254
83 18 110
29 120 155
75 7 82
94 42 144
17 133 155
26 153 188
37 55 99
81 105 359
68 163 235
9 115 164
27 68 97
11 184 234
55 17 162
2 112 138
98 77 184
89 1 290
94 158 257
27 50 164
30 34 190
14 48 63
32 40 160
93 18 111
21 194 231
83 47 204
63 125 229
60 197 267
76 135 278
40 36 262
26 158 290
38 77 120
42 4 55
32 76 122
22 58 86
58 41 259
9 168 375
32 107 148
85 157 249
1 138 241
49 32 277
18 0 29
63 65 132
35 174 224
48 115 167
76 158 242
100 132 255
99 30 146
82 101 236
40 183 226
8 41 162
4 61 187
18 125 154
96 98 203
53 133 219
89 195 334
75 29 107
77 95 200
87 178 368
34 137 223
84 78 166
88 46 156
14 19 51
7 116 166
64 81 148
25 100 125
20 160 185
13 101 269
64 183 392
60 7 108
60 70 133
74 62 165
33 82 135
59 111 178
62 114 183
33 0 68
76 179 451
69 8 92
33 2 212
66 156 390
70 122 294
11 16 29
98 117 264
39 199 281
13 26 47
78 30 228
31 182 216
85 25 302
32 131 169
5 166 184
71 70 244
14 6 50
24 56 223
2 151 161
44 125 177
17 177 299
49 5 131
92 66 171
31 177 211
34 9 58
88 171 274
15 187 295
84 149 347
19 158 367
48 86 135
1 147 162
58 174 284
76 57 139
38 86 130
74 55 306
30 62 102
65 68 135
77 88 254
91 116 349
94 134 229
79 41 128
61 169 265
8 35 44
68 60 134
57 142 235
5 165 205
17 31 60
94 26 154
85 123 218
9 110 168
18 155 182
42 144 385
19 96 158
70 180 253
93 118 260
6 9 22
28 50 79
14 14 52
26 84 270
70 161 423
47 170 253
29 169 215
91 81 249
29 130 347
47 58 130
75 11 94
14 77 94
57 42 104
61 127 214
69 52 145
47 90 259
18 71 223
28 144 185
35 51 86
14 51 74
76 150 226
84 58 166
89 148 244
93 190 292
30 59 114
87 181 412
71 196 294
60 131 218
25 126 170
31 116 168
87 135 236
26 185 220
36 47 91
30 72 107
16 81 130
85 198 284
47 129 188
57 137 201
64 126 197
24 60 128
75 165 289
81 4 87
24 114 147
58 163 264
26 192 255
30 140 183
90 192 331
52 128 266
65 18 83
6 92 105
15 130 264
80 6 91
58 66 128
44 41 92
27 85 116
23 132 161
71 98 180
45 176 267
75 6 96
50 124 221
36 123 161
72 104 185
72 166 241
42 161 212
14 166 207
49 80 159
88 77 202
49 64 113
93 30 297
55 181 409
86 199 378
6 34 64
27 136 172
46 24 78
5 81 89
10 147 164
97 137 244
38 136 192
2 162 178
27 156 282
42 177 258
72 195 275
23 158 191
44 9 63
92 41 274
74 4 85
80 59 307
27 40 110
64 63 164
30 1 34
88 91 187
49 184 277
56 120 184
97 4 136
100 40 145
48 169 219
33 154 188
36 57 96
32 8 46
5 188 242
52 67 124
29 158 197
