380
22 4 63
88 73 263
15 156 179
94 164 267
71 32 236
81 125 213
39 36 82
63 55 151
26 48 81
91 139 247
61 68 159
99 10 127
99 200 306
12 78 124
23 184 208
43 27 160
9 86 101
56 183 284
38 38 258
72 162 263
24 73 144
9 131 184
70 28 106
31 82 283
79 135 254
1 37 175
92 182 276
16 11 133
99 111 214
48 130 185
8 54 71
88 120 210
10 1 20
48 155 332
66 191 258
60 129 362
21 108 273
87 191 445
8 6 22
76 108 250
74 29 119
93 177 277
7 180 259
82 153 238
15 76 93
74 2 86
22 63 264
73 130 357
49 159 215
41 38 145
40 4 78
48 143 220
60 125 292
67 180 288
24 157 187
69 159 387
43 173 225
32 13 48
6 139 193
84 141 225
28 197 418
82 148 323
28 165 254
17 60 81
23 196 260
87 25 114
98 174 286
63 78 168
88 72 199
49 21 105
68 3 103
18 143 171
82 177 307
52 175 253
85 133 410
64 162 246
49 122 368
51 175 232
11 104 122
7 75 128
69 109 323
58 177 243
62 71 141
10 101 150
49 115 213
60 154 221
53 142 214
14 80 125
77 41 123
17 32 220
82 29 114
66 159 254
15 87 112
17 102 166
61 192 258
34 61 133
15 155 228
78 184 278
5 71 76
38 71 165
55 71 129
93 137 248
34 69 109
93 44 166
100 62 166
30 3 62
88 157 384
93 34 129
95 88 187
8 29 48
86 46 144
7 93 149
51 116 296
96 127 223
32 43 244
37 151 303
19 112 168
27 185 222
59 84 210
25 41 87
60 22 87
97 134 231
68 80 156
19 138 160
90 102 194
56 137 200
26 84 125
84 113 331
50 99 199
54 86 147
71 168 241
78 4 90
56 196 283
36 104 165
40 103 193
32 97 141
45 175 226
82 151 384
31 98 210
93 90 191
34 126 170
22 172 222
24 180 333
94 57 211
15 156 176
63 71 142
42 82 130
43 43 196
29 30 144
14 51 67
69 76 147
85 145 409
79 28 117
46 160 352
34 189 238
94 150 421
72 110 212
82 51 290
57 147 279
71 108 201
87 20 132
66 194 292
100 188 294
39 169 210
32 14 71
56 13 109
26 90 124
22 36 68
80 30 112
13 109 155
11 125 141
45 180 243
22 164 225
37 65 191
62 187 273
3 200 211
56 111 206
87 22 288
16 91 116
39 0 168
79 66 168
83 178 270
72 156 253
49 184 242
71 57 133
87 176 415
98 124 264
99 42 167
1 133 138
59 12 77
7 8 26
35 196 241
58 48 110
4 83 94
91 156 254
69 125 303
61 182 251
75 34 156
89 39 171
8 97 108
20 147 168
47 25 196
9 97 122
40 141 181
22 169 195
21 140 178
42 7 193
29 78 152
97 12 113
51 138 237
3 38 78
9 91 116
43 83 153
11 57 68
16 120 160
52 124 239
99 109 258
2 88 275
1 174 184
62 193 257
8 97 266
49 52 105
67 124 198
3 62 107
25 150 175
39 138 182
47 184 323
14 100 198
45 82 137
90 73 163
29 168 258
87 82 193
4 76 82
76 134 345
53 43 105
52 31 249
67 137 329
76 176 260
68 87 164
27 16 115
76 83 159
11 84 140
67 68 303
76 0 161
2 196 204
1 184 216
50 183 408
61 121 372
65 117 189
14 87 225
15 180 248
38 94 139
6 102 115
32 55 215
63 132 202
12 140 162
66 41 217
27 157 210
49 6 75
19 0 26
53 147 205
70 42 144
29 84 280
40 178 223
62 65 130
18 56 238
65 54 150
1 26 37
70 182 261
99 145 248
56 198 264
92 72 205
42 29 73
94 96 190
53 96 158
46 119 166
52 183 238
94 176 278
3 106 142
16 30 125
85 50 261
75 192 276
32 58 90
73 92 285
5 153 160
3 120 166
75 187 453
23 78 137
76 171 261
33 126 193
66 142 242
18 183 288
57 87 146
67 184 418
71 126 224
75 28 190
44 74 168
2 51 92
89 110 325
5 107 228
69 70 145
23 169 223
32 187 259
11 79 92
73 72 190
37 37 75
77 35 161
32 67 260
46 49 226
1 35 53
74 126 302
88 94 207
33 83 122
29 170 202
30 29 177
60 99 217
28 78 126
8 62 192
47 124 175
65 125 191
76 20 97
81 82 166
27 113 141
60 7 250
49 121 178
8 97 111
8 34 48
100 174 344
53 142 228
97 114 257
67 168 257
18 37 59
5 141 173
93 29 203
5 54 59
69 99 176
100 4 113
23 6 216
83 103 193
43 77 125
95 26 286
94 117 218
92 200 321
46 169 338
27 41 69
40 38 126
98 58 166
65 177 271
43 155 206
28 90 174
7 184 306
69 77 247
95 10 125
18 125 144
42 193 244
21 200 341
40 106 150
48 92 149
2 9 20
82 166 381
12 131 170
16 86 214
21 21 45
96 167 280
87 79 173
75 117 195
59 117 187
24 80 108
46 93 160
47 120 179
41 2 93
87 149 337
64 17 100
65 121 334
39 6 82
32 92 124
78 106 186
11 101 177
12 172 198
12 70 92
