830
6 13 28
99 175 340
93 179 276
34 59 105
90 10 103
77 31 118
35 20 73
43 2 78
99 102 227
72 200 297
84 185 271
81 74 162
83 36 157
17 79 99
65 123 199
32 6 55
34 127 265
34 143 187
60 120 333
9 125 311
64 141 359
73 186 261
67 56 130
17 55 116
93 106 209
75 2 272
37 72 115
45 192 279
31 186 227
12 106 318
18 166 217
4 58 72
36 199 281
17 8 65
90 82 174
79 65 294
76 104 185
67 73 192
18 117 136
11 65 121
17 190 259
37 161 198
59 140 232
71 45 130
44 43 93
95 147 313
38 40 113
72 123 217
50 131 225
13 117 137
65 175 241
51 15 101
53 3 58
74 29 105
67 54 138
34 64 100
28 27 58
95 99 221
64 144 216
18 120 245
63 16 245
24 125 154
59 149 210
19 76 106
64 93 185
94 76 185
93 19 128
100 39 173
100 132 267
86 87 217
24 12 63
38 93 154
99 195 470
62 100 206
68 145 289
60 90 165
38 160 199
23 71 139
21 19 49
21 54 86
87 88 198
73 119 200
5 29 180
100 93 218
86 119 208
95 195 329
47 12 62
64 169 241
50 32 83
36 117 158
33 36 70
97 105 203
88 63 262
42 115 161
9 33 51
27 132 170
94 82 328
80 119 245
52 129 181
29 28 66
49 199 265
25 27 62
68 51 160
83 102 190
89 127 218
74 83 163
70 140 317
16 87 112
10 26 47
64 58 207
93 158 354
56 48 133
31 165 359
64 47 136
6 160 172
38 55 96
10 169 199
65 64 166
64 174 243
20 161 181
59 109 178
24 195 225
64 0 213
21 99 120
11 24 40
99 139 259
23 4 36
20 73 216
49 179 257
96 80 296
54 110 214
61 126 190
54 26 168
37 135 222
47 185 235
8 53 103
69 143 219
69 172 249
48 170 249
91 21 283
38 99 146
26 68 102
18 36 55
22 125 175
16 126 143
74 197 295
59 114 212
26 19 217
45 16 65
29 170 207
82 94 181
48 5 53
87 169 266
76 130 228
27 165 373
88 63 161
47 110 161
53 54 109
90 141 238
27 82 114
49 187 241
37 78 125
87 17 106
13 143 164
73 65 146
96 200 300
64 61 135
74 154 229
66 115 202
2 25 223
36 118 277
57 107 324
25 16 145
22 52 137
17 25 233
6 198 305
33 39 82
49 20 134
10 102 194
5 76 85
77 61 141
97 60 291
36 197 396
62 188 267
54 90 333
49 144 194
35 75 143
46 67 192
60 167 357
48 175 225
31 110 330
84 106 290
6 104 248
84 108 293
72 65 138
77 6 104
56 99 240
95 150 255
32 159 230
52 141 193
16 107 141
44 177 283
13 21 51
72 107 207
96 20 120
2 30 91
78 111 190
85 196 300
34 90 217
59 139 206
83 60 267
91 107 225
30 76 298
73 147 223
77 120 198
67 122 195
76 80 293
2 60 129
87 98 188
26 169 233
84 105 293
95 152 291
43 151 199
20 199 221
74 51 128
49 142 192
32 143 269
91 91 190
39 154 230
99 172 376
27 58 94
50 144 197
97 65 212
20 112 161
78 37 162
50 58 149
45 180 230
69 77 155
65 14 81
80 49 234
19 1 24
23 67 107
66 114 190
13 42 55
51 182 275
67 177 388
58 173 238
76 162 425
29 161 223
65 33 101
1 21 114
43 2 46
13 36 52
91 92 189
31 98 153
57 51 114
25 167 239
18 7 74
48 155 204
12 72 217
47 137 188
82 179 283
56 167 232
9 176 192
26 5 73
43 11 82
82 164 281
62 119 186
98 110 217
94 14 109
72 67 145
39 174 261
99 63 267
99 35 274
90 143 254
72 92 171
8 145 174
62 121 317
7 172 189
98 151 302
10 88 113
67 130 257
32 151 189
82 159 248
22 62 183
21 58 83
14 87 179
67 164 241
41 53 119
52 75 160
37 56 288
92 55 149
86 128 218
11 62 110
39 196 240
43 161 326
1 57 244
51 107 174
84 85 177
33 190 269
31 98 138
43 70 221
41 200 241
58 74 149
87 163 253
32 173 318
90 85 187
6 74 99
94 195 298
8 119 134
34 70 132
25 89 117
93 166 269
93 170 273
7 102 116
83 118 231
48 42 284
14 187 226
75 62 143
8 38 46
40 98 138
17 154 266
98 5 263
20 130 179
26 161 305
20 195 236
63 83 148
69 26 101
19 155 203
48 56 195
57 144 211
27 100 198
25 108 134
21 61 84
65 16 88
70 117 192
61 35 109
54 17 148
61 43 119
26 99 191
58 109 167
78 182 269
2 53 60
61 102 195
43 116 162
42 140 186
63 97 189
38 86 256
3 163 174
97 189 366
45 170 252
47 183 240
50 101 182
88 24 161
3 186 363
49 119 174
86 151 409
89 194 472
18 109 163
46 154 210
43 97 148
39 30 111
37 5 66
93 13 108
53 187 270
25 36 66
71 135 230
18 63 88
59 75 150
40 5 46
36 185 378
99 76 224
35 68 129
51 38 99
76 179 303
13 49 72
14 102 160
53 44 97
81 191 278
17 109 323
89 22 311
65 134 258
75 181 398
43 68 117
11 63 264
55 4 197
90 139 231
98 157 265
54 48 152
60 11 163
68 85 154
85 126 251
75 52 127
46 4 59
19 62 110
32 193 347
34 117 164
3 173 179
39 22 260
5 54 74
38 20 78
2 163 175
61 183 252
92 13 109
35 75 215
36 80 217
15 194 322
85 43 155
49 126 175
5 160 181
9 194 268
69 157 331
55 84 188
73 144 224
56 68 129
20 91 115
33 172 234
84 195 322
47 6 185
86 125 217
32 161 199
89 109 198
14 38 236
3 124 168
38 5 43
7 155 169
81 46 127
12 148 197
22 5 110
30 6 235
56 57 150
57 63 187
70 37 109
88 45 144
96 190 326
51 46 103
38 57 128
72 144 252
54 70 226
88 25 149
36 127 163
40 39 114
54 6 108
5 64 201
80 128 254
20 26 91
12 144 162
70 130 203
69 111 183
66 147 222
3 181 194
31 45 82
70 67 140
39 80 126
63 28 93
4 150 176
49 161 244
94 186 287
52 106 281
33 99 138
92 76 176
99 106 381
52 121 306
52 31 120
76 11 264
58 13 72
98 67 214
49 123 307
33 153 188
30 17 55
74 86 168
77 26 110
47 84 134
78 52 131
14 179 364
35 143 199
80 130 235
76 47 166
80 145 274
28 14 82
4 144 150
75 9 90
79 82 347
51 84 142
93 1 252
55 61 125
38 95 156
10 179 189
67 106 204
77 179 288
50 97 154
77 170 310
89 26 126
12 153 196
48 62 116
50 7 107
14 7 130
67 167 244
62 140 250
26 90 138
72 1 75
21 109 143
54 100 155
7 174 191
78 125 386
7 71 118
18 174 209
100 158 406
84 69 161
41 81 156
66 88 197
22 110 248
34 17 61
38 182 228
9 173 190
79 15 112
16 189 209
68 135 277
83 174 267
63 60 133
60 51 116
4 137 147
40 133 216
27 127 171
21 54 110
25 98 135
97 159 280
49 59 111
37 5 70
72 142 353
6 44 97
97 53 151
24 114 186
92 72 171
82 106 245
27 194 221
57 157 215
69 117 189
23 10 34
60 117 181
29 46 101
88 57 149
81 5 93
17 94 112
23 197 258
6 192 206
68 78 177
18 71 92
93 113 209
83 199 286
34 140 211
94 175 276
11 96 243
90 76 200
46 35 81
12 122 139
54 61 279
58 200 259
51 178 418
73 14 119
34 115 159
14 183 237
27 36 83
39 87 171
87 44 191
37 162 202
35 118 251
31 112 150
63 16 118
95 44 165
61 57 128
100 122 293
93 56 175
17 175 302
10 182 233
80 171 434
48 31 124
29 20 54
5 96 104
91 154 428
71 125 198
2 128 136
22 62 116
35 177 219
97 167 266
8 192 337
43 140 187
30 108 139
61 152 365
99 127 228
46 116 171
55 68 123
4 179 231
33 150 205
42 46 97
79 123 229
62 66 132
83 52 183
33 161 196
57 20 78
58 96 163
85 129 248
62 182 257
81 61 164
54 4 59
62 95 166
2 48 57
40 145 193
4 137 146
60 199 269
15 25 149
78 47 169
2 4 56
6 93 132
76 155 232
53 23 79
78 92 323
74 151 273
32 116 181
70 130 243
63 71 268
64 79 274
88 86 213
72 52 134
68 19 191
49 162 223
65 140 215
85 158 247
31 59 111
99 100 209
85 93 210
56 187 246
93 80 186
96 111 394
16 197 214
55 195 282
7 60 74
6 198 238
6 97 105
39 58 105
70 32 105
67 172 294
52 43 96
96 51 333
52 111 184
62 0 73
49 193 304
43 112 202
73 101 221
50 44 125
44 97 157
64 103 167
41 181 391
57 101 161
28 34 122
46 40 235
60 26 95
21 135 158
28 198 227
14 183 236
83 196 280
79 78 258
22 75 140
40 83 138
29 140 170
32 144 186
44 4 88
92 63 265
25 33 66
87 10 103
41 160 274
90 177 312
58 105 171
97 127 287
75 189 271
55 121 196
38 32 71
77 87 181
73 169 251
86 102 229
52 153 210
39 151 207
71 17 120
20 193 380
15 95 127
67 135 209
7 198 318
2 33 37
73 9 215
14 174 196
48 18 213
36 31 69
16 154 240
26 7 40
92 79 175
12 143 156
71 28 100
69 93 190
68 38 110
91 52 192
20 150 300
16 121 138
85 88 257
16 97 154
33 134 167
97 101 202
24 88 160
27 111 142
62 173 241
44 164 211
64 81 159
13 116 146
52 28 85
92 120 306
79 5 88
6 156 299
5 38 45
57 98 352
49 58 115
37 73 204
57 14 77
2 69 78
6 133 149
92 35 153
75 15 107
75 63 141
67 134 222
59 173 237
5 13 158
80 25 149
29 125 166
10 179 235
95 159 388
45 159 204
2 90 117
28 107 151
65 42 110
4 137 186
30 158 192
17 143 301
2 161 185
33 2 37
53 153 381
7 7 112
74 132 311
52 130 189
42 49 130
58 111 193
64 90 162
89 89 216
82 124 214
39 116 305
86 124 217
56 95 161
49 156 214
33 199 268
47 83 194
90 150 277
91 2 117
70 161 240
88 13 134
2 15 53
97 169 287
29 17 47
82 173 265
60 40 108
76 181 292
36 71 242
52 171 416
45 176 233
92 198 334
85 171 306
32 9 138
89 49 159
60 195 261
69 148 224
1 7 14
41 191 237
87 186 274
28 33 134
13 45 66
59 40 99
68 116 354
22 76 172
62 86 156
69 5 173
45 167 399
89 151 423
57 90 154
98 163 407
33 135 215
40 20 62
99 114 216
73 171 264
97 155 256
98 39 173
11 116 132
34 43 105
7 72 81
16 187 306
12 55 104
32 151 188
38 8 46
96 153 396
30 150 229
47 41 111
22 18 69
8 168 200
64 84 291
49 57 115
21 36 67
79 34 115
96 85 189
80 84 197
78 69 147
43 117 166
44 21 72
80 93 185
15 61 104
76 101 226
100 50 161
96 91 191
59 114 361
87 141 249
55 105 176
93 122 343
56 136 307
44 4 147
89 189 303
10 107 277
