420
49 189 238
80 58 139
65 189 303
96 189 300
57 47 288
48 90 187
14 177 301
58 25 85
47 150 204
40 74 115
46 92 144
72 22 96
5 76 183
86 191 277
15 36 55
19 125 232
3 107 113
77 126 232
97 81 253
69 65 284
87 143 240
92 81 218
15 68 273
92 184 283
51 122 175
27 59 94
78 13 113
14 38 222
55 186 246
87 63 150
56 51 110
91 96 377
67 75 149
59 12 88
17 65 87
55 182 252
87 78 191
26 90 120
5 62 92
83 69 299
60 13 80
85 43 167
21 172 200
48 1 58
96 200 315
33 78 132
66 193 270
12 128 155
85 8 104
87 73 321
47 193 248
16 185 250
26 86 122
42 195 242
24 159 185
12 105 219
65 66 150
97 111 317
71 95 288
96 169 273
83 47 130
2 145 157
20 160 187
48 106 156
83 45 297
44 53 107
91 153 248
97 62 168
26 8 61
100 197 336
26 172 238
61 69 207
77 30 109
27 187 219
88 130 408
67 89 342
50 54 164
15 71 93
27 138 230
24 118 146
11 78 118
83 79 171
51 167 412
54 41 120
49 49 108
3 141 153
34 24 208
1 135 146
75 137 220
25 198 226
50 177 359
38 152 193
48 139 196
84 0 88
12 192 207
84 77 319
84 43 128
100 96 215
13 134 299
1 76 87
82 67 149
7 173 191
10 166 185
67 100 168
20 139 310
65 106 199
13 149 285
11 77 107
96 198 373
61 21 86
53 14 261
13 143 161
68 70 157
27 191 260
60 87 177
21 183 239
86 65 193
56 82 138
54 30 275
24 165 191
72 37 150
30 0 35
29 57 127
88 151 246
85 42 132
72 73 148
10 162 204
81 63 180
58 69 131
28 148 187
31 8 83
84 30 181
12 112 131
33 3 36
67 181 268
26 56 89
79 14 117
86 126 221
50 29 87
22 186 214
59 148 248
8 87 103
73 48 258
66 124 239
6 70 164
51 160 212
12 24 39
81 70 310
59 104 166
65 47 126
82 70 152
100 123 260
71 53 134
59 199 267
38 66 109
11 79 107
36 114 194
23 174 228
1 166 202
68 48 124
82 167 370
35 36 72
66 58 130
52 15 188
47 12 64
20 99 123
90 103 195
27 134 295
43 3 80
66 174 248
24 145 202
56 35 131
80 87 173
70 112 190
95 70 203
75 190 317
98 175 274
79 132 249
10 63 93
42 71 156
46 199 324
82 85 175
17 94 126
64 195 327
68 174 246
31 66 122
17 137 161
89 80 175
66 196 265
94 195 330
88 73 184
57 34 96
59 84 147
99 196 373
93 5 179
12 184 281
13 168 181
41 91 287
72 130 242
20 137 206
60 106 357
89 6 102
41 93 141
20 95 119
1 186 232
15 141 231
44 177 415
67 114 215
80 143 255
6 38 44
28 184 222
54 29 93
65 189 263
98 126 401
51 120 347
2 141 148
18 138 156
57 80 144
27 7 44
93 25 140
18 30 101
27 48 273
45 55 107
53 124 183
93 29 125
25 53 145
64 109 208
29 85 117
3 140 147
100 163 275
30 121 200
7 48 73
17 105 305
44 102 162
46 70 142
46 70 138
10 110 148
3 83 96
67 167 257
30 199 310
74 84 164
77 74 326
51 63 117
8 74 88
55 93 157
84 154 246
57 131 214
28 67 105
66 27 277
39 162 247
13 84 109
96 157 447
29 109 250
60 195 255
17 18 48
17 22 76
27 78 242
31 114 153
45 94 254
60 16 84
94 135 236
34 183 226
55 3 64
58 187 257
63 119 187
25 3 29
33 75 231
89 125 246
65 27 92
95 87 186
11 41 64
30 171 265
83 70 155
29 189 226
44 57 281
11 160 177
99 125 254
54 129 371
61 130 239
59 35 108
81 171 419
45 70 139
73 13 92
74 157 234
67 8 103
4 172 178
19 86 140
79 95 183
94 54 163
71 25 97
70 83 155
82 155 279
1 55 83
29 36 96
4 89 93
5 63 80
74 163 265
22 19 50
65 107 177
49 69 125
70 3 183
65 61 147
73 181 280
69 137 343
82 151 375
26 163 373
86 14 147
30 132 197
76 172 252
11 54 195
8 149 165
34 49 88
51 135 213
94 40 169
95 20 137
56 55 262
91 186 431
66 28 95
23 66 94
82 168 263
73 50 219
39 2 42
91 76 183
64 164 231
45 27 76
72 183 259
11 131 173
76 8 128
70 165 235
95 138 236
38 87 131
96 150 253
45 156 207
71 115 260
88 44 141
27 69 103
16 59 122
72 143 225
31 175 247
6 87 94
33 130 168
25 16 87
36 100 204
86 69 163
76 149 269
41 37 123
35 145 186
39 30 70
8 145 350
63 182 410
38 77 250
40 81 125
35 111 184
17 25 69
28 172 331
37 161 218
54 117 271
52 160 400
97 65 217
54 78 304
68 66 166
58 20 87
78 21 140
5 121 157
52 170 225
83 73 305
54 160 352
11 111 285
39 79 142
13 46 114
46 52 137
69 77 161
29 197 230
42 184 235
51 25 183
38 19 63
34 107 142
55 6 61
85 136 244
59 102 177
49 20 70
77 119 272
58 3 110
85 126 266
83 93 189
65 53 137
15 66 88
81 70 243
19 145 165
70 6 80
72 11 228
1 112 159
96 112 236
36 135 197
43 101 146
34 11 148
12 15 58
6 175 248
40 111 199
54 112 166
99 145 270
29 1 72
16 12 177
85 177 291
43 151 223
92 100 195
49 82 217
62 147 287
33 173 206
25 14 226
1 14 15
29 75 154
36 76 244
87 92 374
84 38 169
67 141 346
95 136 231
8 157 248
63 97 168
46 154 337
