990
71 42 119
56 140 275
57 93 151
82 151 263
60 134 384
93 74 171
45 114 200
8 13 62
100 167 272
11 102 117
86 53 143
4 60 214
55 196 259
78 149 228
46 173 352
20 166 187
27 177 212
99 127 423
64 82 152
13 140 175
26 196 408
26 170 199
86 22 112
30 98 199
78 0 78
30 5 207
35 161 310
15 62 77
47 65 149
62 94 265
92 166 265
59 80 191
24 62 125
65 11 83
83 199 301
99 43 183
36 124 316
20 75 105
62 24 226
23 65 254
97 157 261
61 34 100
26 22 61
13 161 174
89 0 94
98 49 154
48 17 258
12 21 39
58 27 121
88 172 261
91 50 178
52 180 240
82 165 249
82 162 283
75 122 199
84 115 368
7 117 127
22 138 203
24 104 320
27 61 126
9 125 138
88 70 353
22 175 201
50 114 166
24 105 164
87 45 179
95 25 129
73 142 395
65 151 235
42 71 176
78 130 256
71 85 323
100 127 239
50 0 50
60 174 366
34 40 81
51 62 113
8 123 158
15 121 143
14 53 80
85 115 367
56 135 193
77 5 98
33 59 96
15 96 118
41 36 252
65 20 111
72 102 212
9 161 264
5 173 178
75 20 112
33 105 184
66 1 160
35 108 144
54 45 101
83 30 129
56 97 162
9 53 86
2 24 125
100 4 108
21 0 21
82 72 154
83 125 403
42 91 153
70 62 144
40 164 250
41 20 85
20 71 140
36 16 52
3 174 336
5 6 119
64 166 279
28 124 340
73 147 227
56 132 254
100 112 257
61 105 202
33 65 117
84 107 218
41 126 210
35 57 93
19 161 197
64 87 169
70 153 250
92 116 210
59 31 95
77 157 425
14 155 174
73 180 362
26 59 266
23 10 158
51 106 158
54 116 345
84 32 139
77 34 116
9 117 130
42 162 292
44 195 438
59 107 175
60 62 131
48 72 129
46 90 136
59 141 251
24 9 36
90 48 279
35 132 365
49 175 301
77 122 216
87 159 373
39 0 78
33 153 254
55 168 243
81 74 167
22 65 118
33 159 195
66 81 264
37 128 165
77 160 419
76 66 149
29 70 107
21 74 110
16 171 210
74 16 124
43 83 128
81 63 333
88 79 170
27 14 44
90 138 413
18 176 204
49 94 147
36 146 333
100 200 389
21 143 299
44 81 143
81 121 236
15 129 148
96 170 344
5 51 85
68 111 192
25 53 122
61 144 209
12 43 124
82 105 228
61 129 191
35 185 303
22 199 253
36 99 172
93 82 176
49 50 221
43 29 109
33 10 43
50 171 258
75 11 95
46 113 324
8 76 216
38 181 250
73 28 101
5 64 220
76 9 269
60 100 197
50 94 179
82 163 256
13 66 222
46 121 191
10 180 194
24 17 82
100 118 236
51 196 248
52 199 262
3 7 56
37 90 127
28 13 124
90 180 271
9 156 165
67 66 156
55 157 219
72 71 149
76 186 296
40 196 431
29 55 90
72 80 180
30 29 68
31 118 158
16 1 48
95 164 269
7 194 233
100 29 262
90 116 372
22 48 112
22 103 149
78 16 98
77 122 248
43 44 96
57 104 271
20 195 219
24 74 124
30 105 235
77 51 136
15 41 66
80 123 212
82 146 271
78 13 170
98 87 195
39 113 159
94 118 221
44 133 216
26 11 61
50 110 163
16 80 106
78 5 209
33 162 196
14 134 348
76 5 102
50 169 379
94 173 271
46 138 188
59 42 107
59 164 227
47 153 202
76 100 186
59 191 259
18 9 45
95 174 283
61 42 142
51 146 201
28 20 229
64 73 146
81 120 214
100 125 261
22 143 174
30 104 219
79 190 438
21 21 228
98 86 194
71 133 217
62 109 174
36 66 102
39 93 157
70 4 78
63 49 119
35 51 86
60 131 348
99 1 260
77 32 115
81 7 133
79 155 273
22 184 240
35 89 127
31 155 373
48 104 158
98 32 139
69 123 353
38 117 326
92 136 353
44 27 237
21 96 118
17 169 243
49 0 73
56 56 237
99 196 401
44 189 377
100 167 371
17 136 155
34 12 51
88 61 154
55 17 80
23 85 193
4 139 146
61 138 214
72 40 112
87 37 133
46 37 110
39 154 194
52 166 234
13 42 85
11 104 293
2 64 69
48 36 114
82 83 201
83 14 140
61 182 245
56 22 88
41 194 397
44 115 203
14 191 205
46 136 182
86 110 196
43 176 228
71 10 157
99 120 221
89 63 222
37 102 144
72 181 263
85 84 201
35 120 232
22 147 172
18 173 261
12 13 30
82 147 266
74 182 411
77 114 196
37 15 61
85 57 150
47 20 71
75 101 179
45 190 240
35 81 124
61 30 101
60 95 187
66 191 257
34 72 114
88 148 390
83 58 149
41 174 219
18 153 174
30 21 233
74 5 106
41 0 133
57 82 185
78 13 252
53 77 134
37 198 278
94 143 241
81 192 276
68 25 101
86 108 222
29 121 152
5 143 150
42 39 128
53 42 272
1 24 178
96 134 268
66 15 279
18 149 171
57 136 235
93 107 206
77 119 203
99 96 195
33 183 222
55 199 283
42 96 216
12 118 131
46 120 204
68 128 206
93 197 399
13 101 260
27 16 91
5 42 67
4 44 85
61 146 250
57 61 122
46 74 137
13 89 103
18 30 53
65 47 114
3 90 97
16 194 253
49 70 218
88 21 113
31 8 84
22 12 63
12 80 205
14 46 225
40 73 162
49 184 266
67 116 190
90 29 125
63 114 181
78 102 195
93 39 140
97 54 151
9 103 120
3 127 319
31 86 316
88 128 253
68 144 221
40 150 266
74 179 282
73 51 132
85 163 294
18 77 103
71 62 138
55 120 201
88 147 326
38 180 225
40 66 106
6 53 65
94 26 134
75 59 172
58 199 271
36 128 189
17 101 162
62 153 367
43 99 169
44 61 106
90 192 315
39 157 336
61 179 241
73 61 136
86 136 226
44 169 223
66 62 286
53 141 231
97 107 326
96 176 275
26 147 301
50 106 182
93 152 281
77 32 114
96 194 297
85 194 310
56 63 166
95 166 267
33 50 90
89 158 247
5 188 194
54 114 338
93 4 107
7 62 78
95 96 219
1 71 113
29 55 95
40 110 154
16 174 306
41 53 207
55 128 217
42 85 140
94 186 288
39 66 236
35 103 138
15 65 83
2 5 11
99 191 316
84 131 222
47 101 149
25 64 111
11 3 59
32 170 211
92 109 204
44 101 292
20 79 102
73 8 102
41 168 318
33 150 378
37 84 141
29 165 205
12 151 351
73 165 241
20 54 76
45 101 156
55 88 201
48 158 207
13 113 166
18 18 37
50 95 168
21 192 345
97 129 236
18 1 25
78 81 164
30 92 257
4 170 174
37 160 246
22 34 59
38 6 49
70 69 141
70 178 256
82 67 159
33 22 60
71 64 168
51 45 101
91 151 284
69 33 270
78 57 138
38 99 180
56 67 160
38 29 69
45 140 194
44 14 100
38 96 140
8 74 276
36 110 186
98 86 194
75 51 131
100 180 292
91 178 271
58 40 100
34 112 153
92 45 146
52 128 187
73 154 328
7 14 29
54 145 203
9 160 237
49 89 142
45 163 214
89 82 172
74 161 248
72 69 303
15 145 166
58 103 326
53 165 265
80 144 298
22 197 354
55 20 133
69 56 128
5 164 183
53 118 191
14 154 262
82 30 121
92 37 176
22 52 190
65 199 265
16 76 138
24 9 35
91 74 165
67 153 280
80 164 261
41 55 98
62 122 193
69 16 108
51 98 182
27 41 74
100 200 301
16 28 65
8 72 85
12 178 192
24 87 114
38 156 194
6 179 201
57 133 222
9 6 31
25 6 93
2 192 382
31 104 148
3 193 203
81 9 98
18 51 74
8 143 154
66 4 106
9 61 209
1 167 171
16 151 320
28 31 70
68 97 310
53 81 184
66 116 251
45 3 65
78 200 325
65 95 283
79 39 134
39 108 231
91 107 329
12 125 150
46 162 221
85 78 189
95 157 259
5 49 194
18 193 211
12 195 210
20 32 56
35 84 152
22 192 242
29 161 190
21 144 299
84 20 106
27 79 155
45 170 217
28 20 220
83 171 257
71 127 218
85 90 361
9 60 69
55 188 402
35 134 250
92 86 186
25 146 275
74 188 271
89 43 137
43 9 131
47 50 107
76 47 292
30 17 61
12 85 213
84 110 217
53 127 185
19 78 220
61 101 193
62 68 135
76 43 209
91 47 148
96 47 144
45 2 50
46 111 162
37 91 162
91 67 165
8 10 26
28 25 197
12 186 240
54 93 152
2 112 238
2 173 334
32 99 138
90 176 312
58 4 169
68 55 154
74 85 167
19 171 366
49 97 155
11 143 348
75 99 184
70 28 272
89 47 136
7 155 204
6 170 206
28 64 96
19 67 129
63 113 185
36 3 114
53 46 105
33 135 220
83 76 161
8 185 236
61 118 184
54 171 225
6 156 191
30 191 254
45 112 265
83 195 323
46 93 173
55 57 312
53 192 390
59 48 155
87 90 215
58 122 296
62 103 214
4 39 224
96 117 259
42 193 236
71 36 296
82 147 231
3 124 129
29 11 96
84 172 258
87 18 286
76 3 112
97 182 287
90 45 145
23 134 162
56 56 121
43 158 209
21 35 231
83 113 202
93 42 244
93 166 259
73 153 232
98 90 210
32 72 147
24 12 149
26 4 70
35 127 165
95 83 212
44 147 201
65 43 266
68 89 241
4 20 139
76 0 106
83 63 163
7 29 170
85 14 166
37 47 85
22 112 185
21 1 24
76 40 135
27 155 188
99 116 267
90 21 125
5 31 44
65 82 155
83 8 174
26 156 236
66 32 141
78 90 178
97 75 174
71 71 149
8 77 123
89 83 197
7 0 80
14 75 140
7 58 117
36 19 105
85 21 153
82 47 143
58 128 289
2 16 18
1 109 133
75 182 261
19 173 219
29 70 108
61 179 261
12 176 291
86 58 145
67 140 207
7 81 133
59 123 189
56 134 222
24 182 207
86 51 337
77 61 174
60 153 260
1 179 341
29 6 198
72 166 244
91 156 259
52 50 117
81 143 231
96 170 380
58 128 219
89 12 102
18 104 139
41 177 220
56 4 69
71 6 89
73 193 271
100 34 139
2 176 209
14 197 220
95 91 360
32 57 96
43 105 158
20 172 201
34 96 136
53 171 243
9 80 134
74 51 169
99 161 270
100 97 287
7 130 141
95 48 150
8 32 83
100 106 333
57 183 240
28 71 169
86 134 234
54 132 190
67 68 139
56 196 297
74 88 188
45 166 395
56 56 212
31 164 204
45 71 179
42 19 69
92 117 212
16 109 190
51 196 247
78 168 251
21 142 163
64 103 295
81 128 246
61 127 193
87 128 339
100 144 375
26 6 39
35 2 40
15 166 243
49 35 85
48 149 205
39 2 54
6 103 110
90 197 326
63 159 244
12 75 87
97 131 232
92 8 122
9 60 102
2 173 278
38 104 146
72 143 232
28 93 130
58 190 253
86 152 427
8 152 166
72 66 173
85 172 265
60 138 209
100 104 210
14 10 27
93 1 130
4 114 212
82 140 223
4 88 98
14 69 87
58 178 304
77 20 98
44 96 146
63 77 190
55 174 297
33 168 216
68 85 170
26 111 232
89 186 277
99 15 247
72 99 175
92 1 97
100 121 239
88 67 155
82 9 100
62 32 136
89 105 222
53 134 208
2 111 120
50 144 330
11 58 116
82 101 218
87 48 172
68 39 153
34 119 155
37 57 110
10 134 186
91 87 354
20 129 150
17 68 134
7 181 366
69 197 274
39 1 90
57 50 294
27 77 111
75 180 255
26 95 248
39 129 217
77 42 125
59 12 97
5 44 97
98 149 247
64 170 275
10 166 208
47 63 118
30 199 230
7 195 210
66 39 120
37 132 171
45 61 153
54 162 263
93 98 274
1 165 173
7 148 301
99 200 318
81 105 329
54 84 278
21 60 120
95 136 240
98 170 371
1 30 76
65 40 293
34 134 188
37 55 98
92 74 173
64 54 163
6 76 178
33 86 281
13 34 57
1 156 336
32 77 119
2 142 148
45 0 51
14 9 47
76 191 299
47 14 92
26 68 114
73 115 194
11 94 108
45 196 426
82 176 308
40 6 59
57 193 402
41 59 105
6 51 65
29 186 225
87 167 267
72 129 228
71 75 151
77 112 207
71 65 150
39 77 120
44 130 182
28 200 237
2 33 189
5 148 199
4 192 243
75 147 234
81 50 140
96 22 166
75 159 331
8 94 110
14 111 230
6 5 39
24 6 53
45 84 146
100 116 247
46 28 112
59 144 222
13 136 180
65 192 328
67 24 91
24 125 168
24 35 66
46 160 217
21 31 83
67 40 156
86 17 109
26 140 173
34 69 243
23 3 45
16 91 113
61 12 96
78 126 206
87 73 161
62 57 125
74 90 286
14 94 136
27 110 174
43 7 119
89 89 232
8 41 151
73 13 86
57 133 259
82 155 300
97 122 229
100 85 214
40 114 157
57 188 255
95 53 158
8 68 121
47 102 154
56 103 310
76 105 181
22 154 177
96 42 168
61 50 289
55 143 205
38 132 198
3 124 132
29 176 207
59 139 295
41 98 163
95 104 240
36 79 228
32 105 197
20 176 214
36 104 170
