90
46 16 68
75 105 198
72 68 141
36 5 60
23 61 121
98 77 203
99 160 289
40 102 149
13 153 295
51 89 149
86 195 282
15 176 196
9 11 42
33 8 175
23 145 209
44 55 218
15 180 313
97 93 197
7 96 127
73 150 232
27 42 83
78 106 232
94 97 222
11 80 127
43 28 74
38 31 137
32 145 181
43 2 237
40 60 131
77 46 131
31 107 228
44 170 218
8 77 167
59 150 239
19 84 104
6 82 137
18 126 188
90 185 465
54 90 145
48 152 206
56 30 102
57 163 382
5 16 129
23 189 218
5 191 270
44 48 108
88 52 275
99 63 338
56 171 263
37 153 197
54 115 179
36 135 349
46 141 375
63 27 90
58 32 130
23 140 172
83 173 301
83 110 200
44 81 256
5 132 142
51 171 323
8 7 62
74 183 265
72 36 115
75 74 174
88 118 398
21 112 140
60 196 305
99 19 165
57 30 252
96 154 255
26 89 121
76 179 412
93 34 139
22 141 327
59 78 173
79 177 281
36 136 172
83 167 251
32 195 262
53 99 210
74 8 111
11 52 81
97 82 374
36 57 100
20 121 144
82 185 411
1 184 189
65 156 222
13 7 115
