340
49 45 97
37 182 219
4 98 127
80 197 288
2 163 223
13 19 41
44 106 155
20 21 88
100 24 158
33 112 186
100 20 249
80 74 179
18 158 333
7 53 230
22 92 281
35 37 103
9 139 171
35 172 214
11 144 202
58 84 152
20 49 94
71 75 157
9 168 185
73 132 215
78 38 162
52 129 304
83 170 271
28 180 222
23 44 243
64 190 274
34 53 110
86 67 156
15 198 226
36 57 138
20 40 64
36 178 296
6 121 323
79 164 267
88 83 239
9 169 208
24 41 182
9 189 200
86 77 247
48 15 63
66 46 155
84 29 121
100 133 378
15 26 46
89 170 269
65 81 243
22 60 87
72 100 182
41 46 87
54 170 228
6 22 38
62 101 201
45 112 275
99 55 161
49 145 202
76 9 95
12 44 65
48 0 234
68 168 267
31 97 134
68 64 231
92 60 341
4 41 45
33 56 153
28 35 73
38 49 105
25 142 199
87 168 256
70 195 274
1 107 157
95 46 217
79 68 151
35 177 243
54 46 108
27 168 197
48 25 74
8 158 170
53 61 116
64 152 222
18 16 175
26 141 353
7 106 115
68 63 137
42 76 248
92 105 207
52 74 148
25 51 123
61 156 236
19 193 376
54 104 180
25 100 195
97 135 236
100 3 287
2 171 212
88 185 319
50 166 274
59 20 81
20 139 162
72 55 169
28 135 166
57 131 228
33 164 205
85 39 133
44 176 229
98 136 286
87 59 183
62 53 115
17 91 117
69 188 362
88 66 159
99 107 231
35 138 182
3 147 300
29 195 229
30 64 137
96 97 198
7 107 116
12 186 228
66 30 99
61 187 255
64 39 146
25 65 95
11 159 172
53 45 144
9 185 344
30 112 167
19 94 121
57 109 304
71 73 149
20 104 130
99 178 292
28 22 245
65 59 129
32 80 112
24 35 167
34 132 344
11 101 112
1 89 132
60 61 123
38 129 192
2 144 257
50 130 190
22 102 261
57 59 122
64 60 129
4 20 32
27 164 207
34 182 398
2 161 209
100 29 151
30 57 98
61 159 400
12 108 244
14 142 200
4 136 179
9 13 41
76 104 202
18 32 53
4 198 348
98 65 288
89 51 144
16 190 253
98 21 123
44 166 218
63 191 432
47 151 202
61 134 277
24 118 168
35 83 166
23 141 167
49 43 97
68 135 209
46 143 340
45 85 159
58 178 259
95 141 240
63 146 339
99 141 400
61 97 167
77 65 288
65 184 305
36 69 112
70 92 318
52 160 259
38 137 189
44 137 359
98 77 213
37 23 116
18 67 130
26 44 149
66 7 99
83 143 234
76 194 270
25 171 205
52 26 88
19 58 237
73 164 434
8 190 206
61 102 211
29 40 113
37 125 165
43 77 152
58 64 128
41 34 142
68 148 223
68 152 267
12 155 174
45 154 264
73 138 219
24 184 401
23 38 70
40 37 194
61 50 310
90 133 243
21 76 101
95 143 243
54 43 107
28 112 330
35 172 250
39 21 196
89 106 203
62 153 225
50 105 159
48 133 221
76 111 313
8 48 57
53 35 93
44 142 204
55 1 83
66 102 189
54 114 178
50 128 347
57 94 217
67 8 232
24 109 152
18 189 331
75 163 239
58 132 321
21 126 274
49 59 138
19 63 96
82 51 182
22 10 36
79 146 314
22 144 184
69 157 228
15 159 177
31 68 121
99 198 354
7 82 257
77 154 233
34 92 134
56 106 171
11 153 208
73 104 364
34 91 126
7 179 196
12 83 204
52 182 244
86 43 141
1 6 8
54 87 144
61 71 317
86 169 264
76 110 296
73 146 250
44 15 63
20 92 113
98 8 235
74 166 245
37 48 106
46 145 275
97 100 210
51 149 263
9 128 157
61 13 79
79 189 276
89 193 291
74 57 131
37 37 208
69 102 338
78 190 303
46 167 221
76 142 222
21 136 178
11 132 190
16 0 125
62 134 341
47 164 211
60 196 261
63 169 274
41 57 106
26 186 349
74 83 159
33 9 50
55 157 255
100 87 227
6 102 118
7 36 81
74 11 188
46 100 158
94 28 130
66 16 89
48 199 400
33 29 87
22 86 117
77 176 381
7 6 53
100 124 231
94 175 310
25 115 251
96 191 287
67 108 223
83 126 357
77 106 328
16 41 79
32 161 227
32 74 117
29 35 73
48 22 75
56 77 142
96 114 312
11 75 91
66 182 254
1 3 5
50 11 64
77 36 122
16 30 119
90 172 302
38 117 334
16 54 257
2 4 23
39 101 176
75 28 128
4 191 198
43 110 167
