620
39 157 374
43 172 262
79 185 270
60 22 122
9 101 199
13 159 206
62 198 266
29 175 350
2 157 169
66 23 149
33 174 328
31 37 167
4 166 188
80 178 412
76 123 204
48 46 122
100 36 138
26 59 87
42 15 66
27 194 246
33 118 155
19 140 159
99 128 272
92 18 247
76 180 376
20 97 243
55 155 212
50 105 158
58 25 232
51 191 280
61 102 165
18 161 191
85 124 259
81 79 168
63 177 281
78 166 252
20 103 220
65 129 197
46 173 266
62 180 243
35 54 101
33 79 115
64 27 223
9 147 157
4 104 118
50 66 122
93 117 241
20 62 103
74 38 164
82 173 258
45 69 190
62 174 244
35 98 140
56 146 207
29 21 109
4 135 139
41 12 81
32 81 206
59 0 96
34 126 199
77 165 251
96 72 176
94 149 252
73 174 250
21 161 316
64 124 318
39 67 149
39 83 129
50 101 164
65 104 254
96 90 200
40 186 237
46 179 277
75 57 252
80 5 87
90 120 218
7 37 47
98 96 199
74 95 208
68 29 140
79 143 231
27 104 163
54 69 137
90 7 97
23 186 252
87 45 149
24 47 92
84 101 196
68 166 284
10 3 120
63 188 412
38 87 166
90 8 104
87 200 288
91 67 165
7 19 32
7 131 146
7 191 227
62 69 300
92 154 248
2 48 58
37 156 202
37 156 363
24 168 192
13 100 230
47 40 93
16 60 155
48 50 261
57 93 158
23 62 118
17 74 278
11 149 358
95 173 299
58 193 259
100 46 149
65 2 74
56 11 75
25 171 197
41 78 122
66 55 247
63 32 136
49 128 185
24 10 36
87 106 217
99 32 135
23 46 100
15 44 106
26 182 254
5 34 65
95 45 178
19 16 76
17 74 98
91 193 290
45 92 177
54 195 290
61 45 231
47 62 145
84 83 171
15 141 157
94 176 470
46 46 102
82 162 252
48 142 331
2 112 138
38 142 193
9 62 85
9 132 143
82 189 273
74 78 177
70 167 272
67 171 238
88 10 155
38 125 182
11 158 361
10 55 113
61 27 120
37 45 145
70 138 231
82 79 185
41 117 158
48 47 108
70 100 210
31 143 218
100 112 352
73 63 136
54 113 248
12 75 93
69 179 393
79 138 399
22 2 167
78 68 153
58 4 66
26 185 368
28 60 103
42 8 75
88 142 276
65 60 130
21 34 65
22 115 158
55 0 105
80 136 289
76 74 157
37 33 90
8 42 52
70 61 140
49 179 248
67 164 235
56 41 105
2 19 38
34 49 109
35 83 166
16 73 127
31 134 168
66 126 192
9 137 227
40 45 224
57 54 140
22 115 143
75 18 93
56 195 251
27 188 237
43 156 355
52 66 159
92 121 355
83 195 428
61 112 178
41 75 121
80 199 281
28 123 154
22 48 174
97 25 127
64 44 243
91 79 350
5 172 204
6 66 120
84 53 336
11 98 166
37 96 137
1 72 78
17 23 147
88 139 298
91 50 168
35 97 145
11 107 128
85 17 109
25 194 228
62 43 106
47 168 224
84 198 293
6 1 12
75 26 111
32 189 223
12 158 171
58 10 72
20 13 219
11 166 187
56 119 339
86 114 201
80 23 109
82 30 114
67 111 252
82 102 204
85 63 172
14 89 110
89 20 113
17 65 119
14 30 50
22 193 215
45 24 79
69 13 82
40 40 88
79 180 269
17 101 119
3 148 160
52 185 282
16 142 160
69 118 354
12 83 114
7 150 329
22 18 88
85 129 214
92 149 408
10 131 161
69 104 174
86 145 316
76 180 402
93 101 229
67 125 196
17 183 219
90 31 234
87 135 368
52 86 146
31 94 133
67 114 378
31 151 206
22 21 130
61 8 201
32 4 53
98 101 204
41 200 244
28 192 249
18 79 110
70 200 280
64 83 147
29 187 265
91 57 194
16 43 192
75 63 138
27 67 106
14 128 171
6 189 373
52 91 176
50 90 308
50 74 126
33 42 122
12 83 153
32 21 189
25 96 171
96 134 356
37 103 171
97 36 137
62 186 360
58 75 151
7 125 132
13 102 143
60 26 160
34 96 139
34 46 153
74 14 89
32 19 132
54 120 182
6 173 216
75 20 96
63 111 203
38 160 338
37 94 136
78 163 241
53 56 112
46 80 157
95 20 313
34 10 201
35 17 109
18 49 239
12 107 238
65 131 238
88 90 188
55 93 206
10 16 220
30 158 296
57 71 140
86 170 256
45 173 225
31 135 167
77 28 112
44 145 214
2 127 136
84 63 192
48 196 363
21 66 173
47 19 76
73 69 148
94 45 338
11 200 322
75 113 199
72 142 218
62 67 151
83 140 228
6 115 143
72 104 195
81 81 167
2 1 48
1 90 198
37 93 140
2 156 199
33 137 172
18 46 69
40 176 367
92 167 287
34 59 101
41 165 310
4 79 250
14 151 191
36 177 254
74 1 237
49 137 223
16 41 57
82 173 282
7 3 22
84 47 131
13 200 226
21 42 149
65 91 165
75 166 248
76 81 242
90 175 269
66 100 337
87 39 167
33 65 105
5 3 123
11 87 106
52 16 193
65 1 72
61 18 80
83 35 216
85 113 289
81 62 310
47 92 161
7 97 265
87 95 365
100 193 293
13 137 188
30 57 130
57 193 381
97 181 301
1 73 83
69 18 93
97 121 362
36 49 253
74 183 261
13 97 204
54 136 190
91 26 126
73 158 312
52 22 115
94 81 179
93 115 217
81 199 284
74 50 125
73 105 179
45 108 290
62 18 110
71 63 160
24 54 119
68 41 132
54 8 73
22 149 180
76 136 244
18 1 88
53 96 167
86 12 130
24 91 279
56 35 137
17 0 203
32 43 252
10 154 282
28 56 117
27 152 188
93 6 231
67 7 82
62 61 271
9 151 195
84 127 217
20 154 177
46 82 138
59 129 204
28 183 214
65 186 294
42 139 217
71 5 93
38 59 131
43 60 287
42 37 182
45 167 259
74 164 251
2 72 91
34 121 169
53 16 77
43 97 142
77 153 240
84 80 173
88 174 262
50 72 276
67 68 138
40 66 106
18 123 150
49 8 79
29 135 305
1 9 75
15 198 225
55 32 94
21 172 221
98 108 213
24 191 219
71 34 136
39 170 341
96 186 288
48 147 203
73 100 196
21 26 87
3 35 39
14 116 146
13 85 100
15 12 29
11 140 292
3 85 116
94 167 337
56 45 294
16 36 123
2 135 230
36 29 78
41 181 229
85 25 143
62 183 356
68 26 109
67 113 192
9 47 56
83 163 331
27 160 201
67 54 128
56 126 185
97 29 127
48 87 160
98 28 228
53 190 343
44 148 193
91 16 144
77 84 170
82 101 188
6 13 41
5 165 183
42 12 62
33 79 142
8 107 248
25 85 145
13 182 202
46 116 235
60 8 76
27 139 215
14 53 215
62 131 213
20 158 185
9 177 201
46 60 114
34 31 73
91 116 254
98 79 222
97 81 321
62 185 413
17 38 161
71 48 136
11 80 95
48 91 292
62 132 269
71 171 280
45 57 123
34 110 168
51 53 126
89 134 232
32 42 81
50 165 236
45 79 137
89 101 199
20 107 168
27 146 200
22 60 88
37 47 111
90 90 180
29 70 106
71 95 334
92 160 268
96 200 298
55 137 198
70 12 91
20 21 41
12 5 46
62 180 250
64 178 439
15 90 151
57 22 86
14 65 83
31 170 204
32 28 244
37 58 100
57 127 186
2 192 214
10 138 153
28 79 124
73 10 108
97 83 188
49 104 162
78 92 174
35 127 199
53 104 311
84 106 318
5 96 179
24 49 92
8 128 145
34 128 165
9 139 223
56 129 379
8 189 200
1 181 215
94 169 273
18 21 79
91 29 170
17 61 110
5 35 64
57 51 128
93 38 319
90 127 226
10 142 201
19 194 220
41 76 172
23 183 395
76 185 337
92 2 94
9 118 191
96 17 134
57 135 216
74 31 142
29 180 211
77 73 275
50 3 60
91 30 132
96 85 359
19 95 116
79 156 235
65 82 151
21 15 75
29 8 136
14 149 207
60 171 350
60 139 293
62 160 398
32 111 224
10 194 210
61 87 157
83 64 220
51 18 78
6 23 78
51 118 179
38 177 413
14 71 87
72 56 143
22 62 98
14 124 269
90 170 268
43 86 169
20 115 139
78 121 363
