800
90 173 268
32 110 187
95 3 144
50 30 90
66 37 107
66 198 438
69 24 117
35 159 295
37 49 125
91 127 260
45 49 108
91 60 151
89 72 169
24 156 182
48 170 418
77 1 229
74 85 266
92 11 185
58 135 387
87 27 149
76 15 94
2 66 105
67 60 279
45 5 59
98 135 234
12 25 186
5 168 182
32 143 185
24 26 51
97 6 106
9 127 181
31 191 260
85 108 202
42 146 188
5 131 281
4 153 157
5 5 15
19 144 307
58 118 179
26 180 216
52 136 228
20 22 50
87 15 105
60 71 276
18 88 106
1 22 58
85 10 95
69 67 150
50 93 147
43 117 163
44 155 218
42 150 214
61 180 242
68 24 265
92 147 303
65 146 304
45 104 162
50 117 173
17 62 81
87 6 93
28 196 269
25 20 86
85 148 258
19 27 47
57 117 183
49 120 170
47 67 251
64 154 363
60 58 124
54 36 139
45 12 91
79 94 177
35 184 414
43 77 125
90 59 226
66 138 330
76 97 183
17 37 63
18 2 30
78 154 280
76 25 130
98 8 113
26 137 167
25 125 159
18 31 58
59 68 128
18 164 197
90 84 356
17 29 144
52 27 82
33 55 228
99 175 276
70 187 346
38 153 192
92 124 256
34 61 98
12 155 208
79 193 420
64 138 285
15 31 47
41 192 416
86 24 204
33 115 151
83 188 312
8 11 33
40 145 188
31 47 81
88 3 130
85 58 152
54 167 221
27 4 70
93 113 212
20 82 115
87 29 125
84 57 243
12 170 218
75 75 160
63 44 148
85 2 88
8 17 34
46 72 163
72 62 221
73 166 270
24 182 212
84 14 103
91 120 395
82 58 140
25 81 139
76 198 276
47 13 83
62 40 127
73 117 228
48 123 361
87 107 204
93 53 256
67 160 262
31 99 133
17 124 167
30 26 64
3 106 155
55 71 197
11 43 57
72 34 111
1 22 39
65 110 211
28 12 101
56 193 257
19 64 90
29 26 103
59 26 95
38 117 159
84 91 238
92 121 218
29 148 208
41 169 212
54 38 102
41 183 227
88 153 241
54 60 120
95 2 101
55 64 126
79 97 219
36 125 161
61 14 118
81 190 380
10 164 179
35 200 243
74 126 208
44 110 328
59 10 98
30 81 113
2 84 89
32 24 58
28 193 236
22 184 207
31 168 216
50 42 108
9 69 96
7 41 56
14 141 158
33 84 119
40 131 207
86 140 229
17 152 324
9 82 94
46 96 156
20 187 232
13 158 176
34 93 168
45 102 319
30 33 68
51 178 252
82 83 167
63 72 144
93 85 353
90 191 285
98 88 196
26 3 39
20 73 96
60 62 128
55 22 115
5 39 45
21 156 209
26 188 220
85 141 230
87 182 274
75 108 191
50 181 234
46 125 175
95 192 324
63 84 152
58 58 116
41 183 224
1 146 153
34 49 276
2 146 155
70 99 183
51 117 179
29 171 343
4 156 169
83 28 119
74 181 276
52 52 113
12 37 233
54 47 290
39 118 159
1 64 94
22 108 139
51 153 244
77 16 262
82 113 223
68 117 353
5 84 178
75 170 294
71 15 111
31 158 206
92 11 202
68 7 77
94 109 206
60 72 135
3 51 54
29 75 145
14 102 145
49 55 112
11 35 122
26 70 96
50 124 179
13 43 62
84 104 192
92 140 242
16 108 129
85 131 245
2 152 321
74 61 136
68 42 115
83 23 119
58 115 195
21 9 36
66 128 197
12 199 248
17 61 112
56 116 179
63 190 341
100 196 303
48 176 227
96 15 113
58 39 223
6 72 110
16 13 35
18 138 205
42 157 381
90 147 242
48 192 250
50 44 125
42 3 48
69 35 116
1 186 193
2 174 181
48 120 186
28 54 89
81 186 275
95 47 273
64 193 267
12 136 154
22 43 68
41 168 210
51 63 157
76 119 212
91 107 201
55 116 174
38 44 107
7 7 31
1 13 160
1 34 205
91 61 165
71 163 261
29 11 65
70 4 107
40 200 256
15 65 125
35 51 107
8 83 95
75 32 158
63 76 195
17 135 157
51 74 191
12 11 30
70 53 159
18 196 389
73 75 154
4 46 65
99 109 257
66 192 458
31 159 214
83 200 297
20 69 242
92 60 204
31 153 188
12 162 267
93 162 443
25 125 151
73 167 246
37 52 157
48 19 96
72 143 217
22 173 198
13 150 165
30 146 182
26 140 290
45 108 258
8 58 113
36 116 189
40 83 127
25 185 211
47 200 254
21 175 207
22 40 66
24 189 308
56 44 108
20 34 58
25 154 189
90 43 177
7 149 179
36 80 159
57 174 407
44 161 209
76 128 214
1 16 82
48 173 348
35 13 48
21 147 252
95 124 221
35 124 169
3 42 46
91 49 269
62 143 209
96 147 274
44 198 252
92 114 312
16 172 384
21 20 51
73 138 258
48 196 254
62 91 162
51 47 124
51 126 216
40 42 259
33 32 66
1 78 119
97 170 269
76 90 168
17 72 96
12 39 52
15 109 172
2 120 166
93 39 182
35 39 262
71 153 229
91 157 269
56 66 296
80 128 217
44 111 305
66 183 254
80 73 179
27 119 188
95 48 144
81 25 264
63 188 251
72 192 294
69 14 125
90 184 285
6 62 188
14 134 162
68 151 262
63 145 314
7 36 92
17 172 325
74 26 141
85 147 278
39 154 200
13 103 126
81 102 215
9 30 82
16 133 151
93 193 328
10 45 65
25 146 255
9 195 216
1 193 235
88 101 193
9 3 18
16 73 113
3 23 32
96 9 124
71 186 358
52 183 235
42 2 54
73 58 139
7 3 15
40 130 170
95 109 244
88 169 265
83 110 223
9 155 173
30 132 210
52 50 114
45 136 219
5 46 71
87 86 176
66 31 184
58 171 276
93 197 296
44 40 89
93 53 179
20 164 228
16 15 49
62 158 262
3 13 47
95 76 313
35 58 116
20 82 106
4 2 205
11 115 134
80 166 283
5 33 41
100 142 248
35 200 235
51 65 117
33 113 224
40 20 103
10 141 329
84 46 133
94 90 191
48 188 237
63 24 281
18 104 126
7 86 98
54 125 345
92 88 213
47 143 191
9 147 156
8 90 100
35 49 89
50 38 90
73 14 93
30 94 126
86 95 188
86 178 272
92 132 357
97 169 269
20 131 173
69 103 179
38 165 204
76 130 209
23 116 148
7 137 149
1 8 64
60 191 449
84 141 234
24 3 68
72 127 331
16 196 230
65 59 125
31 195 304
48 79 161
12 9 34
15 69 150
76 29 110
29 165 371
33 163 325
62 195 257
68 43 111
73 138 219
70 165 282
70 46 159
16 165 191
36 19 55
18 76 115
82 172 261
65 63 181
85 127 240
91 5 105
48 100 151
55 26 89
76 137 213
6 162 196
49 97 234
82 160 292
75 196 313
86 151 283
26 56 113
29 119 340
81 185 287
41 128 178
92 195 483
64 170 235
86 41 130
93 41 327
15 45 60
85 89 223
55 120 183
89 51 182
54 127 183
4 60 74
78 152 233
17 132 159
50 125 183
27 172 237
29 28 74
2 82 114
1 83 88
69 133 264
37 106 145
34 5 239
74 94 171
92 18 114
74 67 311
44 123 167
66 149 222
76 112 278
2 97 281
94 132 250
40 96 141
10 92 109
37 166 211
29 72 104
26 15 220
76 119 310
14 72 96
1 3 187
83 161 252
31 164 201
88 37 170
85 37 229
80 157 243
95 200 338
21 65 90
60 28 272
86 106 198
68 177 245
50 87 185
11 0 21
62 196 279
49 66 136
73 128 363
84 67 154
82 160 262
21 185 247
57 20 196
100 91 198
3 78 88
18 36 97
44 163 219
85 53 188
77 132 254
78 58 171
33 153 188
14 25 60
89 99 298
83 159 289
6 89 98
2 172 301
27 130 174
23 32 60
25 20 49
18 100 138
94 35 213
89 124 218
32 110 312
58 126 202
84 153 321
33 41 82
43 134 221
94 52 238
50 173 231
71 178 431
75 126 257
30 130 331
56 2 146
67 112 332
98 189 367
75 39 124
95 148 251
4 123 175
89 80 191
25 122 206
73 6 105
91 18 248
38 77 124
77 11 90
84 130 410
80 23 129
69 188 313
36 191 227
85 66 160
16 160 337
85 87 180
62 56 155
94 119 347
16 3 23
67 163 236
94 55 195
69 187 261
21 40 67
53 127 180
57 16 203
33 1 85
95 75 180
97 132 277
40 106 156
87 156 389
32 146 182
60 135 378
41 20 84
88 185 290
17 52 69
63 29 100
31 175 207
90 100 200
14 85 141
90 90 190
25 93 139
43 0 82
75 6 94
53 136 204
11 196 234
97 33 140
79 11 120
37 179 395
8 164 179
44 113 166
84 50 134
64 122 218
67 170 354
40 14 54
15 173 329
32 151 190
96 39 151
9 181 195
91 185 340
23 27 50
14 132 149
11 110 169
49 112 201
46 33 128
87 156 287
56 30 133
33 63 128
67 2 93
12 89 101
33 2 131
66 14 101
46 146 329
88 65 154
13 101 120
79 66 293
86 144 269
96 78 254
89 76 251
40 75 118
33 20 54
70 124 272
1 109 119
9 40 69
81 91 182
10 136 183
37 118 309
10 99 115
60 41 107
9 120 157
17 59 121
11 68 129
91 37 138
98 12 110
72 198 270
58 1 232
58 83 226
17 84 138
69 68 147
22 47 76
17 82 113
93 101 241
66 11 83
49 5 211
61 64 159
65 32 247
15 74 92
2 70 108
92 157 380
64 79 152
37 167 213
38 87 145
23 48 154
70 118 188
44 159 250
3 119 128
62 161 233
92 33 162
92 112 301
36 61 131
50 127 178
39 139 199
80 86 173
1 138 149
96 194 295
98 73 179
73 18 166
1 137 148
50 178 273
1 158 188
26 188 216
30 40 227
66 170 244
48 84 134
69 15 91
84 11 102
20 159 230
60 81 204
12 159 215
62 77 143
76 62 155
83 156 242
5 169 211
53 187 290
14 157 264
94 4 107
67 160 232
46 36 85
31 9 40
87 102 190
29 138 173
47 0 48
96 84 210
56 182 248
22 186 218
34 5 48
46 178 268
81 168 252
63 114 187
31 117 172
9 121 269
92 185 317
44 44 90
1 14 199
22 18 206
1 49 58
58 90 338
68 115 209
46 54 100
31 118 158
2 168 171
96 87 234
20 65 125
4 171 375
95 143 273
32 22 56
58 35 137
95 1 108
48 168 310
87 98 189
12 51 69
1 72 81
86 184 292
83 132 218
35 151 188
63 84 156
94 24 123
61 153 250
3 133 177
89 72 184
36 82 119
94 7 109
37 100 146
12 199 212
92 58 166
67 85 158
87 165 263
50 159 244
16 59 78
13 42 56
