70
92 191 290
54 121 276
45 66 140
27 77 171
84 49 135
99 37 318
85 36 123
29 193 230
16 153 196
93 5 135
49 140 212
47 57 194
70 154 230
51 96 148
19 40 232
42 137 329
36 129 173
24 51 275
60 192 258
80 191 299
17 147 347
35 35 238
85 177 315
86 13 126
59 110 170
56 33 97
95 27 132
39 37 80
38 87 265
97 115 213
19 171 226
96 68 204
78 70 182
10 190 249
8 12 49
59 189 323
62 140 244
81 52 232
25 101 161
45 22 120
15 58 79
20 123 155
3 19 30
76 136 241
39 95 144
5 49 55
44 68 267
90 89 181
42 148 247
26 156 193
51 141 194
47 147 204
48 139 226
15 86 189
43 9 54
48 83 134
45 18 111
89 81 172
84 7 115
27 91 150
34 44 104
13 119 132
53 173 367
41 148 307
22 22 79
85 70 175
99 79 190
52 135 314
8 128 136
49 37 126
