400
47 99 178
71 50 158
94 168 266
31 183 303
60 16 76
98 87 185
90 12 145
56 6 247
94 176 305
68 174 289
41 2 54
57 179 432
78 50 174
15 19 55
70 187 258
80 0 87
45 165 256
71 37 240
96 199 306
50 62 114
50 199 253
11 80 221
16 85 139
43 73 126
5 73 84
74 156 240
53 130 193
10 77 92
29 22 102
72 53 125
70 151 256
22 114 291
11 124 142
20 84 137
18 66 173
68 133 206
22 17 75
18 76 228
75 33 176
55 136 194
34 173 233
77 133 246
90 91 191
36 169 293
5 44 59
67 194 386
42 148 210
77 197 276
45 11 252
40 68 132
40 131 188
88 71 200
2 80 103
71 13 92
6 55 85
1 144 196
49 189 323
36 61 233
3 165 191
37 129 205
99 167 394
28 42 70
25 113 163
91 114 353
30 25 117
29 18 235
30 50 89
39 90 133
3 134 167
80 26 111
2 161 191
53 67 214
23 50 74
7 5 38
10 21 41
3 27 35
40 125 198
94 5 104
43 53 116
60 37 180
26 152 184
73 68 143
5 151 303
81 66 159
43 29 154
98 48 249
58 38 125
87 90 179
76 66 156
4 179 261
87 134 316
36 88 155
40 107 156
42 196 245
11 147 168
30 110 209
21 43 133
89 32 180
39 197 281
34 2 162
97 89 197
39 95 175
38 160 203
25 52 82
34 8 56
16 133 232
44 155 207
3 143 148
80 180 269
8 94 127
62 4 117
7 6 23
72 15 275
93 88 209
99 176 431
94 164 264
47 95 277
28 145 183
59 157 222
17 179 200
31 197 236
93 139 297
71 62 170
96 20 154
69 125 284
35 194 244
64 24 90
75 93 195
11 84 115
87 180 297
2 167 171
86 57 180
60 49 167
93 132 250
97 0 99
57 139 206
32 151 332
83 10 123
47 76 291
68 81 315
53 115 176
78 160 282
84 134 227
46 116 345
46 32 95
18 185 224
62 71 271
62 138 328
100 116 257
13 158 189
27 79 114
74 186 275
21 155 294
87 199 310
49 197 273
15 17 163
12 43 82
10 5 25
25 159 188
10 36 93
85 125 242
92 157 249
64 144 243
56 92 152
8 19 36
74 172 380
50 150 378
90 136 275
31 46 127
38 194 235
60 68 130
75 159 404
35 108 216
58 48 182
6 64 92
44 74 146
25 40 121
72 27 134
48 197 245
11 125 139
31 170 209
86 43 253
50 2 117
3 47 82
29 152 231
57 22 115
66 51 119
90 195 292
37 67 128
36 181 371
85 28 147
41 82 206
50 110 180
65 160 257
56 66 160
18 189 287
61 195 260
41 101 185
37 36 76
83 21 107
98 97 205
86 124 220
92 88 218
7 123 139
25 190 240
97 99 196
35 45 82
99 78 213
1 60 64
48 195 403
93 193 292
83 73 166
58 42 106
79 34 123
100 172 322
15 5 61
41 107 150
20 90 187
35 19 179
19 19 89
13 26 43
58 68 176
6 177 199
28 117 292
53 81 144
47 191 244
4 28 32
77 92 174
70 153 269
48 141 287
57 113 216
55 165 242
78 63 170
76 158 240
86 87 190
82 55 178
12 65 78
77 31 118
93 36 139
16 94 237
8 80 107
67 199 275
67 28 96
6 197 363
95 110 208
66 102 176
55 157 229
17 62 89
34 151 196
41 199 284
69 49 191
30 107 145
40 95 253
6 100 147
14 92 137
75 60 145
24 71 143
13 174 315
16 100 118
89 175 287
85 57 189
30 164 234
28 173 211
92 110 229
57 91 184
77 148 225
26 126 158
57 19 94
42 103 180
19 29 56
66 189 320
28 184 213
75 159 243
23 123 155
28 130 351
34 140 182
11 118 240
99 68 171
92 49 142
57 8 68
67 168 244
35 178 220
54 15 76
80 18 100
93 90 186
16 46 64
72 67 140
87 96 206
56 122 356
47 91 153
48 110 165
58 142 205
32 191 229
67 118 234
13 22 231
7 195 208
41 19 88
64 195 399
84 163 255
77 1 126
80 64 148
54 72 129
81 196 279
42 95 138
41 3 130
54 157 222
28 162 298
67 58 170
89 171 260
56 96 159
86 90 239
66 33 234
45 127 291
19 67 86
94 69 197
94 76 177
37 63 119
16 97 128
67 166 341
14 108 161
87 192 303
77 131 320
16 51 85
97 145 277
56 186 340
72 152 335
71 120 199
3 144 148
62 164 290
93 29 123
71 101 214
6 27 96
83 168 389
75 17 95
33 7 69
45 77 131
64 120 233
23 41 67
43 186 235
31 79 118
97 2 170
27 12 44
42 84 147
79 83 163
78 83 204
52 99 152
43 86 129
44 107 193
9 63 119
79 164 260
15 176 201
95 89 278
38 93 146
30 55 207
45 118 183
73 77 158
22 167 194
35 127 167
66 2 80
12 158 180
74 175 442
41 103 156
1 70 72
68 112 182
92 122 221
81 75 164
49 185 275
90 159 258
2 15 63
66 187 301
21 181 249
24 36 60
39 20 200
31 180 402
70 35 107
68 140 256
59 126 308
10 52 65
4 5 31
65 129 274
40 182 225
74 179 256
90 58 163
47 98 197
64 161 235
81 124 232
39 11 97
32 19 73
50 195 318
25 83 129
74 27 107
88 145 237
63 63 132
64 171 409
10 102 139
86 82 181
75 48 262
87 143 263
37 164 207
5 65 72
