70
5 101 115
6 9 15
60 26 103
70 122 206
49 37 93
33 91 126
54 108 164
14 4 44
8 75 117
50 161 217
58 35 282
49 103 172
95 150 246
74 48 141
37 112 151
14 193 225
97 137 249
57 141 201
87 148 382
31 125 157
45 58 181
78 6 90
62 44 152
93 26 156
14 145 172
47 161 369
87 19 125
97 173 286
35 72 149
17 46 71
2 34 68
2 126 129
20 178 241
68 40 113
83 0 89
80 83 353
44 50 116
25 199 224
55 73 150
63 198 264
95 80 177
85 113 208
30 102 264
28 172 201
13 57 74
61 24 88
49 133 213
75 98 177
5 45 53
76 178 261
50 109 319
59 159 227
58 126 184
59 164 226
2 160 167
47 40 150
72 71 227
48 76 124
48 130 224
11 113 140
33 155 237
48 69 317
86 158 281
42 182 228
88 55 143
7 168 181
74 122 386
20 31 153
75 76 153
37 86 124
