280
49 198 432
35 74 250
62 168 415
7 67 106
26 4 44
63 168 235
8 164 222
96 70 173
90 138 236
48 47 95
84 171 260
79 159 246
100 176 279
14 147 163
54 184 273
15 2 110
94 23 289
23 168 223
65 52 159
27 149 186
36 10 79
20 155 176
80 30 126
7 166 180
16 132 197
67 137 389
71 126 224
57 186 389
36 4 50
66 45 289
62 137 227
73 4 98
51 104 254
47 63 141
94 106 217
79 7 94
35 24 226
54 128 186
51 45 144
56 56 118
97 58 162
15 41 98
16 172 196
62 100 165
65 7 219
27 37 68
16 117 139
56 93 158
67 101 188
74 56 132
22 113 202
86 53 324
52 29 219
59 8 74
96 15 127
34 53 267
37 180 233
36 94 154
91 64 161
32 184 221
91 135 235
86 97 331
46 100 155
69 114 187
74 164 353
36 22 186
44 154 200
81 179 308
25 154 181
90 131 224
43 89 215
88 33 130
24 13 44
50 117 284
46 192 259
40 39 193
2 36 178
42 74 120
23 63 136
17 192 214
27 47 220
11 58 75
32 134 176
97 41 159
57 56 120
86 50 149
32 29 122
60 143 210
12 175 189
66 128 196
4 85 96
5 138 221
29 83 302
55 179 235
33 41 74
40 181 392
38 192 394
41 22 73
35 46 221
88 81 213
17 191 251
68 102 170
17 106 131
78 13 92
51 143 225
25 22 79
98 50 155
16 90 248
44 149 195
4 158 167
99 26 184
73 105 205
26 155 315
44 152 331
66 74 147
84 136 249
34 140 210
47 34 90
91 144 276
84 31 127
43 64 115
75 73 191
19 127 154
69 48 153
37 164 203
92 120 221
28 187 219
31 21 62
30 107 170
23 33 66
12 29 88
16 126 183
23 193 395
43 122 309
68 80 151
82 48 252
39 184 263
29 95 126
65 145 217
39 38 109
68 5 220
84 167 259
1 148 152
17 33 191
70 120 200
51 72 131
29 197 236
44 163 363
82 19 131
4 192 231
81 8 94
74 159 273
44 110 166
85 45 288
3 129 217
63 167 376
33 121 163
14 193 237
37 38 77
12 16 147
71 64 144
41 94 165
95 84 224
28 33 87
3 49 53
45 189 428
73 71 165
66 162 390
69 75 219
51 94 150
89 169 326
28 7 53
20 198 241
12 58 81
69 134 328
67 184 258
72 190 272
87 158 325
6 166 181
43 42 232
31 116 183
31 92 123
38 142 322
61 34 97
50 33 90
80 123 253
28 63 94
98 117 218
31 14 177
73 3 104
93 72 175
27 167 228
86 129 335
81 113 200
61 171 270
59 107 356
85 109 204
99 68 171
18 167 194
3 194 311
51 121 179
22 11 54
29 41 206
32 149 209
38 172 410
82 109 212
9 76 126
45 3 64
23 62 127
53 30 269
78 37 116
87 67 163
30 155 304
9 103 120
46 67 150
90 191 282
83 37 167
80 130 210
70 158 234
97 196 295
78 20 141
9 101 116
3 181 185
86 54 336
2 153 180
53 76 179
70 76 154
1 173 211
72 61 141
36 71 114
27 54 116
63 151 241
94 163 269
80 19 116
66 119 187
72 57 132
98 54 158
20 184 207
85 170 374
39 118 261
26 185 389
8 67 78
97 158 436
29 16 79
40 56 114
31 46 193
26 155 194
95 70 244
59 32 101
75 113 374
29 77 251
37 89 173
43 179 256
39 103 310
3 122 299
84 54 293
25 174 203
8 141 153
16 53 133
46 126 258
44 152 205
81 165 254
7 104 115
34 31 70
43 166 272
36 200 283
93 56 155
57 90 306
63 106 350
73 186 458
44 117 169
64 154 225
83 127 238
71 74 288
68 26 96
58 92 160
69 175 244
58 79 143
26 141 171
34 163 199
