740
11 164 181
87 188 283
5 143 154
72 49 121
22 9 138
31 185 217
29 198 231
59 110 218
78 98 192
67 90 207
6 28 34
88 49 137
80 21 106
49 167 219
95 91 360
80 108 202
83 176 263
68 144 215
31 55 91
69 28 107
95 43 219
33 172 275
22 99 125
62 75 243
31 169 248
88 26 292
56 177 391
48 87 276
60 15 212
49 166 394
89 63 206
57 39 225
16 48 70
55 181 239
44 74 242
54 36 127
86 79 170
8 122 135
60 114 352
20 97 228
33 28 164
70 100 174
52 199 251
45 88 247
78 23 101
61 112 192
60 61 129
96 11 147
39 150 197
7 68 89
71 65 164
54 88 310
58 6 114
57 2 84
70 58 133
54 148 258
7 182 191
93 67 256
41 172 228
51 37 95
96 9 111
11 49 70
9 127 145
56 171 268
23 121 150
17 172 228
88 157 440
40 112 156
83 194 280
88 35 166
6 119 127
40 59 108
78 187 302
39 93 141
60 121 218
100 12 130
53 145 219
62 116 178
31 168 205
37 115 171
58 176 278
58 92 222
100 114 317
32 45 84
38 31 76
74 73 152
14 110 233
14 27 58
97 154 293
44 14 59
82 38 120
48 69 122
70 22 142
82 88 178
63 62 167
71 1 76
32 60 97
2 40 43
71 150 228
37 182 221
82 169 267
85 181 297
38 173 242
11 68 162
87 98 187
77 113 255
4 14 19
73 173 302
22 108 176
24 46 101
28 31 212
41 35 121
62 22 95
81 186 267
60 197 357
50 84 159
54 36 118
29 13 46
77 21 198
21 199 229
69 121 200
80 166 254
56 149 303
38 41 82
90 0 92
38 2 43
94 98 368
90 2 95
90 123 395
3 140 173
50 118 169
100 157 298
3 140 149
30 199 265
15 181 197
1 69 81
37 197 402
59 91 158
11 167 374
24 10 222
42 55 296
8 38 61
48 116 170
89 142 232
91 130 365
13 27 94
97 104 203
66 172 258
44 176 239
4 64 110
10 13 26
24 117 144
92 141 271
26 52 223
53 20 75
45 147 223
40 59 107
7 76 92
40 144 257
95 74 177
62 55 148
58 145 238
50 60 120
87 105 219
44 148 227
44 95 143
95 51 284
74 108 190
76 182 288
78 180 310
76 115 192
9 37 81
19 91 116
52 141 221
51 44 121
16 92 297
69 2 81
15 175 206
30 47 84
30 4 79
54 142 201
16 10 63
88 99 261
83 126 215
72 84 259
19 179 337
67 128 392
79 81 208
2 115 129
39 178 227
79 106 193
3 157 165
65 58 124
56 39 227
18 10 94
77 51 181
64 19 93
78 171 280
41 168 253
67 165 338
71 178 408
1 170 171
21 142 165
69 23 104
54 180 272
49 73 306
99 145 250
17 28 78
80 89 276
60 10 73
68 51 205
27 6 33
9 22 131
55 51 139
55 14 197
63 23 120
69 88 164
85 192 302
2 87 237
73 138 215
4 172 182
41 108 155
26 137 170
77 46 156
34 39 133
19 155 184
57 1 234
2 197 205
82 178 267
33 66 108
20 149 341
67 158 251
2 141 146
42 68 118
90 103 195
76 41 117
28 79 113
95 94 197
28 139 204
49 169 227
64 109 241
74 161 245
15 114 141
68 49 203
67 64 138
45 93 181
9 186 222
44 11 215
8 38 72
49 89 176
20 27 53
64 31 102
78 1 101
39 32 191
100 177 278
36 109 192
92 170 272
81 9 118
28 109 160
75 136 251
38 131 272
59 80 145
66 48 115
37 56 99
41 32 117
27 132 167
13 149 170
8 59 89
57 63 123
84 85 352
30 95 128
42 163 242
1 155 183
56 172 395
42 114 191
77 12 273
36 42 90
45 35 81
43 108 184
73 161 281
43 87 162
43 187 324
11 129 299
49 62 288
89 79 277
75 113 282
27 163 208
65 107 181
5 98 115
96 43 147
2 119 171
44 130 184
75 21 250
9 77 101
38 155 269
54 17 88
99 111 245
74 54 249
2 185 191
91 78 259
27 76 110
34 143 184
35 43 166
78 53 170
42 140 182
97 121 326
97 44 142
57 95 200
7 53 72
50 84 327
45 22 69
21 130 195
92 176 284
69 127 236
97 106 359
60 135 390
33 174 210
68 41 117
46 108 257
46 136 233
55 49 113
12 81 95
82 20 135
46 65 121
9 74 101
50 13 63
35 138 189
68 65 136
79 141 403
17 127 159
35 62 100
8 46 54
49 173 259
49 68 150
16 197 258
9 166 187
58 124 189
34 161 204
25 159 189
74 91 174
55 174 251
73 126 292
67 146 327
18 64 85
20 132 262
93 77 197
72 31 198
64 105 360
13 22 85
64 143 211
59 134 241
5 106 121
73 188 290
81 154 383
66 76 148
58 108 171
94 97 201
54 122 182
45 103 164
80 22 116
26 68 228
76 29 152
3 76 85
30 121 181
38 25 68
96 136 233
82 169 254
60 16 179
79 141 266
67 135 229
73 136 258
38 130 172
5 113 125
83 65 158
80 77 163
31 163 196
46 129 183
58 124 368
43 52 203
68 69 138
35 148 234
10 16 57
39 84 154
3 164 202
96 97 336
91 147 239
25 185 215
49 8 82
18 192 212
80 139 227
49 73 255
96 62 167
45 76 131
78 82 165
94 124 264
89 59 150
51 198 255
72 38 157
2 7 10
25 120 188
7 32 39
25 182 215
83 148 231
8 73 133
9 184 196
6 187 194
62 56 122
67 93 161
55 194 371
72 76 170
21 69 98
80 43 270
22 115 157
44 179 334
95 53 188
22 168 193
53 185 270
54 95 150
89 47 139
97 67 350
63 9 72
8 128 180
63 70 133
96 148 249
20 171 276
98 199 299
75 90 174
21 4 180
2 107 245
8 145 202
88 1 178
49 186 236
21 200 223
63 83 151
16 120 180
43 3 48
46 194 389
2 172 182
81 120 229
55 173 373
45 120 169
66 154 263
12 40 55
58 114 182
65 199 327
51 35 175
62 167 236
49 84 149
52 115 232
73 185 258
65 96 181
25 182 293
97 124 388
32 148 199
4 135 316
66 79 331
61 50 114
64 90 202
66 99 174
52 24 114
62 15 103
85 178 354
18 63 86
78 33 126
2 167 170
23 52 123
28 170 239
7 89 103
90 142 251
19 91 114
50 180 259
83 61 169
43 190 240
8 20 38
92 187 402
67 140 237
3 117 123
45 32 117
47 47 94
19 90 134
4 60 64
41 158 211
100 24 131
19 115 135
77 53 160
43 81 290
79 145 316
6 79 93
61 3 82
30 66 102
38 181 251
74 64 141
54 168 387
55 199 256
68 133 231
29 104 310
83 197 285
78 87 165
9 96 111
54 147 211
54 8 71
46 171 226
5 75 83
23 53 80
43 13 65
78 83 236
69 127 202
16 35 60
68 76 244
35 1 41
4 173 205
79 133 218
92 160 259
13 150 163
81 93 180
97 71 363
74 111 382
23 75 98
9 65 103
57 2 65
41 25 78
96 69 180
24 7 141
47 153 204
64 178 365
72 162 243
55 51 137
18 169 234
40 54 101
27 71 101
67 114 213
66 83 326
16 31 52
75 115 234
52 144 198
5 85 93
83 124 219
26 44 78
50 171 249
29 68 130
70 20 96
70 146 256
58 176 247
58 122 211
60 155 221
81 104 208
64 168 373
46 115 241
48 140 197
92 21 120
42 106 235
46 11 118
94 130 228
5 19 66
31 154 217
64 122 194
73 187 288
99 70 192
97 67 201
55 108 163
84 199 318
33 79 299
81 48 161
29 153 188
43 98 141
39 122 162
62 0 63
86 33 307
41 188 365
11 53 66
41 173 221
4 3 91
67 68 255
82 157 243
23 81 132
100 92 242
61 61 164
58 135 202
24 0 186
50 113 163
97 107 238
92 162 258
53 81 140
51 32 117
36 184 241
84 18 128
17 72 95
52 146 205
55 112 177
63 98 166
82 61 224
4 176 307
29 11 83
18 93 137
54 152 208
68 184 282
6 22 219
80 46 126
8 176 232
33 22 57
87 104 193
28 24 55
70 25 97
75 130 366
70 121 193
79 56 163
71 106 343
34 170 226
57 182 264
18 122 185
74 111 191
23 31 59
49 98 150
87 158 255
54 145 275
25 96 146
36 187 246
18 37 59
91 122 303
18 20 72
2 143 150
41 54 103
85 64 330
49 137 362
59 63 127
84 5 220
25 42 70
2 154 193
20 113 135
99 22 139
44 135 180
10 183 199
59 116 177
77 154 237
42 131 176
15 195 210
11 146 164
44 46 99
48 178 227
89 124 223
53 134 269
38 76 155
22 97 121
27 57 113
79 69 155
83 21 136
14 196 294
9 191 246
84 188 312
55 92 156
55 70 127
48 26 108
11 136 158
26 16 42
75 13 94
96 153 329
40 159 233
97 38 139
85 41 297
96 60 158
17 141 184
53 53 146
30 154 189
47 23 97
10 65 194
33 46 258
89 85 229
67 13 88
68 98 310
69 99 207
35 102 166
61 32 95
31 133 336
66 189 260
33 65 103
38 39 84
72 186 322
87 144 274
56 50 199
73 170 244
26 17 90
17 45 247
74 45 120
100 174 289
15 100 228
98 51 236
4 104 219
91 106 279
65 135 329
90 169 421
82 140 230
45 146 194
49 44 253
67 137 238
69 74 188
34 135 174
67 191 266
43 156 203
56 8 66
46 177 258
4 169 176
32 146 226
13 45 120
52 96 172
68 159 265
80 178 264
89 168 316
81 193 283
22 63 85
41 13 174
11 104 118
23 115 295
48 186 372
30 68 143
8 84 248
35 92 170
98 71 199
91 0 109
62 53 124
9 42 52
7 47 61
13 169 185
46 149 195
46 152 228
72 195 314
16 86 106
17 145 207
31 131 189
56 161 374
5 104 150
52 9 61
85 104 229
91 60 171
93 195 294
96 61 178
75 157 361
44 59 149
40 41 199
16 1 61
10 95 135
