180
60 112 180
80 86 178
70 23 115
37 53 91
24 156 219
12 89 287
71 108 186
46 89 141
84 43 197
8 130 149
74 86 172
7 136 255
57 123 181
62 142 385
7 192 206
61 76 176
64 97 161
59 68 144
67 109 197
48 78 176
45 182 403
12 156 226
75 106 209
23 126 149
21 197 223
43 139 186
23 149 201
21 50 72
99 17 118
7 94 128
40 3 46
34 138 189
12 171 193
24 37 61
39 3 45
66 104 355
26 153 185
89 61 242
67 45 117
22 1 56
52 109 277
93 142 244
43 32 79
82 67 181
68 128 207
90 112 302
24 28 60
42 58 110
88 163 440
62 172 239
3 22 112
66 118 186
88 157 248
84 107 216
100 133 417
19 1 215
34 94 168
59 126 238
13 76 101
71 123 195
60 93 270
48 175 232
98 32 145
11 170 182
38 82 145
32 76 114
8 80 91
53 173 267
33 135 328
56 176 274
45 92 322
29 129 161
23 28 77
46 11 70
72 147 243
44 9 90
4 104 118
93 88 336
11 24 90
93 47 180
9 19 68
9 67 81
48 5 60
68 41 118
75 192 412
91 51 190
100 53 213
54 112 176
28 114 167
15 186 236
64 195 294
99 115 250
95 15 149
62 149 220
9 150 161
80 130 233
70 174 252
2 79 205
1 9 15
23 135 160
47 95 151
32 21 53
11 129 171
70 64 139
4 164 234
38 172 285
97 163 434
55 123 196
38 52 95
83 143 257
60 76 158
99 199 299
43 189 246
87 20 267
34 22 61
76 4 84
19 150 174
64 71 143
87 184 271
34 49 90
64 111 203
18 110 197
35 84 153
7 180 192
23 160 329
41 141 313
82 172 342
66 107 183
3 59 67
25 106 131
6 57 66
85 86 288
42 74 140
50 43 93
39 192 232
52 55 156
45 30 84
79 45 126
32 130 214
84 198 435
81 178 299
44 139 191
64 57 122
38 71 119
99 140 358
98 196 417
5 78 92
5 139 169
45 79 164
28 55 100
2 128 138
77 5 125
69 25 103
28 61 94
59 87 156
22 146 325
48 54 110
86 92 214
82 177 265
21 74 105
26 9 103
58 25 125
18 143 271
47 105 153
21 116 145
29 164 305
92 156 258
71 191 266
16 172 203
65 33 126
9 23 62
94 168 294
13 164 262
50 166 223
76 21 99
84 33 139
14 115 305
94 93 188
40 1 81
69 87 165
