870
9 189 240
90 107 225
16 162 188
18 184 229
41 172 218
28 143 177
89 109 215
98 25 130
88 51 140
99 62 178
83 83 170
6 188 225
87 110 230
8 21 219
80 97 225
58 145 231
60 76 161
85 28 282
19 14 203
7 10 107
24 131 193
79 121 250
71 82 161
24 168 306
78 59 154
2 156 206
14 93 116
54 42 105
96 83 194
16 4 197
67 139 280
8 115 231
60 58 121
22 123 146
38 133 175
73 169 247
42 53 101
76 91 268
88 177 356
97 186 283
1 118 264
6 111 118
73 104 259
92 58 228
56 134 196
54 14 72
61 106 333
56 29 85
87 132 315
76 140 360
76 72 330
33 19 246
97 49 185
13 174 209
97 62 188
67 119 192
61 153 360
94 66 206
25 191 217
4 155 286
82 159 290
59 197 419
16 104 124
60 124 321
60 52 135
92 123 362
78 161 240
9 188 200
37 196 238
80 158 383
78 8 92
96 193 315
64 98 196
94 85 224
55 186 257
3 157 163
31 83 134
15 86 133
79 148 231
40 11 59
21 139 184
91 20 124
96 1 134
56 42 194
96 186 285
86 77 172
39 25 68
38 68 106
51 93 149
96 20 118
44 16 91
32 111 143
95 90 189
55 18 79
61 177 277
83 184 401
50 40 94
22 3 34
57 3 61
69 117 187
19 92 120
51 142 233
5 37 52
30 62 112
90 47 166
13 145 166
66 29 97
99 144 249
4 121 126
61 19 85
33 44 78
45 29 103
67 159 258
57 30 90
40 83 229
76 160 246
99 24 233
82 198 290
50 172 344
28 195 413
75 11 90
29 198 227
23 10 66
70 88 160
72 166 350
62 164 229
99 123 240
78 188 274
77 124 207
43 180 235
55 66 224
92 75 194
2 163 174
1 17 25
70 182 252
80 48 135
3 17 31
96 110 207
95 185 284
6 0 130
17 30 48
62 188 292
51 41 133
31 6 78
8 70 78
48 99 155
84 91 223
83 182 289
33 169 230
63 170 314
33 110 166
2 10 20
13 114 252
37 78 183
51 198 256
35 53 97
25 129 274
95 151 296
33 18 60
1 199 214
80 59 144
83 65 155
78 129 254
26 110 138
60 170 231
73 41 117
69 173 286
46 71 218
24 145 174
47 118 329
13 110 132
33 143 179
4 139 167
6 175 183
26 178 209
95 198 336
97 95 275
83 24 116
95 43 156
100 7 114
50 59 138
51 12 100
96 123 222
6 70 104
49 140 212
75 26 115
76 113 355
19 10 29
76 187 264
63 51 136
4 169 191
65 43 116
68 11 88
10 187 197
34 98 142
97 197 313
18 50 81
85 13 103
68 7 110
38 79 127
95 167 262
58 36 182
37 40 142
92 74 166
98 34 168
17 198 218
30 135 213
28 189 260
83 123 234
94 128 261
54 56 120
27 1 202
78 124 209
64 45 117
76 116 195
85 166 254
57 179 240
14 77 126
45 122 170
4 81 116
48 117 173
44 23 90
75 70 344
16 27 47
72 91 172
73 73 183
45 195 354
30 55 89
92 195 291
91 96 283
85 33 127
66 65 131
4 147 162
58 105 185
62 103 173
65 81 150
97 59 159
69 114 265
13 172 207
42 76 121
43 113 163
100 144 286
56 47 235
13 39 207
30 29 87
56 110 334
47 129 176
48 137 216
36 97 133
48 81 135
59 16 243
35 33 105
62 167 254
49 116 165
84 193 309
51 81 168
68 80 166
62 147 212
59 174 271
31 66 264
46 27 82
78 198 278
4 152 338
5 159 333
43 104 331
23 14 43
90 20 214
58 10 75
61 135 244
72 88 203
93 100 226
18 62 93
18 14 37
18 0 55
98 141 243
30 161 239
91 166 300
47 137 324
22 146 177
17 4 116
2 200 210
85 99 297
73 136 211
61 195 316
9 90 196
39 169 213
9 104 246
31 192 250
39 6 53
33 196 405
84 149 250
97 85 188
96 5 108
77 164 249
21 99 296
91 18 133
12 114 165
3 19 62
65 194 265
5 154 165
82 76 160
65 115 182
1 19 140
63 50 115
39 183 350
39 119 162
93 34 137
38 23 92
17 124 149
36 65 143
1 3 42
64 25 99
45 165 258
65 12 152
82 162 249
4 24 32
8 143 156
37 93 181
54 1 157
63 118 208
46 111 192
16 80 106
52 93 179
23 179 250
67 79 156
57 151 217
65 52 166
33 184 225
23 51 77
76 160 275
81 177 285
89 175 274
1 188 189
13 196 212
40 75 128
67 173 289
67 124 202
92 10 150
25 23 79
44 58 295
73 183 394
49 15 91
74 49 144
44 171 217
97 60 198
92 178 341
55 116 175
82 25 111
44 103 229
98 57 155
43 99 148
18 1 23
79 194 277
60 122 190
2 117 121
60 156 346
64 104 204
51 50 109
77 86 196
12 96 150
42 112 242
4 46 88
94 4 135
23 108 191
69 106 204
44 60 153
70 143 215
92 136 231
26 133 162
59 79 264
37 8 48
59 13 74
40 194 277
72 24 127
17 143 201
35 175 216
7 125 140
39 75 183
63 161 229
8 67 105
5 17 27
7 190 298
28 44 87
83 158 289
89 22 121
69 47 119
48 97 154
99 194 303
31 182 220
52 165 219
91 26 167
47 35 158
37 66 112
96 112 218
75 67 146
33 78 119
2 6 34
97 162 282
61 97 211
70 7 124
87 113 212
65 58 132
53 66 287
58 7 188
31 165 356
67 149 344
44 39 97
89 171 285
30 18 64
73 11 90
56 18 188
74 171 443
34 23 67
71 70 169
66 166 269
83 198 414
45 5 84
83 147 235
89 145 424
17 115 242
26 38 66
61 147 300
88 20 121
92 150 324
48 81 143
11 74 133
81 153 384
51 148 374
73 8 89
47 200 251
11 156 218
75 68 152
1 80 90
95 94 198
26 87 123
19 166 191
49 56 131
68 8 235
77 148 333
48 60 288
8 17 200
61 136 242
42 109 164
49 0 53
94 98 197
64 108 209
30 32 62
7 144 155
5 176 208
40 17 57
60 59 153
46 9 58
82 196 288
67 105 181
60 14 109
87 187 401
24 132 306
16 54 71
53 167 221
64 23 280
68 72 203
14 181 195
57 46 112
31 186 249
60 0 69
32 38 160
64 117 212
60 199 266
87 180 300
92 118 222
40 30 78
35 154 198
36 74 261
42 158 208
55 110 252
88 172 385
87 34 216
94 75 263
73 96 181
75 183 275
84 69 153
17 30 71
98 172 274
23 43 68
54 200 255
19 200 244
32 31 72
40 153 198
44 151 354
78 58 136
56 83 175
9 107 140
89 58 282
49 52 107
77 110 196
13 103 122
51 29 86
77 8 103
46 42 92
26 171 201
11 103 135
99 53 162
60 190 263
76 129 210
35 190 234
24 169 218
35 122 161
42 117 164
67 81 150
16 115 313
47 16 234
74 159 389
96 159 297
68 166 383
23 76 102
48 173 328
90 177 290
99 184 429
45 131 185
82 68 157
73 192 303
79 79 163
57 69 143
86 172 260
48 16 110
4 152 164
83 20 164
31 188 224
15 195 275
25 150 182
80 179 327
38 161 382
15 198 213
99 55 158
60 81 190
3 11 18
14 30 51
62 118 293
78 59 329
73 87 317
92 109 210
92 158 259
96 157 432
49 58 263
29 0 36
60 46 266
81 12 278
10 77 203
8 108 140
95 84 232
51 182 274
71 102 202
62 19 84
3 14 101
12 20 224
99 0 109
36 137 173
35 81 212
75 100 184
31 112 276
3 163 166
21 115 334
33 145 325
83 6 90
56 38 292
90 75 243
38 160 238
51 95 151
25 112 204
45 137 200
36 26 146
18 102 191
49 154 344
21 87 108
68 141 231
22 18 43
70 120 211
18 23 42
92 67 179
99 82 188
64 31 101
86 37 131
60 35 102
30 97 157
59 39 139
37 178 226
87 131 323
74 38 116
42 168 210
32 188 230
59 159 253
2 186 223
14 141 161
98 39 144
88 33 123
33 43 82
11 154 222
73 194 275
86 111 206
14 90 132
67 43 110
49 43 240
56 16 101
82 18 101
97 147 253
78 167 255
47 123 319
74 155 232
29 181 218
98 167 374
63 67 228
97 42 297
20 159 359
21 0 58
89 196 474
58 194 264
20 132 239
67 120 357
3 63 72
78 18 253
12 159 316
43 33 79
65 182 413
71 177 287
95 98 301
97 145 278
18 105 131
65 89 208
52 131 378
96 14 167
52 142 201
75 132 250
47 38 231
85 44 136
72 106 238
72 73 183
26 93 160
91 53 154
14 107 123
61 176 273
90 82 176
60 27 139
73 101 175
24 140 228
63 21 85
95 109 212
61 134 205
24 157 225
89 155 361
87 75 196
70 126 214
79 194 276
62 15 106
89 53 150
64 169 236
45 137 324
53 44 139
92 180 285
84 85 177
63 192 258
29 3 53
80 198 376
32 152 191
52 150 204
62 15 78
95 120 223
46 78 146
81 77 159
53 38 100
98 154 252
65 161 234
39 61 171
52 159 211
100 35 135
18 99 123
3 198 242
51 95 148
98 185 388
12 113 322
80 120 204
73 134 216
68 77 176
25 190 361
26 74 106
84 19 109
71 120 211
6 10 62
15 136 160
86 78 300
14 192 291
16 160 206
83 41 149
48 30 82
79 194 288
32 106 185
21 10 45
38 24 66
69 134 277
63 113 359
62 19 85
19 89 177
33 72 115
65 32 180
34 98 154
31 61 98
61 10 226
23 86 176
38 153 196
68 113 222
72 64 148
89 28 118
85 173 264
71 52 140
54 153 211
9 84 126
89 8 113
20 66 124
58 182 303
19 94 114
74 74 151
77 165 274
20 137 171
13 2 23
16 115 276
37 23 70
56 44 104
12 91 260
39 90 303
24 91 115
37 152 197
94 151 430
59 70 276
31 132 177
75 90 243
24 170 206
85 69 164
14 166 200
35 38 77
77 94 176
37 86 125
16 89 108
96 193 376
71 30 129
19 26 222
89 191 330
93 100 373
26 120 156
42 83 125
46 187 234
55 160 244
94 41 169
41 124 264
21 179 202
72 84 156
79 15 269
69 121 328
27 122 313
28 110 216
64 128 224
82 85 171
39 190 255
80 69 179
91 195 417
84 53 171
56 72 146
21 183 312
8 113 123
92 139 281
79 97 223
28 74 107
82 75 262
11 138 169
61 81 225
10 97 112
45 170 346
29 176 215
45 82 145
68 134 243
82 97 189
2 31 40
23 0 52
37 17 64
78 130 254
87 19 108
90 86 177
58 71 217
9 160 174
83 66 233
100 78 187
90 165 295
10 40 235
72 141 217
22 27 228
34 146 184
9 198 288
56 186 419
21 14 146
7 41 107
81 124 281
78 184 263
44 198 331
21 103 163
84 127 261
27 140 171
26 67 142
17 38 64
1 53 98
83 166 430
85 117 217
64 134 220
3 186 212
91 183 274
79 167 247
13 124 140
42 198 248
64 120 198
41 122 195
43 166 256
21 2 70
3 120 255
88 147 261
8 15 71
1 199 375
1 84 233
66 66 135
84 153 410
78 30 131
17 12 47
57 2 61
82 81 166
39 56 207
81 168 279
57 9 214
54 56 110
44 31 118
54 113 177
18 158 179
9 104 119
55 113 217
97 49 279
88 123 247
37 97 177
35 19 71
26 42 73
94 33 127
24 66 144
15 34 51
12 181 199
95 98 202
37 184 372
82 99 211
46 162 214
48 182 251
1 196 210
12 5 192
82 110 214
70 104 208
30 174 211
28 119 302
15 193 276
24 155 182
4 3 157
5 104 117
70 147 219
97 161 264
10 97 114
50 4 62
74 130 209
30 161 238
36 0 67
