870
7 36 167
67 117 190
100 39 328
63 189 282
23 137 161
63 189 389
97 186 284
70 158 246
28 60 90
43 179 237
59 95 242
97 63 165
42 146 219
14 4 187
14 0 111
31 151 213
59 14 82
1 129 161
46 149 265
45 160 210
63 6 205
26 88 153
99 112 215
35 92 133
73 149 236
18 5 30
21 183 305
8 0 11
85 49 172
66 77 153
20 26 54
83 116 204
24 128 161
80 95 203
32 68 149
46 181 390
67 81 149
24 101 294
3 94 141
48 72 126
11 105 117
49 21 75
30 161 194
69 50 165
6 199 229
47 128 180
23 30 62
45 35 106
58 176 235
1 23 185
34 116 214
34 68 113
4 31 37
84 90 307
10 117 180
43 134 205
84 171 274
31 199 293
86 63 155
62 12 79
33 52 241
25 2 32
58 96 154
66 22 149
84 41 130
83 152 251
65 170 240
33 152 189
25 93 208
91 43 164
74 154 236
54 113 237
12 120 134
23 40 66
58 51 131
68 70 307
60 24 282
1 181 220
78 3 81
57 164 241
19 138 166
91 103 206
44 143 332
9 188 390
55 88 155
14 162 190
50 30 86
74 49 174
76 168 253
28 81 114
54 64 119
20 20 221
73 50 239
78 149 235
21 86 271
60 124 187
73 126 223
18 177 235
86 174 264
7 58 67
85 57 149
33 136 207
41 28 154
23 74 100
97 29 127
86 62 198
22 154 236
22 46 91
87 122 235
46 166 381
71 134 308
89 94 204
4 38 42
18 118 145
37 67 107
69 32 105
23 102 167
22 55 90
78 136 236
98 30 140
37 7 44
5 135 145
82 108 194
86 78 193
87 158 274
85 130 215
6 38 86
91 162 256
44 30 82
75 167 419
74 98 182
34 186 224
93 34 142
61 65 127
76 140 393
76 120 200
90 157 285
76 125 225
60 21 91
67 25 212
43 84 155
82 119 209
77 129 235
54 130 207
98 23 314
31 12 52
36 35 90
48 89 144
60 185 245
27 32 109
1 154 159
87 30 119
28 152 306
29 56 118
46 39 92
29 175 300
60 149 225
31 11 81
95 6 103
63 198 268
15 77 100
48 119 186
44 131 246
23 171 196
37 11 86
21 178 208
78 17 111
71 46 121
54 12 67
47 134 270
65 153 239
42 43 87
30 97 132
67 185 253
77 155 321
61 183 257
90 135 237
1 179 202
42 28 73
40 20 188
20 42 62
62 197 322
7 47 84
84 73 161
3 53 60
36 65 121
59 64 322
62 179 245
30 185 277
59 134 229
10 107 152
37 173 405
39 19 63
56 177 297
100 92 206
75 200 281
9 81 135
44 84 135
57 137 219
78 79 160
53 117 177
56 93 156
83 58 256
100 7 132
22 138 168
87 93 220
65 7 89
81 174 297
25 172 202
35 122 162
98 69 208
87 178 316
22 200 370
2 29 75
63 82 151
61 24 146
23 14 42
50 158 215
8 65 75
93 105 203
78 52 132
8 191 381
82 121 211
43 11 72
23 29 53
4 188 341
49 112 197
8 10 20
82 33 289
61 144 209
73 28 120
8 161 184
98 143 270
41 98 140
76 87 165
73 118 207
72 30 128
44 72 157
26 78 120
53 114 190
10 188 199
18 167 365
71 22 100
15 14 60
9 121 260
5 68 80
62 38 192
39 101 167
86 52 140
7 62 110
59 161 288
9 79 113
90 151 283
64 188 262
26 197 243
40 170 335
14 83 110
92 173 274
1 106 151
20 139 183
6 167 173
32 141 254
19 4 26
73 162 375
56 194 254
50 48 114
38 93 139
78 181 263
90 37 307
83 46 139
43 199 245
29 32 67
92 58 330
38 54 102
21 116 143
64 8 187
78 82 201
21 174 198
58 63 130
86 50 139
50 5 134
28 36 110
12 138 157
99 180 287
67 97 166
82 161 283
4 136 322
8 10 212
30 31 70
32 96 135
100 156 337
15 192 211
2 95 246
96 1 104
62 69 133
97 81 180
77 67 188
82 39 289
88 131 237
56 134 190
32 29 68
30 0 222
39 35 82
13 41 70
51 19 262
64 188 262
80 191 383
85 32 155
27 15 42
26 44 117
27 17 86
35 51 155
29 107 142
34 93 293
47 128 352
78 92 180
26 64 99
13 31 44
11 50 153
48 200 256
27 135 169
74 21 101
89 171 263
61 52 189
28 67 102
41 30 161
4 123 174
96 86 217
92 177 272
90 97 196
12 59 127
67 111 185
47 60 267
15 142 162
96 180 356
32 67 165
34 110 274
48 39 90
94 97 206
29 44 77
52 187 306
2 146 150
16 153 179
62 159 222
63 51 121
94 54 177
69 125 197
40 17 176
95 163 265
67 51 241
75 183 285
66 160 235
37 148 233
78 90 176
59 54 154
65 28 205
64 141 229
51 156 208
10 107 135
88 40 129
52 193 426
67 38 135
7 106 113
42 174 216
52 64 170
82 74 198
53 139 202
88 46 143
55 162 227
65 184 299
15 47 176
4 63 72
100 146 305
59 102 167
64 155 222
58 89 202
31 8 62
24 196 397
47 129 178
69 1 97
8 153 168
98 142 320
36 196 232
98 148 254
75 12 111
91 36 127
95 198 301
39 53 136
66 142 214
47 14 66
51 143 195
38 170 265
14 138 156
46 62 136
15 100 155
64 8 91
4 82 92
77 30 120
10 126 158
61 18 87
7 92 117
38 39 78
22 195 259
86 187 316
84 155 248
87 32 128
32 50 89
28 2 194
20 91 149
44 6 77
48 167 262
18 91 146
41 125 176
59 103 188
82 45 137
90 52 319
98 16 167
12 191 366
33 77 113
44 41 214
36 174 270
5 135 261
26 147 361
43 87 140
95 47 146
66 145 213
69 69 187
45 193 258
8 156 167
79 172 304
99 166 303
18 114 181
20 98 137
27 108 136
49 49 106
23 162 191
41 9 224
26 71 114
20 23 46
43 105 150
40 172 371
55 99 179
86 189 321
68 121 214
83 101 189
29 52 97
9 62 74
43 113 246
93 70 348
57 83 142
76 126 360
66 78 148
16 29 59
2 48 54
54 198 374
41 47 118
42 5 110
36 58 95
55 159 224
81 199 424
44 94 145
75 46 220
83 96 222
6 115 145
9 177 221
91 1 113
20 3 26
2 18 22
18 135 241
28 198 382
27 27 56
21 21 63
85 142 271
85 23 143
5 159 165
95 200 331
25 90 154
59 46 106
53 157 219
4 124 170
48 11 133
1 5 24
76 73 312
49 136 191
70 73 147
3 110 129
92 73 215
3 178 214
45 28 93
20 30 58
93 71 167
63 154 266
54 186 431
79 124 239
62 41 144
5 6 14
73 17 90
43 51 124
28 180 310
34 183 222
60 67 135
78 83 175
6 193 203
97 178 422
49 116 215
56 105 207
78 183 286
9 110 160
23 172 195
16 136 218
98 199 460
4 125 179
54 50 133
3 12 22
80 89 174
35 65 126
63 105 183
34 113 298
79 135 320
15 181 372
93 69 178
43 149 231
29 199 234
2 29 36
10 167 177
39 65 112
90 77 173
64 157 394
18 156 174
11 10 56
77 111 191
56 187 276
24 190 221
80 43 157
6 85 222
64 76 150
96 88 226
11 132 181
56 184 301
41 128 214
62 64 227
66 127 239
95 31 129
99 92 200
9 23 40
30 39 78
66 151 221
93 21 276
29 190 225
91 51 156
14 164 180
36 141 187
46 6 61
98 163 419
100 56 257
31 109 187
31 199 270
85 7 101
57 63 164
37 66 127
92 41 163
83 144 280
35 148 221
6 93 109
85 48 295
64 20 88
43 30 93
14 122 173
71 163 402
10 101 252
21 31 122
22 193 311
30 141 172
77 35 126
28 102 133
64 67 318
35 104 158
35 53 178
45 125 173
71 168 240
74 100 205
13 29 62
42 103 150
24 20 68
51 184 240
30 95 225
35 16 72
74 107 183
14 183 205
3 62 70
61 115 182
30 175 222
13 166 333
72 176 298
69 136 208
100 33 243
87 196 311
19 200 223
91 31 127
42 70 141
64 170 272
61 179 242
69 29 214
4 70 77
44 141 230
83 180 355
47 77 132
10 44 62
89 105 198
40 153 232
12 195 209
15 3 19
69 134 208
40 138 280
7 15 53
24 179 204
16 64 90
28 78 148
85 109 195
38 50 91
98 13 120
90 124 223
50 170 254
63 12 115
28 125 240
54 83 144
31 13 51
47 11 252
3 26 63
86 62 183
30 117 224
61 35 168
98 91 193
15 72 97
73 80 153
98 17 127
12 155 177
66 123 194
63 169 240
82 142 406
66 80 161
30 160 200
29 74 153
95 94 351
56 147 247
57 49 257
85 98 220
65 46 137
77 133 321
89 110 225
86 141 308
16 175 332
53 18 102
28 40 244
91 197 318
38 61 112
60 68 138
70 10 175
66 82 259
57 86 174
56 131 189
48 170 259
84 44 131
12 110 165
79 174 263
53 167 300
75 123 236
83 181 276
77 104 201
62 157 348
15 200 223
33 67 125
34 49 95
90 8 142
61 105 205
34 130 249
58 124 214
70 181 269
62 132 344
35 157 198
36 41 155
41 9 63
60 114 178
19 90 111
45 145 202
47 97 153
100 74 178
60 189 380
52 84 142
33 191 333
89 70 264
79 108 356
22 117 163
45 50 137
56 16 92
95 145 247
21 150 181
17 122 183
100 38 242
95 150 445
81 122 242
1 144 148
45 45 97
67 134 287
68 133 309
36 45 85
90 41 132
28 19 106
39 142 198
82 147 242
53 117 252
59 193 255
13 12 85
26 68 102
83 125 210
48 83 139
84 111 308
84 138 249
22 138 166
2 127 192
91 4 99
76 173 256
100 120 372
37 184 252
60 120 217
18 159 209
54 144 200
52 136 365
89 197 455
56 12 84
96 43 144
28 162 244
41 168 289
92 122 307
45 180 243
70 193 350
37 188 237
96 50 263
34 69 108
14 21 98
9 27 36
3 148 291
75 73 157
6 153 160
25 123 153
96 192 310
30 139 180
7 175 224
47 150 391
57 72 136
31 92 136
28 173 214
55 174 239
63 154 217
11 28 178
24 40 74
32 84 189
59 157 351
10 102 123
6 121 139
27 167 194
38 195 239
9 185 199
40 130 282
1 42 47
100 54 299
29 47 237
67 7 84
46 94 160
60 40 106
13 118 262
78 64 145
31 90 121
37 85 124
18 140 337
77 176 295
92 185 413
10 143 153
23 126 157
98 153 301
45 6 231
45 92 141
91 134 313
65 113 308
37 156 375
8 122 144
37 182 247
70 32 166
75 58 143
88 149 261
7 111 136
36 30 75
51 94 151
29 129 263
40 51 91
2 68 94
37 138 176
87 190 315
24 185 383
68 193 261
18 170 197
28 182 393
9 66 79
69 67 238
91 39 145
24 115 337
62 171 234
25 109 136
22 181 230
91 36 176
67 92 168
84 82 168
32 46 86
75 77 187
85 183 426
25 41 106
63 65 134
4 13 193
49 197 430
93 155 429
21 148 250
64 59 307
69 194 355
18 20 60
83 66 183
27 116 328
1 184 256
92 165 277
55 166 225
72 160 416
36 135 179
54 102 206
23 28 56
46 174 226
1 178 222
47 3 239
32 31 68
74 147 223
97 158 262
20 141 162
19 80 106
97 138 238
68 137 211
72 91 173
67 182 254
21 4 30
71 31 288
19 49 102
82 157 254
58 168 352
36 6 81
92 108 281
83 25 286
84 199 289
96 12 108
17 12 29
3 126 131
18 124 181
90 24 120
13 158 319
36 105 152
37 9 52
89 2 99
4 25 29
89 27 155
63 30 226
68 118 223
14 96 299
14 97 158
35 108 332
