680
59 183 257
48 127 333
69 122 222
67 52 293
53 124 179
15 185 200
31 20 59
43 33 85
75 80 156
49 49 123
82 141 289
3 165 177
65 4 72
45 87 202
51 170 224
11 174 289
13 157 213
43 41 84
71 61 256
60 116 186
79 42 138
84 83 364
77 6 110
26 15 147
50 177 232
33 135 278
7 136 186
92 76 190
39 57 104
92 148 250
50 197 269
44 175 234
65 67 212
31 78 149
3 148 160
59 162 393
65 165 265
78 31 127
87 46 290
59 14 77
17 180 197
19 63 202
56 197 258
54 15 72
86 89 194
10 142 155
30 43 112
5 9 114
100 168 271
20 126 270
27 179 302
88 11 136
64 46 111
89 171 339
47 157 221
85 107 222
55 145 205
98 162 401
27 178 221
70 18 93
48 52 145
16 147 255
93 149 251
30 140 199
61 94 160
25 132 158
84 69 185
82 137 228
71 149 223
72 94 343
49 86 145
51 138 191
56 107 166
80 147 228
26 189 377
42 88 284
29 129 278
65 156 358
90 45 142
7 17 147
42 98 142
24 19 86
72 133 207
75 5 113
29 48 79
100 76 187
70 49 143
100 144 244
73 50 181
58 155 218
98 191 323
49 108 192
12 114 293
30 126 156
2 130 142
84 121 327
27 91 152
34 142 281
29 36 74
40 10 96
56 23 255
45 6 61
9 15 44
92 142 239
22 89 120
54 61 116
99 69 171
3 35 231
72 175 368
44 133 214
71 4 84
51 150 205
29 192 226
48 136 191
18 147 319
93 52 148
68 55 134
8 197 362
47 23 205
53 113 169
74 66 148
9 199 257
26 32 64
75 172 253
4 91 105
76 109 185
97 7 116
92 116 218
34 6 124
11 140 348
8 1 46
61 137 204
50 182 349
33 76 151
27 186 214
69 147 344
33 95 138
75 135 271
22 180 305
40 198 246
83 51 232
8 16 37
7 11 27
96 84 307
40 50 97
20 105 134
63 56 127
71 199 277
55 108 297
35 187 231
25 21 54
79 136 381
18 127 344
77 61 149
19 42 65
75 160 427
87 28 115
54 157 259
74 75 231
85 148 369
90 60 197
90 13 143
90 68 225
75 1 81
84 68 174
70 14 139
9 70 154
72 150 379
37 168 359
23 148 192
80 162 242
86 140 346
56 139 202
45 84 136
68 181 254
47 138 319
25 33 181
99 22 123
71 156 284
87 124 221
38 197 237
59 84 314
68 161 235
52 73 195
75 167 247
66 62 148
84 83 176
69 103 174
67 130 205
92 71 172
90 60 158
36 119 183
93 22 145
31 33 130
48 159 211
32 42 107
58 140 204
13 154 243
19 126 159
85 186 309
89 70 196
3 158 310
79 85 173
78 21 109
67 28 138
79 195 311
28 106 140
93 89 184
82 140 226
48 101 188
49 41 217
94 136 252
98 73 187
36 48 84
32 40 77
71 188 279
64 105 339
57 149 217
46 50 103
8 71 89
38 118 213
10 56 76
86 121 210
11 0 21
96 172 410
92 144 332
42 63 122
28 62 96
43 199 250
52 42 136
84 142 426
2 159 162
48 82 137
83 175 266
87 159 403
65 190 296
39 64 127
61 121 332
54 192 254
83 180 288
72 188 282
79 32 126
1 48 66
48 119 187
45 12 84
83 85 182
35 162 204
76 76 191
32 130 167
84 67 154
38 174 403
7 88 95
22 2 27
17 162 182
34 32 111
2 198 270
78 137 400
35 114 151
95 56 331
84 27 263
70 150 252
39 28 173
61 16 79
53 28 278
49 120 196
57 126 209
36 93 214
76 150 286
2 24 26
33 184 296
27 91 152
21 193 218
44 54 100
82 150 282
33 45 80
56 130 228
73 191 279
66 177 284
97 88 185
56 17 197
58 148 210
10 64 74
17 3 144
43 197 248
33 60 293
93 91 222
22 74 113
64 83 155
17 168 201
70 32 107
34 200 234
27 55 122
57 154 408
34 9 57
67 85 156
34 128 166
58 126 197
6 100 122
21 110 197
8 13 29
17 111 151
17 200 281
36 122 179
15 7 43
83 99 252
2 193 204
12 19 39
13 5 21
73 162 388
44 6 57
38 50 108
73 186 306
48 104 166
51 115 216
7 91 101
49 108 160
100 144 264
61 143 222
85 164 254
88 32 170
11 72 128
27 87 215
35 175 214
7 192 223
98 166 385
83 98 256
55 163 219
84 127 368
50 32 84
96 23 129
37 102 145
49 42 97
64 42 116
38 164 206
97 7 158
18 180 225
41 111 293
15 170 208
99 29 133
66 34 101
15 132 324
58 116 180
72 138 369
54 87 210
21 58 79
31 23 64
36 166 242
98 79 184
97 106 241
76 197 308
71 91 171
34 130 167
18 94 145
20 194 218
69 87 166
39 79 126
26 158 185
39 170 250
28 90 133
19 135 248
99 105 212
100 158 395
6 98 109
40 100 184
66 83 155
12 159 194
33 94 324
35 96 329
25 25 89
6 144 154
25 157 225
72 17 204
10 131 142
4 22 54
66 115 280
84 92 220
35 189 366
82 76 168
70 57 172
60 4 64
87 185 351
35 100 248
94 4 99
49 112 195
96 21 292
56 181 273
15 17 64
17 5 65
36 89 192
39 125 224
50 62 116
29 78 143
47 200 247
37 59 106
44 16 192
57 181 244
40 91 133
62 169 280
64 88 226
74 73 154
74 132 302
11 26 47
19 90 114
21 11 77
34 153 191
70 80 194
42 199 282
58 82 141
39 95 277
57 106 163
30 192 228
38 154 319
37 113 155
47 53 148
60 155 346
82 33 116
63 45 156
64 105 178
92 38 134
62 64 133
72 15 126
33 61 193
74 124 203
32 147 186
93 86 222
79 128 207
78 21 243
27 199 227
19 41 68
17 118 221
95 37 173
40 24 79
24 86 126
90 55 286
61 191 411
56 87 147
4 48 66
97 121 221
12 20 40
51 8 60
81 160 256
52 19 78
20 43 65
20 120 172
92 78 334
15 69 122
8 85 272
57 29 142
30 88 193
49 23 75
83 23 154
32 93 158
9 2 33
16 17 74
69 7 92
42 98 202
92 44 179
85 114 293
3 156 160
98 7 271
46 169 222
62 55 123
79 5 247
40 47 259
30 154 321
15 163 220
56 48 135
20 115 166
59 87 160
37 36 173
98 65 193
6 151 194
4 80 263
15 43 72
23 66 91
62 189 281
2 175 344
81 194 388
52 142 205
76 155 266
38 27 69
8 9 45
8 50 64
87 60 302
82 35 119
22 139 163
80 28 111
37 28 65
28 2 59
94 117 232
87 185 274
44 6 56
55 19 83
34 18 121
82 179 278
46 73 248
54 154 257
86 69 159
1 169 177
84 44 143
29 26 86
15 116 137
12 78 97
32 192 347
4 50 71
10 34 51
76 78 161
2 120 130
47 165 215
65 171 285
82 60 149
38 138 340
84 72 159
95 61 178
15 31 58
10 23 35
18 173 288
38 60 107
49 161 356
44 47 139
21 127 202
94 168 270
92 157 264
23 147 208
95 53 149
82 137 226
92 117 237
92 163 303
24 33 63
65 134 213
95 126 229
6 119 177
74 38 301
91 12 113
48 179 233
31 39 78
34 181 248
97 48 156
38 81 127
96 73 175
43 13 124
2 112 300
11 141 158
33 166 381
63 82 187
86 189 278
4 140 148
61 82 149
74 129 211
91 165 275
27 113 161
78 153 252
29 179 349
99 96 392
76 19 122
29 81 129
11 44 77
61 37 121
75 135 213
66 171 255
43 25 75
6 3 16
27 52 92
51 39 127
7 98 215
76 54 177
22 109 152
34 84 283
31 29 96
87 119 215
64 137 204
37 104 164
19 11 54
46 149 236
87 107 321
79 95 175
1 60 104
87 190 280
64 103 184
82 196 285
68 136 250
50 180 238
3 120 143
6 102 158
82 189 436
100 172 363
64 166 241
19 62 91
62 20 85
52 174 226
60 189 258
14 39 62
44 149 214
56 19 81
29 180 215
54 63 161
39 125 174
77 148 228
15 86 223
95 12 127
83 27 219
80 172 259
77 90 167
76 183 298
22 115 138
10 138 152
35 93 132
81 43 281
57 5 72
91 37 138
96 111 214
57 136 251
17 6 175
59 116 194
15 81 143
62 73 143
6 46 58
51 139 216
59 179 261
81 26 285
43 146 348
18 15 105
25 101 136
6 111 296
22 61 193
37 144 194
28 24 85
23 173 241
47 143 198
85 153 241
7 54 218
55 128 230
31 4 45
51 130 280
97 3 104
9 189 206
34 130 195
35 101 145
16 66 88
5 28 59
55 21 79
79 99 189
41 152 195
84 123 216
100 161 286
96 100 371
2 159 272
99 100 261
19 121 141
39 57 103
57 77 174
49 4 231
73 28 173
60 109 330
18 36 70
5 185 227
66 70 148
47 127 354
35 89 244
72 8 80
7 152 332
11 193 211
14 78 118
94 66 164
96 43 170
63 139 209
48 126 292
3 55 96
85 165 260
29 148 191
19 104 164
96 0 104
85 23 110
10 23 38
60 114 350
7 135 276
14 145 284
88 144 242
86 136 230
22 178 221
