700
92 77 169
16 192 234
3 13 25
49 80 292
80 157 244
26 115 177
70 148 339
56 164 223
41 42 98
62 158 221
36 64 141
81 29 273
92 92 251
10 125 237
59 96 184
48 67 156
95 7 119
18 199 219
59 12 101
27 147 217
4 53 62
36 31 108
93 93 194
72 10 130
66 170 392
18 22 43
36 148 225
30 16 61
31 116 159
52 86 338
1 191 235
32 62 102
59 184 246
22 126 159
56 103 169
17 46 67
18 181 248
17 177 201
63 3 256
64 70 209
54 8 62
57 84 312
51 92 155
95 21 143
54 37 134
53 81 246
71 89 254
35 44 80
4 177 229
100 141 295
52 97 256
4 108 115
91 10 107
56 195 258
89 155 253
61 102 337
55 123 186
40 61 102
4 73 125
88 67 207
48 121 216
35 171 212
54 112 166
6 189 203
97 149 252
27 70 105
42 2 85
24 138 162
23 175 213
100 43 147
94 194 316
20 166 232
7 118 297
51 196 393
47 47 128
71 199 273
91 132 226
65 41 106
5 198 252
58 95 309
76 47 290
1 143 151
47 43 98
43 69 150
19 58 197
17 156 213
98 186 289
75 15 113
21 176 205
51 38 96
8 157 271
49 26 80
58 37 246
72 185 313
99 150 371
15 88 131
65 189 254
84 182 276
79 145 232
79 85 193
24 176 201
75 23 133
75 84 326
14 33 217
98 55 160
3 160 165
8 56 72
26 149 297
45 168 222
25 108 152
23 25 188
62 19 84
26 43 69
46 160 353
92 196 291
83 30 114
94 113 212
16 193 253
48 40 91
81 128 212
100 84 205
10 110 138
29 5 35
96 196 314
90 32 139
57 11 78
71 58 135
2 10 45
9 103 138
19 7 44
81 39 240
15 87 145
59 99 168
48 114 184
84 7 106
49 29 115
87 20 114
86 172 267
30 98 153
82 75 203
70 171 262
98 178 281
45 103 175
19 28 84
91 20 176
53 184 397
68 53 129
9 127 136
94 182 279
5 160 165
80 120 236
33 174 230
66 43 116
10 121 132
11 184 198
56 34 92
25 185 216
9 86 120
29 185 218
49 107 340
95 91 353
59 12 78
24 182 211
13 169 280
65 56 122
61 101 169
74 134 241
11 130 156
90 60 307
74 152 226
64 97 162
36 126 172
21 168 374
26 110 137
53 69 170
22 87 109
18 134 316
53 100 156
88 114 274
91 174 280
48 75 125
64 120 184
76 28 105
43 26 70
7 189 291
7 192 212
55 197 302
5 46 85
16 96 215
96 85 191
15 145 189
35 43 99
56 90 166
77 180 307
71 52 141
86 132 219
59 109 178
89 2 97
10 152 184
9 35 54
81 43 196
21 28 57
81 194 457
25 156 326
72 173 271
49 77 134
91 103 196
92 32 127
13 177 238
76 67 149
37 135 275
13 117 137
13 138 240
69 48 128
100 176 277
75 128 203
82 84 199
50 194 288
52 152 328
45 56 127
71 116 301
98 103 336
53 15 92
39 102 148
40 158 276
85 79 221
68 93 165
28 31 70
56 159 221
33 66 135
43 126 208
16 170 195
65 132 201
67 32 207
48 184 238
12 29 91
48 9 82
80 109 193
60 140 210
78 35 168
96 75 240
32 199 336
2 188 223
46 20 76
75 80 159
60 59 123
92 88 369
91 25 142
12 168 259
95 10 113
33 177 212
85 35 130
23 109 181
79 41 125
31 166 233
17 66 84
7 165 178
56 77 331
33 135 347
18 136 162
80 80 167
41 71 221
42 5 57
50 157 212
81 139 244
62 34 98
95 102 199
74 39 155
10 35 65
92 191 303
22 95 161
6 114 144
71 183 281
18 122 183
8 151 160
61 61 132
5 46 55
38 69 111
21 172 351
28 54 82
69 154 228
31 109 144
87 124 217
16 57 107
56 188 278
66 125 203
3 151 154
75 173 273
24 132 163
31 192 271
13 42 58
22 164 226
48 70 190
67 30 251
50 110 164
15 46 101
3 161 266
31 78 114
71 196 454
100 199 307
40 156 224
11 143 313
76 141 220
42 155 207
13 38 109
50 35 137
100 139 248
96 137 382
1 8 50
88 46 139
69 139 238
16 45 61
76 41 126
18 23 70
10 143 353
65 32 286
48 62 181
29 156 243
86 99 207
86 167 282
23 160 199
34 198 244
84 190 278
31 90 124
10 22 37
77 89 216
20 142 201
53 57 120
54 18 115
70 31 101
52 144 239
59 195 320
13 105 123
7 85 104
1 197 229
49 52 142
54 61 294
36 57 93
95 129 225
81 17 126
82 176 266
68 98 171
59 173 381
98 58 302
32 125 161
67 56 133
92 1 128
74 72 159
89 58 155
23 18 225
81 192 349
79 91 178
80 65 152
5 5 11
96 39 190
35 128 163
19 22 71
1 95 140
8 51 60
58 82 149
36 105 151
48 78 132
8 25 41
15 171 356
15 107 159
36 180 222
25 14 83
94 46 145
2 51 183
4 9 132
1 167 168
59 183 248
40 110 166
54 30 100
66 133 227
46 100 187
78 139 280
4 186 227
15 20 61
43 117 161
54 101 334
17 77 104
59 40 201
90 168 288
92 110 399
88 174 298
48 116 174
15 92 156
94 123 261
93 150 245
42 44 97
97 166 435
69 154 273
100 181 396
94 175 279
11 70 88
78 174 261
19 140 207
4 25 31
8 112 158
13 47 137
78 15 101
39 184 236
49 165 331
3 31 46
75 176 332
36 163 213
5 141 146
90 167 447
55 89 149
49 183 237
99 40 148
56 166 223
73 136 220
64 196 329
56 104 182
62 9 80
27 120 154
3 152 183
92 129 406
72 20 217
84 183 280
95 31 212
15 189 385
73 15 219
6 186 374
64 102 320
38 11 123
82 9 166
65 98 171
72 101 186
77 149 230
96 156 260
69 61 132
64 132 207
4 187 338
68 44 151
67 82 167
100 171 280
99 141 262
55 80 244
67 21 101
45 39 114
16 152 171
29 99 138
31 112 255
83 52 140
35 15 53
31 77 113
85 38 160
24 39 67
80 194 304
43 149 199
28 17 203
32 11 165
96 92 192
71 45 142
41 139 258
64 33 200
43 8 67
12 163 215
45 115 161
78 153 236
17 21 48
66 100 183
34 37 101
25 10 217
94 83 210
15 188 377
53 120 191
2 119 263
38 199 247
63 102 171
48 67 155
90 177 332
69 189 265
21 187 242
89 103 200
76 74 297
96 15 111
24 69 126
14 141 159
22 169 197
21 11 70
4 164 199
21 143 206
100 189 485
45 20 66
19 38 60
18 6 195
67 178 275
47 165 212
7 169 178
19 5 27
38 19 70
59 181 267
85 74 162
82 123 232
64 198 429
33 89 178
57 57 123
100 139 288
26 170 215
25 190 217
49 35 192
85 28 122
32 5 52
12 67 88
92 44 153
45 174 225
89 48 243
77 118 195
47 12 205
94 185 282
50 50 108
62 44 107
28 99 133
78 126 213
46 31 94
57 90 151
29 191 290
44 18 72
51 199 373
10 80 107
56 65 189
65 8 252
4 61 124
67 200 299
29 116 147
54 68 164
95 16 118
83 123 248
63 110 173
28 176 204
79 120 205
68 37 188
93 131 231
68 195 266
29 80 118
51 106 333
30 30 66
100 146 256
19 83 122
12 183 195
22 12 169
98 193 291
54 32 186
40 0 90
44 187 408
14 154 335
66 138 265
32 145 370
38 54 101
50 52 283
39 35 77
15 63 125
97 84 185
52 39 91
2 23 207
80 22 200
82 163 352
18 57 76
88 142 242
42 83 128
59 7 82
86 184 313
6 14 40
62 16 135
46 13 86
98 40 139
8 128 295
61 52 121
77 24 107
6 70 94
66 110 185
80 64 194
74 113 197
59 165 366
37 89 178
63 166 415
21 62 191
76 86 238
21 157 199
56 29 113
78 166 274
74 33 115
21 146 310
72 161 368
13 4 41
19 61 124
57 178 262
30 108 141
83 43 135
79 178 277
96 181 363
32 31 68
4 113 124
1 41 122
8 131 324
16 191 209
67 15 138
39 124 165
76 124 205
10 158 267
22 163 191
95 151 287
67 67 139
68 98 188
55 154 216
60 61 136
69 151 234
86 86 215
88 39 160
18 42 209
44 179 233
79 129 223
100 2 268
95 152 278
26 38 69
35 75 256
57 8 168
10 199 209
43 98 191
63 22 144
6 104 116
1 13 22
82 79 251
48 27 169
45 73 118
97 54 159
62 65 204
43 168 217
16 112 132
28 80 123
85 200 306
33 152 229
100 179 398
36 187 352
52 200 297
19 184 206
51 180 271
27 26 57
75 107 183
20 185 206
44 144 240
53 48 170
58 155 255
23 74 118
36 70 215
68 150 222
46 118 209
11 181 251
14 152 170
51 195 250
21 81 106
38 125 163
81 173 254
3 6 36
37 9 61
52 35 254
13 99 155
9 167 196
20 122 161
79 186 271
41 104 162
72 76 150
31 33 83
43 34 147
32 98 170
12 1 173
11 43 60
49 119 176
72 76 151
33 71 127
55 172 286
82 49 135
54 145 227
45 52 107
50 129 220
71 37 110
44 170 247
85 83 201
99 27 211
32 33 71
37 129 297
18 159 346
23 44 72
1 32 39
3 71 74
63 45 110
88 189 368
29 98 211
44 63 215
22 37 221
78 147 229
72 58 246
77 175 259
83 182 303
22 21 51
11 11 32
