110
79 84 270
41 97 270
8 38 46
70 62 145
39 7 120
15 168 188
40 93 140
78 53 160
91 181 278
78 20 157
65 140 212
48 94 142
27 150 205
48 16 70
21 100 125
84 26 238
37 7 63
53 50 233
46 80 142
26 138 195
49 156 366
53 33 111
97 173 273
56 180 239
47 184 232
81 66 147
60 39 251
78 91 332
99 68 173
74 131 205
11 20 35
63 88 152
83 171 272
25 192 249
8 179 226
73 83 160
92 32 133
74 178 261
79 87 347
35 14 134
2 75 123
32 138 266
96 133 233
76 124 215
45 136 287
60 143 226
66 173 329
39 83 122
99 37 137
68 200 278
44 120 263
22 9 35
83 60 150
61 80 254
11 93 140
57 199 405
99 128 236
49 148 237
8 52 70
86 183 285
39 2 240
7 161 174
53 24 99
33 94 130
86 174 274
31 42 80
5 125 151
69 187 312
60 119 265
78 82 160
49 38 87
99 4 170
7 184 194
73 42 115
42 94 186
73 139 212
72 189 382
40 138 227
56 96 165
44 182 233
64 168 277
35 198 315
3 122 132
81 60 189
3 41 71
71 125 218
4 170 181
13 15 28
9 6 63
71 92 191
65 7 76
89 151 250
50 28 102
94 194 326
10 151 170
88 103 198
65 107 204
23 132 175
43 113 230
79 155 271
21 191 385
31 14 75
72 66 289
9 114 124
55 79 143
80 176 263
75 106 198
27 108 159
75 12 104
99 81 214
