70
12 174 230
11 51 68
61 65 130
93 94 192
64 103 171
30 146 201
58 88 147
37 133 185
15 92 121
89 78 174
31 110 141
56 184 249
60 177 239
70 49 223
26 158 196
94 168 263
17 29 46
2 80 105
83 6 133
66 89 165
3 123 284
16 7 29
32 54 94
30 141 177
34 173 215
95 145 262
74 23 130
66 29 225
36 31 95
6 37 50
14 120 159
89 28 121
79 176 259
47 42 192
61 188 271
98 48 183
12 164 180
81 65 152
24 200 241
11 119 166
50 120 209
24 43 113
65 130 204
38 193 248
49 150 273
35 162 397
81 121 209
83 61 341
67 172 281
76 61 205
26 161 334
48 160 374
61 184 255
89 70 200
97 150 251
79 64 143
52 85 147
46 86 139
77 153 235
55 164 219
83 118 245
4 180 317
64 192 354
48 130 187
58 125 206
32 52 103
8 26 37
75 41 240
24 168 199
25 195 221
