750
31 169 205
22 144 293
55 142 253
15 183 369
33 160 198
24 29 90
19 31 117
31 3 108
31 184 224
40 105 154
49 177 248
7 128 166
28 181 259
7 99 160
86 74 189
74 155 236
87 39 127
3 169 203
82 31 195
23 143 216
25 197 223
26 154 188
37 75 121
76 106 192
51 101 188
11 54 72
50 119 196
51 39 95
22 145 169
89 141 230
57 72 171
85 91 187
87 122 209
60 108 177
3 194 209
61 58 177
65 31 134
4 55 62
25 184 340
90 190 283
63 8 80
33 81 120
61 16 155
15 94 111
35 113 185
40 140 212
54 20 114
13 11 171
50 177 237
33 111 191
5 111 118
55 86 147
59 10 69
56 134 198
21 80 129
10 114 125
25 27 93
8 138 146
5 51 86
22 31 62
11 24 35
75 191 271
41 40 88
91 138 235
18 168 228
63 171 378
26 5 115
9 70 92
48 114 168
17 48 224
53 53 140
21 166 209
66 73 142
100 112 220
2 19 93
35 64 105
24 77 241
84 176 266
90 119 218
35 75 195
94 184 372
96 3 286
90 45 212
72 172 249
81 162 272
73 4 81
41 155 202
68 62 135
9 111 122
7 14 48
93 3 103
77 114 199
67 174 276
37 173 340
43 180 227
18 27 51
11 35 55
5 8 14
17 161 188
64 90 225
93 71 198
69 53 125
4 82 93
65 9 185
84 56 140
6 48 93
39 190 350
89 68 163
35 104 140
59 57 133
63 17 171
51 172 228
59 157 238
73 40 136
92 175 273
7 167 177
95 69 345
60 174 259
10 113 131
29 18 82
32 190 379
16 159 335
73 158 234
58 82 190
8 55 154
35 185 222
43 70 163
99 146 367
45 129 223
83 15 111
3 64 85
56 170 227
10 13 26
60 114 174
6 149 353
60 63 152
23 71 99
17 100 121
58 62 225
42 186 269
16 194 211
36 195 236
22 166 197
73 21 100
41 156 263
27 171 329
15 82 254
36 77 147
12 105 120
32 33 69
91 139 233
35 152 231
85 154 239
59 123 215
49 50 102
41 140 188
72 11 92
90 64 160
94 93 345
75 134 277
88 22 183
58 84 190
82 12 165
65 125 199
88 164 348
22 142 243
37 186 229
97 90 357
89 97 189
95 119 325
94 112 370
51 15 128
18 158 188
58 100 158
41 155 224
46 192 246
33 186 226
82 19 103
96 50 173
15 155 177
26 115 225
61 147 210
17 131 242
96 172 300
95 85 204
56 124 184
83 113 262
31 11 70
17 139 172
90 164 257
4 101 111
33 77 167
87 105 206
29 34 70
17 62 230
26 63 99
83 141 224
91 157 271
28 139 322
88 156 273
15 71 112
99 12 213
98 16 117
79 8 88
51 62 158
3 187 195
39 92 175
64 83 260
75 186 452
23 48 94
54 56 128
43 24 135
40 135 208
72 189 264
5 168 247
90 136 318
2 123 281
97 106 209
77 121 200
24 178 284
63 37 152
59 54 294
48 74 128
71 77 148
33 154 201
90 92 195
87 52 143
95 157 259
29 75 106
14 41 55
42 93 144
37 27 185
59 50 112
43 97 161
35 197 243
23 187 212
81 87 305
74 55 153
75 73 151
95 86 190
62 126 193
82 70 169
71 161 233
20 7 28
31 55 90
85 80 175
84 111 232
100 88 190
98 111 306
20 94 145
27 28 232
64 152 234
51 99 160
18 192 399
88 138 234
63 121 256
25 41 217
66 111 355
62 88 152
39 117 203
90 13 107
41 24 85
96 71 208
39 171 361
77 65 271
73 127 328
45 42 99
44 81 132
7 123 230
35 139 176
94 108 203
69 172 251
89 109 344
19 82 104
72 116 214
4 67 77
18 17 226
68 98 171
39 179 229
32 144 358
96 101 205
28 189 250
7 132 290
34 109 150
43 33 79
50 189 412
62 190 430
57 69 133
67 78 159
22 144 167
29 72 127
27 65 102
39 45 239
1 11 13
29 31 64
40 192 242
54 32 96
26 126 159
83 17 124
48 12 63
71 91 164
29 77 106
56 128 188
22 17 54
26 96 128
6 167 178
13 128 277
92 70 197
83 162 365
46 163 257
96 117 216
86 111 199
44 193 338
40 171 220
100 33 134
90 116 215
22 117 146
7 126 179
9 23 65
33 184 245
91 183 314
61 46 136
64 16 86
42 60 110
80 108 221
30 122 155
33 110 143
50 179 263
77 136 220
34 88 160
36 26 74
46 116 171
86 162 397
30 170 200
39 183 281
65 176 250
33 122 170
8 62 76
88 135 261
75 170 264
99 8 132
28 200 260
22 117 146
82 28 213
87 133 263
88 37 258
92 35 144
77 107 189
29 38 109
32 10 109
43 35 260
77 132 212
15 22 236
53 50 134
49 117 263
95 22 125
53 61 148
89 163 262
2 64 74
68 142 250
15 164 211
75 49 128
21 54 87
29 174 216
93 178 430
92 187 291
75 70 336
96 14 114
77 142 228
96 189 293
45 20 122
59 67 137
74 97 171
53 155 368
70 134 207
34 31 74
89 25 224
21 133 187
76 84 176
7 86 146
38 68 106
50 182 331
24 2 77
5 55 167
28 161 196
17 95 121
23 117 282
69 76 179
72 16 97
90 37 176
6 110 164
93 26 136
53 94 148
48 17 65
15 22 197
5 13 31
74 195 271
1 148 322
24 56 88
52 107 248
41 19 97
1 191 218
44 122 173
45 158 213
23 6 171
68 61 134
70 38 288
15 148 170
53 62 131
84 5 270
81 130 237
3 29 59
8 193 243
94 116 215
8 55 94
47 68 123
70 169 242
24 67 101
7 156 167
93 38 291
38 59 107
88 129 387
30 161 194
55 104 292
24 106 223
69 115 196
66 161 354
89 16 115
51 162 215
64 93 245
84 176 262
40 74 122
3 188 229
21 79 242
94 109 210
38 38 234
52 19 130
73 177 257
74 4 88
17 1 25
80 116 262
15 28 49
88 101 199
89 117 212
95 113 233
90 150 253
2 181 183
13 139 188
54 50 198
8 129 254
93 178 275
39 54 106
54 175 258
75 119 334
44 99 143
98 122 258
75 69 148
5 197 211
61 19 163
6 155 200
18 105 130
31 45 239
4 127 190
82 125 345
17 34 86
83 157 245
18 38 69
59 128 382
60 73 136
90 185 285
88 8 100
77 73 181
71 59 202
90 197 428
96 42 142
88 99 196
82 194 305
57 7 246
21 15 84
99 87 216
45 168 221
7 199 217
56 59 132
52 26 119
19 120 168
25 39 64
78 70 153
35 79 118
65 116 188
4 20 38
20 45 75
59 181 435
95 9 258
45 115 193
53 70 292
85 66 221
87 39 127
13 174 277
25 97 123
98 109 225
7 107 162
30 2 119
72 121 196
11 55 73
45 124 179
95 110 213
22 138 196
66 137 238
41 129 177
19 143 164
48 63 122
20 130 196
58 17 231
97 63 164
92 117 217
86 136 228
21 41 66
6 108 130
76 101 179
11 99 116
46 54 271
75 17 126
67 20 137
52 167 220
79 117 214
66 129 201
66 161 272
31 9 192
62 95 162
71 165 236
14 4 163
29 51 105
69 121 200
11 83 103
50 149 204
80 6 123
29 160 196
97 193 312
7 190 216
65 8 235
63 140 330
61 7 73
43 154 204
75 144 328
40 46 102
98 127 289
31 114 212
82 200 298
5 59 102
72 92 271
31 129 178
18 3 42
44 45 132
2 167 290
90 106 202
95 60 198
3 116 124
24 19 69
33 120 157
96 97 205
74 150 233
71 180 261
31 94 168
2 130 144
53 75 136
85 84 176
45 122 231
56 22 82
13 118 132
36 136 175
12 185 204
28 166 276
81 88 173
89 194 358
79 9 98
83 48 142
84 38 135
43 90 315
61 93 162
5 125 135
91 154 381
62 144 308
13 34 120
31 181 214
6 141 147
19 192 215
34 28 156
82 194 355
69 88 163
29 40 79
17 124 310
3 77 88
92 3 109
96 112 218
76 171 255
76 10 125
90 176 269
53 86 173
73 42 207
3 150 175
2 65 80
75 200 300
95 45 147
22 160 183
38 121 163
86 180 436
38 11 241
93 194 295
4 31 47
77 51 138
58 113 177
54 10 168
78 123 202
59 36 111
14 97 113
22 10 45
6 72 86
12 85 101
24 150 184
79 103 191
70 174 323
87 25 209
55 171 226
98 199 317
98 84 212
88 139 237
33 165 199
4 135 144
85 121 372
88 47 284
1 37 44
38 97 173
69 161 235
74 3 79
94 72 200
91 26 122
81 103 184
49 50 292
34 81 198
32 105 172
57 86 175
90 135 259
51 77 264
80 93 178
18 104 217
91 32 156
90 147 259
59 78 144
48 32 176
26 171 319
35 103 160
21 78 105
89 41 242
56 87 151
99 188 335
59 193 383
20 171 216
81 54 308
69 177 252
53 47 108
92 17 243
51 43 288
46 60 200
65 197 361
33 145 217
70 120 194
74 88 335
79 171 287
25 101 152
27 153 285
81 155 256
20 64 244
50 190 246
81 120 223
72 158 267
92 144 263
82 173 304
70 66 155
81 116 217
78 26 113
13 160 209
49 192 245
39 145 331
94 7 102
23 36 68
79 28 170
27 141 229
30 148 266
6 127 139
85 27 112
62 22 94
95 42 138
21 9 32
61 9 113
66 189 261
98 56 228
6 62 92
46 55 109
40 54 103
56 139 200
15 168 376
80 3 105
62 70 140
31 9 44
96 58 157
2 190 200
35 31 67
66 150 407
18 142 169
84 0 86
56 79 282
16 149 180
21 151 207
68 114 185
46 29 112
59 122 199
31 169 203
44 114 199
36 74 211
100 33 143
99 84 203
97 85 214
37 20 98
78 53 164
60 128 233
20 153 182
25 48 80
5 142 289
58 186 342
4 100 111
44 97 142
40 165 212
98 40 139
7 95 302
93 5 124
43 71 193
21 182 224
90 20 134
66 59 197
60 66 126
28 1 178
96 38 139
66 69 140
53 26 83
60 186 267
49 74 132
70 92 180
44 53 106
74 59 135
22 63 87
