660
29 138 201
78 18 106
94 13 117
54 30 144
65 183 248
85 187 284
30 168 199
77 54 139
13 38 58
54 79 133
59 83 191
100 127 233
53 62 116
93 22 155
70 22 126
30 171 210
1 186 193
52 0 53
11 149 163
65 80 152
96 67 166
53 59 121
31 16 210
38 102 146
90 63 182
100 32 142
93 160 263
18 161 187
31 5 46
72 181 253
83 39 235
33 156 194
79 103 184
14 132 146
74 103 182
20 60 80
37 192 233
32 44 80
1 70 95
71 193 270
95 34 138
41 165 254
84 51 135
72 67 323
39 39 87
6 80 165
2 168 218
54 140 285
14 191 212
88 185 280
86 15 102
48 132 220
75 121 201
45 41 133
97 184 284
22 149 194
59 72 145
85 84 176
67 83 270
6 72 128
14 134 181
3 71 120
17 142 173
15 75 114
92 19 141
47 183 240
63 115 195
61 65 126
10 130 188
44 174 380
21 128 168
3 53 80
78 91 180
11 79 99
60 104 182
42 178 224
11 99 128
55 78 136
64 116 192
19 166 187
11 79 94
6 161 194
38 22 70
13 200 213
39 161 208
94 123 232
87 184 426
63 148 237
22 10 37
88 168 262
45 161 215
59 14 103
81 130 235
41 0 45
81 110 200
14 143 304
92 52 149
7 13 43
7 101 110
79 26 126
85 167 370
62 120 225
51 112 362
68 137 323
84 50 315
66 16 183
93 102 203
49 39 90
39 99 142
92 97 219
91 24 138
96 145 266
61 159 225
20 116 140
58 5 210
35 153 365
81 147 272
85 47 132
90 129 301
68 42 142
36 94 140
50 199 444
20 22 45
20 197 234
53 28 85
15 66 81
50 113 186
16 155 175
7 70 91
5 89 99
90 36 148
89 62 183
73 165 251
39 163 228
5 191 198
3 113 159
12 150 205
38 165 329
28 113 327
70 65 142
31 92 249
77 95 206
17 158 224
86 21 180
83 187 291
84 31 125
36 75 206
66 146 295
44 113 349
22 139 170
13 159 323
33 156 280
27 53 124
91 179 293
76 130 212
24 184 234
74 172 246
18 26 129
33 50 114
44 35 239
56 116 253
45 161 211
39 39 148
12 35 72
73 75 152
32 149 182
40 111 161
48 95 165
43 24 89
71 87 337
94 73 176
76 74 158
5 3 28
37 123 163
43 46 94
17 111 249
72 140 228
79 60 171
98 129 276
91 154 251
87 166 256
77 141 413
80 55 200
49 8 71
69 51 139
7 57 71
51 145 198
39 43 105
78 107 186
75 194 310
10 75 108
77 17 128
36 9 92
100 183 303
34 21 108
64 37 107
49 147 197
89 132 265
22 171 313
37 169 211
35 179 224
17 51 70
61 178 274
79 179 399
96 124 228
2 168 213
58 14 77
28 22 53
35 185 322
87 143 230
66 181 401
70 12 89
79 108 193
10 25 63
68 27 100
80 199 311
16 47 63
73 26 126
70 115 219
79 119 230
73 166 420
17 187 262
65 116 250
74 143 266
31 114 197
47 145 210
84 89 189
44 113 163
35 117 165
98 137 236
50 127 214
71 42 156
10 111 273
90 17 114
68 39 117
10 146 165
73 90 187
79 45 158
8 2 53
44 169 394
8 124 133
55 94 150
79 120 208
81 127 208
14 174 254
49 184 326
45 90 217
25 58 90
92 20 116
62 46 108
39 51 119
24 139 212
32 15 70
75 104 261
89 143 416
2 40 73
77 102 181
74 129 211
78 18 285
89 169 270
87 195 291
62 107 174
86 50 146
36 39 99
1 107 115
97 51 195
95 144 299
44 14 156
86 99 190
24 88 160
4 146 154
25 67 97
96 156 396
8 29 65
83 192 325
84 92 184
100 186 292
45 67 113
57 26 253
66 161 232
25 175 210
69 86 240
99 70 217
56 166 316
87 27 124
87 89 181
90 22 139
50 32 101
33 23 66
7 105 152
30 138 180
52 134 280
42 200 255
30 29 79
10 69 92
1 200 204
81 110 200
8 107 139
7 103 115
44 190 298
43 93 158
49 52 126
73 77 157
82 33 130
3 151 209
31 139 214
19 71 169
46 25 81
68 40 128
14 137 154
51 60 141
37 28 65
33 31 65
86 96 191
37 81 310
42 170 253
99 142 291
79 190 309
88 129 248
38 20 144
65 0 86
8 88 103
25 103 131
9 143 333
59 95 168
58 124 332
43 89 137
44 102 147
43 121 190
80 191 314
5 48 249
82 90 205
46 86 171
85 60 175
22 11 61
59 122 202
41 117 208
56 121 180
55 90 146
1 62 160
46 97 147
94 78 173
55 3 59
3 54 66
80 11 128
77 195 273
71 86 158
87 190 280
9 9 18
6 28 39
75 92 174
46 72 121
67 31 134
91 167 452
76 9 92
65 87 153
31 58 99
50 87 139
80 165 251
71 97 193
62 113 212
8 0 109
57 170 242
79 47 132
67 97 194
33 180 213
50 174 226
48 104 170
29 113 158
34 82 219
30 108 146
98 22 124
54 134 226
59 71 138
46 47 104
7 154 172
92 36 171
22 191 217
63 126 190
37 30 75
43 188 240
4 196 204
48 54 150
54 174 274
13 109 277
20 14 35
34 56 99
8 107 207
45 15 63
65 100 193
78 13 96
9 184 197
30 30 83
87 125 382
9 57 97
56 105 167
8 185 216
80 55 146
53 74 128
79 20 201
19 115 134
27 96 128
28 152 342
49 181 429
32 15 49
50 140 198
29 146 223
56 31 89
97 123 244
85 134 241
23 166 309
67 1 68
33 162 203
41 107 326
69 0 74
83 140 280
3 49 52
16 1 17
60 78 141
1 0 3
85 169 400
8 12 144
59 18 152
83 147 245
67 65 165
36 137 180
78 146 337
74 138 214
29 166 226
41 138 203
15 192 398
24 135 186
31 107 271
1 61 112
41 35 79
44 69 134
35 2 52
79 148 295
69 104 185
63 33 135
83 189 449
34 57 101
95 118 319
96 21 158
93 170 345
54 14 70
35 47 85
55 31 95
75 183 330
13 129 154
10 154 174
30 3 39
34 65 113
83 68 207
64 121 284
78 6 152
89 120 239
10 117 140
58 129 273
50 124 367
45 152 300
7 17 58
34 23 106
15 31 171
29 46 182
79 97 261
85 151 400
51 150 208
37 55 101
25 78 106
46 112 164
30 192 266
75 175 259
66 35 107
2 80 88
75 84 179
17 97 114
84 139 263
55 170 227
35 155 358
30 183 357
16 97 115
69 9 116
29 9 47
72 115 193
84 176 270
54 173 229
14 122 138
96 190 293
45 117 187
77 8 100
87 124 251
22 153 175
24 18 173
8 16 30
71 114 193
20 180 234
46 28 80
31 138 173
28 4 75
40 195 235
97 67 171
52 166 232
3 28 38
39 118 198
78 80 301
27 136 169
52 2 115
92 43 137
99 179 306
55 22 86
71 155 241
47 12 61
61 190 257
4 111 226
53 146 288
29 59 191
53 17 100
22 3 74
36 181 403
75 103 186
19 182 249
13 95 125
67 147 256
67 150 358
19 141 209
42 42 112
62 26 97
99 33 145
96 100 237
82 172 257
30 6 61
93 45 141
3 43 51
47 74 124
35 140 284
100 188 294
58 19 87
12 82 103
17 35 84
24 6 39
50 15 100
30 56 113
7 5 66
34 14 196
53 169 231
3 39 64
3 172 358
7 46 98
63 131 198
22 169 199
18 126 150
19 121 150
31 63 184
64 15 83
99 43 147
95 185 288
67 18 111
81 193 278
89 159 250
9 164 183
64 104 213
41 174 396
26 192 252
13 149 165
30 191 257
50 149 337
17 97 135
95 128 233
90 84 184
72 177 261
26 192 261
50 48 101
92 174 273
70 142 307
97 110 210
80 21 216
42 26 104
22 92 119
78 167 279
5 64 71
33 173 240
99 171 295
48 191 246
12 11 104
13 57 120
81 176 356
59 160 219
29 24 83
71 135 210
37 134 179
71 38 121
15 44 85
12 184 206
35 13 97
22 26 54
56 8 192
37 156 201
89 54 148
9 72 89
74 104 198
34 97 221
48 75 136
15 106 123
49 18 68
59 116 175
27 164 298
74 138 319
15 86 105
52 103 237
21 134 160
74 145 221
45 9 59
75 161 274
19 126 148
80 114 226
92 173 354
87 28 182
20 22 44
53 42 157
26 7 231
91 92 246
88 187 411
1 88 96
100 101 247
15 13 30
29 47 89
79 98 177
29 24 84
49 118 210
37 101 335
46 30 95
4 140 146
81 7 91
71 153 261
65 117 248
30 188 220
5 174 226
64 35 126
20 190 226
10 98 181
45 114 308
73 65 181
82 96 261
96 186 283
31 4 38
3 58 70
73 185 273
29 74 194
40 98 140
20 98 172
64 153 230
85 137 363
27 9 46
49 104 269
42 151 207
97 92 196
29 113 179
18 134 321
59 106 210
