900
70 63 180
15 22 43
58 5 183
85 122 210
6 87 132
82 38 274
7 113 195
43 55 259
7 39 135
67 182 294
25 147 228
65 192 283
53 97 151
21 57 113
31 180 285
29 96 135
74 49 167
86 150 243
46 135 187
91 74 280
73 117 250
49 77 262
66 82 243
13 151 279
59 49 109
88 7 106
24 79 152
51 49 251
90 82 188
92 198 411
32 14 51
54 143 203
26 166 213
68 124 209
77 112 351
58 182 350
21 109 291
66 107 256
66 42 109
10 127 152
92 157 394
57 163 222
63 34 103
89 6 103
36 133 279
14 65 199
3 36 76
10 111 275
62 187 299
36 30 76
24 82 108
24 106 133
73 81 203
89 151 285
46 161 207
21 188 218
100 95 242
52 35 253
83 141 263
73 5 82
19 174 326
19 96 277
97 198 489
92 143 245
20 85 111
23 94 126
23 175 218
27 175 243
78 140 321
70 131 364
99 92 198
73 86 175
70 187 263
69 164 263
7 31 55
32 159 193
87 138 247
9 66 118
9 117 165
9 166 180
32 119 179
39 183 285
59 103 189
54 158 390
53 48 110
90 102 195
86 24 117
4 186 220
93 50 327
67 23 290
86 131 226
91 197 291
70 111 190
56 83 304
62 150 214
4 194 221
1 81 88
15 150 179
56 199 294
69 111 252
20 186 211
38 4 45
52 111 170
22 196 254
49 6 71
24 165 202
99 153 299
15 149 172
45 118 332
74 128 217
9 139 314
9 58 92
13 46 69
76 65 179
45 124 179
11 77 88
38 37 90
20 61 125
57 192 259
36 86 302
97 66 164
22 41 65
4 161 186
62 135 205
100 79 220
9 174 306
50 120 234
1 103 183
55 149 213
99 97 202
93 98 191
68 187 319
3 82 123
17 104 313
44 17 69
11 97 140
92 53 155
77 109 191
72 122 245
23 175 282
24 108 138
94 49 146
20 48 162
50 64 114
73 83 166
99 133 237
59 128 214
15 91 240
97 132 236
10 114 150
60 60 177
40 135 181
12 45 65
6 136 144
70 128 224
27 187 242
14 108 132
13 65 116
29 134 181
90 103 313
79 90 208
88 101 254
94 1 97
17 7 28
82 57 242
25 36 165
93 192 319
12 21 75
1 65 72
42 108 258
65 15 130
88 40 228
80 94 182
56 18 255
48 62 134
40 8 56
33 110 172
31 199 248
71 87 159
14 55 78
44 99 152
30 124 158
43 0 74
83 18 148
70 61 234
96 156 264
73 134 248
53 73 136
58 24 204
66 142 215
38 0 43
73 18 99
81 51 180
46 92 168
19 87 223
98 110 250
68 169 250
49 10 66
60 115 175
91 117 249
35 146 341
13 196 334
83 94 312
2 196 207
22 127 178
15 79 97
73 96 194
70 200 300
4 112 132
31 79 256
86 110 200
42 126 178
30 41 256
24 181 213
5 14 89
10 44 57
42 139 183
8 96 145
84 35 127
12 118 150
64 143 322
65 195 266
42 75 260
71 79 157
41 5 55
73 30 168
4 119 127
90 84 205
47 8 62
45 72 120
14 21 45
51 102 163
19 130 173
34 200 244
45 48 203
62 94 173
38 97 143
55 122 181
82 87 214
47 144 201
11 83 226
46 174 346
85 105 196
93 23 119
93 139 250
97 124 329
71 51 160
69 42 121
40 191 261
45 65 119
22 11 34
16 44 63
2 45 224
81 72 223
6 125 266
67 34 101
32 60 140
3 150 157
3 54 60
12 88 104
42 72 115
81 95 177
64 15 215
97 142 245
55 174 262
2 78 84
90 124 229
27 163 190
59 81 251
99 14 140
39 197 242
53 136 191
36 96 151
48 196 444
26 65 101
28 43 109
98 46 148
81 111 199
6 138 280
18 46 68
1 87 93
29 22 59
48 143 197
92 130 245
75 75 155
12 43 62
62 190 274
36 67 274
78 105 191
79 14 96
89 183 432
78 8 107
43 20 78
54 110 291
59 86 234
83 136 227
89 190 300
64 193 285
71 65 226
45 138 338
98 178 280
36 11 83
65 3 116
41 195 242
59 62 308
22 186 216
11 197 235
31 15 53
15 76 105
46 48 142
5 136 151
16 119 162
87 92 188
62 25 273
70 0 95
58 129 188
69 123 226
60 34 138
79 56 150
4 192 199
66 63 134
78 14 131
68 161 390
70 116 327
36 3 233
6 96 151
17 27 48
29 10 231
15 160 205
94 196 340
47 18 68
49 75 184
5 167 266
83 166 255
20 193 235
47 50 134
44 40 223
41 137 184
88 120 292
28 35 66
49 1 89
69 89 168
90 135 234
69 150 239
52 15 101
16 158 300
96 179 308
32 168 226
2 98 127
44 47 281
18 71 97
67 70 323
100 77 328
97 193 317
64 60 244
48 28 78
33 47 106
71 165 261
41 50 258
59 1 63
27 103 275
42 104 345
94 44 142
11 188 205
94 128 265
82 168 253
69 125 236
74 135 216
61 186 251
26 93 124
55 182 239
37 109 155
26 94 123
78 176 421
54 149 233
26 108 143
59 60 142
14 107 192
16 127 144
34 118 163
12 102 154
10 39 58
23 37 68
71 121 385
42 52 111
65 0 100
68 51 120
7 75 108
42 106 304
87 23 120
96 136 285
56 61 120
69 18 94
56 9 66
66 12 87
29 11 152
56 191 267
57 12 137
73 68 148
87 51 139
6 184 193
14 8 42
14 33 51
72 76 158
25 161 230
36 13 175
39 4 47
9 9 167
96 137 243
3 80 93
45 41 97
43 170 248
71 88 204
46 1 79
9 157 175
58 158 219
83 98 188
41 57 192
71 188 265
57 198 274
96 120 218
53 176 230
8 94 110
65 114 191
2 148 350
99 117 237
45 169 214
64 73 142
44 5 96
81 73 196
84 3 137
29 70 174
15 79 134
87 0 165
13 19 159
39 122 165
39 176 235
37 189 229
25 49 95
43 129 210
5 67 138
24 20 76
66 50 146
38 3 111
33 162 330
34 172 240
5 158 309
76 95 301
90 184 302
44 108 195
80 85 185
27 10 157
37 76 147
91 30 123
98 146 265
17 73 156
72 39 155
7 64 96
8 121 134
26 11 37
5 107 138
85 184 389
85 19 275
73 96 320
88 192 464
22 43 82
56 95 155
68 40 143
24 15 48
13 39 69
15 191 317
90 64 193
1 167 178
82 25 108
72 143 255
63 33 102
64 17 269
88 188 317
25 113 157
98 162 280
71 190 272
87 135 259
90 169 267
1 197 241
44 157 211
49 69 157
7 94 264
14 81 136
49 62 116
23 105 263
44 123 170
40 44 91
13 70 119
35 119 163
13 183 224
22 49 81
11 32 50
90 35 191
37 164 232
90 14 105
24 34 95
57 88 167
13 109 141
77 123 209
40 51 260
30 197 235
36 22 84
72 196 303
55 161 217
35 180 223
94 160 264
64 61 133
7 165 242
13 147 335
27 93 130
21 92 115
39 125 172
81 72 185
47 29 107
23 64 100
74 41 215
59 157 234
73 133 209
21 8 55
83 27 158
75 19 101
61 82 290
19 179 250
38 64 108
100 118 226
60 121 195
34 94 222
62 144 235
29 58 97
68 31 236
82 32 145
28 19 92
63 49 155
82 58 145
2 105 109
44 137 226
97 134 236
50 131 245
92 1 96
44 36 103
70 47 151
28 159 191
70 141 379
26 21 49
19 6 41
19 139 207
16 107 165
7 127 140
71 49 121
94 7 223
92 184 322
3 77 87
82 120 208
60 45 111
38 93 134
42 176 226
29 22 92
54 147 211
59 107 168
46 35 176
71 182 320
32 176 218
62 69 240
89 53 171
19 169 195
77 166 353
33 104 186
73 73 147
49 129 188
7 70 87
42 152 203
68 33 108
57 47 107
93 33 143
88 174 415
25 45 70
79 184 281
60 96 218
90 140 240
100 122 235
56 32 88
4 66 84
28 44 72
33 81 193
5 160 165
26 77 123
39 128 346
48 79 154
13 170 183
11 68 88
66 124 199
11 186 207
56 168 260
72 114 196
94 27 138
84 112 281
88 32 236
28 3 227
38 35 216
64 32 215
10 81 105
9 170 224
42 50 106
62 163 227
47 43 96
88 196 314
37 153 229
98 69 173
2 1 4
12 151 314
37 61 104
59 73 228
24 75 111
10 113 205
31 172 237
97 20 141
98 184 291
28 132 164
15 71 119
50 7 165
38 151 193
90 87 182
92 112 222
95 144 301
2 64 73
73 29 254
34 144 355
3 140 148
48 112 233
65 16 269
72 163 391
62 157 224
47 113 166
40 22 133
53 21 80
49 110 351
5 15 20
21 173 203
19 193 384
72 54 145
59 16 112
38 166 224
1 84 108
43 33 81
65 162 233
45 192 244
14 166 181
52 190 306
55 136 216
7 163 193
38 38 84
46 128 208
3 15 199
33 191 231
97 73 176
61 130 308
42 171 221
20 7 53
92 65 163
8 178 192
97 62 204
64 35 186
86 70 175
49 124 211
10 78 126
32 95 137
39 42 245
94 180 278
28 195 238
1 33 53
29 181 244
21 64 128
98 110 322
49 29 78
75 94 357
5 53 241
15 85 107
100 192 463
49 187 245
47 146 305
80 159 249
43 171 256
83 123 362
36 46 225
5 113 299
100 191 294
41 90 257
61 62 133
34 165 240
2 19 22
9 194 240
87 110 314
9 25 198
38 189 237
6 27 79
69 129 205
63 144 253
78 14 130
7 123 135
60 98 179
51 147 221
57 20 274
26 49 84
2 196 235
35 43 220
66 22 166
20 58 87
25 112 138
52 40 97
85 86 175
58 88 150
89 134 262
13 41 78
4 72 193
72 92 172
11 163 222
100 184 288
45 87 132
8 129 156
18 47 72
72 55 128
90 69 160
19 62 102
12 3 45
37 42 112
34 39 171
87 108 204
59 152 216
13 28 47
72 0 73
17 67 94
39 105 147
36 42 128
10 72 257
100 122 306
20 141 177
54 29 224
63 157 220
88 89 181
12 162 367
47 111 165
35 181 224
18 45 144
2 178 208
4 32 43
86 59 225
95 89 273
43 30 98
99 16 117
68 171 286
80 147 267
5 81 188
4 135 139
21 123 149
6 12 39
83 53 144
98 158 266
28 57 234
49 94 146
52 105 201
55 68 151
98 129 254
96 188 294
48 92 148
51 154 239
72 176 271
45 170 261
45 30 95
71 139 239
72 97 176
28 184 214
13 118 201
28 135 176
67 12 102
18 137 159
34 111 149
8 199 229
47 165 388
17 65 84
53 41 104
81 175 262
11 137 151
57 111 209
44 68 154
32 101 307
51 34 230
71 134 399
72 197 343
77 105 228
99 93 219
93 39 169
61 86 154
44 13 66
30 112 150
62 70 295
44 88 167
18 55 164
52 45 107
85 175 381
30 10 66
63 93 175
88 42 137
70 79 151
11 155 168
8 143 281
22 50 72
90 80 338
41 177 223
18 10 88
39 48 89
18 193 226
12 6 87
70 106 342
55 45 120
10 81 98
19 107 136
12 180 341
2 187 231
38 145 313
64 169 241
74 169 297
44 189 234
8 156 327
38 78 122
12 129 146
23 8 60
74 46 164
82 34 124
20 138 190
74 89 185
60 17 85
70 52 125
7 70 81
80 30 116
77 66 177
24 67 108
83 142 228
86 38 290
67 83 309
68 19 116
7 146 165
49 189 252
5 71 81
19 55 81
49 79 132
69 110 187
32 45 86
36 75 116
41 22 92
82 153 238
87 196 328
23 175 206
91 36 127
76 116 193
72 39 111
57 84 337
65 106 180
5 59 185
75 27 289
20 31 90
8 50 58
20 105 234
69 128 382
66 156 270
17 167 326
98 136 239
80 142 272
47 9 187
66 58 130
91 199 396
36 91 260
32 198 248
52 6 58
74 61 139
23 147 295
25 193 295
2 116 147
13 115 189
89 75 173
4 47 58
63 93 192
28 75 124
73 100 221
77 47 131
74 69 146
20 138 162
19 122 290
30 150 192
11 21 59
77 194 282
16 8 33
52 96 155
55 167 229
47 112 159
57 14 237
