190
42 83 161
64 18 219
62 146 244
37 92 175
92 98 217
85 93 218
75 103 191
84 162 247
97 196 464
61 7 207
45 66 113
1 114 115
31 55 95
96 82 189
7 145 201
37 117 156
74 38 118
2 57 106
25 80 115
65 47 244
47 63 144
20 36 57
14 200 224
98 34 189
25 88 113
37 180 220
90 162 262
7 130 137
76 15 125
96 148 244
9 67 113
2 73 76
87 59 276
91 106 227
62 53 123
27 26 197
90 191 289
10 120 136
63 108 271
51 114 183
32 78 154
99 67 166
11 61 108
74 106 184
90 67 180
50 27 175
97 19 134
74 111 233
48 139 190
11 55 72
40 61 234
100 17 122
88 153 426
7 182 340
69 116 195
64 139 370
54 98 190
31 64 123
95 120 252
8 176 193
6 113 218
98 71 173
6 88 96
79 49 133
23 141 171
61 44 129
76 52 155
10 75 281
44 64 133
77 129 208
25 62 233
27 96 229
5 169 178
6 24 187
41 118 289
96 7 132
23 118 149
10 9 24
39 59 101
84 152 245
74 50 156
65 136 208
82 123 231
12 95 131
43 187 240
82 53 173
57 132 197
32 50 82
82 152 293
6 117 173
29 151 187
70 176 257
24 173 217
3 181 344
95 76 173
1 108 114
33 91 258
11 33 186
82 82 282
67 89 253
68 57 135
59 65 297
64 50 117
93 89 191
88 135 263
93 83 186
53 153 222
47 42 98
76 90 168
64 145 210
51 82 149
34 44 100
93 70 209
31 64 108
72 0 224
78 2 106
13 143 190
17 109 132
72 25 235
71 62 142
32 125 272
95 3 112
96 67 190
23 125 173
9 147 347
73 198 335
88 189 302
91 11 107
13 156 312
25 62 93
81 191 280
2 73 116
47 192 266
17 166 183
75 54 208
43 52 101
55 158 215
32 168 240
45 37 244
77 139 222
7 121 135
53 102 155
28 103 131
62 3 102
66 181 250
65 123 376
80 197 300
4 120 174
18 56 233
87 176 299
3 18 54
57 66 159
79 46 217
12 134 268
54 116 170
48 189 246
10 80 195
72 131 232
32 111 171
37 82 135
6 29 80
16 103 313
11 107 122
15 52 76
59 8 70
5 16 45
12 65 89
97 28 141
98 14 254
5 49 60
89 36 130
22 85 117
61 69 167
3 176 179
90 157 253
49 129 203
3 170 179
87 126 237
12 189 239
47 67 116
74 85 164
46 36 96
90 92 184
9 118 127
86 68 154
2 104 143
21 155 183
1 138 163
82 114 322
65 156 222
