300
1 63 80
89 200 298
36 42 81
34 5 44
4 7 155
95 18 266
74 12 92
4 80 87
31 146 204
9 115 241
57 146 241
83 84 192
89 147 241
15 33 92
76 187 267
57 172 391
6 198 358
98 119 302
83 124 209
91 126 225
63 35 100
22 166 342
56 64 162
86 21 267
93 196 359
13 32 53
1 112 306
28 113 237
81 171 404
5 180 227
83 55 257
11 85 142
33 61 103
18 187 208
35 87 137
31 102 143
51 118 218
28 88 116
25 86 189
38 68 108
80 199 382
46 154 212
5 98 127
32 90 127
37 10 53
21 175 205
45 21 75
38 171 218
67 21 92
22 197 221
88 193 281
55 79 143
73 11 102
33 25 84
77 25 109
18 90 187
21 125 152
82 97 187
97 90 195
44 78 147
1 69 79
76 41 147
93 148 384
11 129 147
21 179 215
5 84 89
67 1 96
40 101 151
80 26 116
17 85 112
36 66 281
94 113 210
90 48 139
2 56 58
19 95 158
66 107 331
71 73 211
53 61 119
37 150 192
83 129 260
45 50 103
75 145 356
39 96 324
88 11 127
8 33 77
47 179 271
96 132 237
55 61 123
4 168 209
13 12 71
91 6 176
95 26 122
28 118 165
70 41 307
58 108 169
37 181 227
86 167 256
38 155 211
79 85 173
62 45 136
52 192 261
90 39 138
90 194 319
75 180 288
13 135 167
89 193 291
10 123 141
10 38 65
36 54 99
14 25 39
36 119 162
42 174 223
69 20 118
66 10 213
72 174 284
74 32 131
7 75 119
94 40 223
50 127 313
99 165 434
10 122 167
59 28 88
64 137 355
26 179 206
84 39 136
16 135 207
30 158 214
78 28 108
3 85 94
8 50 222
66 35 102
100 127 228
93 67 185
6 138 240
41 84 133
82 128 299
97 5 111
92 175 293
13 117 130
85 177 358
29 37 71
22 200 376
59 150 217
31 174 383
52 194 358
93 171 409
82 24 153
60 37 171
66 73 185
22 191 216
14 16 56
56 146 210
83 168 290
37 143 196
68 97 201
86 54 189
93 29 162
83 164 250
57 133 211
89 127 236
86 62 156
65 82 225
92 122 272
68 146 227
46 43 89
97 16 202
63 95 322
99 174 313
5 128 133
25 28 88
39 44 88
75 67 143
16 141 270
89 50 142
23 118 159
54 144 240
97 64 356
25 114 146
3 199 206
74 124 203
35 141 177
15 93 131
98 110 255
94 49 149
57 17 154
59 91 185
99 162 286
26 142 170
59 191 251
3 93 292
38 136 340
13 136 152
42 45 265
69 199 316
12 58 117
43 38 82
46 154 296
59 146 392
90 86 178
56 110 166
4 65 127
67 190 326
35 34 241
46 162 208
61 162 373
22 54 187
28 154 192
50 83 173
63 17 81
34 181 262
8 199 352
8 23 53
47 128 327
63 102 212
27 160 195
76 52 137
79 72 152
11 111 129
48 141 199
77 159 381
77 94 197
50 24 150
21 60 86
87 114 323
24 87 269
47 103 150
95 25 122
84 43 136
47 23 71
23 131 192
65 140 213
78 196 378
52 58 132
3 40 239
88 153 279
3 155 216
97 8 224
100 89 215
29 76 139
87 156 427
77 9 115
38 60 132
71 111 191
54 105 199
19 48 215
9 63 81
23 33 102
84 57 244
87 147 431
23 6 174
84 56 140
30 197 273
45 178 314
12 99 114
76 191 298
60 92 152
36 78 118
52 64 122
94 195 327
14 52 95
66 17 140
9 97 202
32 26 68
90 117 210
8 154 166
69 131 200
57 39 229
60 105 332
46 144 211
64 189 261
92 7 167
36 60 250
4 69 89
94 45 276
51 68 126
82 124 311
19 83 111
68 75 187
46 100 302
37 74 170
21 65 263
16 108 137
23 13 67
37 183 329
41 161 247
94 49 144
88 50 142
77 190 274
49 26 235
26 183 285
7 10 203
98 104 240
44 35 214
95 147 245
19 102 273
78 42 313
27 176 370
32 123 155
40 98 168
78 163 248
