930
87 69 157
19 45 245
86 5 91
18 56 113
29 115 147
26 162 196
72 125 204
1 172 182
13 100 118
74 11 88
9 105 192
41 53 99
62 197 259
40 155 195
62 184 254
34 5 48
95 72 213
5 47 119
26 112 180
64 61 138
61 127 235
57 35 98
20 46 205
83 29 149
83 71 159
8 200 283
88 99 285
43 47 128
84 88 200
73 23 119
40 121 211
24 199 374
62 137 204
26 101 177
65 5 267
12 97 252
36 112 219
6 59 72
42 174 253
60 119 202
89 102 238
4 36 90
27 74 216
49 77 138
83 11 241
68 191 380
24 154 201
86 179 269
42 90 139
50 16 80
87 140 407
35 112 157
97 37 139
77 22 257
44 188 243
76 154 415
53 45 102
55 159 222
82 170 258
47 191 240
22 120 192
32 126 273
89 78 182
96 10 113
73 86 159
40 187 229
50 78 131
45 166 237
57 146 324
59 104 323
30 39 72
43 165 214
20 73 132
7 59 68
77 191 285
68 48 118
32 105 143
85 100 295
32 96 191
77 0 109
70 110 217
40 118 281
70 184 279
59 142 208
92 158 300
33 143 197
31 181 222
60 84 148
27 129 157
15 50 158
84 81 172
33 131 171
41 195 244
78 56 144
77 54 170
14 98 231
85 142 352
33 109 150
13 41 253
98 114 294
15 114 212
26 126 163
75 162 247
67 127 201
67 139 211
1 141 149
49 188 344
41 51 94
72 49 150
69 190 260
4 156 162
53 147 220
57 32 120
73 27 249
57 77 142
46 136 182
33 109 147
25 95 260
20 128 160
60 48 120
54 190 319
4 13 48
25 32 80
62 68 140
23 148 176
3 100 112
11 10 86
2 23 62
37 199 276
86 77 248
32 42 112
48 122 200
9 35 191
53 37 129
78 62 149
29 122 314
56 164 221
2 127 136
71 101 200
96 65 179
2 154 296
7 196 285
81 116 202
27 160 191
98 12 144
72 69 149
63 50 130
37 195 234
91 149 266
63 183 247
18 108 294
25 188 213
7 45 56
81 120 208
93 17 112
36 136 173
4 79 86
11 130 170
51 153 231
54 182 239
44 163 212
34 89 297
76 126 213
43 147 195
49 145 274
93 197 336
79 140 229
49 69 118
30 70 146
15 165 356
25 2 98
67 83 198
31 96 315
30 199 235
92 138 280
20 152 172
53 52 125
47 93 159
70 127 229
56 181 242
33 3 44
9 104 117
95 175 272
10 150 165
18 33 145
12 152 329
57 197 262
32 156 194
75 89 238
68 14 154
99 73 179
20 121 147
8 197 205
26 63 124
58 145 206
94 76 289
38 148 190
100 19 128
57 183 267
45 20 114
99 3 146
20 181 208
35 67 109
74 145 257
73 91 172
89 156 271
5 14 21
73 2 83
77 163 288
35 48 122
82 36 128
12 68 88
21 52 81
82 23 110
62 57 147
54 25 119
72 84 300
21 131 336
9 87 268
21 4 56
100 148 251
33 127 168
9 121 155
17 183 369
1 117 149
99 74 177
32 60 280
24 15 39
43 67 136
47 84 141
52 158 210
35 43 119
72 158 230
13 121 262
90 109 202
28 74 110
51 99 151
68 65 141
13 103 118
47 85 138
52 47 183
100 176 283
38 68 112
95 119 218
22 23 63
77 2 108
73 198 350
8 12 29
68 3 96
34 50 256
31 148 180
45 134 214
2 143 153
81 136 229
24 80 150
86 188 433
33 87 249
7 150 204
33 63 179
18 174 193
50 148 228
67 99 206
69 125 225
23 179 212
21 138 168
17 163 198
100 142 309
89 38 132
59 136 245
76 66 176
85 116 224
3 39 133
90 137 233
53 162 222
60 83 146
97 140 327
23 132 156
6 148 272
62 127 194
59 172 235
62 55 125
59 68 269
9 80 94
93 127 268
51 11 68
50 105 163
55 14 71
35 128 163
20 128 197
16 86 106
1 104 108
85 122 207
14 112 133
100 172 319
74 160 380
14 5 55
99 74 212
13 102 132
24 183 385
58 118 262
74 66 166
1 200 210
54 142 198
50 52 134
18 43 79
89 122 216
42 170 224
37 108 161
53 45 119
54 131 195
62 9 111
45 63 157
58 13 99
5 98 265
66 155 230
42 78 204
36 171 207
43 20 167
58 142 202
3 95 227
69 191 293
10 170 204
95 7 105
9 170 187
47 123 194
14 103 126
26 97 150
97 131 247
47 180 396
8 127 150
94 154 250
71 196 396
7 13 46
82 158 240
36 192 238
7 15 32
95 148 248
66 50 119
69 178 284
98 163 285
86 131 382
53 36 152
10 56 75
30 11 123
11 194 214
32 37 86
62 40 113
79 158 239
27 28 55
60 94 339
37 97 137
90 30 120
76 158 406
84 125 217
80 139 318
94 186 317
75 50 129
62 63 133
57 107 172
34 191 383
42 131 180
68 21 99
100 101 216
64 131 195
51 30 84
17 147 256
4 142 171
94 52 307
63 154 259
60 184 275
66 76 147
29 197 384
82 103 225
93 11 149
83 161 253
93 146 254
34 122 201
97 163 266
13 67 102
64 20 266
46 196 258
33 87 124
98 151 289
46 102 168
31 163 394
25 61 130
81 106 256
55 113 198
12 4 102
43 31 81
11 188 372
95 141 269
56 178 244
45 27 78
79 65 232
34 185 226
36 161 200
23 183 214
100 177 322
95 9 125
41 34 106
4 117 169
63 190 301
45 118 164
70 161 235
67 137 213
31 164 198
3 37 40
40 66 134
94 111 207
80 78 178
71 182 317
46 5 220
32 114 177
3 55 131
4 41 47
18 174 353
40 69 117
90 100 238
80 176 262
42 76 153
23 143 173
32 87 157
11 108 144
17 103 219
92 33 125
6 35 121
30 7 232
95 94 213
100 138 248
54 35 89
17 173 195
15 117 142
28 150 188
57 125 192
82 66 154
29 188 226
5 198 208
80 62 296
9 56 74
82 50 161
60 40 127
12 56 106
18 29 77
86 34 271
74 60 141
52 121 178
2 23 72
18 89 207
36 36 193
43 77 197
72 53 126
48 2 73
100 121 264
28 140 182
12 94 118
24 83 110
69 112 184
50 32 88
19 87 126
61 101 164
30 178 285
5 68 80
77 150 228
92 74 201
39 154 232
3 64 93
6 57 63
76 145 245
70 56 200
31 31 107
44 35 106
1 63 100
86 127 347
63 9 94
49 132 182
61 92 310
53 54 194
36 126 230
74 109 280
12 24 191
20 114 302
78 7 85
98 72 320
89 188 278
1 174 176
16 82 108
22 43 140
32 120 239
91 107 202
60 102 175
81 46 134
79 121 326
83 55 175
92 9 108
2 84 95
42 29 81
12 58 115
41 52 99
86 45 230
13 199 221
76 61 305
57 78 291
22 63 123
14 101 123
1 200 209
80 28 155
71 175 253
45 155 204
70 178 253
37 191 246
44 0 48
31 117 181
38 97 139
81 101 222
64 58 130
37 152 190
79 9 115
82 39 131
64 39 187
91 19 111
1 122 132
45 1 236
22 142 164
17 175 197
47 198 255
79 157 266
40 104 181
27 18 59
29 116 189
44 63 116
43 129 181
92 16 109
53 115 310
66 166 345
34 49 101
20 34 149
29 75 251
98 184 285
38 54 97
44 90 206
20 143 253
29 82 117
87 39 130
76 58 136
93 1 134
49 58 123
28 24 59
51 142 268
88 116 212
55 168 231
73 37 137
10 171 186
99 84 200
10 49 68
81 163 366
27 134 176
39 18 129
3 112 162
21 125 180
53 155 215
90 188 281
100 36 136
64 191 359
45 167 247
2 132 170
28 82 114
37 27 146
71 179 254
52 106 205
16 147 357
96 192 290
91 189 281
68 86 298
70 22 97
22 80 115
68 192 276
23 88 119
73 167 261
57 103 164
100 129 346
32 93 129
75 60 143
94 172 388
83 179 262
16 177 306
2 110 121
75 36 147
59 9 185
56 129 219
59 78 187
71 31 108
52 8 63
12 198 212
30 48 80
74 59 254
54 24 83
42 13 58
47 141 202
76 165 350
35 69 256
26 13 46
56 67 161
26 87 196
46 164 223
49 74 124
4 119 133
12 82 102
65 38 106
60 145 215
59 13 72
86 81 231
7 181 387
32 84 119
27 6 103
32 197 426
82 179 347
34 158 224
83 33 147
87 100 197
65 187 261
64 53 122
99 30 132
23 16 48
11 156 173
26 147 185
24 177 201
38 119 161
3 194 233
45 45 91
69 150 261
63 186 295
54 158 222
45 192 246
5 71 86
96 171 285
76 46 260
90 161 295
29 52 107
28 190 226
75 0 92
91 135 234
93 76 368
27 28 72
47 82 139
21 195 216
58 169 232
24 110 319
89 75 181
25 56 87
31 82 139
40 156 202
46 99 150
2 111 128
35 161 196
97 2 266
89 197 419
63 187 261
98 124 224
76 70 150
46 127 215
65 179 337
21 126 193
82 182 267
59 152 241
81 178 267
86 185 405
39 88 211
38 31 177
86 152 239
66 45 116
16 158 178
11 111 123
48 172 342
4 164 294
72 186 264
14 89 141
77 136 238
43 98 333
48 148 198
63 128 194
38 67 109
76 160 262
55 156 357
74 143 225
85 101 198
42 147 269
47 170 247
72 177 254
64 125 278
29 79 110
55 116 192
17 148 197
47 134 214
93 191 313
76 166 378
81 188 280
19 79 106
1 62 70
31 36 79
73 131 206
76 58 138
67 97 172
2 15 40
5 121 131
28 0 53
35 33 69
90 158 304
52 0 207
71 181 259
41 0 48
16 12 195
60 169 238
50 120 307
45 111 165
99 22 265
92 173 274
1 25 27
74 89 188
4 197 338
35 139 200
75 26 149
79 65 266
38 18 74
16 131 160
93 144 414
65 99 169
21 187 218
4 54 62
69 43 248
97 120 226
87 117 212
35 113 324
13 91 197
54 64 153
94 50 270
74 70 151
100 87 191
50 188 244
45 175 226
64 18 112
58 157 218
36 99 135
68 2 74
26 91 138
23 150 192
2 23 57
94 58 177
91 66 197
73 123 226
77 85 166
21 157 187
10 25 40
18 42 117
37 151 224
83 163 256
34 72 115
42 126 171
33 159 211
78 141 225
94 24 155
9 152 266
86 139 271
25 131 175
19 73 256
84 100 233
44 181 364
43 21 69
61 182 276
14 161 260
50 53 104
52 158 218
98 151 258
26 48 124
48 137 360
48 16 70
74 43 144
15 54 99
19 61 86
50 170 230
69 180 252
79 51 271
77 187 369
48 171 235
8 131 146
38 68 121
96 107 212
5 147 156
88 50 322
69 156 290
36 113 154
75 76 183
80 124 229
90 140 239
62 117 187
54 71 131
82 76 181
49 21 76
98 98 239
37 19 106
76 11 105
65 154 226
57 59 122
82 37 122
82 33 159
16 74 271
38 147 194
47 101 158
36 98 150
71 135 254
15 46 70
83 5 96
57 34 248
76 96 176
83 164 395
47 4 160
41 23 252
10 127 277
95 75 180
97 62 161
53 56 145
51 59 118
48 24 91
55 46 113
58 61 169
99 144 403
7 8 119
69 12 128
6 151 160
43 46 93
25 41 72
71 32 112
56 18 84
52 153 245
59 41 147
94 146 243
57 96 174
36 105 160
64 11 78
38 111 184
47 134 190
33 125 190
8 94 174
33 108 144
61 38 108
30 20 146
51 173 424
83 133 286
21 175 196
44 69 163
83 114 207
65 102 208
11 149 161
96 9 223
25 87 194
28 54 98
69 49 126
29 41 92
44 25 88
6 95 110
82 17 204
5 74 81
88 179 289
89 80 194
52 140 204
98 49 193
10 48 153
36 82 126
8 191 358
15 43 230
18 179 203
42 149 352
53 142 363
13 123 294
40 127 168
2 173 179
53 11 73
83 186 432
48 181 269
8 33 61
45 181 264
47 157 207
56 82 154
72 50 133
84 17 112
39 191 240
11 85 105
34 42 79
74 127 250
74 132 206
27 89 120
13 119 137
59 190 338
16 79 103
77 120 197
99 146 292
52 11 72
9 149 315
61 199 353
35 82 125
58 124 188
52 48 194
80 17 106
41 189 238
92 66 233
33 177 372
72 5 273
90 110 244
1 32 38
19 48 207
71 98 210
33 54 126
55 137 230
84 104 305
42 142 196
83 6 107
85 199 387
39 108 160
23 81 106
48 3 60
19 126 196
50 163 239
81 78 164
86 183 276
85 30 116
10 60 119
24 186 227
26 192 222
12 138 158
33 170 235
