110
86 98 333
46 186 302
87 50 139
20 98 189
62 188 251
12 32 163
62 43 145
2 59 67
63 14 87
97 105 251
80 28 212
71 119 202
21 79 107
96 89 228
56 150 251
58 102 203
92 97 237
91 1 108
43 165 362
29 107 139
89 26 252
60 16 266
82 182 268
93 97 200
15 171 187
78 126 205
15 34 91
11 34 161
24 93 163
10 47 67
65 16 142
6 137 146
43 61 105
64 121 195
61 119 202
89 147 238
82 4 106
3 52 62
28 164 208
65 68 330
80 14 103
8 64 258
35 79 268
12 152 164
90 102 318
73 4 82
16 2 25
22 134 163
8 105 180
55 198 261
22 27 98
41 52 103
54 154 210
6 172 193
67 199 429
22 49 165
34 95 132
82 156 278
30 143 178
84 148 275
97 74 173
10 180 193
53 67 139
45 168 368
24 46 72
62 131 376
20 125 159
32 162 289
81 18 182
35 111 185
28 95 126
17 148 219
27 185 267
77 48 128
70 181 259
8 147 204
96 120 262
64 42 191
4 176 183
41 86 136
22 55 125
20 154 179
86 178 449
31 195 236
98 13 146
52 69 126
33 14 75
89 55 147
68 195 270
42 127 220
37 26 246
63 74 225
60 188 279
39 60 234
28 177 239
34 13 106
30 17 75
14 188 212
42 22 255
100 152 421
45 93 292
19 44 77
7 134 318
17 157 334
42 59 105
84 51 136
73 131 391
41 183 225
53 189 269
24 112 140
