900
7 29 76
16 69 127
17 20 57
9 194 203
6 57 80
92 58 197
16 71 92
86 187 288
64 149 300
34 72 149
10 49 71
97 188 463
65 158 422
93 100 199
8 14 29
96 6 137
54 70 279
18 143 168
20 141 171
76 69 147
79 26 109
80 69 237
69 79 198
61 136 213
29 77 140
96 194 294
64 147 395
49 77 153
48 68 120
18 160 188
16 190 394
3 26 84
88 92 201
38 7 74
66 91 171
54 111 211
3 195 208
23 24 124
9 146 193
83 81 221
32 155 226
23 124 309
61 92 162
81 71 241
18 44 64
100 28 138
66 191 266
19 133 160
21 43 90
50 6 72
90 23 113
52 5 210
41 39 103
9 88 170
47 135 315
4 13 147
67 166 271
1 93 130
20 27 230
66 80 166
98 45 283
78 113 194
50 59 115
55 159 220
6 15 178
69 143 215
10 58 73
74 147 229
79 21 111
28 85 140
70 195 286
86 93 179
36 172 218
62 130 240
76 63 149
55 29 136
8 0 48
21 28 66
18 158 181
12 90 112
87 116 204
95 57 155
25 13 148
34 190 231
78 44 170
50 169 227
12 94 114
4 171 287
21 132 161
55 109 193
89 75 216
75 162 336
29 129 166
45 184 379
71 83 193
3 95 107
19 83 286
13 135 153
13 126 144
79 55 299
83 142 272
12 197 355
68 139 211
97 186 458
24 55 111
19 18 44
18 53 128
5 125 137
98 91 189
91 42 140
61 192 303
15 51 70
24 77 111
43 39 109
37 60 131
77 47 129
35 1 44
34 184 218
40 32 151
97 119 267
73 138 292
46 143 195
52 27 141
69 49 153
79 39 160
60 78 288
47 85 135
83 121 242
70 151 223
47 172 222
89 18 221
15 183 212
97 104 325
89 141 231
78 61 154
13 9 31
85 150 244
19 197 383
18 194 336
85 34 173
92 160 252
4 34 46
73 175 268
34 30 69
67 119 199
37 68 115
49 130 216
72 158 236
12 154 336
57 86 270
69 36 120
14 173 218
77 27 139
31 122 223
30 5 64
16 83 104
19 32 53
48 10 62
17 75 272
87 184 448
77 71 155
96 47 175
29 117 195
93 146 277
7 7 87
12 191 246
41 119 328
76 124 335
41 141 228
27 74 141
19 27 92
66 17 255
26 169 213
78 74 162
16 81 106
86 7 121
69 57 136
33 108 327
89 66 159
24 87 117
91 146 241
31 161 351
7 188 205
30 200 321
15 37 132
72 45 117
87 134 368
38 15 228
86 0 91
79 37 131
61 123 192
37 105 148
98 119 219
33 55 133
5 25 215
4 18 35
51 109 319
35 135 205
26 107 133
70 5 76
69 111 229
39 42 91
38 61 117
58 66 173
15 78 95
47 121 216
47 105 205
88 164 259
38 151 369
79 90 173
15 43 78
58 79 147
65 43 128
96 2 137
91 176 310
97 168 432
98 24 161
98 41 145
86 150 261
44 37 86
75 34 299
92 114 214
44 106 160
1 55 101
86 179 364
25 174 200
54 183 241
58 192 252
81 45 129
72 4 79
57 65 131
42 115 157
9 121 139
53 96 155
43 68 120
2 173 175
61 171 239
9 97 132
84 28 131
75 165 318
61 23 87
31 3 44
20 125 153
75 90 167
75 122 203
40 36 85
77 171 267
54 45 224
76 121 202
18 133 292
92 74 170
1 111 237
1 139 180
57 183 241
7 186 261
9 52 199
98 162 281
99 21 166
72 70 150
89 83 242
64 6 214
83 125 367
75 182 431
9 18 80
68 64 138
50 96 155
6 4 18
82 164 253
25 136 323
19 29 182
79 23 112
12 9 27
54 76 130
95 122 222
29 73 104
1 163 174
75 65 181
31 137 190
25 86 119
49 26 82
93 167 273
78 124 211
4 198 229
64 153 223
28 108 141
93 9 195
26 180 209
54 29 108
29 167 200
65 188 290
27 114 143
20 71 185
4 2 6
34 124 167
82 53 320
94 199 353
27 52 279
19 62 135
3 89 260
89 80 173
29 12 70
68 30 149
90 115 231
45 18 198
56 85 146
97 52 158
24 155 333
44 58 112
72 33 109
70 19 98
25 52 129
20 142 165
16 50 127
35 140 179
1 8 109
35 54 100
64 165 346
63 5 87
72 44 304
42 117 284
98 163 264
19 82 109
24 66 103
24 38 194
74 144 401
11 82 94
57 14 80
15 87 186
64 30 152
33 192 234
26 123 153
64 90 297
8 176 219
44 130 260
50 95 309
5 121 129
56 67 127
80 197 279
74 163 421
16 140 202
21 88 111
65 17 83
95 179 276
35 178 252
13 5 22
15 91 114
25 27 54
98 41 181
45 38 102
99 32 158
50 10 68
99 87 230
77 39 126
7 133 172
18 79 143
29 155 304
6 121 127
40 27 83
35 178 218
99 14 218
69 4 80
13 38 60
73 188 263
63 55 298
98 176 413
34 150 317
59 60 140
40 46 93
59 173 239
97 173 285
7 148 159
30 153 254
83 10 106
75 184 295
8 173 222
58 174 373
79 96 182
67 60 136
14 139 333
37 96 136
87 122 255
9 36 69
69 60 131
76 70 153
69 177 445
3 136 147
95 79 200
86 76 211
34 190 336
52 164 226
46 100 219
48 131 367
84 9 117
42 117 199
70 31 103
86 152 269
21 185 214
18 58 78
47 157 325
56 161 343
70 141 214
48 127 177
26 5 60
77 182 307
48 105 155
46 94 156
18 144 168
43 34 120
15 58 154
49 144 195
35 76 113
11 161 319
9 151 163
3 35 69
73 150 252
12 129 142
28 82 117
5 89 100
10 164 256
26 30 58
69 142 216
76 27 109
83 60 336
5 128 136
86 84 180
6 20 35
59 76 191
89 194 469
82 54 140
17 166 188
80 43 292
9 165 213
27 123 156
85 99 206
13 33 80
55 69 134
1 142 312
23 0 71
66 50 124
58 35 205
49 63 114
71 135 215
53 119 248
77 12 98
14 71 87
97 62 162
64 65 179
100 1 146
41 26 70
70 183 370
15 16 60
28 180 217
31 19 75
97 192 307
84 51 221
81 162 249
7 107 198
100 153 256
20 70 231
50 149 209
82 177 277
37 20 61
1 149 157
11 92 106
86 44 292
16 142 183
67 98 168
38 177 224
66 196 282
15 87 129
13 80 94
49 115 180
33 59 100
56 46 120
92 44 334
10 139 154
17 182 241
72 86 217
28 152 262
39 82 133
93 75 177
34 185 238
58 105 194
26 54 251
78 77 182
81 184 307
34 184 389
70 37 114
39 116 163
55 30 128
12 152 168
84 148 353
24 180 238
62 136 208
39 188 227
15 57 80
62 5 77
7 135 291
91 197 290
16 102 148
56 169 373
49 84 178
9 105 233
94 143 247
13 57 121
80 73 154
69 200 283
34 45 137
58 59 124
57 21 257
39 106 209
39 51 129
70 52 165
53 46 219
19 42 70
31 154 203
90 85 185
31 20 60
57 161 267
68 172 266
18 170 222
13 131 342
90 110 238
62 54 121
13 146 200
27 118 150
30 185 229
63 187 272
72 146 218
99 16 122
25 192 255
54 5 69
85 141 275
35 69 206
16 10 161
12 111 274
5 68 119
58 134 206
82 61 170
88 74 325
95 55 177
51 129 180
59 157 222
70 117 189
58 150 218
63 137 230
59 161 258
13 97 128
55 156 213
35 154 298
14 99 137
32 23 89
17 113 140
33 98 136
62 163 278
45 156 209
64 182 247
93 169 307
97 95 231
14 21 41
58 139 202
78 12 138
58 116 180
96 4 241
26 105 134
39 68 140
26 67 144
58 71 134
57 76 133
41 83 224
82 177 265
11 1 12
87 197 297
73 92 170
89 164 263
33 147 291
44 177 227
84 172 306
80 146 230
3 170 181
88 185 279
90 54 152
5 0 19
20 26 111
61 29 235
85 87 177
21 17 89
69 115 201
68 154 272
65 111 212
11 42 232
7 196 397
97 25 280
51 2 56
96 28 162
33 183 217
15 140 162
82 152 294
73 24 99
39 102 150
35 27 67
1 188 197
30 92 168
83 44 176
21 174 212
55 134 191
25 80 122
21 3 167
66 157 238
34 44 82
99 89 254
4 68 112
17 86 104
100 199 328
82 187 319
57 24 87
58 94 155
70 117 193
63 4 75
52 154 227
92 133 230
24 21 79
38 166 213
53 101 348
21 3 47
16 102 149
46 96 251
96 127 226
11 41 59
57 182 288
15 12 48
56 127 227
64 91 248
58 186 254
67 132 345
35 25 66
65 25 90
88 200 325
33 162 374
17 48 100
81 196 324
23 39 86
12 91 108
22 183 206
2 190 242
67 53 224
28 59 260
35 23 60
43 1 68
99 72 308
64 74 152
99 61 168
16 20 38
58 17 263
80 12 102
50 135 194
98 147 262
62 27 211
3 76 123
33 185 239
83 94 264
36 99 145
33 63 137
19 150 176
13 135 189
87 67 163
90 105 208
23 167 196
75 164 246
33 49 87
15 3 18
39 132 176
34 85 125
4 39 48
6 134 187
83 73 175
58 96 159
70 115 187
18 40 62
18 154 190
33 76 115
96 43 148
5 74 157
65 199 310
14 94 217
66 96 242
84 75 160
48 7 56
71 131 252
48 193 379
62 186 267
89 118 216
85 116 204
28 104 133
26 178 264
2 200 247
22 136 188
10 168 251
74 74 332
28 169 198
87 62 151
46 138 375
3 69 143
16 179 305
22 92 114
4 112 211
77 198 401
20 115 157
71 42 140
58 162 253
59 18 80
19 62 90
67 37 295
89 10 139
44 15 212
1 126 156
78 164 288
41 155 214
53 69 129
12 50 91
78 17 96
53 77 135
76 47 124
4 83 91
31 107 138
28 21 174
17 95 228
96 72 176
34 8 176
85 194 328
82 80 162
40 4 96
54 192 252
15 181 199
29 152 324
90 138 274
83 174 312
83 14 206
34 130 259
48 17 121
20 107 156
62 165 390
13 127 250
34 112 294
69 3 79
54 98 157
56 129 343
83 117 322
73 196 319
77 75 154
13 117 255
55 4 77
7 124 322
95 54 193
15 5 29
7 54 95
40 130 179
30 94 134
15 11 27
30 55 133
31 119 159
23 137 169
26 88 280
41 36 109
36 33 113
15 48 67
48 97 225
84 101 191
42 17 60
50 127 180
65 91 166
44 133 178
43 116 185
56 51 116
50 83 143
51 159 232
20 76 215
29 160 195
71 22 98
34 2 49
78 136 217
33 108 153
82 135 330
68 90 160
77 121 206
84 194 446
40 111 155
17 46 106
61 104 174
94 2 102
99 63 174
71 17 158
77 177 268
99 77 185
18 140 229
82 103 230
52 107 191
40 135 277
74 66 168
57 83 144
78 196 283
91 31 147
15 14 33
1 150 155
100 38 140
32 116 153
30 171 231
89 82 175
33 80 115
51 198 299
93 52 170
59 126 185
63 142 206
53 51 226
6 193 209
65 1 85
21 3 156
98 174 300
30 125 157
36 181 217
27 92 136
75 130 206
52 5 187
88 37 130
57 23 152
59 125 228
100 146 361
81 129 258
31 38 75
54 80 162
48 30 78
75 120 313
93 145 285
70 90 196
94 171 348
20 7 35
47 8 189
11 101 114
69 87 272
50 67 216
33 181 309
67 159 381
27 2 93
36 44 170
66 61 134
27 46 80
71 102 180
51 180 277
67 23 117
42 51 115
65 59 166
72 117 212
34 112 193
47 151 230
13 194 239
12 146 170
12 193 207
32 161 211
29 172 209
45 135 190
28 151 218
22 128 170
93 166 259
58 113 180
86 144 310
4 89 96
23 128 161
18 139 164
44 137 304
98 20 126
55 183 247
8 141 169
73 179 333
12 146 326
64 167 255
11 40 55
66 99 173
38 68 202
43 6 177
36 159 242
76 193 310
75 103 181
31 28 61
32 13 157
13 62 196
40 181 225
34 88 124
71 116 188
65 48 113
43 108 281
13 96 109
1 14 35
36 29 170
33 147 207
24 49 110
73 148 260
86 113 207
80 147 266
95 145 247
4 190 217
