960
13 97 160
67 32 145
15 126 145
61 3 98
53 121 197
68 123 390
50 70 283
71 80 165
13 156 207
20 113 168
79 90 301
70 128 212
19 56 237
23 19 46
42 62 105
47 14 81
45 186 233
7 8 25
100 15 118
1 118 229
60 32 210
61 60 125
56 59 124
82 169 288
93 50 166
30 84 119
51 13 86
86 118 204
93 166 295
95 18 163
71 47 166
39 170 211
18 190 251
26 197 233
14 188 210
85 194 320
19 188 209
36 142 371
56 29 91
81 42 165
19 80 102
4 42 54
4 144 151
44 50 104
10 58 78
37 166 222
75 39 129
53 13 70
11 0 18
80 103 269
41 158 231
37 142 179
4 68 219
24 197 416
53 86 180
47 106 199
23 170 380
69 172 250
24 15 41
38 81 165
72 181 297
87 83 205
39 168 218
37 41 225
88 60 176
32 39 144
62 150 355
56 154 243
62 41 245
14 148 261
58 62 129
17 157 210
30 126 199
32 40 92
9 23 72
63 70 144
12 184 198
51 7 58
54 103 166
27 134 203
17 0 22
80 159 265
94 58 174
46 89 180
89 31 125
77 192 403
48 90 138
11 174 234
40 86 126
55 99 186
65 53 156
23 42 72
80 94 196
21 17 66
36 26 106
21 71 102
6 0 7
96 2 142
65 36 145
1 4 53
64 178 252
79 136 237
31 187 219
14 161 181
25 182 210
60 73 165
82 162 297
97 66 185
27 86 144
79 38 122
57 184 245
78 127 213
58 97 164
33 163 224
92 125 237
69 60 162
98 151 258
2 98 107
95 87 266
21 133 188
54 52 122
24 83 116
20 153 191
30 73 270
71 131 234
74 133 217
52 144 201
20 79 113
65 128 332
85 188 396
48 7 58
15 125 216
35 100 299
37 111 183
6 49 122
15 30 199
13 35 56
34 163 206
77 85 217
7 182 361
26 96 130
96 131 270
91 131 249
41 63 117
48 140 189
3 114 279
40 126 173
54 130 185
47 51 98
51 3 61
40 24 93
24 139 272
40 196 285
20 138 207
99 21 120
38 82 129
88 6 130
54 198 354
20 69 160
59 40 106
95 46 142
33 1 47
68 120 236
48 170 237
25 117 186
100 59 163
57 154 216
80 188 270
76 172 359
63 164 234
52 150 212
38 124 171
97 55 155
22 195 225
99 174 274
42 155 200
65 11 110
98 34 135
49 21 74
36 135 172
88 3 186
11 98 109
88 57 172
47 184 236
36 163 208
47 14 198
7 126 136
79 65 146
100 145 247
60 198 260
13 80 199
46 38 107
24 150 215
45 120 169
83 37 141
18 12 32
12 144 165
49 173 231
98 188 306
62 89 211
21 27 83
28 143 185
90 163 254
89 186 371
92 35 142
1 129 131
5 32 41
21 183 224
31 109 149
44 71 234
6 155 171
7 78 175
35 77 124
25 54 131
30 18 50
57 129 347
51 81 158
9 123 133
20 30 55
88 43 140
41 179 249
6 35 65
43 102 145
77 84 302
43 22 71
7 129 140
15 142 192
44 20 83
99 104 207
48 69 120
31 5 58
35 188 411
17 30 51
97 3 174
95 131 226
30 54 106
80 92 270
92 117 242
67 68 136
88 172 266
13 49 154
30 192 242
97 1 103
42 189 235
97 39 168
15 19 164
1 21 36
17 149 292
90 186 278
5 104 138
24 71 120
29 34 66
70 4 76
6 65 112
13 58 93
4 4 30
57 115 213
18 97 211
91 198 295
79 77 169
77 67 273
99 153 277
1 66 134
4 108 117
63 118 186
40 66 152
8 160 177
37 111 156
51 149 205
15 0 21
89 118 217
51 180 347
1 109 144
80 107 188
73 167 240
12 46 62
29 96 152
18 183 269
27 174 207
19 98 119
69 78 238
71 89 170
41 187 229
7 86 109
30 139 175
14 1 39
36 114 154
73 37 148
95 58 274
8 96 112
23 127 150
66 180 253
82 122 210
73 46 120
37 103 335
13 158 313
19 95 115
17 23 56
34 24 91
31 42 74
28 4 40
29 78 128
53 46 127
51 195 254
65 68 136
60 20 89
70 196 398
62 20 101
71 128 233
58 166 387
21 172 334
40 174 317
70 147 373
38 144 183
69 78 154
30 23 60
81 92 351
24 27 55
2 27 226
14 25 67
28 15 49
50 14 80
42 48 95
35 94 146
91 2 135
85 164 250
48 23 105
93 48 150
49 58 109
20 5 35
22 80 106
74 47 145
28 169 201
37 39 83
80 32 267
93 53 172
56 150 214
27 179 265
94 67 274
26 45 73
35 123 186
23 124 150
99 199 341
87 31 316
68 143 218
4 15 169
56 72 132
50 150 205
12 35 56
40 95 178
47 173 222
71 89 248
74 130 213
50 146 243
36 4 44
19 96 186
100 153 369
51 23 85
54 45 103
58 189 251
97 161 333
98 145 301
56 128 226
23 63 190
85 74 242
58 117 182
30 97 141
5 42 146
30 83 160
80 157 245
99 163 298
92 112 281
11 31 42
29 55 98
14 173 197
54 93 251
33 171 204
20 110 313
66 29 200
46 141 263
77 193 291
92 1 94
58 128 188
64 125 198
80 96 199
93 96 195
88 121 274
76 67 144
79 126 214
25 62 119
32 170 205
28 72 106
53 130 213
56 2 60
30 15 50
22 19 44
21 61 83
2 159 161
40 123 167
3 17 27
79 161 252
40 109 209
40 105 147
69 135 217
51 169 235
47 88 288
78 105 212
50 193 282
47 186 256
3 198 209
87 162 255
47 21 155
55 8 220
67 173 244
92 182 293
98 100 200
79 130 325
54 9 64
44 139 189
47 145 211
52 155 323
83 39 126
93 127 264
42 197 263
28 1 35
34 24 245
21 121 171
9 180 204
71 156 260
95 33 172
68 119 223
14 147 168
89 157 247
74 16 130
64 145 211
95 17 157
19 131 158
34 43 218
91 91 186
99 183 287
49 114 194
28 53 83
53 48 102
69 159 251
23 191 223
89 196 320
63 32 264
22 155 182
60 161 233
74 179 256
100 122 385
66 157 238
76 112 190
24 158 183
28 26 63
55 89 146
33 1 194
17 175 293
52 39 95
53 32 91
2 71 171
2 98 115
11 137 301
25 1 28
64 154 281
85 0 86
44 29 75
63 97 209
83 151 370
93 33 204
70 0 99
95 53 339
26 28 70
81 72 157
99 154 263
98 7 146
26 160 192
24 60 234
88 26 120
62 155 341
27 89 301
33 20 149
31 10 91
44 176 222
70 138 228
96 95 201
81 75 287
6 54 65
91 141 238
28 195 381
5 7 24
11 91 136
1 189 193
31 119 222
52 192 281
91 5 100
72 47 158
67 138 247
54 65 124
17 199 221
40 176 216
70 187 275
6 85 100
40 0 50
43 114 157
93 74 196
56 55 134
80 90 174
9 137 153
42 13 89
58 33 138
75 78 200
21 187 212
35 99 135
29 73 111
37 176 216
17 107 127
68 25 112
21 174 244
56 33 285
99 128 336
6 163 172
10 40 85
46 113 168
67 104 277
4 1 156
99 90 253
63 77 143
2 22 203
67 56 281
68 78 151
10 138 149
27 16 207
37 167 213
73 157 237
93 115 240
28 126 162
2 188 281
6 156 257
23 154 177
74 200 277
36 147 226
74 73 200
15 11 38
49 115 166
80 168 251
22 6 56
11 83 147
11 39 59
74 54 261
13 127 200
49 178 236
32 187 256
30 35 261
47 22 77
52 6 164
82 78 191
8 161 173
54 47 119
67 100 322
13 172 220
90 155 255
86 33 127
34 34 73
40 15 61
26 188 245
92 76 270
25 27 61
81 164 373
98 34 138
38 20 103
17 142 161
67 124 194
90 151 269
11 23 34
31 118 227
8 183 192
55 61 166
48 126 181
55 5 65
71 18 248
23 79 104
56 179 254
37 94 136
100 154 255
72 45 121
24 4 28
49 25 111
13 95 127
52 42 96
54 1 224
91 58 185
37 132 173
39 12 53
54 135 197
61 184 278
32 73 109
7 82 126
83 86 174
30 74 151
18 188 223
17 15 218
19 161 368
28 84 185
97 75 181
32 62 127
21 62 102
45 6 125
45 1 46
75 123 199
22 14 65
67 168 351
96 70 324
29 67 121
96 54 153
62 0 67
9 137 153
77 175 295
60 51 154
10 26 44
2 197 245
73 192 307
38 105 144
53 20 116
43 27 72
81 200 281
54 111 197
23 32 61
67 90 203
15 3 62
87 7 239
58 118 176
49 195 246
3 98 110
78 142 372
84 19 224
86 112 221
55 187 243
60 20 81
66 139 221
74 128 217
66 130 196
21 63 84
9 84 132
14 189 214
86 35 314
75 148 226
55 30 87
28 113 224
44 47 103
29 75 114
70 62 317
89 176 269
30 12 43
29 194 422
80 157 244
19 47 77
24 193 226
16 180 208
69 82 156
93 134 235
13 52 103
87 138 422
59 179 268
25 81 111
53 99 196
84 196 285
39 12 83
47 13 167
82 54 307
89 97 327
12 53 259
63 12 238
11 97 129
85 157 289
31 73 260
11 12 27
74 63 295
15 37 52
4 34 41
80 2 266
58 158 410
77 66 198
68 43 186
59 120 225
3 139 159
33 144 310
17 53 81
14 10 34
22 70 115
16 66 145
75 163 241
32 97 155
52 72 127
51 134 269
74 165 299
72 69 159
12 115 130
64 36 112
61 124 234
87 88 179
28 94 129
6 71 125
55 7 96
52 137 272
71 75 152
100 120 225
40 3 93
99 12 171
27 144 206
53 162 367
90 141 428
71 141 253
51 172 227
58 129 292
69 184 262
37 184 228
17 13 31
34 184 248
73 146 248
22 49 81
65 178 267
9 37 50
66 155 243
54 140 387
45 178 297
71 147 223
56 31 91
96 29 174
61 134 203
20 108 177
45 178 225
87 76 176
64 88 158
13 18 159
98 158 435
17 124 148
82 30 190
30 80 120
47 8 232
5 172 257
30 137 168
74 134 228
79 92 200
21 63 88
55 44 117
82 103 187
41 91 286
98 148 252
34 163 264
71 3 99
61 129 238
78 105 202
59 6 69
72 198 275
78 179 302
98 60 181
60 44 193
54 56 174
71 136 240
69 94 216
49 39 280
47 74 264
85 68 188
88 49 140
72 51 295
76 189 312
71 117 190
95 170 446
80 175 256
5 4 52
96 134 357
61 110 173
65 193 264
60 72 154
95 112 207
25 63 92
91 110 201
50 140 311
65 144 214
25 159 189
2 59 61
80 94 194
51 123 211
88 197 295
4 4 32
94 68 192
58 46 153
16 71 93
95 116 235
75 57 305
97 25 132
89 97 196
40 128 184
26 154 362
8 6 23
58 105 173
36 32 155
19 4 151
87 36 266
5 9 19
23 27 52
86 8 125
20 104 239
11 190 256
40 27 87
53 18 121
45 162 208
53 168 267
24 21 68
5 135 144
33 51 108
87 173 306
8 46 90
45 181 227
56 113 210
98 9 113
7 62 225
53 38 114
21 13 110
33 92 125
18 21 42
28 121 157
99 0 287
67 98 231
12 83 97
28 19 92
2 185 196
56 138 210
41 182 226
75 123 198
75 142 251
99 67 176
48 195 292
47 80 129
50 13 73
12 65 213
37 63 102
39 31 86
59 12 259
92 131 230
38 44 87
69 183 282
26 129 159
60 194 328
16 114 131
64 193 266
39 65 138
99 1 114
96 63 175
47 184 246
15 66 90
4 164 178
70 188 266
94 34 140
66 18 92
50 27 106
59 74 133
63 20 111
70 146 333
5 155 168
40 124 278
26 116 152
57 175 321
29 58 98
2 38 68
63 54 118
41 59 100
28 29 163
26 113 141
97 186 326
10 97 130
37 113 158
51 100 160
21 5 27
13 30 45
47 114 164
42 178 299
49 51 139
72 40 162
2 162 171
60 163 301
70 104 183
16 11 31
75 17 102
52 43 136
15 199 219
6 108 121
57 77 314
49 44 112
21 71 99
24 158 189
40 185 352
72 118 199
62 59 272
9 146 173
30 140 354
76 30 133
57 200 289
46 21 69
15 62 129
96 0 140
15 145 166
90 147 242
27 55 133
62 37 123
4 78 85
44 47 266
8 6 93
20 183 211
90 51 141
84 174 317
100 67 173
6 186 304
77 105 187
94 41 312
9 181 195
68 75 145
50 77 224
40 68 172
13 147 161
71 149 228
78 175 263
94 6 149
13 193 376
10 26 174
31 198 290
76 8 198
39 145 252
70 99 233
56 19 76
18 199 226
65 71 141
27 112 147
68 5 105
75 151 239
61 173 238
43 174 246
90 122 216
71 16 96
98 102 349
84 184 275
84 68 278
84 83 172
20 38 90
30 79 111
15 123 141
35 87 159
49 129 196
35 188 293
94 38 149
36 39 101
97 139 238
47 146 223
51 139 209
71 5 151
20 65 102
52 59 128
96 101 212
50 153 356
