510
80 3 83
33 164 199
48 130 178
67 31 115
7 1 16
73 135 236
98 13 235
65 165 235
37 167 241
80 193 324
52 184 245
9 129 139
71 163 259
27 196 252
9 44 95
27 18 88
48 110 182
97 89 193
85 106 314
37 181 225
55 54 112
81 137 228
33 155 245
50 113 211
17 132 149
59 73 180
82 197 287
86 36 251
38 107 189
78 7 86
22 15 150
31 30 62
5 15 31
41 20 71
39 114 190
4 127 299
23 33 86
40 114 157
16 8 31
65 171 328
66 177 271
14 65 84
58 116 174
22 39 70
24 74 153
90 61 155
86 29 152
49 0 151
58 129 187
34 93 236
62 33 138
21 72 143
71 26 135
70 102 196
60 10 72
16 163 185
78 77 231
3 50 61
2 64 132
84 99 186
84 60 306
57 53 129
75 2 192
43 55 108
36 140 307
83 115 206
56 91 153
21 142 299
53 109 191
67 135 228
92 77 170
36 3 53
40 195 241
55 111 187
32 112 178
11 95 140
7 117 223
33 179 222
91 22 118
8 109 167
53 171 232
88 1 116
46 134 197
62 93 191
38 148 202
75 144 228
61 131 254
55 34 96
88 23 240
77 185 264
91 76 167
94 0 109
18 33 61
37 45 236
56 60 120
36 86 129
82 184 272
79 181 331
93 111 353
92 12 148
90 157 291
25 156 188
19 155 176
68 99 167
1 122 206
86 104 224
9 89 136
96 72 189
88 55 150
63 112 361
37 195 328
86 3 231
91 5 104
3 168 365
74 185 288
7 196 339
56 89 179
24 133 328
12 51 63
97 174 276
52 97 167
2 200 369
82 143 230
8 16 34
38 53 258
30 23 75
65 49 123
20 16 85
6 187 379
100 14 118
37 19 208
82 171 258
55 143 254
14 69 270
29 74 153
36 21 107
43 178 240
4 34 205
76 127 279
96 65 163
77 136 314
96 197 334
66 150 223
52 69 137
98 194 401
71 103 194
17 112 166
13 103 126
44 115 321
11 171 348
40 153 202
65 99 167
83 168 261
65 177 276
31 120 211
9 27 63
96 187 288
86 83 184
68 198 344
11 152 243
79 150 235
48 5 80
64 189 291
74 49 314
73 177 291
93 142 240
3 173 216
65 172 243
45 53 101
50 180 252
97 45 166
19 182 205
10 64 111
5 166 181
6 199 225
88 98 192
94 12 127
31 169 210
32 89 141
37 167 382
25 187 218
18 195 350
76 184 261
18 74 111
24 22 86
71 41 207
65 152 238
28 81 135
22 10 154
48 32 87
64 160 226
48 108 308
39 58 216
7 52 77
61 157 221
48 148 196
43 39 160
77 1 90
95 28 125
44 195 266
99 124 422
28 135 207
9 103 130
79 156 290
9 125 237
97 129 233
20 28 55
66 51 271
46 198 249
9 165 175
60 178 330
31 190 268
80 28 108
84 140 313
33 111 146
81 148 421
31 100 168
31 120 262
70 189 259
7 93 102
75 191 267
44 155 328
66 68 253
4 160 172
75 76 156
34 114 305
65 132 207
59 137 387
65 23 101
58 126 204
10 6 18
76 71 153
1 85 117
91 153 252
53 172 287
57 77 139
80 18 102
83 167 266
74 172 392
43 164 399
53 35 101
37 120 308
75 194 273
81 35 226
21 175 224
80 200 357
12 82 101
62 168 235
41 41 100
31 28 63
51 5 86
60 58 119
61 138 205
3 118 169
83 58 162
75 124 237
92 11 105
8 24 121
33 33 69
87 79 248
72 86 167
83 136 263
12 105 122
96 189 334
27 8 36
54 172 229
45 102 158
65 76 326
20 164 290
72 165 267
93 178 342
33 195 235
56 69 126
73 155 235
27 157 189
22 85 157
62 96 166
15 136 158
33 174 225
42 176 232
12 21 143
72 85 169
58 4 100
21 68 95
20 62 110
64 31 100
49 159 208
56 140 235
98 53 152
4 127 185
50 5 86
58 156 365
10 39 50
15 150 169
34 161 203
30 111 178
52 108 201
80 192 300
5 82 93
19 162 202
67 116 189
36 173 246
48 155 207
68 193 323
83 117 205
19 82 105
92 3 281
47 11 90
92 199 296
48 70 157
34 10 198
50 199 259
51 188 243
93 99 392
31 173 329
10 36 49
27 12 46
84 17 238
62 51 218
82 133 251
47 194 260
73 105 178
20 63 87
17 101 123
9 169 309
75 110 189
75 137 234
83 42 282
27 4 214
86 19 114
81 189 272
62 79 142
85 75 203
67 24 91
2 75 80
60 90 294
98 11 144
84 34 282
38 163 208
88 3 110
43 23 110
77 27 104
21 150 179
78 144 242
31 20 242
6 171 183
85 192 358
69 85 155
82 95 183
24 26 64
72 81 220
69 31 109
64 78 143
29 163 219
29 67 106
30 42 206
25 113 178
89 144 233
11 82 109
3 105 220
47 80 154
30 37 99
68 64 152
1 104 114
46 68 114
33 67 131
6 145 163
94 33 127
97 194 328
35 73 126
49 151 313
53 94 292
60 148 210
37 123 263
41 53 140
5 102 203
84 140 282
99 42 181
36 146 367
80 183 290
56 53 148
34 5 39
92 138 240
3 68 83
9 198 355
31 130 260
79 94 177
54 174 275
73 13 241
70 96 256
60 48 109
57 100 164
73 148 229
53 54 139
7 178 306
7 156 170
18 150 172
85 147 376
95 122 222
59 184 278
89 68 167
83 162 254
40 125 169
75 18 221
82 196 379
6 11 17
36 159 202
18 81 147
69 59 182
68 151 254
31 34 72
55 112 260
5 122 170
18 104 130
7 5 21
25 30 226
60 91 260
67 145 270
54 116 173
17 62 165
66 12 87
14 10 26
6 82 286
90 47 175
53 137 285
58 114 202
88 143 234
29 4 56
7 170 181
74 164 248
90 118 244
88 147 245
47 97 177
60 5 223
65 13 83
79 48 138
55 26 90
84 197 285
19 173 269
41 77 147
59 180 335
56 164 252
33 23 68
57 188 256
69 58 128
18 151 176
80 37 117
96 130 226
14 199 213
65 45 273
10 63 81
44 96 188
78 87 165
67 177 353
9 115 134
41 1 48
86 21 136
79 143 229
18 115 142
7 63 78
53 8 63
78 104 245
4 145 191
27 136 204
68 197 456
26 121 153
14 84 228
78 16 135
47 53 148
96 5 108
80 60 146
38 114 289
87 193 290
58 142 399
58 104 172
98 11 152
92 23 118
13 175 190
26 98 164
92 41 159
72 181 287
98 146 250
40 84 174
40 21 67
37 145 198
83 122 248
66 185 345
62 33 235
46 114 206
78 76 210
17 196 218
2 88 93
45 84 153
5 98 104
53 178 261
55 33 90
32 177 246
73 9 214
91 50 142
47 52 276
98 100 200
82 5 132
78 20 234
1 195 197
27 31 62
40 104 152
69 93 196
29 20 202
78 188 297
25 93 118
