340
22 54 263
45 68 206
49 91 152
62 122 289
77 188 275
7 107 295
37 198 377
53 180 239
67 98 281
68 133 211
90 164 257
75 17 103
81 21 105
69 152 229
87 158 249
17 62 228
7 91 119
89 129 245
58 185 250
55 26 104
49 177 226
54 104 164
46 86 148
23 36 68
52 147 207
27 200 228
89 165 326
63 62 160
33 156 196
70 81 157
19 121 187
58 23 88
25 169 375
70 33 107
66 147 411
24 68 102
76 1 88
76 129 302
5 104 112
65 145 305
14 72 107
15 116 155
36 10 66
25 97 151
53 56 138
30 113 152
89 49 181
15 47 75
43 18 111
2 132 159
28 13 47
72 171 276
39 110 179
74 63 142
10 92 150
43 167 249
27 184 224
82 100 349
53 64 181
74 11 120
13 26 39
76 183 267
79 98 184
68 118 286
72 86 159
8 111 140
33 51 225
57 133 198
18 125 149
91 146 246
90 169 265
62 187 257
41 151 200
13 90 181
68 28 101
81 101 348
74 62 182
51 103 157
31 164 207
82 17 107
53 12 66
54 28 282
67 125 334
49 54 110
53 124 186
91 36 130
98 58 337
73 113 193
15 60 123
93 165 406
20 170 349
74 116 193
12 157 219
67 71 244
94 21 124
39 73 224
71 158 293
14 126 195
61 176 237
41 111 301
57 77 134
59 166 370
9 148 232
41 175 223
98 159 270
62 177 421
35 19 56
20 110 179
94 106 209
74 93 167
14 168 184
74 125 228
48 65 129
67 92 248
38 73 151
8 84 93
5 176 191
71 4 76
7 116 123
98 70 196
73 176 253
81 108 235
56 25 87
48 171 219
87 21 114
58 89 274
71 34 254
19 155 208
26 121 147
89 101 197
100 159 266
20 115 135
56 103 185
23 73 97
30 153 302
65 57 131
40 29 167
55 22 87
57 90 149
5 70 85
100 95 375
19 46 74
86 105 191
82 133 222
42 159 219
56 13 118
100 119 222
51 122 174
10 151 234
87 83 202
20 63 188
47 16 67
74 160 381
94 12 167
18 67 134
31 173 214
45 1 152
6 28 91
69 43 125
91 71 165
22 181 226
30 62 134
5 156 181
8 174 370
77 81 280
29 135 177
92 153 248
14 172 374
86 61 167
40 11 61
17 119 183
30 139 177
54 87 153
80 130 219
36 192 260
67 86 318
16 77 99
15 175 222
60 60 152
84 180 305
2 1 13
38 77 138
45 29 82
45 91 141
90 23 116
65 15 89
50 14 66
60 66 135
86 94 201
49 52 109
98 67 199
7 115 164
53 3 56
95 55 198
24 93 124
94 62 156
82 116 198
41 51 288
16 32 132
73 68 146
66 76 148
91 187 288
82 70 216
23 99 146
91 43 161
3 164 183
41 69 131
95 8 250
72 67 145
93 47 140
37 33 76
17 137 160
37 170 358
67 51 160
67 137 242
59 68 129
72 106 337
52 24 133
81 172 281
53 11 88
36 126 208
63 169 368
72 91 169
89 116 237
79 35 115
69 141 216
69 45 133
15 23 87
55 155 298
34 9 194
93 33 155
67 103 174
98 20 146
44 95 139
78 30 112
61 132 209
75 184 261
27 158 365
30 51 213
27 118 149
59 29 98
96 31 178
77 148 225
19 156 177
26 71 105
79 87 203
82 167 251
84 117 202
78 191 411
12 65 165
44 160 213
17 82 170
84 199 327
100 139 243
31 83 203
14 135 163
62 162 255
24 43 70
29 32 127
64 117 264
21 79 142
75 178 262
30 146 295
26 84 129
61 58 290
40 199 362
27 65 111
68 193 266
58 63 147
43 121 179
57 153 333
41 60 108
74 192 267
82 133 219
25 70 144
9 13 175
75 41 126
6 111 127
14 192 237
31 115 148
30 140 176
99 55 329
91 32 166
79 152 407
68 170 249
20 171 206
41 79 128
80 53 272
26 81 115
67 94 306
15 117 136
71 166 291
54 186 325
24 159 297
23 121 229
14 52 69
61 126 197
100 176 286
29 16 51
39 92 141
3 137 188
54 5 87
75 42 127
46 107 160
75 3 82
95 174 276
62 122 194
52 93 240
92 89 190
35 63 101
40 42 91
16 173 227
98 123 224
66 126 243
77 34 245
70 66 136
61 7 73
6 164 175
35 56 128
81 83 173
78 107 194
37 133 185
89 73 169
32 2 39
19 141 197
22 62 109
1 40 48
17 61 108
40 5 75
24 185 216
31 29 141
45 130 185
49 59 212
12 80 238
96 25 288
6 32 51
20 2 38
71 160 248
81 177 393
64 16 124
