490
83 182 396
37 145 190
96 151 253
55 66 224
20 197 385
58 29 98
87 117 211
20 49 78
19 167 189
62 76 160
71 56 150
48 112 163
42 130 182
20 146 170
53 6 109
81 112 332
3 199 363
83 93 184
48 56 144
52 176 230
2 39 237
69 138 390
50 65 211
50 144 201
51 156 211
42 137 188
3 35 44
43 76 126
18 70 112
38 2 237
88 11 101
73 193 269
40 115 164
12 25 43
87 109 199
24 122 273
64 3 76
21 66 96
43 27 70
73 108 188
88 13 289
60 55 153
6 79 97
80 1 110
2 124 136
27 15 44
38 63 194
73 70 143
95 1 102
7 2 151
67 74 146
73 15 138
11 52 255
8 145 196
44 155 212
96 38 144
70 146 216
24 169 194
58 141 246
65 21 92
62 40 103
38 8 170
12 164 177
39 116 156
15 158 181
49 21 95
100 116 217
19 59 100
11 146 165
28 138 302
25 181 209
89 64 158
2 106 200
18 78 103
43 196 244
87 55 179
27 15 46
49 191 256
85 109 204
5 1 75
85 138 228
45 191 262
69 165 341
3 74 98
56 1 60
63 171 358
84 5 100
3 106 113
68 188 410
21 68 104
58 186 283
46 122 201
26 192 396
78 156 403
73 26 108
22 114 181
70 132 392
85 48 141
93 195 290
68 28 98
40 185 398
86 13 224
94 31 166
3 104 155
19 38 197
20 124 169
54 146 239
29 39 186
21 3 219
82 55 146
68 125 205
1 172 312
82 70 154
3 48 68
51 109 194
73 146 365
97 48 327
42 54 144
45 68 132
17 156 213
100 6 111
3 41 75
67 43 215
7 151 166
75 139 214
88 111 324
88 18 283
9 200 225
9 60 77
37 29 88
4 6 31
51 179 234
45 147 200
50 177 232
59 115 361
25 155 182
1 78 86
83 143 235
22 149 307
85 177 292
46 89 165
30 137 168
59 138 238
17 2 66
70 104 297
82 117 229
66 48 124
24 58 87
13 50 72
42 90 258
44 40 84
13 70 126
32 162 202
24 178 222
40 197 412
34 37 146
95 106 249
45 95 198
85 57 166
87 120 250
8 6 14
60 184 246
84 187 277
94 111 212
89 95 185
33 118 325
11 90 140
14 188 211
83 149 271
87 105 195
39 158 213
98 81 192
1 140 155
2 3 14
61 3 65
95 141 248
49 41 120
100 72 194
59 174 276
100 126 302
85 19 133
61 200 401
38 83 122
29 60 92
100 123 228
36 105 150
64 127 208
73 19 126
4 175 321
50 155 253
86 148 241
80 150 236
73 114 192
13 173 377
76 48 126
20 75 102
44 169 220
4 101 105
4 57 169
49 108 207
21 47 222
45 118 177
21 28 58
27 58 94
33 39 76
22 115 236
38 2 45
25 37 102
34 48 126
33 133 317
24 10 161
17 85 110
50 162 213
16 119 182
97 71 255
90 107 197
85 117 207
88 177 444
79 181 287
56 16 266
13 97 219
77 84 236
14 92 122
17 196 222
19 196 322
43 27 125
90 94 194
77 30 188
74 98 296
79 126 327
84 32 166
72 135 362
52 115 169
25 98 173
33 101 248
89 79 179
44 105 176
96 190 289
25 48 240
68 191 266
71 54 207
88 120 259
59 122 189
51 48 248
39 177 231
82 18 107
39 152 236
48 174 390
55 22 114
48 174 253
7 14 57
86 13 100
50 86 231
76 23 99
94 146 249
22 66 273
59 88 199
85 87 173
7 182 195
4 65 195
93 146 261
57 108 212
49 148 237
69 156 356
35 101 140
54 105 159
18 182 282
60 35 98
3 184 203
60 78 168
19 4 136
62 48 120
92 40 141
29 117 153
68 143 246
85 65 157
70 169 287
75 118 268
69 148 221
67 124 197
36 18 96
69 87 164
54 141 209
87 31 120
88 144 236
55 114 173
66 123 198
63 24 270
42 92 171
45 118 192
29 82 259
31 84 135
1 153 158
58 200 258
32 30 72
77 84 208
20 120 145
52 184 245
18 119 165
59 51 125
1 187 360
86 77 169
45 20 66
39 169 255
81 96 180
15 6 31
19 156 182
69 153 257
10 126 147
31 190 253
53 20 112
37 91 141
91 180 303
54 19 86
100 41 144
85 123 216
10 182 209
22 83 113
89 129 354
70 85 165
11 114 130
41 15 66
62 157 226
63 69 178
93 37 163
3 61 70
57 75 166
90 62 232
45 97 148
15 143 165
5 167 203
33 7 40
72 156 373
31 21 61
15 10 56
60 83 149
52 85 138
65 71 145
66 8 107
60 135 204
61 103 169
12 193 389
99 184 394
17 128 151
26 11 73
44 184 260
7 74 85
3 26 64
95 123 267
37 135 178
49 149 220
42 187 249
95 44 159
39 136 267
2 110 256
17 112 140
98 71 173
47 123 172
45 90 157
51 170 253
56 160 366
32 76 112
87 87 346
56 70 176
31 94 201
76 129 214
37 131 178
5 13 133
54 153 356
24 51 75
77 8 94
58 138 201
95 34 255
97 174 338
27 45 89
62 175 240
49 118 176
45 168 217
45 185 273
63 94 164
35 64 136
19 51 78
100 156 377
31 76 113
72 141 336
60 126 370
57 34 107
86 74 170
57 96 191
99 196 305
43 135 184
90 191 319
72 41 115
63 193 405
66 67 143
69 18 182
42 111 175
20 39 70
1 106 130
30 132 163
72 33 266
60 58 118
3 147 239
81 148 239
69 64 177
85 100 274
88 66 161
5 198 261
3 155 294
90 97 207
18 67 120
31 163 199
73 145 227
17 126 145
24 91 213
91 181 358
55 95 302
48 123 186
9 100 152
61 156 261
59 17 261
95 81 327
57 60 160
20 184 246
55 113 199
57 72 164
71 88 202
56 191 248
28 49 77
54 138 345
97 148 289
35 4 71
41 176 245
53 170 230
14 0 24
53 8 67
92 71 276
43 19 71
39 2 75
6 133 308
29 100 135
7 154 285
19 183 204
87 199 306
73 60 221
60 154 334
36 9 50
1 68 76
77 125 247
14 34 184
55 171 319
37 70 114
53 99 181
3 34 39
8 185 242
9 113 170
49 79 129
13 100 122
78 45 154
78 110 196
22 97 123
75 124 208
87 5 117
25 170 203
74 114 284
17 96 115
38 39 78
26 36 68
42 86 164
27 188 223
85 138 231
64 187 260
67 80 152
98 164 336
78 18 274
58 158 225
84 170 437
23 184 208
77 34 141
91 1 97
33 155 189
48 24 78
67 18 86
20 91 123
76 50 169
53 110 185
41 34 76
49 38 89
92 44 147
57 124 358
