230
67 173 243
64 111 185
99 85 184
10 182 217
68 48 133
58 110 173
50 128 375
29 127 255
37 7 44
62 125 253
99 56 174
35 107 182
12 109 221
4 51 239
42 133 175
13 67 105
79 82 170
46 150 321
97 136 255
33 94 299
43 163 214
51 161 225
51 155 209
91 110 240
62 196 273
18 184 215
26 71 106
21 101 132
93 193 358
5 168 200
57 135 196
58 93 186
75 68 171
35 157 199
63 45 114
10 199 252
16 45 118
20 116 172
80 64 154
82 156 241
79 86 357
2 147 158
30 49 126
82 148 231
85 9 97
48 5 65
42 88 131
18 121 161
32 49 204
12 31 72
22 165 196
39 122 221
51 112 255
76 186 271
30 186 222
51 31 98
30 184 237
56 61 143
42 43 226
86 121 240
33 178 215
47 74 128
64 137 211
82 153 281
36 109 147
88 78 189
55 97 192
82 199 316
87 126 254
20 163 185
98 172 353
87 53 179
45 61 131
9 169 367
93 183 316
49 108 161
14 162 329
84 192 286
21 111 139
96 50 168
9 189 211
47 5 60
83 42 142
46 2 49
21 22 78
48 40 128
43 44 191
1 200 207
37 193 239
88 42 282
18 185 218
47 40 233
2 141 150
31 186 237
25 84 113
27 130 260
2 167 170
80 182 273
81 67 152
53 169 292
98 182 313
50 66 125
10 8 205
99 147 295
99 118 220
57 185 242
91 17 283
78 111 238
51 106 201
57 56 121
21 176 388
37 57 134
85 36 123
6 190 241
55 182 242
29 192 277
12 58 115
100 64 171
53 158 212
70 90 164
22 160 185
76 19 110
50 165 371
68 19 96
74 81 229
77 174 253
84 195 315
58 90 158
87 151 267
65 196 271
91 28 192
14 185 294
9 169 179
12 188 203
51 60 115
79 97 213
17 4 40
86 189 323
16 126 199
45 162 251
93 68 184
45 136 184
64 26 100
92 60 263
19 154 198
99 104 207
79 92 350
84 184 283
5 105 111
2 84 108
79 53 247
37 33 77
22 41 160
68 74 178
12 84 100
28 191 221
19 34 101
18 196 363
46 65 145
83 137 251
49 42 97
49 109 168
2 53 82
4 136 149
30 107 248
31 6 43
46 99 152
62 73 169
23 92 124
67 192 323
66 39 108
26 137 167
46 122 203
60 1 63
5 115 134
20 112 139
53 83 158
41 104 195
7 108 121
17 26 99
28 153 181
7 71 214
72 102 177
14 17 54
91 81 262
79 74 160
24 178 203
54 165 229
81 54 143
75 61 140
85 157 244
83 51 220
51 46 213
56 47 110
8 142 152
86 78 166
2 144 175
6 28 39
95 131 319
65 91 200
73 158 234
15 66 137
50 35 111
77 58 137
19 136 157
91 155 259
77 153 404
96 11 139
57 73 136
92 96 231
33 149 182
7 64 93
30 22 67
86 87 179
54 88 145
3 25 167
51 174 254
62 27 115
16 196 216
59 151 367
17 142 264
94 50 170
57 19 136
55 143 286
86 138 411
7 165 176
84 72 156
85 196 456
17 84 110
3 108 259
