480
61 18 80
90 61 151
33 62 96
47 182 420
51 24 76
27 92 293
27 37 93
11 164 228
5 39 49
61 10 78
55 153 396
48 25 121
69 31 116
95 148 264
27 67 103
18 34 56
75 7 167
98 45 143
91 61 156
95 21 118
78 125 210
30 40 93
31 175 221
16 72 132
65 187 262
30 82 233
26 149 182
60 108 179
11 148 165
49 16 67
22 21 46
8 156 173
100 124 254
55 10 105
42 6 53
43 183 405
53 120 364
68 64 134
40 67 114
7 121 246
39 34 110
68 72 156
24 150 212
23 35 68
89 132 233
24 153 184
18 163 203
18 90 108
36 112 176
90 72 171
41 121 192
61 127 290
43 101 173
39 119 161
89 62 157
85 140 415
1 22 23
34 79 134
97 189 290
89 144 312
15 45 106
97 158 417
50 178 231
65 67 176
32 120 180
15 1 24
11 176 310
39 20 67
79 18 124
18 59 123
11 174 297
64 78 183
51 47 203
78 54 139
93 53 294
98 64 163
87 169 343
46 127 312
55 122 377
78 67 343
11 56 77
55 25 91
54 25 82
84 62 222
59 187 284
84 153 256
18 153 186
43 191 238
70 96 201
52 109 346
23 32 253
21 104 127
77 73 161
1 170 179
48 68 124
40 90 130
33 99 142
45 117 173
91 68 165
21 126 186
54 111 165
25 59 111
31 35 222
78 73 178
96 174 466
48 85 256
37 27 72
100 179 378
22 138 258
89 30 183
23 32 61
70 142 239
55 121 192
81 143 260
6 9 23
48 20 71
22 182 204
47 13 84
20 105 138
42 70 140
16 40 94
13 110 151
59 151 220
31 108 325
43 121 166
71 163 239
36 196 255
90 126 401
28 99 158
13 115 128
4 187 201
89 33 125
82 58 143
16 0 16
30 58 106
69 176 251
22 141 168
13 7 51
5 133 164
51 187 240
60 59 268
99 39 146
28 80 114
74 195 291
53 117 176
36 12 164
17 81 286
94 88 192
95 149 409
97 80 177
77 153 349
66 69 201
25 56 241
15 171 192
67 58 147
75 199 284
93 177 271
61 182 273
40 43 119
70 54 126
77 32 110
80 190 305
67 61 177
86 0 90
27 29 57
53 192 266
11 10 202
17 6 130
98 146 257
10 130 141
89 87 182
50 200 337
22 36 66
85 10 104
12 8 28
50 57 110
45 73 252
86 54 186
28 65 107
14 162 181
53 109 194
85 127 232
28 79 113
68 15 126
62 162 253
13 39 57
13 24 40
60 37 237
5 73 182
86 168 280
12 84 105
83 39 125
86 49 300
72 152 365
19 5 32
71 159 280
96 92 190
27 176 389
7 22 65
39 104 154
25 62 99
8 86 115
33 119 309
39 28 68
35 125 188
10 188 265
82 33 147
100 60 210
48 95 175
31 195 233
65 60 146
31 176 212
72 48 131
61 111 191
24 43 108
87 111 202
26 115 227
88 194 288
32 162 253
12 180 199
36 92 134
52 53 115
82 68 151
27 28 91
75 114 290
23 58 202
70 124 392
8 77 88
11 55 102
16 64 142
61 15 87
63 162 229
47 94 182
68 101 242
62 134 312
15 85 100
53 84 144
93 154 279
3 0 48
38 196 272
41 174 290
21 148 179
12 170 204
41 151 219
36 10 61
60 67 131
62 18 174
64 146 254
63 159 231
35 48 131
73 118 195
99 88 226
97 104 220
76 78 216
78 182 335
50 146 228
56 84 143
58 177 269
3 40 209
33 72 113
87 175 311
29 58 110
18 180 362
88 180 292
36 90 160
47 29 86
31 129 174
49 113 167
39 142 350
86 64 327
82 137 246
57 42 124
85 159 254
18 46 73
33 147 202
93 90 183
78 51 242
39 139 354
41 195 287
31 72 125
89 27 148
96 17 119
52 98 157
69 114 207
37 4 68
36 138 177
41 50 91
50 8 172
57 48 109
70 36 281
85 22 109
79 166 254
16 98 114
100 0 128
27 38 176
11 83 137
80 198 396
54 94 158
30 195 312
72 159 238
10 163 345
15 147 170
31 45 79
67 155 247
77 160 358
24 11 39
9 83 114
80 95 185
27 63 123
96 142 239
43 170 270
71 2 222
54 14 81
15 70 127
55 92 170
41 108 339
70 25 104
14 12 28
10 41 90
65 106 171
4 5 10
90 177 267
6 114 123
97 113 212
29 11 79
3 30 50
39 146 194
51 120 171
61 199 260
26 137 164
12 183 369
46 119 171
67 90 164
55 105 331
64 137 204
44 151 325
6 61 86
89 132 269
70 53 126
29 48 85
64 68 249
90 143 235
12 173 357
78 86 172
92 151 245
27 179 340
52 52 108
82 61 343
28 180 230
93 101 350
91 73 172
92 171 287
18 171 278
94 98 192
71 62 136
87 164 265
77 16 103
51 39 227
93 3 142
67 189 330
62 24 88
28 184 368
62 145 212
88 123 248
47 85 245
38 88 207
78 184 339
74 28 259
81 195 282
29 152 189
36 67 280
63 170 237
70 92 194
11 112 178
8 120 170
42 184 253
83 170 259
16 15 35
62 62 194
33 188 224
65 189 287
72 13 93
60 58 217
95 133 232
54 140 349
82 132 217
2 113 217
48 63 120
61 118 180
21 196 221
46 103 156
48 5 99
63 86 158
7 70 77
44 12 63
76 24 104
59 182 397
97 109 367
60 190 281
36 152 198
1 175 183
69 155 236
38 44 104
33 164 201
67 122 231
75 53 140
84 169 262
48 36 208
93 30 241
27 98 259
91 55 146
70 67 166
13 177 219
58 165 234
10 42 94
30 194 274
11 166 321
100 159 346
40 182 337
94 46 163
57 200 257
50 136 189
65 163 410
100 123 227
5 36 50
72 10 87
7 1 15
98 15 139
3 32 63
80 98 178
18 162 212
100 36 144
39 14 214
29 189 413
73 100 191
86 15 113
46 185 235
30 164 202
24 119 146
100 104 213
6 44 75
22 198 229
70 180 288
6 170 336
58 81 306
24 90 182
99 130 361
63 139 275
70 118 224
38 29 106
18 158 177
48 101 192
32 181 223
68 138 210
70 93 251
85 113 201
34 77 112
78 10 136
74 25 109
74 160 303
56 25 88
52 37 119
79 177 262
4 49 78
80 2 195
39 75 254
93 40 180
68 95 164
90 96 233
55 32 98
90 104 201
54 45 271
29 59 104
13 25 88
98 199 334
64 69 163
91 67 159
78 74 170
7 171 183
19 114 134
