730
11 119 287
32 25 64
57 126 204
56 4 65
19 156 199
54 163 231
21 171 252
13 85 220
98 146 250
20 151 198
56 165 375
44 81 133
74 53 161
48 12 66
98 146 254
55 152 310
63 27 105
79 138 235
98 198 316
5 7 44
59 176 240
72 183 256
10 128 149
45 113 300
23 130 282
72 134 330
50 29 81
33 5 45
36 193 318
47 146 326
80 79 223
70 155 368
89 153 260
4 95 114
49 140 196
23 123 152
8 117 187
95 37 144
43 58 177
88 197 289
12 170 310
56 90 151
34 97 136
17 102 168
34 120 161
20 192 240
83 176 267
80 161 247
29 22 129
60 144 341
83 89 172
46 93 148
98 190 321
22 168 200
35 198 245
30 55 94
64 85 153
18 116 144
86 30 159
37 4 47
99 76 201
70 167 247
8 101 147
79 116 221
9 17 96
54 50 149
17 47 66
62 99 283
72 93 173
57 197 263
53 35 223
37 87 173
19 123 194
10 174 186
14 10 212
33 45 87
59 19 80
22 94 150
48 186 244
42 157 213
80 86 190
22 136 178
39 98 144
23 72 102
49 16 202
96 2 121
43 149 240
66 12 116
48 61 116
14 69 100
78 194 331
39 140 207
29 94 150
100 121 230
28 130 273
34 177 214
5 115 125
69 145 236
14 80 192
17 79 278
37 181 221
59 140 304
15 112 131
43 96 145
29 131 176
32 98 130
38 43 126
57 9 68
56 110 269
95 115 297
89 138 237
47 153 243
82 144 238
13 70 91
12 37 57
10 30 46
69 83 158
82 195 277
64 19 83
64 169 240
83 112 202
28 85 146
35 117 195
95 100 363
57 126 184
73 191 269
1 190 210
84 175 291
37 128 188
94 104 305
54 191 245
82 92 306
100 129 236
41 187 288
34 189 223
97 53 155
70 45 135
23 177 340
35 173 240
31 192 333
59 70 214
29 3 220
32 78 272
37 42 81
65 64 130
92 161 263
70 173 262
77 83 176
12 89 286
31 113 192
28 10 44
67 88 159
85 73 195
88 29 185
86 72 162
28 22 210
32 2 148
88 111 218
45 92 177
85 58 153
97 61 194
7 120 137
38 4 130
97 147 248
28 99 171
94 150 250
4 104 152
68 33 113
44 156 237
68 111 291
77 54 136
57 125 192
9 38 97
43 119 163
59 1 73
43 44 90
34 94 173
69 37 154
60 65 177
70 3 73
51 109 193
10 127 183
28 150 368
78 81 164
61 18 87
92 120 341
25 148 174
58 35 125
67 12 98
53 130 200
27 75 197
93 71 202
9 111 121
22 165 187
33 177 241
55 94 156
71 24 121
9 24 61
79 12 98
69 14 160
51 83 136
95 99 224
66 158 261
22 63 93
82 47 135
17 51 95
92 75 238
10 190 208
92 7 101
40 12 135
91 107 320
49 103 160
87 53 271
98 48 259
85 186 313
19 149 173
44 144 197
58 38 132
30 174 238
44 69 121
79 160 250
55 185 256
2 149 159
70 159 233
55 148 205
34 150 232
37 140 183
31 182 267
20 59 81
41 37 84
67 186 298
23 5 206
53 59 161
53 139 209
54 161 284
20 200 316
90 90 335
39 18 95
70 140 236
46 177 226
12 74 118
14 155 170
17 141 164
52 173 272
47 134 231
94 148 251
66 191 411
80 192 415
7 182 216
84 145 241
15 148 191
86 113 246
98 170 303
63 194 267
24 186 251
11 183 195
71 116 194
56 1 66
59 74 136
76 115 197
98 186 286
7 158 174
7 20 222
62 97 169
89 74 345
86 97 306
48 11 64
45 8 61
63 84 151
70 64 329
19 188 243
20 26 49
68 168 279
1 67 161
1 11 17
7 163 180
25 156 246
31 124 223
23 98 124
46 84 134
9 0 9
27 119 195
21 68 147
2 188 190
23 43 66
53 195 379
98 61 160
23 147 175
66 187 402
96 182 328
14 139 162
15 1 209
66 126 192
45 147 228
83 137 251
98 4 111
25 96 127
19 44 94
90 99 192
78 97 175
100 71 333
32 151 189
10 28 80
86 137 254
4 71 104
67 175 246
4 15 21
41 93 140
24 76 127
25 67 98
43 27 228
99 197 326
60 155 296
96 54 151
33 23 80
78 14 94
21 148 177
27 103 137
80 74 184
50 86 146
11 66 210
41 191 239
54 195 257
16 45 61
54 14 94
38 35 80
60 96 204
45 19 206
56 47 143
39 95 139
28 103 134
54 31 118
23 11 77
71 85 157
1 128 179
47 28 81
91 30 124
11 69 93
40 166 214
57 89 155
42 24 106
98 31 129
13 75 108
81 135 220
60 11 105
16 56 75
19 18 188
95 150 245
35 129 171
98 100 293
21 31 201
64 39 105
61 24 244
62 108 259
86 6 137
32 65 97
92 36 204
42 167 324
83 97 305
36 55 141
62 46 137
92 85 187
17 40 72
61 68 134
10 10 45
27 38 72
16 199 307
6 56 112
50 191 269
1 59 60
79 126 214
28 128 162
80 37 127
48 194 285
26 36 142
16 200 226
11 199 252
31 71 125
23 22 195
80 121 232
73 188 305
62 39 104
5 45 58
78 158 245
76 101 177
98 65 207
92 61 153
17 195 215
71 67 159
42 96 173
11 39 51
59 30 110
88 130 245
78 52 136
83 21 108
8 153 170
58 131 202
16 138 277
10 52 68
15 103 125
30 83 113
74 24 100
27 22 54
3 70 199
22 23 55
70 46 140
12 4 81
65 102 205
77 107 188
44 106 186
62 53 143
93 60 216
48 178 314
2 194 202
3 126 179
52 82 139
86 151 245
70 92 168
21 129 172
20 10 38
34 113 147
1 170 177
88 3 102
50 54 131
88 2 119
42 3 48
92 160 254
44 87 215
92 171 269
69 164 428
37 127 185
56 41 140
64 105 245
20 111 179
99 15 120
80 85 167
37 43 87
77 72 293
8 33 179
58 111 170
32 192 227
91 67 246
11 139 192
30 197 338
49 131 218
22 35 115
80 5 216
23 71 109
82 14 103
7 99 108
13 117 177
87 178 290
80 42 168
30 89 121
54 73 169
31 41 103
70 127 213
100 94 200
57 110 186
48 187 242
33 164 220
47 127 196
94 37 315
76 78 158
12 10 161
1 186 206
45 176 271
25 164 264
43 116 244
26 157 190
27 183 353
80 134 344
88 68 180
97 94 216
65 197 269
55 181 246
67 23 278
89 110 208
92 19 144
30 175 214
33 24 84
70 70 150
42 114 247
4 179 232
26 1 47
22 73 104
18 12 131
37 53 92
70 159 234
20 57 95
97 142 298
12 90 173
19 165 225
58 84 143
77 128 398
6 95 110
72 20 163
61 48 113
92 183 323
41 66 109
61 55 120
21 43 97
40 75 121
34 74 144
75 155 254
65 58 268
32 153 207
54 183 242
26 56 118
18 190 225
17 68 131
33 105 150
54 139 238
79 200 287
34 12 156
92 29 130
79 6 183
44 197 246
95 89 191
60 152 217
76 82 176
20 32 90
74 63 147
39 139 184
8 101 111
36 9 207
76 128 266
87 97 215
83 38 237
44 11 80
42 81 265
59 124 217
73 149 229
19 64 84
14 127 144
72 182 264
21 153 174
6 135 173
58 84 142
28 8 42
70 69 176
92 174 294
29 192 229
87 20 123
6 179 234
62 94 165
61 43 131
69 151 230
45 113 348
12 127 142
33 5 43
53 155 350
85 41 192
41 139 360
31 68 103
38 107 147
24 100 203
63 115 218
72 90 163
51 52 225
19 57 108
16 98 117
11 186 221
87 65 160
98 79 242
14 101 123
76 172 269
91 161 303
28 153 192
24 36 96
31 91 135
8 97 150
94 156 377
51 19 93
6 98 146
80 150 422
50 133 193
89 83 221
31 185 217
33 65 136
83 128 260
54 51 112
65 33 107
98 116 214
83 192 384
84 29 135
42 114 244
53 72 138
66 148 217
29 172 314
8 102 133
32 62 94
79 135 294
84 46 136
60 30 119
38 89 140
94 198 359
17 9 177
21 12 62
63 85 162
98 165 273
89 22 139
58 73 138
52 0 103
95 57 192
90 52 203
72 6 87
31 33 251
16 108 241
69 93 186
75 116 207
29 144 235
44 122 175
56 166 270
11 81 97
75 107 207
97 142 250
80 180 263
48 147 249
2 64 70
57 9 140
20 47 128
3 86 91
78 135 213
79 60 277
80 199 282
7 190 349
21 101 161
91 131 223
39 45 122
27 45 227
6 94 107
23 7 70
95 10 291
45 138 298
78 157 238
58 66 215
22 166 195
90 43 137
67 29 99
85 141 229
28 13 58
25 193 381
24 63 93
12 135 290
79 126 309
51 189 240
9 109 250
40 65 276
98 169 315
59 63 122
61 141 210
18 26 100
55 122 190
87 175 265
8 120 130
5 29 39
45 70 157
73 83 158
91 110 202
15 145 167
13 86 203
55 26 101
72 17 97
36 126 316
86 165 287
17 120 228
90 9 271
80 146 236
91 76 330
16 3 219
99 140 242
30 172 372
8 115 309
73 21 140
91 111 209
85 9 99
54 16 72
26 32 193
30 190 223
36 93 131
91 111 206
19 154 210
73 6 118
93 78 178
37 179 344
26 114 142
74 181 257
90 102 346
59 129 304
47 72 258
39 39 84
49 146 225
53 111 323
25 65 96
1 155 162
4 18 58
42 170 262
32 140 181
91 145 240
96 38 145
26 170 199
78 140 227
23 197 270
61 27 142
78 196 280
93 62 204
97 126 233
61 183 399
75 161 237
18 132 192
30 125 186
86 144 254
5 153 164
80 67 310
90 100 192
43 76 126
34 71 109
47 191 297
87 63 214
90 139 239
80 130 216
24 32 86
10 60 239
60 94 291
4 66 151
80 48 178
97 199 298
91 28 131
21 170 197
