250
11 83 96
75 152 236
37 136 176
13 173 186
59 74 182
45 166 217
43 160 213
60 58 118
87 174 337
65 0 163
98 21 168
74 139 216
21 115 292
13 18 42
83 72 164
22 104 159
24 104 134
9 35 54
33 19 56
33 3 38
91 171 268
100 173 279
47 126 193
62 14 138
73 74 159
39 158 205
43 19 68
15 193 287
91 85 376
83 176 349
70 170 242
77 171 249
71 197 286
86 78 171
95 124 366
63 185 257
83 0 116
74 50 271
13 62 94
53 136 204
49 112 172
35 167 277
70 122 254
94 88 190
1 8 11
23 70 142
18 142 250
4 1 14
32 54 119
17 190 210
54 191 259
9 5 175
17 20 217
40 145 376
77 39 120
71 86 182
24 7 32
31 79 115
28 106 214
5 165 366
35 198 375
98 66 328
19 187 239
24 52 85
44 27 111
90 57 157
31 116 183
76 24 142
45 124 178
16 24 67
76 181 404
28 132 185
55 16 104
47 12 59
31 81 297
51 29 113
7 66 92
84 143 234
34 146 190
42 9 76
29 155 290
89 85 184
87 1 101
66 116 192
42 84 297
44 110 162
21 53 80
12 200 218
75 176 256
81 88 171
43 71 178
44 186 260
28 165 200
35 43 97
51 198 288
55 63 121
59 111 172
4 49 53
48 100 171
9 52 73
79 97 176
23 59 126
35 153 236
85 136 374
85 1 179
67 61 132
80 21 296
95 36 308
41 128 205
96 58 158
67 69 256
7 100 123
75 169 250
30 119 156
32 175 266
6 132 145
19 99 303
42 70 115
32 64 266
22 157 180
1 84 131
8 81 130
39 93 151
99 117 217
93 36 252
54 64 119
26 41 78
36 142 181
41 108 181
87 187 385
76 20 99
2 146 194
100 62 180
24 146 290
92 114 212
87 26 116
69 64 141
36 176 247
88 151 243
60 93 161
9 147 296
51 103 156
76 179 286
28 10 46
32 88 122
50 180 237
92 113 213
24 84 123
75 43 201
10 39 51
91 13 107
76 188 273
98 42 188
17 25 47
74 55 135
32 103 147
35 62 212
92 129 267
14 160 178
13 136 187
89 153 288
85 21 109
66 86 173
57 33 94
49 82 141
84 103 342
77 33 115
64 180 266
64 181 293
45 1 50
7 19 28
58 17 121
30 113 300
10 23 37
83 140 232
99 50 151
48 112 163
70 64 221
78 135 262
21 4 32
43 174 246
38 1 71
71 173 270
2 98 128
21 59 96
16 3 50
38 113 244
74 173 252
81 99 184
72 123 199
74 30 158
18 27 73
70 24 101
47 11 108
46 16 144
90 69 160
34 28 236
1 71 142
63 181 252
9 152 168
34 187 223
70 140 243
46 169 254
28 120 155
36 22 116
55 122 177
96 20 165
99 126 229
56 61 125
4 193 205
63 137 241
49 103 198
3 188 259
42 173 257
45 7 68
97 166 266
3 32 57
46 122 169
98 156 293
57 129 333
23 159 189
38 36 80
71 106 282
73 52 127
77 82 359
30 151 217
20 141 303
43 9 82
99 31 150
68 65 232
92 8 128
56 116 206
57 27 86
9 168 180
36 186 231
63 92 203
72 38 144
77 169 267
56 134 211
39 192 266
69 48 122
95 200 334
81 86 169
63 80 304
57 75 141
54 126 196
95 28 151
99 17 160
97 46 180
94 168 265
