620
25 108 140
49 181 255
19 171 338
70 67 238
100 116 266
81 163 246
5 79 270
28 15 96
78 155 233
59 2 75
39 54 140
70 44 309
70 25 279
70 155 231
52 53 143
1 69 72
82 114 202
3 190 195
60 146 211
95 7 128
75 178 262
30 121 157
82 114 347
50 58 172
23 198 221
1 60 107
1 60 70
44 180 335
45 179 227
66 79 328
30 73 278
6 17 43
21 32 55
32 31 65
63 180 271
63 44 132
16 167 265
15 144 312
95 156 269
42 67 144
45 161 207
21 152 182
38 79 121
82 167 290
1 143 152
50 87 146
54 144 208
69 62 206
94 174 300
90 24 115
94 13 266
98 171 283
31 49 83
52 8 66
30 60 90
41 160 211
44 39 88
50 189 250
25 175 216
88 68 167
3 123 287
51 128 186
51 111 169
20 21 161
92 182 293
64 101 172
89 122 212
96 145 246
62 10 93
61 56 216
51 47 142
24 80 128
75 169 244
89 187 279
81 49 144
67 53 154
42 185 248
62 176 248
75 58 188
99 141 242
91 30 129
6 46 115
53 89 147
26 154 183
92 153 252
4 106 159
31 157 354
45 89 139
91 150 248
91 173 414
72 145 256
80 176 260
82 118 204
28 42 108
9 29 71
94 9 131
48 194 244
61 87 155
40 5 49
88 87 207
70 109 188
8 124 176
37 91 138
85 159 246
39 2 64
13 36 57
17 167 184
64 26 119
27 79 120
54 113 211
79 100 180
20 104 187
12 69 137
74 129 358
57 140 206
81 143 329
23 103 174
39 89 128
93 162 376
6 6 35
88 106 204
73 28 111
60 140 394
66 10 76
83 30 161
76 152 228
4 101 114
39 152 271
39 40 86
91 103 194
87 64 154
76 38 121
56 131 188
90 141 244
38 113 212
54 35 114
61 58 123
26 60 98
47 96 150
12 67 81
27 145 199
50 23 79
56 126 182
99 63 170
1 46 62
11 96 251
10 14 31
86 89 330
83 191 296
98 186 292
23 124 153
9 50 61
84 171 392
18 147 339
93 10 135
6 110 154
97 193 410
5 140 146
43 177 230
26 154 185
91 172 299
24 157 183
25 154 190
77 194 315
67 65 134
11 16 28
24 10 175
28 188 334
78 121 206
44 100 151
23 6 33
13 106 280
37 123 207
6 87 95
91 79 330
90 162 335
11 32 44
46 6 129
61 58 126
26 39 69
40 62 112
3 79 92
61 64 134
5 85 93
7 134 337
21 191 231
7 170 212
58 147 227
80 115 203
59 25 89
90 119 215
3 106 132
88 195 286
70 181 254
3 112 117
32 111 207
28 193 224
86 68 347
90 28 148
11 173 338
57 37 99
60 3 71
13 20 43
72 191 286
89 199 326
24 169 199
41 63 108
57 196 452
25 48 85
73 14 234
6 80 88
4 117 136
56 172 235
98 172 302
12 23 42
19 109 151
24 59 87
37 149 192
64 106 180
57 65 131
81 32 121
34 174 235
39 86 129
91 65 276
73 136 220
5 15 30
57 10 77
66 121 193
36 65 122
1 18 37
49 197 415
30 44 77
54 169 329
86 180 455
43 51 128
85 143 233
76 105 218
40 180 223
21 103 138
44 51 130
92 181 283
99 127 258
95 100 253
100 108 240
66 102 178
5 18 65
26 146 176
11 102 267
90 69 230
30 61 134
45 158 221
87 51 188
81 9 286
4 166 188
65 48 122
24 96 213
55 34 124
15 106 127
19 32 217
40 4 93
96 99 235
12 172 218
37 164 381
35 110 271
38 149 250
64 52 120
46 121 245
74 3 80
20 84 104
15 78 100
72 49 124
11 2 47
37 137 176
94 154 285
16 109 223
76 142 219
55 152 256
100 131 232
22 91 154
51 161 221
80 159 250
49 1 52
89 66 161
6 156 333
53 104 165
43 198 377
5 48 56
25 162 190
91 154 245
2 55 109
2 51 202
30 76 154
2 105 183
6 181 203
53 108 226
27 38 75
70 91 196
6 15 59
69 136 215
70 188 258
29 190 248
4 186 222
72 86 255
57 154 247
29 141 192
73 174 446
3 107 137
48 50 146
32 190 232
75 35 261
95 36 139
81 158 248
97 107 227
81 89 342
3 123 132
18 7 52
62 54 125
19 167 198
83 162 248
98 3 101
6 104 110
31 104 224
99 160 261
91 30 124
26 147 175
55 34 201
85 156 241
9 2 120
88 132 229
46 166 215
75 146 284
81 197 310
99 133 233
81 158 407
53 17 106
55 98 176
7 167 190
10 82 227
69 140 260
94 7 267
96 75 180
40 51 101
31 129 168
90 148 247
88 196 284
47 4 117
90 66 182
66 9 78
49 8 65
92 147 363
25 165 381
48 14 71
53 20 115
17 190 212
100 22 161
43 194 247
40 34 214
84 16 201
81 101 234
54 87 203
60 25 92
90 78 177
27 105 220
24 146 180
18 172 207
99 39 144
95 15 111
97 32 144
6 36 191
77 16 95
79 134 214
72 103 213
76 159 262
98 189 392
67 46 144
95 41 143
32 27 240
15 106 127
13 75 91
70 4 104
36 42 128
97 57 179
92 108 210
89 96 192
98 57 353
53 174 273
59 91 151
87 186 451
52 104 160
40 127 168
78 166 246
94 63 167
78 45 153
66 162 235
45 137 226
99 107 300
83 110 195
20 175 222
12 65 78
33 20 118
55 21 86
59 100 165
20 179 241
29 152 357
74 25 285
28 181 209
44 54 105
77 173 255
37 172 215
71 53 126
94 44 275
88 138 231
53 199 278
96 129 319
47 53 141
39 163 215
10 114 162
13 49 97
64 29 284
93 44 209
6 2 10
93 97 196
42 23 166
82 111 201
2 200 205
31 104 142
18 1 103
49 30 85
94 7 103
32 176 226
53 80 178
82 53 204
31 91 163
83 150 349
97 27 166
71 149 232
62 148 210
87 136 227
86 39 130
88 15 111
25 103 131
21 24 165
74 98 184
97 56 212
94 19 133
98 156 301
96 79 181
43 71 119
60 87 148
15 29 56
74 183 258
55 3 77
45 147 305
94 65 174
35 33 69
81 150 272
92 156 253
96 74 177
28 100 142
3 151 167
40 179 332
89 14 111
18 20 47
79 177 348
98 48 156
75 43 294
83 47 139
33 51 91
7 77 257
30 26 211
64 112 242
57 57 229
22 148 304
68 87 303
24 36 88
32 118 153
17 59 107
95 189 306
25 74 100
7 143 152
10 31 51
37 66 207
54 174 235
30 117 174
98 114 348
55 120 249
60 54 124
22 188 246
25 57 188
66 18 232
4 50 63
88 177 269
17 145 171
21 72 103
35 173 264
67 199 272
88 84 177
17 54 97
10 116 286
80 16 107
59 150 217
28 189 222
80 42 152
21 77 108
48 122 186
95 92 332
23 78 179
80 6 103
98 72 215
5 101 220
44 169 215
83 45 136
36 148 212
10 71 128
80 109 212
87 1 173
6 113 128
17 54 90
80 48 177
31 8 45
21 50 80
75 160 238
98 137 250
91 129 311
37 113 151
18 66 88
12 27 68
49 96 145
77 83 240
33 181 230
99 86 346
41 109 187
13 107 227
99 79 364
43 85 201
51 53 270
98 92 314
12 129 143
73 130 327
43 72 140
31 95 255
86 107 205
86 57 147
9 21 75
40 163 365
14 177 270
63 121 188
80 83 169
66 27 96
40 111 155
19 138 162
92 158 256
10 125 331
62 36 137
33 138 266
8 60 110
97 14 125
41 141 187
22 17 41
10 34 79
77 154 245
90 125 406
25 44 256
100 23 126
6 166 301
71 179 252
37 57 99
37 35 78
5 92 106
99 40 143
84 30 145
13 176 197
94 197 484
13 146 203
83 195 335
66 90 156
34 138 308
41 24 152
26 39 234
73 38 141
54 163 222
58 157 278
67 29 106
29 162 224
85 23 135
13 80 99
70 101 219
94 6 289
52 105 184
51 182 235
62 125 263
76 146 249
76 101 218
94 150 253
81 53 138
80 101 181
60 33 93
96 10 235
80 98 178
94 157 251
37 172 227
19 104 130
60 107 172
50 17 68
28 188 330
49 111 285
79 52 138
55 105 161
83 171 254
29 162 264
13 85 99
97 130 227
51 91 147
5 91 160
18 15 60
59 31 93
96 87 185
6 123 131
5 10 184
22 6 37
