340
5 10 142
52 34 118
58 153 216
55 168 308
75 14 111
55 41 98
19 104 313
3 78 269
6 34 71
68 191 262
59 103 165
98 169 276
4 41 86
72 188 307
37 103 186
84 177 265
10 67 80
35 83 134
81 108 219
11 20 31
30 72 251
83 14 103
27 195 367
66 109 177
52 165 349
37 4 41
18 196 409
29 193 268
55 32 93
91 157 274
68 30 156
49 94 149
24 157 285
52 116 232
76 47 311
6 106 119
72 115 193
52 85 137
66 153 265
98 166 265
32 165 200
33 76 117
57 106 165
22 59 83
14 114 140
30 81 120
22 39 68
82 13 181
29 150 210
11 166 284
49 99 280
50 82 137
7 140 148
45 2 81
37 39 89
96 188 346
12 163 178
87 145 238
63 105 171
80 48 136
64 93 207
71 197 309
80 132 228
2 121 145
29 38 219
83 42 153
79 197 284
1 31 91
10 12 23
55 147 216
16 113 131
53 160 388
28 192 331
96 148 247
58 149 209
10 138 326
21 160 186
48 20 92
23 24 98
66 116 245
50 65 151
35 131 171
89 186 279
34 16 55
85 188 438
18 153 190
54 39 131
67 74 185
2 30 112
90 136 353
95 91 208
34 94 138
9 115 319
5 141 170
32 137 182
64 8 74
55 115 173
19 12 64
81 1 114
51 85 142
77 171 255
44 150 240
72 90 169
24 130 188
77 161 241
27 121 151
12 112 133
75 20 131
12 67 108
46 155 309
18 174 198
87 187 293
73 102 178
44 138 382
5 64 93
31 76 123
67 150 218
96 91 217
98 125 291
1 40 54
49 75 148
62 52 132
85 142 236
97 81 238
6 131 154
62 154 243
32 131 169
57 98 254
3 1 36
73 50 142
13 23 68
88 119 274
44 58 110
49 62 150
53 148 272
6 134 143
72 184 260
95 182 285
87 149 237
17 173 192
57 107 351
6 7 63
62 103 292
50 109 204
58 130 335
25 191 251
76 93 287
81 182 371
37 86 133
32 38 79
57 20 128
66 189 259
35 0 128
62 50 120
43 35 104
63 120 203
8 41 90
22 99 297
73 31 237
94 96 234
55 80 160
60 181 256
92 108 207
33 42 89
39 38 89
54 189 247
46 78 147
7 193 371
45 146 259
36 68 114
65 129 201
54 127 285
27 142 246
7 31 63
50 47 107
63 117 189
3 134 146
60 20 80
15 155 171
61 25 130
99 34 138
16 157 245
32 57 98
71 122 210
22 144 171
94 189 285
55 149 251
63 143 391
21 107 130
80 122 202
50 123 295
45 169 222
70 184 254
89 186 279
27 173 237
58 163 224
65 128 196
31 198 322
52 117 219
46 55 133
3 41 93
29 48 102
49 134 217
96 97 198
2 2 38
66 182 268
27 152 182
74 58 173
95 21 132
51 195 295
5 104 155
67 160 334
87 1 156
82 4 92
80 66 151
46 179 225
2 26 72
72 85 199
68 55 138
15 99 280
84 84 173
95 137 386
90 99 316
16 94 115
75 23 209
21 63 93
72 9 82
48 157 207
71 142 252
31 47 272
38 133 204
12 9 24
19 86 110
74 161 336
52 179 238
56 91 152
43 27 85
79 46 130
1 140 143
52 106 190
17 86 209
31 80 122
96 94 240
91 105 282
38 180 228
33 74 131
40 185 227
95 109 374
9 43 111
29 152 186
39 71 238
57 52 114
96 142 383
62 32 101
93 189 355
90 156 309
36 77 199
33 121 154
29 69 279
90 172 277
86 193 280
97 3 292
68 87 159
28 183 241
16 60 117
62 62 147
62 91 161
27 102 219
44 25 110
96 179 281
56 132 212
15 192 208
100 64 172
48 172 235
30 129 169
41 183 403
35 131 194
60 185 270
1 50 53
14 89 110
85 55 165
30 120 266
27 42 71
72 59 159
30 133 188
39 63 130
86 21 109
89 24 113
93 62 204
90 132 259
8 58 67
91 80 173
63 76 183
84 17 278
11 20 34
73 183 263
70 187 346
89 101 230
20 151 211
68 28 131
76 156 383
91 137 305
48 54 127
46 55 208
48 32 98
5 17 23
74 86 166
18 79 100
80 44 128
75 161 244
97 155 256
36 67 188
75 106 191
39 19 192
25 48 121
18 170 217
89 23 120
66 26 141
34 133 175
40 28 87
24 103 136
39 37 123
14 162 176
3 186 237
28 192 221
6 94 133
47 42 93
54 175 417
87 156 319
80 150 238
66 97 278
14 105 161
57 87 151
97 81 178
94 114 258
67 10 86
73 115 199
6 18 27
90 94 234
49 127 195
