450
34 179 230
71 200 375
13 175 190
63 15 133
79 47 154
44 195 244
80 61 149
41 128 179
27 60 238
12 44 69
54 115 268
49 29 79
71 166 275
36 64 130
77 27 107
54 154 218
44 196 325
76 142 227
11 0 44
61 60 128
66 194 295
5 151 205
9 21 84
43 124 174
49 42 178
89 66 186
8 30 61
11 79 188
76 161 282
98 105 240
39 108 151
4 155 169
67 181 400
7 116 209
48 97 154
47 102 150
33 79 179
90 126 219
18 38 199
38 119 298
87 199 288
28 156 193
65 143 351
18 60 102
61 179 277
38 109 153
88 104 222
33 57 100
81 17 153
30 168 203
72 105 187
1 76 87
79 130 229
9 57 110
87 18 106
52 56 249
24 5 199
100 44 148
49 115 167
51 177 230
89 4 100
70 178 256
61 114 184
15 101 130
20 1 159
41 90 170
74 67 150
99 43 179
13 116 198
49 93 146
69 135 226
45 54 162
52 165 219
93 179 279
48 92 144
54 182 262
76 120 209
83 124 210
21 96 139
94 72 172
46 176 344
64 31 294
79 122 309
48 101 212
86 97 188
65 192 283
40 195 255
60 134 321
34 199 234
50 136 189
37 104 212
32 169 240
74 110 191
95 76 224
53 157 218
96 178 274
27 131 158
14 179 238
27 24 53
81 31 152
4 63 108
21 158 187
90 26 124
19 80 236
33 83 119
95 110 231
72 135 226
50 174 413
54 14 73
11 112 165
19 1 44
90 66 158
54 100 173
24 55 112
46 167 262
79 59 186
28 12 44
27 164 228
33 11 68
57 168 261
71 177 259
20 51 79
7 157 167
84 123 214
75 53 154
35 161 203
77 43 152
36 180 225
30 25 153
64 95 161
61 11 103
42 200 265
30 129 193
38 44 88
63 96 191
11 159 177
8 188 304
98 160 330
14 106 152
95 95 198
3 154 255
95 147 301
35 126 306
39 145 334
88 33 157
87 112 208
45 136 196
59 138 282
83 112 204
50 138 222
75 64 141
60 65 131
5 71 85
58 86 151
40 152 235
53 173 232
100 2 208
42 16 162
31 161 197
66 12 91
87 184 320
8 183 194
77 166 248
83 200 288
36 181 219
96 72 198
26 27 59
1 181 207
37 28 106
100 28 184
77 191 291
42 125 225
36 28 86
50 159 211
38 58 288
48 145 325
24 171 246
22 32 55
13 42 61
10 164 199
91 135 300
75 178 259
31 68 154
71 15 124
63 189 339
10 61 82
94 44 145
1 84 86
46 196 251
13 189 202
91 11 111
15 35 94
76 81 354
35 56 95
29 82 257
42 6 52
14 85 100
73 24 118
16 190 210
40 128 310
58 64 131
94 88 215
37 8 45
33 84 126
81 88 231
63 158 222
11 108 149
72 161 414
1 157 202
4 100 127
98 160 278
3 85 98
57 179 244
70 176 249
28 190 235
11 197 265
6 44 99
9 70 91
48 165 220
98 138 399
81 4 125
46 183 235
57 97 199
24 38 64
87 109 207
60 184 366
44 21 65
69 184 285
49 19 113
45 109 157
4 128 178
86 72 167
27 4 35
8 53 66
83 77 243
59 3 65
4 174 210
7 176 197
65 28 98
44 11 135
47 146 362
87 183 420
26 71 139
44 19 129
17 113 173
19 60 111
85 174 260
28 120 281
49 92 156
50 5 62
12 113 285
47 181 413
34 79 156
54 113 174
67 144 216
41 61 102
1 194 202
55 68 133
51 38 226
36 69 106
26 191 220
41 48 126
72 111 191
2 174 193
24 137 189
95 125 296
71 150 228
90 52 179
94 135 242
88 123 409
88 23 143
94 2 100
73 80 155
77 125 317
85 6 106
24 22 240
44 53 105
43 68 120
29 116 167
58 118 181
54 111 274
62 8 138
18 153 191
92 40 132
14 49 162
69 15 185
53 188 385
52 195 270
22 110 304
2 6 41
21 66 210
49 21 79
3 7 147
3 115 186
63 7 114
29 135 198
42 107 154
97 169 269
98 44 147
13 168 188
20 178 212
25 0 130
88 1 91
89 77 173
81 20 161
83 45 241
13 39 65
27 72 104
36 44 84
51 59 118
69 164 238
29 54 163
96 145 401
15 166 217
94 174 301
4 157 184
55 74 316
58 35 100
25 94 161
20 197 220
59 62 144
78 8 88
91 143 258
81 9 102
22 119 147
88 144 250
9 133 143
3 64 71
46 15 64
3 118 162
76 55 264
97 20 156
1 24 49
16 195 211
28 82 110
2 104 130
8 26 142
29 8 77
20 25 51
25 97 126
45 95 149
9 101 114
74 172 253
99 65 240
70 63 157
37 22 59
97 9 115
71 43 129
19 158 317
28 35 66
68 46 124
82 143 225
34 122 162
29 88 118
19 80 137
67 4 106
89 123 220
82 158 288
17 29 61
97 41 322
71 130 247
78 49 145
19 58 126
83 29 116
99 97 224
22 157 184
45 126 212
55 28 90
53 145 276
55 134 193
39 118 306
1 115 135
21 132 155
5 152 158
47 46 112
47 139 288
58 36 119
8 55 65
57 71 147
30 122 160
53 80 134
88 163 398
48 40 88
67 192 263
18 84 113
76 19 106
43 188 277
51 140 228
100 105 211
48 75 181
13 168 191
33 88 126
49 97 153
58 39 224
70 18 89
99 16 120
48 177 267
21 13 42
32 35 76
11 28 74
77 58 236
77 173 257
96 150 262
58 174 235
90 41 135
86 49 201
39 153 204
68 82 158
14 75 95
35 74 113
92 164 427
25 97 210
81 7 96
1 97 144
19 95 287
96 133 424
68 129 201
15 27 75
66 71 187
1 74 85
56 146 205
43 30 73
1 118 119
11 45 104
59 17 116
100 41 165
13 96 117
12 17 76
67 97 172
100 41 146
78 52 138
76 24 105
76 164 347
20 25 122
64 3 267
77 109 187
3 193 203
1 148 193
81 189 369
13 156 334
11 56 196
97 10 128
12 154 189
36 11 57
26 184 251
88 10 131
35 51 286
92 33 126
87 136 237
99 159 376
