970
97 131 229
81 19 104
25 118 161
42 192 371
14 22 45
97 99 224
73 93 173
72 60 132
56 11 168
12 26 41
42 168 238
44 185 241
83 93 185
57 187 373
57 141 201
91 130 224
53 148 221
25 23 92
70 182 338
11 136 154
74 37 115
50 0 61
70 151 335
48 99 336
87 170 286
33 107 143
88 38 140
95 13 108
84 105 349
65 108 180
17 154 179
82 176 304
58 193 298
14 127 144
59 135 242
68 7 102
68 130 241
28 182 291
66 86 172
47 188 274
52 133 192
71 59 275
89 10 130
18 180 379
3 37 50
14 171 191
22 167 306
25 72 191
66 125 200
41 44 103
69 101 284
37 54 108
100 126 260
60 25 194
64 96 338
11 24 45
91 42 136
62 191 256
4 127 177
54 91 269
20 130 177
28 193 226
97 93 221
95 20 159
67 18 90
79 49 128
25 129 223
14 104 185
22 52 255
18 102 124
6 82 200
1 97 100
49 131 209
35 195 230
66 111 223
78 91 172
44 137 305
5 91 133
90 102 199
65 65 161
61 157 248
10 78 105
98 45 174
28 55 270
8 6 23
82 200 297
100 135 250
34 12 69
95 68 167
93 149 251
27 164 359
55 111 169
49 45 94
45 125 195
20 190 218
58 97 287
73 164 267
20 58 258
99 188 307
28 180 221
53 3 196
33 104 155
99 127 228
91 199 297
8 79 91
32 70 184
45 163 377
5 185 234
8 20 37
46 44 209
96 109 360
83 88 177
59 62 182
35 6 134
70 37 236
4 35 123
35 125 325
59 90 334
76 59 276
9 0 105
42 12 72
66 125 225
85 68 191
11 160 176
12 195 212
96 63 333
10 170 182
58 21 87
62 68 134
27 94 142
9 148 258
41 131 318
72 90 186
14 136 151
48 185 419
78 195 387
30 135 175
57 104 167
95 93 228
76 190 276
46 112 167
77 137 240
89 171 275
93 29 154
35 124 321
26 95 131
84 103 387
15 170 185
20 107 289
66 93 182
5 2 69
24 124 150
38 8 67
71 7 158
29 170 394
62 187 257
41 8 112
36 197 239
93 171 269
27 171 272
51 52 219
15 56 80
13 50 205
37 63 161
19 93 157
75 93 209
100 127 372
86 9 128
87 14 139
85 129 222
30 186 216
37 155 259
70 78 217
92 62 154
97 106 305
80 69 285
48 199 253
64 60 242
83 130 392
75 180 357
88 135 227
36 75 189
44 193 283
45 101 298
51 93 182
64 50 138
9 99 116
26 111 300
50 112 163
39 36 82
43 4 181
17 171 192
11 132 161
60 117 190
77 163 283
54 37 135
77 89 166
72 128 209
78 25 113
23 11 71
56 136 192
86 38 130
17 27 89
48 104 191
77 5 90
100 114 221
43 25 73
6 172 324
69 193 416
42 194 236
56 186 245
45 159 213
59 40 142
48 181 387
14 25 49
79 93 173
87 5 125
46 180 250
25 73 108
24 164 191
28 141 178
97 129 229
33 171 226
61 18 186
51 1 58
77 157 360
70 140 233
42 146 270
20 81 108
95 175 274
71 18 161
53 147 208
7 86 136
66 91 164
52 112 173
3 48 59
34 132 250
58 131 223
29 184 213
7 114 144
8 41 69
56 182 409
84 1 245
81 121 241
90 198 383
27 78 114
99 46 170
72 83 190
96 55 153
53 164 222
93 77 363
74 87 204
51 145 208
46 171 296
45 39 85
51 118 253
9 47 81
64 40 122
97 99 199
15 83 127
18 50 70
3 106 242
32 142 185
5 63 72
54 10 70
87 18 215
35 163 235
13 172 191
1 121 178
18 126 163
88 125 242
43 156 202
71 46 300
48 167 218
81 109 387
78 3 89
60 165 234
47 174 229
44 95 143
49 128 185
48 36 126
75 129 225
13 191 242
1 188 195
3 32 44
49 183 242
54 16 75
20 3 56
30 66 104
21 170 217
35 90 174
66 70 180
92 60 172
62 61 133
49 75 263
78 52 191
41 57 131
100 147 270
25 197 269
100 118 221
89 108 237
24 165 197
59 23 88
75 66 151
48 129 186
90 96 381
72 20 93
21 96 119
10 100 119
62 117 353
11 32 50
53 61 203
22 198 225
55 75 139
13 4 25
23 86 156
15 166 186
14 193 229
96 106 207
29 165 217
34 149 193
11 199 255
32 81 158
43 140 187
27 146 180
65 41 112
69 61 160
58 149 215
8 14 49
27 4 36
66 84 155
69 137 210
73 127 233
70 36 106
81 153 396
7 100 117
55 166 338
67 38 115
54 94 161
29 7 79
23 100 148
54 1 178
49 132 186
17 33 76
52 92 251
91 128 394
75 139 253
56 179 237
82 127 255
39 9 245
96 104 226
42 121 171
35 146 286
95 127 226
82 147 239
72 169 243
82 157 246
34 164 212
15 195 214
62 41 150
5 46 75
24 160 201
10 182 200
7 81 228
57 52 143
8 82 138
48 114 186
39 141 184
73 107 339
14 33 99
76 100 188
29 65 225
40 49 115
24 111 207
36 178 224
93 156 294
98 60 197
67 124 208
52 20 77
36 189 243
90 163 425
34 0 141
48 65 120
53 85 146
79 24 164
8 141 185
1 190 197
58 113 174
9 108 124
83 73 165
16 58 251
85 3 285
86 113 210
59 8 68
85 118 221
57 109 170
88 162 258
81 74 202
39 47 126
26 191 227
52 51 105
32 105 275
13 179 224
53 38 109
44 186 234
23 196 314
56 175 419
90 18 110
18 86 180
93 1 102
30 19 155
34 10 52
52 128 187
6 29 58
52 177 234
30 25 245
4 112 125
17 130 152
53 38 185
19 21 49
24 81 153
96 46 331
71 64 137
91 146 239
66 74 143
70 111 376
74 32 131
58 1 211
39 191 232
44 182 229
66 128 202
93 103 277
41 176 291
97 21 123
67 40 120
6 35 92
13 184 198
40 75 120
55 79 138
25 41 69
96 90 216
57 194 253
40 88 131
26 177 228
65 143 215
12 105 192
54 137 197
40 19 69
15 61 79
44 50 211
51 183 235
48 68 125
87 73 224
31 77 112
11 197 279
9 129 208
46 181 234
30 99 175
99 95 211
38 31 78
44 179 228
10 10 125
65 85 181
78 48 128
72 51 323
13 39 55
72 28 104
29 135 176
100 168 271
49 178 260
36 170 369
38 3 140
37 36 77
89 103 196
11 131 211
5 160 168
73 56 136
54 130 185
92 32 172
78 153 345
46 192 241
24 65 90
18 163 193
70 139 234
44 26 73
50 15 74
15 8 149
24 101 167
59 199 284
40 90 180
40 101 144
78 87 171
84 62 204
51 190 250
56 14 228
15 94 150
45 7 189
8 199 324
12 17 35
20 63 101
59 57 211
94 93 200
49 181 324
20 139 200
1 45 53
75 64 179
56 173 232
6 4 149
100 135 237
33 150 190
87 149 248
100 106 252
41 54 104
26 62 112
61 59 127
57 57 121
21 199 229
38 82 157
56 107 212
5 170 199
38 143 313
71 65 161
4 80 276
40 198 279
69 81 165
66 36 111
16 79 120
4 10 52
93 135 254
57 35 93
12 194 211
49 69 236
9 24 41
51 40 97
87 45 134
16 82 131
96 111 246
23 10 97
14 171 342
68 101 244
84 171 264
80 180 262
24 23 221
50 186 259
13 97 119
46 177 317
95 111 247
63 169 236
7 23 107
13 191 282
15 31 53
91 160 259
23 8 67
11 17 43
26 95 123
49 141 354
4 173 186
44 47 110
67 9 205
1 124 151
25 36 248
17 82 108
17 87 130
31 140 211
83 103 190
31 132 277
18 139 177
27 66 93
78 0 88
11 184 314
4 103 109
75 124 387
64 7 115
91 183 280
25 101 142
11 174 214
64 139 211
16 39 61
18 92 129
7 26 40
43 135 187
35 199 249
29 177 221
24 180 211
87 121 233
63 10 85
25 10 47
22 39 68
79 115 203
2 188 371
34 141 212
83 104 192
73 131 208
77 78 350
90 83 188
95 88 183
95 82 182
37 150 197
100 180 284
30 149 275
46 105 272
90 101 194
10 188 206
15 163 185
90 72 269
81 189 409
39 160 270
57 177 249
6 46 63
51 55 106
74 52 180
5 104 110
24 154 291
7 147 267
89 175 434
26 3 30
52 130 264
10 123 138
57 74 166
55 189 250
58 10 68
11 157 179
76 50 157
42 76 165
56 90 185
49 200 255
10 79 97
61 111 178
61 38 103
11 107 185
55 45 110
69 109 219
56 170 256
52 49 122
25 66 103
56 3 109
26 79 134
95 102 230
49 76 155
89 187 284
65 107 265
70 94 189
93 71 174
94 109 221
44 183 227
24 189 237
100 101 215
50 139 193
73 51 270
100 76 213
42 146 259
1 131 260
28 180 212
80 145 227
4 122 135
23 129 228
68 137 219
11 99 116
81 53 307
3 146 343
22 42 72
96 144 254
26 184 251
3 148 192
86 86 172
46 108 198
7 0 32
67 189 437
1 128 159
57 33 98
30 65 99
34 47 94
92 32 289
94 195 303
66 39 119
20 30 81
91 160 255
49 146 201
44 40 92
22 123 145
62 31 95
32 72 271
73 140 241
67 134 242
56 32 91
70 118 233
37 19 56
66 146 228
17 76 188
17 45 72
56 93 158
40 162 209
55 16 187
87 147 234
27 55 211
23 115 151
37 125 170
60 78 144
66 5 77
76 7 129
95 3 203
18 43 61
78 113 219
7 185 198
73 78 151
55 55 175
92 89 199
67 166 266
70 165 268
14 142 186
82 199 443
72 158 386
87 35 124
79 77 174
76 3 215
1 128 132
98 192 292
82 138 224
88 200 488
39 95 163
40 98 155
13 160 185
21 101 145
63 92 193
15 44 69
18 168 207
69 113 232
48 52 140
54 169 229
45 44 95
58 97 339
16 189 215
72 47 214
28 109 139
47 157 253
91 114 225
50 156 355
46 1 54
68 121 294
14 189 273
59 165 375
16 148 247
26 0 30
56 117 173
39 152 233
34 110 154
29 142 177
43 27 76
93 29 122
68 128 201
4 43 72
79 2 90
78 6 104
61 15 85
23 99 130
77 39 127
94 136 260
5 167 181
47 88 141
73 145 222
35 40 85
71 91 246
47 165 240
32 66 100
63 79 142
81 190 401
42 46 135
18 124 144
81 69 161
56 152 226
46 110 184
84 84 188
21 14 70
99 113 215
81 165 254
51 84 137
3 44 80
67 51 206
41 38 110
71 146 241
24 180 251
63 177 241
92 112 206
27 34 69
74 153 232
59 136 202
52 134 202
18 72 218
54 76 143
29 180 216
48 191 274
11 15 52
50 14 119
23 73 106
83 31 136
33 109 147
72 116 203
57 50 178
92 132 391
97 159 259
64 18 82
48 112 162
93 179 277
50 63 242
47 95 214
11 74 91
27 11 226
45 37 90
3 195 378
40 150 224
71 65 139
41 199 241
4 174 181
20 172 194
23 9 38
62 92 253
19 31 234
91 20 114
60 77 137
58 142 202
67 70 146
20 29 58
78 160 331
86 32 161
64 46 119
49 130 224
75 150 257
52 125 314
30 110 278
39 26 114
36 135 179
39 88 227
92 142 288
68 99 187
59 15 139
66 126 224
81 71 290
94 194 361
11 59 224
2 123 135
84 175 260
30 165 389
28 172 310
63 130 202
12 176 190
78 188 267
94 75 213
36 138 324
52 189 244
49 162 220
10 197 209
20 0 123
91 188 287
11 123 134
58 154 262
13 118 157
41 74 124
76 82 165
72 52 135
14 182 212
67 124 194
25 158 186
52 192 348
22 45 77
26 50 79
80 163 401
95 142 395
69 144 217
92 95 384
32 12 214
80 17 214
20 27 49
38 65 105
62 146 214
21 107 193
44 39 185
68 24 99
52 146 203
100 65 181
87 101 195
72 72 185
31 118 177
28 24 59
15 155 192
73 54 135
6 151 335
37 21 66
80 93 181
22 51 137
91 47 243
71 160 298
96 162 301
31 193 241
84 168 256
28 191 220
53 104 269
43 102 267
16 26 43
65 193 258
77 15 119
71 101 254
7 83 100
28 116 181
78 70 239
94 163 268
4 80 94
34 20 57
54 6 65
58 80 161
9 148 160
64 40 226
48 126 176
92 21 127
22 183 241
99 187 289
81 146 231
23 96 123
30 84 124
82 138 248
71 72 249
73 36 109
6 157 168
37 6 50
75 95 189
34 52 209
69 125 247
1 1 9
32 101 133
82 169 300
7 77 204
87 189 278
79 88 197
75 168 371
41 199 276
14 115 131
60 60 280
100 106 355
86 146 275
12 1 66
63 19 265
75 195 272
99 123 366
73 112 209
23 43 72
18 183 240
27 30 60
80 157 237
10 80 128
49 26 76
35 197 382
56 146 274
94 38 140
99 38 147
82 161 271
12 182 234
34 53 156
11 31 160
68 8 102
90 69 201
40 156 199
68 24 122
10 186 330
78 6 88
83 175 337
95 24 148
17 10 154
69 154 223
37 19 90
70 131 244
22 163 293
