210
52 198 257
42 49 98
70 103 222
79 68 153
22 134 163
73 188 268
5 43 92
30 62 100
72 30 220
4 155 166
12 125 146
49 106 158
65 39 132
45 93 232
20 177 257
54 135 198
82 101 304
24 191 217
57 71 172
49 98 343
53 1 63
85 57 244
47 141 194
54 96 183
56 11 69
20 141 170
55 26 224
31 17 62
45 49 131
99 14 115
48 113 162
31 97 128
71 77 151
85 43 234
17 19 42
52 63 133
72 74 150
76 3 167
67 42 110
32 80 114
99 43 159
35 198 243
79 176 263
91 7 118
36 158 374
27 41 78
29 91 315
36 111 195
59 17 76
13 162 335
87 84 314
16 191 268
41 30 78
85 73 186
23 141 200
61 13 122
46 99 153
5 184 194
20 23 60
60 4 127
68 12 129
17 77 150
22 152 186
83 98 266
56 9 66
33 147 180
54 31 111
34 198 267
5 130 140
1 25 91
8 13 22
26 144 177
61 139 212
36 151 213
18 49 96
74 164 252
28 37 99
73 182 300
14 191 385
18 103 300
59 117 181
49 169 222
53 131 199
63 165 232
78 75 165
14 148 254
39 81 166
99 6 269
64 58 128
99 1 117
9 9 25
17 162 294
15 125 142
6 82 140
16 162 294
19 152 178
68 2 110
50 43 109
35 134 208
74 157 233
79 147 363
34 115 301
23 122 188
80 92 190
67 139 233
88 150 319
1 169 180
11 197 213
49 170 219
43 196 243
67 55 155
30 94 269
26 64 137
38 142 182
41 194 277
13 191 204
80 95 184
97 58 189
96 8 106
94 150 289
84 163 253
41 81 142
32 167 228
77 15 101
9 119 153
28 154 191
79 102 188
39 103 161
63 19 128
98 16 159
67 183 259
69 168 263
33 70 180
35 26 124
87 21 140
55 181 243
28 11 62
68 95 191
83 124 337
38 12 102
90 30 121
14 51 87
31 102 141
61 194 277
61 16 256
20 67 93
76 30 235
43 182 259
18 146 198
75 178 283
51 1 52
61 73 135
5 4 119
98 77 218
9 36 46
52 75 323
92 120 334
76 41 118
63 45 111
28 169 216
17 20 76
32 129 165
80 26 215
51 164 226
79 149 362
90 81 339
39 194 236
66 157 246
75 188 277
76 48 257
39 120 163
46 172 394
49 136 285
82 51 169
24 91 116
54 192 437
79 174 331
83 36 121
67 63 209
5 131 155
7 26 66
76 199 374
100 4 109
24 61 102
68 63 163
28 142 246
50 115 211
1 200 381
9 115 146
67 123 193
99 14 117
21 104 150
61 89 192
33 57 96
24 126 241
87 140 309
87 149 276
79 45 128
38 44 96
4 171 212
11 47 72
24 156 183
70 128 201
72 32 107
84 88 177
58 194 271
40 77 257
51 158 211
70 192 435
97 170 411
