350
4 81 117
27 72 112
82 189 281
31 189 249
20 15 44
40 143 190
74 164 317
18 76 100
20 182 227
78 77 165
34 190 266
60 98 197
48 21 72
45 128 203
44 3 83
38 155 233
32 72 109
89 191 287
68 109 246
43 182 265
11 154 205
86 83 224
16 169 203
95 73 313
95 56 313
46 97 334
76 123 208
4 2 197
20 125 153
85 183 271
84 108 217
8 95 121
1 107 128
41 94 319
96 94 230
3 98 139
25 63 93
94 61 176
99 91 198
34 41 218
76 157 270
19 118 182
51 173 257
22 24 46
82 16 100
32 103 183
25 112 138
47 95 322
46 123 174
29 43 78
68 70 151
37 49 90
49 189 240
84 131 318
30 181 220
52 172 261
95 21 286
35 184 224
48 126 189
64 0 108
94 35 133
4 147 183
28 74 111
70 195 382
2 187 208
18 89 110
40 192 253
15 103 147
42 130 174
39 6 82
49 113 163
98 138 236
70 132 238
24 17 64
14 159 206
92 161 259
76 40 152
61 156 249
55 67 123
17 60 84
87 88 328
32 36 73
27 112 164
93 116 214
88 79 189
96 84 212
68 14 90
1 182 233
23 117 287
100 82 292
3 60 70
79 66 254
61 178 351
35 118 154
59 65 131
29 12 62
72 109 189
8 65 104
85 191 283
27 41 106
81 151 273
13 50 113
61 138 367
65 114 188
46 3 147
83 85 175
28 75 133
31 8 44
11 140 172
6 51 75
29 50 82
12 52 259
50 12 100
21 39 109
99 106 311
16 123 232
97 59 163
5 132 308
9 132 299
80 63 172
90 36 131
55 31 257
74 40 222
89 11 230
29 70 121
74 67 142
98 179 284
25 179 231
36 168 209
95 27 152
78 160 241
72 152 237
18 140 165
62 117 180
82 51 163
57 88 179
59 120 179
73 176 286
92 185 323
60 75 141
77 157 279
56 181 261
67 162 374
56 95 167
96 200 301
57 30 189
8 170 180
42 153 202
28 98 192
22 132 155
94 176 270
93 141 246
64 36 110
8 83 100
15 100 125
86 16 138
38 169 281
8 82 94
23 32 102
92 70 168
20 44 97
51 153 267
93 114 380
80 122 203
96 25 134
88 106 378
29 131 233
57 19 78
46 11 99
56 80 144
31 91 123
71 138 210
16 108 132
28 179 234
6 1 12
6 78 118
25 85 116
52 90 285
57 168 235
56 122 213
86 6 118
75 116 195
91 173 338
64 138 228
16 27 43
59 116 217
100 156 265
81 35 269
4 150 200
38 68 107
30 19 99
21 80 225
50 163 223
57 38 130
14 200 359
32 28 69
72 144 409
77 185 263
80 11 139
43 108 178
67 199 307
68 160 266
82 108 203
2 12 52
5 127 225
87 128 251
82 57 144
56 161 237
36 163 199
43 154 247
15 3 26
46 39 94
51 168 228
62 16 84
85 65 234
12 60 118
51 11 112
42 67 165
32 62 169
37 101 140
99 112 213
93 185 284
54 98 161
42 164 214
39 92 137
74 185 262
87 66 193
74 183 257
23 89 279
13 76 90
21 153 211
23 19 80
7 40 49
87 197 482
80 29 112
60 179 248
58 89 282
67 48 206
70 81 309
71 77 333
93 70 185
39 30 69
76 134 236
16 137 297
33 132 165
39 19 108
68 88 165
6 53 60
74 193 315
1 63 71
59 181 244
89 41 172
4 4 14
66 6 156
48 159 236
4 53 99
80 164 253
92 29 130
16 66 208
88 88 177
80 23 262
30 74 141
56 176 237
36 88 162
4 132 266
3 155 188
91 65 330
6 36 42
13 86 206
13 44 81
8 48 140
99 167 381
69 148 227
75 23 106
17 102 134
44 55 100
88 37 131
31 192 233
35 34 72
34 91 142
43 190 348
45 22 100
70 56 134
51 114 297
37 30 74
39 133 173
7 196 207
94 42 146
4 81 116
42 102 193
32 186 218
62 104 166
30 140 207
25 129 194
54 179 374
78 182 270
81 35 121
36 58 101
80 89 178
60 100 304
6 72 79
88 78 238
20 99 286
87 37 132
54 64 126
81 144 252
20 61 85
32 188 225
69 0 160
81 182 392
39 34 75
98 138 414
36 96 196
97 21 168
85 51 197
52 168 227
42 65 120
65 168 239
86 158 250
7 177 184
78 197 423
91 50 146
60 76 158
21 108 132
35 28 69
10 76 209
1 10 202
44 184 326
19 73 112
8 82 93
15 1 17
10 183 218
35 68 111
61 166 229
47 167 242
61 133 381
16 145 167
50 60 117
93 104 206
7 98 204
75 156 251
39 97 174
71 43 159
27 165 371
72 155 415
82 85 168
71 154 328
76 141 217
47 23 104
65 125 237
