290
28 40 75
59 40 102
49 179 266
70 97 185
50 62 131
40 53 142
7 75 110
94 1 109
51 126 328
45 119 197
97 24 126
87 58 167
75 166 334
44 84 128
45 21 76
65 51 310
83 99 204
48 186 253
68 48 124
16 70 146
40 81 122
54 169 224
79 195 275
94 19 222
77 16 113
38 15 62
63 67 261
46 167 216
61 8 199
90 178 317
29 147 252
21 92 124
27 179 241
31 188 267
75 73 172
85 125 212
51 157 284
4 38 118
2 61 80
28 94 162
37 109 157
74 41 139
47 114 302
55 38 192
20 2 26
62 72 141
87 126 222
15 161 375
91 189 282
41 103 147
46 130 194
50 66 132
47 156 208
9 126 144
30 151 194
15 164 185
64 151 411
87 37 307
36 68 275
38 83 130
29 2 104
26 67 136
77 79 162
98 36 160
20 194 216
17 122 170
12 161 179
49 46 98
69 145 224
28 30 58
36 145 193
35 119 187
60 36 278
90 4 98
37 153 255
45 87 151
76 70 164
55 1 69
67 14 98
93 194 384
26 77 112
23 161 186
17 44 71
30 131 168
41 124 346
29 23 60
93 169 269
6 4 17
38 172 236
38 125 209
57 181 252
14 48 99
72 12 100
85 145 238
51 2 74
12 0 48
92 136 232
76 5 196
6 144 186
26 159 189
80 93 175
33 110 185
1 134 226
4 75 84
28 171 318
98 115 314
67 200 268
71 84 158
37 54 131
77 121 207
37 81 298
2 164 252
42 7 77
48 188 297
2 55 76
9 71 246
8 78 96
24 99 134
29 72 103
52 64 119
25 161 208
2 174 183
63 7 73
44 0 99
39 64 154
41 162 402
93 164 405
80 118 371
29 79 115
58 129 272
32 134 173
78 58 137
16 33 57
94 166 299
38 198 256
41 6 48
94 199 299
82 52 143
56 199 300
37 66 303
80 171 260
60 97 196
9 166 185
3 116 120
34 3 75
81 21 125
84 44 130
87 174 263
76 15 233
26 34 234
54 198 267
64 118 195
63 168 239
11 34 50
28 43 121
59 73 137
24 119 164
37 115 179
60 107 210
71 200 333
25 48 80
89 193 308
35 99 139
73 101 216
95 175 339
91 181 281
56 174 271
38 45 97
88 51 139
72 75 177
6 77 243
97 196 308
27 51 125
88 55 334
9 124 163
86 13 143
50 133 189
31 67 105
41 152 196
95 32 317
2 119 166
36 102 148
53 39 99
52 164 233
43 38 89
89 135 227
39 7 55
99 162 261
96 44 245
5 139 163
22 20 112
82 19 129
11 54 130
50 95 152
37 85 131
67 146 223
75 79 179
90 108 200
83 141 245
85 97 302
38 91 132
75 38 120
5 182 195
32 61 178
36 163 236
10 16 34
48 2 85
46 0 53
61 117 244
61 25 100
15 158 191
62 144 226
14 199 214
39 157 354
19 115 141
27 37 175
89 95 216
49 160 217
62 32 103
55 159 221
64 179 251
75 144 240
18 101 163
18 62 90
80 42 132
20 74 96
41 104 165
57 189 248
85 38 124
5 18 68
3 163 187
72 131 207
48 164 232
99 22 127
70 128 251
15 174 381
65 119 193
73 117 198
72 150 367
54 31 203
50 11 74
90 93 359
16 136 293
85 143 278
13 121 140
27 53 181
18 10 57
7 140 163
52 21 79
20 175 199
7 75 121
51 190 324
88 190 278
70 85 160
5 54 62
88 66 155
23 74 99
39 25 126
63 126 227
87 5 97
34 162 206
67 154 270
86 128 260
62 43 283
6 165 181
91 165 287
5 106 115
58 182 250
67 13 80
97 185 328
33 109 144
88 19 133
40 148 195
73 60 182
6 105 115
29 78 120
53 56 126
60 179 288
86 124 335
90 3 134
40 103 165
80 121 203
61 93 163
72 75 153
9 160 173
1 111 120
81 10 120
80 44 134
71 181 254
38 46 98
