790
12 183 199
16 42 61
60 65 309
9 173 225
47 186 262
43 67 122
58 44 122
41 159 209
7 156 180
48 125 181
45 139 187
99 179 285
56 194 342
80 60 142
75 156 234
74 184 270
20 11 38
55 126 188
14 122 140
88 33 141
18 67 88
27 55 123
35 174 231
32 24 155
34 174 338
71 124 231
51 149 232
62 33 99
2 123 130
80 113 269
92 105 222
21 111 139
54 169 389
18 93 117
92 85 191
36 87 127
50 165 252
92 78 180
69 120 196
53 110 171
39 132 259
82 67 154
79 193 364
6 77 89
75 154 280
37 66 144
32 74 135
44 129 177
68 181 297
23 52 75
90 113 266
100 156 286
57 116 177
86 78 286
2 80 128
61 20 83
20 118 213
80 20 114
99 55 224
29 148 246
7 129 317
87 82 182
70 109 185
12 170 188
48 164 213
19 118 166
19 71 116
90 4 114
40 36 120
13 177 196
48 10 66
20 190 226
53 97 170
2 123 158
57 147 244
36 74 120
81 12 103
20 137 166
83 140 228
4 199 215
75 81 192
33 97 278
34 18 252
21 143 170
65 94 347
38 56 124
97 132 396
5 135 318
15 52 201
97 165 278
79 126 205
89 183 464
34 68 122
53 158 213
65 198 296
76 137 222
68 128 241
31 1 79
72 20 120
94 77 201
96 82 227
85 84 187
60 145 209
35 103 322
57 67 221
19 148 174
77 199 442
90 41 138
8 134 262
5 78 93
74 22 103
72 179 328
69 149 266
79 61 160
74 142 222
15 147 164
86 18 112
60 13 100
17 115 136
61 178 246
60 155 221
85 187 320
56 115 356
27 21 51
85 71 157
17 139 264
64 6 80
41 49 217
87 13 105
77 1 92
46 14 90
10 117 322
5 31 38
40 8 49
77 199 455
63 1 113
47 158 222
86 73 203
52 62 122
51 114 208
18 104 211
33 148 181
34 134 191
25 49 77
42 66 117
10 127 139
56 11 92
35 137 176
24 16 73
58 128 193
58 131 198
67 191 406
76 129 231
10 172 190
57 42 105
4 199 206
64 42 110
42 35 85
50 51 101
3 5 10
75 33 112
81 197 279
25 112 150
20 50 82
53 62 119
75 121 349
8 50 61
85 64 149
61 174 243
88 19 110
26 53 110
64 179 258
10 67 78
13 145 159
16 29 65
46 178 225
65 24 98
29 61 90
82 175 300
37 9 49
58 42 108
62 22 262
13 191 244
88 52 141
1 140 320
10 108 120
91 22 142
97 78 194
23 128 153
98 134 235
9 1 73
22 189 216
13 108 128
75 167 367
47 35 188
82 60 157
45 135 183
78 136 229
49 92 143
77 177 267
62 97 176
61 33 102
37 68 106
95 146 267
50 86 140
31 61 97
10 16 34
35 158 269
74 179 345
100 166 270
4 170 250
86 67 160
95 6 133
9 120 319
88 164 258
82 144 236
82 192 282
86 98 226
86 24 139
46 86 208
11 119 130
92 66 183
59 99 282
35 31 110
53 142 203
68 24 246
64 154 232
2 75 80
5 167 331
57 157 353
62 4 73
68 58 216
64 58 128
15 176 200
63 98 178
82 155 241
24 164 370
11 5 153
20 188 292
57 128 248
45 187 341
47 51 114
75 63 146
31 71 104
86 18 133
14 193 247
4 176 183
63 16 122
66 200 267
87 104 193
7 51 64
27 93 123
53 96 164
70 13 256
19 161 380
4 160 208
83 22 110
85 105 249
6 67 82
74 34 115
96 49 186
64 20 92
84 15 120
57 143 282
81 158 240
35 26 64
59 86 216
58 27 121
42 111 155
73 124 394
36 135 171
76 187 264
45 59 108
37 37 80
51 108 161
84 31 121
58 197 305
43 47 97
66 22 119
53 52 137
15 24 42
78 25 272
42 149 294
22 104 148
34 200 251
22 188 215
84 122 228
93 107 230
70 71 151
69 96 215
40 38 109
49 198 251
91 82 279
76 150 228
51 183 235
28 194 299
33 148 189
14 62 198
30 16 66
32 84 125
100 4 138
97 10 150
54 16 74
69 58 172
33 161 248
38 132 179
6 81 88
25 27 58
33 64 108
19 99 263
35 61 105
75 200 308
66 105 171
63 158 259
58 36 240
13 10 70
46 174 415
90 178 270
10 49 207
27 199 244
44 121 172
13 41 91
75 65 143
70 193 324
1 73 79
24 141 213
6 19 45
68 35 149
88 38 171
20 58 80
31 130 222
37 123 176
3 110 113
53 198 289
24 148 220
7 136 324
43 195 399
27 135 173
100 149 254
27 187 354
99 29 173
37 99 282
4 155 163
34 172 211
30 199 238
64 24 246
91 2 119
10 129 167
78 81 190
64 0 233
90 151 375
15 178 193
17 134 302
14 195 212
50 20 70
97 133 277
12 37 159
30 78 114
5 9 54
29 74 293
5 116 193
85 192 286
97 140 257
72 33 254
87 159 313
59 153 214
28 130 183
45 86 138
49 151 211
61 175 237
8 6 51
87 13 100
1 52 100
52 42 278
88 83 311
64 164 280
62 154 242
88 23 144
15 165 208
65 56 134
27 167 282
62 121 301
50 52 302
10 105 119
29 172 236
43 29 91
43 19 68
52 116 178
68 159 232
52 113 203
98 57 164
78 80 165
98 117 255
35 66 129
62 71 142
45 77 131
30 20 53
98 146 291
53 24 87
28 112 190
14 141 155
30 132 165
84 146 280
92 84 178
44 126 171
93 93 308
97 72 224
2 91 110
33 149 182
33 136 178
23 144 186
80 129 239
6 90 266
44 159 204
45 15 90
10 85 98
26 141 212
50 116 171
17 11 46
96 190 299
35 95 149
20 184 213
76 99 185
39 50 110
89 153 248
92 178 287
93 84 177
31 156 189
29 147 179
7 149 183
11 132 143
75 20 130
49 146 221
72 186 403
32 199 232
81 163 250
25 119 154
97 103 221
21 118 181
15 8 28
52 87 233
79 55 156
49 6 60
50 49 127
59 105 221
62 180 336
79 49 164
23 173 373
3 33 68
83 181 264
32 140 177
87 186 275
38 92 150
71 96 171
91 187 286
69 35 114
93 136 275
11 27 41
6 196 210
70 155 260
43 85 137
32 157 195
10 126 144
47 135 182
2 143 145
63 120 218
56 136 336
84 192 277
49 46 225
82 122 216
20 168 188
80 113 318
1 74 88
100 135 267
56 63 119
63 53 191
16 9 27
94 18 116
87 53 286
57 103 349
5 134 139
96 171 276
2 51 93
91 110 211
93 158 257
76 71 157
61 124 228
96 167 287
65 107 179
19 96 300
58 142 258
68 78 192
5 176 215
87 199 295
22 29 58
53 57 270
76 50 177
82 71 155
41 73 122
83 145 228
96 116 228
51 2 182
69 185 261
30 182 213
61 158 220
31 18 131
76 116 241
86 88 180
59 141 228
32 54 106
10 193 220
20 45 177
12 129 295
27 4 45
63 161 233
75 185 290
44 136 185
96 130 229
51 50 112
45 177 366
60 14 74
28 50 118
39 125 189
41 123 207
40 193 241
78 29 139
66 83 169
81 47 139
12 121 135
73 114 200
6 93 108
54 40 137
75 142 217
63 0 82
39 116 201
53 103 335
4 173 190
21 16 69
93 77 172
31 13 55
7 18 29
24 68 135
26 75 128
71 83 181
8 49 81
26 87 117
7 149 164
12 72 84
93 190 469
22 48 90
37 67 107
32 96 135
7 135 156
53 122 182
45 175 270
28 193 396
80 157 243
77 179 307
36 0 39
52 160 221
35 145 185
39 134 174
18 52 70
92 121 225
21 127 156
11 113 128
75 140 254
100 109 234
45 16 74
36 54 93
24 185 236
7 18 35
36 196 232
74 17 94
93 30 156
53 182 243
23 74 103
92 50 150
47 59 107
77 101 181
39 116 162
38 122 165
16 111 141
89 106 358
82 198 438
8 47 69
74 116 297
31 52 113
7 52 65
82 99 340
5 67 134
86 76 166
80 128 216
72 120 240
91 77 174
75 84 159
100 185 385
100 68 176
97 157 444
44 177 230
16 110 190
40 65 111
73 170 394
15 197 215
71 15 128
5 5 19
50 191 287
75 86 205
4 73 78
96 162 262
97 21 183
8 173 338
25 48 79
6 164 178
90 2 94
28 9 49
71 30 124
20 6 31
68 78 162
69 62 171
69 118 205
34 37 79
9 41 54
58 64 298
98 20 125
7 19 30
50 68 228
75 122 297
43 149 201
55 146 221
17 165 295
38 96 324
15 198 216
82 90 264
86 28 272
11 158 207
71 109 186
27 181 237
1 156 207
78 56 310
95 190 295
49 140 354
27 81 109
29 17 52
90 115 220
47 20 111
18 120 148
77 15 94
35 74 112
4 188 194
46 112 185
95 108 212
61 162 271
68 193 326
68 70 306
93 200 297
85 88 255
97 195 292
88 22 263
19 72 124
42 15 110
23 72 132
32 81 117
4 184 250
15 157 195
86 99 210
35 180 249
6 183 191
9 143 161
44 91 140
76 3 100
92 35 135
40 108 157
11 30 48
7 15 178
63 196 262
32 89 157
23 49 93
9 197 211
46 131 195
15 200 225
81 189 348
71 75 215
14 107 122
25 174 213
36 119 169
28 36 70
83 57 245
82 82 190
94 79 299
51 99 166
35 116 161
67 43 269
35 53 146
73 143 219
60 136 200
86 118 204
12 191 243
48 15 142
14 137 153
48 17 70
99 140 267
67 83 193
66 48 121
76 85 215
73 200 275
18 139 177
61 6 110
83 81 363
48 152 291
99 66 206
52 126 222
65 184 256
58 87 161
4 130 218
79 73 338
41 149 269
92 105 200
89 14 129
42 13 82
68 198 268
100 185 293
86 163 401
72 89 301
73 116 191
23 128 307
56 55 112
9 112 123
15 148 171
25 151 199
46 176 367
39 145 246
24 89 115
18 188 214
96 58 155
79 122 273
15 154 206
64 96 161
35 112 150
45 166 216
55 107 233
4 177 205
93 120 288
45 22 142
53 98 156
61 71 164
17 47 114
57 94 199
80 38 120
69 32 103
73 172 252
11 181 200
14 71 105
32 36 74
33 94 130
29 110 189
29 32 66
7 55 169
78 44 198
13 57 198
50 123 222
38 93 133
64 159 225
79 103 183
71 60 147
18 76 107
62 88 152
51 25 99
86 182 449
24 112 162
77 169 342
64 123 343
9 176 187
54 196 432
97 184 286
10 125 143
61 88 187
6 43 50
13 69 132
97 168 271
96 100 207
1 107 242
25 121 163
11 4 80
41 46 246
93 79 205
59 149 211
56 160 217
71 152 227
96 167 265
