630
91 165 258
87 102 199
4 146 171
25 134 179
89 36 235
42 188 365
24 6 102
32 129 161
31 22 59
47 128 176
53 151 312
50 81 134
26 134 163
65 198 371
12 16 38
59 185 252
43 0 75
28 105 138
44 199 249
47 175 222
33 101 145
14 107 153
6 108 288
28 8 90
16 117 231
69 98 185
75 67 188
69 57 127
90 97 294
78 69 156
71 133 205
32 106 296
7 194 272
68 198 274
69 137 215
7 160 254
89 190 430
7 124 137
90 80 174
46 111 203
51 188 239
83 135 274
51 38 96
22 188 269
60 164 258
89 78 194
5 163 178
52 34 186
43 36 158
36 115 262
88 54 305
4 37 43
67 191 384
32 4 45
23 19 52
16 59 78
32 33 72
98 71 216
8 11 57
28 176 212
40 197 238
61 84 343
54 126 188
20 197 238
91 72 177
84 56 147
48 37 98
86 190 307
83 102 194
22 184 363
88 158 253
26 40 70
18 22 53
48 124 205
77 177 302
21 182 204
2 137 142
24 22 182
15 124 297
67 167 239
86 83 173
74 11 110
9 103 120
60 142 248
65 79 151
68 139 378
66 66 141
44 80 129
24 191 225
21 171 285
44 112 177
29 96 171
22 35 57
18 58 82
48 121 179
55 118 180
55 89 181
18 118 163
46 61 109
46 195 423
44 100 176
89 183 333
5 93 98
30 139 207
18 116 144
58 93 254
3 186 190
14 148 172
51 127 203
57 164 271
81 143 385
88 89 193
67 95 166
14 29 48
11 95 152
14 109 145
31 66 112
20 87 141
5 127 142
41 94 136
17 130 157
88 145 271
15 128 176
95 104 208
73 78 300
26 197 226
16 6 212
6 47 62
18 178 204
60 30 140
33 185 244
25 111 145
10 90 114
93 175 432
69 37 133
93 32 158
51 146 198
14 77 91
14 163 320
50 88 184
9 67 86
26 123 154
15 189 204
82 51 142
39 36 117
95 107 252
62 106 175
89 132 229
7 104 146
90 160 281
40 135 356
35 17 55
19 5 91
98 195 322
11 45 66
21 91 115
84 157 250
56 13 101
5 83 90
14 23 62
1 46 79
39 43 156
66 58 126
50 130 180
13 121 288
6 118 153
53 200 354
58 83 205
47 92 262
39 128 327
5 63 75
8 46 74
92 142 239
7 52 236
2 139 311
98 64 194
41 84 132
97 175 314
3 42 100
54 183 246
48 1 58
41 163 212
28 44 102
35 40 81
74 103 186
47 24 86
89 167 297
96 19 201
20 18 88
22 153 178
34 128 169
77 47 314
66 158 237
12 10 62
95 121 320
60 29 127
6 14 28
58 2 255
38 157 228
37 113 150
81 133 224
49 33 165
30 28 90
86 6 106
40 8 48
20 118 173
51 43 94
22 91 221
47 126 175
23 67 91
65 58 133
43 112 323
47 31 81
48 179 244
8 74 100
68 77 322
17 161 289
35 198 349
49 94 150
36 147 339
31 34 74
95 169 403
2 13 57
38 143 181
4 182 187
17 114 135
93 33 129
69 20 106
80 200 301
49 115 174
90 41 171
33 59 275
5 166 230
28 141 211
31 178 285
15 137 343
72 32 111
90 199 292
84 19 170
34 153 193
27 33 61
59 194 257
33 96 149
11 188 208
64 34 120
43 126 315
65 38 213
38 121 165
85 67 183
97 57 160
81 107 204
75 106 206
100 16 142
32 142 180
39 122 175
20 108 129
98 63 167
41 89 155
51 87 146
87 25 120
37 51 92
75 126 359
86 63 164
63 170 242
25 167 319
84 37 125
27 53 155
60 177 282
75 185 264
46 195 256
26 25 57
31 184 221
69 173 304
28 67 101
7 74 81
26 198 368
44 112 187
60 171 241
56 100 175
35 179 218
96 16 151
71 101 180
18 127 150
50 175 225
25 135 328
31 49 89
83 32 152
59 193 255
78 152 282
35 114 154
24 200 247
83 42 149
96 191 306
83 131 396
9 195 211
77 17 144
8 18 33
78 152 355
66 74 155
57 187 280
58 111 208
65 133 202
92 176 273
50 98 167
30 135 207
16 48 173
51 172 241
24 200 366
82 63 148
61 46 107
54 61 139
76 111 209
100 160 392
98 194 333
27 8 35
71 17 95
2 87 92
13 85 101
47 144 200
57 24 245
15 129 152
55 123 306
39 8 47
50 144 198
27 39 131
31 47 80
67 163 279
65 19 120
91 30 126
21 169 198
36 32 74
48 73 233
7 86 95
98 158 310
79 97 181
87 7 94
46 128 194
5 151 165
21 25 200
85 123 226
11 55 72
43 157 359
63 31 235
68 124 232
58 40 98
63 146 211
45 24 211
42 71 155
72 1 86
6 137 144
17 156 181
88 35 200
12 198 369
96 189 442
81 12 95
91 94 230
94 107 208
40 161 219
24 76 110
36 78 154
1 142 178
50 58 117
51 79 138
59 122 219
84 42 215
69 106 181
34 176 247
32 164 205
42 75 268
77 113 198
15 67 103
51 195 253
98 146 318
5 108 222
65 26 92
54 149 250
40 44 91
69 122 191
37 131 264
11 58 79
52 44 119
33 53 88
10 144 155
59 30 121
78 87 188
50 35 130
5 170 216
41 148 193
72 191 273
62 140 211
6 78 120
26 100 293
39 95 139
96 85 187
94 24 123
68 25 100
79 21 141
15 49 68
38 191 274
37 51 262
71 183 283
16 173 373
93 107 203
88 167 259
23 36 258
23 137 195
41 110 234
38 57 289
47 163 346
82 13 102
27 150 185
20 90 119
77 60 152
1 124 128
39 46 100
24 95 122
12 57 77
51 19 91
32 124 161
33 87 165
38 191 233
17 66 124
64 10 166
97 36 141
25 51 124
69 165 251
23 191 214
80 196 276
3 195 207
51 188 306
33 193 229
34 53 121
93 160 257
6 143 192
76 3 88
13 12 28
10 156 241
53 24 126
91 13 114
28 72 111
15 19 46
70 59 274
30 180 215
72 175 248
6 119 166
11 34 88
32 187 226
23 53 85
17 181 204
47 194 245
69 100 179
31 43 81
30 16 120
64 196 263
92 36 142
70 137 366
97 113 211
38 0 47
32 188 228
67 2 257
50 29 126
42 189 412
73 142 261
25 70 100
100 121 278
90 181 464
30 138 212
55 52 116
11 41 59
53 106 268
56 60 164
7 142 160
33 24 81
31 136 176
35 33 156
18 92 283
84 142 230
56 87 193
38 13 74
54 149 210
42 77 127
86 177 270
13 180 194
33 9 175
46 81 128
7 124 138
28 36 83
4 40 46
3 46 125
14 77 97
62 175 245
26 128 161
38 47 90
36 13 56
84 127 333
11 86 256
35 176 277
74 99 199
68 22 93
33 15 64
94 146 353
72 194 270
9 95 273
52 111 168
64 166 258
10 143 162
8 108 302
88 146 234
69 195 265
97 76 190
48 185 239
16 112 198
34 150 374
42 25 94
1 118 129
11 27 175
90 10 109
45 160 215
100 23 129
54 81 210
92 28 124
69 153 382
81 138 288
54 93 173
54 18 118
15 200 218
84 138 245
90 28 119
16 143 347
5 191 246
48 135 202
25 133 197
58 84 173
81 170 305
29 15 52
58 115 282
35 44 125
89 196 289
92 136 234
64 200 270
35 35 94
8 194 246
52 125 206
50 200 253
37 152 255
6 165 177
78 105 186
97 118 251
71 125 241
72 113 186
100 175 471
88 162 251
58 66 152
49 176 275
65 53 128
17 19 50
41 98 147
85 105 202
84 0 129
39 43 114
32 175 217
51 81 153
78 155 270
76 64 243
32 108 143
96 73 171
39 125 187
48 171 247
67 184 255
47 29 83
75 107 234
20 114 146
60 12 77
57 187 248
25 30 59
95 11 196
60 100 176
81 153 269
85 35 123
27 122 345
1 88 107
13 132 150
3 3 11
89 36 169
30 151 186
81 88 367
57 45 104
84 136 309
6 178 185
90 194 323
53 185 240
81 198 367
86 160 277
33 19 52
23 26 91
54 109 167
64 85 157
87 73 333
7 119 227
7 23 76
35 159 196
9 87 286
29 35 106
46 177 311
98 33 157
99 112 213
60 46 110
98 74 225
43 44 205
4 127 139
38 73 129
59 86 155
95 193 295
42 69 155
87 1 88
1 116 284
25 39 72
60 178 241
79 2 194
19 121 299
6 17 31
66 194 268
76 117 199
15 106 123
45 34 86
3 200 238
61 42 111
30 58 92
71 20 125
56 83 301
