140
94 131 294
90 142 282
21 179 331
54 108 169
65 0 68
76 90 172
31 25 66
64 190 256
9 135 146
31 91 142
38 84 129
80 28 113
76 45 169
95 184 312
60 164 337
5 198 210
99 12 310
4 48 61
59 162 257
48 31 125
77 114 196
57 141 201
49 6 143
57 136 217
88 44 138
79 182 264
46 98 314
94 28 256
68 141 225
89 19 114
6 59 148
64 114 187
25 89 144
39 118 161
82 72 155
53 43 289
24 149 181
45 191 246
43 89 162
30 183 219
43 143 206
4 177 291
1 195 240
14 122 143
99 147 249
41 99 154
68 165 239
13 2 197
19 173 197
66 148 217
66 7 110
75 119 293
74 123 200
52 89 141
35 118 154
97 15 154
71 88 192
90 200 336
71 113 193
39 175 296
53 24 79
33 175 214
82 107 204
6 195 252
59 76 137
17 19 210
16 153 276
55 29 180
63 196 318
39 77 236
65 146 261
99 157 311
30 178 363
34 199 234
36 166 284
94 82 196
76 187 381
91 39 139
44 92 164
85 14 269
12 154 176
21 180 223
43 86 131
76 82 286
63 64 166
12 111 145
8 137 158
36 89 299
31 145 226
73 101 175
39 150 195
1 11 18
34 71 135
93 86 227
1 8 10
94 63 163
49 157 216
7 76 84
9 73 89
88 50 140
59 130 205
23 10 34
44 53 108
93 32 170
97 118 288
79 40 139
96 102 201
18 104 152
19 173 199
35 32 76
63 82 157
15 64 82
88 65 153
54 15 108
17 39 64
33 197 232
4 24 33
22 77 111
83 167 347
12 72 85
48 144 192
86 86 176
50 28 85
8 88 96
7 13 65
1 120 127
66 117 289
22 62 99
68 155 230
55 35 96
24 179 203
81 90 174
62 52 117
92 172 312
45 179 265
73 111 371
13 15 42
51 162 222
79 21 100
80 89 169
