700
31 171 401
76 14 95
70 183 412
91 18 122
38 24 110
45 129 179
89 189 300
68 28 113
35 169 215
28 73 109
24 43 105
25 56 87
80 67 156
12 169 210
12 200 220
65 98 167
90 115 355
43 113 274
34 106 178
81 104 280
97 114 318
93 166 282
4 34 40
14 175 235
81 74 164
23 131 203
10 194 205
57 59 194
41 105 327
63 90 162
17 59 170
55 18 119
99 89 196
51 67 260
100 97 274
38 169 249
16 171 355
74 47 155
22 38 89
26 105 205
20 93 158
74 12 100
96 199 421
61 191 257
51 147 206
28 39 76
83 45 135
1 31 36
35 82 132
34 163 275
52 151 211
95 43 142
15 115 307
95 69 231
45 171 239
5 66 248
18 16 38
44 149 239
79 186 417
50 89 156
95 72 291
6 88 98
66 41 113
1 160 194
31 69 106
45 154 199
22 140 280
29 16 81
98 124 231
40 102 172
36 170 360
8 169 183
10 133 192
46 164 221
24 188 213
71 187 294
18 80 107
35 100 135
18 83 106
8 88 198
35 172 235
57 151 278
82 58 149
67 81 191
3 78 82
54 19 76
33 91 181
3 65 77
20 154 224
92 105 211
54 74 137
35 22 60
91 25 138
5 171 226
73 40 123
76 153 273
63 177 393
53 122 223
25 193 226
18 154 278
81 4 233
76 195 278
19 26 198
37 83 129
72 151 274
33 197 240
74 53 150
13 154 184
82 131 258
7 8 19
99 90 224
8 109 146
4 77 88
58 63 159
14 97 122
14 104 128
43 15 187
71 32 103
15 159 187
49 62 220
29 159 334
10 23 55
45 52 97
50 127 212
19 88 265
81 104 279
38 96 138
96 98 204
3 179 183
73 68 148
9 172 186
83 82 182
22 33 55
36 122 164
43 109 169
9 92 228
45 130 343
54 105 161
29 185 221
69 188 269
30 88 143
91 55 163
75 184 281
46 171 259
25 74 100
16 115 138
25 23 91
28 182 343
84 122 256
70 22 129
3 170 183
36 28 127
84 62 338
17 20 79
17 135 161
47 142 228
81 46 167
95 27 163
25 85 147
7 1 48
41 38 86
23 148 210
68 34 103
90 86 180
22 112 159
9 125 135
44 3 124
14 11 166
21 66 99
72 157 230
75 160 272
46 44 223
9 181 200
9 138 150
44 186 236
88 4 97
61 74 174
48 36 121
94 125 229
14 13 82
10 171 206
81 25 115
97 187 292
53 34 90
82 189 275
78 27 192
26 119 154
25 177 209
89 101 194
77 111 315
50 119 175
39 155 301
92 47 174
31 27 77
11 141 154
80 193 469
64 68 287
53 138 390
40 27 71
36 90 278
29 166 383
15 173 194
65 116 217
42 30 196
41 152 386
30 126 193
5 113 184
71 172 428
46 169 298
72 123 195
80 101 185
97 165 266
90 143 279
79 99 320
54 1 73
9 161 171
72 58 138
64 48 299
85 146 234
28 133 191
10 191 319
15 69 88
5 13 149
53 4 142
77 49 142
97 195 295
68 95 176
28 115 173
84 186 296
12 156 168
65 198 288
42 69 169
58 125 197
65 194 266
52 83 266
85 43 161
79 74 153
65 83 154
56 175 258
71 92 169
14 94 242
2 57 235
23 30 100
95 105 208
29 43 73
46 184 247
65 61 129
76 57 164
25 77 106
21 115 146
81 120 236
15 59 92
71 78 343
22 28 102
48 93 190
19 106 258
41 187 249
25 167 198
30 179 336
68 154 235
1 13 58
11 199 219
34 75 111
30 127 183
76 155 232
92 86 187
5 192 227
19 137 162
27 140 170
11 8 61
5 55 108
82 153 276
23 10 44
98 61 206
29 73 276
82 170 291
63 158 238
44 79 123
47 19 167
46 103 153
60 199 265
76 20 287
48 174 222
88 69 169
60 55 122
40 70 158
68 176 251
100 58 192
54 144 206
30 59 270
26 138 210
29 88 126
67 189 260
3 108 135
79 101 183
12 13 79
64 101 167
59 65 265
72 158 425
70 151 296
69 55 148
49 141 231
63 102 261
98 146 245
84 117 207
48 178 251
54 0 86
56 70 166
79 184 263
10 111 196
4 165 313
29 163 195
28 56 92
32 12 92
61 27 90
96 157 300
75 97 178
85 49 263
11 112 126
7 190 358
72 20 174
2 78 87
54 23 195
76 154 235
68 44 124
54 143 360
62 189 253
51 27 84
13 175 221
48 108 165
58 114 305
58 140 239
3 137 204
98 150 248
67 127 208
95 9 249
9 38 55
86 41 129
7 131 151
89 119 308
99 16 250
62 58 128
24 182 374
87 93 189
73 185 277
62 183 279
29 84 117
32 16 54
3 117 214
68 58 128
6 73 88
44 67 119
32 161 198
72 129 202
34 38 82
30 74 126
85 46 289
49 18 75
45 22 75
93 95 195
48 175 253
68 57 152
70 143 356
37 36 109
94 33 166
27 4 40
5 174 189
75 19 101
33 138 174
2 39 146
64 99 169
14 143 202
3 62 72
6 187 202
57 29 94
27 82 118
94 166 299
41 103 281
18 185 204
60 161 221
88 151 242
17 88 106
72 50 131
95 191 292
50 30 109
74 190 365
70 76 155
47 104 230
46 189 237
42 47 114
88 95 188
7 1 16
38 187 230
59 35 98
4 23 37
49 103 160
16 144 209
98 84 182
26 174 282
47 39 120
80 135 264
83 51 138
10 147 162
69 21 90
15 78 93
21 180 229
96 5 108
12 131 147
7 130 288
44 34 129
18 18 55
19 12 37
39 170 233
71 139 212
82 46 133
35 129 172
97 69 173
63 162 270
38 41 127
40 21 66
46 6 59
72 127 271
22 129 176
65 83 169
84 156 333
18 160 314
53 166 226
88 69 176
52 18 233
9 29 78
67 143 218
87 78 168
63 97 198
34 78 136
29 189 246
12 97 114
24 17 53
58 45 131
49 29 270
26 4 68
96 86 182
7 184 390
41 4 50
36 11 72
86 111 202
51 107 168
96 94 353
86 158 320
40 154 273
91 107 203
2 31 64
55 75 133
2 88 285
97 155 292
74 189 273
57 77 204
30 163 197
32 93 170
32 67 108
80 104 315
53 177 233
19 61 82
22 25 53
27 22 56
54 70 233
3 115 175
9 17 30
44 39 88
51 62 146
94 184 405
14 48 76
60 85 147
77 176 256
6 8 18
7 2 11
27 75 108
88 5 129
76 6 96
20 69 131
32 39 73
36 12 67
32 80 168
55 27 106
16 41 67
56 171 360
7 51 68
87 176 266
76 39 116
44 155 203
97 48 153
11 191 226
73 12 171
78 193 273
99 192 447
25 139 210
31 79 120
72 121 206
94 8 269
14 36 64
69 127 205
22 138 195
66 167 277
97 161 268
22 98 301
56 156 215
85 58 158
22 136 192
99 89 200
98 83 187
70 170 254
10 197 233
73 95 171
63 45 122
13 11 33
30 125 184
14 21 204
75 143 254
69 33 257
56 100 162
96 96 198
89 147 241
53 44 140
52 120 172
21 163 189
12 140 159
71 88 249
13 185 208
90 7 106
7 65 149
2 123 135
90 167 350
38 134 212
91 148 240
62 195 258
10 133 149
41 197 337
16 2 47
14 27 83
71 15 103
42 32 74
22 194 235
57 192 255
54 115 248
59 183 259
23 184 216
33 86 160
100 142 250
43 182 268
58 83 164
51 144 228
8 189 202
22 134 257
42 159 207
58 200 263
67 56 173
94 84 186
57 118 181
31 193 262
42 142 296
50 77 129
48 39 106
38 35 96
71 119 195
98 151 274
50 36 157
92 93 186
93 147 241
47 173 246
3 120 274
91 95 209
85 139 307
22 5 56
12 104 137
67 61 189
59 52 151
79 35 124
36 36 100
94 129 229
37 196 236
1 156 178
99 104 215
29 171 209
87 172 278
45 156 374
35 186 290
40 94 141
81 60 155
68 59 128
79 174 262
98 79 183
50 164 224
4 184 195
52 186 239
78 82 170
12 120 170
70 177 410
7 57 78
18 142 246
63 5 72
24 31 91
77 136 239
55 81 139
54 70 138
4 47 82
10 57 124
77 68 145
17 55 139
46 182 301
7 86 245
80 132 222
39 192 316
92 83 178
80 96 181
2 29 226
45 98 151
70 49 129
21 85 107
99 91 198
69 116 190
1 146 311
44 181 233
67 90 162
68 117 191
27 199 236
73 59 332
16 131 316
44 195 435
72 139 222
20 57 108
53 77 136
38 49 91
65 179 254
43 123 180
86 73 163
81 0 103
17 141 331
82 1 123
44 166 253
94 183 351
42 171 269
56 43 100
6 92 158
2 124 127
55 52 133
96 170 329
27 162 191
44 197 251
9 1 37
71 20 190
60 94 252
3 115 127
66 192 276
50 70 125
62 62 133
4 197 240
24 94 295
21 119 159
7 62 83
95 80 175
98 38 165
77 73 158
43 160 209
14 56 80
12 78 174
32 69 107
70 52 128
3 167 173
64 68 145
8 37 225
82 105 217
87 29 120
62 181 251
29 108 314
85 141 234
100 145 247
10 31 91
9 153 186
52 83 135
65 32 101
33 122 272
81 175 277
52 161 222
89 176 281
61 51 153
28 90 303
66 19 234
11 132 152
69 68 139
21 112 156
27 0 169
34 189 228
48 94 184
20 196 218
87 109 197
56 1 67
12 186 208
34 53 94
76 98 175
52 142 194
76 183 307
