220
95 200 299
88 189 285
35 2 54
27 193 229
81 28 116
82 198 301
46 12 63
91 74 215
15 83 158
19 109 184
50 103 162
36 117 320
52 2 173
71 132 241
89 14 113
73 172 246
15 127 184
19 129 194
40 94 141
48 49 98
36 50 111
64 44 163
37 53 96
88 64 346
51 130 326
59 63 141
51 158 237
50 172 234
88 31 152
69 186 454
21 33 64
29 195 254
83 197 288
89 121 321
36 190 235
64 189 356
91 68 187
8 184 228
22 129 310
56 94 161
71 140 290
24 174 198
28 161 328
78 178 339
25 119 180
33 113 150
68 92 167
41 4 88
35 196 369
64 88 152
77 47 212
10 154 182
32 178 246
66 39 110
21 164 194
62 59 157
36 77 120
45 25 73
32 25 66
98 136 261
31 24 58
45 79 134
53 133 189
86 42 136
11 37 63
30 141 177
77 172 255
39 57 259
13 23 46
34 153 233
66 181 252
76 197 279
72 116 190
13 200 221
66 171 414
96 83 197
7 4 145
54 111 211
98 23 122
28 192 232
15 60 142
71 168 249
63 74 322
84 69 155
18 12 37
79 138 219
30 72 243
29 116 182
79 103 213
37 14 61
79 97 178
73 136 216
30 6 57
39 175 215
66 128 196
86 45 155
90 26 125
13 10 180
8 12 180
95 3 179
92 19 136
56 152 209
45 184 239
42 43 86
29 66 101
25 189 218
69 125 201
69 100 197
22 167 193
56 189 253
46 24 72
72 51 132
63 99 258
18 172 371
1 200 378
45 69 116
43 131 211
96 43 148
81 135 223
1 22 25
14 175 199
31 143 181
31 76 116
49 75 126
39 121 162
3 149 202
17 151 216
74 122 222
70 91 184
66 121 209
52 94 178
17 95 178
32 149 190
71 151 228
4 148 262
66 124 217
57 6 96
25 164 308
53 142 197
41 184 272
20 17 183
8 32 183
21 195 296
10 148 182
14 50 68
4 42 51
49 146 195
91 38 270
34 196 233
4 96 107
26 40 88
95 31 143
13 102 132
39 41 86
72 133 236
46 129 180
93 62 196
55 123 310
71 107 186
6 96 197
88 146 240
9 47 85
71 56 180
6 40 117
42 96 170
89 190 280
13 171 358
70 83 344
12 24 172
49 5 69
96 184 281
66 62 156
32 35 175
62 189 358
96 183 440
21 116 168
98 157 389
83 48 152
31 117 149
43 157 368
14 32 174
33 126 163
95 98 208
71 75 166
51 40 142
25 46 73
68 181 281
54 95 198
80 45 135
56 103 181
41 68 158
24 173 207
15 109 250
88 111 230
84 31 116
44 161 205
84 136 226
26 43 222
20 100 129
26 63 130
69 189 297
72 12 177
31 74 108
85 141 232
46 155 259
18 44 91
86 127 233
9 93 102
1 183 187
92 146 355
47 58 141
89 192 286
44 140 286
25 188 409
69 96 166
92 38 248
42 73 206
51 17 69
57 164 256
71 74 177
