460
85 145 281
30 93 149
3 82 223
94 68 187
67 149 259
65 4 80
29 17 52
7 94 109
44 90 268
43 80 150
47 3 67
23 9 34
35 184 225
84 131 259
1 148 267
79 179 267
18 91 121
74 102 176
35 161 371
2 71 74
36 75 159
46 21 75
20 73 168
24 79 120
16 167 225
54 132 188
98 90 228
17 114 161
84 148 237
8 39 70
17 13 33
98 169 284
15 139 160
77 150 238
36 165 222
99 36 145
38 16 82
99 4 115
67 82 150
94 186 378
48 88 152
89 118 329
73 98 178
40 171 220
52 183 268
70 20 271
20 131 155
56 161 241
27 112 165
26 33 61
35 9 69
42 195 243
76 28 112
38 101 148
39 79 290
68 131 311
45 117 190
47 200 251
4 108 213
37 128 173
62 193 350
70 161 251
47 28 93
89 44 243
90 129 224
18 105 125
79 187 311
68 184 260
98 59 239
34 38 245
10 99 147
33 52 86
81 181 271
78 18 98
4 154 158
10 100 153
25 138 173
68 90 165
29 172 243
13 173 193
66 158 246
25 115 144
10 191 229
4 75 227
73 98 180
5 102 147
31 190 390
41 67 300
39 121 169
66 172 241
16 45 64
63 180 341
35 144 195
43 51 101
27 151 181
98 115 367
33 77 144
24 108 171
31 164 303
13 189 207
49 33 82
2 29 53
4 67 84
66 4 97
33 164 224
78 41 258
38 34 73
99 61 185
93 92 188
88 120 217
87 128 288
83 150 275
5 55 78
44 101 245
71 10 96
15 42 94
72 161 244
44 70 115
81 146 227
5 181 196
97 112 210
78 23 142
65 142 330
36 56 96
96 29 209
89 173 266
62 121 193
23 78 149
75 99 208
95 61 167
57 79 197
40 44 91
17 69 118
55 72 226
98 128 234
11 7 18
85 173 265
58 11 121
78 123 205
95 110 211
58 21 81
23 121 289
82 139 246
33 102 137
78 113 191
66 44 184
45 80 133
75 21 280
66 92 322
52 14 103
12 184 230
68 33 116
17 57 114
78 11 248
11 149 296
96 159 260
48 83 279
5 151 183
45 46 135
80 123 280
65 81 172
34 88 123
62 2 105
60 43 111
72 170 247
6 64 91
12 188 203
71 166 281
16 124 175
36 104 172
64 175 283
65 171 321
67 167 276
39 67 111
52 160 244
53 95 314
43 1 156
68 193 281
89 186 390
32 142 177
81 76 175
12 76 100
15 46 64
93 14 282
56 98 162
15 103 122
89 173 324
95 143 246
89 145 239
71 179 278
38 132 301
58 6 73
44 105 191
6 185 226
13 177 366
28 105 284
73 133 209
91 16 270
50 91 153
30 166 355
32 190 386
34 12 213
39 195 256
43 85 160
38 195 233
92 119 385
94 46 147
95 173 274
2 131 221
21 125 268
78 17 100
30 139 240
95 96 223
32 11 44
37 147 188
98 119 226
22 173 234
93 56 288
47 162 268
49 64 272
96 46 155
56 197 294
85 68 173
81 29 115
38 182 252
60 91 153
69 140 236
41 199 259
1 96 269
81 134 255
33 44 78
32 68 244
100 135 282
68 172 278
69 195 286
31 5 37
12 15 134
42 57 102
87 100 191
70 45 116
84 115 219
17 17 38
90 9 115
67 38 292
41 105 150
19 25 81
54 134 207
94 127 251
19 101 120
64 196 260
34 29 244
85 96 373
81 46 133
26 111 146
41 188 265
85 85 177
98 63 164
88 64 270
47 31 121
86 18 146
4 132 169
49 178 237
67 156 357
73 177 413
84 102 191
35 143 360
69 87 166
31 133 210
16 130 212
83 164 326
47 66 116
25 191 225
23 138 169
85 164 259
28 45 86
87 125 230
1 99 143
62 40 107
48 125 200
27 164 206
1 157 168
55 49 144
41 74 117
9 22 75
38 101 144
85 81 203
56 113 280
10 90 148
77 147 252
66 51 164
48 148 243
61 17 88
53 177 367
85 23 151
60 101 211
2 115 125
55 50 114
5 144 166
39 56 96
80 73 292
41 186 237
76 110 192
1 180 207
78 129 371
74 147 276
61 24 235
59 72 132
92 77 172
51 162 215
76 197 319
47 134 181
36 122 205
14 141 161
40 42 170
75 93 215
47 52 100
40 34 88
95 129 335
68 41 116
77 80 163
9 98 261
83 65 197
87 27 118
89 168 257
37 121 282
96 112 211
70 86 163
72 21 93
56 36 102
34 133 327
11 96 115
94 114 245
19 50 77
55 126 219
66 107 320
41 89 140
77 155 326
99 61 329
38 11 64
18 96 122
15 84 101
63 196 286
36 185 226
85 96 292
9 131 262
96 49 205
69 102 175
55 35 99
57 139 203
26 55 130
15 14 60
65 103 207
11 200 397
59 196 444
96 121 226
34 2 68
14 127 168
24 185 212
77 26 109
8 35 78
18 178 196
35 197 267
29 11 50
19 59 270
4 150 191
50 147 201
77 9 86
15 10 29
100 92 266
54 135 189
27 144 172
7 114 124
46 124 210
35 25 116
51 11 110
16 185 201
66 52 142
60 136 314
7 122 218
86 22 113
76 149 242
22 197 221
73 71 262
30 124 181
71 15 92
97 112 210
65 173 274
9 188 235
16 11 30
91 40 133
13 53 100
94 106 293
88 13 105
16 121 140
1 74 83
5 22 39
27 66 98
39 40 112
96 129 229
61 29 163
22 57 83
70 90 196
99 113 235
79 151 275
96 179 286
39 6 45
52 119 180
55 127 190
42 171 276
23 21 69
27 43 71
36 130 235
29 199 231
36 49 220
55 164 221
49 25 81
14 55 78
80 161 245
90 184 274
59 93 305
18 69 275
78 21 138
79 167 277
23 64 97
75 157 389
75 169 263
23 170 223
79 25 120
27 127 184
46 180 378
87 139 269
88 57 271
23 51 193
46 179 275
60 135 234
90 29 234
6 9 21
33 105 188
42 38 243
97 9 123
96 95 197
80 114 194
70 194 313
82 32 258
74 77 245
61 34 134
39 169 364
47 12 85
93 79 304
96 98 197
20 136 157
52 167 250
2 133 136
5 2 8
9 129 165
82 45 128
67 148 223
77 8 120
97 184 283
53 125 279
