760
65 12 108
85 103 227
39 171 250
30 53 124
6 128 155
16 44 170
43 21 192
93 9 149
33 191 244
60 3 71
61 62 141
56 176 239
60 115 182
48 154 204
19 140 177
55 172 270
49 79 129
47 127 224
4 108 226
52 19 79
7 91 122
66 86 158
83 4 118
30 138 172
94 147 441
65 60 147
67 167 251
56 131 189
91 114 207
64 63 152
60 75 280
20 153 175
59 117 182
39 192 289
68 105 174
88 64 162
57 165 239
99 0 108
38 200 352
20 18 83
9 13 161
43 69 122
89 109 227
13 69 129
81 71 159
65 152 219
62 61 129
53 128 183
73 139 238
50 130 180
72 60 136
82 113 255
43 11 64
72 44 151
13 39 126
29 28 174
96 19 125
46 58 248
40 87 139
50 90 146
13 147 170
83 188 312
67 194 264
65 45 153
29 152 187
85 198 341
22 40 68
35 166 250
14 156 200
65 173 242
78 58 316
65 13 154
96 195 298
12 48 111
61 122 189
65 144 244
90 38 136
69 62 137
28 137 169
95 175 273
88 4 92
49 156 239
84 115 203
34 110 155
36 67 151
44 143 222
52 159 249
92 44 308
64 144 220
85 137 420
49 191 276
29 116 323
9 132 340
54 165 229
71 124 223
92 24 120
69 200 274
21 84 134
11 130 241
42 191 240
52 108 164
77 183 457
89 77 273
13 113 176
77 96 317
95 64 192
1 129 135
72 56 162
54 170 348
83 197 280
57 145 243
22 97 191
84 58 257
25 154 179
11 63 76
96 161 293
13 178 344
46 3 58
3 67 76
59 151 368
23 12 74
61 60 164
17 57 81
25 139 172
83 77 162
29 146 182
35 5 121
84 164 251
61 51 137
52 121 182
59 63 126
5 32 50
74 94 323
90 41 282
7 183 363
54 196 256
97 138 250
39 153 192
98 101 204
4 175 181
81 196 340
4 176 220
95 87 191
12 1 187
66 197 273
92 41 325
79 26 115
20 138 167
59 17 263
93 120 333
4 18 69
29 22 64
13 51 68
86 9 105
34 17 60
32 161 194
60 186 250
23 20 47
62 109 181
24 116 153
40 15 68
5 50 139
28 36 71
17 174 332
66 85 173
43 144 208
35 113 194
29 80 191
70 165 406
68 177 253
95 139 234
100 56 166
51 139 193
57 39 111
72 91 208
51 52 113
97 105 347
58 112 172
81 172 440
8 189 207
23 24 60
20 44 67
41 49 97
38 73 117
16 132 215
83 54 140
40 67 111
50 101 167
33 195 229
2 106 151
52 190 421
67 49 146
37 95 135
65 31 178
24 160 194
96 152 252
85 146 248
4 112 129
4 196 210
10 28 44
32 154 356
73 191 292
25 80 135
72 68 276
23 12 39
86 143 287
83 171 260
91 153 283
78 64 143
35 114 155
73 120 376
73 148 222
83 185 313
49 148 223
84 200 323
42 10 236
91 83 202
14 198 349
22 14 85
7 6 47
88 149 243
19 35 84
55 147 205
21 104 130
85 115 210
11 85 253
67 31 260
78 68 148
52 198 427
92 71 307
49 60 279
13 105 135
32 187 359
71 162 315
36 98 143
90 10 101
47 51 102
93 108 202
41 175 368
37 150 196
8 197 213
26 115 269
35 132 185
18 171 232
99 32 173
40 197 243
31 64 100
58 94 152
38 94 145
82 70 158
25 166 191
29 75 110
25 163 381
13 145 322
39 175 294
23 156 182
74 137 217
17 11 48
96 183 287
36 126 204
97 102 211
99 119 220
71 194 268
100 162 290
2 27 30
55 91 334
48 151 243
70 189 267
96 33 136
99 170 353
86 93 185
42 27 177
30 163 194
26 156 186
74 49 159
45 26 121
16 147 236
41 138 185
21 43 228
86 26 303
19 29 52
3 176 310
52 163 223
74 158 241
16 179 320
2 193 215
35 125 177
51 22 96
75 53 138
90 170 271
19 74 117
8 14 25
67 184 258
38 23 255
52 51 124
27 129 178
99 23 273
87 121 351
60 99 172
61 36 123
96 120 227
63 118 199
50 94 187
59 172 239
97 17 115
42 36 98
85 155 258
94 127 251
82 46 156
24 90 152
17 170 360
89 171 357
71 33 129
90 50 185
63 0 109
54 137 199
47 124 179
34 36 74
18 136 287
80 116 231
4 40 62
27 92 253
96 29 135
43 159 212
59 42 112
67 128 245
60 120 181
13 43 217
78 97 224
42 29 85
96 140 309
62 8 215
98 159 348
83 116 243
90 198 288
7 32 48
30 173 307
39 29 71
84 124 234
16 35 239
57 123 184
31 117 226
42 133 289
65 181 255
92 40 133
61 34 98
27 129 200
15 156 315
23 182 233
72 4 192
63 169 236
87 71 341
44 16 102
13 39 55
88 116 234
61 192 255
22 144 172
92 192 293
81 98 183
84 161 258
22 180 234
98 175 296
42 121 320
71 95 174
44 52 96
63 131 198
15 72 89
90 86 194
62 81 168
47 130 316
89 143 234
36 162 202
89 81 175
66 115 200
38 66 152
28 121 297
4 140 146
46 58 105
17 131 150
5 123 133
88 5 97
65 151 225
84 41 268
46 169 217
52 64 119
88 17 109
23 21 66
24 94 142
61 184 275
49 58 117
10 65 83
41 22 78
38 161 229
89 84 188
15 78 132
69 40 151
48 37 103
40 108 180
81 114 301
42 198 249
19 10 41
93 77 187
62 0 149
35 126 189
26 37 102
31 134 364
52 85 324
19 61 107
42 17 82
19 21 57
60 190 410
31 116 305
15 107 125
86 43 132
19 101 121
75 194 301
52 177 316
36 121 166
29 177 217
13 128 145
43 38 187
78 28 111
22 35 63
63 11 118
86 25 127
88 5 98
34 56 96
22 131 159
64 37 105
82 173 291
94 69 163
70 199 292
100 20 206
25 126 241
14 102 198
53 141 196
48 93 161
86 165 260
49 138 189
73 178 368
1 77 119
70 5 120
64 75 244
3 102 131
6 151 189
49 196 247
20 146 167
11 53 222
35 92 154
9 78 110
72 156 308
63 115 185
71 177 290
12 69 94
5 154 205
26 155 184
53 16 81
81 179 268
44 88 146
28 199 276
78 111 191
84 34 128
65 144 211
43 152 226
57 21 88
4 77 85
83 132 224
46 78 127
14 76 277
18 5 31
13 190 225
35 82 125
13 197 227
2 95 114
34 175 247
75 131 220
1 180 191
13 52 183
49 50 109
76 164 242
18 129 197
7 7 201
5 93 147
76 122 240
28 141 320
25 151 203
99 125 231
67 153 228
69 176 282
64 114 208
3 128 140
45 91 230
2 128 160
59 107 174
43 115 295
52 45 117
9 2 31
54 25 88
84 13 209
65 121 199
69 164 238
24 67 93
11 126 161
48 194 315
11 161 202
70 179 257
33 179 219
35 158 199
22 20 46
87 186 273
5 73 98
94 59 174
88 35 154
31 138 176
94 143 263
31 105 195
89 194 291
96 115 219
28 160 195
69 53 127
73 35 139
72 194 375
6 170 183
63 91 303
97 24 127
20 1 120
57 147 237
60 191 296
66 95 170
100 103 390
99 94 195
1 126 134
94 174 274
14 73 93
23 137 258
54 68 168
71 121 239
84 150 281
72 88 201
78 189 268
15 146 163
1 179 189
24 148 200
76 31 233
52 150 209
39 83 137
83 93 366
31 59 234
52 164 230
78 124 287
7 110 125
50 86 136
78 93 174
53 30 160
74 62 147
22 148 175
35 138 200
53 9 199
6 26 33
37 198 239
71 28 104
28 154 216
8 119 135
33 11 56
66 186 332
49 64 116
58 51 114
50 44 111
58 180 271
9 66 81
66 19 88
55 176 264
44 42 96
54 25 101
99 147 295
78 73 323
93 62 164
28 79 126
38 154 220
39 188 253
12 120 138
4 102 145
41 43 121
32 147 181
82 13 111
51 168 224
10 3 22
53 129 207
41 119 188
38 36 82
43 27 92
53 83 138
55 46 162
82 179 327
87 134 250
13 19 66
23 12 41
7 150 181
2 194 203
46 188 244
90 200 329
21 130 173
33 103 143
46 124 180
96 42 256
10 34 56
42 140 274
94 46 152
3 174 350
61 21 90
16 33 49
77 65 142
17 153 231
32 91 133
11 69 102
50 89 140
69 174 254
96 150 254
100 162 268
18 154 310
60 63 155
32 108 143
31 95 148
35 36 116
76 141 225
13 39 70
36 165 224
57 28 222
18 20 62
92 74 209
82 42 133
89 44 172
64 49 116
7 111 162
29 120 152
37 22 64
11 65 272
95 135 280
43 190 362
79 172 284
2 4 25
65 64 137
79 46 170
9 159 211
17 142 230
48 92 144
77 155 237
56 56 290
29 106 183
51 159 318
48 154 245
80 161 241
23 99 131
16 91 109
90 10 105
10 65 84
40 36 234
54 85 149
7 198 205
48 92 153
97 76 176
3 109 126
54 141 195
45 9 56
40 78 120
100 132 273
37 96 133
54 92 153
33 114 184
1 199 329
31 92 165
12 179 238
64 10 83
61 75 250
41 15 148
3 178 181
69 55 125
97 33 152
91 52 145
24 127 168
23 63 98
50 161 241
47 163 248
72 159 255
54 43 283
47 167 242
92 41 135
41 176 226
24 104 130
73 150 245
100 107 216
68 4 82
80 49 164
25 156 198
55 164 221
27 139 208
56 40 97
31 147 292
54 194 251
59 28 118
26 149 254
16 36 59
84 137 248
10 124 188
28 153 375
55 66 129
49 155 206
87 171 410
70 127 227
79 43 125
80 171 258
33 84 160
91 190 295
44 186 241
84 79 185
43 136 179
31 38 248
77 68 300
85 34 124
20 152 182
60 179 345
78 71 166
14 33 47
58 2 67
100 148 311
48 125 209
14 113 153
54 87 272
91 3 96
9 87 104
31 77 262
29 176 228
24 66 97
13 134 153
68 89 162
5 37 80
7 181 217
79 110 197
91 38 302
96 44 311
63 96 215
47 119 206
34 185 228
77 124 217
51 20 79
7 1 11
84 117 206
25 199 243
61 198 264
56 133 241
14 141 187
46 183 237
82 34 131
60 141 270
79 158 396
76 79 198
5 135 155
74 103 289
97 74 206
19 157 215
