710
13 151 165
100 133 266
69 172 279
80 25 232
15 182 202
6 98 154
58 143 214
73 17 94
51 0 191
72 53 164
17 105 127
67 80 150
69 141 228
21 104 149
93 28 121
77 78 155
47 76 161
84 146 273
21 105 136
25 181 206
56 166 232
43 25 82
24 117 145
91 55 185
91 121 254
93 77 180
29 101 133
17 174 229
82 86 264
2 127 138
56 149 215
64 14 221
18 126 153
35 124 299
52 149 219
87 196 292
10 82 134
15 4 33
79 195 315
1 29 57
93 160 253
58 83 181
50 102 158
49 23 229
72 171 264
85 137 271
92 116 212
93 125 221
77 190 321
42 115 306
63 195 291
65 15 237
92 186 281
44 142 188
2 147 198
34 143 178
15 99 127
16 75 172
95 79 190
99 9 116
25 139 174
78 8 97
94 45 147
16 24 85
2 148 155
29 53 84
90 101 198
53 54 154
12 9 30
22 100 312
82 54 326
82 152 254
42 58 101
27 7 43
92 65 189
73 22 132
29 122 153
48 198 282
40 179 221
66 129 216
4 174 217
67 140 296
42 172 217
4 35 227
89 8 210
43 34 202
73 74 158
16 62 79
51 142 200
54 168 229
83 113 313
60 45 151
46 15 251
28 71 106
3 113 119
22 123 149
78 42 314
47 87 208
51 191 250
65 195 269
36 56 97
94 1 141
97 55 276
56 22 123
72 189 262
56 47 111
4 66 176
75 179 261
6 20 136
99 145 245
44 189 241
34 38 80
27 178 215
86 153 266
63 31 100
54 3 63
15 166 187
13 124 179
92 132 360
67 160 250
79 62 271
33 152 218
91 181 413
37 32 75
19 129 198
45 115 259
53 127 182
28 146 190
38 56 97
61 41 141
1 110 151
47 52 144
93 34 129
38 186 254
81 132 217
36 161 227
71 13 102
45 69 204
62 178 243
77 152 234
65 138 233
52 57 110
97 144 251
22 81 202
33 125 198
79 41 130
85 146 233
34 194 268
24 59 190
74 171 248
59 151 247
68 11 153
12 5 152
48 80 164
27 11 81
84 163 341
20 56 82
68 191 265
37 172 217
50 156 300
31 155 189
71 87 167
74 29 261
77 172 249
68 29 99
41 88 133
44 174 246
33 0 227
41 190 240
48 55 113
15 63 82
83 185 272
30 166 375
42 45 93
33 182 299
80 88 323
58 117 346
83 125 244
23 145 240
46 96 152
12 104 126
38 1 82
37 158 228
12 194 237
39 33 113
30 41 73
21 25 190
16 103 237
4 162 190
67 21 111
73 102 177
69 68 333
30 69 105
7 11 198
41 117 169
73 124 333
53 3 65
54 18 76
48 73 131
2 34 43
76 185 261
62 182 338
29 63 96
46 69 121
73 142 251
93 42 178
23 130 178
34 47 84
32 110 175
84 92 192
22 15 234
22 163 370
25 157 191
45 61 271
58 124 227
73 173 435
15 122 163
66 29 100
13 65 121
76 47 140
58 75 192
14 85 110
18 168 194
26 53 85
91 101 285
58 199 367
15 106 124
19 151 170
12 7 26
96 86 369
48 94 150
69 100 175
38 103 146
100 45 190
52 21 183
8 90 141
80 128 214
69 12 86
28 8 58
32 113 210
67 168 239
75 184 366
49 132 206
80 160 286
3 178 373
47 190 241
64 131 264
34 22 79
78 166 337
68 163 328
56 91 236
97 80 180
33 135 291
73 151 242
61 107 171
61 132 199
79 79 189
86 199 285
27 8 79
20 156 277
24 134 179
97 49 152
39 95 204
50 15 223
95 94 221
58 128 189
51 198 250
6 17 87
10 74 132
60 51 297
52 54 126
63 135 228
15 70 122
37 105 294
5 102 194
13 158 177
75 183 265
9 158 305
44 4 83
46 28 98
12 55 77
22 105 135
39 52 182
49 115 206
17 142 287
67 52 224
75 48 157
19 194 223
91 15 241
49 64 120
70 68 139
85 93 218
18 30 93
81 107 233
2 155 167
43 87 137
53 80 144
49 194 299
5 70 89
24 47 75
17 132 159
14 66 259
63 66 129
90 15 109
50 134 184
34 23 67
99 173 273
92 20 252
98 78 185
10 169 183
66 18 89
31 141 217
25 105 167
47 124 208
30 45 78
74 66 168
29 14 43
38 174 222
27 152 203
66 99 257
98 194 292
92 98 200
89 35 129
40 138 184
56 6 70
55 111 180
30 82 171
48 33 113
97 157 287
96 19 122
7 114 129
23 36 68
100 163 356
37 75 149
57 171 238
58 107 360
82 29 158
95 147 259
89 191 441
5 10 169
30 129 297
45 104 347
28 186 235
22 96 119
54 189 249
85 100 187
89 165 434
31 98 199
7 45 121
57 133 195
34 64 120
56 149 383
45 109 174
63 4 70
43 165 232
78 122 201
20 166 200
27 153 188
90 179 278
64 115 204
3 192 199
90 21 113
26 41 76
35 162 202
91 46 138
99 14 123
85 177 394
63 68 133
11 32 63
82 171 259
17 100 144
4 4 13
17 170 194
81 167 443
66 164 266
12 185 202
69 58 128
12 143 165
64 41 123
81 27 139
51 146 361
14 63 126
11 28 48
16 147 182
39 92 134
4 81 187
21 186 259
40 88 134
99 46 331
60 34 135
13 157 203
55 143 203
10 71 90
9 62 74
84 17 111
48 44 123
20 22 69
33 146 237
23 97 288
42 48 224
91 181 278
55 60 123
69 79 148
94 73 178
2 80 99
77 130 246
78 132 222
40 32 95
89 105 207
82 129 251
47 102 195
13 7 26
48 176 254
24 64 181
20 135 277
1 119 131
39 194 234
26 168 330
19 155 210
22 63 262
3 34 87
81 124 217
89 109 203
51 178 238
77 71 206
52 50 109
25 65 112
38 60 193
30 19 84
83 111 194
10 162 178
55 151 242
72 0 200
23 180 204
49 171 268
71 187 265
71 141 262
11 148 289
40 13 73
42 187 250
49 29 79
29 157 218
12 192 293
88 109 197
1 65 74
48 149 245
14 33 50
99 78 297
68 104 172
89 188 294
30 184 221
61 64 171
100 85 248
16 133 196
61 93 195
32 189 224
58 21 81
7 196 225
29 157 224
92 141 234
68 176 269
10 142 207
75 188 371
80 22 285
27 153 276
5 92 263
47 19 68
95 140 253
6 145 200
70 168 243
35 64 275
31 112 334
51 53 124
39 51 96
15 40 56
72 74 149
62 191 289
7 200 209
47 199 254
95 183 281
87 144 231
82 67 154
74 91 210
27 41 70
82 5 99
73 190 270
65 91 173
23 71 173
18 6 200
58 104 181
12 151 343
98 55 324
22 159 260
18 67 108
72 190 404
55 184 247
55 59 156
1 183 196
58 19 245
93 19 154
75 61 193
24 47 224
22 189 315
50 6 62
93 146 349
11 127 233
14 96 114
79 136 397
92 142 242
96 147 366
41 1 51
73 190 378
31 105 145
18 123 190
89 133 225
44 74 125
37 17 107
37 122 167
17 95 238
5 36 206
79 175 273
3 57 105
24 73 103
34 118 153
7 76 89
56 19 117
4 34 101
75 64 206
67 191 303
54 193 254
30 3 65
42 0 56
43 164 251
67 171 248
70 142 233
31 165 225
46 150 210
15 113 134
42 77 120
44 144 367
95 31 136
19 127 185
96 60 242
60 180 251
32 18 55
55 178 241
14 141 160
19 128 158
35 85 136
66 198 311
70 161 372
73 191 273
58 141 233
69 77 302
19 193 252
32 138 311
95 173 278
34 72 112
49 113 170
94 123 234
8 177 189
81 75 190
86 137 248
5 142 329
64 114 193
87 26 117
34 120 155
18 165 282
58 87 311
73 58 140
62 39 104
64 156 384
22 104 231
23 130 256
42 65 153
40 49 237
90 51 150
86 124 251
89 116 401
94 73 170
60 67 147
66 167 242
78 91 180
81 97 212
92 19 143
87 177 385
80 198 464
48 86 319
18 97 120
82 175 275
4 180 201
53 28 88
70 78 341
43 178 273
73 70 184
16 152 177
17 45 235
34 105 313
64 110 351
48 22 82
76 39 258
29 25 86
44 29 146
71 101 175
92 189 283
18 49 151
91 55 160
93 1 104
5 11 65
53 6 65
41 172 215
96 120 220
57 33 98
72 161 233
54 141 238
23 185 303
75 89 172
87 67 158
29 138 294
90 114 222
49 21 78
78 153 232
24 41 107
31 32 102
45 67 118
5 162 173
10 61 74
72 63 135
23 67 286
77 186 407
29 85 120
75 48 172
10 87 111
67 194 270
57 17 79
57 54 282
32 40 81
76 196 273
72 45 216
68 172 263
7 34 218
18 188 245
51 186 243
72 6 85
86 93 189
95 158 275
25 117 182
82 51 299
20 36 121
68 164 306
1 159 196
63 25 92
98 185 289
27 95 218
75 76 152
27 5 198
85 117 205
52 172 237
92 32 143
81 56 249
100 106 208
58 123 228
84 53 137
5 28 39
42 107 153
29 154 191
51 12 225
40 174 218
48 30 271
78 46 128
17 124 145
22 124 169
84 69 169
70 140 212
15 29 53
57 136 336
52 112 173
46 190 253
44 46 247
56 132 188
71 129 204
26 8 93
28 46 167
6 94 183
35 123 165
55 114 178
75 65 185
21 4 34
23 151 217
56 155 216
85 91 212
8 1 200
55 76 137
90 113 206
42 51 95
77 2 205
26 33 69
82 74 160
96 158 307
4 39 66
37 44 115
48 69 289
7 26 41
44 93 149
45 3 60
15 61 120
72 14 89
65 95 341
40 120 168
3 127 130
