200
76 109 210
65 83 172
78 39 155
37 112 214
77 84 163
86 127 244
44 53 268
94 132 241
74 36 129
3 73 125
9 62 72
60 39 109
8 101 113
68 46 122
2 166 196
80 125 211
39 146 186
5 77 219
64 93 167
64 42 107
94 81 179
100 0 174
73 118 221
61 65 165
40 61 101
84 134 280
54 125 188
38 196 249
37 76 148
34 173 216
48 27 96
45 86 200
24 34 65
5 35 198
58 117 182
28 131 186
5 69 76
50 183 236
59 128 214
98 154 258
2 77 124
59 69 147
24 131 157
69 181 287
93 13 110
73 44 126
82 173 281
7 174 208
90 38 274
22 82 133
34 126 170
96 42 142
80 59 175
67 141 252
14 5 53
6 44 108
69 153 231
18 12 30
28 87 212
34 19 59
54 100 197
8 120 147
95 161 283
87 149 432
1 51 59
26 96 171
38 96 242
88 77 175
45 40 272
16 81 99
70 75 148
82 33 138
31 196 302
83 153 265
82 39 167
85 18 291
20 36 243
28 135 342
81 43 291
72 150 223
12 137 153
71 158 231
12 126 140
59 79 182
51 161 214
29 44 77
93 31 132
6 11 140
80 94 182
42 134 199
68 83 183
94 90 185
89 31 230
11 140 243
23 12 35
86 62 158
80 17 105
1 70 133
72 130 352
68 132 341
54 88 191
11 59 117
5 7 18
97 87 210
58 30 274
27 34 94
3 146 158
50 86 145
26 117 220
72 195 276
9 169 184
58 185 251
23 171 234
80 87 179
29 6 72
49 77 127
81 63 192
83 183 315
99 166 275
3 188 192
73 43 198
22 64 93
98 47 166
53 113 168
34 195 344
66 47 115
6 11 22
56 29 123
89 4 158
25 26 60
72 177 252
23 18 50
27 112 143
74 3 121
67 79 187
38 103 191
97 180 287
59 88 339
95 102 300
27 21 52
42 163 257
82 33 196
69 171 284
27 97 130
69 32 105
74 59 134
49 5 55
78 7 95
3 159 362
27 120 157
48 129 177
32 16 55
72 81 239
7 70 77
76 89 172
22 196 224
18 10 188
27 102 130
36 163 203
17 48 72
28 85 123
40 155 202
7 33 153
75 154 234
60 22 124
98 173 279
26 194 228
70 52 127
85 42 162
63 148 341
62 121 185
36 162 208
62 184 285
32 31 70
80 42 124
91 8 105
96 136 234
41 69 114
47 1 68
87 104 195
28 13 75
56 196 287
20 153 196
90 133 256
13 105 159
45 37 92
1 117 253
27 89 122
36 151 236
49 111 171
31 154 193
84 112 206
95 172 364
84 56 140
84 193 290
17 57 75
8 68 78
79 114 200
30 50 143
17 184 209
