430
74 74 148
72 59 175
4 37 69
29 27 116
31 148 374
99 188 306
63 107 242
62 78 149
21 111 163
80 77 189
28 48 84
45 183 253
48 196 246
94 119 217
52 192 252
18 113 140
99 36 183
16 98 119
18 106 160
63 42 109
21 128 322
6 105 154
76 131 229
44 173 400
84 9 108
52 115 172
75 49 131
31 104 229
79 97 294
22 144 167
86 194 432
67 86 254
58 117 178
33 15 68
1 177 188
65 110 175
51 144 232
62 122 240
4 108 125
62 51 118
19 23 50
25 170 240
46 196 245
60 115 268
84 107 196
65 175 243
20 181 202
66 71 140
47 30 89
78 115 370
87 159 255
82 95 307
25 148 177
32 30 95
16 123 140
53 199 336
4 130 167
37 126 168
29 178 249
55 58 233
96 126 262
66 93 164
73 149 228
67 140 337
45 157 211
41 177 363
100 13 117
59 152 220
23 53 94
35 158 350
95 20 247
60 127 226
5 4 51
49 115 174
95 1 163
38 30 104
22 95 126
24 57 82
54 119 207
58 124 184
29 191 222
21 96 130
68 32 102
96 91 190
50 105 190
76 118 200
71 116 196
100 142 281
18 180 374
80 152 276
55 59 116
19 14 90
13 199 308
14 95 234
32 22 155
88 27 137
23 111 247
84 191 284
81 192 307
57 199 341
50 97 150
20 190 218
86 87 343
68 152 233
22 127 168
71 14 92
88 155 249
82 14 140
11 138 151
90 30 315
49 73 151
76 101 177
20 196 221
70 96 336
43 170 214
60 156 312
70 144 254
6 133 142
44 16 66
51 101 336
93 145 240
92 181 423
57 162 390
14 98 138
55 199 258
49 22 162
75 12 89
14 44 59
22 144 196
49 112 183
70 101 189
33 20 91
92 36 129
43 122 182
97 66 173
34 200 400
36 173 238
70 200 272
48 108 193
18 57 85
29 98 129
69 37 113
6 165 343
87 153 283
43 153 206
47 14 73
36 51 136
68 149 355
73 78 224
61 198 288
28 16 47
21 51 78
17 173 223
50 194 251
40 42 114
57 132 198
6 15 28
25 148 179
38 80 127
10 156 193
70 139 271
18 96 160
80 104 186
92 64 185
75 134 302
85 72 178
41 46 198
47 155 211
10 82 281
91 190 387
17 0 19
36 198 281
96 48 154
100 38 144
71 125 353
49 197 252
92 74 181
27 35 262
41 191 249
7 143 153
57 119 186
37 34 171
53 159 245
49 43 139
49 170 256
32 72 111
66 143 221
15 30 77
70 153 223
14 167 345
31 36 106
60 179 245
69 114 206
57 66 222
83 24 212
2 68 92
74 60 140
100 113 218
89 18 221
3 46 68
100 54 171
30 145 180
75 47 165
40 153 199
43 43 118
8 54 237
100 199 313
11 130 151
100 142 420
13 137 154
92 5 103
99 32 134
38 94 135
50 9 102
2 7 12
38 4 90
76 46 141
67 119 284
71 94 236
43 11 67
80 3 95
43 170 218
68 199 268
51 102 203
15 143 253
79 128 369
73 39 155
83 10 206
11 13 32
51 182 235
31 0 47
57 135 225
2 24 42
64 125 191
38 46 88
90 169 340
34 196 273
44 128 295
79 139 227
60 90 171
89 107 215
28 90 171
50 147 309
28 48 124
46 72 134
49 96 181
77 12 276
21 132 336
63 23 182
60 100 183
59 153 220
69 42 116
65 99 189
48 109 184
22 190 220
61 120 374
64 142 214
84 145 235
88 119 353
1 129 140
62 173 240
68 190 396
26 40 71
90 189 307
7 115 273
21 24 55
35 52 98
24 182 298
70 94 181
62 93 204
15 14 35
91 2 107
57 142 379
64 189 258
77 107 186
47 74 122
79 17 137
98 179 284
74 197 272
51 116 185
69 195 271
75 17 97
36 2 119
53 156 223
73 83 166
12 185 242
35 106 161
37 114 198
23 48 145
100 169 273
18 185 203
32 0 108
3 39 90
40 162 234
22 4 31
42 83 154
77 116 193
82 167 256
27 56 190
9 121 136
24 125 153
41 178 223
61 134 195
46 182 229
65 74 281
48 23 75
77 67 153
30 28 100
29 198 232
83 46 265
9 31 237
21 156 356
43 99 328
8 174 232
98 132 237
13 4 181
66 59 134
92 174 270
22 138 164
95 108 212
67 155 227
93 130 291
9 14 53
69 48 123
90 145 244
1 178 237
62 191 424
25 149 205
59 185 256
91 69 163
61 184 245
21 70 91
65 173 338
5 190 310
81 75 200
92 47 154
59 24 87
69 79 195
71 159 234
77 187 268
79 110 199
59 163 229
60 73 246
17 23 81
73 101 182
85 4 98
72 14 119
9 142 159
7 32 231
84 22 134
3 86 102
10 23 38
40 65 117
15 10 26
1 129 162
73 19 183
5 150 156
10 125 180
94 128 257
30 92 277
95 27 125
33 187 221
45 27 85
19 92 147
1 126 143
98 18 243
73 3 78
94 182 337
37 21 156
10 108 163
28 55 89
64 177 244
87 38 134
88 106 218
16 45 63
96 100 203
94 68 181
78 130 247
17 179 220
14 13 28
46 38 129
32 74 122
47 131 178
13 163 242
36 18 202
13 197 267
43 162 227
24 192 224
85 46 139
65 160 232
5 38 47
46 13 187
64 175 248
21 118 181
22 42 68
66 17 248
36 185 239
40 26 75
66 92 184
45 167 344
81 142 229
84 193 286
71 140 241
43 159 230
98 162 380
17 153 194
84 100 188
66 4 72
53 86 178
69 17 101
66 183 445
62 51 268
29 129 235
41 159 243
36 139 184
96 144 248
56 121 181
25 95 169
11 181 234
16 65 84
80 8 97
33 97 141
49 122 284
24 71 97
83 149 273
3 7 35
58 42 137
26 5 124
57 160 277
74 83 290
