950
76 58 141
69 123 220
61 83 242
13 88 191
9 68 99
82 71 161
78 42 130
33 198 341
33 172 212
54 108 171
69 155 244
45 80 243
94 133 264
78 18 104
45 59 282
96 193 309
60 129 189
7 61 102
68 1 100
96 189 466
50 65 124
35 75 172
82 147 426
78 8 87
48 57 186
73 110 295
29 101 183
16 185 391
58 200 446
87 73 188
49 154 208
65 147 216
19 60 79
96 156 254
79 23 146
82 139 222
35 28 91
65 129 204
63 34 121
49 124 178
71 93 334
5 41 236
40 121 168
26 79 218
88 67 156
22 51 124
21 159 361
67 48 129
24 73 212
1 9 60
90 63 190
77 107 194
88 118 239
100 163 413
58 189 282
69 16 124
4 61 185
46 166 241
93 87 181
15 68 86
63 167 356
34 109 168
30 8 49
51 105 355
38 88 144
61 116 213
80 134 223
16 34 50
38 87 135
27 144 208
36 48 104
98 160 262
20 79 105
3 10 35
63 176 428
80 134 247
16 3 22
53 159 225
7 158 173
9 112 128
66 140 317
58 192 256
81 38 120
62 108 182
3 61 70
61 139 204
69 136 211
99 126 233
26 157 193
11 21 32
38 116 160
51 58 161
65 28 135
20 67 90
27 76 113
21 150 172
100 107 281
35 95 172
11 57 109
81 94 175
34 189 224
74 144 220
98 29 201
36 71 155
4 167 200
43 138 311
36 170 265
99 0 193
86 139 252
93 94 202
1 108 151
42 157 200
89 56 151
36 119 170
28 45 81
23 92 139
41 149 204
3 45 52
30 175 235
15 68 256
69 161 374
70 198 278
87 0 92
22 47 117
12 11 31
13 158 202
10 90 148
93 179 278
22 63 87
95 164 294
44 99 153
35 163 203
20 124 147
22 150 246
71 23 221
4 181 367
2 6 39
10 127 225
86 142 238
30 4 37
69 86 158
93 81 190
1 128 170
91 130 223
53 183 236
64 91 155
63 138 230
95 19 154
90 153 244
18 192 291
56 92 186
4 4 51
8 16 79
26 144 173
50 85 143
7 93 120
80 28 211
27 66 122
69 2 81
89 126 215
73 7 89
3 156 216
3 84 96
54 44 111
30 171 204
59 56 119
82 189 351
29 91 120
71 77 165
26 154 188
59 188 277
64 79 167
83 19 105
52 43 98
11 81 123
36 143 183
42 55 104
91 100 229
78 37 192
14 85 143
86 166 283
85 84 215
76 104 186
1 115 314
51 106 205
7 189 304
14 23 178
13 155 191
7 170 180
85 21 107
66 155 370
51 19 72
44 156 208
17 161 215
58 194 262
30 24 78
78 165 333
48 161 376
47 13 162
59 123 202
93 158 434
46 108 160
96 135 350
97 88 195
47 178 233
78 144 225
15 115 135
82 150 232
39 144 323
58 116 370
22 115 137
93 51 155
30 39 130
58 92 152
81 200 313
22 143 172
21 197 247
28 126 158
98 149 280
99 92 319
89 85 181
87 134 221
99 187 329
94 78 178
53 73 130
43 109 156
34 144 183
7 154 236
69 82 288
62 22 92
70 70 148
43 127 183
59 149 255
15 105 129
44 122 166
88 110 201
48 23 80
25 49 78
4 163 171
75 82 158
27 173 210
76 36 118
66 32 98
98 75 174
76 83 168
25 48 171
86 119 401
88 181 270
53 27 218
2 165 241
97 124 227
25 73 100
63 13 82
81 169 254
47 196 267
44 18 156
38 194 235
66 168 243
85 39 171
56 172 237
98 120 261
28 43 73
18 145 214
68 167 424
14 127 161
12 53 70
88 154 244
92 137 259
51 15 92
50 74 149
5 1 192
59 79 182
8 87 139
76 87 306
6 76 107
12 179 197
7 60 97
70 14 278
12 13 26
50 107 161
17 137 171
20 32 72
57 20 79
14 77 214
89 152 258
15 68 279
17 26 58
26 122 338
40 180 220
51 196 390
23 15 46
94 141 244
95 111 249
70 168 243
56 111 197
63 52 279
21 114 136
90 81 325
50 199 263
25 196 260
15 82 104
53 19 254
93 172 267
89 137 265
54 26 82
99 4 176
38 192 276
62 137 358
73 151 225
18 22 73
40 34 84
32 86 311
11 46 62
37 78 163
71 47 122
10 20 35
77 5 89
4 46 70
42 160 202
49 8 71
12 36 84
18 17 150
34 61 238
30 86 191
24 30 60
75 98 189
65 118 193
79 96 182
9 96 195
56 181 322
58 92 152
61 125 190
97 149 247
41 174 225
48 195 283
23 130 230
57 102 175
40 1 45
33 36 72
62 20 130
36 166 245
74 62 172
58 98 167
48 188 267
77 16 208
9 185 216
2 15 19
60 19 148
42 132 182
70 17 255
27 18 117
51 198 289
63 39 226
30 190 237
84 0 259
43 33 78
36 44 83
86 196 285
23 200 226
10 81 118
27 62 122
74 183 365
26 41 70
72 92 191
16 63 112
36 196 251
58 13 217
56 72 172
72 38 114
87 26 271
33 110 143
99 64 191
42 41 92
32 135 171
1 121 258
77 133 213
12 110 159
22 154 180
87 27 165
8 126 150
33 32 80
21 31 236
63 146 217
13 74 127
41 33 74
51 183 242
31 154 238
40 87 176
15 5 215
83 92 179
88 3 121
41 62 118
66 101 314
42 187 328
67 131 350
79 186 275
26 140 307
23 103 134
23 140 166
67 181 289
91 51 250
49 128 339
56 171 265
59 86 212
50 87 150
62 108 308
46 14 64
90 5 123
67 166 240
86 57 150
67 100 172
4 183 213
30 119 188
49 105 159
30 83 114
2 172 367
20 1 39
36 40 148
77 167 245
52 176 307
63 187 272
96 31 175
32 116 150
44 98 150
43 144 191
100 198 303
17 128 172
92 133 226
54 38 96
83 81 173
11 139 156
84 139 227
75 126 227
43 97 142
9 111 122
28 130 165
90 54 147
24 73 106
55 7 107
53 157 239
9 154 236
55 162 251
52 101 204
98 38 139
46 192 254
89 111 228
6 29 55
21 0 190
80 146 235
96 127 232
100 98 354
63 98 238
15 108 266
40 49 115
88 105 254
17 132 236
39 27 73
25 108 153
21 80 138
87 89 224
4 182 197
91 11 102
47 120 213
47 90 178
83 149 261
42 167 218
95 153 287
28 51 108
86 146 244
55 165 258
55 68 199
91 15 106
69 110 219
41 56 106
50 133 232
36 168 211
57 26 86
55 177 324
71 151 324
13 60 83
71 60 135
86 89 326
71 39 147
37 68 147
10 82 93
7 63 101
79 159 240
91 98 220
96 25 124
73 127 206
10 50 125
39 184 242
58 148 211
83 160 243
94 24 129
85 74 169
66 5 85
59 8 81
52 145 240
77 107 190
86 63 156
12 15 49
62 142 247
64 85 151
79 38 122
42 172 221
80 182 269
3 119 127
52 113 166
11 15 73
59 170 240
37 88 134
24 133 342
75 46 151
10 112 129
70 126 200
77 141 228
1 96 103
76 121 393
17 0 23
69 151 254
8 186 390
99 175 275
100 55 165
85 64 165
80 144 228
18 178 197
51 86 140
82 10 246
72 169 248
23 36 63
4 9 26
71 127 208
49 26 125
52 133 204
7 77 124
76 116 268
81 62 258
77 155 265
49 145 244
34 192 300
36 35 75
88 129 217
65 176 349
43 179 261
40 7 185
99 162 267
89 123 260
52 75 173
37 18 65
43 140 325
87 83 213
65 106 209
13 192 233
23 165 188
95 10 239
63 85 226
65 82 311
23 98 276
25 103 236
69 13 100
55 134 194
21 119 338
77 178 420
81 162 325
20 162 185
13 166 184
75 134 361
59 149 214
40 41 83
36 111 149
21 114 142
5 85 94
12 7 21
71 118 211
95 141 308
13 155 196
60 185 265
48 199 269
7 177 221
75 116 236
97 133 230
40 143 197
96 27 147
78 171 272
11 3 149
69 5 78
40 20 69
60 27 90
21 183 281
25 73 116
39 191 372
90 97 194
33 146 324
66 107 173
45 85 143
35 36 203
51 166 221
76 127 394
51 169 336
35 95 146
57 4 257
99 112 215
92 144 273
24 21 48
45 7 59
39 93 157
2 135 139
69 9 114
9 80 133
73 2 137
56 122 181
75 37 121
70 67 143
50 181 378
24 165 212
30 23 59
78 86 166
52 155 253
63 27 90
43 55 101
47 61 108
28 137 283
88 129 227
4 160 168
67 110 239
60 59 119
79 195 281
5 175 186
96 134 342
3 172 199
88 89 181
68 20 95
12 59 116
5 144 150
35 175 378
53 184 253
33 33 83
40 53 107
51 122 186
26 86 121
21 132 171
86 32 155
99 89 236
40 119 160
32 49 112
98 127 298
83 109 297
16 135 159
9 171 190
57 72 254
59 195 258
25 157 184
50 188 312
4 29 45
11 197 234
69 92 228
12 35 51
29 42 80
18 82 292
81 134 224
33 102 137
22 74 176
52 119 177
33 22 159
35 178 248
18 74 120
48 137 254
97 25 317
17 67 86
90 60 150
9 75 106
40 186 398
100 35 154
9 110 124
12 138 273
59 46 163
16 57 92
34 1 58
14 39 55
58 133 205
42 107 159
67 132 205
9 0 38
91 2 93
42 57 100
92 189 305
99 26 127
63 87 316
30 183 214
52 10 67
36 2 66
58 78 164
67 68 185
97 103 233
19 22 77
33 73 109
33 127 195
90 172 264
66 172 288
18 88 126
14 59 83
9 145 188
96 131 251
77 48 132
49 142 196
78 125 205
53 70 130
9 98 112
39 102 322
21 153 182
75 60 136
6 21 36
88 178 270
77 75 155
27 192 235
62 194 262
29 12 51
23 29 55
5 63 213
12 52 95
18 158 212
27 170 220
10 112 127
71 23 203
95 14 191
16 150 215
55 106 163
100 141 254
61 115 185
30 82 142
93 55 165
24 3 75
73 139 218
27 100 135
92 140 408
29 138 179
7 103 110
14 53 235
84 5 92
81 195 287
27 161 307
65 83 270
82 9 125
25 189 224
45 141 196
49 155 205
96 154 419
65 138 389
20 171 219
89 168 301
64 74 150
38 34 141
78 130 220
65 114 198
41 181 231
65 156 222
72 78 165
87 15 114
74 4 113
64 67 291
28 64 98
3 138 206
90 21 117
4 75 89
27 115 179
14 163 188
4 189 197
21 53 84
25 77 114
5 95 217
1 150 200
86 39 157
100 160 390
77 116 368
89 143 239
47 187 238
2 193 220
14 78 118
12 192 247
29 75 134
95 75 171
40 145 247
47 51 272
37 16 71
60 25 205
19 126 151
52 124 206
92 92 185
53 90 146
7 80 203
26 154 216
20 142 193
95 129 385
27 113 289
73 71 176
28 81 118
99 154 263
46 64 301
57 194 262
92 135 382
67 21 89
99 30 132
17 55 99
23 163 308
28 12 82
86 98 199
44 114 191
3 80 131
55 152 240
8 197 205
41 107 153
47 110 197
28 181 218
27 165 377
50 11 100
61 56 126
94 14 141
23 62 112
76 125 230
74 79 162
3 11 17
55 193 257
79 65 158
92 162 280
33 9 45
47 156 400
78 37 292
1 179 186
24 18 49
22 67 102
16 195 247
96 2 101
70 142 220
42 28 114
48 33 98
26 159 300
21 69 148
97 199 299
97 128 232
18 191 256
74 95 173
65 159 245
90 106 285
7 168 344
61 0 62
99 159 282
74 51 134
94 184 300
60 112 173
30 194 232
78 64 179
48 152 205
52 96 261
64 99 193
42 58 135
28 85 119
79 85 345
74 97 179
76 164 249
45 39 118
44 144 189
24 183 259
11 50 104
13 58 78
59 24 133
58 112 174
69 44 121
89 103 247
15 110 174
59 42 113
87 0 150
14 7 63
59 28 220
99 94 338
64 118 327
52 91 189
98 158 272
27 29 89
87 117 232
54 126 187
10 31 192
23 61 134
60 138 220
86 24 117
76 16 261
52 148 239
33 59 104
26 9 57
18 187 209
69 50 140
73 183 259
73 169 259
96 197 298
49 130 310
24 54 87
89 89 226
78 72 158
97 135 241
57 134 195
64 197 344
36 143 203
46 127 178
21 0 116
34 117 156
36 143 345
71 180 359
100 22 132
8 171 342
88 164 290
94 31 125
7 16 31
96 141 341
31 116 240
82 1 90
99 32 152
26 174 208
82 189 276
49 67 310
90 190 286
60 161 235
57 114 221
88 120 218
58 137 206
10 34 48
85 189 297
61 41 169
84 149 355
85 179 269
3 127 153
61 175 237
33 131 203
78 180 355
15 107 139
87 164 293
92 172 266
100 74 288
13 97 138
47 166 400
71 36 270
70 99 171
80 84 174
81 31 173
84 159 244
3 170 177
14 196 333
17 162 194
43 198 424
89 41 140
15 92 112
