760
88 95 210
72 80 284
48 152 242
58 12 77
54 131 253
27 52 164
4 21 155
45 188 241
5 104 134
4 91 291
28 55 144
83 12 137
25 40 68
11 138 183
11 190 209
91 98 193
69 131 207
19 56 76
67 41 250
23 112 148
70 115 216
7 62 91
82 0 83
12 84 99
62 103 191
76 94 176
45 16 70
66 34 103
69 42 248
93 184 284
34 80 117
72 188 286
31 26 63
24 138 174
42 44 179
10 28 82
89 185 274
12 84 104
54 20 148
10 110 141
43 132 184
71 183 293
82 126 231
21 176 202
73 90 168
60 93 154
88 108 310
82 121 206
90 111 364
64 60 304
32 153 187
99 71 290
85 141 261
89 85 174
81 17 112
33 62 112
22 181 204
53 98 170
10 129 145
88 157 309
15 157 182
43 1 139
61 180 248
93 159 253
44 91 163
99 61 165
24 198 231
1 165 176
84 81 175
91 138 242
8 168 180
52 136 188
78 87 170
73 26 123
41 53 168
52 147 363
42 92 173
41 30 115
12 21 70
40 146 204
12 111 127
8 195 210
78 98 317
77 190 308
50 6 60
88 96 192
99 199 334
91 194 320
88 101 196
31 3 43
36 27 92
93 161 257
18 108 237
49 50 135
18 93 149
55 152 214
3 107 120
46 193 248
92 18 112
50 166 219
33 24 105
44 1 47
97 126 224
3 107 134
82 53 158
38 48 88
22 34 104
72 90 201
35 68 111
12 87 163
44 198 413
66 7 81
87 68 192
3 7 11
6 25 71
46 139 224
11 64 83
71 28 284
54 135 209
100 179 317
95 2 291
88 181 272
24 31 94
60 123 193
41 187 293
6 62 161
54 178 239
1 5 13
49 76 129
75 131 223
79 31 120
78 67 345
78 175 354
76 44 145
39 33 76
60 7 110
49 25 240
95 44 148
82 90 178
39 37 77
81 182 310
35 163 242
91 195 294
28 51 176
31 120 193
15 194 211
54 181 243
69 133 266
41 115 168
25 61 87
80 83 173
30 114 171
32 19 58
38 1 44
59 72 157
33 160 236
71 118 192
68 176 337
27 185 283
61 55 139
28 80 108
37 91 172
40 166 304
70 115 191
42 174 408
41 53 95
25 160 351
25 166 254
77 109 191
8 129 178
50 139 189
83 129 244
64 185 312
36 12 62
30 52 92
46 32 110
89 200 304
43 39 83
57 36 274
74 153 236
60 98 196
28 132 160
23 52 111
26 105 187
7 117 276
4 89 100
79 44 132
25 103 282
51 85 263
47 169 252
36 60 98
17 11 96
44 148 230
26 172 233
98 141 245
87 45 264
73 139 218
36 39 103
65 16 85
86 66 161
66 183 257
40 183 230
17 180 225
76 30 113
43 160 252
98 165 264
54 68 122
64 13 128
9 181 234
40 25 161
35 14 55
64 130 194
76 182 312
64 75 148
20 53 79
16 155 173
83 169 260
62 110 177
15 102 120
51 18 137
22 120 192
86 120 240
97 146 250
10 60 250
19 9 181
52 6 62
66 179 248
20 122 144
31 117 347
11 117 135
77 6 97
82 51 153
51 22 74
71 127 246
93 0 243
7 12 20
38 84 137
24 197 253
31 145 186
1 107 118
13 37 82
35 200 238
87 118 236
91 161 424
8 50 68
89 200 326
40 120 161
30 111 145
80 197 287
5 129 173
72 116 198
8 66 91
25 99 133
76 8 94
2 12 22
27 117 154
76 199 430
46 42 93
97 108 209
52 97 160
74 77 153
4 88 111
11 169 226
43 146 217
99 18 121
86 125 217
5 41 73
44 142 209
50 125 180
98 192 314
98 194 330
16 13 39
59 59 121
10 114 166
55 150 383
42 138 196
99 158 279
35 153 191
20 174 221
37 182 253
67 44 174
89 42 217
38 30 70
74 18 253
75 145 265
52 71 285
33 53 201
74 126 201
34 24 59
38 19 72
40 123 170
83 11 96
40 61 114
69 5 91
46 196 273
56 173 229
72 184 299
93 130 226
70 127 245
45 154 206
42 54 119
2 151 179
36 48 110
64 47 156
6 181 386
85 23 158
84 108 202
99 64 172
32 73 115
42 191 240
78 137 216
47 162 213
21 94 125
91 85 228
5 140 165
91 76 366
67 51 235
66 180 255
100 189 410
41 81 168
35 179 381
75 189 314
51 129 219
65 163 408
84 83 175
54 137 196
56 177 365
10 120 142
85 169 272
8 194 225
13 171 191
38 125 163
48 0 153
51 18 73
38 125 173
27 176 222
9 66 95
60 50 150
72 161 282
70 41 271
1 136 159
83 46 289
75 193 271
47 74 148
91 17 117
4 13 24
36 186 229
67 26 103
68 160 275
73 12 107
9 7 19
97 123 248
41 155 196
40 38 85
80 166 281
12 128 184
8 200 274
33 17 133
13 57 119
22 159 186
12 0 37
44 193 399
26 194 407
87 94 204
20 70 119
42 164 224
30 169 214
36 136 174
35 69 222
62 127 347
39 187 368
52 50 267
32 104 181
61 154 222
67 70 144
76 179 339
75 127 247
98 143 250
29 86 203
74 45 138
99 123 235
39 65 258
46 98 194
22 39 62
96 159 273
85 171 292
18 165 187
75 66 148
61 144 215
89 115 206
51 88 147
3 147 193
11 82 98
39 167 331
53 109 199
92 94 196
43 190 242
12 160 240
62 6 81
32 20 92
94 171 271
22 7 69
11 108 137
74 159 257
7 137 150
52 18 172
60 142 249
79 181 263
13 154 171
93 59 164
64 116 353
57 110 227
63 99 165
40 157 217
11 153 238
1 52 195
39 125 175
46 87 154
62 116 270
93 111 211
95 25 169
5 199 210
34 58 176
52 144 201
70 15 99
58 143 211
48 92 321
19 58 81
62 138 242
22 137 189
82 108 352
44 85 137
36 109 165
39 200 325
86 94 184
64 193 260
18 48 247
58 29 114
61 61 125
26 129 162
84 139 233
90 88 210
20 191 294
90 113 227
35 191 228
53 95 253
10 5 58
55 33 118
93 6 163
68 80 152
40 75 232
11 43 108
12 120 212
3 79 83
21 15 42
37 9 184
4 135 139
37 145 195
36 83 247
94 28 144
19 23 226
56 14 106
49 104 191
80 33 123
20 40 91
63 93 160
99 57 156
64 85 172
29 9 199
19 194 216
6 164 247
56 140 221
42 112 159
18 55 79
41 0 46
33 158 221
49 118 174
20 127 284
81 126 241
49 182 421
12 13 28
78 168 322
74 61 234
8 105 122
7 50 71
90 95 193
43 71 255
50 60 133
31 142 175
33 99 230
62 91 223
68 190 402
29 192 257
7 114 126
76 79 165
49 60 115
93 155 409
11 196 207
52 14 68
68 67 178
18 1 20
31 47 88
59 27 130
9 151 169
42 60 127
9 156 165
55 152 213
28 85 148
48 165 304
63 168 276
87 15 143
14 13 36
86 66 196
68 192 373
49 168 219
47 28 82
66 98 171
58 1 105
49 117 206
53 6 161
33 190 232
58 88 336
39 65 105
50 108 291
65 112 179
4 86 130
12 100 120
31 4 140
7 25 52
23 114 137
9 131 189
63 188 261
66 115 248
69 197 266
77 152 235
71 102 347
62 9 113
47 121 176
93 157 256
93 196 356
99 52 332
72 25 105
77 58 148
10 157 188
69 126 210
76 157 296
3 85 99
20 110 170
55 1 65
56 135 202
97 69 172
80 115 199
6 100 116
78 71 221
43 171 344
35 183 343
67 59 136
60 124 248
73 108 290
53 50 149
100 97 203
79 122 315
41 110 166
65 100 167
51 9 185
63 139 354
4 6 112
53 60 143
78 91 173
40 162 248
65 86 187
4 9 179
88 16 271
54 23 215
5 173 185
30 39 118
7 110 202
100 42 144
90 170 265
42 185 230
43 176 242
5 26 99
66 12 98
30 24 241
65 170 284
65 156 227
7 173 341
50 53 179
95 179 274
21 196 219
25 73 104
18 119 187
32 80 120
24 10 38
9 192 249
53 172 411
48 13 67
59 35 256
93 12 110
18 84 109
64 68 161
4 3 28
91 82 175
48 12 61
39 128 176
84 10 237
53 185 285
22 186 228
85 129 244
54 13 73
97 112 390
33 140 373
91 174 271
72 39 149
8 171 203
37 17 91
28 2 140
53 39 284
39 72 120
79 27 119
38 142 195
97 79 184
5 77 108
34 170 247
98 158 362
56 162 257
72 74 148
48 147 232
12 30 92
9 91 229
15 109 129
68 94 172
61 65 206
73 99 217
72 125 229
93 70 168
27 70 146
63 30 251
92 34 207
70 159 277
17 159 276
26 91 247
2 47 51
33 21 54
72 196 367
10 34 139
61 148 215
99 77 186
67 162 234
59 37 119
28 146 325
9 198 228
13 41 180
81 64 151
69 142 212
8 137 154
15 121 145
34 89 129
78 3 177
54 144 208
58 156 219
14 89 188
28 135 279
92 44 292
25 175 209
98 118 301
48 151 287
18 90 234
93 37 137
7 154 202
82 62 181
63 192 263
23 199 240
56 13 79
4 194 239
8 178 200
94 64 291
29 18 241
91 47 143
48 193 270
37 117 189
19 183 214
25 41 71
29 8 86
27 125 155
25 137 194
96 50 166
73 92 297
22 18 46
12 8 22
95 99 283
70 37 232
39 9 54
75 27 139
55 56 118
45 19 67
57 104 200
73 106 206
48 58 110
20 43 104
40 94 141
64 119 183
35 81 141
45 30 85
65 183 305
68 117 193
10 22 184
7 31 48
21 117 139
68 134 214
78 5 83
34 67 145
2 104 192
53 112 192
33 78 115
72 135 361
45 13 99
43 83 136
29 63 99
17 87 109
61 71 151
23 148 261
11 92 103
55 169 269
74 51 126
20 184 354
75 150 249
4 50 59
78 34 126
47 80 130
50 139 192
98 62 160
6 174 228
19 133 159
82 56 145
74 34 132
63 146 213
76 146 291
19 64 93
35 77 130
31 30 194
95 174 279
46 22 103
49 149 218
63 37 201
57 192 293
65 68 137
98 7 106
44 94 304
76 152 233
48 54 156
48 114 172
12 176 206
10 145 190
27 166 296
97 23 261
57 180 420
51 101 155
91 18 118
62 135 224
