460
80 173 409
46 125 177
71 22 132
60 118 187
12 63 120
49 79 130
98 116 215
70 50 139
10 69 230
26 0 142
32 64 274
38 166 240
84 91 197
8 107 144
58 121 180
86 87 177
61 192 262
23 185 333
95 104 208
75 193 270
25 142 173
84 40 141
68 78 193
11 60 88
71 131 343
1 82 83
37 4 50
86 0 247
35 82 121
68 168 254
51 80 181
22 195 218
60 78 140
27 92 122
21 199 237
76 121 200
23 48 120
81 44 155
34 166 271
67 52 121
40 75 136
53 169 223
40 18 73
10 163 215
16 70 122
69 0 141
74 149 333
54 24 104
63 88 151
77 133 229
15 107 149
8 120 136
61 71 154
4 166 370
97 93 383
85 174 269
81 105 193
26 164 214
70 152 239
90 80 176
87 27 121
37 33 107
47 159 218
40 188 247
16 51 83
87 72 167
27 128 159
97 8 127
41 69 145
75 6 94
26 114 189
98 83 187
2 19 176
33 7 101
44 5 50
45 150 241
36 177 221
69 49 144
69 15 123
59 18 86
58 41 133
48 198 256
13 57 104
71 85 157
32 96 264
98 152 408
51 135 193
56 178 371
25 70 100
24 86 168
82 172 394
74 150 234
46 88 135
64 43 110
71 159 410
27 173 221
25 156 188
12 179 234
18 164 204
75 124 209
12 53 73
70 72 148
61 107 224
77 181 302
80 9 287
56 2 98
23 162 274
29 39 93
50 169 223
20 129 155
52 64 153
15 65 205
64 44 116
2 58 70
33 58 135
43 87 169
28 97 131
79 171 351
78 50 168
69 14 92
38 135 346
91 149 240
11 144 184
72 36 187
11 6 19
70 196 269
69 85 164
76 140 223
48 138 234
100 102 202
33 102 142
7 93 137
65 12 107
43 164 208
57 176 240
36 140 337
94 183 280
17 161 179
71 67 184
80 141 230
66 3 71
36 171 215
13 16 113
30 71 115
45 133 183
58 101 201
72 122 212
100 66 176
6 133 139
56 25 95
88 168 266
88 98 192
21 1 34
75 181 260
38 161 205
35 15 228
23 127 155
93 9 178
58 140 248
66 33 100
52 23 77
53 27 88
60 91 172
65 46 141
39 14 169
24 164 212
81 134 258
58 61 183
55 36 108
18 89 109
52 197 258
45 18 68
8 41 242
56 196 260
15 33 80
43 68 247
18 183 261
86 157 255
9 0 17
4 166 208
94 88 184
44 83 273
57 78 135
21 167 213
20 199 263
50 158 384
17 119 139
20 180 205
86 129 219
5 195 210
73 42 141
8 128 138
54 26 80
12 69 243
21 45 102
74 129 213
73 71 149
71 191 281
98 154 257
21 14 36
93 175 300
20 74 95
77 187 395
34 157 195
25 17 45
35 57 138
74 83 163
3 125 173
81 113 274
81 15 98
61 21 118
4 115 165
98 192 337
89 17 108
38 130 170
48 146 198
30 16 48
4 27 31
18 88 113
97 171 276
84 134 306
79 99 211
65 168 319
20 56 273
20 190 213
4 124 130
75 122 200
74 54 277
33 141 175
90 30 161
57 7 72
63 110 175
40 135 202
81 13 146
32 27 60
86 198 298
49 192 390
59 90 149
28 155 191
45 127 172
82 0 206
29 148 187
23 88 158
29 157 364
58 53 127
67 149 393
87 43 160
89 194 287
29 183 214
81 32 114
37 127 287
52 88 142
58 96 163
47 123 194
33 84 241
90 118 261
15 92 133
9 100 151
3 59 65
17 76 96
37 92 165
55 120 181
94 20 131
6 120 136
26 89 197
69 133 203
45 42 116
80 135 216
1 141 279
26 51 83
39 185 233
42 58 137
5 139 145
7 121 235
88 8 105
64 118 185
60 21 91
81 125 241
44 13 94
92 51 150
14 80 100
52 124 184
14 62 102
70 157 237
10 118 297
41 90 316
80 71 320
82 64 185
65 155 413
85 184 315
28 143 171
84 70 154
58 44 107
31 198 246
8 169 178
28 0 30
42 41 105
30 147 196
3 66 76
55 153 215
13 14 28
81 93 268
35 59 139
71 197 423
9 86 138
38 179 240
21 1 157
64 36 200
52 95 153
97 72 179
67 85 302
81 28 291
19 182 206
41 96 216
2 100 108
91 49 146
8 57 237
64 43 287
84 39 227
68 93 171
44 17 67
78 187 465
31 172 204
74 66 329
15 190 210
40 183 229
89 187 296
67 67 139
19 114 218
24 143 207
68 113 188
80 53 159
24 145 171
26 97 173
71 187 290
27 145 175
88 164 257
38 100 258
4 44 76
28 125 155
50 88 236
84 185 439
48 77 306
59 27 161
79 58 320
92 44 136
95 192 306
64 175 294
73 185 267
42 108 347
82 16 144
9 187 248
51 181 272
96 21 170
76 34 169
21 162 183
58 26 88
5 116 308
18 48 72
97 30 165
3 11 30
2 95 105
2 45 57
77 93 172
99 24 143
6 118 214
29 131 168
88 47 155
31 42 78
12 25 40
86 69 335
13 123 156
92 176 271
79 55 137
39 30 80
53 52 232
31 18 49
83 131 234
96 38 285
85 169 269
65 199 277
69 146 217
16 32 48
50 140 196
91 17 141
9 129 148
7 59 80
72 193 378
65 118 189
74 105 224
12 18 43
37 155 210
37 144 181
99 96 195
2 120 145
27 87 128
43 11 64
25 65 114
13 144 229
58 111 178
4 35 54
67 130 200
19 121 145
83 72 195
35 117 159
30 71 104
68 89 158
44 54 104
98 196 451
87 98 219
90 8 108
64 41 110
25 78 135
55 175 418
85 68 154
14 28 75
22 80 225
76 107 206
87 171 261
89 60 237
88 161 254
60 144 403
63 183 253
90 143 280
17 150 186
25 190 399
28 89 267
32 7 56
50 8 211
94 181 290
46 143 195
25 7 40
63 127 364
33 193 227
37 170 403
7 87 101
35 105 151
67 25 119
73 114 195
30 61 178
12 5 102
57 76 152
27 178 244
53 74 281
25 77 103
39 146 280
65 171 241
44 126 204
43 105 300
30 200 252
16 165 190
81 109 232
20 61 142
17 196 254
39 198 374
77 130 240
46 96 146
46 126 195
5 109 141
44 146 264
