360
57 70 134
39 8 48
19 181 230
83 131 241
60 23 91
100 142 250
51 32 112
67 195 269
41 139 185
62 29 136
28 74 102
81 43 126
41 92 176
42 23 105
48 138 192
89 54 156
27 196 301
43 67 134
21 44 91
4 67 235
28 92 131
69 177 277
12 152 177
81 22 128
59 169 228
92 37 178
36 31 98
5 38 190
74 33 116
32 112 147
49 101 246
21 32 130
54 112 170
43 100 153
87 173 272
88 47 161
58 197 261
17 140 313
71 119 199
78 63 335
91 166 257
51 40 99
4 103 113
93 179 279
43 139 192
95 132 287
1 14 43
72 17 92
60 70 244
42 6 119
75 145 386
27 100 292
10 13 26
94 137 272
99 67 244
95 78 288
85 45 140
77 67 145
74 102 179
91 151 243
18 49 171
98 46 336
6 45 55
66 172 276
2 109 115
55 122 192
95 3 224
42 112 157
64 121 200
100 66 187
30 164 376
73 193 463
75 15 91
5 177 188
41 18 63
69 171 272
78 111 196
6 110 127
30 188 221
11 24 44
52 63 123
83 84 176
35 148 192
43 116 166
27 148 181
31 11 175
48 131 210
13 33 188
54 54 140
79 117 293
18 11 150
5 162 209
94 65 176
62 46 254
60 46 109
76 81 186
33 129 340
65 135 203
58 126 188
13 60 84
73 162 285
40 120 167
20 101 166
90 85 181
88 90 340
35 75 138
40 71 244
62 47 109
26 23 55
83 77 344
95 97 275
21 106 242
54 109 199
70 195 335
10 62 74
74 82 160
38 50 279
62 30 93
65 63 147
72 166 286
67 70 179
9 91 109
43 162 231
40 33 231
22 190 278
80 68 182
85 138 225
76 114 233
20 167 327
81 129 341
83 162 309
40 139 184
89 173 387
71 46 126
1 5 113
27 155 187
2 26 71
93 14 199
19 64 153
72 49 124
79 186 431
99 189 294
84 15 128
3 135 179
29 94 149
87 191 322
63 79 334
60 114 219
66 153 383
68 64 331
52 146 311
41 59 180
42 116 182
10 164 257
48 123 216
50 69 278
13 108 297
21 68 90
35 169 210
7 19 144
33 55 112
83 48 212
76 14 98
38 167 213
53 71 188
1 100 230
32 38 85
25 88 120
5 134 148
91 69 282
17 134 196
23 97 166
27 187 377
87 163 253
83 161 276
29 149 179
42 73 164
22 140 181
61 135 211
50 134 187
64 13 86
40 32 87
7 139 153
35 127 206
7 121 174
79 9 117
38 168 206
92 143 402
77 81 186
23 176 202
24 79 110
70 14 238
7 44 164
89 187 282
6 132 183
58 161 226
95 99 237
5 94 288
7 200 256
50 14 80
83 155 264
6 199 355
39 55 104
52 94 156
4 19 25
84 94 185
86 152 246
54 176 418
18 84 130
96 163 264
8 9 21
35 159 217
95 129 228
45 194 248
7 118 129
33 161 199
37 102 153
72 160 269
86 14 110
54 23 107
40 174 215
22 119 149
72 190 268
49 187 243
43 185 246
56 118 179
18 132 313
78 166 276
80 107 194
51 132 218
51 102 180
35 182 260
74 33 122
66 167 233
90 53 147
10 69 125
15 42 59
28 141 177
97 193 294
98 115 214
100 53 163
13 35 54
31 27 63
53 158 221
29 195 228
61 139 259
70 78 156
60 83 185
47 111 192
72 189 269
54 104 280
35 103 146
90 109 370
20 62 90
95 195 297
21 193 412
3 54 58
83 99 279
90 27 269
27 42 72
27 165 198
33 18 56
94 40 147
47 179 271
88 84 362
60 200 264
3 159 199
88 52 313
27 79 115
42 90 134
59 188 393
93 160 260
58 28 91
87 116 237
81 165 272
82 185 305
20 47 72
39 8 57
60 51 142
75 141 220
70 78 153
56 40 101
89 163 262
58 105 167
38 192 374
97 102 209
12 147 160
69 108 186
59 60 152
89 80 202
18 104 199
1 44 74
65 58 144
35 99 139
29 92 282
45 131 182
58 18 211
3 7 13
47 92 179
44 96 195
18 29 85
85 56 152
44 101 153
79 66 153
73 30 142
85 179 268
45 90 176
46 112 163
54 140 209
62 151 247
24 127 151
9 151 300
24 5 161
56 61 125
65 32 100
23 82 113
74 43 216
86 115 202
39 36 80
28 78 290
81 45 135
61 94 258
97 166 329
32 2 40
99 160 429
7 117 254
10 84 96
28 200 237
6 114 199
88 109 215
48 114 165
3 148 153
81 112 200
44 11 56
90 3 273
13 22 82
5 90 109
20 99 130
44 177 366
60 159 225
47 168 217
29 117 178
58 108 296
70 178 393
7 34 46
53 14 88
63 17 107
61 75 146
20 66 121
12 29 181
22 2 34
35 136 175
98 180 313
90 5 108
4 193 263
15 142 162
25 21 56
35 152 342
25 127 243
33 34 76
