550
94 141 274
79 61 142
68 36 254
5 196 202
34 163 197
65 2 76
69 60 129
27 17 54
91 22 158
47 54 215
22 49 85
40 116 174
8 190 366
74 139 232
32 144 341
44 27 232
53 185 383
27 171 303
82 108 211
41 52 145
21 29 112
71 52 311
21 112 149
71 111 214
96 114 220
96 163 306
81 162 258
22 61 85
27 135 361
11 44 58
50 127 211
50 164 218
30 166 203
78 100 195
43 62 143
37 13 136
5 189 204
28 135 277
18 128 149
58 135 195
99 78 197
61 104 173
53 78 161
82 56 303
57 185 434
61 15 84
49 86 136
74 47 122
38 192 366
41 78 119
50 67 257
40 99 234
41 56 116
19 22 133
47 25 74
28 53 94
25 100 134
28 73 276
63 189 345
77 47 134
35 91 133
90 118 215
78 145 225
34 122 162
21 8 34
93 192 290
94 65 184
46 96 180
76 33 129
49 198 292
100 114 220
65 20 143
5 183 335
45 124 296
89 133 305
58 0 60
20 173 236
45 88 166
58 156 250
88 43 252
94 134 231
80 53 137
97 192 414
13 39 89
32 55 89
40 83 125
53 62 118
32 152 184
82 58 248
73 94 169
5 60 65
27 162 214
74 132 218
24 122 343
88 126 224
89 16 105
99 53 165
84 125 255
21 72 98
15 185 203
36 157 199
16 145 235
56 106 201
29 167 197
8 20 157
67 166 304
23 33 247
92 11 111
18 50 178
32 73 112
1 120 122
14 195 311
37 165 395
56 165 248
94 192 310
3 116 228
57 164 363
75 59 136
89 72 274
13 109 124
11 97 169
60 178 244
28 134 203
69 187 256
25 100 128
27 120 177
46 195 244
36 154 192
34 165 243
54 65 122
68 73 257
8 180 190
30 178 215
8 94 110
56 111 196
1 46 48
12 195 386
39 195 239
29 149 185
24 82 136
85 184 272
4 37 56
17 121 156
39 126 173
55 159 224
31 131 189
82 37 155
16 66 124
80 176 272
95 70 167
2 70 190
79 176 291
36 82 128
61 168 262
10 119 136
18 111 183
9 168 352
48 154 273
19 129 151
5 140 148
62 64 261
4 65 74
28 30 68
18 33 84
87 66 176
23 74 136
57 125 211
99 176 324
51 145 201
90 93 188
19 22 58
100 23 168
52 80 141
40 195 240
71 180 256
33 23 87
42 106 176
99 142 246
84 111 199
75 18 102
86 67 284
69 93 170
47 116 189
69 44 120
21 41 112
23 179 245
28 79 150
24 165 212
82 158 285
27 33 174
39 39 85
62 0 87
15 179 203
56 87 173
88 108 267
69 195 319
73 108 295
56 137 325
17 67 125
80 43 125
21 49 70
42 58 103
33 50 167
8 97 142
74 61 268
27 155 187
79 76 185
48 37 85
10 97 114
90 180 271
14 195 221
7 160 277
54 150 308
34 190 230
30 158 216
57 180 285
66 93 183
24 102 147
22 43 110
41 12 60
3 198 290
56 95 151
46 135 211
36 39 97
40 107 190
9 36 191
6 117 133
78 74 159
37 156 222
25 13 211
21 43 158
94 153 275
67 87 154
70 55 126
80 62 303
44 48 185
45 180 230
23 43 72
91 147 253
24 26 62
30 14 86
30 149 204
9 96 115
97 147 284
98 135 233
90 154 438
70 156 252
12 74 109
3 16 36
51 2 90
54 74 136
70 178 272
56 165 222
6 73 86
40 106 152
29 149 182
96 171 267
82 1 122
97 72 173
10 44 94
45 173 218
48 120 171
17 96 155
25 116 223
7 92 103
98 121 352
76 68 199
80 148 237
98 199 297
17 136 160
98 169 273
39 101 155
39 162 202
32 124 191
32 68 106
19 122 313
37 135 215
31 75 137
52 161 221
74 42 120
11 70 91
69 165 306
19 128 196
59 181 257
11 35 55
90 78 299
70 52 125
16 45 168
43 141 260
3 81 141
17 29 192
86 145 300
91 70 167
22 82 153
79 124 277
97 175 362
35 192 400
74 143 226
86 178 272
31 76 111
27 128 205
28 146 243
8 44 57
3 130 140
31 105 183
13 144 165
37 159 199
66 38 128
77 72 149
63 169 280
52 164 361
10 189 233
65 61 138
42 29 79
3 43 46
21 134 280
50 40 100
46 78 124
59 122 190
96 33 138
92 33 205
55 5 66
8 96 129
74 142 246
13 18 32
47 180 233
18 77 100
92 51 180
62 183 255
55 0 227
11 22 49
66 137 227
69 189 314
33 191 313
19 72 103
50 159 307
14 126 150
41 25 105
76 116 228
71 97 176
15 198 409
29 189 349
8 77 221
62 174 252
10 74 92
2 124 286
32 184 218
46 129 181
81 68 156
3 102 108
88 39 135
11 98 230
50 99 172
45 151 198
92 147 263
11 108 120
18 40 66
78 163 255
8 117 139
38 54 99
96 113 225
23 121 223
73 93 170
86 123 329
83 93 211
23 168 191
91 171 293
92 14 114
11 34 74
36 55 238
93 67 288
93 141 278
28 193 285
66 32 107
92 7 114
71 171 387
93 98 194
94 15 119
23 115 148
83 159 325
98 167 272
86 18 238
36 173 372
4 127 136
42 40 187
41 33 232
65 169 239
53 13 123
78 27 239
66 82 150
14 66 206
20 82 122
85 188 421
64 128 196
51 86 152
60 93 163
41 167 213
10 78 268
41 27 98
49 180 234
77 138 246
37 106 151
61 40 118
8 78 198
35 53 135
92 52 161
8 183 235
87 199 289
5 98 103
61 6 74
41 13 84
63 141 235
40 198 269
12 176 270
87 198 382
74 163 366
31 27 58
74 156 428
40 91 134
63 119 361
92 162 310
55 188 253
29 115 148
47 9 205
71 59 290
14 18 37
6 74 81
69 79 158
41 5 220
87 174 294
46 64 115
38 163 210
1 78 204
32 20 89
74 13 194
93 146 249
36 20 62
62 177 284
41 155 219
82 40 129
17 62 126
78 45 153
72 193 274
54 69 137
6 111 189
87 44 139
13 97 207
40 85 137
100 120 268
42 190 238
95 119 388
33 14 54
28 95 154
93 12 222
7 36 180
24 85 113
85 86 178
41 173 224
85 34 125
6 129 141
13 53 68
39 78 233
80 188 275
58 84 152
26 45 195
45 72 307
98 12 139
57 40 99
33 78 243
76 173 252
15 159 179
68 78 153
26 5 77
100 169 274
12 45 64
42 183 273
78 113 200
72 0 173
69 182 255
64 150 306
78 188 276
4 56 86
80 178 265
90 127 224
82 141 332
51 81 166
99 40 188
63 174 242
63 113 186
19 130 262
23 87 281
2 190 202
34 101 184
72 131 206
40 149 238
95 196 344
72 22 133
91 188 287
78 10 90
23 164 210
95 198 376
72 138 234
54 29 93
5 113 128
98 170 367
54 21 223
38 30 113
26 150 186
80 56 138
56 45 279
96 152 256
54 181 268
40 142 222
74 32 107
74 41 123
62 15 86
48 13 201
81 86 177
46 118 208
79 110 227
46 80 154
88 171 452
99 147 283
44 109 161
25 13 87
47 9 59
39 128 199
97 89 205
64 115 210
1 200 229
56 136 202
61 194 301
64 28 140
55 148 252
25 48 103
60 42 106
68 40 134
87 119 222
29 162 196
56 81 142
12 130 142
28 16 54
37 80 123
65 90 182
8 47 63
31 163 233
79 82 170
24 133 157
34 5 45
82 191 275
