180
33 67 161
97 116 219
67 9 211
30 41 95
57 162 321
17 38 55
21 188 235
38 72 120
8 177 348
88 54 152
43 74 162
28 93 266
36 28 114
11 157 173
5 115 206
18 139 166
61 39 106
87 39 138
100 137 379
91 41 135
61 186 296
51 84 237
62 114 181
73 30 109
73 161 426
65 4 102
62 133 241
34 174 209
24 60 89
29 34 65
89 25 243
63 57 151
30 105 139
39 19 82
92 16 116
23 66 271
38 13 86
92 77 188
71 126 237
35 24 61
99 7 108
57 175 242
58 170 344
4 64 94
13 107 292
66 39 196
99 136 258
95 15 207
75 119 291
62 193 437
85 66 158
17 71 88
81 88 173
38 59 125
93 73 258
1 5 22
26 173 208
8 179 197
80 80 212
40 200 440
17 68 91
36 17 58
61 162 225
54 112 167
40 190 279
6 10 81
94 42 144
59 131 196
50 127 244
39 13 54
94 29 174
61 135 206
70 29 120
52 166 277
26 65 241
24 195 253
46 80 131
83 169 263
81 1 185
49 22 73
63 123 227
83 17 109
12 17 30
27 143 180
64 179 263
6 35 45
43 183 235
92 196 319
42 78 178
42 158 368
53 61 305
49 110 161
6 35 48
44 104 212
61 46 115
10 145 159
87 107 203
44 108 160
56 30 131
82 158 365
56 12 68
22 197 412
46 161 245
55 85 149
23 1 39
74 18 99
74 124 346
21 171 198
99 102 227
31 115 151
24 105 136
62 114 348
89 153 291
11 187 208
77 128 214
71 92 168
39 84 148
73 137 378
23 47 77
38 148 193
86 118 233
31 88 127
6 88 94
46 52 158
13 25 130
11 113 168
13 184 203
22 101 124
70 29 109
62 199 283
67 164 232
79 79 159
94 125 266
2 123 161
63 153 225
34 82 270
20 98 122
69 120 274
90 145 256
98 59 160
62 114 271
90 197 307
47 111 162
94 112 240
3 172 246
96 81 222
16 34 52
53 79 142
92 195 421
90 166 441
75 17 142
47 132 218
89 4 95
93 142 340
35 170 209
6 132 138
25 1 33
61 129 200
7 143 157
68 81 154
71 53 125
50 87 149
64 118 335
62 121 213
10 29 47
46 3 215
52 111 216
35 181 219
36 1 39
45 168 258
7 116 133
41 58 107
99 63 167
46 196 292
17 85 103
99 156 257
23 189 232
34 184 241
81 43 306
66 163 232
