690
55 124 229
23 143 192
30 109 207
59 111 212
26 117 264
26 70 112
18 63 109
99 67 326
22 87 128
21 19 43
78 61 153
75 129 245
96 171 423
77 180 442
23 62 113
17 17 68
19 74 203
33 77 204
28 25 54
8 188 197
30 167 386
28 148 240
26 50 85
60 121 184
60 108 208
19 162 184
35 76 119
52 123 211
85 160 332
79 161 247
17 182 309
75 121 217
92 181 355
50 120 347
75 195 420
79 126 246
20 7 213
60 53 115
80 121 250
53 120 177
90 108 207
42 40 82
52 16 83
31 33 178
74 169 375
71 132 203
66 57 249
4 71 150
85 144 252
44 67 116
21 155 179
97 99 204
97 13 200
52 94 152
30 80 116
43 195 246
88 109 201
17 136 276
37 190 298
3 179 264
79 54 169
30 55 102
10 136 151
9 58 211
34 99 135
68 29 129
55 40 98
83 42 151
57 140 313
15 46 71
31 41 86
50 8 212
62 143 254
32 94 157
39 115 157
61 39 105
95 130 327
85 12 291
14 80 104
69 132 202
56 44 106
78 141 263
43 39 83
14 29 76
73 48 131
26 87 114
39 53 96
93 22 122
96 18 135
18 34 182
79 22 128
2 140 150
77 61 143
1 154 339
68 49 124
61 97 188
77 195 287
73 98 179
84 87 303
90 49 226
13 187 235
51 78 140
27 111 143
9 160 209
55 134 207
23 172 241
78 62 150
8 32 72
30 64 102
72 162 236
43 19 138
43 67 118
68 71 145
19 9 37
64 30 214
55 65 128
75 86 164
26 25 57
31 88 147
81 192 275
36 126 171
97 116 234
49 4 191
27 200 236
94 105 222
98 133 276
40 140 183
6 28 41
56 16 113
27 141 233
80 101 228
39 184 224
85 30 202
14 166 190
9 100 119
89 193 286
17 136 161
35 104 144
61 56 127
46 189 280
7 91 103
96 150 339
59 157 225
77 179 275
58 182 246
56 0 165
76 24 110
12 17 166
68 142 381
95 165 267
44 192 255
54 85 316
5 23 31
93 184 303
12 77 125
77 49 157
84 33 127
18 101 129
49 65 146
49 84 138
14 181 255
64 183 437
80 177 320
22 111 314
10 192 202
6 106 151
86 12 125
6 68 106
51 112 168
35 52 124
49 20 86
27 4 34
55 187 248
64 158 259
32 37 71
8 69 106
80 126 249
29 132 168
32 173 207
90 117 244
47 188 397
24 95 302
15 79 172
98 60 159
29 200 257
31 86 119
81 107 212
58 1 80
12 178 225
11 141 161
13 35 157
27 162 289
85 0 92
52 139 200
7 73 87
59 89 149
21 101 164
17 58 91
12 162 197
96 194 292
44 116 199
40 126 261
1 136 142
6 72 253
16 56 121
60 124 373
71 94 359
51 200 278
37 74 298
41 136 186
68 74 142
84 85 209
56 104 162
44 112 189
40 6 147
29 11 50
49 102 193
61 53 116
78 47 168
51 20 104
73 65 156
13 64 118
13 148 207
43 114 164
68 29 106
50 193 254
48 159 289
82 4 87
89 103 372
1 156 249
19 80 217
11 53 112
17 174 193
76 179 265
33 176 216
79 141 268
5 111 117
90 71 167
9 145 157
88 151 245
37 29 89
85 159 261
90 128 220
2 192 356
42 149 251
22 31 70
92 34 218
78 82 276
4 5 164
28 112 190
80 169 256
17 79 103
86 135 226
58 85 259
10 10 28
40 38 82
29 55 137
26 137 349
22 93 115
62 104 185
29 145 180
87 139 250
20 99 157
67 28 115
66 2 92
24 49 172
74 47 140
13 158 181
78 177 272
55 153 240
36 182 227
65 124 335
79 19 181
54 85 187
38 169 212
70 94 170
35 33 175
16 3 59
21 115 307
34 79 143
67 67 188
23 106 136
80 197 314
28 91 216
53 67 216
85 50 153
28 36 91
71 113 203
12 16 33
39 21 67
28 137 302
52 168 223
5 142 160
66 6 180
19 27 55
28 59 93
83 50 141
41 83 132
59 93 267
11 143 273
99 181 290
7 77 88
23 160 203
28 168 225
45 109 158
72 43 116
76 18 95
43 64 126
14 0 41
55 58 129
95 89 192
89 106 205
72 101 207
16 114 135
92 171 267
13 13 37
45 59 120
73 75 151
18 116 144
92 69 170
50 30 183
26 120 171
58 188 253
18 114 137
48 139 188
35 131 169
80 53 160
40 147 225
62 173 249
17 198 232
97 178 453
91 11 107
79 117 208
2 153 198
45 140 226
85 167 255
12 163 187
41 187 240
20 40 107
36 42 118
17 29 62
99 44 170
3 158 210
37 64 108
73 168 411
96 28 194
91 145 240
33 152 209
50 102 159
6 3 150
12 65 79
36 157 196
70 160 367
22 131 158
13 135 155
43 185 319
5 73 84
72 169 251
9 30 84
69 27 123
98 65 171
73 103 178
83 195 326
87 40 136
32 187 363
96 199 469
63 78 150
23 141 341
72 57 147
42 106 158
58 182 244
32 104 144
65 7 107
31 154 188
91 21 118
90 191 310
87 72 167
34 111 148
93 130 223
43 7 54
71 156 331
36 162 214
48 9 216
30 59 119
80 174 297
70 166 245
88 130 300
21 68 106
61 51 144
91 95 191
34 87 157
47 73 135
41 31 75
42 38 141
42 130 219
71 87 159
55 98 189
13 158 175
60 32 115
53 180 318
82 34 262
61 97 165
91 67 170
84 16 217
26 78 104
36 105 149
96 54 155
48 51 134
82 110 194
99 33 136
7 200 207
79 54 190
82 195 309
36 186 223
63 98 181
17 179 385
27 96 150
5 58 71
83 105 250
62 59 179
52 156 242
95 107 300
84 164 270
94 54 173
99 64 167
28 90 241
68 132 206
5 136 191
38 47 231
47 156 268
53 23 79
55 20 85
64 7 106
80 126 225
26 6 134
4 184 352
21 104 133
13 39 54
32 177 218
49 66 117
18 46 136
48 180 237
40 139 200
79 191 275
73 49 147
27 77 114
33 144 221
81 120 274
68 29 108
40 68 157
10 63 119
7 188 220
25 127 195
96 152 249
56 57 115
1 144 173
7 152 301
61 71 141
57 94 184
94 81 191
55 83 147
61 43 195
4 180 198
10 75 133
7 120 151
54 99 154
35 69 123
72 111 233
37 189 234
65 30 111
92 120 214
5 196 207
51 21 99
65 22 138
99 200 304
9 136 164
85 161 254
67 2 79
72 196 313
28 71 165
33 161 373
17 23 50
33 148 230
69 72 177
18 90 111
99 86 196
51 180 233
24 111 144
25 188 292
10 124 134
74 85 193
33 188 222
63 38 157
46 151 203
46 43 89
39 0 73
23 20 126
5 158 166
60 80 141
49 120 307
85 18 105
57 4 69
6 158 165
10 197 236
36 77 160
22 170 229
57 74 173
16 33 50
87 175 272
93 82 179
91 147 285
32 153 299
85 8 99
60 104 172
64 156 220
98 125 240
7 120 155
11 176 189
5 146 160
25 193 218
33 192 417
67 1 101
54 147 203
36 172 240
43 52 246
92 139 240
11 153 184
93 84 326
87 25 167
86 90 182
38 68 116
61 166 273
24 6 32
84 2 89
66 52 168
98 29 133
88 60 153
97 177 283
18 47 103
20 100 120
85 81 257
95 149 249
35 105 147
61 154 286
35 83 268
35 179 236
11 52 135
46 195 242
65 144 385
58 74 134
59 22 81
74 53 132
45 51 100
3 72 85
4 148 175
98 15 120
91 104 196
54 103 167
45 97 210
12 72 91
54 41 95
1 116 125
82 109 336
85 167 381
39 108 238
82 63 148
58 5 112
39 156 195
96 156 252
10 4 20
44 39 88
56 20 110
91 72 166
89 148 286
78 8 117
93 85 200
21 63 91
26 92 176
24 69 95
8 184 234
59 70 158
9 82 94
1 103 132
62 24 86
44 143 192
43 161 250
44 116 175
7 103 113
79 149 253
89 160 424
30 40 74
58 151 218
81 138 220
16 94 117
58 198 368
100 43 146
47 111 185
49 106 163
40 113 195
1 125 128
79 188 267
58 166 231
54 109 190
50 147 198
51 46 270
37 93 147
63 172 243
94 36 169
15 69 91
46 149 197
36 67 158
81 180 270
12 135 161
50 80 138
3 35 59
45 45 99
48 114 175
71 134 240
14 123 146
21 134 156
8 118 191
65 55 250
17 69 262
99 106 212
47 25 88
11 67 90
13 91 114
72 140 218
95 15 150
12 12 30
76 94 189
50 135 237
5 40 158
95 31 131
25 91 130
66 1 68
55 107 196
42 180 231
68 126 197
18 7 32
47 60 108
52 8 66
25 160 198
44 142 272
76 74 181
33 32 88
31 150 207
25 182 210
96 86 215
22 128 156
53 43 259
87 69 170
73 173 249
84 17 130
25 105 160
82 102 246
30 178 226
97 54 176
24 25 55
64 153 221
42 28 92
90 1 100
27 72 166
8 187 198
78 70 148
91 23 210
25 60 93
25 138 166
19 28 72
54 45 254
30 20 87
55 156 341
55 32 93
79 73 171
9 25 34
13 81 96
31 151 183
66 175 336
16 0 35
58 23 118
37 163 323
41 163 344
91 181 319
98 115 258
79 105 185
15 143 352
86 39 270
49 72 128
99 143 246
16 163 259
