460
58 61 147
65 49 117
18 35 106
16 173 198
60 72 133
19 44 67
28 26 63
97 7 105
50 190 240
44 131 191
61 151 314
92 197 291
72 47 157
94 25 163
96 57 187
98 17 121
86 196 285
15 62 144
47 104 261
16 18 93
59 114 216
78 6 212
30 25 114
99 136 239
25 123 153
98 54 158
12 28 47
61 93 156
4 89 132
3 167 180
3 198 207
74 73 153
100 139 432
88 164 290
8 32 81
29 98 172
85 162 247
94 41 163
76 7 85
42 150 196
36 127 164
9 103 310
34 62 214
82 31 277
53 61 124
4 57 249
52 134 193
82 34 123
35 38 135
95 4 227
89 71 161
22 66 89
6 6 14
28 22 86
34 41 77
48 127 214
13 28 51
68 175 252
42 107 183
96 44 146
94 186 288
9 16 33
70 77 172
28 185 255
57 97 180
16 129 159
7 191 362
29 131 161
25 38 70
85 171 433
62 5 72
48 26 85
100 156 256
72 196 276
86 42 128
82 127 215
39 170 279
4 69 104
35 196 431
67 198 273
39 194 411
31 0 166
64 180 388
30 59 92
7 164 312
86 125 217
42 120 210
48 33 230
98 172 279
85 77 268
59 140 203
15 174 232
52 121 310
52 131 185
71 44 123
2 117 128
52 172 246
7 43 59
95 45 144
48 140 198
46 114 165
68 13 89
98 63 186
31 92 127
53 184 405
28 1 71
64 97 338
70 95 192
57 197 301
46 2 98
86 108 204
69 100 176
98 104 242
63 160 229
39 198 243
53 192 436
22 51 166
64 200 274
17 190 207
19 116 225
29 65 96
83 115 233
90 11 122
36 48 246
55 53 225
59 84 157
94 10 123
87 200 296
85 97 192
35 50 94
16 15 90
96 37 165
65 170 282
26 74 104
56 68 132
15 137 309
50 199 287
100 46 220
14 124 145
91 46 191
32 38 130
76 104 182
27 31 243
85 192 387
6 44 96
20 95 174
77 158 256
100 181 307
66 121 187
100 65 213
48 88 140
45 67 121
13 32 46
47 119 202
64 51 121
8 124 284
92 91 213
89 100 249
95 58 350
12 107 160
77 126 204
6 62 76
95 58 162
45 150 196
86 189 323
49 167 221
32 135 170
23 175 205
73 35 138
37 97 135
17 159 208
57 19 112
11 22 43
42 100 168
16 122 173
43 10 66
83 135 219
76 175 257
16 127 152
51 113 209
32 79 135
94 131 225
51 13 183
27 108 144
76 154 359
32 12 88
55 35 182
35 35 75
46 52 127
67 52 162
66 73 147
83 74 162
60 197 439
89 23 118
55 123 197
64 10 111
82 192 280
41 63 111
56 59 135
20 151 173
17 170 312
95 151 445
14 15 36
79 122 209
50 7 196
93 148 249
96 190 288
47 162 249
79 192 450
11 178 279
25 100 135
19 11 67
100 4 110
64 32 137
22 76 103
79 196 473
19 152 323
68 15 192
42 127 170
54 146 205
49 154 224
78 160 304
72 75 335
58 4 68
54 17 103
50 3 59
76 101 181
54 169 386
7 127 237
41 151 199
31 132 208
3 177 228
82 159 243
75 39 123
96 186 300
13 176 228
97 87 221
75 171 249
49 143 209
93 186 326
39 178 374
17 76 103
79 90 202
8 18 29
56 29 95
22 134 230
63 121 184
55 18 82
22 77 102
94 3 101
26 174 219
25 58 92
94 106 390
6 162 280
15 42 117
53 183 290
38 132 173
9 128 141
100 95 203
65 100 170
84 81 353
17 168 242
42 94 143
17 156 218
95 39 137
53 27 243
3 165 174
15 67 125
11 125 143
18 47 172
34 175 216
47 108 305
13 103 221
9 199 214
47 82 221
68 68 184
17 102 174
3 39 79
92 76 289
72 158 250
99 91 239
15 86 134
2 92 113
1 112 149
29 109 225
5 183 188
74 190 282
48 27 80
46 107 159
95 129 413
26 126 162
46 61 107
87 188 275
30 80 272
16 43 93
85 145 234
46 176 385
31 74 111
3 193 243
18 175 302
98 138 260
67 49 136
39 97 149
80 47 300
89 54 152
63 42 131
8 75 219
15 112 165
39 152 191
12 38 84
48 126 183
90 184 382
47 41 94
75 180 294
24 98 122
68 72 265
84 106 235
97 175 274
98 59 250
87 86 205
24 159 192
31 6 63
57 39 260
35 197 269
9 130 172
100 53 175
91 18 109
12 178 220
75 8 92
31 119 155
2 141 146
67 106 175
8 64 100
44 198 244
4 186 196
35 35 267
29 96 265
59 152 242
5 30 35
65 155 230
85 138 233
65 29 204
43 34 165
26 48 98
96 184 354
36 103 247
30 21 99
37 97 140
40 187 276
73 125 332
31 152 212
14 7 67
21 22 214
74 139 233
15 111 169
27 35 109
54 114 171
18 106 134
80 106 206
23 168 357
48 143 370
85 7 120
18 54 80
84 134 247
33 52 281
31 131 174
36 141 244
42 84 275
20 168 207
36 165 202
9 199 243
29 57 216
50 16 73
22 180 211
22 133 156
100 69 175
97 182 279
27 23 73
68 131 318
85 17 102
19 86 109
55 136 196
20 133 157
96 77 217
89 101 208
43 170 217
22 130 183
39 48 114
47 194 265
66 58 155
79 132 232
36 88 293
52 159 220
90 100 195
74 39 113
100 118 219
76 88 358
74 131 217
34 93 168
3 175 309
40 115 162
72 11 227
43 90 320
76 39 153
72 143 318
47 199 250
95 165 288
83 158 242
59 87 185
54 120 189
2 132 152
98 184 319
19 116 142
3 191 224
93 129 225
4 196 205
49 176 235
23 61 90
54 157 216
2 98 293
19 90 251
79 151 240
5 77 92
19 141 162
28 80 181
46 89 137
53 137 194
1 123 134
2 63 91
61 95 217
5 24 176
82 34 118
97 1 159
27 98 131
73 127 207
43 101 144
41 13 110
46 32 183
9 43 61
84 67 154
52 181 269
9 37 88
74 90 173
63 40 148
2 104 124
63 128 225
71 118 189
57 90 164
92 132 313
21 99 124
51 4 126
59 126 220
29 43 84
55 67 129
27 100 136
99 193 326
87 86 202
15 38 53
3 11 19
97 104 211
