860
48 24 72
99 134 237
80 24 196
32 199 237
9 38 76
90 138 259
74 70 163
33 177 228
13 92 155
37 41 88
57 40 222
27 187 222
60 10 85
12 115 172
62 99 190
55 9 67
17 132 336
77 195 277
82 64 178
44 106 302
61 155 223
17 13 39
52 32 85
10 32 242
50 8 66
8 82 92
86 91 296
72 64 141
71 94 169
60 4 70
34 137 220
21 135 161
30 69 109
34 7 48
37 199 238
29 179 389
32 77 116
12 57 72
89 66 155
69 200 285
29 25 64
56 148 207
12 77 167
19 182 210
26 79 112
70 150 232
7 156 173
87 104 196
47 37 227
68 157 393
63 174 259
63 167 234
77 171 283
58 126 267
60 46 115
15 106 299
84 63 151
94 104 204
24 0 69
85 172 294
53 83 188
38 0 209
55 189 285
51 180 239
11 125 156
37 20 63
69 15 91
65 39 124
36 158 222
83 57 319
89 35 287
24 116 146
9 35 95
70 188 261
44 1 85
72 20 116
25 88 113
99 6 107
2 68 128
23 132 170
35 141 342
24 83 110
31 119 181
49 26 108
70 129 209
48 138 187
7 111 161
70 11 271
87 22 115
27 162 195
96 110 363
100 11 126
66 113 184
62 178 255
59 164 225
2 50 55
96 91 187
59 161 261
99 195 434
97 156 263
33 135 260
3 190 320
42 173 335
88 156 246
8 3 182
23 179 393
79 89 237
18 180 203
52 168 229
4 107 204
70 35 149
99 196 327
53 163 220
97 160 284
23 23 90
70 29 289
9 14 23
71 164 243
3 133 140
4 186 196
8 52 61
10 24 199
57 109 196
61 134 234
87 5 285
43 174 226
20 153 294
47 162 292
88 168 263
87 118 207
55 141 209
14 134 158
11 114 148
17 116 270
28 78 202
29 52 82
71 107 182
66 147 380
55 35 97
85 29 164
12 104 236
47 56 103
47 169 224
72 150 228
16 72 147
1 174 179
51 88 157
27 158 210
88 81 296
59 68 130
15 90 140
2 178 367
60 82 149
60 48 145
84 140 230
23 98 203
4 123 163
77 79 163
54 165 225
65 77 158
99 89 209
70 84 315
46 50 96
48 67 148
43 135 189
76 149 398
17 172 210
61 7 80
100 197 329
17 93 199
47 158 212
98 174 272
13 134 223
66 43 304
95 112 335
23 16 117
83 52 141
99 27 127
75 124 214
60 28 132
89 130 235
18 68 92
44 48 101
48 172 301
9 27 89
36 190 230
67 78 150
88 5 119
30 122 288
4 1 11
42 121 168
91 172 360
78 177 273
73 1 134
16 10 89
86 81 211
55 26 116
55 75 218
8 141 159
46 157 314
88 164 279
63 182 268
15 188 314
25 21 106
62 105 247
20 178 283
69 121 223
56 195 373
61 9 70
50 196 435
18 60 89
74 7 93
2 39 65
3 125 247
100 197 329
75 39 131
77 50 156
81 136 251
49 42 136
16 7 23
99 64 188
24 111 141
80 155 272
93 133 228
15 1 26
51 144 198
22 4 131
10 130 163
67 174 393
73 171 344
83 132 215
100 97 234
94 199 412
77 189 267
33 73 208
55 196 261
60 139 308
87 185 279
99 193 294
36 139 200
97 154 264
48 198 250
43 36 80
17 28 53
62 62 126
97 61 174
71 85 332
77 103 183
12 87 105
50 121 216
10 96 106
91 188 352
68 50 118
89 32 221
94 160 270
96 93 275
1 101 123
43 126 172
57 114 218
71 57 157
60 111 224
52 179 231
63 154 241
74 56 162
2 65 69
36 67 132
2 26 182
51 105 165
35 178 218
45 93 150
87 171 266
53 39 95
15 104 151
21 162 291
99 86 193
94 101 384
28 26 81
54 45 141
3 183 296
55 122 263
49 199 254
73 100 272
43 180 418
28 57 108
51 110 267
29 75 110
35 25 68
15 21 100
53 90 173
17 176 383
89 40 136
56 113 225
29 165 215
52 48 103
35 84 122
34 9 160
47 32 82
82 112 344
19 42 76
58 12 144
17 164 183
64 180 250
58 58 229
92 170 264
77 113 214
84 64 288
94 7 131
55 156 306
29 152 206
73 35 134
47 159 216
3 151 211
68 94 168
31 0 41
24 102 151
19 90 117
33 51 265
45 192 239
1 137 147
20 68 126
7 118 135
93 193 291
9 175 207
91 96 224
91 74 166
34 29 68
53 95 169
19 157 202
33 168 207
43 107 169
68 106 177
75 141 246
48 86 134
94 5 127
85 116 202
85 47 146
61 192 378
7 136 152
28 176 207
86 148 236
15 98 117
67 123 196
44 89 188
82 79 182
29 68 124
41 128 201
31 193 229
71 128 247
87 91 180
3 182 193
70 90 169
50 34 110
25 193 292
43 67 151
73 85 170
55 96 160
7 157 165
81 164 263
30 144 251
42 26 148
63 68 133
13 78 113
50 56 177
11 17 29
23 131 187
32 17 216
15 192 224
14 125 140
15 82 135
21 160 206
5 70 81
64 192 348
33 123 287
14 83 97
27 190 302
41 34 78
27 12 65
2 198 303
96 191 297
2 52 57
86 127 275
92 122 278
45 151 203
64 106 184
93 71 164
38 6 47
28 134 173
24 131 353
50 1 96
26 69 105
34 173 208
89 150 357
72 153 232
88 40 313
46 24 236
81 81 337
21 5 133
33 123 263
12 24 210
18 150 185
78 119 356
59 42 108
46 99 174
80 67 157
79 18 100
85 1 134
29 91 169
14 185 201
96 82 178
8 26 41
99 150 338
8 25 33
25 1 43
29 56 109
34 196 233
54 139 242
63 111 197
69 3 216
22 49 234
38 11 51
75 131 209
81 122 203
64 103 170
55 112 173
41 104 152
9 92 132
62 56 124
58 144 206
100 104 213
91 58 151
35 115 191
58 43 110
9 42 177
73 125 244
83 154 248
28 45 82
23 166 283
39 81 183
96 36 179
28 63 94
56 93 284
79 193 277
42 180 231
70 96 170
36 19 175
74 132 337
96 108 308
11 121 135
75 15 96
61 38 143
96 57 237
66 8 124
90 172 272
52 51 137
6 6 105
79 25 109
1 101 130
25 45 107
64 139 258
38 137 179
10 82 186
45 111 169
91 136 229
79 193 279
62 107 210
58 169 255
32 45 92
58 100 207
62 113 215
77 194 277
94 55 234
5 3 55
45 68 182
97 129 260
56 104 292
34 160 198
78 175 261
42 155 365
53 13 87
87 106 207
56 145 243
20 78 128
40 61 178
43 158 211
83 19 199
78 89 189
56 105 205
100 1 103
75 119 233
4 118 132
91 41 175
53 30 186
60 13 182
45 42 91
62 25 89
82 169 256
71 150 230
12 114 323
23 18 51
23 156 187
82 144 272
76 189 273
51 21 222
21 53 81
34 9 48
18 178 199
91 55 156
74 158 241
20 97 148
28 13 50
80 46 126
62 193 256
44 57 127
7 180 191
38 41 82
56 18 90
14 3 67
1 79 194
92 121 271
76 105 236
67 81 149
95 3 108
26 183 238
27 104 137
99 0 106
23 181 209
44 18 104
42 57 279
45 63 138
7 123 208
23 98 297
27 69 101
54 3 64
47 30 105
50 188 264
19 153 179
40 156 330
17 108 138
57 27 87
54 140 242
5 13 177
73 15 96
46 17 76
22 53 207
13 3 29
3 95 251
34 80 123
99 6 117
84 50 137
67 150 222
55 69 130
61 123 221
23 25 58
43 121 194
74 89 211
40 21 98
84 19 193
29 20 59
50 135 195
24 34 87
39 181 239
88 76 173
20 126 149
49 90 142
9 147 206
33 119 205
49 67 137
29 176 210
18 67 90
19 101 278
45 170 253
84 59 186
77 68 151
37 172 217
20 68 103
63 89 160
59 83 189
11 109 127
90 123 213
25 127 183
40 189 229
70 145 225
1 176 195
100 35 221
62 117 274
32 147 216
60 83 192
81 141 225
35 137 177
57 77 204
12 177 288
20 164 185
97 77 178
34 27 63
55 10 112
86 84 192
39 144 227
96 101 204
53 26 174
82 126 274
48 102 150
84 71 246
72 108 255
53 79 164
75 172 283
1 147 155
94 131 353
26 116 164
60 147 241
75 198 275
13 131 144
44 5 50
88 74 197
60 13 155
87 5 97
15 3 22
2 54 75
28 36 103
47 35 96
8 183 272
46 60 238
62 90 159
56 93 199
41 189 319
58 20 79
93 102 205
24 182 213
5 98 108
18 27 52
22 58 89
36 192 250
1 106 289
22 80 104
65 50 118
44 59 143
16 76 101
28 108 329
83 162 276
4 129 139
84 73 166
22 67 183
100 95 227
45 121 246
50 54 137
26 68 98
23 72 105
70 35 106
96 4 164
82 3 99
78 30 190
82 131 215
91 103 203
13 85 222
32 25 75
43 42 86
66 80 150
12 119 131
84 5 169
60 121 300
85 172 257
91 88 188
22 179 236
79 69 158
4 154 160
10 142 158
75 83 169
64 35 144
83 164 256
25 154 196
20 168 235
71 140 257
10 109 122
53 19 74
39 188 330
78 71 273
14 81 101
41 84 256
63 113 247
64 137 297
12 109 146
84 164 253
77 153 234
27 183 222
89 128 221
77 141 228
45 24 73
25 16 44
62 112 178
99 65 175
57 80 270
40 176 326
84 129 223
20 23 51
65 11 84
42 97 146
76 145 266
35 69 127
76 170 252
4 137 223
97 75 266
78 92 173
84 70 163
94 191 295
8 17 124
63 93 204
71 138 216
24 124 169
75 131 256
72 97 219
84 131 215
59 49 112
2 67 239
82 188 301
60 110 202
51 109 199
36 32 90
43 9 67
54 70 275
97 17 123
89 25 136
37 27 69
84 195 327
63 61 192
65 194 262
73 24 106
90 72 222
72 88 258
3 195 198
88 108 197
94 199 301
68 177 391
8 161 173
3 81 92
48 66 232
18 40 67
34 56 133
30 73 137
54 186 289
15 135 229
63 37 140
95 146 250
29 94 308
94 192 291
48 27 85
97 120 227
63 5 111
14 158 198
90 106 204
65 118 205
4 80 130
45 152 198
68 128 222
41 76 124
62 169 234
84 48 142
80 28 109
42 124 167
33 17 87
11 186 206
90 180 275
63 176 251
56 199 350
18 52 80
59 96 224
29 61 92
12 200 355
67 51 123
2 157 164
8 25 64
5 20 26
6 2 35
52 138 319
50 49 101
44 169 395
53 158 398
12 153 331
25 124 307
11 128 149
19 195 215
15 187 210
48 94 177
51 95 149
38 62 253
19 46 88
86 153 249
50 132 188
58 107 204
66 35 105
25 61 241
68 143 409
56 20 79
26 198 227
3 1 51
42 47 89
53 195 267
12 66 124
93 167 279
51 198 255
73 29 261
9 62 78
6 53 153
93 174 400
95 171 276
36 4 48
74 80 164
76 14 197
44 91 143
50 54 140
31 3 39
89 38 305
28 170 216
71 38 148
90 136 247
67 151 416
57 189 289
59 122 211
67 197 265
42 151 233
11 51 117
34 175 256
79 122 205
86 17 105
55 42 116
97 123 356
35 150 190
22 14 85
59 61 130
70 161 236
8 111 128
41 74 191
54 73 177
47 88 154
57 5 63
95 9 112
6 135 142
11 136 154
62 62 124
20 132 344
51 182 265
58 118 182
20 200 347
56 141 203
78 149 254
82 54 142
66 145 259
20 140 170
36 110 295
29 74 114
49 9 222
73 96 169
99 195 297
23 187 236
22 56 127
2 48 57
24 122 178
65 197 305
41 15 92
51 180 233
14 20 50
46 73 148
