70
75 154 305
26 147 281
58 179 241
1 14 15
86 165 257
37 39 84
100 171 310
85 112 375
94 173 316
88 7 98
51 176 237
96 161 280
79 73 160
83 40 127
85 73 171
33 49 104
91 152 272
55 70 127
83 171 267
74 80 161
50 128 194
58 100 173
66 130 380
14 45 258
93 46 168
32 4 45
33 34 102
77 99 213
19 39 60
91 65 168
14 191 368
70 171 282
59 16 180
38 114 160
4 155 163
49 139 196
18 5 83
30 71 298
8 82 99
2 199 201
45 178 338
40 88 200
90 149 409
13 102 122
26 8 211
63 189 255
42 184 263
75 169 316
36 145 222
45 86 131
6 27 39
66 108 370
55 21 123
10 45 115
83 119 285
31 148 303
45 141 187
42 91 143
1 43 45
8 116 224
32 195 230
100 61 211
14 115 129
77 69 329
86 100 196
13 121 153
96 88 228
89 6 105
80 175 255
66 56 128
