970
50 0 202
81 166 251
65 116 190
99 132 379
54 147 244
92 2 122
73 193 272
94 78 182
41 151 192
49 56 127
42 33 80
94 64 164
60 176 356
67 162 231
7 113 142
41 151 199
7 97 104
35 93 176
53 47 107
11 110 122
1 6 39
87 18 113
15 17 57
64 7 213
71 34 154
29 137 174
58 121 183
46 136 182
13 99 161
71 62 170
47 62 119
58 84 144
13 60 129
4 106 131
58 13 187
81 115 288
97 100 218
57 77 144
30 32 65
85 28 218
2 19 203
88 105 207
61 169 239
60 125 275
98 42 185
95 167 268
40 47 112
17 142 164
1 179 237
22 154 198
59 89 183
75 119 203
20 145 173
86 55 144
74 91 181
80 67 162
52 12 64
71 7 125
60 155 403
82 105 286
94 120 219
21 87 169
39 125 202
81 89 185
47 10 88
81 84 179
91 135 264
8 146 252
48 116 193
25 96 166
64 26 103
96 69 167
28 98 298
39 39 102
17 62 116
58 21 102
19 88 154
92 162 374
24 64 93
2 121 129
59 180 270
22 34 195
49 127 195
6 160 183
41 100 145
14 82 177
98 136 236
83 163 254
45 118 170
85 128 256
37 126 170
53 165 345
91 84 214
85 29 117
77 133 265
6 16 133
65 135 202
72 1 101
89 63 159
95 158 301
60 143 211
90 142 241
83 174 265
5 36 89
52 138 334
20 171 382
45 3 60
67 106 222
68 30 105
5 130 159
42 170 228
57 108 175
69 191 278
61 149 258
5 40 203
96 199 325
72 164 275
28 120 152
100 112 396
2 20 115
60 6 76
46 195 308
76 9 92
13 106 143
89 72 169
77 38 123
78 166 427
16 55 86
42 23 86
8 31 171
8 181 217
17 49 66
37 72 110
24 38 176
32 83 115
73 39 118
26 135 275
26 191 222
74 94 214
95 102 210
40 33 82
44 195 244
70 179 255
57 61 141
44 96 143
92 178 316
4 81 99
37 156 321
100 66 174
100 66 178
67 73 285
48 9 220
30 79 136
91 4 98
85 56 144
99 120 221
84 25 278
51 44 96
25 24 50
88 52 145
26 26 71
36 155 199
84 167 276
68 145 267
47 105 152
23 143 170
58 136 201
97 189 288
30 100 153
28 138 216
53 101 163
10 172 266
97 113 225
57 89 152
66 149 230
54 16 200
14 178 234
96 56 266
56 152 218
41 156 214
100 159 393
81 45 217
78 200 297
13 86 247
29 64 110
92 181 464
66 110 192
1 127 162
38 110 255
57 144 210
71 78 253
53 119 192
60 22 154
60 16 254
44 168 410
96 85 355
62 80 145
47 190 251
60 27 95
47 188 374
3 37 50
8 116 154
89 143 273
6 200 272
46 4 238
83 26 115
67 131 222
11 27 77
58 172 389
90 109 234
2 127 168
91 1 123
16 172 198
2 11 204
84 41 126
37 49 94
21 104 131
25 52 112
12 12 25
28 147 220
84 171 265
95 135 273
80 12 94
25 168 195
9 112 307
26 52 105
57 194 253
97 69 211
94 53 190
7 139 194
98 2 105
67 115 333
64 189 443
37 154 309
82 80 172
54 199 262
70 74 145
31 38 77
79 151 428
64 82 245
9 61 110
5 181 190
91 183 291
98 23 224
24 20 63
59 13 101
51 79 154
12 193 361
53 122 250
10 32 219
100 119 225
40 49 265
91 8 107
11 70 161
10 85 97
91 44 144
98 114 221
36 89 258
85 107 209
7 102 113
51 195 256
33 185 227
47 51 100
31 153 201
100 40 164
64 92 157
62 167 248
97 147 264
30 59 94
89 58 155
94 136 277
97 38 152
51 193 438
9 52 67
21 72 293
36 3 44
69 67 182
85 119 245
92 70 205
38 116 158
54 135 196
62 184 253
86 152 241
89 152 250
46 160 246
5 195 291
14 122 143
54 152 239
75 85 309
68 116 349
85 89 247
99 77 204
6 101 113
66 47 237
99 194 304
88 126 242
66 30 98
10 104 120
32 101 148
79 189 268
26 79 118
67 83 159
97 134 265
20 101 164
82 20 130
3 34 42
35 43 78
12 172 327
31 180 226
4 39 48
53 124 301
47 27 253
40 160 369
42 11 89
69 16 237
41 52 100
64 140 254
6 155 182
7 68 126
82 116 200
69 54 202
68 127 227
9 118 203
61 103 285
58 66 195
1 140 146
69 64 172
83 156 340
8 64 160
31 10 47
65 193 279
28 33 102
28 157 207
19 21 221
24 61 91
28 193 251
94 37 147
72 111 321
77 198 284
1 124 171
82 25 121
8 143 153
69 46 117
54 88 187
34 193 344
86 58 179
59 79 158
100 149 252
65 136 208
9 21 40
51 24 75
94 141 269
61 80 170
61 33 135
54 108 171
50 148 207
96 183 298
39 66 216
50 188 265
50 78 131
7 158 299
46 144 226
71 49 127
42 182 258
19 95 257
55 42 98
51 115 218
73 127 206
89 41 174
100 157 392
16 24 83
100 118 258
66 23 107
64 84 148
76 88 167
16 30 54
64 36 116
78 167 284
21 22 53
75 59 276
96 57 175
61 16 83
3 44 52
76 55 312
41 110 179
44 33 99
72 53 130
53 4 243
57 104 188
25 24 97
83 179 268
82 40 140
28 119 193
17 165 188
79 152 234
11 177 227
67 163 230
12 156 227
84 99 225
81 126 250
47 104 259
59 79 286
21 200 222
84 17 282
75 154 231
78 49 129
43 97 165
88 78 215
79 14 96
87 60 197
44 195 243
78 129 217
79 46 186
15 186 363
33 29 101
11 50 66
30 137 179
37 116 342
45 46 129
61 106 176
11 34 50
55 157 215
10 11 27
12 193 215
12 74 154
68 26 144
21 39 105
39 95 143
55 148 398
86 53 210
82 25 132
31 162 237
62 125 193
62 18 89
35 174 212
78 40 122
2 60 90
47 65 252
44 168 257
95 135 244
72 129 208
65 56 163
34 57 133
15 155 183
43 26 97
12 157 248
6 88 96
40 132 182
36 198 381
66 116 217
69 170 386
98 170 304
93 48 142
45 159 214
10 180 195
38 115 195
19 18 42
64 193 258
18 28 46
29 141 192
33 141 220
56 66 154
22 99 130
26 48 84
52 185 398
65 129 198
66 40 122
18 20 43
20 127 151
97 120 248
27 73 147
69 26 271
98 140 239
27 107 149
82 65 151
28 10 42
68 36 105
70 66 186
29 160 304
59 88 188
89 157 256
78 74 156
54 193 259
54 176 230
22 191 252
10 169 204
15 17 74
97 59 240
69 79 153
77 120 229
13 180 208
78 0 127
41 158 209
65 200 270
15 161 321
19 173 366
32 55 134
11 126 141
43 134 204
22 152 270
13 94 134
13 133 228
82 107 189
4 167 180
47 12 172
39 85 139
40 13 63
71 34 155
70 82 153
30 46 78
67 11 109
38 143 326
83 161 244
47 150 206
53 144 202
7 72 185
28 176 212
3 152 176
74 98 179
54 200 446
81 174 260
86 69 305
57 13 262
10 51 68
67 196 309
53 0 109
35 153 191
98 28 161
37 59 273
26 20 53
99 121 254
32 73 115
22 132 156
6 96 151
1 2 3
54 148 246
80 69 166
61 96 165
1 54 63
93 135 421
11 28 43
91 168 267
51 168 225
41 74 115
91 119 217
5 158 179
33 68 139
1 100 107
45 113 199
19 102 130
52 61 114
12 152 207
6 22 120
86 94 326
60 61 204
64 82 156
72 1 75
42 99 160
63 137 232
73 10 92
93 18 119
93 116 241
42 119 169
27 67 143
67 165 238
19 194 218
44 78 155
13 34 48
25 10 40
6 181 195
71 77 162
7 115 123
42 151 243
81 133 228
30 15 126
88 40 134
94 88 202
95 4 108
91 42 137
61 80 150
26 18 83
8 35 88
12 33 92
41 196 249
41 168 243
40 88 133
14 75 102
86 109 321
10 142 156
4 149 155
39 162 230
94 79 176
1 77 79
83 45 131
21 196 258
29 183 287
14 78 132
13 95 147
58 11 262
83 92 182
15 95 115
21 144 202
90 43 156
60 147 361
25 198 223
15 62 77
7 33 178
84 75 179
21 112 136
70 78 176
24 198 299
53 139 222
60 162 298
92 23 192
98 168 270
69 146 232
84 3 93
71 149 253
3 161 305
39 167 206
40 180 226
28 175 240
77 101 201
26 84 148
1 195 391
98 177 280
2 41 92
95 69 173
44 80 304
73 70 150
20 83 205
16 99 236
16 18 83
52 76 131
59 21 84
21 33 102
38 112 211
48 183 418
27 189 222
93 10 241
6 41 110
49 45 97
43 48 142
81 40 168
67 97 208
31 22 55
81 181 267
79 16 101
97 96 385
21 101 157
91 192 409
10 60 74
20 50 82
90 122 234
18 103 128
81 27 139
70 105 218
30 39 117
47 45 133
42 107 211
42 28 164
10 192 238
65 49 158
6 110 141
76 30 268
77 160 280
24 34 166
58 99 240
88 36 128
25 187 219
15 51 140
34 20 60
32 166 207
100 127 261
82 87 173
29 73 292
26 132 158
42 49 93
12 10 198
84 78 162
51 199 283
75 178 283
66 153 220
81 173 301
63 44 140
10 27 45
56 158 219
81 126 217
10 77 92
18 116 155
40 171 248
13 144 204
33 12 142
98 124 263
8 170 180
59 159 220
74 60 214
29 131 200
65 123 195
69 74 191
92 45 217
69 171 354
85 79 172
42 189 271
15 43 173
77 153 241
41 39 199
4 21 34
43 9 93
75 126 243
34 42 84
60 83 210
31 94 263
46 19 213
24 23 60
23 150 176
22 76 100
35 162 207
40 146 190
31 178 215
63 78 154
50 176 298
3 176 179
49 181 235
5 65 89
68 127 227
73 10 129
48 97 163
65 101 236
57 27 88
83 194 460
39 125 164
29 50 209
20 74 133
73 26 104
48 182 239
48 161 282
55 135 192
15 71 158
29 14 65
25 145 201
35 62 113
62 65 136
47 64 261
45 98 334
59 14 78
34 171 326
82 142 224
11 165 204
11 67 92
92 16 116
17 122 183
64 47 119
22 26 89
33 174 222
45 123 168
93 129 296
82 186 274
45 30 275
83 123 216
5 95 133
93 153 247
24 121 284
8 88 99
77 33 158
56 145 236
18 167 230
12 150 168
40 60 105
28 141 170
82 183 284
81 57 215
65 67 159
90 101 195
86 102 188
14 193 377
81 28 139
85 122 268
13 189 245
31 176 207
68 185 258
46 187 233
81 100 189
96 65 178
12 148 209
60 167 254
85 196 290
71 37 189
72 113 188
72 178 268
38 97 300
65 120 185
64 19 275
51 47 100
41 189 280
77 188 266
1 26 194
47 137 205
95 151 294
30 2 37
76 188 293
26 19 51
7 129 162
37 162 205
94 130 300
8 9 55
47 147 331
78 84 355
88 61 225
65 4 75
89 30 160
15 63 97
30 97 163
35 25 68
86 158 247
95 152 261
20 127 155
77 88 215
14 128 186
73 20 94
24 172 233
93 8 143
93 42 175
92 113 380
48 193 307
76 200 408
47 102 243
81 165 445
61 18 216
87 47 144
41 154 204
60 156 216
39 176 239
2 124 129
4 91 99
40 102 155
94 35 136
86 194 280
28 200 416
94 8 150
87 92 327
79 92 195
28 45 75
10 20 132
17 73 94
40 131 270
62 41 103
78 34 112
33 147 199
2 147 170
78 128 208
29 8 44
70 193 275
18 111 267
34 26 220
61 44 112
41 2 57
88 30 126
58 182 262
53 15 88
36 145 194
81 11 130
39 10 51
31 136 190
31 82 122
49 194 290
39 135 207
24 126 153
77 120 207
96 22 278
70 14 90
38 134 176
62 28 234
67 153 305
80 126 212
37 28 107
3 153 198
5 183 205
5 163 175
77 38 296
77 40 125
3 70 76
89 139 353
9 3 16
24 40 105
37 68 136
27 6 106
5 74 127
14 114 214
23 149 219
50 39 96
81 90 180
44 154 198
92 44 164
95 195 296
61 5 112
55 35 197
84 70 201
9 68 78
54 52 280
26 32 87
4 4 21
38 37 121
62 139 245
31 108 189
42 69 224
75 48 124
23 98 316
81 61 178
32 18 123
46 179 230
9 23 34
32 191 231
80 22 109
40 52 94
6 13 25
100 26 128
73 33 151
76 165 253
2 30 34
84 86 178
50 35 138
81 50 213
73 118 198
70 98 265
8 142 181
22 82 137
41 184 258
62 33 127
11 138 341
47 170 369
25 24 105
95 139 380
13 185 237
53 57 118
26 90 121
21 157 188
4 7 93
76 16 171
88 66 306
88 116 205
23 142 165
97 171 270
66 95 187
9 86 113
79 160 328
98 135 237
40 9 57
76 150 322
80 53 137
20 107 233
86 99 187
5 35 62
13 90 118
4 89 128
22 196 219
39 103 147
94 11 117
21 157 187
35 134 212
13 105 121
32 64 98
2 101 146
64 58 137
76 184 266
63 177 250
97 13 138
54 5 66
41 154 247
99 71 177
