430
56 37 94
59 56 283
9 64 96
41 26 71
97 98 248
15 35 57
96 49 165
78 119 205
50 173 259
84 121 222
97 90 192
70 52 273
33 100 172
96 168 310
7 36 50
33 200 373
83 154 257
71 36 245
92 183 284
32 180 366
77 149 228
65 156 226
98 152 260
14 182 370
42 29 247
85 47 146
40 3 127
15 163 215
51 79 137
23 138 208
52 110 163
59 94 159
95 71 191
30 18 51
54 9 68
63 147 340
2 128 139
90 183 280
92 185 287
60 120 185
27 65 101
22 21 62
14 123 173
24 141 298
43 101 174
56 124 261
13 199 235
51 5 59
93 65 176
95 62 190
9 139 215
22 52 75
91 163 259
33 40 143
86 177 290
20 59 133
3 30 39
86 11 101
85 177 295
100 39 147
61 72 138
23 85 114
73 13 91
64 157 414
14 149 173
3 100 166
47 94 168
85 120 237
92 162 316
75 33 113
53 23 86
19 12 37
11 130 145
38 60 245
44 152 262
92 168 320
16 101 284
81 61 302
76 199 384
99 147 256
24 169 204
10 46 132
28 23 55
83 101 276
66 75 196
42 104 157
35 40 78
21 191 218
25 40 238
50 142 202
71 148 388
95 195 443
42 150 251
8 4 14
97 49 284
22 118 185
24 126 162
24 27 122
62 162 423
64 12 96
43 89 146
34 108 188
62 189 353
35 7 242
9 166 185
52 176 233
37 187 396
9 190 241
99 58 167
42 163 223
39 0 118
80 170 252
12 195 207
49 34 268
32 18 66
7 28 40
6 148 157
24 81 108
21 82 113
5 198 212
47 161 211
11 191 362
51 12 76
13 54 81
45 158 280
11 67 88
5 30 74
10 30 43
27 57 89
98 160 274
99 47 155
88 169 261
84 50 137
81 93 177
66 199 266
32 127 160
5 27 39
77 32 295
100 14 114
58 87 216
14 121 153
88 52 166
65 7 238
68 95 167
53 190 257
94 46 243
80 79 323
2 48 207
86 41 134
70 111 297
32 156 204
68 20 98
96 22 126
68 177 251
50 150 207
43 149 195
63 198 273
75 186 267
1 69 70
94 49 164
79 53 139
70 13 124
62 112 177
93 195 375
86 150 268
68 62 138
33 112 148
27 131 175
85 10 220
87 139 227
64 30 142
52 101 310
80 65 269
23 86 236
49 155 324
79 33 118
15 100 220
88 75 170
37 98 141
57 77 143
14 172 253
54 182 236
100 78 216
73 159 292
2 9 20
9 138 223
49 185 237
1 50 171
76 68 265
44 51 97
66 20 118
44 57 141
41 75 168
49 52 119
67 119 186
39 138 185
13 176 239
7 161 170
36 112 149
30 24 60
38 108 178
91 116 207
68 157 404
60 121 185
19 97 120
17 20 155
70 8 81
27 196 229
24 83 128
30 53 84
3 184 229
82 74 164
95 101 206
98 18 251
57 63 120
25 171 205
15 115 173
85 170 270
79 196 311
87 31 274
2 52 249
25 169 301
24 182 210
77 167 290
40 37 219
82 9 101
91 38 171
45 168 215
94 85 189
22 104 131
49 135 284
29 147 192
44 91 138
50 115 201
98 13 142
44 102 151
65 198 340
47 101 149
49 110 165
30 153 192
88 97 186
33 183 222
69 104 272
86 139 234
53 15 78
97 79 181
65 142 207
50 188 263
39 32 71
79 3 82
66 7 74
39 53 174
29 161 193
26 192 408
36 96 159
21 35 56
30 163 193
27 164 191
37 95 133
14 185 247
94 54 162
8 1 16
34 136 212
71 125 332
60 85 155
56 133 209
60 160 227
79 107 225
31 29 62
60 28 97
95 40 310
23 147 286
93 60 170
1 73 220
59 190 438
57 198 271
78 137 215
21 108 175
8 178 197
26 109 161
67 50 132
48 86 254
47 98 264
78 77 202
50 135 192
73 102 213
38 169 332
66 46 131
76 168 248
81 194 283
78 19 130
76 48 240
94 64 189
22 168 215
36 182 260
67 63 144
24 69 158
97 135 307
13 167 315
71 153 232
79 124 227
24 129 154
87 96 186
65 105 170
5 139 170
39 97 205
36 188 228
34 25 139
4 153 166
71 137 211
23 168 296
44 171 216
32 98 220
29 50 177
99 91 209
97 55 152
83 30 118
80 112 219
4 152 178
49 119 254
83 113 318
31 95 133
26 18 47
71 16 90
81 48 157
80 19 118
94 107 240
29 180 214
6 90 110
5 35 44
59 74 143
11 54 69
97 93 351
60 56 165
65 129 291
77 69 216
69 161 326
99 181 452
93 151 247
41 51 121
17 113 132
27 38 74
49 30 199
77 28 113
67 41 199
26 194 224
9 102 116
67 6 247
81 150 269
1 115 125
51 13 109
84 151 237
62 97 201
17 49 164
23 118 142
47 183 235
42 9 56
36 108 149
71 104 179
72 47 140
3 150 170
75 47 139
31 32 191
3 36 178
99 120 379
33 183 373
79 65 154
56 123 183
64 144 215
92 134 296
39 127 180
68 147 223
48 108 273
16 96 134
42 142 226
99 7 154
95 142 258
90 78 201
10 167 373
65 74 167
4 77 110
79 8 89
76 64 142
70 71 200
19 124 145
4 192 263
97 20 125
43 87 173
44 106 154
10 105 216
30 87 154
96 70 170
88 131 225
34 94 290
2 149 167
52 95 158
11 174 192
19 123 157
13 80 93
2 104 135
69 131 209
47 32 87
16 167 185
43 21 67
40 152 195
74 89 293
47 73 135
17 49 68
2 149 168
77 200 471
48 130 180
89 153 242
42 148 193
68 120 281
96 41 191
98 38 148
89 70 164
63 190 273
19 182 238
91 44 175
52 17 259
20 131 171
39 23 107
71 151 400
42 50 93
91 159 311
43 158 385
55 167 240
26 135 170
93 199 325
