460
82 114 204
94 178 277
32 88 130
27 103 319
83 72 163
34 54 93
65 20 87
47 118 270
61 157 218
72 173 251
51 128 215
99 198 298
91 35 141
60 135 196
40 148 198
18 19 55
1 114 115
8 159 185
67 66 162
2 129 262
55 154 252
94 106 204
50 77 137
24 195 247
18 54 93
83 165 254
89 61 155
36 145 338
8 80 256
37 181 232
71 20 116
22 44 218
45 2 89
21 107 174
31 48 98
53 117 177
25 161 190
21 36 101
49 40 97
32 40 77
70 41 118
39 121 292
38 29 67
32 43 97
60 179 242
34 192 252
39 187 250
74 192 267
40 132 192
17 143 160
28 56 108
65 169 254
85 38 123
26 87 136
92 99 201
99 145 253
45 57 173
21 124 148
67 6 114
95 107 209
15 191 211
97 92 298
13 122 136
58 155 215
35 36 256
29 179 213
3 155 164
1 81 107
86 109 203
81 73 189
34 148 274
100 185 299
92 121 394
13 128 141
55 103 161
39 12 250
64 46 115
32 188 257
7 117 186
19 134 159
21 71 121
58 100 302
20 79 99
74 38 135
56 18 193
80 90 228
80 41 143
67 180 280
67 195 267
27 176 208
27 58 138
98 150 361
8 182 217
74 105 183
47 130 355
48 164 221
20 21 48
68 9 83
27 136 200
75 169 301
81 179 267
57 154 248
54 89 316
24 192 217
11 176 316
60 135 324
17 13 54
51 184 280
26 179 254
84 154 332
63 125 188
42 68 126
67 175 253
23 126 313
91 163 372
90 98 276
72 179 403
91 179 400
46 174 228
4 152 156
99 120 220
73 15 93
99 185 379
78 23 104
39 63 152
56 116 228
10 75 131
90 118 216
67 137 208
28 86 280
71 56 145
67 49 123
70 8 98
90 19 111
15 89 132
65 115 180
81 77 188
23 76 119
29 10 208
66 197 307
64 160 343
22 93 127
20 129 170
52 34 98
72 191 269
65 118 183
99 178 304
81 128 302
76 129 211
28 173 206
21 198 341
3 34 184
7 148 316
80 144 349
36 64 134
77 7 94
20 154 244
77 177 271
88 8 131
9 69 81
69 151 266
16 37 56
71 20 106
35 138 175
48 32 114
57 82 277
17 125 256
61 187 373
18 61 89
40 106 169
39 3 47
53 0 58
34 84 168
53 94 154
49 61 113
66 97 164
64 63 129
14 142 157
60 3 71
84 0 214
55 110 209
57 62 174
75 150 261
35 66 213
8 185 198
19 37 241
56 73 156
36 126 175
28 26 121
76 171 424
55 182 255
51 146 361
31 173 322
54 40 102
10 49 160
67 162 250
19 152 203
78 53 141
36 81 134
91 157 257
98 3 102
32 91 300
12 65 78
81 145 280
79 143 352
68 113 187
81 0 217
46 24 79
61 133 280
98 51 274
50 4 80
80 60 169
95 160 264
13 71 254
80 142 232
64 83 160
66 168 238
12 189 206
83 40 219
12 140 162
72 73 145
32 37 73
13 167 184
85 21 131
93 158 260
83 193 281
69 70 193
76 93 307
15 67 85
99 139 268
54 62 124
64 107 214
70 131 230
90 0 90
80 174 254
57 21 84
18 118 150
14 199 220
91 200 491
57 13 71
44 32 86
22 152 187
80 174 257
44 50 143
27 100 128
59 200 263
8 89 157
72 183 274
1 168 218
33 147 186
39 136 183
16 7 70
53 94 164
2 62 74
95 155 256
76 157 235
18 128 148
35 42 84
28 132 305
94 119 266
80 42 163
4 79 87
6 81 101
33 175 215
55 90 147
99 167 455
69 126 218
51 152 207
2 113 116
71 130 237
13 66 163
57 198 284
95 8 111
46 100 170
62 20 110
72 123 295
16 128 186
71 194 272
25 132 161
57 14 215
99 30 286
23 147 174
52 85 178
68 197 417
11 141 183
41 92 138
71 127 208
78 154 360
78 173 259
74 107 184
99 65 204
29 155 197
84 7 98
62 131 193
71 52 195
49 3 52
46 180 348
30 11 50
40 18 63
41 116 161
26 112 242
55 79 171
91 107 223
68 151 219
14 135 197
54 173 235
77 130 237
89 160 253
29 77 112
73 119 202
8 106 255
66 105 174
95 46 337
42 141 201
89 20 111
10 165 185
19 50 74
26 147 180
86 80 166
14 124 180
73 192 349
7 188 393
75 153 233
8 93 139
83 10 265
84 6 96
59 52 215
74 196 406
46 101 148
73 0 185
62 173 235
1 126 263
64 110 220
51 116 171
70 92 164
24 138 162
24 112 300
38 57 103
86 85 182
37 59 106
28 105 136
66 100 167
68 144 312
8 130 187
75 129 212
78 166 246
93 191 361
79 156 405
58 100 163
32 95 176
90 63 290
1 75 92
65 192 355
13 197 260
43 198 258
17 121 167
1 56 117
19 158 233
2 26 72
50 79 130
98 156 263
16 59 84
66 9 121
67 127 262
89 5 107
45 63 290
89 178 308
40 81 246
84 162 280
53 177 251
37 98 171
48 124 361
99 162 270
54 186 249
95 87 187
16 157 235
89 177 456
86 93 181
59 52 119
20 160 209
68 117 295
81 103 270
55 109 167
91 132 236
78 161 423
2 108 114
66 3 232
85 64 345
88 120 211
58 67 130
87 194 402
29 110 139
32 68 211
27 26 57
49 1 54
96 63 165
84 114 267
54 3 207
78 106 189
13 22 132
19 83 110
49 89 275
85 100 191
72 66 142
1 100 106
87 198 305
31 97 128
24 171 202
22 31 167
41 73 120
62 136 205
38 58 102
19 35 68
71 188 265
12 149 198
100 102 205
34 122 330
44 125 201
16 120 152
80 91 226
97 185 284
11 21 35
16 40 140
70 124 194
26 90 126
23 33 130
39 170 216
38 10 99
11 19 30
52 78 200
99 30 153
89 19 131
80 145 363
80 169 257
39 135 175
66 39 110
17 174 391
50 146 206
82 169 259
96 55 200
11 199 381
10 41 75
100 113 220
99 57 173
75 182 257
89 117 223
3 19 47
82 86 174
16 47 64
39 97 211
1 68 92
49 10 93
31 94 153
100 158 308
62 95 162
21 23 94
4 83 95
58 118 191
9 12 22
13 69 130
