820
31 55 136
14 152 355
81 188 298
59 85 337
93 62 165
79 42 164
22 17 52
86 36 127
67 190 422
52 5 62
6 145 154
81 193 329
99 11 139
30 167 198
68 88 156
62 4 209
64 195 365
52 199 265
24 59 245
60 173 283
2 73 79
54 77 230
42 124 173
48 125 358
60 188 305
25 143 170
82 120 231
15 186 202
7 167 213
59 66 156
54 17 81
49 61 114
41 4 161
74 160 321
73 109 192
22 154 180
77 169 351
88 117 259
67 138 338
97 67 167
87 65 154
95 156 447
31 67 107
10 105 123
12 167 179
86 40 153
74 45 121
48 168 233
24 70 102
43 153 197
38 154 221
71 57 129
37 9 65
43 87 143
20 40 67
42 29 81
29 6 45
26 160 189
17 51 72
73 66 147
53 200 277
45 37 122
30 30 111
57 140 223
45 178 229
52 9 103
58 176 238
65 178 250
4 55 62
22 163 222
66 55 295
91 196 424
28 171 204
2 15 212
12 137 152
92 163 455
50 197 255
72 41 124
46 17 72
14 32 92
54 170 250
37 75 229
20 10 40
94 45 223
57 61 192
15 78 133
54 14 84
8 126 168
38 114 161
37 115 186
50 144 201
94 32 128
73 26 237
2 59 108
88 175 273
16 199 222
53 195 285
65 200 279
44 116 306
72 86 165
98 98 215
77 63 144
18 64 90
21 178 225
34 129 251
44 187 236
40 101 189
59 31 100
72 88 196
7 157 166
56 120 258
86 4 118
11 180 236
79 146 361
7 111 121
64 192 272
27 181 208
54 71 188
72 176 254
81 80 189
22 73 102
38 101 187
36 126 185
72 4 137
11 171 201
34 136 197
30 93 167
94 43 284
92 72 212
46 38 255
67 22 147
91 146 353
22 70 197
27 61 89
5 57 64
8 54 64
6 28 81
63 50 118
20 124 148
6 156 209
47 48 101
100 118 225
56 144 236
22 92 296
24 146 172
73 180 268
16 170 344
89 77 170
50 86 184
92 107 219
9 21 143
21 28 83
46 8 125
62 147 257
50 162 301
53 36 125
95 102 198
70 98 172
32 62 96
98 165 459
42 18 70
55 56 117
86 80 183
53 43 105
29 64 275
30 87 117
54 174 411
83 135 218
68 112 225
45 93 169
37 37 75
29 170 264
82 111 200
21 199 223
75 164 247
94 194 324
5 167 193
74 133 216
28 174 211
68 151 305
67 133 205
73 106 317
76 45 185
17 101 142
14 32 47
52 107 298
13 114 144
24 160 194
51 82 170
78 109 190
23 64 88
80 14 104
26 26 52
8 188 211
55 157 216
71 138 217
92 178 272
5 34 40
98 61 160
61 38 140
37 10 139
14 34 64
24 15 45
51 183 235
9 141 154
54 119 217
41 116 164
54 72 129
20 174 198
33 76 114
12 53 72
68 74 296
36 186 222
29 144 173
63 35 108
92 17 130
70 2 79
18 184 243
30 121 273
6 171 221
80 146 226
74 60 275
100 157 348
8 0 33
17 140 162
52 27 86
69 27 100
32 39 81
79 15 103
28 68 106
52 92 150
21 181 208
29 152 189
49 90 139
78 57 183
10 195 205
3 174 177
10 164 214
65 152 345
10 11 30
84 139 229
25 110 137
8 156 363
59 197 294
61 79 271
28 21 54
62 157 257
51 19 108
3 77 128
29 144 257
95 124 220
52 42 140
45 7 235
66 63 303
60 46 159
5 14 25
81 167 258
21 176 198
98 108 211
4 133 152
34 108 221
98 64 206
95 14 124
62 95 157
41 184 239
35 161 197
41 1 78
72 103 216
42 34 82
18 150 174
38 168 210
51 18 123
1 67 88
51 0 67
14 194 342
87 132 221
71 191 264
96 188 441
68 128 196
1 182 184
37 48 87
34 178 240
63 184 263
30 168 203
17 181 208
38 5 127
82 118 218
93 170 302
58 5 64
31 44 79
79 153 304
99 101 220
20 188 249
59 24 87
65 160 279
93 198 294
74 149 271
11 24 209
27 193 252
95 10 185
65 94 207
67 15 88
63 38 149
34 42 106
33 82 204
79 28 143
9 156 236
84 111 199
19 198 250
98 182 291
73 128 248
85 98 192
21 141 164
99 106 208
6 101 136
12 130 146
90 162 257
18 98 116
15 167 182
59 140 201
83 199 348
71 1 219
70 166 396
64 87 160
82 98 180
66 125 197
1 38 84
91 131 223
27 138 165
78 10 93
88 13 130
81 2 224
43 25 262
4 115 126
47 195 379
88 137 256
75 110 193
92 78 204
59 80 146
11 143 156
63 6 138
41 192 235
98 118 309
65 130 239
7 167 218
78 45 129
33 52 132
83 74 164
74 124 204
63 170 402
31 118 293
74 173 253
63 195 315
30 19 54
56 180 245
93 95 204
31 35 68
38 183 226
27 19 55
69 109 362
65 74 267
63 90 247
56 130 209
90 109 241
88 37 155
62 68 249
84 4 95
57 41 113
38 0 48
75 115 195
55 9 108
82 176 300
30 40 110
70 145 240
57 91 177
74 5 95
64 128 225
82 103 189
37 199 240
50 162 412
36 92 137
82 194 302
30 78 145
78 9 148
3 103 112
52 30 85
93 188 289
28 63 98
67 122 195
1 69 70
46 127 203
17 50 187
37 191 236
37 114 158
52 197 255
54 151 253
44 133 183
15 18 63
3 189 202
6 75 90
38 160 231
2 30 35
87 137 234
11 25 118
45 89 173
95 4 110
10 193 241
9 37 51
69 32 148
82 41 168
80 181 299
95 39 153
13 163 358
60 116 186
50 4 56
15 136 206
45 146 232
19 7 48
70 3 168
95 26 123
73 181 262
56 43 104
84 136 269
28 35 79
3 168 197
51 198 259
16 143 164
40 31 250
42 10 52
20 101 239
32 185 227
71 171 310
69 74 159
8 172 196
44 34 155
48 6 99
35 77 132
75 149 230
2 161 203
81 162 293
14 56 134
32 123 163
69 101 172
85 121 255
37 185 323
79 195 293
75 13 91
27 166 197
93 42 140
80 119 206
86 47 133
25 117 151
31 91 141
79 67 176
29 24 59
46 114 160
78 52 166
29 103 331
56 10 99
41 152 212
2 9 62
29 137 171
26 62 107
75 135 214
79 82 265
22 0 26
42 93 141
83 64 283
66 11 105
77 26 109
1 26 77
19 75 96
29 17 52
42 194 291
17 164 215
36 147 380
5 6 26
81 177 401
85 22 113
12 166 182
2 186 193
96 153 283
42 182 257
39 124 210
28 18 94
85 164 317
73 15 198
72 171 290
62 122 214
57 153 230
57 126 183
67 171 288
19 4 98
52 26 103
54 157 214
79 101 252
67 35 107
61 6 104
93 68 164
31 26 67
57 135 198
54 36 206
61 82 150
26 81 113
7 185 291
86 21 112
2 149 167
70 52 163
68 72 160
28 54 90
60 189 439
14 154 172
76 158 245
35 150 190
27 144 171
56 197 256
58 93 191
79 46 165
30 115 189
75 6 85
42 25 170
24 66 119
93 149 253
25 8 74
16 80 121
64 53 125
20 148 171
74 158 241
66 29 116
48 96 205
17 104 124
57 200 266
2 13 97
60 139 204
53 196 279
80 27 116
53 159 240
88 200 329
54 171 228
89 186 281
54 116 172
74 97 177
86 19 114
41 164 253
97 131 233
69 147 229
59 167 263
61 64 134
20 112 159
8 169 179
89 138 233
29 103 132
47 91 179
17 151 310
88 79 201
93 89 190
66 129 241
60 52 112
47 189 407
60 60 144
47 19 72
56 157 262
32 19 57
12 33 46
70 167 248
28 9 156
45 61 279
59 134 195
81 78 164
12 147 179
87 55 168
61 174 245
62 52 216
19 190 409
89 183 279
40 118 298
73 12 86
67 14 87
66 102 217
15 130 208
99 180 282
79 96 214
17 99 198
84 79 248
34 117 158
29 73 108
47 123 180
82 57 144
30 92 252
81 75 195
40 46 88
29 194 223
34 200 380
67 24 94
39 197 238
14 159 175
80 173 274
81 188 301
59 130 192
12 74 106
77 163 247
38 124 171
22 42 66
74 47 251
99 145 266
61 169 289
28 115 262
95 4 102
53 16 239
26 78 226
85 92 189
13 171 198
24 8 33
88 190 281
40 66 144
24 122 330
88 55 148
28 15 85
43 71 124
91 165 273
90 118 373
27 46 111
66 8 79
90 104 214
21 84 113
85 132 220
73 21 98
9 20 36
75 102 209
88 122 226
90 4 275
62 176 241
89 73 172
30 26 63
24 154 182
64 163 254
29 173 284
13 168 205
12 103 227
100 109 278
34 157 362
14 8 47
58 65 127
38 20 225
79 29 111
21 97 158
81 108 194
24 141 179
14 200 215
20 185 213
71 190 262
72 103 178
29 164 198
10 54 97
87 77 167
91 61 192
2 5 8
87 85 222
2 111 190
59 85 145
60 75 159
93 198 360
9 113 292
75 142 226
42 168 212
83 175 352
51 127 181
86 164 259
18 81 119
98 52 163
46 11 60
34 5 48
98 183 345
10 147 278
21 101 149
78 36 148
98 185 312
58 45 113
33 100 180
89 63 158
83 163 250
50 68 153
62 168 266
86 195 295
82 13 95
29 50 125
25 4 34
44 200 300
7 164 189
86 57 152
84 157 281
37 123 166
81 138 229
65 174 244
24 173 204
62 65 263
94 153 293
88 50 237
30 115 155
84 3 87
62 100 176
19 194 399
94 129 231
71 25 97
1 14 35
52 157 218
72 78 222
92 189 428
48 115 309
15 66 113
4 112 146
80 74 156
75 58 174
92 103 204
86 3 94
50 102 158
100 27 133
48 0 228
17 125 150
82 172 356
94 109 218
62 118 327
64 187 268
37 2 40
20 56 109
96 101 212
37 46 90
56 148 305
3 194 384
52 194 252
27 29 66
100 67 261
57 24 83
46 175 300
37 65 135
2 113 115
62 175 243
95 56 190
45 51 114
97 65 197
24 160 192
63 8 196
31 38 78
54 161 221
29 111 142
40 173 223
20 31 238
39 158 227
71 171 266
4 139 145
44 7 142
75 70 150
89 162 257
76 183 293
88 34 274
37 126 202
92 9 128
41 90 178
62 167 233
89 68 157
42 178 362
34 66 110
53 72 128
46 171 220
22 95 259
5 61 174
34 127 267
45 130 211
35 163 248
97 149 445
38 50 95
16 183 201
20 29 57
63 153 224
24 195 241
59 189 253
28 149 227
86 111 234
73 176 252
48 159 215
38 92 134
76 184 306
12 90 105
21 126 224
65 151 237
89 56 162
54 125 289
24 186 215
59 79 144
24 148 172
20 88 115
61 26 131
94 35 174
68 91 258
35 192 237
94 196 323
93 25 208
81 54 158
75 182 260
76 4 84
3 123 129
69 184 261
84 184 268
97 46 340
33 4 52
9 175 337
36 60 127
33 42 81
19 165 195
21 171 199
36 134 184
62 44 134
46 93 139
61 24 92
86 156 351
15 25 42
47 188 276
47 175 262
2 93 98
52 168 224
