820
75 67 181
2 10 191
20 189 215
23 174 368
40 148 198
75 140 225
55 166 230
71 29 110
21 45 144
22 115 179
3 43 53
90 193 307
3 114 131
59 73 142
24 110 145
18 156 186
84 141 231
17 192 250
95 77 177
55 72 175
80 102 189
12 135 148
33 159 193
97 102 262
27 141 176
97 140 243
44 106 150
2 46 58
44 170 217
38 33 142
38 67 105
85 65 276
34 164 205
51 52 103
34 134 169
54 52 217
23 109 159
77 25 107
40 163 215
1 119 128
83 30 133
69 97 361
95 61 158
87 162 381
92 55 192
28 103 163
57 97 328
33 100 134
59 134 201
82 42 213
95 138 236
9 165 179
82 161 266
45 169 285
18 96 119
73 40 136
96 184 412
4 16 69
50 47 107
45 95 308
30 106 142
79 0 234
51 106 166
32 133 200
44 181 369
66 193 309
11 188 236
87 119 327
29 26 99
69 37 118
63 165 245
64 125 213
51 122 176
69 125 202
88 111 208
96 124 228
87 153 273
30 7 38
99 102 237
79 99 186
30 54 206
24 172 212
10 99 114
7 52 154
51 120 187
20 169 190
34 123 158
54 144 324
26 41 95
26 185 273
30 170 240
87 86 267
21 5 28
42 54 125
1 129 134
55 20 189
75 115 196
14 164 208
23 176 203
31 30 71
39 151 191
100 101 377
20 200 398
82 146 376
65 17 171
45 86 134
92 103 202
73 188 327
59 67 135
38 62 137
44 74 159
63 109 181
58 107 170
30 59 99
72 55 134
99 117 261
54 189 272
8 37 223
17 142 282
68 174 251
87 129 221
73 69 152
79 185 270
73 43 133
6 56 64
4 28 52
27 15 111
78 193 298
51 23 80
31 77 138
7 74 93
35 188 224
16 18 55
100 154 443
85 38 260
18 1 51
53 187 330
18 117 138
58 90 157
46 20 67
4 99 151
48 194 245
58 17 96
83 33 270
78 150 229
70 15 87
59 47 187
20 72 120
70 28 255
77 51 164
70 145 252
96 135 233
33 97 173
22 15 60
21 156 303
46 156 332
25 167 213
63 23 87
62 78 340
5 6 14
12 101 122
76 149 225
51 110 205
4 192 309
39 50 135
86 82 187
89 82 312
47 186 260
20 32 88
11 197 217
52 24 84
43 54 103
6 54 65
63 189 252
25 156 311
40 95 138
49 42 93
1 73 81
83 119 343
69 131 231
5 135 146
71 188 299
36 125 295
38 48 110
46 14 101
50 158 215
99 1 243
33 66 106
100 184 286
5 77 82
55 1 216
94 187 281
94 14 155
69 6 165
44 142 191
21 171 196
59 182 286
16 5 110
72 48 163
82 183 309
2 176 301
100 148 248
39 177 350
12 153 305
9 128 138
15 44 66
36 8 52
54 191 277
60 113 176
31 154 194
6 57 72
54 49 200
67 139 216
44 47 99
99 151 366
9 183 283
7 155 285
58 54 198
41 104 340
36 184 221
38 21 66
8 165 206
73 156 298
24 25 60
24 122 306
2 151 160
93 181 288
20 100 233
23 161 193
38 148 189
9 147 158
11 110 126
59 69 134
54 184 240
15 20 70
68 143 258
13 160 354
12 127 270
57 25 83
60 146 240
6 167 174
93 134 233
100 51 154
41 56 105
55 59 290
61 19 212
86 40 143
86 61 334
49 179 231
68 18 93
38 148 364
88 17 140
63 126 222
40 52 105
64 194 259
68 195 282
65 170 236
53 140 197
89 130 242
83 34 145
30 45 85
24 112 144
56 161 219
33 103 188
16 24 62
86 195 330
15 5 143
11 133 145
25 93 257
85 132 255
5 189 204
100 35 231
70 176 249
54 122 186
50 72 210
81 90 179
58 194 269
4 70 77
80 180 300
13 28 60
31 20 115
88 73 344
28 92 144
64 95 167
64 67 178
38 56 114
17 59 125
99 185 340
71 183 445
23 48 113
23 116 157
84 21 148
83 106 262
91 60 151
44 195 273
2 37 49
87 122 209
95 186 456
41 116 357
76 79 232
57 193 253
46 33 88
18 120 155
71 135 208
26 152 292
11 130 171
62 126 195
49 193 261
28 17 55
11 194 336
2 80 89
9 198 218
72 79 286
38 105 154
46 12 225
93 187 289
6 95 210
96 115 240
21 14 76
3 70 156
58 159 218
88 126 232
73 171 287
42 189 268
2 3 204
45 36 256
99 158 392
75 43 125
65 150 244
91 53 153
30 190 400
18 121 172
48 45 100
78 94 181
18 57 125
76 148 232
86 0 96
30 16 77
67 17 87
5 7 59
63 60 126
50 199 249
35 128 163
3 192 217
69 27 105
16 67 121
1 136 147
41 176 220
61 180 427
58 187 261
49 185 246
71 68 165
70 8 83
88 22 120
52 7 69
62 24 211
15 82 131
6 114 205
73 155 398
32 94 221
50 72 168
6 162 177
29 42 196
32 10 71
66 86 161
82 195 425
32 54 96
73 47 151
35 144 182
19 24 47
1 19 25
27 33 70
79 140 220
22 161 321
76 16 181
81 46 134
55 113 210
99 91 218
58 41 214
12 127 215
54 43 105
17 144 167
95 101 212
33 55 98
25 53 162
25 163 189
43 10 144
21 168 236
4 62 174
59 53 126
29 137 168
43 108 180
98 33 294
58 70 266
76 29 142
70 46 312
19 15 210
11 159 226
31 91 128
55 141 211
96 49 166
34 122 267
38 36 78
20 157 247
3 50 93
54 11 194
58 31 93
43 199 419
6 26 34
90 143 235
19 103 128
84 68 201
18 128 153
59 59 122
57 120 184
99 27 193
52 120 364
6 73 144
76 34 134
66 101 347
60 137 199
42 85 131
43 187 399
86 100 191
49 186 241
57 46 106
4 115 152
40 38 117
96 94 205
67 176 283
8 177 204
23 114 164
22 26 56
58 49 113
6 60 98
12 133 174
87 111 386
76 63 197
68 189 407
90 50 141
44 191 336
73 92 175
88 15 107
18 167 229
79 89 187
87 135 340
72 170 262
32 127 164
95 46 179
99 102 383
23 77 102
46 157 207
92 128 234
22 95 120
33 169 204
35 167 259
76 21 106
98 155 311
44 48 147
68 91 165
17 10 36
35 116 338
49 93 173
7 183 262
59 47 106
76 158 240
94 86 198
63 109 195
14 13 127
65 47 190
4 39 52
35 161 390
87 86 175
15 149 164
31 126 167
9 45 92
54 166 234
32 55 87
4 53 59
82 186 309
60 0 65
21 75 102
75 192 267
57 65 130
13 63 194
77 67 249
65 47 113
9 13 67
79 103 281
71 83 164
56 26 91
70 130 204
66 98 301
83 9 98
9 134 157
17 141 168
10 49 132
17 29 76
80 167 269
95 162 450
10 183 219
56 126 193
14 111 159
78 46 270
98 197 356
51 173 224
76 147 232
4 74 247
8 101 238
63 192 287
67 47 203
61 106 204
22 26 55
5 16 30
23 77 151
14 138 159
20 49 104
84 72 162
44 2 147
39 82 128
5 54 68
20 121 251
86 174 312
53 103 196
57 32 96
75 35 113
45 183 276
74 14 94
81 1 88
14 14 164
73 163 257
39 70 209
33 177 214
27 49 95
92 5 107
22 156 212
50 164 286
61 127 357
28 166 195
29 163 199
29 14 59
54 57 115
41 19 76
35 134 176
55 164 340
35 105 149
11 160 181
5 6 13
61 108 169
68 130 204
20 177 200
2 54 101
50 24 123
100 80 201
6 0 13
53 102 163
92 182 307
12 194 231
51 50 137
43 195 247
31 64 140
77 114 231
58 136 236
97 33 139
62 115 248
27 94 124
10 68 80
19 71 99
59 37 190
46 147 198
16 71 97
18 126 145
19 22 44
35 169 238
99 144 250
10 106 117
29 151 184
58 76 184
59 191 251
52 12 89
94 99 285
79 159 299
74 57 152
29 24 57
82 33 162
5 6 19
61 129 369
55 48 192
5 83 132
55 167 235
25 87 188
69 142 394
67 87 268
22 80 142
88 143 251
92 103 296
26 115 147
18 166 231
95 134 232
22 37 103
56 184 429
75 195 315
31 118 149
97 35 133
65 166 313
95 163 261
83 107 220
20 100 300
8 109 151
19 32 56
67 102 216
98 89 304
32 56 93
36 154 197
57 189 254
56 4 183
56 171 239
77 168 321
23 5 41
39 178 220
35 10 48
58 50 118
4 84 99
79 0 174
38 167 326
7 155 199
62 190 262
32 144 177
14 20 229
23 30 58
95 74 176
77 9 134
38 38 248
5 192 237
54 74 201
70 79 175
58 61 126
41 7 114
98 73 194
47 117 167
91 38 134
86 68 329
71 43 138
60 104 189
73 113 190
92 133 233
40 61 110
54 53 110
61 150 255
29 111 145
61 54 126
65 101 168
21 85 276
17 110 184
47 29 84
56 164 258
36 166 203
9 2 12
80 17 100
17 81 150
58 179 277
53 98 159
50 126 177
51 192 425
24 8 38
68 149 235
2 150 198
55 6 63
96 6 124
1 90 94
41 61 102
39 156 203
85 128 224
88 198 302
85 52 204
40 65 164
81 109 238
99 95 218
19 29 76
85 105 355
48 63 284
80 181 271
92 82 178
37 172 215
55 171 380
63 85 148
90 17 153
14 198 217
1 85 97
86 0 106
5 32 42
62 65 127
96 188 296
66 118 207
95 56 154
87 148 236
98 111 213
47 112 167
43 129 177
19 140 351
67 72 174
42 109 152
16 153 252
51 192 244
92 84 292
69 149 225
82 42 129
69 175 357
48 72 316
34 53 125
38 183 359
61 129 196
96 77 174
56 196 301
99 10 163
79 177 432
15 128 171
35 60 122
28 59 96
66 24 117
77 105 230
97 96 310
14 100 120
9 136 339
3 126 200
25 33 79
11 43 54
44 124 283
86 78 204
10 20 157
92 33 142
2 117 124
37 53 168
18 182 205
99 82 226
36 164 217
37 34 73
65 68 171
25 95 124
89 170 448
87 103 240
42 133 217
37 89 126
76 192 315
96 84 211
79 8 88
93 109 228
26 131 160
70 68 200
70 91 201
24 45 99
75 15 278
91 40 213
52 94 150
39 123 168
73 78 161
95 122 228
71 170 368
24 170 203
91 54 146
97 81 376
64 157 370
74 42 171
8 157 192
4 75 79
22 132 156
49 67 123
15 79 133
48 154 226
43 62 114
26 6 32
79 41 190
50 164 224
76 78 162
52 152 371
89 72 171
83 94 189
31 180 214
36 11 113
56 146 329
37 26 114
25 89 301
80 148 228
68 63 135
24 39 108
94 18 125
54 5 96
48 196 293
15 37 202
95 92 206
100 42 150
43 194 329
50 182 239
67 65 140
84 74 351
60 178 285
8 98 154
11 200 354
98 135 249
53 193 388
57 11 115
6 154 208
41 106 148
51 135 195
1 53 64
38 71 186
96 198 326
18 43 184
41 168 223
58 50 165
90 135 229
24 104 138
69 83 155
65 21 90
42 123 346
48 164 248
71 125 237
1 10 95
7 75 92
4 24 70
