500
45 37 88
96 90 193
25 189 221
45 53 104
87 146 241
76 159 238
53 134 218
96 2 99
36 196 270
45 97 142
32 15 74
23 27 56
95 113 209
67 78 200
57 25 253
69 148 225
96 153 313
99 183 300
23 76 179
15 173 191
81 51 161
72 181 347
72 68 154
29 37 92
22 97 159
54 21 85
47 180 233
58 123 190
88 109 199
15 175 196
11 20 63
74 125 227
97 198 299
1 103 114
73 178 273
83 8 203
20 193 220
49 196 275
2 128 144
39 161 230
83 67 155
61 171 250
37 2 135
93 22 123
96 183 291
5 56 74
6 61 76
50 168 240
65 42 239
48 129 190
99 102 383
91 98 194
32 187 371
9 154 192
42 112 340
96 185 281
14 1 18
89 80 170
83 110 271
57 71 268
49 109 161
20 175 212
46 124 207
55 116 174
65 120 190
30 145 179
6 167 211
80 189 279
1 16 18
26 180 260
26 177 230
97 192 302
50 1 82
58 70 183
27 63 94
36 13 58
10 195 354
60 185 349
79 53 151
68 81 184
95 134 229
31 113 149
38 178 216
96 26 155
45 102 149
80 102 219
90 13 103
73 115 362
63 191 258
44 38 83
1 67 216
58 50 217
57 116 173
98 98 198
61 155 220
68 160 236
89 11 103
99 107 206
4 168 179
14 144 190
58 139 290
41 109 162
25 33 85
97 30 156
25 74 104
56 9 66
84 12 234
66 72 206
64 155 228
77 120 197
38 62 158
30 127 206
62 89 174
4 158 163
68 30 128
71 126 214
30 139 188
35 164 208
2 77 83
23 100 125
26 80 114
13 196 214
60 133 238
2 121 158
24 133 181
58 122 325
45 169 300
100 79 263
2 28 38
94 168 385
68 98 168
6 79 114
50 189 248
64 148 230
48 187 283
54 177 252
28 41 76
33 152 193
63 116 183
21 92 119
27 14 121
8 106 307
81 119 337
92 160 253
27 36 71
23 25 48
14 38 56
97 0 158
24 136 164
99 38 140
86 131 220
96 136 234
58 78 211
91 126 219
8 110 187
27 143 178
59 36 98
75 54 138
8 149 273
10 74 88
21 197 350
69 41 135
28 197 327
82 177 301
39 14 64
55 113 317
95 6 105
20 81 129
74 8 84
73 115 192
1 189 191
24 28 82
89 37 230
65 111 185
61 2 70
20 144 165
59 173 266
70 130 203
19 128 329
9 18 36
39 124 185
95 43 188
90 24 114
88 181 277
26 91 128
79 27 118
19 137 160
6 109 161
78 40 119
39 127 334
47 93 156
16 97 201
19 122 147
36 91 130
73 109 190
65 165 240
23 26 62
86 198 287
83 194 291
50 193 252
55 1 91
37 159 208
39 156 204
90 71 203
79 22 120
40 19 233
19 70 98
67 149 274
71 200 271
25 49 110
80 13 107
19 173 312
71 163 322
25 21 70
96 62 231
85 96 188
44 176 256
10 84 181
33 146 265
41 144 350
79 37 290
1 138 148
61 195 263
9 19 69
67 12 109
3 163 306
23 74 239
35 82 168
50 183 243
63 81 176
8 187 211
32 1 43
69 103 180
41 79 129
77 166 253
67 20 87
70 58 134
48 179 262
75 19 266
80 177 266
13 96 129
66 157 227
19 29 174
65 111 212
56 72 186
36 104 144
78 74 314
91 180 319
73 139 221
66 83 316
96 169 347
29 161 207
25 106 139
79 140 227
87 26 202
76 108 291
31 8 162
96 163 404
88 126 216
21 198 284
49 76 134
88 66 158
20 2 139
9 182 204
92 181 291
19 115 185
43 157 205
23 34 58
24 23 73
74 9 123
21 102 199
57 194 266
75 80 165
15 34 54
17 50 74
91 153 254
22 80 176
24 199 252
57 62 128
71 186 307
50 58 113
35 148 254
57 80 171
59 179 244
42 84 127
3 55 98
3 134 162
67 124 211
17 134 160
49 155 232
49 93 147
98 96 242
45 57 110
10 81 109
39 188 242
8 3 16
84 76 169
33 134 175
35 93 137
37 199 274
74 78 345
83 14 106
34 192 267
92 130 225
50 88 147
29 192 306
59 97 309
60 61 233
60 146 209
88 57 196
12 11 30
5 109 124
74 127 298
40 26 71
97 56 196
1 125 135
92 129 224
12 189 234
86 79 238
78 45 165
34 125 187
28 110 183
35 182 391
69 30 135
61 174 276
24 49 81
81 180 295
41 131 223
83 43 127
91 64 163
55 88 326
57 81 141
65 73 148
88 143 235
34 95 135
71 182 421
63 146 222
79 115 204
13 161 198
24 193 253
14 104 122
65 110 354
86 19 131
29 98 136
98 161 342
61 72 235
29 16 53
87 27 162
40 105 193
70 78 159
62 84 176
8 146 249
71 112 377
13 28 56
60 192 447
16 45 107
72 53 128
33 118 153
16 149 182
61 194 275
100 163 281
88 122 215
72 185 276
35 200 272
91 88 179
27 155 190
18 90 120
30 163 236
35 21 66
57 131 215
32 93 130
40 181 231
26 44 109
61 46 122
25 84 172
21 158 191
28 150 206
57 96 164
95 71 168
36 51 238
64 3 179
48 82 139
88 138 270
15 110 133
74 17 93
40 85 238
44 107 158
11 8 24
72 95 176
78 147 234
19 189 218
6 54 103
81 42 214
14 104 127
83 190 276
8 195 203
33 196 232
62 170 236
42 16 62
18 149 177
83 95 231
83 49 136
85 175 292
14 63 78
88 18 111
65 183 249
99 183 289
66 103 204
50 123 192
57 56 115
31 93 154
21 165 186
8 79 210
55 21 82
20 0 31
20 91 136
29 74 121
58 15 77
82 86 188
80 25 113
56 44 129
45 130 178
86 64 192
73 194 328
71 165 238
78 150 236
78 27 122
100 194 344
55 69 191
77 27 141
81 107 235
55 166 222
5 172 187
86 3 131
83 28 214
41 171 260
74 148 264
49 100 161
20 147 174
80 141 246
57 92 152
81 86 174
55 190 247
59 1 61
72 113 193
64 127 258
19 90 110
32 113 154
17 98 124
67 174 246
70 175 331
73 15 124
38 195 239
30 47 84
17 99 133
12 151 284
65 54 124
46 149 316
7 41 50
58 86 235
41 167 226
47 189 253
65 52 122
46 138 230
82 131 288
49 103 161
4 139 341
41 134 180
21 86 122
68 152 222
100 61 183
15 91 109
1 57 78
6 134 145
51 125 261
18 126 153
86 131 378
31 85 120
93 12 142
93 56 156
62 88 297
96 44 239
99 31 140
94 86 187
26 133 200
68 70 156
100 65 198
78 93 241
74 162 281
36 55 277
82 67 349
62 35 254
21 126 187
94 94 191
1 97 211
31 147 218
17 67 85
92 152 294
25 116 167
62 89 155
