50
72 0 238
77 165 279
93 42 166
57 51 137
57 136 233
17 29 73
33 96 146
92 83 201
46 0 194
76 74 170
80 45 244
79 86 198
31 56 275
90 125 242
42 58 100
79 194 273
6 2 15
79 127 243
31 194 233
62 184 250
24 182 395
67 133 200
71 186 257
18 99 130
3 125 134
29 7 70
99 166 273
8 25 150
45 46 99
86 108 206
21 121 204
33 181 308
82 166 257
69 5 124
58 154 217
26 4 43
12 155 331
56 19 79
63 128 216
32 105 145
50 170 250
86 30 152
83 200 287
91 110 204
85 181 266
90 148 286
84 160 252
87 191 407
70 27 107
19 22 96
