800
51 121 184
33 37 77
10 75 86
86 139 262
57 169 243
71 10 85
35 164 207
77 108 323
41 99 144
43 102 154
74 194 275
86 161 273
15 43 64
13 184 207
18 148 202
91 119 213
25 63 244
15 113 240
37 102 139
43 86 130
49 31 98
42 101 149
8 184 278
100 105 210
56 29 131
49 112 166
67 186 279
65 78 146
74 2 78
13 134 165
1 77 218
8 79 128
20 121 144
87 114 211
40 186 273
50 20 101
56 62 279
91 151 242
85 170 436
81 46 133
64 181 247
45 154 207
100 183 289
84 130 339
28 19 75
14 78 142
42 62 263
18 9 31
50 129 188
17 126 236
28 57 98
47 11 66
38 182 224
20 32 59
64 125 210
34 157 191
40 55 213
85 138 228
23 132 192
65 179 257
53 153 257
97 132 268
10 183 209
4 131 244
12 157 224
60 55 136
94 159 259
6 14 26
24 10 69
59 51 119
42 95 146
24 158 191
26 138 187
54 9 216
9 135 147
75 170 245
18 25 49
7 195 350
63 164 287
90 76 186
23 72 135
92 109 209
90 88 223
39 185 327
71 12 111
99 189 411
34 126 164
53 139 259
81 137 246
37 131 324
33 96 173
46 167 227
54 170 322
74 74 178
45 138 222
39 110 180
44 31 221
3 125 171
4 139 182
38 41 121
28 109 183
90 28 207
88 146 379
8 55 260
42 51 133
47 184 366
4 111 278
99 172 307
96 50 148
57 157 256
21 101 127
11 81 104
28 19 47
38 89 141
47 155 223
83 120 208
8 160 230
94 135 235
39 93 140
40 118 341
53 73 251
65 181 247
43 79 290
86 66 234
21 62 129
81 112 276
89 118 214
73 124 208
6 142 194
39 91 130
18 97 183
83 196 287
5 51 108
50 25 79
38 75 121
97 149 332
9 28 74
4 168 182
6 41 86
66 50 158
5 171 266
2 58 62
78 200 283
49 170 226
38 191 233
13 47 96
35 104 146
28 34 64
38 43 86
10 162 229
73 181 255
44 27 117
90 136 233
48 72 277
94 1 241
65 169 244
4 168 176
54 52 116
72 31 213
98 111 217
94 198 339
9 112 122
22 51 77
2 64 103
48 75 147
20 84 150
58 165 233
87 159 379
68 145 395
86 0 117
86 187 282
80 171 339
25 178 241
72 187 262
100 79 185
60 140 200
35 145 219
97 0 231
2 37 80
56 115 179
36 105 163
20 175 204
16 111 128
31 71 188
42 71 143
65 13 181
65 57 163
57 115 178
6 170 211
62 68 138
51 1 100
9 7 124
46 85 133
2 71 117
10 60 85
7 61 84
82 158 247
78 95 338
62 36 145
13 178 193
29 45 74
3 47 116
3 189 195
57 50 114
57 128 186
3 121 171
20 55 76
57 33 109
45 0 53
70 94 185
69 138 259
7 50 61
50 61 140
21 154 212
90 184 274
19 96 154
22 168 190
20 76 99
67 31 188
73 189 300
26 81 146
95 168 340
52 174 241
38 40 84
64 149 243
85 163 258
64 19 96
90 58 149
87 14 110
59 171 409
41 114 160
43 195 240
15 76 92
24 35 66
17 98 250
99 10 133
22 30 60
75 63 257
83 97 300
28 155 188
87 184 279
16 136 201
71 141 382
35 26 86
68 19 97
99 87 299
19 91 118
64 118 303
77 194 376
55 90 270
30 149 189
73 159 232
40 40 274
53 121 213
86 27 306
62 165 260
40 122 165
8 63 253
34 50 112
54 22 125
13 119 137
58 31 96
100 190 412
67 170 242
16 190 233
44 26 211
53 187 249
87 92 185
55 185 262
55 176 252
91 98 346
61 89 167
84 43 326
53 66 125
23 123 146
56 167 224
76 121 240
37 9 147
20 181 214
11 156 183
3 177 184
69 49 143
90 75 232
89 72 198
2 31 81
94 18 119
4 119 228
54 116 176
77 53 309
8 189 204
78 155 235
68 93 171
97 139 342
73 75 154
30 107 286
71 14 87
52 26 106
39 11 77
54 69 154
39 32 95
28 151 186
1 100 104
100 81 186
19 117 143
68 172 271
25 74 137
93 39 141
16 163 313
66 112 340
99 89 328
19 83 103
47 61 109
60 163 227
20 6 121
61 185 280
46 191 268
64 101 197
55 190 434
53 6 69
23 137 236
5 174 347
79 139 260
76 75 181
89 89 188
52 42 104
49 126 220
25 76 234
17 149 169
5 194 208
88 191 288
23 84 109
24 59 130
69 80 150
56 177 234
72 199 402
76 171 278
7 0 62
72 27 105
18 133 198
48 190 364
60 75 211
22 194 289
54 26 114
70 104 176
18 159 179
4 97 106
10 77 254
4 13 61
7 74 113
93 163 282
23 107 198
4 15 152
10 74 103
81 66 151
99 178 468
11 182 196
39 17 63
78 172 253
32 49 85
19 127 155
39 95 136
99 108 216
3 70 73
36 29 96
29 40 72
40 113 162
47 104 230
85 6 112
78 80 179
15 14 157
14 163 338
26 151 187
50 121 237
95 37 148
82 59 150
51 96 152
55 198 289
37 125 193
69 167 254
75 64 141
10 5 83
19 91 132
53 120 242
15 190 223
98 31 161
3 72 236
78 95 176
66 153 275
19 59 255
12 5 25
53 125 181
99 199 305
48 147 205
64 63 170
89 133 226
49 190 245
67 142 209
69 161 262
74 20 100
61 38 196
6 59 70
11 38 59
94 65 162
25 65 90
31 126 192
62 183 260
60 101 171
58 36 108
13 58 72
57 114 172
75 196 276
89 170 331
13 128 161
47 77 127
36 200 237
4 151 207
79 6 92
37 89 126
70 60 148
12 179 309
2 114 125
82 70 158
87 155 427
76 100 198
92 104 197
63 29 129
42 197 240
69 175 257
5 100 109
27 26 59
32 112 150
74 0 109
22 0 33
7 105 118
22 10 39
18 6 30
33 149 183
20 106 148
83 119 236
11 145 165
74 27 101
33 87 124
22 125 173
42 78 121
94 129 229
86 65 285
59 74 173
18 86 181
58 6 81
61 149 267
45 150 197
16 127 143
76 63 308
84 178 269
84 198 290
15 129 154
90 114 213
15 142 177
82 76 179
3 0 31
23 17 152
27 66 137
47 124 303
3 60 81
9 144 155
79 97 190
20 44 64
28 134 163
21 19 135
14 174 189
27 6 52
70 153 231
98 38 161
26 11 43
33 152 189
35 157 201
93 146 272
7 94 125
11 165 286
28 94 168
91 12 291
9 158 169
57 161 377
97 92 310
65 169 236
68 53 131
74 102 290
77 22 142
75 119 199
38 139 187
40 102 163
4 145 303
77 77 160
74 157 248
36 55 92
14 70 130
34 191 231
77 92 169
71 152 230
83 28 160
30 26 65
76 113 290
44 82 277
7 175 182
37 43 83
20 32 73
33 132 189
56 188 388
77 116 201
31 92 150
99 79 182
33 46 113
75 73 150
89 71 343
6 56 64
8 185 228
47 163 212
7 12 50
93 167 394
57 126 185
84 150 391
97 97 199
62 19 98
61 74 140
64 131 374
25 66 207
21 96 227
30 151 182
91 194 439
98 15 125
92 187 287
43 28 77
71 161 264
67 149 239
74 101 184
57 126 193
61 113 218
71 48 134
79 161 328
27 149 178
13 96 113
90 188 334
94 48 284
76 72 151
92 118 212
55 101 161
53 175 281
63 91 156
80 67 188
73 21 98
81 39 120
73 157 249
100 20 165
85 160 249
76 136 222
59 58 121
1 176 296
43 123 169
15 119 232
61 68 173
48 13 67
14 109 228
14 82 101
23 11 36
84 14 100
36 70 154
70 65 203
68 78 158
69 194 266
90 122 247
23 98 150
62 159 221
30 154 211
64 101 349
88 7 104
16 122 158
27 3 43
75 46 150
28 57 114
60 108 168
26 41 140
16 31 92
33 40 92
42 5 79
91 92 201
35 77 248
50 161 343
95 95 357
36 5 56
38 170 231
62 52 161
59 26 90
28 166 351
30 127 182
88 51 221
6 25 79
30 164 286
1 129 136
25 102 143
56 56 163
68 17 275
82 18 101
64 131 203
64 179 258
9 81 134
12 186 362
14 118 162
53 168 250
46 9 99
82 82 212
43 116 167
96 45 271
87 149 273
16 165 220
87 96 193
73 118 241
4 196 203
39 98 143
73 157 257
90 94 203
20 172 250
92 161 262
69 10 80
66 75 147
5 146 155
1 180 183
6 109 115
49 71 305
49 176 234
30 38 199
52 135 380
54 155 252
32 176 218
9 77 90
38 160 206
69 178 297
76 101 186
95 184 323
27 84 127
34 95 138
16 37 61
91 63 285
15 14 51
8 134 146
34 24 113
17 110 293
64 18 268
5 133 151
53 49 111
57 60 129
20 145 189
96 199 297
67 113 184
15 72 250
38 79 118
46 135 182
65 177 249
99 165 271
14 41 60
60 13 76
73 181 450
53 86 259
1 110 114
64 13 90
26 158 305
64 78 147
30 95 217
82 189 412
15 111 142
20 146 167
79 134 228
99 116 219
3 171 339
77 66 150
74 121 202
17 138 204
96 90 188
77 190 272
22 187 230
41 196 285
58 46 110
20 151 214
47 148 207
59 199 298
1 27 30
42 81 229
81 158 257
88 62 153
59 101 160
46 127 178
22 37 216
6 51 80
75 75 333
69 190 259
52 14 92
46 136 348
10 55 104
32 185 222
41 61 108
58 196 263
6 27 33
29 172 213
77 35 296
48 32 83
32 63 133
57 60 126
11 45 77
42 179 222
61 116 189
29 190 221
8 150 192
80 29 153
66 134 210
50 82 186
28 42 81
54 97 187
89 153 441
70 184 301
7 189 223
66 144 214
92 158 289
41 31 100
51 169 256
59 112 177
1 147 151
62 0 103
29 103 138
90 175 265
63 100 170
15 115 137
35 194 231
27 143 178
99 151 339
63 40 242
16 134 222
30 146 192
70 125 367
9 67 111
37 140 203
87 33 128
49 166 339
37 4 60
3 98 105
81 115 196
52 194 255
55 84 146
18 193 221
44 24 111
31 64 97
27 6 226
93 78 197
99 1 128
79 13 233
70 44 115
90 183 310
5 189 196
79 196 323
84 73 158
27 109 245
5 12 51
80 52 189
93 149 249
1 159 170
26 135 162
47 66 120
51 11 92
66 111 187
86 15 133
95 17 279
58 94 162
98 15 125
47 43 222
72 15 121
66 107 308
22 136 164
15 64 83
33 48 88
95 190 285
14 84 108
86 57 184
27 36 72
75 3 88
77 153 242
82 59 142
79 126 223
20 171 308
32 126 283
28 178 215
16 162 221
29 193 224
38 151 199
89 72 188
71 64 139
30 140 370
82 132 217
55 171 380
36 34 103
26 68 108
27 133 161
37 188 308
