180
38 84 293
51 118 194
66 126 256
57 65 147
20 86 155
22 41 72
23 75 289
14 145 166
43 107 173
89 123 236
67 100 231
35 140 175
22 78 101
16 171 229
3 34 38
26 155 204
51 33 125
4 28 41
85 144 230
25 125 343
3 12 48
72 26 110
34 22 62
9 116 249
19 155 320
65 178 250
70 117 296
3 33 42
32 133 205
72 34 175
80 120 201
48 85 247
4 43 53
86 179 397
92 89 207
2 38 41
61 126 335
85 102 195
32 37 70
21 181 222
10 24 37
50 39 97
69 48 124
28 119 148
10 153 165
93 110 278
96 170 270
42 61 109
49 157 238
26 59 219
28 154 188
25 90 155
98 129 231
51 112 220
73 163 237
70 184 259
13 193 215
39 143 189
31 189 228
25 196 225
6 115 127
4 68 78
8 106 156
22 148 174
94 128 266
58 57 137
8 20 107
47 42 96
81 133 214
5 138 185
55 194 255
19 10 49
41 131 289
100 23 132
45 176 268
76 15 175
77 7 231
30 176 206
8 64 114
10 168 319
95 39 326
11 108 124
21 194 220
51 90 146
49 155 250
65 46 121
35 189 231
46 46 114
34 178 244
53 52 105
30 172 332
2 2 150
17 190 215
35 159 198
96 59 175
33 42 145
34 157 201
46 8 99
79 153 232
45 190 235
34 83 142
100 189 458
45 145 234
2 46 54
67 83 182
95 44 144
64 4 262
37 149 196
72 3 122
1 41 231
19 113 152
22 24 67
82 51 311
85 36 201
62 113 175
74 136 303
99 81 183
91 19 197
18 169 218
43 15 65
98 171 381
36 84 206
89 134 246
3 152 158
69 86 167
35 1 45
45 53 147
36 147 219
95 10 146
90 123 214
87 116 276
4 80 138
81 68 153
34 121 159
57 189 252
21 171 352
47 112 209
69 20 91
100 162 270
97 49 148
59 23 195
70 107 319
80 21 141
59 135 201
62 194 257
71 75 181
23 58 124
94 59 158
45 176 228
45 122 312
8 185 327
40 72 162
61 66 128
26 62 206
100 55 156
93 24 119
80 49 131
87 67 162
97 70 210
41 58 142
58 28 108
85 143 238
79 179 300
5 155 161
66 165 305
2 152 229
65 21 89
86 146 301
43 148 194
87 155 242
72 24 231
59 26 107
29 36 101
78 7 218
84 46 172
36 62 100
19 169 197
21 196 227
75 125 245
77 21 125
