620
36 125 201
6 21 41
47 5 56
74 129 229
34 131 173
51 106 184
77 88 187
62 67 129
100 11 120
19 14 117
50 161 242
39 188 269
58 135 328
33 33 195
18 188 213
15 52 136
79 68 147
24 37 199
35 32 75
1 156 183
62 98 164
18 4 24
2 10 46
44 110 155
53 97 195
88 19 117
88 15 112
40 120 180
55 174 371
76 131 207
31 99 178
77 133 213
66 4 128
46 159 403
84 131 281
79 66 147
75 187 360
58 106 194
23 105 208
35 139 176
86 132 220
32 170 389
89 112 367
89 124 249
26 57 113
5 181 347
92 198 291
32 94 131
44 102 179
51 131 235
57 24 199
48 46 102
76 99 194
54 163 226
79 47 137
77 119 232
76 94 177
78 74 162
25 41 75
14 97 154
18 111 231
14 30 53
67 26 101
10 171 227
51 141 196
76 12 98
95 85 187
62 2 73
3 89 275
64 82 216
87 187 282
53 65 141
17 58 83
67 60 136
42 195 269
32 9 99
73 52 142
29 48 107
92 31 128
4 42 69
19 162 182
44 69 118
92 75 203
23 71 189
29 29 256
55 190 250
35 146 185
96 135 375
23 161 202
92 108 206
14 106 122
87 9 96
84 197 288
58 73 264
59 84 153
41 19 95
76 39 123
4 45 205
94 26 127
16 155 190
7 52 190
32 93 253
50 10 141
75 76 153
15 167 191
62 19 142
20 130 187
68 138 241
95 30 153
90 163 260
68 96 190
56 167 348
86 41 135
62 93 160
2 186 194
58 66 126
75 132 212
46 21 189
74 78 152
25 156 208
61 95 162
12 47 61
85 127 231
5 90 104
15 90 106
75 105 182
59 199 343
49 179 270
62 76 321
41 38 132
86 49 145
75 35 119
89 196 331
14 153 234
84 139 250
54 134 188
4 117 267
14 78 229
12 138 159
86 104 287
50 111 167
35 143 222
95 161 305
54 7 72
5 189 373
26 55 189
99 69 172
97 44 174
43 95 138
14 95 183
15 87 108
92 138 239
51 107 158
15 24 103
67 23 107
92 113 273
1 174 181
40 150 215
71 180 405
32 187 239
94 102 344
87 81 177
35 174 238
19 186 214
83 187 277
41 184 229
63 67 143
36 55 176
64 173 240
10 174 215
35 197 237
69 188 276
42 48 262
47 87 135
65 106 171
68 65 328
90 119 209
79 119 200
68 35 140
95 190 303
97 146 387
21 66 91
45 159 244
66 122 238
30 129 160
68 149 362
12 88 140
28 70 127
28 139 177
3 197 204
8 1 34
30 186 308
26 183 216
23 173 367
75 117 200
67 198 273
22 116 141
96 139 271
49 171 230
98 19 123
25 96 293
36 106 157
93 180 302
7 5 23
21 0 49
84 189 322
24 44 190
98 44 186
34 61 97
86 185 420
30 15 84
50 191 271
24 75 100
28 189 219
47 33 103
100 143 307
25 41 162
46 94 238
69 34 219
40 150 199
99 13 280
94 178 286
64 70 137
99 160 300
47 47 119
74 182 264
24 170 203
69 102 178
49 183 242
82 17 148
73 101 232
78 168 357
23 105 131
53 21 263
10 146 234
29 161 325
98 19 293
80 108 192
42 65 111
78 151 233
30 58 95
1 42 46
58 184 242
15 44 65
37 185 268
10 58 109
31 12 47
18 172 237
85 151 239
83 98 187
92 146 244
28 61 137
31 41 106
32 88 120
8 43 160
100 5 305
92 115 208
73 113 196
33 87 154
3 66 79
20 39 199
63 171 239
82 65 232
21 137 167
73 6 154
25 30 60
50 118 340
53 185 406
19 190 357
87 107 228
74 149 257
48 178 262
93 134 262
84 103 187
48 118 174
52 143 223
62 179 243
39 126 261
8 190 244
68 42 112
24 31 94
99 124 262
39 62 101
83 58 183
30 133 271
46 27 95
8 199 353
85 188 287
15 150 336
94 194 295
100 152 315
35 44 79
96 65 171
91 180 346
40 20 99
98 103 290
82 33 269
29 174 210
78 70 154
60 42 105
42 111 162
95 65 161
83 34 132
81 68 156
52 158 255
63 62 291
61 12 73
19 73 118
97 42 147
3 55 186
73 135 286
88 145 249
39 0 222
43 52 97
73 60 143
1 111 136
52 157 219
7 38 65
82 42 201
17 66 131
52 131 189
18 78 96
93 161 258
88 83 176
98 6 135
70 130 202
46 123 176
60 23 90
8 56 148
60 139 293
92 30 144
9 84 249
60 86 153
33 173 209
30 177 223
19 147 182
62 76 140
5 71 118
62 173 244
22 71 130
91 81 335
34 2 68
100 103 246
19 161 261
76 118 198
54 15 86
100 14 235
81 23 108
55 64 304
22 173 237
71 54 236
54 177 241
85 17 109
57 198 433
82 164 306
62 89 278
4 139 182
19 98 139
37 82 219
82 59 158
13 49 76
21 55 225
38 11 123
42 82 128
78 52 139
6 151 183
33 40 78
93 80 181
24 112 239
26 165 274
74 49 126
5 24 68
96 91 379
25 64 89
66 68 138
30 138 329
46 164 284
5 10 39
40 179 263
55 188 244
51 12 72
59 58 296
99 25 131
37 182 223
8 12 68
63 141 244
93 132 228
54 92 148
65 49 149
69 172 254
98 159 264
47 129 178
79 186 267
83 144 317
36 30 82
91 112 340
17 164 185
84 70 196
45 9 64
31 166 205
69 43 192
91 52 160
6 12 38
71 140 221
11 9 23
57 45 143
31 156 310
66 19 92
66 146 214
44 19 249
21 156 187
84 117 321
85 86 254
7 104 117
85 168 257
90 115 209
2 105 114
55 94 152
23 180 245
90 177 296
14 49 86
43 111 179
71 22 102
3 153 156
24 119 153
74 177 253
48 154 208
95 145 289
99 171 289
27 73 136
46 48 110
34 29 87
67 140 217
25 101 184
34 75 185
42 4 85
17 125 147
26 127 160
99 55 305
51 121 177
61 142 216
49 93 151
38 99 233
89 137 226
87 62 154
46 87 143
68 142 314
17 181 321
51 160 254
93 93 217
29 90 125
71 131 204
94 14 125
98 92 196
69 144 221
54 113 168
22 56 254
88 120 209
69 5 92
9 107 117
25 78 109
79 103 210
41 126 177
45 122 355
27 62 116
27 53 96
2 107 134
44 156 210
20 172 227
41 5 73
84 12 104
54 167 232
77 191 314
53 154 238
14 89 104
100 5 260
49 8 94
59 197 401
36 31 89
98 195 328
73 150 253
67 160 232
26 66 121
60 111 213
61 91 269
86 119 344
99 17 308
89 40 237
57 19 82
54 81 143
26 188 235
25 150 289
82 184 274
100 177 371
5 18 29
2 113 116
23 195 279
63 118 189
36 100 310
64 193 302
8 145 162
12 91 112
51 15 75
5 124 130
35 163 201
70 12 153
2 95 197
22 200 226
83 92 332
93 139 273
49 164 237
31 161 356
90 119 251
40 190 230
63 154 317
18 117 141
2 182 199
5 143 160
89 171 261
89 54 160
2 49 53
21 161 190
76 175 254
59 175 275
18 4 67
82 70 202
9 33 44
85 28 114
49 110 177
66 27 110
91 152 261
59 155 217
26 20 85
48 118 175
71 133 214
65 197 265
83 75 252
34 75 117
13 32 60
72 47 120
84 5 258
32 198 314
89 109 246
78 137 224
37 34 120
5 11 26
13 144 167
22 50 85
98 64 169
64 128 205
64 118 210
96 50 190
5 77 91
69 110 179
17 166 243
86 128 256
58 47 109
100 166 269
4 97 107
100 169 271
12 49 71
53 34 136
82 88 172
49 54 133
29 39 102
57 21 96
46 60 266
97 137 265
46 87 318
65 34 103
51 146 200
20 115 181
36 67 171
82 195 299
51 100 157
55 54 155
95 149 277
88 130 239
26 169 205
84 114 206
83 96 284
91 135 271
57 32 94
40 152 324
93 158 269
14 130 147
66 196 347
87 103 269
42 87 154
44 71 125
88 35 183
41 61 106
44 27 74
18 112 153
82 66 149
65 84 174
78 154 367
72 43 120
85 139 224
1 56 119
22 57 87
78 170 249
71 62 160
63 195 260
14 165 311
1 40 43
88 129 257
54 176 387
38 188 230
31 180 274
83 32 287
17 23 75
87 68 156
95 68 295
38 191 257
94 64 175
53 65 122
45 165 218
100 77 185
88 153 275
