250
94 140 243
18 37 59
96 84 340
79 167 296
20 88 141
79 51 159
63 84 217
49 136 194
93 150 246
1 139 145
83 50 213
19 169 196
74 127 222
21 129 298
26 178 209
86 146 242
88 28 125
7 114 215
14 38 57
86 47 318
79 56 136
89 184 359
47 92 176
48 76 125
47 73 239
86 190 290
87 153 247
26 179 316
87 103 225
20 130 156
82 124 212
18 21 39
68 33 121
95 107 210
33 188 227
44 126 176
40 32 76
68 149 221
77 148 235
12 137 198
29 117 149
39 9 86
96 2 237
39 94 200
93 65 192
18 16 73
99 54 156
50 111 260
27 28 66
80 164 283
86 176 264
17 41 91
24 192 229
11 36 49
67 108 183
67 148 242
52 91 146
27 189 283
31 199 267
83 5 104
29 135 171
53 104 194
96 48 243
56 143 325
93 88 215
94 148 244
17 195 219
30 47 124
55 196 269
57 20 176
11 109 120
26 152 273
59 157 266
20 190 210
28 68 97
64 176 244
41 59 249
59 197 266
11 24 38
5 188 203
26 194 319
25 177 244
34 77 121
97 200 337
36 107 183
73 72 147
93 23 132
62 151 241
65 27 201
78 170 266
96 31 307
67 92 165
17 171 199
67 119 344
3 89 101
51 34 241
37 41 101
25 173 314
80 12 133
85 135 224
91 109 205
40 138 184
24 110 196
12 45 102
82 109 233
95 91 189
97 67 211
15 163 179
85 25 155
86 150 275
98 66 167
89 98 271
21 182 212
64 166 263
81 147 231
75 88 317
18 54 149
45 145 195
47 4 52
38 80 131
20 86 129
75 134 213
31 173 368
64 114 254
6 112 157
51 158 389
8 6 212
24 135 164
5 154 160
61 53 148
47 194 273
60 81 147
45 75 175
30 184 221
89 52 180
86 165 331
76 30 277
27 23 51
41 49 94
86 76 306
31 111 179
61 63 213
35 55 179
94 178 281
69 189 308
69 73 145
5 164 173
50 72 123
35 134 186
27 79 106
88 182 330
29 30 117
90 151 248
89 128 242
43 186 237
49 169 278
93 164 259
14 166 221
93 20 116
6 5 45
85 196 282
82 90 204
12 186 276
31 55 90
74 191 275
75 182 267
8 1 17
6 22 59
51 197 263
63 158 393
38 51 205
56 122 184
49 139 192
38 97 154
63 71 136
32 89 144
69 107 213
45 49 97
89 59 167
62 166 236
40 93 136
14 42 82
68 23 97
68 169 246
22 147 177
87 1 118
86 72 169
39 140 319
34 106 150
50 193 264
29 24 56
33 3 41
60 168 239
93 70 331
100 25 126
29 78 119
2 133 166
96 14 279
10 8 65
69 141 210
12 124 175
84 7 97
25 151 186
100 48 192
8 100 253
33 66 128
56 7 63
65 144 214
2 187 230
55 107 169
43 138 184
7 30 39
23 154 182
21 43 97
58 91 193
24 196 228
11 174 194
26 28 150
70 145 409
13 78 93
8 177 249
1 130 167
93 7 105
9 166 198
44 97 292
21 121 195
43 118 353
59 69 151
63 157 412
90 16 116
29 132 193
63 11 82
34 107 169
23 187 334
32 41 77
24 192 221
62 116 300
17 159 181
10 103 144
74 84 352
30 41 72
100 30 170
31 177 222
4 0 28
6 153 234
88 170 268
92 189 325
96 135 246
72 119 383
80 33 150
