630
43 111 238
12 161 208
72 158 239
85 74 159
13 161 311
38 110 178
64 62 218
42 41 274
53 163 237
18 185 242
69 185 269
36 142 204
24 100 132
86 68 157
5 143 230
67 6 100
76 184 289
14 92 106
33 115 296
82 133 222
26 93 247
80 10 107
26 138 210
46 46 239
9 34 43
4 27 62
49 67 121
5 65 75
28 0 29
53 156 249
75 106 203
83 13 119
2 75 100
42 10 61
62 174 422
100 94 209
97 32 262
46 97 154
36 21 198
9 50 67
99 111 217
14 187 207
21 32 121
61 13 76
47 112 242
27 109 142
36 36 81
15 174 328
11 145 163
75 34 109
54 113 226
82 122 236
63 174 237
18 180 329
34 156 343
6 29 62
3 81 85
28 110 146
5 53 81
46 63 109
68 131 254
95 52 170
24 48 73
37 147 219
13 77 99
82 135 217
17 191 208
40 40 90
40 199 239
8 27 40
9 109 131
57 4 95
96 76 215
13 117 133
23 160 185
77 175 259
56 65 122
99 167 268
60 138 360
34 7 64
37 10 57
46 115 163
38 141 185
65 48 230
1 49 249
28 116 261
95 46 293
72 11 128
94 197 298
46 160 208
43 156 214
8 69 161
67 22 123
21 192 216
90 187 420
35 61 120
71 152 232
60 128 188
95 136 276
10 132 290
62 81 147
54 90 150
92 6 175
4 200 321
76 93 175
14 172 229
88 81 178
25 196 293
7 23 68
41 22 90
99 114 223
9 178 187
62 142 206
37 41 122
4 9 13
82 140 271
76 56 163
29 193 381
92 188 282
41 186 234
48 89 166
89 85 177
2 120 180
47 100 153
33 26 65
96 51 147
79 153 242
58 189 291
65 199 269
79 45 136
15 184 325
20 163 192
20 31 149
35 47 104
28 188 223
7 155 202
12 177 261
78 104 186
91 54 146
45 49 156
86 126 407
96 56 197
27 184 248
70 105 202
78 94 177
97 83 182
77 74 196
80 54 160
89 55 147
69 10 154
25 167 284
100 190 296
94 82 225
80 99 183
51 176 313
77 188 292
91 95 227
27 135 209
30 200 237
91 145 262
47 140 199
46 109 216
62 46 117
64 26 137
35 2 42
75 74 161
46 34 85
30 16 49
35 22 67
19 195 228
10 54 67
98 145 250
12 55 94
57 155 214
22 7 108
25 40 183
57 35 129
73 179 263
38 86 314
55 135 199
38 133 227
81 11 117
9 40 55
90 17 139
15 199 259
46 8 74
5 118 131
71 98 177
81 1 89
74 193 406
3 56 67
35 108 145
63 25 89
16 140 304
100 120 223
90 171 408
30 123 161
91 141 242
32 5 42
81 106 315
88 110 239
14 191 227
67 43 291
53 164 246
25 152 196
100 198 469
45 1 56
57 35 149
16 123 183
41 24 155
48 191 286
31 0 37
54 62 124
37 172 218
13 75 89
50 93 272
47 151 245
60 133 211
10 113 128
76 78 185
67 158 305
45 165 258
37 126 298
78 15 124
36 114 336
63 106 174
65 33 145
46 72 290
34 87 309
33 120 271
41 20 147
4 172 281
13 143 180
55 166 224
44 44 137
89 168 267
19 49 161
19 156 211
24 36 104
75 141 225
53 95 178
30 35 110
13 176 199
96 176 277
20 5 209
82 42 300
22 165 191
17 138 162
39 42 105
38 60 117
65 59 125
75 148 252
96 111 208
45 149 274
55 95 158
22 136 189
8 197 219
75 23 106
26 23 82
88 49 181
40 190 239
7 174 222
61 132 195
55 3 102
65 93 206
68 108 182
79 169 269
62 115 199
82 92 180
60 38 101
34 78 155
85 189 275
93 57 304
24 183 226
86 81 273
92 44 141
5 53 209
93 194 288
93 173 337
72 20 93
70 182 375
33 157 193
63 96 163
13 171 301
95 100 202
3 6 16
26 176 296
79 181 304
37 111 157
44 13 83
34 17 224
37 67 111
79 39 126
64 179 286
41 102 200
93 49 142
14 197 245
40 129 173
34 115 152
50 42 95
81 131 216
42 75 120
78 102 187
86 125 212
64 67 164
53 102 341
41 174 248
22 142 164
18 85 130
80 68 158
22 199 228
6 112 145
1 60 62
22 101 123
12 73 285
43 152 204
69 131 330
10 146 263
92 5 116
75 65 143
64 82 155
94 125 241
15 38 175
32 36 77
31 116 153
73 110 190
81 100 210
89 149 243
97 75 178
38 43 139
55 139 219
16 137 153
79 122 216
43 37 88
74 83 199
49 165 257
6 99 122
89 1 242
61 163 309
87 27 118
81 199 297
17 186 226
81 57 139
47 116 167
96 48 182
96 71 217
57 88 183
100 52 211
55 57 114
55 101 193
12 21 36
19 192 215
4 16 21
26 97 266
68 19 259
70 72 334
20 54 80
62 9 199
34 88 312
29 164 199
96 35 140
88 72 164
91 173 297
19 170 194
99 136 244
65 155 264
65 139 210
2 63 72
93 107 208
80 128 216
63 76 146
81 94 207
11 6 126
59 22 277
67 17 109
64 124 194
82 117 218
25 106 141
77 48 169
55 188 375
83 64 153
35 3 46
7 177 283
68 88 170
3 59 68
27 63 94
31 85 135
75 153 265
66 177 291
100 128 237
77 106 194
87 88 208
99 185 326
77 160 246
56 128 187
80 1 88
63 166 230
22 188 238
70 125 226
69 200 288
59 53 122
16 146 264
53 123 187
85 91 225
99 164 272
17 69 207
21 169 211
74 176 255
30 42 111
58 46 106
62 48 111
82 94 184
71 198 302
93 113 382
27 103 135
75 111 372
64 145 250
37 95 182
16 163 183
46 198 247
100 148 253
62 1 230
100 5 138
54 171 232
46 150 196
99 116 221
59 131 196
77 87 248
76 98 182
92 135 359
23 12 38
76 99 179
62 74 142
59 61 122
57 114 259
39 86 294
74 144 244
9 193 241
53 149 229
8 70 253
35 81 122
25 65 99
97 29 133
41 50 114
12 48 63
24 21 162
34 81 117
99 46 149
21 27 57
64 123 192
19 1 96
66 58 154
47 72 264
8 159 175
49 33 201
25 104 289
12 165 196
64 10 80
40 42 234
52 99 173
54 70 154
24 110 143
6 47 152
43 13 68
16 182 201
75 95 179
67 62 168
39 197 288
65 28 95
86 178 369
98 22 156
93 198 299
27 15 63
91 113 206
94 10 130
16 94 261
89 126 216
46 96 318
26 197 230
33 53 161
41 87 133
13 35 55
85 193 283
63 106 204
61 2 110
43 87 281
20 122 175
11 117 157
81 181 266
72 5 127
94 29 288
68 22 116
38 192 266
92 14 203
9 8 121
87 142 236
26 187 230
39 53 103
45 93 184
100 75 177
85 149 273
37 65 124
64 124 194
92 83 223
91 24 268
26 63 172
32 135 177
5 8 84
20 16 172
28 168 231
44 70 136
54 194 275
86 66 155
94 109 235
9 7 90
84 141 234
78 173 440
49 7 57
35 90 128
93 40 180
67 91 166
52 14 231
99 137 242
73 87 162
60 41 107
21 106 127
70 21 189
44 197 249
84 43 153
73 45 119
66 98 171
90 75 169
76 153 235
86 5 126
71 56 134
33 124 165
13 179 357
62 52 120
90 94 241
11 2 32
16 168 184
1 37 46
13 163 184
38 108 189
16 200 268
55 29 178
73 112 207
41 173 226
36 90 254
38 1 76
87 38 173
5 159 279
47 57 134
36 39 96
39 76 231
56 191 300
7 57 137
30 199 273
36 175 368
49 161 226
53 108 167
27 171 204
94 147 320
58 162 247
48 175 254
40 170 216
17 106 133
69 152 225
14 191 222
26 87 137
78 134 251
5 39 72
75 159 244
43 43 133
100 35 159
29 43 82
55 48 233
13 93 292
7 70 127
43 177 240
42 171 341
48 40 94
46 159 234
89 108 199
79 36 117
79 160 249
2 101 132
97 93 191
13 44 180
19 72 101
90 113 205
20 169 189
88 133 283
86 9 127
53 76 134
9 6 202
100 43 326
70 185 454
43 7 75
82 148 267
18 100 152
54 69 131
1 75 82
18 45 204
40 33 110
3 28 41
16 147 196
27 192 253
23 5 207
66 18 122
73 189 345
82 198 284
29 136 178
89 174 263
87 1 130
42 102 184
54 33 98
19 86 107
44 80 300
47 51 106
100 75 226
61 175 240
42 1 54
90 183 273
73 153 226
43 56 120
95 193 303
90 40 172
83 154 240
67 19 91
