150
52 60 220
64 144 209
13 183 198
10 161 180
61 27 136
20 128 153
6 89 98
15 158 194
24 92 121
53 99 181
55 84 150
64 54 148
79 3 106
94 145 358
24 70 108
70 1 73
57 13 72
95 124 222
28 105 161
13 141 299
86 14 107
73 115 198
55 68 164
52 63 134
9 176 225
42 85 174
73 183 384
37 43 113
37 146 200
15 14 31
8 112 120
24 174 248
60 71 173
94 69 171
25 24 55
4 33 127
16 8 27
10 57 103
24 169 389
16 133 183
38 34 204
46 126 185
67 172 247
34 66 128
18 100 160
17 172 192
45 115 165
82 179 366
44 183 312
78 192 308
30 14 51
6 8 73
24 135 199
98 168 266
41 175 376
51 200 261
86 75 195
3 91 98
21 47 182
58 186 245
36 80 133
53 98 160
96 185 291
11 199 339
50 98 335
11 120 143
80 113 220
99 117 218
64 112 186
34 60 212
20 175 200
24 197 239
87 119 316
75 96 220
56 180 245
74 149 263
93 0 96
6 164 177
38 85 132
82 37 122
45 86 156
11 59 73
3 56 99
56 25 181
61 51 122
61 106 175
95 180 285
91 43 204
28 145 181
35 174 222
7 168 214
74 126 214
27 175 202
55 65 126
21 100 138
85 112 202
53 171 263
8 198 207
75 98 197
78 63 278
50 47 101
4 156 164
41 155 204
93 23 135
63 58 233
69 191 317
66 33 116
63 17 265
54 128 186
37 139 197
65 45 120
88 154 423
57 44 189
32 80 246
24 158 346
11 41 54
15 195 217
54 68 169
71 119 235
4 181 259
78 31 132
76 33 113
56 18 94
35 128 193
39 58 102
44 189 279
23 33 104
45 67 115
50 9 80
63 175 281
6 161 365
78 162 275
43 196 248
20 45 261
26 188 245
14 173 320
56 197 263
41 157 198
76 39 118
19 3 46
41 55 255
57 154 253
81 61 173
56 30 126
7 149 161
17 102 140
43 156 200
74 13 123
87 200 289
95 37 150
