650
13 187 201
69 81 253
94 123 400
76 18 192
61 46 125
76 74 187
12 167 332
36 146 230
8 3 26
1 140 260
27 68 96
87 134 280
29 92 217
68 166 236
59 137 199
63 45 110
37 187 233
28 73 144
23 92 125
85 79 172
8 185 218
46 28 79
71 49 130
3 183 234
72 63 170
89 48 137
63 49 120
12 177 192
37 25 63
67 142 239
70 166 239
28 174 212
74 191 267
50 24 145
66 154 226
65 45 113
39 138 251
56 119 304
29 44 109
36 103 142
71 172 252
69 56 278
51 43 279
40 55 103
4 96 104
49 185 240
9 164 215
98 174 315
42 65 193
51 153 222
61 36 166
56 48 228
25 196 237
80 37 196
27 74 101
79 139 227
87 124 213
48 59 138
89 151 371
64 6 72
34 27 70
14 72 127
63 50 308
58 3 63
59 142 211
28 129 157
16 105 160
3 33 43
91 97 199
36 176 401
53 87 146
68 106 182
67 108 274
48 27 180
79 51 179
15 118 133
33 119 165
97 86 215
58 97 160
34 12 77
44 136 188
19 49 143
89 198 297
100 68 217
83 43 128
54 60 183
4 150 154
25 57 254
1 156 193
29 165 196
77 160 285
30 109 295
54 157 215
84 30 151
91 53 147
37 40 84
41 72 114
13 73 107
71 167 286
28 190 226
48 91 145
5 5 25
62 88 270
19 25 45
12 158 283
57 8 160
43 86 272
99 51 214
1 102 282
43 73 191
47 72 121
60 66 271
56 9 69
10 87 112
74 161 247
95 42 165
12 90 136
77 139 225
80 107 193
23 113 186
45 11 99
30 18 81
24 179 206
6 76 92
4 116 309
43 103 183
57 118 181
16 25 99
91 195 402
70 169 241
1 129 133
72 51 130
28 85 161
62 185 370
100 47 158
100 172 302
38 89 138
66 186 291
8 183 211
41 35 124
53 29 103
23 18 71
18 64 84
13 198 215
71 186 268
100 22 129
43 188 306
27 124 257
80 177 261
40 83 123
4 175 229
93 114 214
67 21 245
100 43 260
43 8 55
11 150 171
37 30 74
37 169 301
25 73 283
73 41 122
87 196 314
76 67 273
13 82 235
35 29 196
81 164 258
3 56 98
76 9 120
81 0 125
35 39 113
92 80 330
77 180 378
26 88 123
88 161 357
30 126 158
100 73 199
55 67 128
38 136 203
21 187 213
9 76 88
50 156 209
74 154 264
48 157 213
76 151 231
53 77 133
62 145 208
8 97 136
36 71 126
75 194 272
77 195 335
46 19 74
65 60 284
74 26 293
79 68 180
76 143 224
11 160 174
96 135 233
34 94 130
80 200 290
93 160 267
14 134 154
32 31 73
52 34 238
33 134 169
64 126 228
47 197 275
68 33 238
39 188 236
26 130 158
11 154 166
26 104 162
74 157 372
12 142 257
77 23 135
36 32 68
61 96 161
50 140 222
100 157 390
62 48 304
27 161 197
67 149 253
89 127 320
68 63 138
85 73 166
17 47 68
96 172 315
31 170 218
29 63 100
65 175 246
37 146 186
40 190 413
36 169 240
62 110 259
87 124 241
94 113 255
61 138 217
43 128 172
64 110 245
99 45 152
69 172 250
82 144 375
34 59 103
51 149 245
72 33 107
47 80 130
80 118 201
65 115 223
44 195 375
39 170 219
59 121 331
43 172 231
37 48 91
57 55 118
84 92 277
81 5 248
7 12 66
32 182 244
43 177 390
71 150 262
37 125 170
38 58 110
15 179 194
34 137 179
92 64 273
82 91 175
71 133 204
6 66 106
72 195 313
4 105 142
58 24 137
5 70 97
28 91 123
22 159 368
89 0 96
68 108 225
19 14 80
11 17 34
98 117 233
70 60 138
83 86 273
12 108 259
91 169 287
30 125 155
68 55 159
100 188 387
10 115 126
52 126 183
69 15 85
10 139 285
86 131 223
35 174 238
64 23 102
63 180 251
65 94 168
55 83 142
6 60 115
3 199 203
71 191 341
57 147 299
42 98 143
12 77 122
15 35 54
63 75 143
75 167 251
57 57 307
39 134 209
89 24 264
32 94 129
10 75 240
42 29 87
64 34 102
91 19 300
10 125 308
65 31 237
2 166 175
91 26 134
69 152 225
70 101 187
15 168 187
45 64 115
49 124 176
85 107 239
51 55 109
67 112 180
3 70 240
4 168 246
94 108 315
32 195 252
89 137 232
18 87 219
87 194 330
71 133 281
9 71 236
96 139 379
82 55 163
1 114 122
6 30 57
65 134 200
91 73 173
28 34 96
47 108 156
75 72 150
13 174 194
13 170 188
40 36 79
81 136 222
62 52 187
7 149 346
79 152 270
69 162 287
78 154 254
97 19 124
72 21 132
93 74 173
13 5 52
72 128 220
87 192 464
29 86 132
73 0 104
54 169 233
59 175 268
14 15 193
47 163 218
84 176 275
90 30 173
66 9 80
58 64 127
79 20 107
16 37 148
1 59 249
9 12 127
31 182 254
59 174 278
93 191 367
70 174 244
83 179 423
5 1 34
67 99 216
83 84 174
19 19 56
26 25 57
85 146 310
26 126 169
82 189 274
66 68 140
80 196 325
16 85 198
6 56 233
100 170 310
38 115 161
53 196 254
55 143 204
47 56 294
26 33 96
38 120 222
79 138 223
78 83 167
6 16 34
29 4 33
48 76 134
9 166 187
75 59 138
11 51 82
51 189 249
60 24 153
52 48 108
42 91 160
51 133 189
44 145 190
13 63 85
92 29 128
54 170 232
1 125 136
26 180 248
81 6 93
66 27 142
17 43 63
70 54 133
90 28 240
48 195 332
89 192 284
21 189 219
15 139 161
37 21 84
63 55 164
60 61 125
14 136 180
90 70 161
84 168 262
77 156 283
45 17 69
63 134 217
64 173 267
31 36 72
96 96 302
95 162 259
34 3 46
61 3 116
6 70 84
55 183 238
83 70 297
23 70 101
27 7 37
31 46 132
71 48 129
13 159 237
68 90 177
64 115 216
9 120 139
58 29 92
24 13 48
85 101 195
68 162 230
7 102 288
73 24 98
23 59 104
75 153 418
5 27 33
61 15 109
99 106 248
33 42 240
23 126 202
41 120 168
33 29 70
33 54 91
60 9 113
100 2 256
94 82 221
1 122 126
64 132 197
43 140 208
48 2 123
66 25 252
64 178 286
82 187 288
45 120 185
29 195 228
14 60 74
5 129 284
76 156 232
20 145 213
45 19 72
33 136 188
20 137 200
11 162 255
41 184 225
75 2 218
68 22 91
94 8 189
75 52 159
38 76 121
79 109 228
97 188 289
99 62 208
32 56 91
33 192 289
32 31 76
31 114 179
84 128 230
20 27 108
37 128 210
96 117 215
72 24 121
85 131 251
96 135 232
10 190 202
95 37 141
41 130 188
2 57 88
38 50 93
7 15 25
65 147 220
13 163 217
83 43 126
31 165 201
67 198 279
45 88 157
48 53 239
69 28 105
55 101 175
6 122 165
34 14 56
21 47 80
24 126 216
21 65 193
56 135 391
73 75 158
22 37 61
76 84 306
58 160 224
42 113 236
100 153 256
60 46 185
81 172 265
77 190 270
19 124 149
95 95 255
26 150 222
47 140 222
66 139 208
16 31 53
59 127 308
48 176 226
91 143 330
51 16 114
86 69 164
48 195 334
50 178 232
75 155 238
35 128 300
69 133 255
16 50 259
86 87 202
36 21 57
6 18 64
76 81 165
87 92 189
66 143 218
61 115 185
75 120 210
32 91 126
69 125 334
44 2 82
98 74 328
92 103 205
71 179 251
10 57 74
60 40 128
98 119 218
90 103 271
72 171 247
88 161 348
32 135 170
84 115 242
48 28 215
2 7 10
51 23 101
22 198 226
34 31 169
31 22 56
61 100 165
59 169 232
87 90 210
3 108 237
56 115 234
19 22 52
61 87 152
32 127 285
96 102 230
10 197 213
35 164 234
93 23 133
95 138 425
99 75 199
58 120 236
43 105 154
90 131 240
54 195 249
19 178 386
73 36 290
70 9 79
20 153 197
43 3 67
1 16 72
26 176 310
58 20 93
72 53 170
7 50 68
91 42 296
39 40 117
13 50 66
16 35 86
59 79 154
88 104 210
52 30 109
23 6 57
49 69 215
51 164 234
85 90 249
25 162 191
78 61 147
65 72 195
93 79 192
72 129 203
87 34 289
30 199 230
65 184 251
83 116 208
100 22 129
16 191 256
91 175 311
57 82 303
34 73 135
46 18 111
31 100 172
40 82 164
71 70 165
17 9 34
62 11 227
18 158 204
5 180 215
15 2 60
26 131 158
63 61 137
56 161 359
62 160 231
98 160 319
75 126 393
85 24 124
50 37 97
78 106 185
