900
8 51 61
24 118 147
3 189 234
47 184 313
67 99 191
33 50 95
64 55 129
17 155 348
99 102 204
85 89 183
32 119 199
55 143 207
92 77 177
16 19 193
36 49 229
53 190 245
23 95 118
91 90 181
58 16 77
34 36 72
5 61 91
34 9 80
38 107 153
74 125 231
32 26 151
45 166 220
16 196 236
72 167 271
2 88 116
8 169 185
71 188 291
65 91 242
8 117 140
66 44 155
25 19 51
39 21 92
6 31 41
38 110 155
84 71 200
30 113 152
93 97 228
43 122 170
77 122 199
19 153 198
57 127 187
36 4 217
60 66 176
51 62 260
99 6 111
99 102 257
16 60 111
66 8 114
84 114 217
6 106 121
73 133 216
37 4 194
11 113 324
1 20 21
81 27 296
19 167 186
85 120 209
95 32 227
68 152 368
4 19 64
6 151 162
97 196 293
77 86 243
76 101 184
93 97 254
28 182 238
56 69 153
77 67 144
96 62 201
12 79 101
67 149 226
21 0 29
59 196 269
16 133 159
96 69 212
19 176 204
68 143 217
42 43 91
63 113 347
15 64 85
9 177 188
49 143 194
22 131 194
49 111 169
73 66 161
57 183 246
75 182 412
28 31 258
30 98 156
42 178 223
30 176 345
27 98 133
67 135 321
24 121 299
60 159 398
35 48 274
60 96 158
26 6 33
7 37 70
40 4 54
49 88 164
78 151 238
37 73 149
81 70 168
80 56 140
78 120 246
98 36 260
61 88 163
32 103 147
30 118 148
63 87 153
15 129 144
30 73 191
82 133 241
47 62 111
27 57 98
33 43 125
53 34 95
95 161 270
100 42 155
83 58 182
99 25 138
100 130 265
86 126 234
6 34 43
27 100 136
53 39 186
72 162 387
85 28 151
80 52 178
8 0 14
96 197 411
74 55 138
87 118 205
41 179 230
75 51 259
65 156 246
70 6 86
4 6 20
81 101 184
21 170 364
50 58 122
69 87 200
8 96 135
29 51 91
40 143 365
23 67 118
19 119 275
52 46 138
5 187 387
40 178 266
77 188 436
85 25 127
31 86 158
51 60 132
31 139 178
4 142 180
11 192 298
44 112 349
86 143 240
77 45 127
58 75 142
71 89 204
46 47 104
38 143 211
11 118 135
99 74 175
14 166 371
65 56 135
87 129 273
93 124 416
13 112 160
67 197 296
72 33 111
100 182 328
64 112 196
4 142 150
83 190 290
87 143 233
73 64 274
64 75 140
64 167 241
87 80 167
31 31 97
28 6 34
17 16 54
46 80 126
14 121 139
18 123 144
59 34 95
9 174 229
14 68 88
58 23 86
32 129 168
74 32 139
22 174 196
25 181 340
66 83 198
63 27 100
70 4 78
15 180 196
36 75 129
81 121 246
55 91 185
15 58 78
46 176 384
29 30 134
56 134 194
10 157 210
50 109 190
94 140 242
61 180 364
47 28 111
31 130 201
68 162 237
12 48 217
25 7 35
51 43 103
27 151 253
41 5 156
36 142 228
64 71 135
14 145 178
74 13 158
59 122 201
90 77 275
29 116 304
21 2 93
10 28 67
94 178 276
22 12 64
88 30 269
12 157 325
59 121 189
76 200 279
97 23 129
9 63 128
89 132 245
4 102 114
67 74 187
97 152 250
45 146 226
24 13 40
49 69 124
30 87 127
24 119 321
99 81 211
19 8 32
99 73 178
55 197 414
92 174 324
92 2 135
66 15 95
95 65 201
23 115 146
5 177 188
37 166 253
58 98 161
62 119 184
8 159 170
72 141 254
84 195 283
85 126 212
88 140 403
72 85 189
15 129 167
23 91 122
7 73 90
76 104 182
23 23 67
96 139 238
70 37 116
41 51 100
55 135 279
23 181 242
71 41 145
11 125 145
58 195 428
9 127 186
52 20 77
18 147 166
26 18 54
90 50 163
78 56 157
76 67 173
85 198 293
83 149 233
21 75 108
79 69 195
85 46 140
49 84 174
12 86 175
84 175 297
8 110 255
32 19 57
45 75 146
84 186 313
16 196 213
5 92 245
14 35 104
93 191 292
55 70 126
98 155 271
84 113 235
53 13 113
26 122 155
24 109 138
49 152 207
15 36 59
7 30 60
6 174 192
10 91 104
30 165 345
45 88 141
20 16 68
2 9 149
65 168 279
86 115 391
55 108 164
19 60 112
27 104 225
9 25 56
75 143 235
80 27 128
100 171 276
89 109 206
25 31 58
40 86 156
13 29 51
33 192 253
24 54 85
66 146 398
17 19 79
59 83 177
41 19 68
92 54 169
43 134 177
72 54 163
81 80 246
32 123 164
80 188 277
10 22 210
36 143 181
83 77 291
81 112 313
47 86 164
23 184 209
73 168 251
93 124 259
3 98 131
75 144 254
59 132 388
49 111 243
66 77 174
30 67 110
33 7 59
34 67 258
13 111 124
44 185 231
2 174 308
35 90 134
73 161 243
39 37 85
54 134 249
37 65 153
83 1 233
92 165 264
13 113 165
42 134 176
65 186 253
25 71 101
18 126 220
84 17 166
50 77 321
44 95 200
56 130 308
43 157 202
25 174 210
61 163 259
9 170 254
99 94 385
41 7 68
72 49 126
4 166 175
62 3 73
62 36 137
8 143 331
4 155 160
12 47 60
89 188 317
26 154 187
71 167 273
69 169 248
68 134 207
71 181 259
17 200 221
88 128 252
4 124 159
42 61 151
62 30 215
84 179 403
75 6 87
87 138 231
21 88 151
37 54 124
1 166 181
16 130 149
27 14 57
35 159 378
27 135 162
62 145 387
73 103 186
70 77 175
9 131 142
97 129 232
93 150 336
12 125 153
82 190 327
79 56 330
64 39 190
91 184 276
43 113 216
17 66 129
3 196 199
3 181 186
77 160 270
75 44 300
73 142 241
88 85 174
11 181 212
1 48 89
55 174 267
4 121 135
1 177 208
21 73 98
5 121 159
61 27 89
3 39 42
10 174 193
70 117 230
69 5 74
15 77 116
84 61 145
62 197 267
85 28 121
79 99 302
48 94 173
80 67 157
38 164 374
80 108 189
22 13 55
57 17 117
14 133 152
3 139 270
79 29 114
98 18 147
29 25 80
8 48 72
82 48 175
76 1 115
94 195 295
63 197 295
19 63 103
35 177 221
19 61 94
54 126 231
9 95 197
68 52 123
57 9 194
12 15 85
27 132 173
64 28 123
85 79 173
40 164 276
64 192 260
77 84 168
74 199 387
31 129 169
81 155 312
68 0 241
4 68 74
79 171 284
12 199 246
78 27 118
55 163 229
86 36 128
76 139 225
87 127 334
95 178 285
55 36 102
80 159 327
94 122 253
59 173 276
13 181 194
3 146 155
21 116 144
65 146 215
78 151 358
73 30 237
79 199 324
64 123 234
93 79 198
19 0 27
84 53 146
7 94 301
1 52 99
16 131 202
23 74 240
44 18 66
24 186 210
44 62 159
89 135 258
36 6 180
51 185 240
23 65 206
90 34 139
17 158 372
49 19 86
17 151 335
65 137 306
15 3 186
20 7 43
13 200 232
91 49 147
78 114 193
25 34 63
77 191 269
12 130 145
16 191 208
15 131 149
5 156 206
57 83 163
97 94 216
77 122 314
42 198 246
22 55 78
100 62 164
65 87 246
61 15 94
49 121 180
55 140 202
26 99 300
33 175 210
1 100 110
79 122 211
75 4 85
63 37 145
88 115 297
58 79 165
82 147 235
1 170 173
95 69 174
43 66 142
52 109 176
20 47 73
84 153 270
98 38 139
95 67 178
28 152 209
69 21 108
14 86 103
85 186 273
71 1 152
76 56 133
71 116 195
80 108 226
23 43 70
25 26 195
66 8 135
60 182 275
3 40 87
76 14 99
20 151 208
87 140 230
76 188 288
45 174 327
11 41 58
64 164 317
95 113 366
59 193 260
60 83 146
57 118 195
17 158 180
5 176 283
99 102 213
85 165 265
12 13 27
72 24 123
54 36 123
43 186 319
58 45 131
70 107 262
59 160 381
9 164 346
53 186 251
64 66 318
75 29 111
68 32 297
30 91 126
67 176 272
46 133 213
13 15 34
84 132 239
45 172 264
15 97 133
33 128 169
98 175 321
14 105 281
14 93 302
80 100 180
25 149 321
99 189 338
100 182 282
15 164 186
23 198 328
71 57 141
36 30 116
35 145 189
64 181 255
82 155 254
94 133 235
58 15 80
54 50 106
74 58 331
24 124 177
86 72 161
78 161 243
78 98 208
41 5 51
20 7 39
14 102 125
4 114 120
24 158 184
91 134 275
53 132 192
17 146 221
82 14 110
42 132 184
70 132 227
53 120 202
81 73 162
20 93 168
81 51 132
19 23 80
88 195 423
25 16 51
91 196 288
85 187 277
11 178 211
24 50 81
78 157 248
58 93 157
26 114 148
34 197 232
12 113 168
10 159 299
37 58 193
29 186 218
70 120 205
40 138 184
51 65 123
65 171 368
98 19 155
65 25 91
52 174 379
3 142 148
77 143 332
48 196 249
77 13 104
73 194 280
86 41 275
88 193 363
62 74 137
88 152 248
50 185 251
85 130 373
18 158 310
46 5 166
41 64 287
93 22 121
19 128 153
16 56 72
5 143 158
30 126 262
88 23 141
45 164 251
54 58 112
67 181 313
48 185 415
21 76 112
65 197 439
35 99 150
43 47 99
65 22 274
83 37 125
62 157 356
97 159 271
8 181 363
72 183 305
13 157 199
6 134 201
97 106 207
49 77 154
26 30 56
23 15 48
100 146 248
68 3 109
20 125 337
5 116 295
44 159 338
49 188 239
86 57 145
93 148 296
95 5 114
40 122 168
32 127 166
19 38 97
17 153 315
90 53 152
56 110 170
76 7 128
38 197 256
36 182 393
81 3 116
54 116 232
93 136 276
91 169 265
92 133 302
28 32 65
20 60 113
79 35 115
78 189 441
26 153 196
76 150 235
2 168 348
5 57 230
91 101 215
22 97 224
66 28 113
79 72 161
47 196 409
32 192 227
99 60 178
88 118 298
15 189 204
33 122 168
67 158 378
45 6 72
19 41 212
86 50 143
49 112 180
66 191 299
54 192 324
77 142 248
54 38 94
26 47 196
85 86 182
27 197 342
99 119 232
68 111 181
60 178 281
93 132 234
23 179 205
37 51 97
50 105 162
40 23 259
90 59 196
51 41 126
86 68 188
33 58 110
33 103 160
21 89 120
76 83 184
45 191 257
11 55 69
23 100 159
5 107 263
19 68 90
89 25 167
88 43 131
1 29 51
63 21 128
89 39 317
100 122 253
13 124 178
65 55 208
46 84 131
39 132 275
24 2 36
98 198 304
91 193 292
86 157 270
20 114 232
75 74 169
8 143 170
74 184 448
31 161 229
66 63 166
49 151 210
79 159 387
3 102 141
74 109 185
76 74 150
55 46 111
74 192 271
24 108 252
21 79 289
34 179 213
67 147 225
96 76 325
37 80 118
20 109 138
15 69 86
47 194 266
14 56 71
54 46 272
5 22 74
65 197 271
52 114 175
19 147 175
44 138 189
83 47 136
59 164 345
34 35 78
90 123 218
85 5 97
80 118 204
92 43 144
4 194 246
99 48 286
34 163 240
97 155 309
8 32 44
39 64 104
49 24 96
79 143 230
90 104 202
37 100 185
26 136 187
39 185 228
6 173 211
48 166 216
75 22 251
76 122 204
91 195 291
87 36 275
41 119 184
44 146 313
82 1 205
53 162 216
68 51 122
57 158 222
65 117 220
17 142 192
86 89 198
49 5 94
68 167 276
81 10 135
13 1 20
69 149 220
41 60 156
69 145 223
68 83 161
9 12 189
7 193 204
62 68 139
73 142 223
70 122 242
60 20 116
62 89 167
86 107 203
45 147 239
64 143 348
66 145 251
17 108 249
65 72 208
8 79 285
13 99 116
52 45 102
58 182 259
73 73 183
14 101 147
75 28 210
28 0 43
50 142 220
29 83 128
60 180 243
6 6 21
71 77 236
61 199 287
9 88 99
14 164 183
55 116 180
52 27 89
75 122 197
88 100 190
