300
99 151 259
43 80 133
82 107 195
24 148 346
7 8 20
63 97 193
99 114 344
18 36 103
62 186 249
12 75 107
46 104 340
94 176 291
56 24 240
100 84 186
13 181 228
17 16 47
67 195 271
75 105 219
15 5 29
77 99 344
67 174 268
86 98 302
30 185 359
31 58 90
32 99 311
45 180 327
1 110 210
29 108 167
90 27 166
24 140 168
1 7 9
29 129 167
49 161 242
95 136 240
6 189 377
78 29 294
46 66 132
25 23 168
21 100 130
42 56 102
83 143 255
85 107 199
91 26 186
92 51 272
78 145 302
97 88 195
96 150 312
90 115 230
44 1 94
6 69 79
96 35 140
81 55 160
42 159 247
5 58 69
4 127 199
47 182 283
15 99 123
52 100 183
30 75 268
98 97 209
51 40 104
92 50 146
34 19 53
36 45 101
86 47 135
99 140 250
93 106 209
59 12 250
58 168 341
97 99 205
6 87 103
55 136 203
48 45 103
47 59 148
20 36 118
18 124 152
46 104 183
90 125 263
93 4 134
90 140 348
95 133 230
80 2 83
42 84 147
46 185 267
78 195 300
2 38 50
74 26 137
100 4 178
57 49 106
45 17 161
30 102 173
85 60 152
83 107 390
67 142 222
62 29 114
96 148 277
83 78 184
94 67 344
69 4 230
91 90 186
51 20 163
92 48 145
78 96 193
67 133 205
14 164 320
3 162 211
41 68 221
99 153 262
23 170 197
49 191 289
1 84 89
74 172 253
27 57 93
75 129 210
61 105 174
33 184 219
75 98 212
4 39 165
69 80 152
23 141 186
26 189 220
21 42 69
74 88 170
63 68 138
4 169 286
3 54 60
46 18 64
99 130 353
9 69 81
80 72 227
12 170 189
47 181 249
100 90 238
95 79 366
86 68 170
91 51 332
68 39 169
54 146 218
25 182 248
88 44 172
77 143 228
86 6 93
39 106 146
53 126 309
12 76 89
100 28 178
94 63 223
90 161 257
78 163 249
92 64 200
21 88 116
69 98 169
35 197 264
25 131 232
37 119 161
47 199 253
81 195 432
11 129 172
38 59 193
5 48 53
50 190 248
11 9 120
27 127 176
58 173 237
3 10 62
22 93 189
90 98 336
3 146 156
50 171 223
14 128 227
86 66 163
44 2 190
95 27 128
46 53 105
66 191 267
33 123 158
51 24 118
8 92 154
100 104 248
23 184 297
43 116 167
59 15 151
34 4 80
36 191 237
57 12 108
100 123 225
82 121 203
31 107 147
35 196 239
78 200 284
12 146 198
72 175 277
72 103 242
36 72 108
98 61 163
36 77 113
74 18 129
84 50 136
45 45 94
15 110 135
98 139 243
49 35 217
74 189 306
19 64 90
80 173 259
39 0 52
5 175 184
44 17 107
15 24 206
52 159 211
90 69 286
68 29 241
69 7 82
9 89 108
57 11 72
1 12 14
9 82 98
77 88 174
70 154 256
22 5 48
19 3 45
94 163 364
100 3 104
55 43 140
67 170 336
82 163 279
53 130 343
46 97 242
98 66 176
11 139 335
76 7 216
100 190 291
70 6 102
81 26 115
29 158 196
35 139 190
74 195 416
67 49 156
14 111 298
92 68 177
49 75 136
90 170 302
64 25 119
29 152 315
99 69 330
49 151 326
57 46 113
97 7 104
54 18 108
12 156 172
88 198 399
31 121 161
64 168 234
87 86 222
66 48 118
60 112 179
5 5 31
56 67 172
8 125 138
62 13 91
56 21 80
57 82 148
74 53 194
21 169 229
43 127 171
68 57 129
69 5 216
21 18 45
67 103 178
36 15 76
4 33 76
91 171 269
7 116 276
30 142 284
33 142 354
15 34 50
95 100 237
89 70 164
79 165 399
22 43 73
14 161 178
10 163 232
58 63 127
21 194 401
22 105 183
10 189 200
29 14 52
54 112 173
83 71 166
62 114 285
10 133 144
83 8 259
36 152 372
32 71 106
82 32 124
13 114 172
90 98 197
54 181 279
41 196 284
89 35 224
