610
46 109 193
49 80 148
83 160 251
8 68 82
100 4 143
96 33 146
96 150 443
83 199 459
51 162 220
81 59 142
25 85 114
89 166 321
18 141 168
8 23 144
24 113 141
41 198 274
90 155 349
26 1 31
70 74 148
61 158 362
4 133 285
48 29 96
63 182 251
11 102 162
46 17 108
11 27 189
32 104 234
30 165 205
63 9 119
80 108 237
16 44 67
62 33 140
25 189 220
21 123 159
1 42 107
4 176 203
76 53 152
5 11 166
98 133 231
53 55 112
61 7 216
59 27 101
78 157 376
42 83 280
53 119 176
35 176 261
46 100 150
16 182 375
27 5 71
3 161 194
5 113 145
96 171 271
13 154 221
18 140 173
72 196 268
41 121 183
93 164 312
55 175 246
83 72 185
82 1 89
58 26 118
81 181 279
21 199 225
27 104 169
76 74 341
70 87 163
71 178 283
35 34 75
40 157 203
85 194 279
27 43 244
84 102 380
50 70 291
41 181 227
64 145 354
14 169 215
19 49 70
58 195 261
48 196 282
75 38 114
83 147 363
81 73 327
26 197 253
71 153 229
40 173 234
30 163 218
80 125 208
20 153 176
65 138 390
15 11 59
27 49 83
61 197 258
47 115 169
37 122 164
97 34 139
79 34 258
66 74 149
12 75 116
21 20 57
46 169 337
80 143 250
100 141 249
9 199 256
24 141 356
18 90 148
20 177 241
97 186 372
83 76 261
3 45 79
70 48 119
26 20 223
34 37 261
46 49 142
89 108 199
73 111 191
89 10 115
90 15 288
93 42 168
76 93 179
24 179 239
2 52 59
13 56 71
67 130 201
35 192 396
14 1 45
90 126 221
64 4 75
98 191 290
48 99 155
48 131 242
40 11 95
28 98 136
66 116 187
73 131 214
30 100 249
75 6 125
66 108 201
66 61 154
18 185 218
22 178 227
68 155 357
33 61 139
20 48 115
1 41 73
46 115 193
62 97 192
59 43 133
79 111 203
87 84 192
70 91 182
13 184 202
27 123 159
51 151 216
5 14 20
78 57 144
17 46 66
37 146 211
60 60 149
53 37 124
7 69 103
40 187 236
35 77 153
82 8 125
18 142 163
52 19 83
69 19 137
97 27 170
1 43 86
45 82 159
82 122 212
7 176 210
19 80 266
51 77 130
75 181 288
86 188 284
78 113 324
19 186 213
83 118 209
71 122 195
21 176 201
81 11 118
91 161 254
81 52 163
22 199 330
80 59 140
67 193 262
42 15 60
1 88 92
41 5 193
46 153 254
49 81 160
16 33 59
31 74 114
60 180 255
3 82 94
2 92 131
74 154 315
50 91 141
92 115 209
36 181 227
34 87 164
49 130 186
84 149 239
69 16 90
81 139 231
70 144 217
92 3 99
94 156 291
94 79 183
76 171 253
37 101 322
92 107 199
65 60 135
7 142 271
25 143 179
4 14 120
55 190 304
44 150 228
35 181 216
89 181 318
90 195 293
11 47 70
90 184 275
38 20 63
3 99 112
62 143 246
6 107 293
14 51 71
60 173 241
71 55 132
1 59 78
90 169 279
80 94 178
56 112 173
72 81 191
78 91 172
94 14 129
5 102 133
73 117 223
70 161 410
73 116 245
11 12 32
98 176 279
8 81 150
39 130 177
27 89 201
52 57 116
36 195 246
62 23 86
28 161 310
48 72 127
14 40 55
37 77 149
65 62 211
96 145 256
23 93 118
49 104 194
13 80 102
57 37 104
43 63 188
22 65 103
44 88 160
60 153 314
97 89 238
4 36 44
78 181 262
22 198 255
75 97 350
73 78 157
21 154 176
16 146 237
17 21 43
48 86 150
77 87 173
48 109 206
28 83 141
70 85 204
34 151 185
55 163 228
26 141 226
78 175 286
74 65 146
57 45 108
44 81 197
86 64 150
67 156 229
35 18 61
46 110 306
24 102 131
33 101 183
40 56 96
68 151 265
11 72 91
35 8 84
61 109 179
42 90 142
40 85 129
30 126 160
48 177 232
74 37 116
99 25 258
5 184 193
31 164 198
24 136 167
31 189 244
46 183 355
13 19 75
40 143 190
55 114 210
28 42 76
87 103 196
9 157 345
82 142 246
41 92 152
33 116 183
35 108 189
7 151 171
65 78 175
59 75 164
57 80 196
97 39 225
80 130 219
65 48 194
1 37 67
81 106 209
61 36 136
94 155 284
42 5 51
58 176 237
7 160 170
58 128 313
84 110 195
25 120 145
65 183 248
18 45 63
64 88 156
11 154 168
6 98 286
33 146 183
29 62 156
21 187 210
100 68 212
18 152 207
42 79 129
98 194 327
25 21 186
94 183 313
12 74 87
70 89 170
73 11 87
75 84 165
61 28 190
66 90 279
95 167 417
80 144 400
55 116 296
29 9 47
77 71 220
65 65 179
3 91 108
17 76 268
27 110 168
12 84 228
69 106 195
70 200 297
14 106 172
66 45 119
24 88 152
63 40 124
53 54 152
52 50 205
74 71 152
44 30 171
12 39 55
38 40 106
97 78 184
3 110 159
50 169 407
53 20 79
63 53 163
17 183 260
56 176 233
82 24 122
83 115 382
12 69 268
57 146 240
90 114 210
9 170 219
31 49 88
91 138 231
72 198 312
5 121 128
91 69 187
59 124 193
90 60 159
25 75 103
71 27 99
19 126 229
78 122 242
77 25 137
74 24 117
33 200 421
77 147 230
4 173 187
96 88 215
69 162 239
95 99 201
17 161 186
2 103 110
69 80 248
9 23 40
1 65 166
4 83 113
65 73 174
11 49 67
60 136 202
62 69 135
99 90 324
5 112 139
45 197 398
89 97 186
24 37 74
66 101 183
27 71 136
28 11 74
37 66 144
88 97 246
59 60 141
51 88 256
31 200 238
46 193 250
3 11 47
11 61 75
46 51 97
53 190 305
21 65 102
88 114 206
79 31 135
11 161 209
91 155 266
57 42 132
70 171 242
85 52 141
88 55 170
6 83 90
86 55 151
64 99 203
13 176 229
33 137 175
24 172 243
68 67 142
53 142 306
45 161 260
64 125 300
84 2 86
79 132 260
80 146 417
92 85 277
85 145 236
9 27 115
87 30 119
1 159 169
48 12 190
17 18 37
14 69 91
95 113 224
19 140 161
94 16 131
67 197 313
17 119 136
31 58 132
42 73 163
55 42 178
96 14 133
29 44 79
25 23 226
23 182 301
18 169 191
100 35 237
92 171 288
37 184 252
69 23 258
73 46 165
14 71 90
55 77 168
30 109 175
32 90 302
48 60 244
32 55 203
39 10 51
82 32 129
25 83 135
92 47 148
91 78 195
64 150 222
30 18 48
50 85 166
80 48 137
82 129 216
24 40 72
85 41 136
31 16 140
24 22 65
94 195 388
24 180 312
96 142 244
73 176 373
44 53 101
36 160 203
52 176 233
23 177 208
54 42 175
80 121 392
96 11 117
15 1 45
18 27 52
36 15 244
53 81 156
76 162 247
16 86 119
10 97 116
93 180 285
19 22 84
70 120 220
86 161 336
92 3 105
49 144 251
37 7 85
38 200 244
96 130 227
12 161 181
28 45 94
27 157 230
39 31 77
38 135 354
87 164 254
23 115 141
14 150 168
73 45 283
8 143 315
57 141 198
4 6 57
32 193 228
24 51 81
71 198 438
61 67 148
91 149 395
51 147 202
42 85 133
60 31 101
99 3 108
96 0 110
84 142 234
42 138 186
40 93 183
19 109 305
6 64 108
70 40 133
53 7 64
39 93 132
5 3 121
66 151 261
15 54 69
99 23 168
26 92 229
15 17 46
98 9 113
6 51 196
81 157 309
95 44 271
66 110 306
89 151 260
68 103 236
56 96 160
7 169 304
26 54 146
26 180 217
21 20 82
27 24 116
90 57 258
100 194 398
73 125 316
10 139 193
78 45 254
21 151 290
20 0 28
30 62 123
18 175 201
72 183 433
99 38 145
51 181 280
20 187 218
36 24 128
93 127 263
57 111 174
1 62 65
94 125 224
26 115 164
27 98 213
56 40 112
29 8 83
20 41 163
23 179 389
72 74 150
84 116 204
68 140 210
69 116 206
80 27 108
69 37 110
25 5 36
