100
44 160 245
68 115 318
59 4 112
13 162 177
29 14 228
42 164 208
17 25 67
40 132 230
89 168 268
20 73 102
50 108 185
17 133 156
20 151 263
58 182 346
41 180 372
18 184 212
41 24 72
86 55 148
74 149 263
9 158 204
65 101 172
16 114 147
24 16 40
15 80 99
89 118 232
50 165 226
82 155 257
61 100 278
27 22 198
76 94 172
32 92 128
82 170 290
50 3 54
24 140 212
39 50 95
77 54 131
95 40 142
48 113 167
49 94 153
24 84 118
66 95 165
28 152 180
26 197 273
53 147 212
27 71 143
59 21 90
33 193 234
5 135 158
86 154 286
39 98 138
63 106 175
84 144 235
50 149 199
52 3 73
40 34 114
25 55 83
98 2 120
86 1 94
19 94 136
74 81 161
40 31 104
17 63 88
11 108 138
19 119 166
11 163 174
76 87 275
9 83 129
9 88 191
87 187 276
87 180 423
5 129 223
15 116 319
52 56 128
97 153 280
54 17 115
83 122 243
24 174 386
24 123 154
3 104 114
73 0 94
9 1 12
9 57 81
20 102 122
79 197 342
42 64 155
83 62 185
12 139 309
11 134 147
40 153 200
63 61 131
70 149 226
95 161 266
88 95 183
71 193 460
14 197 211
60 166 364
14 154 173
52 151 251
36 2 38
76 14 270
