90
59 85 154
7 44 138
76 182 327
17 149 167
69 164 236
63 104 212
62 89 154
42 125 203
33 124 193
69 200 269
91 48 147
64 50 260
98 84 267
41 42 85
7 10 27
47 176 230
40 92 273
88 197 289
4 181 196
44 36 174
48 84 269
90 89 227
82 94 182
60 34 103
54 105 162
1 105 198
5 136 165
72 82 164
78 8 121
35 85 161
6 130 184
98 13 111
93 53 183
15 82 102
87 170 265
51 32 105
59 97 156
32 194 235
7 31 47
38 32 105
89 81 202
34 195 246
87 113 204
55 98 335
14 123 146
20 9 50
44 1 149
22 119 143
61 45 114
57 29 97
2 13 18
96 171 271
39 24 69
97 8 128
40 3 92
75 48 192
94 25 269
61 155 227
25 160 242
61 42 256
21 11 211
70 101 172
65 12 241
69 38 156
26 158 192
53 131 188
85 72 170
83 165 341
68 147 231
85 79 194
57 24 89
45 83 135
27 29 93
84 12 115
70 76 156
36 2 153
42 112 160
71 22 246
65 71 138
1 172 183
37 185 253
21 98 169
57 157 285
39 91 227
72 17 129
55 101 302
4 72 259
93 129 234
78 25 108
80 57 179
