580
57 130 285
25 45 112
14 6 27
75 119 201
76 1 119
44 136 228
13 4 66
52 188 353
97 198 298
39 177 257
2 168 179
83 136 229
90 117 328
65 102 353
72 26 100
3 175 181
73 142 246
43 32 119
64 187 282
74 83 166
59 18 112
31 63 138
74 102 251
30 111 148
12 106 232
47 190 242
65 186 259
11 153 170
15 172 344
81 2 133
51 51 106
42 179 246
18 75 94
19 128 313
46 31 110
93 80 175
12 188 208
1 87 190
43 41 85
68 6 80
31 196 229
71 69 184
2 167 173
57 165 335
51 185 260
86 122 216
76 15 277
100 176 285
16 78 138
54 54 130
32 180 397
92 170 264
48 105 238
51 57 108
2 1 178
64 112 187
37 149 200
59 104 198
61 148 371
95 84 185
16 182 221
21 29 73
99 45 145
99 37 151
19 189 216
86 110 319
45 126 172
77 22 204
92 13 110
17 96 173
7 192 210
60 3 110
43 188 241
22 187 218
38 9 56
66 105 242
31 181 222
12 124 165
100 187 297
76 108 259
47 147 356
65 3 239
74 114 204
100 163 268
59 99 161
30 67 101
89 28 120
35 40 80
79 39 141
26 71 106
29 180 248
6 106 117
67 72 245
24 113 147
2 48 55
14 64 80
76 120 200
4 103 112
47 67 127
32 75 151
53 100 234
60 96 194
47 123 179
26 31 87
45 143 215
4 131 144
22 35 71
65 79 153
71 123 196
31 171 274
4 136 143
85 82 169
3 188 269
3 43 47
50 34 101
86 124 306
42 93 316
15 29 94
91 89 180
32 151 225
99 182 467
60 160 270
54 22 107
69 8 82
70 115 185
2 59 64
6 44 59
93 120 217
3 147 229
30 101 239
35 148 214
32 40 117
77 65 144
54 91 152
15 5 59
2 127 156
8 29 40
80 25 123
81 16 113
58 13 91
82 90 177
46 198 280
66 65 140
49 50 100
90 75 311
55 184 245
44 72 131
86 70 167
29 156 221
37 176 221
43 22 184
18 141 167
48 103 151
69 98 169
44 130 180
54 192 410
74 104 198
62 134 203
57 101 342
33 15 48
55 105 280
23 70 138
34 98 134
41 110 156
64 193 297
6 193 248
91 69 160
5 160 175
57 193 369
19 103 131
1 125 161
25 144 245
16 25 48
97 18 158
3 6 52
86 68 159
75 169 250
59 181 246
59 155 224
34 136 173
13 163 197
90 81 214
39 157 197
31 104 178
100 64 167
87 11 170
17 151 175
64 68 145
55 71 145
92 21 119
31 189 226
2 135 141
70 6 79
8 168 275
84 98 225
3 145 171
37 21 149
12 35 90
42 117 160
7 173 182
60 60 123
93 129 237
88 15 137
66 200 267
69 132 247
36 3 56
48 97 154
47 147 232
80 48 138
27 41 116
34 195 323
18 141 163
36 42 118
73 10 93
91 47 260
63 53 122
20 170 228
10 28 122
35 155 195
68 11 89
33 181 248
36 96 142
41 71 278
9 0 12
22 35 104
52 73 132
55 131 208
41 131 182
5 66 79
39 21 108
46 49 98
26 115 169
87 76 327
83 19 106
70 59 160
73 2 85
17 0 21
94 103 306
57 90 173
5 74 102
26 49 85
3 147 200
9 48 97
99 172 298
48 162 215
17 59 193
54 10 84
90 161 447
79 48 141
15 126 144
7 104 114
39 18 97
79 193 277
29 97 132
95 190 395
11 21 41
89 30 300
48 110 191
26 16 110
13 103 306
72 127 223
30 142 177
21 115 144
85 149 240
80 170 277
80 108 234
33 155 209
48 97 169
58 74 266
42 163 223
89 58 292
38 39 216
60 109 177
35 19 59
22 3 107
64 18 90
7 195 209
4 104 140
80 152 238
43 191 244
92 107 231
18 95 203
59 66 160
92 156 283
44 195 270
59 113 341
24 20 48
93 7 123
21 95 198
21 124 176
61 32 141
58 113 171
77 159 246
94 89 186
17 193 256
17 144 212
63 197 280
64 104 200
67 168 250
72 25 128
89 30 148
57 103 205
91 72 358
22 53 230
59 152 218
99 154 353
35 24 134
85 186 397
97 96 258
20 75 227
18 38 68
88 81 199
59 168 233
39 31 113
32 25 182
69 26 188
83 21 110
10 137 171
99 26 288
77 146 226
67 75 147
89 163 451
5 123 162
71 114 214
51 78 139
55 91 148
41 198 253
97 134 273
55 135 199
52 198 255
62 50 117
16 196 303
73 37 115
13 133 170
92 90 203
6 129 143
11 37 59
82 45 135
37 2 42
41 26 236
85 156 285
92 40 207
4 1 19
82 97 306
54 88 149
96 89 188
34 73 137
1 26 68
40 68 117
31 161 195
45 45 98
59 166 288
1 139 288
41 25 138
81 170 323
47 195 287
69 133 205
84 88 176
42 23 68
63 109 177
89 148 242
67 116 185
43 160 231
12 132 151
21 181 347
2 149 198
36 68 148
97 114 398
93 95 231
58 5 94
57 136 198
94 100 199
27 69 119
51 31 237
64 112 189
77 184 262
91 13 105
54 194 362
73 121 196
100 168 307
76 174 291
61 60 306
15 199 370
38 26 72
44 84 158
60 61 127
61 142 209
18 182 225
39 29 239
36 63 127
24 174 199
50 30 86
28 101 163
20 143 163
31 108 150
61 34 102
14 112 155
27 117 149
29 172 353
17 0 119
29 184 222
59 38 187
3 85 170
64 49 137
100 125 276
93 162 294
96 187 285
9 9 21
39 104 143
47 19 75
14 83 199
38 82 211
88 86 208
14 8 24
35 19 57
62 152 379
62 65 282
3 194 200
73 197 272
62 58 218
65 86 156
32 132 170
84 31 160
65 128 226
24 102 158
21 21 47
50 2 56
15 33 144
33 41 80
13 77 92
28 117 184
69 26 98
28 12 50
52 174 331
22 92 143
32 123 164
32 115 156
75 192 277
15 54 247
21 176 344
36 56 96
47 22 72
78 93 175
29 88 134
21 65 91
19 34 101
44 195 249
73 55 132
67 193 380
15 152 205
71 128 205
16 173 195
55 137 193
26 123 159
42 50 251
14 198 216
77 71 155
65 138 205
25 22 96
86 18 115
1 41 75
16 196 242
62 116 375
76 137 217
33 3 42
93 80 180
60 139 245
25 151 180
49 126 213
73 80 336
26 200 230
12 29 41
12 41 96
41 67 111
56 176 402
93 5 112
86 15 103
38 88 132
81 18 165
56 146 207
17 181 203
100 123 226
56 32 242
9 196 205
7 11 21
2 149 162
53 176 235
60 196 264
22 88 114
1 166 211
79 54 307
66 21 111
26 158 190
88 74 243
93 57 164
19 165 320
52 141 195
18 199 248
89 90 182
82 90 341
8 52 107
83 190 273
57 128 217
81 35 123
44 114 240
47 26 220
45 65 147
81 36 161
40 37 97
12 56 68
88 15 133
13 187 386
67 124 201
72 6 85
52 39 91
37 132 338
69 146 251
96 185 287
81 174 359
97 42 149
60 13 111
58 41 175
22 101 130
13 26 45
43 42 87
56 30 94
26 192 220
63 82 147
21 43 231
6 34 69
78 129 212
80 128 379
43 92 143
38 129 177
40 6 51
18 2 53
87 12 104
53 174 235
71 139 239
53 135 197
62 147 214
77 74 298
92 84 204
63 90 170
33 56 97
22 59 95
43 41 178
59 171 240
60 30 98
28 184 221
52 133 185
51 26 147
34 98 242
86 186 360
15 108 150
12 53 183
63 103 232
51 94 220
16 10 117
95 73 174
49 126 219
7 8 57
65 194 459
86 72 228
2 21 68
59 7 97
88 56 184
52 144 204
10 199 215
28 141 251
14 90 114
59 138 204
68 112 201
31 57 108
60 72 217
43 129 176
63 196 406
68 40 114
21 59 197
49 121 203
