140
75 105 228
83 116 275
35 38 97
93 6 105
63 157 223
8 168 178
23 41 85
19 21 78
6 130 141
88 83 179
80 103 190
36 128 168
67 22 268
79 125 386
54 58 239
45 8 253
96 166 290
67 163 375
27 49 97
89 55 147
12 159 173
81 62 177
98 36 140
86 14 103
71 27 284
2 105 116
22 115 144
61 162 232
24 165 227
10 97 166
74 104 179
51 56 133
75 54 136
81 111 252
29 21 52
94 180 310
93 133 235
21 93 139
96 171 287
7 131 331
91 28 126
3 113 159
78 108 194
23 51 79
16 165 183
69 6 88
12 13 55
2 131 138
90 134 345
24 45 77
100 165 379
25 173 330
66 159 262
30 1 39
1 90 99
2 28 34
83 76 280
32 15 225
97 52 185
72 43 250
31 18 62
100 83 188
38 89 130
71 18 109
41 173 223
40 173 263
90 47 187
82 103 203
83 101 206
53 74 182
5 179 194
24 0 62
19 116 173
39 149 194
27 156 190
17 115 132
56 126 216
74 171 293
5 79 258
56 57 182
7 195 241
52 161 221
72 133 241
25 71 103
40 25 70
3 31 44
71 90 171
55 135 316
89 150 242
12 166 187
41 30 73
94 99 251
77 51 279
24 75 145
89 23 123
41 126 191
8 138 152
72 1 82
27 156 264
50 37 88
31 115 147
52 151 207
97 104 206
89 122 260
20 21 41
12 63 85
67 127 210
78 28 111
24 130 154
50 163 283
90 140 231
71 154 263
12 189 229
65 182 269
30 57 269
91 164 256
53 81 222
98 170 268
61 23 117
25 19 45
15 149 290
100 116 284
31 4 68
65 56 121
45 177 228
60 140 389
70 195 315
80 200 289
40 38 85
67 88 181
76 158 234
12 62 200
2 5 52
81 107 237
43 47 229
63 123 189
8 82 100
89 32 143
31 43 104
90 148 257
