880
27 89 159
90 70 287
41 194 238
55 15 75
20 199 320
79 83 168
21 118 187
47 189 247
23 157 316
73 159 238
76 118 194
84 23 107
51 89 182
77 137 315
53 121 177
17 11 69
97 52 159
77 54 149
44 102 259
5 52 93
51 94 152
23 113 143
55 99 253
46 51 141
57 157 248
4 23 69
72 19 94
4 172 235
94 33 132
77 160 370
19 34 71
72 0 256
76 122 203
88 191 286
65 64 149
63 99 183
74 142 374
55 88 148
27 19 52
57 141 202
40 70 286
79 64 171
6 8 58
43 109 257
22 154 180
96 176 279
100 15 115
84 192 277
20 101 314
47 163 212
46 115 316
68 175 330
90 176 277
3 127 132
87 54 148
74 121 382
11 161 177
32 53 88
25 61 93
85 160 247
82 158 260
75 129 231
81 181 382
83 94 363
45 124 335
31 59 95
95 82 186
80 75 157
60 109 197
33 143 223
40 192 413
30 163 203
63 120 192
64 135 214
17 141 163
95 103 208
44 157 207
23 34 57
66 54 130
76 50 154
31 124 155
40 73 150
82 199 311
5 168 181
86 165 449
98 95 292
93 178 395
82 60 201
98 124 229
46 86 207
100 197 434
87 92 272
51 25 110
12 152 171
72 154 239
87 85 345
80 82 312
73 168 244
10 109 143
29 114 152
97 9 135
90 144 244
59 49 108
41 159 331
52 26 123
94 72 183
81 166 348
55 13 105
32 32 143
80 127 211
4 123 166
91 128 247
81 13 142
12 91 139
42 91 155
82 63 293
34 198 232
1 186 228
56 178 239
22 150 213
33 127 163
38 145 232
74 31 224
36 63 108
7 141 173
16 114 162
73 109 187
82 36 134
25 0 64
91 196 336
82 175 260
79 122 252
36 135 180
48 138 205
41 37 115
63 61 190
20 137 178
68 140 231
81 199 324
87 91 224
81 105 219
88 17 105
15 72 92
16 160 177
55 160 217
1 39 45
39 62 111
29 4 75
6 111 272
5 80 95
44 120 164
75 131 322
83 61 268
88 190 288
94 23 118
23 132 342
98 51 162
86 180 284
78 29 107
100 39 187
93 189 369
93 158 296
65 141 213
34 167 228
32 152 217
80 148 273
3 91 237
1 90 94
99 158 434
63 161 398
41 94 142
37 13 221
4 157 189
54 119 303
30 34 66
16 165 183
15 66 147
80 200 413
66 129 207
22 7 113
12 148 190
3 109 125
26 172 209
61 96 166
24 78 150
32 188 279
72 137 253
1 111 155
72 29 117
56 125 374
11 156 273
60 153 217
40 51 157
91 120 302
20 135 155
91 19 154
58 122 253
2 140 304
63 0 111
65 199 311
56 63 136
79 42 130
90 55 184
60 66 133
6 82 96
95 180 285
55 93 152
9 161 343
37 109 193
34 88 128
14 143 159
6 152 160
29 15 64
67 188 390
24 95 145
49 53 210
2 32 44
30 61 101
23 197 332
8 56 246
88 188 278
100 149 276
2 27 45
76 76 192
44 50 121
47 56 182
73 197 303
5 181 229
33 163 362
18 166 293
34 39 114
42 90 151
38 77 118
78 37 153
58 131 226
44 51 220
94 143 370
30 187 367
10 17 189
29 126 177
41 145 191
64 32 99
25 17 48
27 124 152
52 4 65
81 104 245
3 136 144
18 186 207
27 171 214
66 144 210
61 90 292
25 81 260
25 95 134
99 88 193
77 37 192
9 112 309
10 176 196
42 182 227
72 185 263
94 80 224
97 178 284
72 200 401
71 190 379
20 2 30
6 111 304
41 44 267
9 119 143
87 71 161
1 41 125
96 77 175
46 32 126
80 60 150
86 195 283
50 193 252
6 117 133
27 82 149
59 70 230
3 11 23
76 185 269
44 84 135
6 9 64
16 88 110
96 130 248
58 34 210
29 41 94
21 0 30
10 163 177
85 105 198
86 155 246
92 164 347
76 12 97
72 192 264
93 18 207
29 33 106
48 45 99
11 87 104
85 186 279
50 170 230
42 164 268
39 194 234
99 9 169
54 111 188
51 173 388
35 109 148
69 64 176
3 166 249
77 67 266
69 94 168
37 45 168
78 33 119
70 185 275
37 136 183
3 167 254
95 192 293
37 119 164
91 108 199
87 29 177
56 175 233
68 86 260
46 157 286
79 163 366
28 79 114
25 153 227
84 81 210
17 39 61
58 177 355
70 125 200
16 60 76
39 101 171
12 126 145
70 101 199
5 91 100
96 73 174
45 31 83
54 176 235
97 143 244
48 111 179
90 101 203
36 88 164
44 108 154
37 53 95
30 82 247
44 162 262
65 68 141
44 111 186
93 139 327
82 75 161
10 150 198
48 56 108
44 162 215
67 174 260
57 51 194
45 61 107
28 102 155
58 188 252
36 183 304
13 39 164
98 30 136
51 114 266
99 120 253
75 123 218
33 5 218
2 53 68
2 187 195
78 78 156
18 164 183
72 189 268
38 196 432
5 140 174
66 164 236
10 92 127
98 10 270
7 101 148
35 7 47
49 122 173
91 90 188
1 76 188
65 176 252
29 50 83
91 33 130
16 46 219
64 29 264
35 134 177
93 76 192
80 158 255
85 81 175
17 140 159
17 112 131
10 171 345
95 40 138
64 155 269
46 5 58
25 53 79
30 120 240
35 119 194
76 92 168
17 83 145
100 121 267
2 144 151
65 76 292
4 112 166
20 196 299
66 168 250
18 49 75
40 190 362
90 1 99
2 127 223
77 88 318
36 195 235
17 46 66
97 65 170
98 3 103
86 146 275
58 60 123
49 98 152
30 81 111
75 22 105
74 176 261
24 87 261
28 3 38
77 118 200
55 127 189
61 106 191
50 3 94
36 97 241
64 131 200
99 25 173
50 168 225
29 30 65
61 63 232
30 137 206
1 20 28
82 84 177
25 33 68
9 105 183
51 74 245
39 116 179
1 177 187
37 187 248
40 46 96
12 126 329
98 182 287
58 37 114
83 80 214
98 189 322
93 72 229
61 76 154
47 93 176
82 6 224
28 63 95
47 107 154
90 198 289
69 27 98
74 30 151
9 58 71
71 123 295
34 181 258
19 7 27
70 148 227
93 119 218
16 38 62
66 178 316
11 128 188
47 177 349
24 185 210
15 179 198
21 162 193
38 59 115
80 187 277
98 148 251
34 75 155
80 193 277
47 47 94
10 72 118
81 187 288
20 13 153
77 40 127
15 60 111
49 196 245
58 150 216
59 170 229
93 190 317
100 43 219
88 104 198
43 47 278
79 27 296
23 9 80
37 109 174
26 53 237
90 35 322
51 155 216
72 129 395
91 65 165
33 66 139
43 56 109
48 34 216
46 118 187
74 146 230
86 157 243
64 158 227
90 49 149
15 120 143
96 175 277
12 54 104
37 50 169
37 69 244
54 87 195
71 124 237
13 86 104
18 134 190
54 122 222
80 108 191
76 40 123
97 130 239
3 178 185
3 145 179
21 76 103
70 5 82
31 195 233
100 134 235
22 9 33
16 152 178
31 96 130
39 91 326
12 61 228
10 163 316
28 87 144
99 197 346
5 73 114
45 144 345
79 199 438
52 54 161
6 24 179
100 171 449
44 85 131
65 161 236
78 110 194
57 62 260
17 130 157
48 37 170
100 65 170
3 157 207
91 179 357
74 116 383
48 166 241
64 189 256
41 140 209
16 136 218
17 156 180
51 114 212
84 85 175
38 39 122
34 135 357
24 116 300
91 144 382
60 57 121
97 105 268
33 194 246
21 125 190
81 134 370
82 200 282
66 55 147
72 198 351
2 114 137
80 85 169
43 31 118
73 4 81
64 54 122
90 197 445
47 0 53
46 147 203
6 118 313
69 144 291
22 118 143
15 98 115
75 3 114
49 38 148
27 24 52
85 98 184
15 84 103
7 154 189
98 53 151
53 97 150
86 107 194
23 95 245
64 96 179
56 119 176
32 51 201
20 46 74
2 84 91
21 89 119
82 172 368
57 42 99
29 8 39
21 42 70
82 111 240
20 157 270
74 43 277
69 56 186
70 15 94
75 79 166
88 141 232
100 162 343
53 133 233
84 177 262
74 174 248
73 168 245
23 105 255
44 130 184
25 56 87
97 176 280
71 153 229
73 136 246
86 139 227
4 120 133
64 121 194
46 100 150
86 187 303
27 41 74
37 40 87
83 108 216
40 61 141
4 0 8
74 76 183
37 139 294
50 47 108
7 9 36
75 32 140
7 76 143
6 104 120
45 178 392
8 125 133
77 175 346
52 117 176
34 31 114
23 121 144
28 33 67
2 18 94
94 147 330
43 193 238
9 187 213
20 134 162
61 49 117
80 49 243
83 100 221
16 71 87
20 156 367
54 45 185
23 49 74
48 90 249
66 93 168
80 161 263
53 131 213
55 20 172
56 30 223
2 92 97
79 68 285
48 136 189
90 193 460
44 48 140
20 196 217
8 12 23
63 89 165
84 166 387
65 44 115
68 26 96
82 3 85
82 70 162
3 111 114
8 39 56
49 1 87
65 60 151
79 169 327
21 88 155
58 13 81
73 64 264
28 183 381
77 77 160
3 65 220
83 148 306
34 132 302
15 88 117
86 57 240
51 172 262
99 59 159
42 46 287
91 125 234
9 104 120
7 106 122
59 2 67
33 120 278
29 3 34
81 44 154
70 111 183
78 152 239
4 172 182
28 172 202
33 2 40
1 98 115
100 88 204
73 175 278
84 55 300
65 142 354
72 119 215
48 11 95
43 89 133
53 173 250
90 43 164
47 30 108
45 170 254
88 92 186
41 46 113
32 133 207
99 95 200
93 6 108
44 66 112
82 1 85
91 25 121
51 170 328
95 75 283
36 148 314
28 4 75
70 145 218
3 7 17
28 73 109
30 51 88
23 103 197
71 175 253
63 74 325
64 11 148
37 157 212
4 140 254
23 51 84
96 117 214
32 190 223
68 35 106
13 150 212
51 7 116
30 36 183
17 69 110
17 13 60
74 141 221
79 127 256
71 171 262
46 85 134
86 23 124
5 88 184
19 141 321
86 193 279
89 87 214
12 158 217
7 138 151
13 22 127
54 72 136
94 172 266
31 117 158
55 147 246
59 157 231
49 39 96
100 39 139
84 169 261
4 90 145
81 181 406
44 62 114
4 4 145
21 4 35
16 109 176
80 47 148
98 164 272
36 39 128
18 185 212
51 182 384
93 52 305
47 6 61
42 198 283
29 71 145
30 2 38
8 172 315
94 70 188
85 164 274
71 68 182
30 30 68
1 100 201
33 80 157
89 11 219
35 93 129
18 29 49
11 70 154
93 121 243
32 197 283
91 79 206
47 61 174
36 91 133
71 46 260
63 137 261
51 182 234
13 167 376
67 81 152
97 24 123
21 67 95
19 123 148
89 107 229
77 123 204
17 164 183
58 176 242
74 98 216
11 43 75
88 9 101
38 109 155
38 83 121
17 0 26
11 136 156
3 172 178
36 152 274
43 134 178
53 105 349
86 70 205
38 74 118
22 191 219
44 54 100
74 63 140
3 45 138
62 180 419
20 58 85
86 162 257
46 30 211
40 33 82
10 84 95
80 150 237
62 113 186
90 80 189
45 78 270
48 48 137
12 81 99
48 34 194
87 66 158
54 199 287
38 29 115
57 87 151
95 88 295
4 141 151
31 116 172
26 10 49
96 190 305
97 171 278
12 106 133
29 194 223
63 47 306
63 175 243
48 81 218
94 91 230
76 119 202
36 67 125
2 10 16
51 85 138
98 73 221
81 151 375
17 175 193
83 146 229
95 33 131
63 195 264
99 128 236
61 131 194
33 129 220
2 134 183
5 84 216
41 69 110
21 160 215
25 106 141
81 13 132
88 9 106
95 144 248
76 142 226
32 130 264
10 19 30
47 56 104
10 143 196
83 74 163
62 195 452
1 139 147
