640
84 141 271
54 22 83
50 123 181
43 114 194
64 34 99
87 2 93
55 159 239
40 20 244
17 148 202
77 121 335
36 186 381
7 193 250
36 20 60
52 47 134
9 21 63
55 87 331
81 178 262
39 27 74
23 15 96
46 80 127
46 65 128
53 181 238
82 152 391
70 131 380
67 37 113
1 59 220
73 111 223
59 129 199
35 89 128
40 105 181
67 17 92
36 124 182
52 132 193
18 69 92
24 163 295
14 185 239
95 60 157
20 10 94
22 175 207
42 23 252
72 29 110
5 78 84
29 13 50
92 81 211
83 50 175
30 169 230
32 39 107
33 181 224
81 79 250
99 122 222
62 173 273
62 165 291
82 41 130
3 70 269
3 94 104
16 29 45
17 80 145
54 199 317
19 129 191
43 93 156
77 18 104
61 55 129
100 142 359
51 4 64
7 147 159
21 195 225
11 146 173
62 128 213
10 112 165
67 18 181
64 71 287
88 186 431
26 35 76
28 160 237
16 102 204
27 21 56
87 76 168
59 117 305
2 87 134
33 154 210
21 90 111
18 18 37
93 37 136
2 117 167
28 174 232
89 104 240
14 97 129
92 182 276
67 160 227
77 42 280
62 183 254
65 26 175
14 176 245
10 102 120
48 76 161
7 113 148
85 116 206
58 175 243
97 100 210
56 152 211
25 78 133
16 184 210
85 3 218
52 90 170
58 13 77
11 72 85
33 29 161
86 165 278
79 70 164
63 30 143
95 164 338
30 80 144
83 31 134
68 9 117
21 40 62
98 183 291
39 154 284
71 111 189
60 12 112
87 184 315
23 75 141
18 145 192
17 48 78
11 123 234
27 41 69
55 158 247
15 151 171
24 53 85
46 192 244
63 192 425
42 75 152
58 93 193
48 17 97
81 77 177
27 85 134
64 83 187
73 76 324
83 53 137
84 162 249
58 32 203
66 75 165
56 68 137
58 67 294
48 127 198
39 10 95
99 103 211
87 169 256
31 134 167
63 180 276
97 160 327
17 52 110
91 43 136
53 110 355
2 87 92
25 127 209
61 88 156
69 178 311
12 85 178
17 28 194
88 123 213
95 198 296
41 183 231
90 10 101
51 78 134
33 38 78
40 130 213
19 35 246
79 75 161
5 189 213
14 10 157
25 27 56
71 154 246
83 90 181
39 67 108
4 38 48
10 105 260
79 44 160
34 176 228
31 4 60
42 94 146
87 74 181
44 176 226
27 77 199
31 31 122
85 9 96
58 6 123
61 91 158
49 175 299
70 87 160
41 41 94
58 2 94
35 55 92
41 5 56
87 24 114
55 147 207
68 178 440
28 133 164
35 88 277
20 126 238
55 183 261
55 125 186
9 80 94
67 160 340
53 5 60
14 183 198
61 48 116
36 162 204
12 55 132
69 44 140
60 6 99
34 155 246
3 56 219
25 33 83
81 197 279
24 94 120
45 90 157
88 147 255
17 190 208
17 41 66
79 117 216
55 120 207
59 196 402
61 185 295
97 96 197
89 3 99
53 164 225
32 87 131
28 155 229
90 12 109
1 167 230
22 193 220
44 162 398
70 44 121
92 146 336
94 79 241
72 167 306
78 91 179
48 9 107
48 128 185
11 163 191
67 200 268
77 163 392
55 53 126
1 191 196
37 85 168
18 98 119
34 183 231
16 54 75
71 73 148
47 93 183
8 7 40
23 25 58
43 78 170
70 169 433
18 37 74
95 101 263
60 22 121
62 53 121
47 74 123
30 10 65
29 7 45
55 5 70
19 6 140
18 104 130
61 57 120
9 29 48
72 74 170
7 95 109
22 144 340
41 20 91
43 185 232
56 31 97
70 59 134
88 189 297
18 54 73
10 129 188
74 167 351
94 78 207
90 107 284
66 26 102
28 77 262
21 159 219
89 125 216
39 66 107
34 5 163
35 107 196
52 59 114
87 154 246
23 28 90
83 34 131
19 9 33
10 128 138
1 199 242
16 169 339
55 92 151
50 83 148
87 61 190
93 187 284
28 196 224
99 117 221
77 140 219
78 184 264
82 194 319
100 57 164
32 71 108
84 47 138
98 143 279
80 126 290
51 81 134
3 96 118
28 194 232
46 139 378
76 85 162
59 113 174
25 18 92
3 145 192
84 17 130
76 32 266
1 116 268
96 13 164
95 28 145
17 197 235
21 17 60
85 128 215
73 124 202
36 36 74
30 83 127
21 87 299
61 128 323
83 70 156
13 150 166
80 171 263
97 58 204
21 39 147
90 39 196
12 88 109
94 124 410
47 49 116
2 103 115
22 97 152
39 28 119
8 29 67
100 142 246
29 53 112
33 126 163
31 178 255
66 12 90
43 4 86
26 22 78
13 74 134
20 75 132
94 159 291
82 47 303
70 156 248
99 21 127
63 67 267
69 17 117
64 155 224
2 39 49
29 119 278
61 192 263
48 49 117
94 84 186
30 125 162
56 89 154
13 69 108
96 19 135
70 114 226
85 99 330
49 165 220
25 85 110
32 113 153
99 44 169
84 119 226
53 59 113
84 171 256
67 54 315
92 59 155
84 187 321
41 34 85
85 65 158
66 29 201
49 144 201
54 132 214
20 159 180
46 175 252
70 141 385
37 123 251
26 135 163
6 158 186
97 168 310
26 84 116
46 159 218
12 84 106
71 140 344
78 101 218
85 95 376
54 149 227
78 32 124
76 54 131
84 167 364
36 30 74
81 22 153
100 67 173
46 16 68
89 162 423
38 111 198
1 95 98
65 166 287
30 183 213
39 183 226
96 24 159
38 5 43
61 193 443
58 115 178
27 23 93
24 190 223
9 153 169
36 53 182
6 169 214
3 181 319
85 116 201
31 66 139
98 70 195
46 66 115
26 48 80
17 97 115
5 134 206
85 132 222
60 18 85
73 61 144
67 154 229
64 14 82
57 8 68
73 90 250
89 125 238
48 189 243
61 186 251
27 100 167
46 54 105
50 196 256
5 145 157
19 129 149
70 192 264
7 50 107
97 65 164
83 8 121
85 56 313
21 3 27
54 111 213
35 118 352
19 199 250
85 111 315
28 147 175
79 80 165
84 66 167
6 114 161
13 145 357
33 10 71
10 34 67
55 192 251
89 173 267
6 50 69
66 13 240
64 51 314
74 120 195
47 184 236
29 18 56
83 97 188
70 161 231
2 199 211
97 67 164
16 49 71
34 188 226
81 148 230
54 156 213
66 39 110
20 129 149
85 42 267
94 55 151
26 101 130
53 121 175
19 113 297
33 77 275
38 62 109
78 27 146
64 175 354
37 42 81
86 14 224
18 198 217
19 197 304
7 35 46
85 125 253
22 57 81
82 183 276
46 116 171
38 111 340
17 11 63
70 90 349
62 157 237
52 160 260
74 177 254
45 144 229
32 108 159
59 169 239
27 175 206
29 151 185
18 176 216
48 147 195
9 89 218
50 158 216
19 102 244
10 32 50
97 6 151
71 15 92
96 156 373
74 102 356
99 91 301
87 172 259
30 196 235
18 199 284
3 92 96
61 179 241
10 118 144
59 160 228
44 64 199
38 71 136
23 185 221
58 147 215
78 87 172
59 15 77
39 54 111
27 185 233
59 16 75
51 166 258
16 185 208
82 107 200
56 138 204
4 126 139
81 99 192
4 96 270
24 186 217
71 50 236
73 6 139
38 100 332
58 195 265
72 54 170
19 120 141
96 24 150
64 178 251
95 199 343
100 14 116
2 55 62
18 94 112
12 155 360
59 62 284
29 74 107
57 67 125
61 187 258
87 56 143
86 149 430
36 149 201
83 115 293
11 189 201
72 55 234
44 193 246
20 146 175
22 135 191
55 39 96
8 45 86
3 162 270
7 87 152
22 124 212
71 134 210
26 190 366
70 47 117
1 146 179
36 136 217
87 131 218
98 29 138
60 123 228
56 161 218
78 13 134
50 63 160
40 195 243
89 26 128
66 142 257
31 0 31
82 92 368
24 86 160
96 125 229
73 174 266
32 186 377
85 131 221
94 174 292
48 64 275
79 91 305
79 96 247
59 168 233
28 149 342
14 29 81
64 16 205
96 98 227
50 109 160
71 96 332
43 171 359
49 100 155
90 96 214
30 107 185
84 129 221
92 40 135
41 152 226
88 156 262
63 184 253
37 64 113
16 178 242
56 81 158
74 9 276
78 195 286
87 198 334
47 24 101
62 36 104
69 45 174
41 171 240
96 55 163
75 22 141
1 191 381
56 61 161
50 197 339
32 191 241
3 56 74
15 121 137
96 64 171
80 69 339
40 7 91
48 184 274
33 192 227
70 59 139
47 125 174
76 96 198
