160
89 63 177
97 9 110
92 14 152
56 175 396
47 138 239
91 118 405
59 28 255
50 174 273
8 56 97
5 133 271
100 24 242
65 114 291
46 178 252
24 175 204
98 160 262
1 15 16
25 3 78
59 132 231
26 183 212
44 40 159
79 165 402
77 124 205
49 99 195
78 50 168
27 45 165
90 156 273
4 82 86
69 187 260
62 28 94
76 136 215
55 138 210
70 48 126
49 128 184
83 106 190
26 42 102
83 27 146
3 61 85
37 130 171
80 22 111
55 172 277
32 116 149
59 7 162
86 198 396
100 129 426
51 151 207
68 101 191
59 52 121
25 84 119
47 76 128
39 132 180
20 67 93
77 132 239
17 109 155
54 147 244
84 34 144
75 144 220
27 7 44
64 3 69
36 193 229
35 189 234
17 39 56
70 133 279
31 137 198
14 120 180
18 17 76
70 89 189
59 95 155
74 2 120
48 24 119
67 65 133
55 195 280
37 123 167
37 4 45
21 20 46
7 119 135
13 9 30
80 153 298
34 165 205
90 92 262
64 43 116
7 200 342
12 103 129
60 101 190
42 137 221
46 76 249
29 47 86
23 159 296
75 131 212
24 134 287
82 64 189
81 15 111
47 117 190
25 77 116
68 191 297
54 25 168
10 70 144
95 134 232
74 107 181
9 64 83
41 146 236
30 196 276
57 130 386
23 100 133
96 141 309
41 173 221
20 165 308
57 41 289
26 17 51
88 29 124
11 110 166
37 90 142
4 192 242
91 100 200
93 118 259
57 104 161
47 145 289
73 189 310
73 95 177
34 17 52
70 63 217
45 144 281
31 72 201
89 175 270
69 96 174
14 14 36
87 77 355
48 137 200
89 127 229
100 11 139
60 6 106
13 62 92
32 32 109
18 174 229
52 131 216
20 128 156
13 168 181
13 72 87
44 102 158
13 136 150
75 120 204
23 47 197
48 5 82
6 5 72
17 50 159
23 115 217
20 96 248
87 72 161
71 68 330
59 58 198
94 90 188
94 185 338
90 46 177
71 109 241
67 124 237
33 10 52
26 13 43
56 172 230
37 79 134
81 48 162
66 125 193
