520
99 51 182
15 178 212
52 187 249
66 80 167
90 112 221
93 124 250
38 132 206
100 111 219
41 95 141
98 7 115
64 107 369
26 73 100
24 33 60
43 140 321
17 149 186
73 120 221
54 12 102
5 8 15
33 83 138
71 44 145
50 137 196
25 173 206
54 91 166
62 80 146
58 77 150
62 154 258
42 16 63
42 161 306
53 114 323
57 188 246
56 15 92
81 27 141
89 33 165
78 67 186
65 49 275
18 142 168
48 192 280
51 78 161
84 20 128
39 24 102
27 55 85
42 181 230
52 167 227
41 120 185
88 84 184
88 135 293
34 111 193
18 16 37
29 87 166
20 142 178
51 78 159
89 59 157
53 48 107
5 21 26
96 96 193
90 15 125
27 145 211
33 41 112
63 99 167
49 59 149
7 95 108
56 41 169
75 77 158
6 126 141
81 23 106
29 24 56
22 54 121
27 189 243
30 3 78
6 48 63
91 192 312
5 33 179
75 80 299
69 58 131
8 199 214
30 15 49
98 78 177
30 154 184
5 86 127
1 157 162
21 29 60
50 27 151
26 141 332
23 31 106
100 158 269
60 193 300
7 117 126
4 82 178
73 194 279
28 87 278
43 158 228
80 162 313
27 182 285
26 13 174
95 107 255
44 152 206
74 121 195
30 39 69
72 58 194
75 94 177
74 120 198
46 11 136
79 37 124
14 142 166
69 102 174
69 136 353
70 96 166
44 16 97
54 62 126
38 176 223
68 191 268
47 34 118
43 173 329
13 20 48
73 123 373
64 192 286
89 4 124
18 9 45
96 102 205
57 181 252
26 158 230
89 22 118
33 127 172
92 44 137
84 75 165
19 142 287
65 176 247
25 26 63
23 97 124
49 197 251
86 134 413
38 165 209
64 195 268
45 83 137
99 61 208
44 86 159
70 5 118
35 154 202
79 161 243
85 171 264
28 0 43
100 64 207
26 181 217
9 58 70
61 97 203
6 92 243
89 23 251
91 191 313
13 18 88
13 78 217
43 111 304
49 96 155
8 65 74
33 44 85
93 60 155
98 185 324
61 136 206
46 71 119
27 10 155
36 72 135
74 133 215
64 42 153
4 187 208
14 111 127
30 87 119
12 98 133
49 149 239
63 104 189
41 90 256
79 9 160
46 113 161
14 107 125
95 10 191
46 7 81
55 154 277
79 145 225
5 12 19
58 146 208
57 7 66
5 26 37
43 132 184
77 190 312
76 1 238
37 198 271
93 103 357
40 46 108
36 17 181
38 55 100
58 22 83
6 133 143
96 189 339
6 22 42
16 191 209
30 157 193
89 153 279
77 56 166
63 133 200
79 20 110
54 45 161
65 62 168
24 11 80
76 191 271
40 103 188
36 65 273
6 108 122
68 154 247
25 84 144
93 53 149
47 30 115
26 174 205
10 188 260
1 8 19
82 65 147
70 71 182
64 56 155
32 108 294
4 178 329
63 126 238
77 178 435
90 48 141
29 119 163
97 78 221
30 140 301
93 146 271
65 2 134
70 139 292
3 82 170
92 191 288
89 26 121
72 63 333
90 89 208
86 191 342
69 45 118
87 113 234
34 72 106
22 151 182
49 186 378
87 99 383
4 51 57
52 12 71
85 42 164
15 118 153
62 124 246
97 76 178
45 109 160
34 55 127
51 116 197
17 62 88
19 191 235
82 100 191
55 48 130
64 58 157
90 111 243
47 20 87
54 38 93
99 3 233
18 122 147
98 66 192
86 148 240
77 28 105
58 60 127
78 198 285
30 51 94
8 9 63
64 36 125
75 185 269
45 140 209
69 52 152
32 38 141
5 53 65
69 123 196
96 38 313
20 199 231
36 15 52
14 149 210
82 148 244
94 141 245
82 119 236
57 131 191
80 166 333
93 187 284
49 37 87
70 65 332
43 47 126
41 186 248
79 21 196
23 171 208
97 66 209
60 165 249
100 20 140
5 102 109
74 176 253
40 199 274
50 37 89
18 162 183
72 127 214
34 97 176
85 70 157
51 25 81
27 127 191
75 78 155
80 34 170
72 129 203
70 127 218
85 61 182
26 85 119
70 22 135
46 81 173
8 186 205
44 0 68
88 0 101
7 34 56
63 172 238
78 67 145
9 103 126
60 97 177
59 139 208
75 63 169
35 143 181
97 123 226
19 59 85
57 165 228
51 117 168
1 176 183
59 27 168
91 56 147
71 63 180
45 157 369
98 70 183
96 12 117
50 72 125
90 147 257
53 146 396
95 184 360
27 34 82
93 140 261
68 8 112
17 196 213
43 49 184
64 117 210
47 28 88
83 180 267
56 159 259
6 163 170
15 17 35
47 169 217
82 151 235
61 171 239
82 97 189
83 115 204
54 197 258
55 147 230
79 118 199
58 45 129
85 191 276
80 119 298
77 124 223
65 125 192
51 93 227
19 198 219
38 155 300
49 139 237
75 18 122
35 47 110
82 3 87
60 137 214
69 98 195
70 29 99
53 184 296
39 166 403
11 197 242
46 179 228
75 103 208
29 48 238
10 118 294
77 84 164
29 42 103
76 197 275
46 12 60
69 22 183
75 17 112
24 94 120
49 112 196
15 33 138
22 192 254
35 199 236
93 142 241
29 130 254
9 12 23
38 38 166
84 109 196
35 200 237
1 158 205
29 122 160
63 149 221
97 100 199
95 118 223
3 115 181
47 156 349
81 136 236
33 137 184
83 186 437
76 164 244
68 42 113
41 60 133
36 94 137
58 49 126
76 31 112
67 93 343
59 171 238
8 157 169
86 163 280
99 1 209
42 25 219
15 65 253
1 14 42
36 40 203
90 185 276
78 154 241
53 52 143
93 151 359
34 120 154
64 182 298
15 88 116
24 193 221
56 94 273
32 82 121
74 99 185
68 170 316
46 59 105
98 6 111
7 47 56
51 147 370
46 7 59
43 33 79
63 134 332
100 25 177
17 193 232
9 20 154
15 91 111
4 4 8
25 150 204
77 8 93
88 133 231
47 58 127
8 58 75
54 10 73
17 89 125
45 166 338
41 94 160
55 47 292
15 135 186
77 72 153
57 131 345
76 109 297
83 79 194
88 33 211
81 100 192
5 42 48
40 15 246
28 83 113
11 90 109
88 17 106
83 149 275
26 84 120
13 153 195
33 139 176
45 172 228
54 100 161
82 107 213
60 20 95
88 53 194
62 84 187
76 70 167
32 82 250
6 65 73
82 82 223
86 48 158
70 80 156
53 63 165
75 10 233
16 103 296
7 0 11
9 172 191
68 150 226
22 184 209
91 111 351
22 101 151
12 36 48
84 90 196
43 133 179
50 125 180
53 1 55
71 124 226
46 73 125
5 87 94
52 164 260
87 32 307
36 119 318
94 25 153
85 90 175
84 45 265
72 191 405
45 168 329
42 125 175
44 65 113
21 14 64
12 174 196
5 111 142
73 60 173
72 96 172
83 120 209
19 34 57
80 50 150
33 12 46
55 1 65
85 183 445
2 69 116
3 183 191
28 35 68
