450
43 177 244
20 172 228
44 10 63
49 117 174
3 27 46
86 172 282
62 88 204
72 175 413
37 62 188
85 122 254
100 19 125
6 38 50
83 96 185
69 177 255
13 189 251
14 3 23
79 96 201
29 128 166
60 169 256
48 101 221
55 133 272
97 167 285
48 10 62
6 47 76
58 182 240
95 136 321
26 30 164
21 102 139
63 59 124
64 170 297
96 180 318
80 111 200
80 0 143
22 195 218
2 151 160
5 81 88
18 184 204
63 182 337
69 171 246
84 116 375
6 76 223
33 187 352
31 42 117
78 69 151
69 172 287
36 39 82
9 116 251
69 110 207
35 114 198
60 15 77
4 195 224
16 127 151
71 119 193
100 151 254
80 72 169
71 156 230
88 75 183
14 61 81
98 96 204
53 157 218
22 67 130
64 108 288
76 96 215
39 48 87
7 199 378
59 117 176
20 56 76
79 118 197
93 96 194
17 181 205
100 163 422
34 75 145
43 7 84
44 13 102
97 193 294
94 182 289
62 37 104
34 105 177
82 84 183
9 169 181
72 112 190
51 31 175
88 76 209
3 94 146
62 154 248
73 140 334
61 3 77
15 10 27
93 165 305
22 67 118
13 127 170
7 5 19
67 130 199
80 86 173
40 147 293
95 17 142
20 152 172
58 5 252
79 163 246
88 141 247
29 189 377
81 142 228
51 129 185
17 4 26
47 49 99
17 175 246
25 132 194
19 72 267
37 153 193
5 110 144
12 48 95
79 116 221
93 29 123
46 80 232
22 47 201
18 155 183
28 145 243
47 68 122
66 29 98
17 24 51
37 122 163
73 118 331
4 111 139
49 197 281
80 1 85
89 127 226
4 41 55
67 185 255
88 0 96
48 101 154
92 170 292
63 57 155
62 8 75
5 0 100
83 35 120
37 89 199
51 154 243
22 123 169
67 67 267
32 106 241
2 143 336
79 10 117
79 197 279
44 67 114
14 121 273
6 95 105
14 137 264
69 191 427
66 134 203
15 5 27
43 116 159
5 84 90
20 44 71
82 193 290
99 135 362
53 166 228
99 2 106
80 169 277
43 177 229
46 151 200
38 52 125
27 85 149
74 172 249
68 129 268
68 163 265
79 23 109
41 176 271
27 4 38
74 70 145
6 144 154
78 79 223
73 23 264
75 146 320
90 72 187
4 11 16
37 40 188
40 116 202
54 45 114
59 180 244
46 93 143
5 195 221
79 106 378
62 183 246
93 171 272
39 114 154
75 65 230
91 158 286
1 195 201
86 73 285
28 51 86
2 22 133
90 23 138
5 163 173
18 156 369
44 183 233
22 43 73
93 99 202
90 42 179
5 180 382
61 117 181
63 84 174
93 163 301
80 186 313
6 172 186
63 32 185
100 176 318
51 122 176
37 174 216
39 193 425
9 40 89
43 64 127
47 139 222
76 12 94
72 74 181
11 32 72
64 134 215
86 107 193
90 82 314
3 145 148
34 16 185
52 97 188
91 176 307
77 186 375
16 42 68
82 20 111
45 158 293
30 174 214
26 113 282
28 110 182
16 119 145
30 79 140
40 116 220
90 24 274
25 170 204
35 185 220
75 36 161
4 69 80
61 7 104
8 172 188
3 138 148
100 106 228
3 95 126
21 128 239
88 65 330
91 130 261
17 161 207
23 24 173
79 189 272
44 137 209
1 90 103
57 122 179
95 8 113
84 148 235
69 63 138
46 0 68
83 4 108
56 133 199
97 99 202
97 47 202
55 106 168
34 199 234
11 99 274
75 162 238
89 43 163
99 50 156
8 64 112
47 161 214
32 71 153
2 128 134
32 135 168
35 94 179
15 117 134
16 117 308
14 76 248
82 71 196
45 134 226
81 157 423
90 122 325
12 101 132
70 67 184
86 198 322
59 79 142
5 119 154
23 110 149
62 59 229
83 150 234
54 22 238
26 40 69
49 23 80
31 161 236
74 50 128
33 4 55
28 185 294
43 171 266
17 67 113
17 33 111
45 117 266
21 149 354
94 42 165
94 107 207
65 58 129
22 195 222
70 98 191
61 133 279
58 113 346
71 198 284
46 123 169
51 125 215
32 47 87
66 133 234
27 91 149
87 99 186
2 194 198
97 129 255
49 153 205
28 40 70
66 54 136
29 99 128
85 178 292
70 61 137
73 152 308
78 117 222
83 36 151
6 188 198
34 115 241
43 149 237
70 12 179
10 74 93
42 107 164
7 9 26
35 34 96
87 112 207
65 173 242
45 54 102
90 8 104
28 122 197
50 103 204
61 32 226
4 88 99
74 124 247
87 119 223
78 42 127
80 94 191
96 38 226
52 113 209
18 68 125
63 70 218
21 66 87
12 28 48
73 94 211
6 62 99
62 157 372
100 92 321
89 70 207
38 191 318
62 20 84
28 5 56
91 117 227
42 72 297
80 12 236
60 123 192
37 22 75
18 135 186
59 110 239
33 1 38
26 164 211
19 137 198
48 170 227
90 12 137
83 16 109
51 153 225
88 92 190
7 162 201
5 84 279
94 62 192
71 73 151
19 70 96
44 183 362
55 136 260
39 178 233
43 142 219
13 102 122
90 104 202
84 194 377
80 83 228
99 49 148
77 61 138
17 28 49
63 181 269
86 27 233
58 49 188
10 19 32
22 88 112
19 113 176
69 24 116
11 144 233
77 133 326
22 64 134
52 102 342
81 62 331
58 16 115
5 187 205
26 162 231
16 104 128
86 78 327
95 155 278
72 136 257
29 194 236
13 184 239
91 68 277
60 11 121
31 133 172
3 36 149
85 195 290
24 30 153
38 62 106
2 124 158
52 39 101
3 48 52
82 82 174
10 31 44
81 174 305
66 72 159
78 102 185
72 18 161
52 185 279
37 132 218
97 189 288
64 89 158
99 74 180
15 170 188
73 118 193
80 111 191
85 66 324
95 34 198
30 59 94
1 139 190
47 79 163
95 124 257
25 74 147
72 39 117
57 64 233
57 125 182
66 136 203
8 115 130
23 152 285
66 187 434
26 179 205
74 178 254
61 186 248
