530
33 43 124
26 22 49
5 183 332
80 79 352
32 121 163
37 180 219
96 160 331
11 79 136
21 185 229
23 49 243
42 118 190
90 148 240
56 128 198
1 86 90
76 78 200
9 3 105
21 174 198
1 124 125
8 47 70
100 54 160
26 128 345
51 84 233
9 134 153
17 135 192
59 150 210
23 116 321
58 41 233
16 116 136
36 175 243
42 57 107
73 52 281
16 88 153
11 166 179
88 84 180
94 192 316
54 63 300
63 120 223
33 160 279
80 133 223
3 161 170
36 132 247
73 2 109
65 177 431
51 147 199
71 24 114
12 105 166
93 109 204
71 198 271
18 97 121
10 101 117
40 122 245
29 159 363
66 19 252
64 191 265
57 110 326
62 186 251
100 150 333
95 4 280
17 17 42
42 9 80
83 190 352
6 191 216
19 79 125
78 16 103
8 198 208
68 22 255
59 68 221
49 66 203
4 137 147
76 6 87
95 0 104
2 68 72
25 102 175
26 108 134
31 199 391
4 45 56
96 131 242
82 28 120
78 39 124
29 178 215
74 21 121
40 50 97
45 25 114
87 92 194
58 112 270
87 90 339
44 11 82
42 140 192
33 56 94
34 112 148
87 100 222
9 48 175
84 82 179
8 87 104
51 27 78
51 17 219
94 72 270
7 41 92
72 48 170
91 99 196
64 70 138
45 182 256
54 86 248
41 191 426
5 173 196
54 27 122
23 118 160
55 6 69
69 59 145
75 119 272
76 13 134
91 88 363
12 174 192
68 24 95
75 176 314
53 123 286
37 74 112
69 198 346
6 102 155
63 194 312
49 37 93
68 176 279
76 155 240
76 150 249
100 18 131
85 92 286
82 167 252
14 23 39
54 47 267
61 100 338
17 148 167
90 58 193
53 136 351
39 124 205
47 146 200
25 73 254
86 99 375
69 27 291
46 198 297
23 151 179
85 54 140
34 85 295
57 97 172
60 121 309
85 8 123
31 179 216
41 107 172
9 97 151
35 197 275
90 126 221
62 198 318
55 46 107
25 171 296
19 111 220
98 148 248
75 128 241
82 166 253
68 182 270
43 10 59
21 1 62
28 154 259
12 6 84
68 97 205
95 135 371
44 144 230
34 147 191
56 145 227
54 147 225
38 122 160
49 19 244
15 184 248
30 15 56
22 104 307
97 7 275
71 147 228
71 114 326
70 29 102
88 21 119
31 13 84
13 182 315
98 101 203
35 161 196
6 123 150
50 41 94
38 73 111
49 50 226
32 28 260
91 98 191
3 181 278
95 144 266
10 115 152
48 101 250
63 137 202
2 22 115
83 38 183
53 93 170
89 98 211
22 64 92
9 81 123
72 159 267
41 195 238
54 133 196
96 101 205
12 96 110
49 103 330
9 96 266
73 152 225
65 179 260
36 38 87
6 71 122
21 150 177
96 35 179
39 90 137
32 110 149
54 32 151
78 118 232
60 169 318
33 184 252
30 151 186
43 191 275
66 171 238
23 31 77
16 106 245
7 7 15
96 176 311
24 63 92
98 194 334
35 144 179
5 155 169
86 72 161
11 143 293
98 12 146
60 96 165
95 145 247
100 179 290
81 71 152
47 137 199
78 114 365
22 58 90
57 71 133
32 87 162
16 70 86
20 87 214
59 161 224
53 172 233
60 59 212
53 137 247
11 88 104
78 128 399
89 185 283
46 3 132
92 155 268
89 54 324
32 25 87
96 196 429
28 76 112
96 47 144
69 117 216
88 62 160
49 91 160
93 89 245
11 19 62
54 106 256
89 41 138
5 57 250
32 36 105
59 13 76
73 88 336
70 180 253
23 147 188
34 135 188
90 77 172
80 118 198
25 72 130
68 75 161
40 93 174
74 182 432
76 12 94
54 28 85
65 19 118
94 14 112
91 134 235
9 102 134
8 75 117
70 67 164
98 189 309
82 171 256
28 142 173
77 156 240
81 125 256
88 52 147
21 125 149
96 196 490
62 84 150
10 43 159
91 125 247
35 1 40
60 166 410
8 199 216
46 126 212
71 20 102
15 118 135
8 55 100
18 182 217
90 28 233
68 115 189
94 68 165
17 71 91
26 139 171
73 73 295
96 126 231
23 189 216
40 117 237
51 80 149
24 16 43
85 140 340
77 180 262
51 123 288
43 193 389
68 147 221
19 186 214
68 7 85
54 161 220
5 160 168
74 107 185
27 67 133
69 119 193
8 126 317
58 17 124
7 140 199
48 141 192
11 198 244
64 98 163
85 52 248
59 118 219
88 23 161
35 10 53
82 0 104
88 70 172
82 54 221
72 100 221
9 160 191
83 28 140
76 189 266
24 102 126
6 154 167
51 33 110
36 106 245
79 38 213
93 175 273
86 93 222
54 42 288
71 172 246
82 82 210
5 190 362
5 9 110
72 22 100
42 142 189
75 181 276
67 26 127
55 156 252
16 5 50
38 129 172
4 127 140
12 81 95
59 149 218
12 189 307
12 130 220
79 60 146
96 133 233
65 49 119
29 122 171
90 193 305
56 48 270
31 56 128
59 93 158
39 191 250
25 125 209
35 118 153
86 139 308
33 83 126
50 200 260
38 39 127
99 73 215
65 38 150
28 127 190
27 136 167
32 158 208
42 96 177
83 33 119
30 91 121
40 188 372
68 7 113
24 129 174
44 39 128
73 159 239
84 15 119
55 72 131
23 115 140
68 154 293
68 63 152
22 42 76
43 1 53
49 177 227
14 137 159
37 181 258
90 76 300
50 156 252
41 68 215
38 127 337
1 53 63
62 24 124
70 104 181
56 10 135
80 50 146
98 51 161
47 186 233
31 60 137
5 26 64
2 140 299
39 112 155
15 176 221
62 170 250
58 98 160
35 158 232
69 172 412
9 179 230
54 186 243
50 12 120
75 82 157
35 170 247
35 183 223
25 8 41
63 44 107
71 126 352
37 130 195
59 64 165
2 188 384
70 129 208
60 10 72
51 196 255
11 16 31
17 90 141
64 118 182
43 79 127
13 118 139
72 22 122
21 71 102
26 123 159
97 27 135
28 5 157
37 85 320
40 157 285
91 26 180
74 96 180
21 93 117
20 102 128
98 168 276
16 121 153
81 63 154
31 69 101
26 32 61
22 181 204
35 149 186
77 81 206
37 77 124
49 172 373
19 28 165
99 24 288
22 104 126
87 116 206
40 8 80
7 148 159
24 39 65
34 188 232
41 181 222
35 126 193
37 185 260
76 183 388
77 125 347
70 199 392
16 101 268
13 135 267
41 141 221
97 158 285
48 161 218
80 1 257
47 194 255
89 19 304
52 113 169
76 88 194
51 57 118
56 142 233
43 195 435
27 83 160
18 120 146
37 48 94
55 74 139
99 164 300
91 128 361
63 120 287
89 199 391
29 76 142
77 68 154
72 48 303
84 60 290
30 94 165
74 143 224
34 167 309
70 181 445
25 28 53
85 32 163
6 56 110
54 20 86
27 21 158
39 167 211
86 46 163
80 63 305
27 90 120
65 87 164
44 19 64
60 125 211
73 75 326
40 95 147
86 57 230
93 78 209
69 171 247
13 13 33
19 129 194
32 74 219
