430
95 55 159
56 75 132
62 110 180
75 179 304
46 108 157
74 39 121
84 146 232
45 115 164
53 134 213
2 83 90
17 15 46
16 197 221
43 55 128
11 24 43
29 17 242
96 10 115
90 6 132
39 67 117
16 199 245
72 178 257
81 195 281
7 141 252
95 86 205
31 4 35
66 146 321
14 83 101
57 127 193
72 57 327
27 149 184
84 118 206
33 48 90
98 15 255
92 53 149
20 102 150
36 34 79
12 182 347
47 177 414
93 166 402
69 74 228
20 74 154
93 107 200
61 12 80
86 184 297
86 162 295
86 30 158
84 87 173
24 91 166
99 57 299
26 170 219
2 86 92
88 176 285
43 150 221
19 21 41
88 69 198
38 137 198
100 116 226
23 153 188
25 54 89
11 1 36
33 55 96
32 60 119
8 143 155
53 46 101
27 181 226
90 171 409
11 102 153
98 156 261
90 23 115
80 96 208
77 10 92
73 124 210
58 142 399
99 73 218
44 8 57
72 82 314
89 96 196
82 106 363
81 157 244
3 183 189
57 97 162
52 135 192
61 42 122
13 185 203
47 124 269
83 78 161
23 128 197
53 179 236
71 126 203
66 170 236
10 77 111
10 128 143
46 111 191
16 193 313
22 128 154
40 51 113
63 182 299
4 115 125
54 184 244
92 27 158
51 152 207
67 81 156
37 62 172
37 35 195
22 44 68
35 47 82
85 155 248
40 93 171
84 190 337
29 79 152
98 187 288
27 168 204
53 140 343
68 163 292
31 141 189
44 167 312
77 11 129
70 65 140
14 164 187
76 143 269
18 195 254
98 31 130
72 44 274
24 43 75
21 87 294
26 144 173
28 36 106
49 62 165
10 173 185
25 56 83
71 180 257
89 161 255
28 63 277
48 179 233
21 77 150
85 56 144
83 12 114
37 73 140
41 101 152
44 156 201
24 48 74
44 66 113
74 158 255
13 187 238
63 82 171
25 137 167
46 192 243
99 57 239
47 42 122
87 78 185
37 111 151
1 89 110
16 119 138
65 57 151
25 45 107
52 23 85
67 186 453
100 128 233
34 50 90
6 120 171
92 74 184
36 97 148
70 186 275
64 188 357
87 86 337
89 184 283
53 146 248
33 180 288
81 150 247
96 53 149
59 3 69
77 150 359
24 24 167
29 6 35
9 181 226
62 134 232
27 56 104
39 18 70
51 12 73
74 8 83
19 181 202
24 95 126
3 121 134
49 19 70
10 28 134
43 4 47
93 83 183
34 127 169
21 30 86
42 41 88
10 53 74
4 73 137
45 175 258
19 182 265
93 106 200
21 116 137
12 117 136
85 115 308
40 109 294
62 53 156
65 158 229
81 191 318
51 9 69
12 118 132
33 28 65
35 66 146
33 39 117
52 67 144
92 86 226
48 2 50
74 154 250
86 154 410
87 34 132
7 68 76
75 175 259
99 187 294
90 82 195
62 127 379
96 8 111
12 41 65
47 36 89
10 119 137
21 130 164
15 10 57
91 155 289
48 89 147
17 76 109
46 174 234
100 145 361
56 118 322
24 60 142
98 90 257
20 50 222
12 103 239
61 21 87
33 154 193
39 98 145
15 96 113
59 45 148
55 64 157
87 10 112
5 182 192
69 19 91
33 59 96
37 153 201
87 124 259
78 65 150
62 144 223
62 92 271
22 150 175
69 21 94
87 175 266
51 168 228
34 154 188
41 119 167
90 26 116
21 96 118
29 56 92
93 15 111
1 187 323
54 67 134
57 156 257
20 183 215
29 106 175
83 123 224
34 89 262
90 151 250
2 137 172
63 171 245
71 116 362
13 29 46
53 14 126
67 160 234
81 89 213
19 168 337
77 0 108
84 83 212
97 169 267
31 139 207
86 76 205
86 131 266
36 115 164
93 192 290
73 36 113
31 132 169
87 99 186
66 41 140
31 175 333
32 26 94
84 162 253
19 128 154
3 150 245
9 180 197
41 171 212
90 16 112
19 168 225
34 193 232
74 186 261
2 193 201
99 158 267
16 1 36
91 195 390
8 139 254
52 169 251
92 102 208
66 42 141
9 23 33
86 26 114
26 154 204
3 113 156
32 149 191
42 117 201
95 160 407
50 145 208
29 196 232
67 97 207
56 98 155
89 88 213
21 195 339
45 120 165
25 73 206
83 1 136
39 152 191
83 134 365
3 5 50
39 24 93
14 188 229
55 50 138
99 51 160
95 148 403
46 171 260
92 92 260
74 195 271
30 126 192
4 147 161
82 176 424
8 2 20
90 108 206
9 64 184
77 19 101
70 12 83
88 49 142
1 16 77
43 17 161
32 176 218
10 25 38
29 93 123
36 176 299
13 105 124
78 60 240
84 170 264
91 100 306
9 163 191
31 90 127
19 62 81
75 92 174
27 61 94
4 6 52
62 132 198
35 136 173
49 34 89
9 6 49
41 129 178
57 102 240
58 89 153
59 53 122
8 72 86
46 29 77
25 185 341
57 6 69
27 68 115
69 74 152
8 74 88
57 138 196
51 65 125
20 150 180
21 149 333
36 56 93
29 16 93
9 162 316
97 181 395
19 107 136
74 3 93
40 1 53
1 197 205
6 39 71
25 35 63
70 187 261
5 12 26
23 198 310
42 65 110
32 63 216
70 129 209
51 168 225
74 24 132
33 122 159
47 47 104
91 131 264
83 177 268
27 113 144
57 90 157
35 49 159
35 61 141
52 171 308
29 117 185
90 153 282
44 88 246
38 144 253
49 182 380
92 88 325
31 64 264
63 73 311
55 116 188
74 14 110
97 29 286
20 124 147
58 189 248
34 170 204
97 5 177
73 100 179
39 179 249
46 134 212
53 169 337
29 42 94
47 26 74
88 137 225
81 47 138
98 93 224
74 88 169
55 167 240
37 101 176
