250
66 25 95
5 158 173
29 147 182
27 182 210
27 94 121
51 47 114
38 60 118
37 164 375
69 20 97
26 177 213
9 134 155
69 67 138
63 24 166
29 137 186
41 30 97
54 180 270
75 193 465
19 121 145
71 21 247
38 45 86
88 7 114
41 19 66
68 87 167
62 200 279
52 90 185
59 101 207
54 40 97
16 17 37
46 64 252
89 148 365
89 63 202
43 131 182
51 193 253
33 106 147
100 170 323
33 50 90
80 68 156
8 123 151
28 126 171
96 20 123
58 88 148
10 18 35
23 21 44
82 29 156
9 174 190
11 54 70
20 192 331
14 93 107
84 1 250
31 156 219
49 115 272
18 137 314
54 86 148
6 141 153
71 183 342
78 112 358
78 115 309
34 119 156
79 128 284
86 64 155
9 151 168
97 106 284
99 151 251
18 22 44
41 12 86
12 124 250
9 164 173
47 31 164
22 157 275
74 106 181
73 34 112
18 74 98
88 25 115
100 92 289
24 175 199
37 98 275
82 136 222
33 37 191
31 82 116
47 159 209
91 145 242
53 114 176
88 5 96
21 0 22
37 81 232
2 14 156
92 187 279
85 4 186
99 186 290
25 21 50
66 16 91
52 47 170
39 182 257
28 110 185
93 55 179
58 165 323
47 125 281
53 110 170
60 98 158
28 21 59
81 197 290
68 81 160
26 61 89
75 138 303
30 192 244
45 20 88
59 167 231
91 79 264
78 86 228
9 29 58
69 77 151
68 170 375
84 145 233
30 171 207
53 126 207
100 110 233
28 47 77
96 184 282
21 57 80
86 41 160
15 67 118
79 190 360
90 166 296
45 53 107
14 190 386
22 137 201
15 4 24
86 104 196
76 6 128
86 174 305
22 139 274
58 198 261
25 159 212
11 68 89
13 29 160
89 20 269
92 49 149
11 19 32
26 176 211
55 104 190
50 48 118
67 159 407
6 50 157
4 13 18
8 95 107
98 166 306
94 33 151
71 191 441
9 115 263
15 153 177
23 191 221
30 25 217
47 4 77
79 57 171
19 47 98
43 12 56
6 34 49
12 198 257
4 51 59
79 44 181
19 190 218
82 133 351
64 174 268
57 110 175
46 152 220
70 38 136
38 78 117
19 183 206
49 133 224
86 134 256
54 52 107
61 106 363
41 83 152
79 151 248
36 98 138
16 81 226
31 193 233
98 30 132
13 172 205
87 79 186
9 174 186
34 108 204
4 146 176
93 1 104
45 126 207
71 114 186
94 97 329
36 155 237
24 129 165
98 93 241
71 162 289
67 87 179
77 125 239
76 106 188
90 59 149
32 156 200
77 100 376
100 117 378
35 20 55
38 8 80
82 92 186
58 143 203
36 56 92
76 14 97
52 26 92
83 156 349
69 25 253
31 114 147
40 84 287
22 125 153
22 48 76
1 68 70
11 92 273
39 131 172
97 148 293
73 97 216
27 166 205
99 147 246
86 48 144
62 30 210
95 134 290
83 175 407
69 186 381
77 22 130
9 96 115
2 75 195
6 40 223
27 52 82
24 144 168
34 109 188
10 41 55
93 120 288
1 84 86
84 143 235
68 118 385
16 149 209
33 166 208
73 131 224
30 17 49
18 109 166
65 200 418
49 14 91
93 145 248
67 24 290
94 11 111
3 28 31
41 140 251
53 180 310
82 144 232
21 99 130
