430
67 117 241
5 158 359
95 175 272
54 81 141
86 147 238
71 169 242
56 9 69
9 2 17
69 44 137
49 114 171
49 27 77
85 180 379
12 13 28
61 154 326
98 181 286
88 121 226
4 108 120
25 181 214
100 98 243
13 10 25
12 98 145
85 157 379
16 55 108
12 34 181
55 140 244
87 67 202
19 179 234
80 16 102
21 104 144
46 44 221
76 159 268
74 32 111
69 200 270
85 92 253
80 54 139
39 195 262
20 106 170
50 85 330
90 45 308
38 86 130
81 120 211
3 0 72
71 191 284
67 40 109
85 10 126
35 125 289
35 153 195
58 78 227
90 64 196
12 68 84
84 145 236
26 99 125
69 64 146
63 85 160
32 138 177
23 133 162
16 128 153
22 184 215
17 62 80
60 194 287
1 2 41
49 121 306
63 86 153
61 35 222
57 53 261
73 37 140
65 128 203
7 5 15
70 176 260
18 46 233
98 16 171
4 65 77
98 53 154
25 165 303
18 81 131
1 200 242
63 43 248
66 110 185
83 185 271
95 107 222
36 137 179
88 151 244
63 85 153
65 194 305
37 130 313
71 134 211
62 8 130
100 117 278
63 180 246
23 48 240
3 173 246
99 179 280
75 82 165
35 163 247
2 195 207
94 76 176
8 157 175
41 63 120
45 13 127
9 75 199
59 122 189
8 30 44
20 30 90
55 21 244
65 38 203
29 15 53
57 79 145
75 65 144
74 61 136
26 131 298
11 14 221
31 36 73
75 167 282
79 182 302
51 29 87
64 14 79
3 108 141
19 123 151
94 49 257
21 2 25
74 50 139
42 61 104
34 65 104
83 162 278
62 20 115
50 196 248
58 31 97
78 50 173
84 64 160
34 124 166
99 113 241
96 34 157
94 9 188
55 175 235
92 86 186
39 81 129
24 139 197
32 71 149
82 185 273
43 144 330
37 199 338
17 104 152
61 124 203
94 98 196
43 163 234
37 68 126
91 44 150
68 103 175
94 135 242
76 61 160
29 84 290
16 48 78
81 179 265
94 42 139
56 156 310
21 72 100
39 107 151
65 85 194
96 63 230
17 77 95
77 18 145
37 90 200
55 180 402
20 174 195
14 187 246
5 53 258
1 155 317
47 73 281
47 128 176
58 12 76
34 137 181
88 161 265
83 10 96
74 32 145
83 53 215
71 130 210
43 0 75
66 169 241
67 26 218
13 94 107
57 7 74
35 111 219
75 47 166
3 47 98
92 94 194
84 74 160
4 178 212
36 8 203
47 98 266
49 35 98
51 178 252
16 82 105
57 48 106
46 10 228
18 16 34
48 132 229
80 183 273
23 133 170
64 178 290
97 25 259
76 125 210
34 62 136
5 69 120
98 20 125
23 137 243
32 38 70
32 126 160
88 174 273
64 104 272
15 114 132
55 49 206
91 152 252
43 179 240
50 193 271
81 153 372
5 88 187
98 44 180
95 191 292
56 72 298
77 112 311
16 46 106
95 74 195
40 63 147
44 174 254
32 114 150
8 159 167
38 48 127
20 173 201
97 51 151
19 18 158
65 52 127
34 126 186
16 188 207
80 111 194
8 14 69
15 193 214
27 163 199
59 98 317
91 184 279
17 160 272
25 82 297
33 39 254
4 18 23
57 156 217
72 77 157
51 35 123
31 52 93
11 63 120
32 189 254
36 89 236
93 2 104
8 70 203
59 86 149
38 103 148
57 172 230
19 154 182
16 195 216
17 12 37
9 190 206
41 30 113
28 151 229
52 6 63
68 134 203
13 54 258
97 55 182
60 128 340
43 65 114
62 2 121
32 177 215
31 29 65
64 184 248
20 63 88
66 168 339
80 193 274
9 10 42
69 98 235
25 59 91
42 81 123
69 138 209
44 196 250
19 11 33
47 66 133
84 12 101
94 108 338
16 97 196
65 157 374
29 108 176
69 124 197
23 11 43
14 87 111
13 36 97
86 58 145
24 198 224
100 187 287
52 80 137
8 162 189
58 20 117
33 96 139
74 81 161
46 11 94
83 9 134
73 96 248
11 66 81
47 19 222
35 133 168
3 80 83
74 39 116
63 133 270
59 56 158
97 89 327
80 107 191
92 121 213
32 1 34
11 121 267
6 197 318
77 79 164
73 188 265
88 40 326
89 132 221
24 134 228
15 46 65
96 147 248
14 130 166
18 54 78
79 18 239
21 106 142
16 86 122
92 61 212
84 128 225
16 83 147
57 107 224
84 3 139
51 164 219
35 131 169
86 139 231
15 176 193
58 61 272
67 155 280
34 160 229
77 15 131
28 112 163
14 68 90
51 103 189
85 122 249
95 183 436
29 193 237
52 170 397
38 81 144
66 200 273
56 137 271
2 78 84
29 175 208
92 11 107
33 44 227
31 56 94
55 47 135
38 18 66
6 32 41
98 45 152
79 126 208
21 107 128
23 194 222
97 38 135
89 194 382
19 117 171
82 66 174
21 66 95
64 133 203
38 160 258
48 162 220
76 181 262
92 65 226
79 29 113
48 2 54
57 139 244
21 14 38
9 135 151
25 132 161
63 194 260
70 191 294
61 0 63
51 145 211
56 36 120
41 108 172
93 57 156
19 15 70
27 180 211
4 26 30
1 25 82
61 105 168
20 172 320
48 112 207
40 80 127
49 109 164
46 78 279
91 110 240
44 53 288
52 167 292
26 118 165
40 131 201
71 96 216
95 2 148
36 35 71
99 142 250
68 183 252
52 195 291
22 150 174
93 65 271
48 131 183
96 138 253
78 95 179
61 31 97
94 116 237
6 173 181
90 20 167
33 59 99
98 96 198
10 176 191
89 7 100
10 17 54
81 173 304
34 122 203
98 164 272
22 146 323
70 46 283
15 41 92
48 169 386
24 97 123
48 84 175
87 139 266
