400
99 93 228
34 110 187
73 97 220
91 163 301
63 55 194
78 141 222
7 142 149
84 70 336
7 85 108
81 1 105
56 153 270
14 121 145
81 1 82
23 113 140
24 70 103
51 67 124
57 17 104
16 85 215
32 147 182
13 34 47
65 87 182
27 135 162
71 7 193
91 2 126
8 171 204
80 14 101
14 31 187
18 177 290
6 104 143
13 47 66
7 87 105
9 177 261
54 32 112
12 184 206
33 19 77
31 158 211
44 129 196
24 168 200
5 14 59
33 132 175
43 170 218
36 174 215
59 166 329
84 14 138
69 164 238
28 168 219
72 188 263
34 127 164
65 112 224
95 185 287
3 164 177
60 160 234
69 27 101
19 126 298
13 26 55
56 47 108
18 178 206
61 62 133
89 199 431
52 45 112
72 78 164
31 85 143
98 51 275
38 116 154
80 48 137
19 176 304
65 8 78
13 24 67
97 20 269
54 140 296
38 103 276
17 146 216
45 149 202
8 136 237
64 128 198
87 34 126
94 104 198
59 124 215
86 22 305
43 30 110
50 143 197
23 37 107
63 89 287
27 103 138
63 122 191
36 39 82
42 195 338
12 86 137
39 7 51
46 55 101
8 181 196
31 148 235
70 119 195
21 109 240
77 42 162
62 100 170
59 101 167
32 194 271
26 192 267
45 156 223
92 149 249
27 48 79
20 36 188
49 23 80
72 4 187
37 64 176
82 109 192
90 26 160
30 11 51
93 55 154
83 149 232
70 38 111
77 79 166
53 46 274
70 168 239
74 45 122
69 185 267
91 128 226
94 95 253
45 22 71
82 81 292
31 196 237
86 162 293
99 104 267
6 127 143
34 61 177
36 96 132
66 57 127
92 140 279
54 158 219
38 10 54
68 70 256
52 7 100
76 3 264
46 175 221
24 72 132
57 196 256
87 195 377
43 76 169
8 69 266
48 122 170
8 68 79
24 82 119
64 33 104
49 70 165
90 185 422
1 171 204
38 100 174
6 139 303
85 97 190
79 59 141
8 161 179
36 100 171
22 149 358
66 25 101
8 86 118
89 79 345
10 104 276
57 59 165
79 174 261
31 176 225
80 55 183
73 172 421
53 111 168
20 184 316
35 92 130
5 153 196
35 31 76
64 188 360
10 57 74
10 80 92
63 104 171
87 75 162
15 27 57
91 171 416
79 35 116
86 116 209
74 19 110
53 109 164
73 153 258
52 184 297
80 66 293
89 73 171
63 30 131
61 53 117
81 148 231
91 176 273
38 169 393
9 51 189
32 181 242
3 16 22
22 185 290
55 157 280
20 179 205
93 73 189
28 91 166
91 152 294
57 160 262
8 18 36
19 152 218
19 188 210
44 153 215
63 64 288
39 26 214
18 161 187
100 176 280
3 129 162
30 197 264
80 15 141
94 78 278
73 150 271
80 88 175
82 71 308
33 190 232
22 140 177
85 85 352
60 8 96
99 30 152
60 86 171
45 146 196
8 8 22
34 192 233
51 4 64
85 89 175
82 200 329
8 60 137
95 144 243
35 9 47
69 96 172
54 100 186
83 69 161
64 192 282
22 85 121
71 125 198
83 114 197
26 115 147
20 45 72
45 29 256
22 199 328
45 59 108
61 95 190
55 7 62
61 92 155
33 104 329
57 150 360
76 63 192
84 15 218
54 129 355
79 14 99
6 62 106
97 11 127
76 46 199
97 39 177
53 132 201
80 160 250
15 112 133
73 106 179
1 72 129
5 133 144
57 143 205
3 72 158
44 196 389
80 135 223
80 66 299
43 112 355
3 98 110
4 124 172
91 59 169
38 85 136
50 154 318
100 31 135
96 91 228
88 161 256
83 140 257
82 128 277
6 86 100
61 196 352
18 124 147
87 26 262
88 26 115
13 70 283
82 150 273
3 86 124
7 163 195
79 17 96
38 182 270
87 61 198
84 172 266
63 105 172
7 60 100
92 117 300
23 179 206
55 132 229
73 150 227
2 38 108
99 93 196
91 174 401
55 35 143
51 53 285
99 16 247
6 178 190
7 116 147
79 51 237
32 65 142
96 131 236
35 49 107
79 193 307
59 129 204
82 90 174
5 96 101
13 119 321
81 67 151
70 53 271
95 96 198
62 195 264
71 29 300
23 60 124
83 103 282
52 62 211
25 137 168
95 151 265
44 47 136
29 159 341
97 187 292
92 140 278
44 14 87
96 87 230
36 185 312
21 124 147
15 90 147
34 178 212
69 71 146
23 110 133
53 167 225
41 83 262
12 104 291
15 23 85
39 67 116
56 98 155
81 80 278
15 180 195
98 15 114
87 35 128
64 117 219
24 67 139
59 115 182
83 9 218
68 173 303
6 118 125
41 130 191
57 53 115
16 134 150
86 155 279
18 134 347
15 80 103
18 10 146
90 64 320
71 108 234
53 75 128
25 127 195
36 111 159
29 26 74
58 200 265
61 32 97
81 137 222
90 151 244
70 138 361
93 155 278
63 108 178
62 13 257
31 120 195
64 155 235
54 43 102
38 131 186
48 51 107
8 58 74
32 107 142
26 20 58
91 52 179
32 189 261
95 48 225
70 193 273
49 1 234
31 3 34
18 2 80
73 24 108
63 40 137
85 13 98
16 153 172
49 116 172
44 108 324
77 53 246
66 55 157
9 199 276
99 104 204
22 88 113
14 145 163
100 103 238
59 97 167
24 69 229
