870
95 100 229
42 58 246
90 135 393
59 150 237
70 119 190
95 199 303
55 127 189
74 10 88
11 82 121
27 130 204
84 190 284
93 31 133
100 98 302
10 194 247
44 131 181
43 62 105
6 78 84
71 78 189
41 195 258
88 12 101
45 90 139
54 63 147
62 176 246
2 105 117
10 95 125
59 41 111
59 26 85
64 76 286
18 30 58
90 101 298
96 5 105
23 0 55
34 188 226
29 7 66
53 176 277
60 13 83
33 46 82
20 64 233
28 155 207
47 166 256
2 141 309
14 90 141
10 81 187
39 139 204
30 160 194
57 56 119
7 158 173
63 87 160
13 186 221
20 130 156
21 64 119
59 19 83
18 155 178
9 35 53
78 94 215
28 76 106
48 60 141
13 44 94
57 1 58
7 113 145
91 98 321
6 195 208
25 102 130
7 44 91
52 114 181
50 174 261
36 76 148
83 61 147
17 159 185
59 130 192
85 30 146
3 119 159
98 2 148
46 9 127
49 165 326
11 108 147
43 69 308
46 185 236
70 13 91
91 24 306
63 70 183
2 33 58
31 49 102
56 113 186
100 92 321
97 142 242
95 78 247
82 9 115
55 144 202
33 79 128
42 10 85
2 140 150
78 114 222
75 177 278
99 92 381
47 12 75
7 143 295
99 40 290
4 118 195
23 197 276
1 102 252
22 136 206
83 45 135
6 54 61
17 162 281
81 176 259
34 69 135
80 81 196
24 148 203
25 65 123
13 28 46
100 104 211
48 178 234
40 111 155
100 34 303
44 188 326
5 164 230
9 169 188
8 5 88
19 58 81
61 151 219
93 103 198
67 197 264
48 143 286
59 71 139
18 146 189
3 96 112
16 29 66
49 199 257
5 118 128
9 48 64
17 127 168
37 74 128
99 98 237
31 125 163
45 61 144
44 177 227
95 92 214
65 137 244
41 160 221
84 89 175
43 117 161
77 82 221
27 55 93
22 188 214
76 187 355
81 147 332
20 165 213
50 78 156
61 132 278
35 120 168
11 16 29
26 158 212
33 92 138
6 191 322
13 11 24
46 119 173
48 65 119
48 172 345
72 197 279
83 68 153
84 71 163
20 8 41
100 182 282
6 106 120
41 67 121
28 65 124
33 198 292
5 48 63
43 71 238
99 115 407
31 180 238
98 146 385
54 152 398
81 102 199
53 178 236
9 60 76
5 48 233
66 48 283
65 84 174
83 124 387
67 64 245
24 176 203
36 70 113
13 184 228
53 177 380
45 105 201
49 48 97
64 88 153
49 120 195
11 37 247
75 151 253
9 187 209
43 36 141
79 165 269
13 169 183
64 166 387
24 197 228
17 164 231
84 118 389
68 96 172
73 57 153
53 173 245
24 81 111
33 195 235
28 97 152
90 105 296
1 139 149
40 80 157
43 194 237
66 187 257
22 173 334
7 114 126
41 117 216
23 174 263
84 58 143
17 130 182
46 168 348
18 175 352
60 22 189
98 192 364
59 65 126
4 167 173
22 65 94
94 4 103
15 57 94
97 130 248
51 2 61
87 66 199
53 62 131
59 15 178
11 166 182
53 116 171
26 126 155
63 38 226
25 165 269
17 197 231
53 138 227
69 16 133
100 130 233
99 84 183
65 114 257
62 13 113
91 140 332
54 145 317
17 186 236
48 137 189
8 107 170
36 64 225
41 107 327
95 129 413
45 24 108
26 157 232
36 109 149
18 63 122
58 106 174
8 127 144
66 107 231
3 40 237
66 108 174
27 80 112
87 15 169
97 126 233
29 25 181
25 160 243
18 135 163
46 56 104
15 123 272
36 39 103
13 156 171
27 168 205
9 15 122
34 82 116
73 139 264
92 90 187
35 37 78
20 118 179
45 157 294
63 109 191
66 87 192
89 99 196
88 13 274
75 83 354
58 78 149
64 115 188
50 126 184
85 80 175
92 64 192
98 114 233
18 31 57
66 71 173
93 56 150
33 110 159
13 50 150
45 33 158
24 61 191
90 156 269
71 30 167
17 15 41
32 6 47
80 52 324
82 77 168
10 158 207
3 101 108
65 0 72
24 74 121
22 136 163
15 97 118
25 167 199
82 113 337
93 119 221
46 169 253
65 166 231
2 12 189
38 153 199
57 83 146
35 46 99
52 95 181
50 107 163
81 61 177
27 128 161
90 174 272
62 60 284
18 143 267
21 196 219
92 133 237
68 67 162
95 71 266
87 8 287
87 76 212
33 158 195
100 134 237
52 17 74
33 45 96
3 117 126
21 124 188
39 60 135
61 183 412
4 156 170
73 155 364
89 105 199
54 56 116
78 76 154
43 147 386
42 176 257
2 181 191
39 112 158
38 144 185
7 115 155
23 61 94
42 182 271
58 97 165
37 180 240
4 136 170
69 172 241
88 90 312
5 178 191
84 52 169
15 81 102
43 137 217
90 117 211
72 133 235
47 191 285
99 143 285
88 168 365
40 96 229
81 6 280
47 190 258
52 179 231
82 106 225
2 161 165
16 170 214
13 46 165
27 192 262
30 114 156
91 111 212
9 191 210
54 150 205
49 68 122
95 111 240
9 175 210
40 133 189
76 142 226
36 179 218
19 62 90
59 15 123
60 15 110
6 144 191
81 141 226
82 29 112
1 9 40
59 88 191
98 176 276
96 28 128
72 17 131
28 171 234
50 98 188
27 133 181
33 74 153
59 200 260
99 86 347
65 130 208
14 87 292
98 149 262
87 88 326
20 63 235
6 112 138
13 81 104
41 91 140
71 109 350
100 64 174
46 197 283
20 166 289
92 173 302
74 97 172
48 187 243
21 191 307
67 160 243
32 151 183
12 164 179
36 7 125
42 22 84
6 199 291
24 131 156
65 81 264
27 91 246
57 93 177
99 44 173
60 55 143
100 17 140
54 100 154
56 89 175
14 165 188
83 30 125
23 0 70
92 92 191
26 57 89
21 63 228
61 15 218
46 108 158
91 33 150
17 28 187
47 25 82
78 69 154
24 142 346
98 20 161
28 64 237
60 188 304
45 2 47
23 163 243
16 37 236
13 73 128
96 200 306
78 167 269
6 17 193
97 188 302
58 194 258
54 70 161
7 165 172
85 48 207
95 165 378
59 150 232
31 131 184
37 105 181
25 152 186
47 43 112
55 144 200
76 143 222
73 18 175
83 94 182
44 1 82
17 3 31
26 152 257
13 121 140
94 154 256
99 55 163
88 53 278
26 27 57
35 39 83
87 91 179
27 109 145
25 146 181
46 182 257
12 149 167
86 23 116
29 8 151
20 77 102
54 198 260
64 122 191
42 109 277
3 189 220
32 7 47
93 102 196
7 135 143
4 138 233
50 3 55
92 146 246
35 21 108
44 159 250
35 105 183
24 77 106
12 36 51
39 171 388
72 114 261
83 22 110
41 181 265
24 99 308
1 82 129
87 157 253
55 69 143
36 153 205
79 38 151
37 107 146
61 151 219
90 187 323
84 147 235
45 92 138
2 191 203
63 87 211
4 184 195
15 84 244
1 112 115
99 41 158
52 26 84
73 19 118
56 49 174
71 5 233
64 200 274
18 68 109
63 16 86
80 60 145
89 19 115
29 193 248
10 88 103
95 175 317
14 1 41
7 107 151
80 3 91
97 144 402
67 53 128
1 113 124
25 110 175
52 144 379
18 131 157
21 173 245
51 3 57
44 80 169
21 103 174
21 185 242
73 11 121
48 110 168
48 2 56
1 138 164
96 98 219
95 111 211
35 171 210
74 3 168
84 79 175
56 99 212
9 63 73
8 188 323
41 104 208
88 9 102
95 104 200
100 82 186
66 168 295
50 145 203
9 195 380
66 37 103
20 81 252
81 78 161
95 90 341
65 174 243
20 178 340
70 131 206
35 58 128
20 161 190
56 30 86
30 49 113
99 130 239
93 95 237
68 116 307
79 157 246
65 188 297
20 184 326
70 151 252
24 164 193
69 103 353
94 63 159
4 128 138
50 56 271
69 83 246
39 29 68
92 171 352
27 193 355
5 171 356
84 117 211
88 3 138
18 117 144
66 136 208
31 102 138
16 113 130
89 80 200
76 195 298
60 163 231
12 47 240
3 185 193
75 23 128
88 91 217
68 43 115
40 176 216
12 158 261
33 131 196
35 152 187
43 133 178
47 25 107
33 162 365
23 45 80
87 152 242
96 17 152
20 152 182
69 165 235
13 24 39
70 168 420
99 68 202
38 124 165
44 109 157
59 199 388
6 54 60
35 156 206
31 181 220
61 115 209
36 106 148
61 26 92
7 140 318
79 100 189
79 142 229
8 7 57
73 46 157
81 117 202
11 49 100
45 70 156
94 74 168
8 134 150
23 34 245
99 142 289
84 102 261
74 75 240
28 176 207
35 120 162
23 111 137
24 29 247
62 29 96
62 11 110
100 85 188
78 13 238
29 110 190
37 87 128
28 5 101
11 184 196
17 188 262
74 117 333
73 3 257
10 45 163
55 47 125
84 32 149
29 75 146
63 158 365
2 87 92
74 197 274
1 85 135
98 21 181
63 105 256
62 175 247
8 137 156
60 131 229
28 119 156
78 154 267
15 14 95
34 161 201
2 8 25
42 67 118
36 31 73
95 193 312
99 194 323
10 189 208
84 4 137
57 22 98
37 92 139
3 90 219
17 19 42
95 140 240
32 152 186
49 160 352
38 17 80
11 44 61
50 173 273
36 146 331
40 25 211
75 52 127
60 109 232
15 38 87
54 37 230
36 31 67
88 81 174
92 165 262
68 186 255
42 70 150
18 149 177
49 97 342
29 119 272
17 103 149
49 22 83
18 4 29
2 92 102
10 174 188
67 97 182
28 49 93
47 108 354
62 59 126
11 18 118
20 141 161
67 146 252
14 186 200
23 97 182
31 89 156
18 133 156
38 66 293
33 98 132
45 79 261
44 78 129
33 151 191
27 165 202
27 56 103
40 99 175
8 96 105
94 96 190
9 127 167
50 189 298
74 148 321
2 96 143
81 72 197
41 22 74
25 169 215
73 190 283
21 60 121
90 10 237
6 125 131
92 151 283
68 47 124
12 116 183
12 102 161
32 9 49
79 162 250
94 146 256
66 37 118
33 85 122
27 144 173
1 111 280
65 126 353
61 150 217
20 161 314
79 34 147
76 35 153
68 83 162
95 119 217
10 94 114
45 51 103
47 24 77
19 28 70
67 199 320
53 185 245
18 52 82
40 143 193
7 173 363
86 160 262
51 79 196
65 88 208
27 108 138
89 4 116
72 84 158
28 67 109
37 48 93
24 175 222
68 57 148
75 190 282
23 146 172
70 175 251
14 34 230
100 133 278
29 48 86
53 23 81
99 156 255
9 20 54
31 186 256
67 86 162
79 34 134
74 91 365
75 19 137
86 123 218
52 8 60
22 39 61
20 18 45
33 172 299
43 3 53
52 163 397
5 138 153
1 96 107
51 63 152
53 137 194
58 55 142
34 144 178
5 88 99
63 31 229
9 99 128
43 103 173
75 130 214
52 145 225
97 5 273
7 83 110
59 83 208
87 20 114
23 13 64
91 0 95
64 1 102
5 66 81
23 6 166
36 174 395
47 95 179
59 193 278
13 61 88
18 116 143
69 187 265
24 167 193
79 153 232
50 69 140
23 143 182
79 128 211
11 87 109
57 107 187
75 103 188
92 43 172
50 75 156
97 167 266
14 133 190
51 62 284
15 117 277
58 5 69
27 198 352
8 139 156
19 177 201
28 56 144
47 151 204
19 149 176
66 195 294
10 129 182
13 151 207
79 195 385
24 63 99
55 184 282
12 158 199
31 54 199
59 124 269
47 37 84
12 41 62
15 71 93
80 62 153
65 177 267
4 50 222
70 65 219
