290
94 4 101
19 175 199
9 11 116
14 63 81
47 159 234
42 44 103
82 195 354
41 33 77
46 154 296
3 106 124
54 6 63
28 53 273
34 37 114
55 50 109
93 113 238
35 108 335
60 61 130
60 127 191
16 3 164
89 102 199
4 143 147
10 195 292
51 73 167
97 5 230
94 22 119
18 138 185
40 149 192
84 177 310
79 19 177
47 113 194
79 147 229
71 188 263
63 28 188
76 85 168
10 147 170
15 69 93
3 126 129
87 36 225
32 169 232
90 138 228
87 162 258
84 123 215
4 163 173
6 199 215
60 51 130
14 67 107
79 34 115
59 5 65
94 70 218
82 182 283
43 33 76
59 169 351
16 37 203
51 21 83
87 107 198
39 190 241
14 99 155
58 94 339
92 84 205
63 89 163
79 112 199
82 119 247
35 56 93
31 157 189
90 132 229
53 179 282
68 145 256
80 63 147
8 4 71
42 19 235
51 125 180
60 134 199
49 78 139
83 45 224
7 45 60
71 26 124
12 141 199
63 125 190
90 116 213
78 101 337
92 73 172
12 52 91
86 97 183
85 46 137
20 78 134
33 151 191
63 161 238
62 7 170
91 115 211
91 112 253
59 107 223
5 148 189
43 93 139
19 122 188
13 5 55
24 102 248
35 157 240
93 160 274
80 61 172
1 72 91
68 25 117
32 175 238
31 82 121
46 0 117
35 10 164
12 141 178
32 174 207
26 85 279
89 67 160
29 96 153
80 152 232
13 41 70
17 66 130
14 82 137
50 170 328
33 68 139
80 30 115
94 78 194
5 34 61
39 154 200
3 83 95
34 179 223
87 107 198
74 39 255
81 163 292
72 12 100
96 58 160
55 3 185
30 191 229
3 8 54
65 129 209
32 88 163
72 188 268
48 79 140
97 54 151
55 143 198
72 175 284
4 47 70
64 71 329
24 149 340
4 30 179
64 127 336
39 148 233
9 200 400
25 79 133
39 158 236
82 49 203
82 111 388
9 132 150
62 14 76
59 176 251
76 45 151
64 111 180
95 117 245
100 30 139
98 110 377
91 77 172
52 176 231
14 170 189
11 146 171
24 41 94
85 48 156
25 112 140
94 105 326
28 14 48
31 59 93
56 104 168
3 134 224
42 37 195
50 193 243
95 86 184
67 119 196
36 174 225
30 63 120
34 132 194
81 80 274
52 71 220
79 106 224
93 95 260
62 88 201
22 157 185
7 164 178
20 94 116
38 121 164
79 20 178
20 82 125
50 53 122
17 128 154
1 145 225
61 155 393
1 23 28
98 13 119
24 181 209
40 14 61
86 147 240
55 13 73
73 156 234
85 43 168
68 124 236
67 195 272
18 93 118
63 12 123
24 85 116
3 117 278
28 10 208
1 89 111
40 27 93
66 167 236
21 118 164
54 123 247
57 26 128
78 152 248
36 54 103
80 25 119
44 107 155
82 55 144
77 98 179
32 122 275
37 41 87
83 9 93
55 194 265
32 90 139
37 82 128
16 17 44
52 111 165
17 97 121
62 56 124
48 126 211
28 158 201
99 3 108
50 66 121
47 135 191
72 61 135
11 91 135
26 17 76
31 138 183
38 194 240
15 16 107
57 50 111
35 56 125
69 26 108
73 103 220
58 143 245
20 54 243
11 62 82
52 80 167
60 95 165
21 197 262
2 197 318
99 71 171
77 101 198
55 167 229
60 92 157
38 46 151
58 92 173
72 36 113
16 93 147
2 100 195
79 172 253
50 175 227
10 10 36
71 97 168
79 6 132
53 34 88
12 97 131
6 21 28
78 32 119
69 10 85
77 193 294
18 16 108
82 32 123
87 190 277
79 195 418
100 147 255
61 114 179
85 149 386
75 48 230
75 46 153
91 32 208
38 198 325
84 190 277
83 146 313
26 55 110
67 64 282
10 183 202
58 7 101
37 124 175
28 87 299
37 44 85
68 93 168
