490
60 126 193
17 197 283
21 32 55
17 200 237
94 111 307
42 108 205
19 187 362
81 186 300
26 117 148
95 134 238
81 11 102
11 8 24
93 81 214
12 45 224
3 4 12
55 91 155
5 108 113
81 103 193
39 103 265
34 93 146
58 187 251
4 194 232
45 111 188
37 86 124
69 85 171
25 142 211
83 169 370
40 7 56
76 2 244
46 24 72
38 89 127
81 24 105
14 30 207
83 148 234
52 171 251
26 24 55
13 86 106
100 78 300
43 150 194
49 93 243
64 75 164
91 38 170
65 161 227
70 113 183
34 105 173
61 186 254
6 63 75
90 48 139
95 140 235
38 86 129
59 161 224
71 76 154
70 146 216
32 149 187
1 175 328
4 57 68
38 132 367
32 91 267
80 67 149
18 178 239
77 98 317
84 24 108
63 14 124
82 179 299
8 27 223
50 4 55
55 67 158
92 104 200
63 158 385
96 70 199
82 17 138
45 176 223
16 30 194
5 16 100
72 150 325
87 187 276
18 150 171
6 139 176
88 88 181
37 126 166
80 40 124
41 96 168
6 117 127
80 81 186
46 72 123
66 123 213
98 123 223
76 6 110
65 97 250
43 171 291
9 82 94
74 64 167
89 0 164
43 82 133
62 48 144
54 121 183
28 132 189
42 145 190
40 4 45
79 45 144
81 87 179
27 11 40
5 47 54
77 140 217
5 117 251
93 101 199
78 48 132
38 54 110
74 91 306
98 180 332
9 147 188
7 166 255
35 182 224
83 184 287
8 27 155
58 21 158
61 146 207
29 50 211
15 32 50
67 195 302
92 137 411
81 137 390
17 107 301
66 42 109
89 132 413
71 119 292
64 80 155
73 97 216
98 180 281
31 172 211
16 83 120
78 88 174
63 170 237
29 23 52
71 110 222
85 156 392
93 126 229
64 77 176
99 162 261
68 176 435
23 85 110
14 199 298
75 116 200
78 96 177
5 36 114
10 190 223
42 16 158
9 119 162
64 25 180
84 97 196
81 34 140
33 119 160
14 49 92
68 83 337
72 189 334
97 119 248
31 82 119
22 190 212
72 125 198
44 4 86
16 28 85
89 11 135
94 195 294
8 102 116
26 137 343
82 21 117
21 19 48
58 167 270
13 16 30
77 51 328
55 62 118
88 25 114
44 57 108
42 102 146
32 159 295
54 1 60
78 98 183
45 108 269
15 62 181
45 33 105
27 124 280
28 60 92
52 12 79
54 119 339
24 2 129
42 135 210
69 178 250
14 198 218
41 125 291
33 172 217
4 131 143
14 27 84
52 72 132
38 67 180
19 129 310
80 146 277
92 41 136
56 103 285
65 149 232
86 190 335
16 15 40
83 98 254
41 11 58
13 42 56
75 183 426
13 179 253
78 164 245
13 23 58
15 89 125
74 28 115
58 160 219
50 102 161
38 161 201
69 94 164
37 18 60
68 111 217
62 196 264
1 138 339
18 187 249
88 67 155
13 63 95
63 66 129
36 153 324
30 131 194
73 166 248
75 116 200
1 158 206
27 154 182
26 148 202
98 111 395
35 57 146
56 13 85
60 188 255
66 199 273
55 181 240
88 75 166
88 144 242
76 84 359
17 111 135
39 22 63
8 104 122
78 180 274
66 135 368
64 158 414
59 133 346
62 69 315
56 148 210
80 137 254
33 27 67
14 189 224
77 11 95
96 14 191
45 84 179
39 51 137
60 8 77
81 165 251
20 189 225
100 150 252
19 169 196
87 0 95
44 103 305
4 101 113
88 23 120
43 50 94
79 179 265
41 181 268
37 117 162
67 84 237
40 183 253
30 86 122
20 104 128
27 101 152
40 2 89
96 194 317
55 33 121
79 126 214
79 66 152
34 74 149
38 7 56
58 121 190
33 170 325
55 192 250
64 13 79
66 46 114
13 99 300
4 140 323
85 158 443
45 191 434
58 64 132
99 67 175
40 32 77
68 185 278
23 99 124
74 98 203
12 169 208
100 20 319
87 110 376
39 131 299
42 161 227
63 55 127
99 14 122
18 117 182
92 138 247
16 193 234
100 185 354
58 157 217
74 70 146
99 16 125
91 181 306
25 140 196
13 155 171
71 4 114
70 145 299
64 68 134
35 119 231
81 195 439
79 132 221
4 105 134
17 2 43
89 116 214
81 156 238
18 106 152
19 54 219
17 80 106
74 170 376
39 53 118
18 42 214
7 109 116
13 167 224
85 83 182
25 2 35
59 64 229
36 96 141
37 14 134
33 36 262
32 98 162
35 10 60
39 170 215
26 159 362
79 79 160
17 134 316
24 172 206
95 114 377
75 47 168
62 84 160
100 48 192
70 48 167
74 115 198
92 34 129
10 74 95
78 151 273
41 45 260
2 198 210
46 78 278
36 184 284
7 121 157
22 91 135
60 108 203
2 35 46
82 78 168
39 46 86
9 24 152
38 89 139
34 19 159
27 120 248
45 116 244
42 143 251
38 194 256
49 43 228
72 73 290
31 117 151
98 11 151
6 134 142
60 53 165
13 97 117
22 181 232
47 165 260
13 112 263
30 135 175
27 3 34
51 181 331
86 33 223
71 1 119
29 113 169
39 140 194
24 80 295
3 145 157
60 2 107
43 81 125
61 41 112
46 187 411
13 15 184
66 176 244
94 103 201
28 136 231
56 119 245
35 170 243
43 97 165
100 85 195
86 24 118
85 7 111
38 180 226
87 149 309
46 164 218
6 128 164
73 180 259
9 138 154
97 190 312
65 63 137
42 63 112
34 141 179
91 176 272
44 190 260
19 7 35
43 80 151
78 145 264
27 168 205
1 144 174
35 101 148
14 120 138
56 119 178
77 195 449
70 191 271
29 29 75
99 172 460
5 182 218
76 31 216
81 166 247
17 88 115
87 180 289
47 130 184
46 110 180
39 164 203
26 110 142
6 157 205
11 181 194
32 54 88
61 46 115
94 141 235
49 101 324
33 83 203
26 137 280
2 68 226
5 162 167
66 151 383
73 188 440
76 193 270
44 69 221
58 164 260
67 117 338
67 121 192
6 15 26
91 191 462
69 122 192
46 70 234
29 56 189
13 108 147
40 67 113
86 36 150
81 16 100
48 166 220
20 1 32
58 113 177
78 26 109
4 193 208
71 32 109
36 65 103
68 27 108
44 169 216
92 198 328
11 120 140
19 172 223
51 168 219
59 44 123
4 23 64
64 28 122
90 152 281
98 166 283
97 155 253
4 70 190
64 58 133
11 52 72
23 32 253
19 155 293
7 80 94
87 138 227
60 76 211
93 72 298
92 133 228
29 61 220
