920
73 46 152
96 63 167
45 74 123
47 48 95
50 37 162
86 12 277
43 14 91
2 186 310
56 118 177
82 48 152
10 13 72
33 136 263
8 7 21
76 122 263
11 180 215
81 171 256
73 164 277
94 100 244
95 143 421
40 169 215
55 82 139
86 192 286
66 41 136
88 169 291
6 68 74
68 57 232
52 34 212
72 78 183
33 10 146
20 118 147
16 161 180
30 170 208
91 57 180
87 31 129
97 108 215
80 156 239
81 57 301
16 134 151
9 172 185
5 102 153
84 184 457
46 42 196
22 9 143
94 117 269
25 173 222
72 89 163
98 79 185
98 10 117
64 112 176
64 53 158
20 114 282
4 94 133
70 136 399
16 151 172
32 104 136
14 29 48
2 37 156
43 51 103
67 89 201
40 1 190
12 100 112
30 5 122
4 189 201
97 96 364
47 90 163
22 176 229
89 190 308
80 48 143
34 8 54
50 163 213
81 100 181
26 106 286
51 150 239
74 182 284
44 96 145
38 8 54
85 162 283
6 95 111
3 182 219
60 145 278
26 178 210
35 192 327
15 135 154
25 173 199
51 11 71
81 65 159
12 142 265
40 37 180
78 34 114
87 49 311
26 47 83
20 31 95
86 89 182
17 27 53
79 69 170
39 120 164
94 51 183
32 199 257
78 174 263
8 187 199
13 118 137
20 182 209
22 160 184
10 91 106
61 117 302
84 53 143
61 142 296
48 196 249
52 172 323
69 137 214
72 115 193
15 67 85
33 159 379
99 0 144
53 139 196
55 178 373
47 70 126
46 169 224
35 133 183
68 167 242
47 122 316
73 10 84
49 160 327
22 47 93
2 176 263
82 135 235
93 109 225
69 97 197
93 104 247
71 70 159
4 166 243
63 20 108
75 166 242
46 36 126
77 118 234
50 25 77
87 21 118
48 16 74
62 136 208
33 140 180
16 124 216
11 188 246
53 187 264
9 39 65
60 164 249
17 10 130
71 27 104
72 180 252
33 78 203
60 27 94
47 113 160
85 147 241
4 86 90
1 140 147
61 51 113
97 84 367
89 55 147
25 48 85
95 154 392
52 159 221
8 111 151
64 25 157
40 18 67
92 97 198
32 77 130
23 181 235
29 99 173
32 18 93
85 70 201
66 146 216
9 129 283
70 60 136
49 191 243
87 30 184
69 184 295
100 134 259
15 125 143
3 69 252
32 60 203
82 196 465
28 160 196
76 171 412
84 177 268
73 151 231
23 170 197
28 167 244
86 101 206
19 7 70
98 47 150
74 40 114
89 49 173
95 41 310
81 191 281
73 168 260
100 79 180
49 192 345
35 130 177
46 137 230
38 10 204
19 195 232
88 142 291
93 78 181
38 12 77
81 102 203
37 27 68
53 147 201
95 89 275
99 164 283
19 13 54
76 62 215
65 103 362
100 173 276
3 108 138
61 182 311
39 72 135
68 21 160
13 31 217
65 96 315
40 53 205
72 109 183
97 42 141
49 10 66
30 17 49
54 115 174
6 16 104
31 12 194
33 110 145
26 6 37
46 186 276
65 89 322
11 139 152
39 199 278
87 78 170
22 21 51
82 145 237
9 141 197
23 160 208
25 19 200
77 188 280
43 43 120
77 46 154
44 112 337
31 130 162
23 181 216
28 151 187
18 51 248
50 19 232
78 62 140
67 192 445
18 32 78
73 171 250
66 69 199
86 40 272
80 127 212
49 114 258
5 60 74
36 199 238
10 33 44
65 142 338
35 165 203
50 97 239
41 143 186
59 104 165
17 104 123
29 95 141
89 88 222
100 160 421
46 22 80
17 161 240
87 116 362
75 86 338
82 57 197
68 1 71
74 88 167
93 80 192
19 43 65
63 124 197
45 195 250
22 28 55
71 190 276
73 0 82
93 9 126
89 75 171
13 38 128
89 130 221
16 24 82
40 71 133
26 97 126
40 9 114
88 152 242
64 132 199
49 56 108
15 128 298
2 134 242
37 141 203
36 77 177
12 160 359
88 148 403
81 8 136
23 46 163
77 35 112
31 185 237
27 76 105
17 80 269
19 90 117
1 161 278
58 119 183
67 155 261
70 9 79
67 91 187
78 190 274
58 174 283
98 184 342
85 69 182
82 140 263
9 83 93
29 183 213
60 141 260
56 70 159
96 50 168
69 196 265
98 169 283
39 147 188
84 10 98
20 102 158
39 14 73
67 50 225
17 45 89
71 195 438
99 97 198
6 180 342
45 109 188
72 66 143
54 156 210
23 103 178
98 150 258
2 2 38
96 1 98
36 28 113
95 85 182
95 15 154
26 116 155
77 124 206
60 123 320
34 30 98
15 85 101
62 107 321
18 140 232
31 66 97
41 20 171
18 156 210
67 90 165
13 3 36
28 62 98
84 124 228
93 27 121
36 80 316
85 152 347
35 113 195
87 98 357
67 24 97
2 46 239
3 33 43
49 189 270
49 53 109
68 186 258
64 158 411
67 25 99
4 120 131
27 36 71
49 177 275
81 11 234
19 23 50
55 188 251
53 25 105
32 55 267
35 193 229
80 152 242
20 194 220
52 144 240
70 189 260
87 49 137
69 154 227
90 8 106
34 127 191
70 87 341
93 118 212
20 97 174
55 68 144
87 39 133
84 96 217
62 29 239
74 185 449
65 20 86
4 11 19
50 112 176
15 4 25
13 86 137
80 165 355
31 85 216
81 101 185
10 187 261
21 79 111
38 79 315
81 60 149
89 93 266
59 41 100
40 89 133
32 26 143
34 60 242
53 46 111
46 115 166
83 120 391
3 9 21
72 112 274
4 28 74
55 68 232
30 47 81
87 92 182
87 86 178
36 157 236
27 73 137
52 134 287
88 138 235
15 50 71
19 121 148
58 30 132
30 120 197
3 112 122
3 10 93
1 115 144
78 4 91
95 34 201
99 119 227
64 104 172
78 120 199
90 5 107
9 92 131
60 1 122
86 133 224
74 96 176
4 74 124
25 98 143
48 142 200
21 149 171
19 86 115
16 77 100
5 4 48
44 31 106
89 159 290
33 12 50
54 148 208
90 189 285
48 69 119
5 200 211
51 91 233
95 92 231
83 4 103
44 168 345
51 126 187
71 57 228
54 66 129
83 8 94
4 159 196
43 112 194
18 55 96
93 26 123
75 191 281
48 94 185
3 110 195
21 47 70
71 94 283
6 1 51
41 160 239
52 176 243
62 51 306
66 13 99
39 111 238
97 62 166
2 123 125
56 181 251
79 195 289
23 35 246
78 41 157
93 119 222
80 148 374
44 190 379
30 165 229
11 38 234
20 20 50
76 53 130
26 6 38
70 69 144
52 173 229
33 149 191
78 151 390
18 85 120
25 156 231
21 44 124
6 117 137
25 69 136
77 89 178
84 188 279
38 1 119
6 149 158
16 135 165
68 134 202
82 51 167
60 47 305
41 76 232
70 136 310
82 72 159
66 200 302
19 84 103
9 176 185
76 54 131
83 142 265
9 57 106
100 29 129
38 178 257
20 130 153
51 180 271
17 72 136
14 171 216
40 110 159
12 155 175
80 95 371
47 198 276
29 31 97
79 111 365
77 16 180
63 43 160
14 75 92
28 134 201
15 187 295
30 11 43
51 25 86
35 175 215
10 73 90
49 141 200
42 132 287
41 16 94
70 135 374
41 68 120
2 185 189
16 18 63
99 106 250
83 100 214
52 53 170
39 98 268
97 31 145
16 38 86
6 164 186
79 129 212
49 152 216
95 81 337
8 158 168
17 169 189
98 188 291
80 96 205
40 125 171
70 68 168
14 46 127
17 40 101
87 104 208
55 191 249
82 29 263
7 51 71
38 122 199
32 10 163
40 129 179
53 47 107
96 56 349
57 9 194
42 183 229
52 83 141
18 130 181
53 79 164
36 187 228
11 200 316
32 145 223
55 70 132
60 168 262
69 123 309
84 103 200
96 46 221
29 111 159
60 125 197
39 8 53
32 151 229
17 142 230
14 178 308
25 181 240
94 6 205
38 184 265
28 173 202
72 51 262
2 100 107
17 132 186
17 170 227
40 74 152
76 147 233
84 3 128
65 163 234
77 97 188
91 50 152
94 20 160
17 137 158
2 69 75
76 130 206
74 126 248
17 115 182
60 145 231
58 81 142
3 186 190
40 104 146
56 184 248
60 77 181
7 103 197
53 161 254
84 74 162
93 172 285
96 39 184
10 199 276
32 191 228
90 94 185
75 62 304
21 168 193
99 51 152
14 126 142
74 128 219
53 69 124
54 148 212
97 10 194
95 94 230
98 33 279
55 109 175
44 97 290
43 0 75
78 35 153
63 170 377
26 37 105
42 116 160
86 107 193
79 181 265
1 3 167
81 150 234
96 92 221
96 150 300
93 34 127
26 124 165
63 83 149
61 16 177
72 27 106
32 175 389
84 161 372
72 138 243
74 149 238
44 92 241
59 162 223
16 129 152
77 110 239
28 104 182
86 44 159
77 44 136
63 113 177
4 114 273
2 77 122
41 65 155
13 101 207
12 165 235
24 92 126
92 30 214
16 32 55
57 19 81
57 145 265
47 175 226
93 120 262
51 182 426
26 9 211
59 27 269
32 120 161
88 65 164
47 69 126
79 2 83
73 28 103
68 145 230
81 75 232
80 24 105
98 17 118
91 118 252
4 115 121
13 48 63
13 125 146
31 31 243
15 51 76
50 58 138
52 66 152
13 2 108
79 139 223
66 135 233
79 139 357
18 108 129
75 114 233
5 75 113
49 93 326
2 26 37
11 108 165
63 72 206
58 46 112
10 26 50
59 40 99
29 42 81
31 124 164
62 47 170
36 48 141
62 174 239
34 92 132
82 137 272
30 78 269
35 40 110
6 28 68
67 190 451
88 113 236
87 146 235
93 118 229
90 69 233
9 50 59
100 31 171
46 11 61
96 75 287
32 173 213
51 19 203
13 22 111
28 29 57
34 46 120
54 11 73
80 25 145
21 133 202
93 185 278
93 56 221
22 138 161
27 109 234
83 123 216
2 160 176
63 139 205
51 160 314
48 24 201
38 92 134
15 158 278
12 98 112
65 2 107
83 59 169
88 33 226
94 61 159
80 122 234
40 157 198
20 40 69
4 190 200
99 22 186
1 4 24
50 168 231
45 136 224
91 120 242
23 94 141
67 182 258
32 78 119
29 51 82
22 63 91
51 80 139
38 174 215
39 199 248
28 59 274
77 117 202
86 87 182
68 116 216
63 96 166
51 142 242
83 40 131
62 124 330
52 143 352
21 158 204
40 165 402
28 88 116
18 83 118
75 107 187
59 170 229
9 15 57
86 66 180
27 97 126
17 40 64
39 165 292
55 112 249
29 137 311
12 146 304
44 132 185
29 41 100
75 182 302
4 169 173
25 98 139
7 192 223
90 57 176
6 26 42
23 86 289
75 53 264
43 196 275
51 156 362
77 45 129
90 39 133
99 51 158
31 26 76
47 200 257
46 151 344
31 135 174
95 136 280
51 135 187
99 145 288
1 87 232
39 56 273
51 70 127
95 103 233
7 143 190
57 32 100
76 158 234
39 191 281
74 31 302
63 34 125
40 10 53
2 67 109
43 96 147
68 59 163
53 175 384
8 192 208
35 178 218
15 104 308
62 55 124
11 160 171
84 176 296
46 195 242
31 166 206
61 180 250
61 40 143
48 129 203
69 26 115
20 126 159
49 0 173
7 94 120
89 76 174
18 190 366
51 49 215
31 140 201
60 58 123
63 180 285
33 53 135
48 23 71
25 183 223
95 8 104
55 178 241
85 32 157
5 161 182
70 60 130
61 126 212
50 197 253
55 69 178
62 51 133
5 161 196
76 127 218
62 148 328
29 53 101
53 71 124
79 175 272
43 141 196
5 78 126
12 20 74
62 21 92
56 18 82
72 121 195
82 115 215
23 186 218
7 191 363
22 169 262
86 7 226
48 14 109
96 18 114
38 60 151
10 107 124
50 69 290
29 199 403
83 97 191
19 193 214
8 80 125
71 87 252
59 106 173
13 53 69
68 189 257
98 126 391
91 196 302
31 20 55
68 108 217
46 3 99
83 60 147
89 129 370
48 189 244
21 153 176
13 180 193
95 148 288
43 55 105
59 167 232
10 190 229
2 0 27
6 29 45
17 75 131
12 162 178
75 94 325
13 194 251
12 98 139
20 191 238
60 8 94
92 6 106
51 156 289
