950
12 102 159
53 101 225
83 24 305
56 67 130
94 88 191
17 131 151
13 165 187
20 199 364
65 37 112
71 26 140
18 64 132
35 105 146
100 182 330
10 17 106
31 177 214
23 89 136
45 17 64
10 163 221
83 169 275
49 129 187
89 194 286
32 15 78
1 9 42
14 151 181
44 52 128
88 23 159
93 104 376
71 71 182
66 68 141
75 78 154
16 29 85
59 116 202
36 78 138
20 137 224
83 161 250
44 99 178
59 43 107
37 108 172
79 189 452
67 111 184
61 111 200
78 133 258
85 187 306
86 88 174
99 106 309
6 123 137
63 198 424
36 182 220
93 157 293
77 143 246
1 168 317
5 4 35
23 29 52
92 179 316
69 173 252
28 173 378
71 2 83
98 137 284
93 76 203
69 137 206
34 158 292
94 95 268
12 10 117
28 198 249
90 182 390
83 128 315
2 3 10
33 50 90
55 78 139
27 103 135
81 82 166
38 166 349
94 187 289
90 63 157
39 169 218
46 53 127
42 74 116
36 172 217
13 73 133
3 154 163
75 175 260
73 67 142
16 51 90
69 156 242
77 132 221
31 143 186
94 167 270
67 76 178
5 125 135
5 162 306
40 188 231
3 150 162
27 76 132
9 91 109
99 53 158
46 85 138
46 175 392
21 129 150
96 181 283
37 126 185
86 161 290
19 182 209
55 123 182
84 96 206
73 170 244
81 115 244
85 118 316
62 16 199
68 71 143
74 167 242
57 131 194
14 99 118
53 20 75
19 28 52
64 89 154
17 191 213
83 113 197
2 107 153
71 76 165
45 78 132
20 49 77
27 80 134
13 143 157
45 123 178
7 85 120
38 145 187
4 2 17
36 108 199
11 108 229
88 93 338
77 20 136
77 18 96
86 104 202
5 174 194
99 135 263
76 77 153
45 167 217
69 144 226
32 23 102
35 148 194
68 71 161
20 112 172
45 193 400
48 53 108
30 40 77
7 6 20
12 11 60
16 161 186
63 12 121
77 83 176
23 97 147
2 122 159
38 81 122
70 173 250
19 11 43
42 197 280
91 77 200
82 112 233
28 148 185
89 94 184
59 101 195
58 106 193
55 10 163
15 108 171
92 65 352
89 85 203
88 159 255
65 165 304
98 6 107
73 188 269
8 26 206
98 112 217
77 99 215
19 150 190
3 70 159
39 184 298
53 43 141
99 167 275
87 73 177
4 151 161
87 110 201
100 140 324
14 63 78
21 145 347
18 188 211
97 155 380
90 130 252
97 146 337
58 50 157
5 91 106
23 13 117
46 113 172
96 60 168
9 158 187
86 11 232
33 40 77
49 171 229
6 160 198
79 177 256
54 182 245
32 102 178
51 61 119
60 16 78
46 49 251
31 55 95
68 109 187
43 142 185
12 93 153
11 30 193
50 12 69
46 107 171
35 101 236
96 156 253
25 71 142
61 152 293
51 51 110
94 181 303
58 191 254
29 128 160
15 24 136
6 18 67
11 154 177
72 48 178
42 90 136
43 141 193
62 91 309
6 112 123
80 197 399
57 87 146
45 6 86
18 189 213
30 124 187
87 89 218
54 86 142
44 141 190
83 19 106
88 32 162
32 25 97
93 112 242
11 168 351
18 156 176
24 134 162
1 160 166
42 51 222
60 38 151
27 13 44
52 19 95
41 195 304
92 187 308
54 50 118
59 60 123
24 109 172
81 134 280
87 139 234
54 184 247
13 3 66
29 78 152
65 106 185
85 196 327
46 24 232
24 162 319
57 123 224
87 184 355
36 9 49
81 189 409
74 176 257
24 82 111
5 99 105
51 126 198
41 150 192
66 160 295
37 130 199
26 158 186
13 169 217
24 45 144
38 78 131
50 18 134
91 4 95
71 116 233
38 185 226
6 157 205
85 133 225
17 71 130
68 130 211
9 12 31
39 63 136
22 140 347
11 121 134
84 3 127
74 14 111
28 59 99
16 176 232
75 79 154
71 53 151
2 93 109
61 63 163
99 103 205
36 57 134
98 115 214
95 41 136
65 65 175
57 7 127
6 112 120
58 15 145
72 36 145
32 170 278
77 172 249
58 84 146
67 124 199
73 183 391
17 112 132
32 46 219
85 72 157
60 159 226
76 39 133
41 62 105
6 71 98
17 159 186
64 126 191
12 105 123
51 3 161
91 159 373
1 29 114
44 11 90
80 58 146
37 93 130
15 76 94
77 153 231
7 198 213
36 26 77
93 144 243
68 17 212
68 168 237
36 70 112
49 118 171
4 7 15
32 102 138
12 38 206
29 124 155
95 72 365
70 122 224
70 55 237
46 100 182
70 144 218
56 185 315
69 144 231
84 128 250
77 86 163
39 91 155
14 139 163
89 194 317
46 171 263
24 171 236
49 37 94
40 172 237
14 177 199
82 97 228
97 125 224
100 151 272
29 5 42
53 131 184
11 85 103
67 58 126
54 28 90
10 171 201
54 5 59
57 154 211
95 1 119
27 54 106
40 35 170
51 191 260
80 124 245
58 75 155
87 85 340
1 23 38
7 146 282
94 5 100
59 89 156
17 20 99
2 158 160
61 166 342
86 193 289
13 99 126
63 40 247
73 133 309
53 127 226
74 84 167
49 17 157
50 24 80
15 109 128
95 175 284
86 183 304
53 36 98
85 165 250
62 55 152
98 18 133
47 29 120
86 187 453
80 158 238
12 67 268
41 67 158
10 76 130
58 87 175
27 107 139
38 87 132
52 118 209
51 11 69
5 52 230
91 129 229
3 17 95
90 26 298
100 112 257
73 97 195
67 55 124
9 24 107
22 3 25
13 71 234
19 150 177
55 103 167
10 141 282
71 6 77
33 25 66
19 132 279
92 36 163
47 79 146
25 29 251
2 146 172
30 167 383
41 114 160
53 142 317
62 29 91
77 173 264
33 80 304
54 189 269
44 151 219
98 60 211
19 129 230
99 39 253
72 155 263
86 29 158
50 27 89
3 24 40
74 137 213
11 111 156
88 187 276
37 126 279
78 94 187
77 23 189
11 117 133
98 195 312
86 198 401
45 74 168
72 170 245
66 31 102
76 6 126
86 27 114
96 132 243
81 95 301
41 166 212
46 53 109
82 34 299
36 46 82
93 149 247
4 92 224
1 172 291
32 6 48
56 192 257
40 115 156
8 35 50
2 6 12
91 42 133
78 156 264
43 10 56
11 51 259
63 67 138
29 89 172
65 115 199
13 45 61
76 35 268
66 101 268
54 198 270
1 112 117
41 7 52
37 64 112
72 37 114
56 6 196
75 91 193
19 155 181
89 102 196
88 109 200
85 43 131
22 95 164
51 187 260
24 191 238
73 110 184
84 35 202
27 179 250
16 119 141
85 158 249
31 18 60
26 48 115
19 146 168
98 155 294
74 24 140
38 147 189
96 138 407
63 85 217
47 17 72
81 171 284
100 32 149
41 193 254
28 141 204
42 97 170
28 94 146
64 51 144
96 50 171
42 13 63
42 22 72
92 87 189
60 105 187
64 104 174
94 13 114
34 33 70
34 199 241
87 47 205
9 117 169
21 178 203
37 129 251
56 174 230
92 86 213
23 145 174
40 143 189
3 189 215
11 24 45
89 2 123
83 78 341
71 92 168
41 166 216
100 5 226
84 41 133
88 58 156
88 162 442
4 196 334
26 66 232
38 141 184
24 14 39
8 15 57
6 21 32
50 87 145
81 140 256
17 190 211
86 11 103
9 83 93
26 54 88
78 94 353
38 191 230
10 75 106
33 71 131
82 77 301
4 18 31
87 132 247
26 50 172
93 192 337
82 173 263
58 140 205
54 157 221
29 103 265
81 192 278
20 106 135
93 36 150
8 134 225
65 140 215
32 106 140
81 111 200
56 100 165
8 102 287
29 76 107
19 158 197
58 85 173
72 109 190
39 190 240
30 156 194
100 116 217
62 129 360
26 48 74
36 128 167
8 143 250
73 184 258
35 75 144
85 112 202
45 0 187
81 108 325
58 135 199
72 144 313
15 121 153
64 84 176
76 34 135
98 121 370
46 143 220
32 30 166
25 149 179
96 55 192
23 159 188
10 56 85
27 18 235
69 115 336
58 152 230
25 9 51
97 110 207
25 75 288
66 101 209
98 67 169
55 146 350
13 78 100
94 29 301
65 74 149
22 132 154
95 23 129
48 80 173
69 97 182
58 197 328
44 181 228
56 72 328
86 121 225
13 64 82
39 75 143
5 42 52
68 94 211
81 59 161
9 182 194
61 14 101
31 171 204
47 73 129
27 197 231
75 0 77
16 110 173
3 200 228
32 158 196
87 166 263
8 123 298
14 27 51
14 96 147
15 182 203
92 145 237
46 184 232
79 15 96
62 117 186
90 98 197
26 33 59
41 156 205
3 172 213
66 189 279
47 36 88
95 26 125
38 86 146
67 182 277
78 156 258
96 112 215
92 87 237
30 45 126
30 21 130
84 58 308
31 62 109
9 85 101
84 51 204
18 68 159
20 57 84
53 132 189
49 37 91
50 13 124
63 41 134
55 129 232
97 67 211
86 136 251
63 55 123
86 33 126
40 11 98
38 45 96
97 44 141
83 192 299
33 19 79
33 67 105
33 117 267
25 27 74
48 180 314
18 173 196
2 164 172
88 92 197
60 29 98
30 54 84
63 184 250
97 10 148
52 44 135
24 193 236
6 91 101
14 21 36
17 79 105
25 155 190
7 121 156
85 170 294
51 134 248
62 185 327
85 50 334
35 48 210
71 183 274
21 186 208
11 34 233
12 74 207
100 177 434
92 111 204
29 100 130
4 180 186
1 139 189
23 112 208
44 123 179
22 25 241
47 198 246
88 194 298
99 168 363
12 26 74
46 163 264
35 197 241
72 136 246
94 168 263
8 34 99
56 114 368
15 197 249
100 9 128
38 200 285
83 193 284
34 45 80
14 17 32
60 57 122
96 52 157
27 22 53
30 94 171
89 128 225
80 1 90
29 164 203
65 164 231
86 69 164
67 28 254
21 177 203
9 125 268
23 62 129
99 196 299
24 16 46
13 176 245
39 40 89
76 19 103
57 81 143
38 94 144
83 120 308
50 193 262
77 35 119
48 20 246
67 21 90
61 63 124
99 41 140
74 2 83
98 177 326
74 117 218
21 49 76
4 175 242
98 12 144
20 33 62
26 107 139
74 131 214
22 8 33
89 68 325
8 100 117
89 64 185
20 5 45
3 35 135
55 161 218
56 169 231
32 119 152
15 52 75
99 181 372
86 159 245
99 71 177
38 35 151
23 37 62
40 119 296
27 25 54
2 163 167
70 17 89
24 122 219
84 105 198
93 192 320
74 161 241
47 105 158
24 76 105
8 28 41
14 119 191
21 22 205
53 58 142
73 173 277
43 195 272
53 51 114
61 165 244
44 106 332
55 22 137
74 61 140
29 31 160
5 95 108
59 15 112
95 121 280
38 136 208
18 146 336
49 71 130
90 174 340
73 1 77
9 37 216
78 124 383
56 198 300
2 42 54
98 148 282
46 24 227
27 23 65
41 196 243
9 32 156
1 35 41
69 127 201
33 110 174
96 156 258
19 60 128
27 89 190
57 192 274
74 122 201
86 87 272
10 77 130
64 127 297
32 9 78
9 132 144
33 98 248
37 161 218
57 174 240
4 106 209
61 127 189
62 137 248
79 99 184
86 138 248
61 51 266
31 192 237
4 107 112
71 49 124
28 195 237
89 166 255
65 146 372
92 63 155
19 187 226
10 46 65
100 19 149
53 35 89
37 63 245
56 191 286
20 3 30
56 18 75
70 3 203
38 147 376
26 49 113
34 170 358
48 106 186
83 133 231
30 61 94
48 54 106
96 104 205
81 146 235
85 120 214
62 29 129
33 21 56
9 7 59
59 6 99
6 197 364
39 96 211
79 179 452
60 196 381
88 1 109
83 99 206
42 86 129
9 12 26
86 99 219
10 177 191
46 114 324
39 160 212
4 149 201
66 160 273
21 174 250
45 92 147
59 82 150
76 74 154
49 137 217
50 88 141
43 61 120
38 96 144
45 8 82
1 120 169
85 125 226
7 12 169
83 94 225
72 71 151
50 87 142
41 84 154
66 12 176
30 43 75
11 87 249
31 163 202
50 60 281
11 0 84
98 190 313
10 135 194
43 158 301
68 63 160
60 38 133
50 19 74
63 196 424
49 138 240
45 75 188
60 194 395
8 22 207
36 3 64
76 77 163
29 178 243
65 1 115
71 124 254
61 147 338
78 14 133
24 19 55
80 67 265
84 188 411
6 109 122
70 173 254
5 18 55
30 89 149
52 139 243
52 110 164
71 108 186
100 88 259
8 147 204
91 26 118
1 151 158
66 68 137
98 72 175
68 146 368
72 87 206
1 28 111
68 200 278
41 28 103
7 106 140
