370
13 165 256
47 27 80
66 144 373
95 93 198
22 30 60
44 127 178
56 104 163
2 61 71
89 198 291
50 36 156
87 197 327
2 31 70
83 82 327
5 17 90
4 64 116
76 50 129
84 93 191
24 113 145
87 114 204
44 196 250
13 116 143
33 117 160
69 35 123
18 99 163
62 15 105
29 2 34
3 96 121
79 73 189
4 98 104
55 83 172
45 48 101
41 23 74
79 124 368
1 68 71
25 182 213
69 61 283
69 105 339
50 3 57
16 130 148
44 170 215
81 121 240
88 129 260
53 87 186
69 19 104
18 189 212
75 177 256
18 164 298
9 164 207
55 120 224
98 167 284
34 119 161
93 168 288
52 5 67
49 155 245
67 78 185
99 70 170
14 142 175
66 0 108
44 58 104
25 50 85
15 121 153
96 170 311
20 77 146
32 156 276
70 114 253
1 155 159
89 5 185
11 11 23
71 173 249
69 31 122
34 113 177
64 110 176
49 139 191
14 29 52
1 124 290
14 158 368
6 27 33
15 13 37
3 167 269
93 5 144
69 56 319
80 109 195
85 23 136
90 90 183
9 153 185
19 171 209
20 100 241
30 73 109
23 139 310
13 112 130
1 39 148
87 49 309
43 57 105
58 33 132
39 146 192
59 124 187
2 142 176
88 23 205
72 132 213
95 90 190
80 180 367
19 12 218
34 199 274
1 132 177
20 24 75
73 42 142
71 137 266
2 56 68
79 160 249
64 6 77
9 196 230
51 167 224
73 102 217
79 143 222
67 183 260
79 124 203
41 35 237
47 13 60
92 38 152
11 179 195
23 60 152
64 185 253
78 36 115
56 113 369
74 119 200
61 130 214
10 19 71
35 86 129
77 167 289
37 188 229
93 57 153
51 48 175
56 200 296
97 69 173
31 5 61
97 196 298
42 142 275
50 160 400
44 164 227
87 66 185
91 22 149
96 97 243
78 89 170
44 143 187
98 57 160
97 98 201
34 122 179
23 139 163
8 188 283
63 31 107
34 198 233
66 182 287
39 180 344
22 176 388
60 49 112
32 2 186
9 112 165
22 35 96
58 73 143
18 193 411
67 160 283
68 0 68
41 76 117
33 20 142
75 21 127
80 147 273
4 107 124
73 116 190
63 72 181
7 129 139
20 63 109
45 73 122
68 116 186
7 0 29
67 7 74
14 54 69
44 179 265
14 123 147
85 39 232
38 93 151
29 166 245
96 7 111
54 127 286
40 33 93
39 147 196
18 170 220
16 21 75
73 93 279
74 122 209
53 90 154
28 105 138
57 1 58
40 174 241
22 136 217
87 51 147
38 110 157
31 142 173
52 122 182
52 150 388
84 158 269
2 111 120
44 83 130
6 19 55
47 61 109
49 16 80
39 193 252
32 133 290
88 144 260
77 34 114
99 196 296
43 22 67
55 182 240
51 192 276
58 15 86
15 138 194
27 28 191
70 188 296
61 31 115
40 58 105
50 76 144
35 187 222
83 102 384
87 22 160
92 83 183
5 25 228
23 55 79
3 45 215
89 69 217
16 46 64
57 75 152
68 102 219
76 185 266
18 52 76
55 164 382
74 61 156
21 127 157
47 97 152
88 69 201
29 123 239
30 53 138
40 181 224
24 104 128
65 20 95
17 178 312
38 54 105
59 149 251
29 56 191
65 198 263
5 167 250
63 122 193
3 126 136
67 41 198
40 1 42
8 56 118
35 3 45
98 14 285
76 57 142
19 123 145
46 147 222
96 151 341
95 95 190
90 116 210
49 78 127
28 135 212
4 63 267
43 122 284
93 148 275
14 162 179
77 126 403
40 20 90
90 92 245
47 193 259
69 143 217
25 61 133
29 74 150
2 127 137
62 82 187
6 162 282
29 148 181
54 164 221
4 137 150
86 28 161
36 172 253
2 64 114
86 85 173
15 48 75
42 31 239
83 142 229
67 40 178
26 12 43
29 189 264
10 93 297
35 119 268
77 57 183
21 84 107
40 42 84
40 174 335
30 30 63
64 149 219
81 120 329
67 126 287
26 92 123
68 2 251
65 69 141
36 93 215
20 168 198
60 131 223
76 58 142
77 26 285
25 155 307
48 73 127
94 117 254
33 9 85
74 34 154
60 193 394
68 25 94
91 97 188
44 56 184
73 48 121
95 84 193
85 112 233
48 63 138
61 12 82
48 44 101
57 98 160
22 158 368
81 22 120
75 99 188
82 17 106
7 130 145
73 27 146
91 100 193
47 71 155
12 188 202
48 86 228
93 78 201
55 185 436
14 100 275
33 33 144
5 30 43
19 193 234
65 74 142
41 26 72
25 95 123
41 192 241
34 81 139
57 159 222
41 73 156
21 52 77
35 120 155
82 84 289
2 116 217
96 164 333
87 46 240
37 46 87
41 91 139
16 136 262
9 126 206
45 164 232
38 193 238
68 185 258
64 74 179
52 54 143
4 48 89
73 199 310
3 24 42
99 143 296
73 143 266
56 169 248
58 164 230
