340
3 126 166
58 118 246
82 179 272
78 167 430
76 172 297
34 117 318
89 146 417
37 68 113
8 169 290
8 69 93
97 198 365
66 23 132
50 129 323
36 110 188
76 103 185
71 188 264
31 191 228
74 80 229
71 10 86
15 22 215
46 188 410
78 62 149
33 120 179
70 170 269
65 45 143
30 173 389
60 176 256
66 30 105
69 160 429
42 55 101
42 71 121
79 83 320
54 61 117
17 130 266
39 57 181
20 10 35
83 78 168
15 62 80
81 162 282
98 60 170
47 3 50
81 77 184
33 198 251
2 131 149
30 37 73
76 2 166
19 51 195
85 36 143
89 163 257
71 130 247
79 192 277
82 116 240
53 46 106
78 133 241
21 8 216
74 119 194
8 109 285
51 38 94
32 139 184
46 27 81
16 153 348
94 199 337
72 43 134
36 40 86
58 134 197
12 147 309
17 176 243
47 200 269
47 177 226
59 173 248
94 41 179
8 149 196
30 60 194
6 85 98
38 199 245
99 140 249
51 169 279
11 15 48
64 112 190
85 90 227
25 26 128
41 43 94
99 186 304
52 86 172
11 95 269
91 97 384
62 50 124
51 32 90
23 82 114
84 135 295
66 199 395
47 45 242
2 49 57
4 3 27
4 76 82
75 53 128
33 26 69
20 44 108
97 185 312
71 85 160
54 114 195
84 142 232
67 198 273
44 120 326
7 175 213
47 194 435
93 13 130
53 12 112
42 51 98
71 0 94
33 118 153
77 66 189
52 41 182
38 45 143
16 51 70
62 200 271
3 93 119
75 71 160
50 54 197
89 197 340
27 115 184
61 139 209
38 181 262
92 136 299
12 47 67
12 1 89
36 179 409
65 195 269
61 8 234
86 15 126
38 29 113
93 131 402
59 184 253
98 114 217
58 72 130
36 167 223
70 123 223
82 126 344
35 12 54
18 108 322
60 180 273
62 19 90
58 131 192
100 1 123
26 180 224
35 49 181
41 167 217
90 107 255
88 105 236
81 9 193
3 110 117
69 119 196
17 60 78
78 60 188
10 106 117
35 58 105
99 39 159
70 18 95
39 89 163
88 112 373
64 171 427
11 162 214
69 22 119
88 109 275
90 184 280
23 81 198
60 35 135
8 74 270
7 87 206
77 39 255
9 172 206
23 89 112
92 48 141
93 65 162
83 107 281
29 17 183
54 23 113
63 89 182
71 169 241
88 87 210
24 140 242
32 139 259
7 15 37
87 152 247
74 170 326
26 14 41
36 5 42
48 49 118
92 134 237
87 66 153
32 119 159
33 142 210
87 186 313
46 160 212
61 137 207
32 75 151
70 199 278
32 82 123
42 21 72
69 80 153
23 150 295
73 80 172
66 3 93
58 13 93
81 126 239
55 132 197
72 83 157
38 47 174
31 92 156
89 185 274
75 121 217
74 18 214
72 163 236
32 59 202
4 77 249
45 130 180
76 121 228
28 118 192
100 0 110
83 194 280
38 130 191
45 197 286
5 159 183
14 75 137
48 83 137
43 132 213
70 158 235
51 44 96
50 157 231
56 86 144
77 179 304
85 58 143
30 145 191
62 8 72
87 88 176
13 21 39
53 73 129
100 151 292
80 199 282
35 123 338
76 188 299
82 147 349
87 183 425
34 33 77
31 196 396
7 193 250
2 110 121
35 171 229
35 156 310
88 22 142
34 121 157
67 135 211
83 154 246
5 67 201
84 102 211
21 136 201
85 156 242
33 72 163
87 110 201
64 55 121
10 89 126
54 199 254
25 113 140
59 120 203
100 27 171
12 6 20
41 176 226
18 75 95
33 92 174
82 112 268
23 135 255
65 155 251
24 187 219
40 18 77
45 64 142
32 191 236
67 87 234
92 149 330
40 132 246
72 6 96
95 199 310
35 165 293
79 165 270
56 126 189
21 87 115
84 42 138
26 91 120
6 14 21
51 74 133
67 101 244
13 10 120
5 15 30
13 167 310
1 71 109
53 196 253
34 172 264
100 84 190
48 184 264
73 37 125
43 126 210
83 94 197
70 125 196
15 10 53
19 190 232
29 196 231
91 157 398
5 199 213
37 121 176
65 176 261
75 5 149
95 78 312
96 193 295
21 173 292
49 123 173
91 11 151
98 60 169
91 164 260
15 63 143
53 160 409
16 166 182
31 96 130
73 145 269
14 137 329
8 2 10
14 58 105
57 68 162
20 41 105
67 154 225
87 43 154
7 149 160
98 51 149
42 1 49
59 132 199
100 194 294
50 56 148
33 165 205
28 6 103
6 118 124
13 166 317
68 34 124
