880
17 23 47
3 75 99
28 45 256
14 52 72
25 141 181
35 181 222
77 117 195
89 12 106
34 178 219
78 32 119
14 119 181
33 190 223
17 105 160
77 6 132
47 9 56
38 115 185
58 0 112
9 130 145
13 124 248
99 198 446
21 95 251
73 87 167
9 39 92
73 17 118
22 165 330
54 130 326
40 157 323
6 1 15
76 196 281
49 150 387
100 159 392
17 50 68
26 3 29
53 14 74
34 121 325
95 53 160
66 178 285
35 113 154
85 157 339
71 67 156
9 170 189
26 133 351
77 28 112
80 109 192
3 173 185
19 13 36
11 56 86
93 147 279
81 101 367
83 168 349
10 183 224
65 97 166
43 103 149
73 95 169
2 29 39
51 12 64
68 172 253
38 149 274
35 22 63
78 20 102
95 169 287
46 41 90
16 62 93
21 149 171
11 185 221
27 185 255
28 102 256
26 108 159
16 1 24
88 110 393
89 42 164
100 156 279
36 111 171
66 93 168
14 115 133
89 184 281
99 54 169
68 199 316
16 177 217
7 21 75
83 16 212
67 132 248
76 137 228
17 62 80
50 14 144
35 148 186
44 150 232
55 6 67
45 60 131
84 60 148
57 123 230
86 51 262
98 132 337
12 80 141
24 48 200
48 124 175
54 146 287
11 124 144
36 55 109
34 187 349
78 31 146
47 117 209
47 194 325
27 138 220
53 127 267
89 98 296
74 79 158
86 57 156
70 114 326
43 112 180
61 148 224
96 139 333
72 195 271
78 76 160
28 8 51
92 28 215
31 177 208
78 168 265
11 163 180
15 184 205
25 84 114
32 148 182
12 105 244
44 144 304
34 85 142
90 158 249
100 80 191
92 199 317
29 163 265
82 13 125
79 65 145
10 177 192
71 112 215
73 95 314
94 34 134
33 192 257
95 147 262
20 84 120
41 90 173
53 109 182
39 73 158
9 121 146
58 126 233
84 155 270
90 30 130
8 190 225
3 3 40
39 102 146
93 150 292
43 185 279
77 7 212
24 95 130
7 130 144
70 162 242
100 25 160
70 91 163
46 7 62
94 19 130
37 11 115
61 130 199
84 182 280
23 138 202
6 117 140
26 130 187
46 127 180
84 148 257
50 181 236
46 99 153
35 50 97
9 88 142
36 106 187
96 53 264
31 134 167
37 97 159
37 104 177
34 6 82
56 62 121
54 189 263
26 109 179
29 89 125
18 6 30
65 25 95
27 186 216
19 54 121
95 161 296
69 90 209
76 144 260
82 171 310
91 171 294
86 175 274
98 100 238
73 109 267
10 109 128
2 44 51
44 171 217
30 2 169
32 109 194
91 21 262
99 168 296
99 9 117
46 67 147
10 13 114
59 171 235
4 141 192
25 126 221
63 115 223
19 122 147
78 114 198
22 151 183
10 84 198
49 189 270
4 172 317
49 108 248
81 49 308
97 193 298
92 16 156
27 34 240
87 42 132
82 45 174
69 64 164
36 183 226
45 151 202
49 38 114
91 94 187
92 43 175
30 162 278
17 78 103
76 74 180
5 44 158
13 190 380
91 32 133
73 86 179
95 105 203
66 176 258
51 77 138
33 180 239
86 32 122
17 12 36
53 176 234
68 164 240
73 178 253
39 174 407
16 179 223
97 145 256
68 176 350
33 76 126
8 133 187
9 0 14
48 41 101
15 8 41
83 64 171
24 57 270
42 69 115
83 163 247
57 97 161
14 164 219
6 49 61
40 95 141
4 68 78
89 200 298
32 91 133
53 105 162
74 20 143
89 16 111
39 73 113
59 154 258
79 1 216
57 32 247
6 148 157
6 103 113
60 0 62
61 14 78
66 123 196
92 38 157
40 110 153
50 135 210
69 114 324
99 134 236
87 162 346
12 153 171
46 135 191
99 149 293
85 192 286
38 170 212
23 108 147
17 115 146
41 140 188
41 109 153
45 71 118
82 27 148
47 44 165
74 58 137
43 68 197
43 113 322
51 86 183
56 58 119
72 69 147
86 153 257
58 33 97
44 120 166
35 90 268
15 71 96
88 80 168
77 159 245
70 173 277
92 66 177
55 171 373
100 178 298
64 126 217
59 21 90
58 39 104
94 138 237
70 199 271
89 120 210
89 69 181
96 30 127
56 140 218
28 196 282
62 43 129
34 95 164
20 58 80
100 53 292
55 111 168
77 31 170
65 168 266
16 91 116
34 52 128
82 126 367
13 15 33
33 185 284
62 122 232
45 88 245
45 92 168
50 80 136
90 26 130
31 59 244
41 44 201
22 194 265
97 121 335
56 191 275
65 127 236
42 136 350
37 36 216
37 49 266
9 134 152
34 192 313
17 88 172
24 147 182
30 165 220
37 138 230
56 85 249
14 26 45
69 91 166
20 181 359
31 88 150
65 116 182
66 172 244
38 195 398
22 160 208
70 126 196
41 83 152
40 51 106
43 159 239
62 43 111
69 108 208
1 60 106
32 65 138
15 87 103
74 154 272
22 18 42
79 11 93
32 83 175
55 178 233
96 32 326
28 146 207
69 13 104
13 6 91
6 140 146
100 65 189
46 20 74
77 94 219
50 69 125
79 182 287
72 177 340
16 20 57
26 102 138
31 81 141
53 157 237
53 124 180
88 146 315
88 44 138
56 146 251
36 32 117
56 168 254
83 53 252
54 188 248
98 70 325
80 75 163
95 164 263
89 104 240
22 70 93
69 5 84
70 64 140
41 160 229
79 192 407
18 162 194
50 110 166
23 18 150
44 148 203
32 168 220
75 60 141
81 128 214
68 49 121
54 175 244
47 71 131
2 49 58
58 123 185
47 155 238
81 79 213
69 105 360
99 45 180
73 11 92
80 153 255
37 47 85
44 121 204
64 149 231
49 148 226
56 197 274
1 168 194
36 10 56
51 124 175
29 66 142
8 72 89
61 14 77
48 51 117
28 171 293
55 154 223
77 143 229
64 19 99
43 73 164
42 170 222
64 150 244
9 44 176
49 6 65
11 134 316
66 54 166
5 26 41
70 159 237
89 138 233
32 51 88
40 161 202
56 151 218
89 147 240
37 116 352
44 13 61
29 3 81
47 160 210
74 8 128
9 174 188
10 52 185
4 71 193
22 4 128
19 108 170
93 39 294
98 149 252
96 75 193
80 106 189
96 173 274
56 126 183
95 66 165
95 92 210
28 8 58
82 109 194
85 153 363
14 97 246
96 95 200
79 18 134
55 149 243
60 76 273
30 158 231
18 19 62
55 116 272
70 89 167
50 194 280
56 63 122
78 78 162
33 48 104
95 155 254
41 109 260
45 71 118
58 169 235
60 111 182
3 172 345
41 32 95
29 57 265
91 140 239
69 196 292
7 93 182
43 51 94
69 92 320
81 90 177
69 168 272
5 27 46
94 106 204
15 17 100
53 19 104
72 127 222
28 112 184
100 11 121
35 147 182
70 173 430
97 119 240
96 118 340
43 32 231
8 166 213
17 16 70
24 4 66
43 160 225
27 73 150
46 155 393
85 79 169
10 195 248
76 25 102
23 151 217
78 170 254
24 136 164
61 106 271
95 44 165
50 22 222
97 23 244
86 4 100
100 65 249
78 120 231
8 167 219
81 52 166
6 63 235
20 70 92
52 42 99
42 46 91
3 6 24
14 27 62
45 9 54
56 158 404
18 185 355
78 177 295
2 40 45
35 152 214
79 177 301
14 79 137
48 29 126
48 194 256
16 151 172
13 98 156
27 90 230
73 110 214
71 115 187
20 70 93
38 109 157
34 113 149
88 137 410
10 136 151
76 56 260
97 116 248
95 198 296
33 86 120
76 59 236
7 106 122
88 145 401
19 187 212
12 104 236
69 47 187
64 169 238
47 49 217
72 153 257
50 40 117
56 147 210
100 200 370
12 98 112
7 125 281
27 20 54
13 104 214
48 192 347
87 100 380
87 149 274
98 48 310
91 27 122
90 23 114
53 159 217
18 7 55
57 86 167
64 27 167
8 90 98
98 131 238
52 16 178
74 0 77
26 117 190
30 190 263
25 98 128
89 56 148
90 135 226
51 42 105
42 174 232
69 178 255
73 98 172
55 70 131
34 166 371
51 47 284
45 79 149
93 46 171
50 32 87
24 154 237
18 179 203
63 165 277
64 171 255
36 112 186
6 44 72
30 158 238
16 173 205
89 33 276
85 31 157
94 43 145
26 127 157
31 58 116
82 19 231
19 155 249
7 51 101
17 119 160
95 50 152
68 110 184
51 188 258
14 67 88
30 101 148
31 104 136
12 198 255
90 24 123
67 135 207
67 65 324
45 1 65
78 186 379
34 22 58
72 26 128
31 53 87
15 162 373
14 109 123
6 38 46
21 198 388
57 169 317
99 12 117
17 33 178
81 9 90
9 110 123
81 92 231
17 137 194
22 177 225
97 146 251
88 77 168
98 159 263
34 30 241
18 191 339
95 193 338
97 19 124
21 78 125
76 34 137
11 62 98
6 19 34
43 196 258
97 121 336
31 100 143
53 147 247
80 21 104
35 44 162
80 170 265
61 189 268
80 121 242
27 85 121
87 187 395
10 108 125
88 151 294
82 132 222
80 109 296
84 144 258
53 71 126
39 144 188
63 84 156
54 95 152
78 127 216
36 5 49
54 111 174
4 163 173
68 87 350
75 41 134
89 153 410
72 102 174
69 197 267
53 76 138
23 58 236
2 108 234
2 165 179
67 53 122
37 142 186
9 198 310
95 42 141
10 74 85
93 13 269
17 70 91
32 36 117
27 177 220
42 33 86
53 13 92
27 174 360
82 196 463
7 27 40
39 159 200
5 149 158
6 53 63
76 182 290
42 95 144
60 118 186
84 96 186
41 172 216
84 148 238
80 69 151
78 96 187
91 159 288
31 178 216
30 83 116
18 88 109
74 86 166
76 165 250
21 185 335
19 62 103
53 85 141
86 166 260
57 98 268
97 171 280
23 10 83
80 38 124
7 28 43
29 116 155
85 77 162
65 18 103
19 100 128
51 71 248
35 18 55
26 172 215
76 95 174
73 47 155
91 67 160
86 81 203
20 154 232
18 51 90
36 61 101
40 179 242
85 179 268
57 88 151
55 187 242
33 80 128
51 55 114
89 178 350
3 164 193
99 196 407
24 2 159
16 155 189
20 87 121
29 119 165
58 101 179
21 182 203
9 1 44
9 16 32
3 63 93
65 198 271
24 118 149
25 76 200
61 158 244
20 0 186
4 81 255
41 189 249
62 168 380
25 9 45
70 59 260
45 78 284
92 161 277
8 9 125
70 89 162
76 37 115
93 93 200
56 8 71
21 114 152
60 176 279
74 146 255
1 74 236
43 70 160
89 19 130
11 114 127
44 92 136
97 24 125
41 63 161
72 139 233
76 33 118
76 71 188
7 25 37
93 39 296
83 9 279
1 54 78
36 134 173
43 33 80
12 59 89
79 65 220
96 8 244
53 129 326
18 26 86
54 30 178
10 129 149
8 35 45
32 7 56
72 175 297
40 129 187
59 15 134
64 129 226
3 50 188
79 139 313
36 82 278
99 10 181
25 114 139
73 37 237
55 180 237
54 199 264
46 152 235
80 91 172
39 163 245
33 151 185
80 10 113
62 32 240
5 114 192
4 56 100
11 55 76
69 129 208
27 64 101
74 157 253
52 117 177
65 57 128
85 89 180
57 161 221
33 178 244
10 17 30
83 164 255
80 121 379
5 136 231
13 85 117
97 25 130
76 71 175
6 166 194
90 97 188
33 98 146
66 128 384
74 20 111
49 115 168
16 138 192
87 107 202
93 93 202
30 22 93
67 98 244
9 52 96
50 188 244
23 106 204
22 78 163
88 39 176
71 15 280
12 24 62
12 85 123
51 156 266
49 162 250
31 34 91
37 38 101
100 25 127
49 34 125
92 34 277
38 179 248
74 164 238
80 91 175
