790
24 40 105
78 196 281
38 172 332
14 148 169
67 64 156
29 58 106
88 110 199
80 22 145
92 171 297
44 87 131
25 172 203
2 115 125
51 107 162
100 153 267
19 156 209
66 103 227
13 53 251
89 27 130
32 67 99
4 72 174
30 29 128
30 36 251
14 128 144
69 127 263
40 17 66
60 37 255
69 150 397
66 200 268
10 178 257
97 149 255
11 123 138
3 0 26
4 24 36
27 80 279
80 187 272
68 137 210
90 102 197
6 200 240
2 123 301
2 193 201
34 181 234
76 93 169
48 149 354
87 50 173
68 109 185
73 189 266
67 130 397
72 13 92
90 69 209
6 23 38
14 148 179
7 127 205
88 200 305
71 131 292
62 194 409
25 183 273
7 11 196
87 138 258
68 18 95
38 170 235
2 71 163
96 6 264
53 194 260
14 185 210
35 15 51
8 108 125
95 190 288
99 63 164
65 154 223
72 146 356
41 10 85
10 122 207
65 25 99
63 167 230
52 176 236
61 101 176
81 140 260
51 181 239
65 76 142
43 101 170
12 39 244
18 140 189
32 51 129
94 16 283
97 121 220
56 4 88
40 8 49
93 126 222
72 25 131
27 111 148
34 37 179
15 14 204
47 81 136
4 78 85
58 19 82
78 142 256
61 144 235
85 49 167
39 94 164
79 58 146
9 62 77
30 194 229
84 99 366
84 97 327
62 43 110
31 100 246
66 83 168
22 51 76
45 109 261
85 163 345
28 77 115
32 52 86
4 19 91
99 51 194
47 133 266
24 70 100
95 105 205
66 60 171
39 181 339
100 79 212
98 60 158
48 156 204
22 131 242
55 101 157
17 3 70
63 171 339
45 129 222
74 117 201
89 81 193
75 155 239
78 143 296
21 121 290
39 90 165
3 140 237
96 96 349
5 31 43
93 88 181
58 146 204
85 94 187
48 194 245
94 198 319
25 93 178
25 103 131
91 64 184
75 154 230
52 41 108
26 69 113
6 104 115
82 110 193
59 125 357
73 198 272
29 167 200
94 107 389
77 177 254
95 32 234
7 95 107
99 153 297
94 5 299
30 36 74
47 196 412
72 60 183
85 3 135
35 168 225
59 134 231
78 18 108
48 198 444
77 26 175
70 168 259
42 4 56
35 28 74
51 69 126
35 90 131
13 67 103
28 197 407
42 135 186
79 165 262
1 0 2
47 108 162
70 131 235
28 65 182
36 159 239
10 189 209
35 149 191
97 195 308
71 14 86
52 197 277
59 138 389
48 70 271
98 167 315
70 113 285
55 181 255
84 113 325
100 34 324
14 88 125
27 49 130
29 153 193
47 117 204
22 171 197
89 185 315
65 184 249
55 82 161
29 81 203
50 39 92
12 105 227
94 143 246
100 157 403
21 85 116
76 142 229
40 162 231
94 145 240
9 97 110
80 114 364
91 180 289
24 66 115
75 176 257
49 121 189
64 157 408
86 159 322
5 95 150
60 43 108
94 60 163
55 102 164
97 10 131
47 167 222
61 114 181
48 192 330
34 21 173
77 162 251
35 104 311
79 166 377
49 127 330
34 142 279
24 196 237
39 164 243
79 144 224
99 37 145
53 142 198
49 117 320
5 150 165
52 9 77
72 182 398
65 135 365
67 35 135
60 133 239
41 59 104
32 161 198
33 110 182
32 166 203
66 170 250
11 112 133
36 196 238
31 143 176
22 143 277
82 181 287
59 171 265
60 112 351
100 182 286
28 177 238
44 190 280
7 123 139
1 109 229
11 90 107
34 113 197
22 117 139
68 82 321
5 56 70
57 89 153
15 72 91
28 194 225
46 182 247
84 69 157
90 33 129
59 122 215
98 92 260
7 51 63
55 102 211
82 160 333
26 85 152
82 53 165
78 157 239
19 28 195
14 26 44
52 102 156
42 134 176
14 122 149
17 40 103
51 38 236
72 192 264
9 176 215
77 78 197
84 90 215
70 179 277
46 34 81
80 121 202
91 120 318
40 151 228
10 67 106
71 112 326
3 62 102
24 63 95
51 138 197
13 152 337
59 119 187
16 142 158
7 165 282
87 104 196
45 101 146
33 107 140
42 85 132
29 90 140
55 46 103
57 109 200
25 193 227
50 45 184
74 113 217
41 21 70
99 132 239
41 43 88
4 28 43
81 18 141
68 124 257
58 142 279
79 12 139
65 131 203
63 199 275
62 165 233
48 143 226
63 26 104
94 32 146
56 131 196
30 109 237
22 73 113
69 58 136
28 194 231
59 197 265
96 7 113
63 18 148
32 138 184
45 130 177
19 177 331
86 133 262
2 156 177
32 125 163
1 55 140
14 170 188
1 117 123
91 28 142
36 164 206
6 33 51
6 138 148
80 176 299
70 128 244
69 130 208
80 130 220
35 194 279
8 26 49
2 27 62
11 15 31
100 162 269
52 61 132
62 16 114
37 42 82
31 143 289
57 62 127
72 62 138
86 189 277
79 162 241
42 29 106
80 89 215
9 43 212
93 10 234
41 61 123
56 12 73
34 137 206
16 76 134
57 42 109
53 110 167
52 107 242
56 163 240
93 66 216
71 47 124
41 41 117
100 16 135
26 84 197
46 51 129
72 70 191
36 80 238
12 165 181
87 63 325
77 137 214
40 140 180
51 173 257
38 62 230
46 2 54
46 16 66
46 147 193
39 157 204
68 156 224
97 22 155
29 118 152
63 62 169
81 104 192
12 123 139
9 144 155
15 114 326
5 113 150
42 11 60
9 71 276
73 157 231
34 182 220
86 55 143
77 34 117
62 74 156
27 150 179
91 71 163
95 36 132
2 189 204
22 183 206
84 135 222
44 143 189
75 33 119
33 179 387
55 107 264
100 21 124
74 112 212
11 39 57
68 42 143
99 31 135
85 106 202
83 29 290
60 163 251
97 52 153
2 141 152
63 129 236
57 25 84
90 123 216
100 164 303
92 38 132
80 176 257
62 182 249
80 70 160
98 106 244
54 86 157
44 26 244
55 183 242
67 60 130
28 127 160
62 40 139
21 119 150
19 0 27
20 160 189
82 58 237
55 120 182
92 5 215
10 80 90
8 81 104
40 79 128
4 57 62
40 153 198
29 93 156
52 127 191
3 137 161
92 79 331
72 15 96
63 145 280
50 133 312
68 152 224
1 18 63
6 197 209
59 191 259
94 58 162
65 168 284
35 56 127
88 177 309
19 117 301
50 161 408
66 155 231
76 43 127
80 181 379
14 19 34
88 28 206
68 97 166
35 113 329
62 94 296
91 46 138
29 73 111
49 98 153
91 130 252
30 185 253
62 173 236
81 167 249
69 160 252
29 97 127
45 200 248
32 85 309
58 125 185
88 164 374
5 180 270
56 175 240
95 153 291
64 155 229
17 153 199
90 138 230
90 60 166
17 2 19
70 111 375
32 142 302
40 176 223
59 159 219
96 74 350
2 139 254
42 157 207
21 178 235
75 148 229
71 99 174
71 57 132
87 155 250
39 21 166
49 38 91
26 3 29
13 48 62
76 117 220
72 92 173
10 90 143
80 148 228
77 181 266
62 123 225
9 144 193
87 87 181
81 80 162
7 86 97
88 65 155
97 16 123
26 87 126
61 144 212
53 80 140
98 40 148
19 64 131
73 81 160
45 137 186
15 182 205
47 167 225
95 188 286
23 85 155
99 2 103
62 89 193
14 36 143
16 178 216
50 180 293
96 195 291
49 186 423
79 53 136
95 54 177
27 97 133
42 48 96
69 152 278
52 170 227
64 74 168
78 63 144
65 125 193
24 78 108
55 186 280
36 60 131
19 170 202
100 179 306
53 130 193
75 115 289
79 113 292
61 26 157
44 113 157
4 30 90
30 37 75
18 68 91
94 10 151
69 65 138
17 96 174
57 132 220
100 76 181
3 131 137
19 173 235
31 26 63
24 126 179
62 105 173
43 81 163
6 23 222
36 152 320
73 164 241
53 3 94
22 101 278
52 106 170
40 128 215
8 127 137
86 127 218
8 84 155
4 199 399
86 76 189
53 38 93
87 124 219
88 91 186
84 129 216
37 154 234
74 15 101
28 112 207
63 85 284
85 138 401
52 32 92
67 155 278
90 50 142
62 144 221
63 20 207
69 188 307
84 192 286
38 79 166
18 60 160
56 178 273
39 103 194
72 10 125
20 105 165
59 185 269
8 35 68
81 177 262
34 117 185
59 67 134
64 48 247
53 53 114
75 74 157
39 43 87
91 165 262
100 93 223
76 130 214
89 139 229
90 28 128
78 78 162
39 78 145
50 47 98
52 175 234
59 35 96
23 53 189
84 0 93
35 138 179
1 24 28
99 8 113
47 1 139
81 62 194
36 57 101
39 156 196
81 196 286
75 107 211
65 71 155
9 26 42
10 95 240
90 39 133
41 28 249
100 85 374
6 71 195
62 185 274
80 127 216
99 138 283
49 191 250
81 187 314
41 111 152
97 70 176
82 7 107
32 0 83
64 98 189
100 154 254
97 13 306
62 198 292
48 34 206
77 113 196
98 11 121
22 177 200
40 138 184
65 10 119
27 134 225
35 92 133
26 182 367
64 94 278
60 146 214
45 111 186
80 15 119
79 118 216
29 141 176
72 33 105
54 174 329
91 68 167
38 73 177
62 180 278
15 92 164
61 110 171
87 170 330
6 42 196
46 42 286
69 185 382
35 174 273
80 30 122
3 91 143
80 9 90
40 11 57
63 40 108
10 16 30
76 21 185
18 64 85
62 185 388
18 13 64
33 14 84
15 112 134
1 190 212
5 143 271
33 21 96
8 76 87
60 36 100
94 191 289
38 115 201
48 21 104
51 3 72
37 184 286
35 156 221
69 21 287
32 99 135
44 85 135
39 99 248
73 173 293
24 167 288
46 74 164
56 126 202
72 64 160
41 168 217
94 191 294
79 58 143
41 178 387
49 130 198
60 173 272
69 98 171
22 129 256
55 13 71
51 161 225
5 0 44
83 165 255
52 132 205
90 151 307
63 1 69
87 96 286
29 30 256
19 126 151
16 22 41
86 128 217
10 97 121
77 76 154
31 160 195
51 135 194
94 103 227
2 7 15
61 115 299
18 176 280
6 80 96
15 73 90
14 92 205
76 125 323
8 73 270
72 125 203
62 143 395
2 185 190
36 68 178
40 190 232
82 84 202
88 60 151
93 156 362
40 153 199
53 103 175
13 138 192
61 63 131
82 186 307
52 32 215
37 144 205
47 16 67
65 23 247
62 66 283
49 11 161
29 188 218
84 200 482
60 21 91
88 103 235
30 110 147
28 41 78
46 187 266
29 136 165
19 11 200
19 39 185
38 111 175
