750
99 162 265
29 51 89
69 76 152
41 163 254
19 197 374
63 23 93
23 150 180
80 63 147
76 170 277
4 124 134
38 182 221
77 38 119
89 184 414
42 154 233
85 67 345
82 0 84
30 0 33
21 115 145
2 78 94
25 151 202
59 149 230
62 132 239
6 62 188
14 12 71
26 52 104
5 47 85
57 61 124
71 120 215
44 123 173
24 86 152
78 141 230
45 103 171
69 121 194
33 54 124
48 102 319
57 79 136
82 30 114
43 151 200
83 158 323
79 31 139
78 184 387
89 176 306
84 95 213
43 140 187
71 180 418
64 193 258
21 9 135
91 142 344
43 183 236
16 119 140
51 132 239
73 78 155
7 94 107
3 139 147
44 66 112
54 114 175
11 55 213
97 87 324
29 129 304
21 128 152
15 5 29
18 152 171
82 56 244
68 133 354
34 157 192
38 138 181
100 34 167
53 47 133
78 32 140
95 41 146
92 33 129
38 36 228
27 1 167
44 181 271
76 159 238
82 28 134
30 2 61
19 188 400
26 108 205
51 103 182
91 137 354
15 92 115
90 171 271
84 144 228
59 69 310
71 44 148
57 91 191
30 19 94
44 58 123
91 40 175
57 125 325
43 187 233
48 29 80
64 176 412
79 197 280
37 126 168
30 36 108
50 74 297
43 11 161
56 138 199
49 114 318
71 62 179
13 67 88
18 114 142
76 195 318
89 135 225
30 46 80
80 103 237
67 107 316
38 158 362
97 155 272
46 187 252
67 28 141
27 130 165
61 32 93
10 167 194
10 119 160
65 197 263
2 130 177
46 14 100
40 21 82
30 94 131
6 140 154
17 162 189
45 185 247
90 55 295
38 1 46
7 185 328
59 118 183
67 194 307
84 132 309
100 59 159
45 66 111
72 158 365
3 47 68
27 13 47
40 24 65
72 66 142
83 58 149
88 195 441
76 61 140
77 115 375
63 76 301
92 71 178
41 126 168
66 172 241
63 119 189
52 41 129
8 126 246
32 40 73
50 85 154
45 179 231
5 165 331
17 107 124
78 144 225
53 144 214
92 94 187
41 176 233
78 60 140
8 80 90
16 172 252
94 11 134
10 153 172
59 98 161
24 138 256
19 23 62
82 165 289
74 156 417
13 90 119
97 54 219
17 160 186
45 153 206
84 192 288
17 180 197
61 92 230
90 112 205
32 37 96
20 173 220
18 200 408
77 37 115
66 199 266
83 42 125
1 11 18
93 62 175
56 74 132
12 30 91
5 52 188
24 148 178
54 110 171
86 139 248
55 47 247
35 96 133
90 9 163
43 38 234
83 75 163
98 1 101
23 74 126
99 31 220
42 55 99
99 112 221
27 86 265
53 179 279
12 43 55
21 156 190
52 92 147
15 147 167
30 32 76
28 32 80
54 110 186
82 153 241
36 132 334
25 29 61
68 135 238
23 95 151
4 105 112
6 22 136
6 127 143
39 12 162
23 45 89
42 98 155
61 53 116
33 200 279
98 2 282
81 168 253
12 151 186
5 144 153
55 181 237
81 56 157
99 148 282
58 56 156
61 84 189
43 125 219
98 191 292
79 107 209
59 30 95
43 165 209
91 187 326
10 53 88
76 190 331
22 116 162
79 147 228
59 149 217
52 113 208
95 44 281
49 152 387
74 25 103
9 36 161
34 3 169
61 182 248
67 7 95
56 162 228
89 178 387
53 113 204
73 116 192
99 192 341
10 88 108
67 154 224
7 191 209
31 176 216
42 26 266
90 115 252
26 111 141
71 17 151
37 2 42
19 27 58
93 158 260
90 131 256
73 128 250
39 46 276
76 8 257
27 86 222
38 70 108
75 125 215
61 169 236
46 138 231
13 34 53
51 46 101
13 160 292
54 56 114
47 158 314
78 161 246
21 74 142
89 43 292
4 48 224
63 34 118
25 103 311
71 55 148
100 146 301
70 117 226
45 39 113
88 32 141
54 15 74
81 164 248
21 9 170
92 52 262
95 49 146
32 89 131
64 96 163
67 93 339
33 140 179
85 196 311
75 22 172
78 68 148
69 89 177
26 22 124
85 186 317
28 58 89
1 194 201
27 126 156
63 30 136
33 65 101
57 50 155
65 158 262
90 28 124
91 74 257
25 153 185
15 88 126
79 137 226
79 119 202
50 118 203
8 156 168
67 129 242
36 146 232
34 76 120
27 120 152
38 122 163
95 67 169
47 139 226
42 181 249
85 16 105
4 168 284
23 105 138
70 190 269
24 15 41
90 6 101
13 57 117
20 37 63
39 198 336
97 39 140
75 129 237
66 174 433
69 12 89
32 162 197
73 20 96
97 138 324
40 60 106
64 166 245
79 147 284
71 94 244
21 146 261
69 45 118
55 113 178
48 51 108
53 104 194
96 50 314
22 46 133
57 143 256
90 75 300
43 176 225
51 138 199
55 10 65
26 199 306
49 187 295
3 177 209
39 99 141
82 91 365
33 52 213
23 122 315
94 184 284
52 184 242
7 52 63
55 129 360
63 139 253
59 71 232
91 12 136
4 85 216
40 123 165
23 96 255
59 49 112
38 2 192
99 20 153
79 167 249
24 136 160
85 83 178
61 151 235
77 113 239
31 176 247
68 50 118
50 102 159
77 137 285
16 114 134
84 164 267
47 12 63
22 175 345
93 197 311
96 147 279
78 77 349
37 200 393
2 0 179
15 192 310
41 186 235
46 140 186
100 4 150
83 3 139
69 156 233
61 177 265
40 112 166
37 99 146
40 11 61
70 167 282
17 77 98
50 80 293
14 104 143
23 185 237
51 96 231
7 183 210
81 48 140
88 7 124
44 80 313
71 108 197
18 91 153
84 180 270
87 109 210
30 175 214
50 146 201
40 188 357
3 132 136
55 5 65
61 176 355
98 103 354
89 98 193
2 30 34
30 181 233
74 175 255
64 120 194
5 138 144
77 107 188
2 36 70
89 100 223
80 78 162
22 91 118
61 148 352
81 151 277
99 6 226
47 37 133
89 146 268
78 169 409
31 60 199
9 166 184
62 199 267
44 134 318
80 130 214
90 69 198
9 114 305
52 105 165
65 18 139
89 188 278
83 33 255
7 64 81
15 57 197
81 92 183
79 133 216
77 15 237
9 187 310
10 109 163
25 61 120
91 197 298
41 128 216
98 40 312
14 60 80
50 61 152
1 7 99
65 63 165
81 84 250
42 67 169
92 25 120
22 166 220
11 87 118
87 94 309
60 198 258
21 110 152
56 181 240
98 121 221
28 84 119
53 81 182
24 127 152
96 99 196
40 10 69
3 44 50
14 158 360
90 95 363
61 143 208
58 88 186
32 40 75
39 140 245
41 24 66
14 104 151
56 136 201
67 174 274
83 4 96
82 190 280
37 198 241
38 173 213
40 116 188
91 87 293
60 46 223
41 158 214
4 76 278
2 94 106
59 120 202
72 137 216
20 155 222
56 64 128
90 22 152
36 99 284
38 97 149
16 10 117
35 130 169
42 59 134
62 17 127
76 62 142
75 181 306
76 83 293
73 161 337
41 105 295
14 90 161
26 126 245
87 9 107
30 123 246
40 8 57
61 103 206
25 30 106
56 156 229
23 16 68
52 56 139
8 134 146
70 150 229
78 102 212
23 158 195
16 199 233
50 51 111
13 48 88
47 21 69
29 83 112
99 185 312
39 49 106
56 167 263
75 71 170
14 119 138
59 11 251
99 67 173
67 186 262
59 147 250
63 200 284
27 56 88
78 68 151
52 181 276
17 174 244
34 134 169
78 162 413
89 190 311
16 88 281
8 95 195
28 133 204
87 165 337
69 173 326
98 100 215
34 110 145
31 137 168
52 191 312
91 74 167
48 188 398
80 174 266
73 127 203
71 127 201
12 20 35
54 39 94
2 68 230
97 49 147
51 149 213
90 93 221
51 48 107
44 6 161
8 194 207
54 175 371
47 8 102
57 103 163
41 168 255
64 7 107
46 171 229
67 71 148
11 90 113
20 2 23
18 36 212
96 120 219
27 61 96
85 70 301
96 63 159
72 157 360
20 147 320
24 160 212
63 17 85
19 96 124
68 131 232
19 71 98
98 73 245
17 29 48
63 182 372
29 122 191
24 65 90
4 6 122
35 144 187
17 33 50
49 24 104
7 183 338
37 14 61
17 33 50
23 46 77
56 91 204
63 154 221
36 64 181
84 86 207
65 125 330
64 25 96
12 128 144
37 146 204
45 67 118
13 72 152
13 1 67
48 37 138
20 145 169
45 35 87
86 38 259
60 114 179
48 131 182
51 186 247
17 56 91
66 152 226
13 137 247
23 53 77
55 197 259
10 64 155
63 91 192
90 85 344
2 100 120
44 47 258
64 96 168
23 184 267
57 126 186
99 38 143
21 150 186
93 59 161
95 44 146
68 101 174
19 191 216
91 79 203
23 114 184
13 79 136
24 51 144
22 56 241
34 33 111
57 70 202
17 166 204
20 91 186
95 45 144
22 165 210
58 112 184
61 179 269
95 12 163
71 7 80
71 112 188
55 49 247
37 199 282
68 148 241
20 80 111
70 128 230
98 92 192
5 36 60
22 55 263
91 113 233
24 77 237
14 38 58
91 138 312
99 32 178
86 149 275
14 94 286
3 29 36
90 151 284
31 167 218
55 48 108
75 38 135
83 156 285
91 58 149
72 38 294
95 73 172
84 173 260
77 189 276
92 27 126
41 92 169
10 161 177
9 49 224
86 107 266
82 130 228
99 98 359
87 186 281
39 43 254
72 164 350
35 23 59
77 17 228
88 126 295
55 77 259
91 81 184
71 114 185
74 53 147
76 107 190
3 72 84
23 81 176
6 181 196
24 108 176
98 149 285
100 93 377
98 137 238
31 119 190
56 94 304
81 31 114
8 31 200
65 115 180
80 146 275
17 114 273
80 100 205
78 32 122
55 162 233
13 24 144
41 166 257
99 152 262
8 114 280
100 157 274
86 64 152
68 8 77
73 43 144
32 1 56
34 158 296
30 130 196
87 123 219
16 25 75
31 104 139
34 127 161
66 35 101
98 11 246
60 132 266
