140
11 178 287
71 161 246
93 164 270
98 108 217
88 104 194
46 81 222
44 52 115
38 58 181
57 155 214
19 65 92
96 20 123
22 14 161
52 192 286
90 83 174
81 92 221
32 172 211
81 163 265
64 127 200
1 145 151
96 84 180
32 70 253
37 53 202
20 51 73
18 193 225
12 162 244
92 135 230
75 57 182
87 25 194
40 124 271
84 11 95
35 103 162
19 9 58
27 32 69
83 1 94
64 75 154
38 101 148
56 16 161
33 99 264
59 154 398
18 36 157
46 194 245
26 106 179
59 67 135
78 69 172
10 41 199
77 126 248
58 65 146
52 190 258
60 164 247
63 9 122
84 60 150
98 151 282
13 81 210
35 28 72
20 13 47
80 159 262
52 121 207
86 113 202
38 125 327
90 121 238
7 30 75
80 53 174
48 61 133
9 1 27
36 129 166
9 62 235
69 193 271
57 2 76
66 171 237
75 195 294
82 16 107
66 129 195
58 110 178
23 64 97
39 171 216
39 164 204
65 18 99
11 147 192
7 141 318
16 116 175
97 7 145
77 7 84
4 90 140
31 126 164
20 170 210
13 8 53
27 174 241
24 150 219
63 35 113
75 110 187
53 131 228
66 180 375
16 112 175
56 125 231
15 177 327
16 140 188
100 48 172
57 156 257
12 27 42
17 82 129
3 66 73
34 81 118
36 43 88
32 39 97
29 19 139
90 18 218
69 118 209
43 12 79
1 80 174
25 12 46
44 133 351
39 55 102
5 111 120
82 13 140
81 179 337
68 67 144
70 190 270
69 43 148
7 171 188
99 43 152
29 43 108
62 147 246
87 119 288
98 41 141
48 126 176
7 55 175
30 82 184
96 27 270
82 142 226
69 154 233
26 45 102
62 180 305
42 46 281
36 71 290
96 196 302
27 80 275
24 47 90
90 24 117
76 105 190
46 134 189
