260
12 75 90
57 53 112
93 46 139
56 102 168
18 102 123
69 84 176
54 63 120
86 149 238
68 180 252
87 62 155
86 122 213
15 76 107
80 90 339
77 95 298
6 182 206
68 130 198
83 135 227
29 97 131
61 105 205
96 5 216
26 114 141
100 198 299
93 155 253
14 194 222
92 113 207
25 7 35
30 141 183
62 98 162
64 73 142
70 197 363
61 158 234
85 141 257
55 114 173
3 155 176
39 152 207
60 182 242
13 45 98
43 87 253
30 183 324
39 80 138
70 195 269
33 128 188
27 45 93
35 17 52
55 37 129
79 68 259
98 72 207
36 26 97
74 127 209
85 101 303
72 167 280
64 74 147
41 161 334
85 81 201
11 181 198
54 179 237
64 139 211
58 88 246
72 140 216
83 159 251
82 6 92
45 133 264
90 141 330
57 112 246
23 47 75
95 154 251
47 125 177
56 48 285
67 39 107
10 119 302
33 69 121
70 52 271
94 1 99
59 176 254
73 5 262
42 10 75
90 105 201
73 133 277
96 39 139
13 159 219
22 150 175
12 182 243
55 196 258
31 171 205
20 38 109
38 79 131
93 146 247
96 168 285
76 155 326
86 32 166
26 127 176
6 81 116
55 177 236
97 35 324
62 7 73
20 106 171
82 177 293
87 116 208
7 12 182
92 31 129
48 54 158
11 79 124
24 134 195
76 35 158
33 83 118
84 103 373
76 22 208
49 116 215
90 170 262
90 28 309
39 177 241
35 40 85
46 56 105
66 80 186
90 7 102
38 200 247
60 162 250
1 116 127
49 170 220
2 120 283
93 120 249
72 131 237
19 126 155
29 41 102
70 174 249
71 64 135
14 23 61
84 47 147
16 170 190
27 27 68
39 36 78
98 5 181
73 121 205
84 17 119
22 48 111
85 150 314
48 130 184
27 170 309
58 45 302
79 159 246
80 107 336
77 17 173
7 93 149
81 130 221
15 12 50
88 90 185
52 44 125
49 37 113
49 110 168
95 63 196
76 65 148
9 24 42
6 144 167
68 103 186
81 145 264
78 184 386
11 68 106
95 184 400
2 145 162
81 24 112
64 200 288
31 137 191
67 97 266
74 188 309
65 122 230
29 150 188
22 151 182
4 107 229
30 75 112
37 187 262
47 182 262
85 19 234
9 95 152
14 96 114
47 183 279
88 117 357
93 131 226
72 137 213
3 87 97
71 165 243
37 75 145
33 74 114
37 29 187
81 34 115
49 3 54
30 85 294
20 171 197
89 97 191
62 70 208
29 20 168
3 98 138
77 20 99
36 85 129
37 134 180
48 16 160
67 51 146
79 28 129
17 157 215
90 186 281
74 199 273
54 1 58
62 142 216
35 83 120
24 17 88
100 179 310
84 94 178
24 152 227
29 48 86
72 185 265
24 58 82
75 125 205
25 91 124
41 91 152
28 16 93
84 33 120
70 102 181
85 83 334
93 192 441
28 62 281
81 60 212
10 87 109
64 76 144
45 126 233
85 138 314
45 6 156
32 143 196
14 191 209
50 0 136
28 63 119
45 93 141
67 103 172
27 84 152
5 78 132
87 7 204
82 176 273
45 164 219
10 47 74
88 149 263
65 184 253
47 42 97
86 53 149
96 131 231
14 114 130
93 57 169
15 1 103
36 30 69
90 175 409
22 165 194
87 0 94
29 4 95
31 80 273
13 65 168
2 154 164
4 31 146
59 77 151
50 156 211
20 126 148
22 187 220
61 36 97
7 170 211
