900
5 43 56
69 80 205
72 102 222
83 23 275
74 39 238
60 150 225
77 44 125
54 162 378
54 142 222
97 191 436
53 118 197
82 139 229
73 149 227
44 191 249
77 59 322
52 175 237
73 109 283
7 171 216
33 95 145
78 70 154
11 3 20
79 31 117
42 160 347
65 195 286
17 179 339
89 104 195
30 23 63
18 120 159
34 197 236
19 119 240
92 192 305
71 95 170
46 131 185
36 124 174
76 31 110
13 11 33
51 58 239
13 22 84
93 32 135
4 182 207
78 169 251
85 154 248
60 80 148
80 125 234
48 98 173
16 194 219
59 13 217
68 80 317
36 68 187
61 194 278
3 100 270
77 147 229
9 143 179
3 43 51
76 129 207
5 32 55
91 15 128
23 10 63
78 27 114
27 119 221
43 103 147
41 141 191
84 43 130
27 147 360
83 71 159
42 117 165
34 26 142
22 133 156
33 58 291
33 163 388
97 44 335
53 90 193
44 148 201
38 59 145
25 187 214
56 191 279
42 134 186
52 51 218
34 163 282
99 170 349
89 27 155
28 66 134
77 186 290
67 197 265
84 78 168
70 8 112
29 87 116
55 61 161
63 93 184
94 17 303
44 199 434
44 146 199
46 121 197
96 31 166
9 155 169
87 122 271
73 142 218
54 119 251
25 36 71
55 151 214
49 3 53
91 107 198
52 130 306
15 72 96
42 54 102
46 121 337
78 36 160
33 58 121
81 107 304
87 176 268
85 95 209
30 175 206
98 109 233
35 9 159
45 193 239
47 52 124
76 27 108
78 147 230
21 12 62
20 16 55
96 17 130
75 177 255
56 137 193
12 7 28
23 174 346
83 15 272
31 171 203
31 118 155
68 181 410
74 187 266
43 174 262
5 187 213
16 41 57
94 184 421
9 155 175
42 172 317
70 30 268
34 190 234
12 55 111
39 115 250
65 166 256
81 156 435
1 127 169
97 146 249
50 2 152
20 31 78
42 102 145
65 8 79
80 93 250
84 165 250
32 183 252
71 87 167
30 15 215
58 68 132
33 139 180
9 119 177
50 119 197
67 166 238
67 88 157
67 200 269
23 64 220
91 182 275
13 156 211
29 33 73
31 72 139
79 156 239
67 113 197
59 168 271
34 197 236
21 95 137
45 102 157
23 183 216
60 173 235
93 15 196
99 69 178
89 6 112
37 130 182
71 87 168
46 16 65
21 126 176
25 95 217
55 121 264
2 80 85
19 131 178
5 112 157
88 198 296
27 139 185
38 5 79
12 109 125
69 131 293
86 87 183
89 178 310
32 167 200
96 83 181
28 133 194
6 27 33
29 108 250
91 62 190
27 14 117
10 69 82
58 166 230
1 108 119
88 6 233
25 142 171
97 36 278
56 160 222
98 105 210
78 66 150
1 50 53
61 18 85
44 157 212
18 199 225
41 70 142
79 170 249
43 99 149
78 36 124
16 160 225
98 178 285
6 189 231
75 131 206
40 106 152
96 190 289
27 85 292
25 80 131
40 77 128
63 120 283
17 72 109
94 169 442
16 59 120
75 102 199
52 143 208
43 53 99
1 105 143
73 8 82
82 125 257
71 62 141
40 25 78
76 163 304
78 125 223
94 3 131
84 109 211
26 0 202
89 200 329
27 20 67
20 8 33
3 185 194
35 45 242
20 171 261
39 34 88
80 79 167
76 180 286
76 81 165
11 37 56
55 120 273
19 125 161
40 177 220
9 125 140
14 83 237
86 170 295
39 23 138
25 51 81
86 153 426
19 47 116
56 115 171
64 9 75
64 152 225
45 168 232
10 90 110
44 15 197
70 14 91
99 11 237
62 191 263
94 139 246
5 78 84
25 196 233
98 88 247
62 182 286
20 174 216
64 22 190
4 24 146
48 135 227
12 129 142
81 136 270
76 19 105
30 178 211
23 171 219
45 119 183
77 159 245
27 20 77
82 105 188
99 127 227
80 30 124
79 89 169
52 191 244
27 22 57
28 39 68
90 139 329
78 180 433
40 103 144
96 196 298
46 58 134
64 93 316
69 116 233
29 142 189
99 166 275
44 90 144
20 53 114
23 77 103
89 60 166
32 93 127
12 76 169
81 86 173
64 172 269
63 79 181
59 117 226
41 168 211
75 148 258
71 94 322
8 27 84
81 111 195
17 152 203
64 172 271
44 121 185
46 3 84
58 52 128
38 97 287
54 60 119
97 188 422
37 100 145
41 156 318
18 71 177
19 183 203
89 137 265
4 106 118
2 197 228
25 135 219
67 200 277
45 31 84
36 23 132
49 13 71
20 124 147
32 165 198
74 178 260
1 93 99
67 87 162
100 156 259
73 65 144
60 177 266
81 34 120
54 90 145
100 143 336
30 87 152
56 194 287
19 1 43
38 41 277
36 68 130
19 60 80
59 20 133
77 200 427
73 116 194
91 104 216
60 181 245
67 22 228
58 103 336
10 17 79
14 129 193
4 72 192
38 189 228
33 53 89
17 51 75
2 32 35
23 133 159
32 2 43
60 191 379
19 126 151
15 45 62
94 186 437
61 84 145
8 89 116
82 182 307
14 80 212
7 187 195
81 84 192
57 154 247
17 132 178
54 19 77
66 121 187
18 39 59
3 104 295
32 100 137
52 198 261
54 76 169
46 0 202
28 49 109
65 123 385
47 32 144
75 89 355
26 122 166
28 27 157
1 133 294
91 38 249
23 79 102
5 84 92
35 143 200
57 45 135
55 145 397
57 182 247
66 134 201
80 66 192
48 71 249
2 68 105
63 153 238
64 7 155
88 143 238
72 35 137
20 91 111
84 40 133
9 100 156
14 83 129
75 59 152
88 20 244
65 65 214
25 6 33
34 28 208
38 67 113
6 166 345
95 180 276
54 1 60
56 4 72
47 161 215
55 8 67
25 41 100
13 49 63
28 121 153
27 53 261
61 60 157
37 58 204
87 45 133
85 198 391
22 104 149
67 123 239
67 165 254
66 171 301
3 10 21
39 101 150
10 145 155
7 105 151
37 65 139
6 89 256
97 127 243
33 9 45
78 32 120
95 167 268
61 34 138
80 125 348
66 104 178
20 115 140
3 132 150
90 37 314
97 181 405
68 61 131
9 27 210
77 38 115
61 185 294
14 2 84
98 131 245
31 50 90
40 191 240
41 194 241
61 188 445
78 104 218
92 134 230
68 161 281
82 192 396
31 185 221
86 188 294
42 183 244
45 125 172
28 188 217
86 95 213
89 3 208
79 90 219
12 195 207
28 126 160
46 187 243
82 108 191
30 114 146
30 38 107
87 163 258
60 174 237
30 128 343
71 196 294
15 40 60
62 29 93
9 133 329
49 99 178
15 181 197
47 69 160
95 173 268
14 56 208
40 131 177
28 110 220
61 153 239
96 175 303
72 110 188
31 115 311
65 149 216
67 74 141
16 156 182
65 70 139
56 76 238
87 81 189
74 98 174
53 173 336
95 0 98
9 36 53
33 44 98
27 53 83
2 21 49
41 56 99
67 99 192
15 134 174
24 156 217
71 4 79
25 86 152
43 139 187
96 5 110
93 185 278
52 132 332
23 141 197
55 21 200
27 0 35
44 194 267
38 91 164
4 182 188
26 138 316
96 183 335
42 146 188
76 121 211
74 69 185
22 149 286
39 146 216
59 145 210
100 74 209
19 169 195
25 67 114
17 38 60
89 156 362
3 168 178
11 97 115
97 148 434
57 162 222
57 124 197
11 98 292
58 120 256
1 147 150
47 180 228
11 125 178
28 1 222
47 13 87
70 159 257
15 131 152
79 151 235
61 50 120
27 27 100
87 184 280
22 184 215
77 93 187
62 54 125
61 87 153
72 32 125
93 148 273
13 96 109
65 7 79
14 185 209
97 154 261
55 110 315
4 140 151
28 43 252
99 167 292
48 22 72
84 0 92
34 106 182
32 105 180
42 190 236
28 69 119
22 185 214
74 160 239
1 91 129
7 48 94
78 184 292
99 74 214
24 57 83
5 109 130
89 4 119
68 153 239
43 172 344
83 29 113
51 106 336
10 14 202
7 94 220
36 177 214
63 162 384
18 170 215
33 119 162
88 136 226
19 94 113
28 197 399
78 80 165
23 161 197
41 14 152
27 63 115
40 84 174
78 158 381
32 10 48
68 143 368
5 80 90
35 31 197
56 191 247
41 69 142
65 64 136
5 86 98
25 42 178
30 144 174
95 188 320
16 89 107
5 7 84
95 100 226
75 0 266
69 199 278
48 183 239
46 60 115
80 175 255
3 87 96
4 30 44
92 18 114
11 179 220
100 137 427
82 134 398
53 143 338
36 136 217
38 9 165
62 70 189
18 2 24
1 169 237
27 120 155
71 25 100
54 108 266
88 165 259
41 63 139
56 42 103
18 94 163
74 59 281
90 79 171
99 180 279
77 9 96
7 162 209
35 31 69
90 82 216
2 163 215
14 16 68
94 16 111
72 65 171
82 51 167
63 146 217
36 85 161
44 2 87
84 178 267
26 85 116
39 82 263
61 65 174
79 9 88
1 130 179
74 26 163
87 28 117
41 29 159
16 107 124
17 73 217
93 61 184
35 53 156
36 4 50
8 58 72
51 104 157
79 134 250
26 99 198
32 98 133
42 150 198
54 196 262
83 62 170
44 163 227
74 15 95
64 139 241
18 98 117
7 28 35
4 77 86
72 57 168
79 190 271
55 182 275
92 6 115
67 1 73
3 38 41
74 30 162
45 151 201
5 190 218
32 145 186
97 136 243
76 22 269
51 179 234
75 123 382
50 165 218
36 85 212
35 113 154
98 174 276
29 129 175
36 21 74
60 168 239
6 155 342
6 101 109
21 196 243
91 72 181
9 64 130
13 151 170
53 190 252
35 42 81
42 171 215
20 32 60
47 91 140
85 127 222
86 75 192
52 23 236
39 180 263
72 172 251
14 145 270
17 135 154
70 36 126
99 134 239
52 176 233
44 108 160
99 141 256
46 3 57
61 138 202
14 119 243
90 37 152
40 97 187
50 196 255
71 165 258
77 129 210
82 142 347
96 123 223
43 147 200
31 170 208
45 156 210
95 76 174
53 147 225
37 189 270
30 144 343
10 2 55
50 19 72
27 190 222
99 52 341
5 113 120
11 82 95
14 46 128
70 36 131
89 149 240
60 9 119
83 47 136
45 15 146
91 161 262
77 122 203
39 26 65
25 100 125
85 124 212
52 180 267
93 68 163
89 88 208
37 104 143
10 137 154
78 20 108
91 121 300
72 16 120
53 189 339
21 195 242
58 113 171
18 178 208
40 31 119
37 148 208
62 127 216
77 189 280
24 88 120
86 115 228
58 143 338
91 145 291
88 80 247
69 54 125
12 0 17
6 100 111
38 22 108
62 5 67
31 184 223
84 132 216
38 68 116
25 67 237
50 83 142
84 9 160
76 25 205
99 169 279
18 65 84
82 88 178
79 161 240
6 151 161
7 193 208
50 140 214
30 40 151
8 5 15
45 56 126
68 66 181
61 140 369
45 90 170
14 72 177
87 78 172
39 122 210
80 15 288
100 34 168
47 10 65
82 37 150
19 45 70
72 190 302
6 173 250
49 110 249
8 186 202
54 103 227
37 107 145
9 119 136
11 80 141
20 158 269
30 145 193
27 166 237
29 192 262
38 40 97
97 32 135
40 32 270
81 85 327
54 29 247
9 140 262
49 107 190
6 171 345
20 171 193
75 161 242
54 162 225
14 50 90
91 90 184
1 49 151
59 178 358
14 45 65
34 126 244
77 0 184
56 33 260
38 87 194
23 109 138
16 134 170
47 90 220
81 44 170
13 48 96
39 113 197
6 80 117
34 38 270
34 1 43
87 6 271
5 79 92
86 63 297
7 109 121
96 8 112
63 117 183
66 116 230
100 169 290
17 57 123
82 53 190
48 100 155
19 168 193
24 71 119
48 66 119
53 138 201
20 118 139
88 2 122
57 71 293
97 192 317
62 187 251
27 91 119
67 165 279
64 46 117
40 109 156
31 124 169
77 179 289
37 147 204
81 22 103
73 155 234
44 25 108
19 171 193
93 22 117
