650
74 152 272
59 183 270
55 41 144
92 175 404
14 11 208
17 27 73
95 173 391
5 87 270
91 40 190
12 49 73
43 103 165
28 128 169
4 171 185
17 192 217
67 179 252
87 61 305
90 102 237
43 189 240
89 157 341
6 26 194
67 94 170
75 21 112
60 158 237
23 40 201
62 64 135
10 67 189
73 170 243
36 176 214
55 61 122
98 85 188
23 137 179
55 66 127
23 57 121
88 37 235
7 197 229
77 3 81
8 136 297
87 159 254
65 55 294
1 76 227
6 59 66
33 31 77
8 114 131
91 68 166
34 70 145
75 94 210
13 77 95
8 29 230
97 80 184
45 57 122
33 168 211
52 110 324
60 150 218
46 188 242
12 143 251
68 198 273
42 75 143
41 101 145
70 188 258
99 179 400
3 163 179
21 138 236
91 85 186
31 0 38
36 137 246
88 110 201
89 200 297
48 49 123
62 60 122
44 181 225
40 139 182
97 181 342
70 115 300
33 189 224
2 174 213
54 129 187
14 118 145
9 87 121
72 139 271
20 53 82
75 5 165
71 71 205
99 169 273
98 166 271
57 51 117
79 15 128
87 197 333
47 155 205
38 196 271
84 133 218
94 107 249
100 195 304
48 170 239
99 179 435
86 63 157
96 56 282
66 99 174
24 5 94
81 127 321
83 74 178
83 155 305
36 184 222
50 51 111
18 135 319
39 105 146
82 123 316
81 109 200
16 70 135
76 41 120
86 51 146
21 197 223
3 151 161
85 3 131
48 149 205
12 9 26
70 113 218
48 135 192
19 143 170
30 17 59
9 41 58
28 85 229
81 82 173
65 164 341
25 194 228
85 31 122
73 114 314
24 198 225
65 102 212
85 132 217
51 125 208
23 74 105
48 51 194
60 185 288
90 116 216
55 76 170
22 7 50
99 42 150
72 120 204
82 16 100
43 118 167
70 30 109
83 22 149
14 169 189
70 180 307
82 24 176
84 70 160
98 156 315
29 49 102
4 27 59
94 70 194
16 29 69
88 152 412
17 50 251
56 163 225
70 42 118
99 153 287
35 5 181
62 53 196
59 55 139
86 97 316
43 25 148
84 53 252
15 186 206
22 181 239
63 5 240
8 27 37
5 104 115
26 145 215
15 80 239
21 151 176
87 55 268
75 45 165
36 62 236
14 49 71
94 70 169
53 11 73
89 183 282
91 34 161
10 155 172
59 95 204
40 128 174
96 98 221
9 37 132
36 69 142
49 39 94
70 22 109
17 39 57
84 186 272
37 63 101
26 127 163
29 170 235
71 63 169
34 135 177
21 81 108
62 138 318
55 50 244
47 151 234
27 30 101
61 91 170
83 168 266
89 89 187
84 198 304
61 160 230
73 183 295
82 42 150
35 1 116
12 103 137
78 4 119
48 37 245
5 47 94
92 77 259
52 70 137
44 58 119
88 106 222
5 20 25
61 56 119
32 41 114
40 166 246
48 81 161
99 127 381
9 15 25
83 25 108
66 105 184
65 152 222
57 28 94
52 76 128
26 199 226
80 29 123
43 126 299
55 114 174
50 197 408
70 75 336
81 187 272
53 39 93
7 192 206
36 65 206
43 85 230
4 89 103
26 107 141
94 57 201
6 59 75
35 199 240
78 120 252
90 18 147
44 93 144
38 4 68
74 30 154
10 89 208
19 70 97
68 133 202
21 100 132
25 135 167
11 10 24
44 77 124
67 60 137
13 97 137
54 133 377
21 3 36
42 48 134
80 28 113
44 175 240
78 144 257
36 25 66
29 192 261
77 90 241
23 76 99
57 9 72
62 23 89
19 74 185
97 6 149
100 28 315
5 134 149
39 119 204
52 167 363
84 139 245
51 176 227
25 85 115
50 168 241
54 98 172
55 14 74
43 80 293
25 49 81
24 81 143
51 114 171
14 65 82
84 161 259
65 21 92
17 167 230
50 171 229
47 100 153
92 63 218
56 18 105
96 146 248
48 131 354
33 129 172
62 60 166
54 33 224
80 16 138
100 170 273
36 59 271
39 27 254
37 126 188
90 174 304
19 148 169
96 156 254
60 120 208
32 200 236
37 112 149
86 1 126
36 56 141
19 78 108
80 73 279
67 53 198
28 123 207
77 19 171
48 152 245
82 1 267
53 94 152
71 137 332
24 45 73
34 195 229
93 70 244
77 142 243
12 106 262
22 78 125
8 75 129
80 6 96
93 172 326
51 115 176
84 104 220
47 77 130
28 140 199
34 29 64
70 151 244
98 65 193
24 144 178
85 150 270
13 55 68
40 48 127
44 53 230
46 28 194
47 99 154
47 172 227
43 21 135
14 68 257
77 98 184
33 39 72
56 188 252
66 21 100
18 200 308
82 168 296
26 35 81
19 23 165
99 97 205
96 169 268
64 90 250
11 187 284
52 12 79
7 128 292
64 123 197
10 161 221
27 46 118
26 45 103
42 45 91
75 17 217
75 162 281
49 61 119
93 198 350
68 70 140
68 19 136
33 26 76
46 17 65
99 22 147
6 193 200
81 158 269
30 93 133
2 60 158
33 32 68
80 100 180
71 34 253
58 11 82
47 54 147
68 106 245
71 104 183
92 135 232
85 112 197
100 9 292
70 106 204
29 25 64
71 17 92
6 83 93
58 104 262
16 180 206
62 47 138
28 165 208
35 45 81
50 134 206
84 137 227
82 145 255
61 39 106
91 63 164
86 49 163
75 75 281
19 192 223
65 85 199
35 135 170
87 124 390
84 73 210
100 80 205
74 156 261
71 49 285
75 179 365
88 8 217
70 130 201
93 179 318
68 176 252
59 94 185
35 52 96
31 162 199
42 121 210
16 113 142
37 68 121
71 112 189
54 160 222
69 149 358
98 124 231
92 153 249
81 12 236
76 75 159
71 123 210
29 16 218
48 15 246
31 160 232
55 153 252
69 89 158
53 17 120
89 34 181
12 16 157
36 120 254
9 24 40
63 41 148
22 195 240
19 200 244
32 41 159
94 194 294
22 159 304
13 49 88
34 107 150
54 110 192
64 55 315
18 113 171
27 107 171
77 156 275
4 182 232
97 38 135
45 96 204
95 133 238
42 79 236
70 40 148
69 167 261
29 122 200
78 19 123
37 124 187
92 95 188
85 112 204
26 190 294
7 106 119
90 59 149
21 159 226
52 182 343
82 156 393
44 27 117
96 21 163
81 101 212
12 176 228
28 65 113
99 164 265
40 26 68
80 195 433
10 181 210
43 75 261
70 32 210
66 39 116
6 141 313
47 75 123
78 180 438
28 19 226
66 4 105
51 54 111
15 93 145
29 129 330
96 111 361
51 191 250
87 38 133
67 174 287
23 92 128
84 200 291
57 189 334
20 12 50
2 67 79
77 52 139
89 103 234
70 40 277
43 173 218
45 2 54
39 81 150
55 200 261
32 170 211
48 95 150
21 191 386
51 38 97
78 36 184
73 29 144
74 29 109
16 200 301
80 162 243
64 71 138
15 32 84
40 58 114
22 59 142
45 97 147
26 22 76
51 151 244
9 79 179
12 198 262
34 147 191
57 116 333
81 148 237
85 94 206
10 154 202
92 71 360
68 178 246
82 119 225
71 7 84
73 63 144
75 75 175
17 119 137
17 50 74
86 21 192
16 142 352
57 47 109
85 178 263
35 183 265
77 72 172
21 197 240
15 28 129
90 64 204
23 65 136
80 135 236
42 76 135
80 84 207
50 172 272
33 144 288
43 166 405
99 179 283
99 145 265
65 196 303
89 171 270
71 126 215
2 55 244
38 164 366
41 148 191
52 143 244
47 194 282
25 125 151
64 5 235
10 30 221
92 117 237
72 63 179
20 175 395
70 82 166
33 86 287
86 31 131
97 45 184
2 185 338
59 193 255
57 13 88
54 167 322
63 96 169
27 29 206
46 134 202
87 159 250
61 17 79
99 161 269
86 96 283
16 155 319
32 47 89
32 56 94
5 185 235
18 178 256
47 26 73
90 72 166
98 91 192
32 89 130
60 21 232
70 149 321
88 81 279
56 128 193
3 180 213
7 104 136
20 108 134
25 24 57
100 140 243
93 45 154
5 192 198
8 184 235
57 156 223
23 8 107
30 36 84
41 52 101
45 114 174
51 192 380
10 185 198
7 171 259
81 67 164
73 2 93
47 151 202
97 182 401
18 142 163
38 68 262
52 164 294
66 19 97
60 106 170
31 9 42
22 157 186
91 93 222
85 1 99
5 1 11
52 149 206
22 66 118
22 0 51
68 142 341
23 6 43
28 151 181
11 116 177
49 146 348
95 131 379
45 49 99
82 113 356
46 74 210
76 5 91
68 2 72
70 196 269
14 34 48
54 123 180
25 18 162
28 53 96
47 197 425
69 59 137
15 162 184
