900
60 163 237
46 116 197
3 139 149
59 40 118
38 147 261
99 57 158
37 199 258
59 174 238
71 116 216
72 90 206
3 191 382
86 47 164
12 38 85
16 65 195
76 166 279
16 118 138
48 122 174
49 85 140
27 178 234
96 159 260
19 135 204
46 135 181
53 95 210
42 157 379
69 18 92
66 132 235
16 9 212
20 93 121
23 196 416
89 82 181
90 179 395
86 74 177
47 184 239
76 55 139
81 77 160
5 25 39
13 117 166
21 199 238
70 133 251
69 24 118
84 49 142
27 89 116
2 158 198
70 35 255
4 189 225
74 105 187
6 29 63
34 160 387
30 24 63
100 17 235
89 117 215
65 127 194
41 12 60
26 119 157
51 105 165
26 117 143
10 34 61
99 174 277
36 150 194
42 109 153
59 55 120
47 174 228
56 76 174
83 111 210
76 22 101
1 168 172
27 31 235
97 126 267
83 108 339
10 87 145
33 195 290
66 45 114
90 1 173
69 177 283
38 60 104
78 59 142
63 97 165
28 147 182
60 10 104
97 167 265
90 197 289
20 166 240
7 197 268
30 185 221
96 121 221
35 117 154
43 19 62
90 170 264
76 183 266
35 151 215
79 126 229
48 66 265
67 141 220
91 153 390
81 63 168
32 101 143
91 136 240
50 131 186
46 193 240
80 103 188
17 97 301
29 36 72
54 180 272
2 29 36
32 104 235
13 196 225
2 145 152
33 97 150
19 22 234
9 2 21
39 43 83
71 156 267
90 126 266
43 180 264
62 105 236
22 72 130
81 141 227
98 107 223
87 22 114
51 189 257
92 117 212
54 114 181
49 99 237
78 5 112
90 48 176
51 183 253
80 159 258
86 115 202
44 189 326
66 152 228
32 140 192
4 126 132
73 2 124
72 114 200
40 105 193
29 140 234
4 140 226
29 87 136
60 172 276
32 194 227
100 118 358
48 8 102
98 164 299
81 84 268
69 163 240
85 199 291
28 172 240
79 99 185
95 78 218
20 57 85
15 120 145
13 183 199
46 133 301
53 193 299
91 124 408
51 71 123
69 192 263
71 152 294
75 193 271
81 165 427
8 152 170
13 11 27
59 180 241
28 189 227
38 150 355
8 123 138
79 155 236
61 186 247
52 109 175
37 90 164
40 160 222
89 197 330
15 46 68
46 100 169
16 76 92
44 109 159
26 28 80
83 154 390
41 51 98
11 169 313
72 77 151
68 111 188
98 138 310
99 23 122
9 163 213
1 90 107
94 183 345
91 158 255
44 42 131
78 137 347
76 84 283
33 85 208
3 154 162
79 158 280
56 49 109
63 54 122
54 94 319
12 16 44
3 32 39
98 56 159
76 187 303
74 24 160
37 191 233
45 94 164
18 102 280
89 119 214
65 91 165
56 13 71
24 101 142
22 77 225
74 132 211
11 66 137
62 184 316
76 145 404
82 109 366
63 6 71
16 56 100
32 32 68
41 28 95
8 127 200
43 122 185
57 75 184
1 49 76
37 110 152
64 35 109
76 197 274
73 100 286
30 88 133
96 98 208
45 81 136
33 77 120
65 38 105
100 31 138
29 77 110
56 10 249
18 159 196
85 2 117
26 183 228
76 98 176
51 55 132
10 22 72
69 17 95
2 177 216
65 89 188
98 169 272
27 68 96
14 48 132
69 172 435
97 73 188
2 195 203
26 61 182
90 67 157
70 28 143
53 139 204
88 187 419
19 120 147
22 185 217
92 128 258
35 64 105
60 163 231
25 176 209
26 10 188
27 120 156
95 111 222
31 95 222
91 151 267
64 124 349
95 46 150
21 109 183
12 80 114
42 111 160
36 117 153
64 168 241
11 171 200
85 105 291
25 175 247
37 8 50
74 135 227
55 92 150
68 138 212
25 4 29
39 51 90
90 139 230
21 71 102
13 158 176
1 142 341
60 61 127
43 115 170
72 60 215
76 18 100
11 21 56
83 84 210
58 68 266
1 2 94
8 90 107
40 12 143
90 34 219
28 42 82
92 13 134
40 46 87
9 187 202
61 120 190
21 78 104
53 170 286
56 123 216
44 81 134
58 121 205
41 24 75
88 184 302
13 31 54
35 176 212
80 9 129
51 14 73
92 81 174
54 152 238
91 81 172
91 126 222
89 41 216
65 147 230
40 168 214
12 90 188
13 157 194
16 189 238
67 156 228
27 10 43
70 52 171
31 72 104
24 78 116
82 165 252
95 66 185
86 148 429
73 106 302
6 151 163
76 55 141
72 123 222
42 70 229
37 170 217
74 159 243
34 172 387
96 151 250
83 73 164
37 29 218
85 173 291
14 134 156
67 114 228
24 83 107
76 53 214
56 186 245
90 133 269
56 39 102
74 188 275
44 118 237
78 37 120
46 78 124
46 195 248
57 68 131
20 96 166
74 151 239
9 79 105
95 189 292
22 184 214
45 6 79
38 187 333
80 116 202
80 5 94
67 47 117
93 170 284
6 70 121
72 69 153
38 7 120
8 136 160
44 82 132
27 162 226
8 14 46
18 143 187
50 177 237
20 51 212
84 195 312
4 70 76
56 8 205
43 119 203
64 73 200
37 99 175
94 37 140
70 99 231
74 14 108
31 196 265
68 166 243
66 71 330
91 33 133
19 126 321
4 114 120
9 30 60
45 80 163
47 41 97
59 186 420
77 151 428
98 29 289
86 189 288
34 37 240
97 41 143
40 76 122
76 14 92
25 109 153
95 174 273
54 12 133
66 174 363
5 100 113
64 12 161
54 171 245
2 166 171
41 153 204
5 130 215
31 160 304
73 176 253
54 46 172
11 127 147
53 155 228
22 136 194
77 22 145
63 77 210
94 95 195
93 102 203
90 68 210
63 78 230
5 40 105
28 154 263
9 157 173
4 133 138
6 116 156
13 176 223
100 143 255
19 100 231
52 41 103
90 21 114
11 131 143
90 104 236
22 173 204
91 102 241
5 187 201
40 33 83
18 56 78
2 165 200
48 138 188
24 165 304
39 15 221
53 134 210
9 187 239
24 112 171
98 162 268
58 78 137
100 106 319
59 123 196
11 125 314
64 76 336
38 29 111
81 37 311
91 198 299
29 42 243
80 125 213
3 184 189
52 65 258
73 116 313
100 157 307
3 76 125
24 56 124
56 49 222
56 25 128
69 55 200
9 199 251
44 121 207
17 165 190
43 55 111
39 7 96
72 84 166
93 79 207
85 122 217
53 194 285
38 106 155
15 27 54
57 34 168
44 63 193
56 159 242
19 155 175
25 32 226
76 60 246
32 91 218
7 196 236
13 96 199
43 107 160
99 103 394
15 116 136
98 167 268
25 168 198
50 174 377
12 154 176
48 163 220
28 82 211
60 195 258
47 138 374
40 70 181
19 176 204
7 182 254
85 127 238
32 50 151
50 189 246
76 193 275
84 120 379
66 28 101
9 152 193
100 85 238
24 13 51
82 112 377
73 168 355
97 192 293
2 164 183
90 181 272
20 122 192
25 61 201
93 47 179
52 36 265
97 198 299
8 101 114
26 107 133
64 174 246
67 2 93
45 131 185
73 100 173
32 82 161
95 176 275
82 199 432
99 5 183
72 40 161
81 85 298
49 150 215
46 98 150
16 168 220
94 64 164
75 27 107
73 36 120
66 111 229
55 6 93
61 127 330
81 105 214
25 77 151
87 20 162
68 187 364
83 90 214
66 84 340
23 155 178
87 152 247
93 152 248
66 161 237
98 49 253
46 167 220
52 144 225
81 18 106
71 20 108
30 57 93
77 123 215
2 166 189
60 2 242
26 25 56
47 105 165
13 11 66
39 45 85
83 48 293
84 55 150
9 120 171
91 126 228
68 73 168
2 90 137
26 170 199
64 22 114
60 178 280
19 146 174
54 91 152
48 190 284
65 1 160
2 7 15
4 67 86
50 7 98
6 29 65
64 4 69
88 194 292
10 72 125
54 14 74
96 152 258
5 173 290
4 23 51
66 90 171
3 78 122
72 147 260
85 187 314
2 48 215
93 33 144
54 64 163
20 166 189
18 67 89
27 71 108
93 158 308
20 137 176
75 92 182
81 149 236
30 166 205
4 192 234
49 150 228
96 74 362
93 1 108
23 186 249
20 151 178
13 151 164
35 93 129
63 18 85
30 75 138
19 124 150
92 18 129
51 168 419
13 28 47
48 184 411
32 198 361
1 15 19
24 38 232
53 62 251
88 146 244
75 176 259
78 20 113
67 77 340
11 70 103
67 189 256
4 67 75
52 51 260
53 191 363
2 5 19
15 170 220
78 10 127
12 119 131
64 97 182
33 51 124
2 100 113
59 121 190
69 93 172
81 13 111
72 179 263
41 18 155
68 155 224
92 66 304
94 124 400
93 73 176
85 68 160
36 157 197
43 10 62
6 155 348
28 166 283
26 110 153
95 1 127
13 9 53
37 130 243
33 89 163
13 20 34
53 138 197
58 148 224
17 158 366
54 13 192
29 131 198
40 163 243
2 105 122
29 176 242
37 159 225
60 192 292
26 98 130
48 170 340
33 8 186
30 29 200
30 117 188
45 162 240
45 117 326
37 100 287
82 103 191
14 171 214
28 31 256
15 153 352
23 142 198
77 42 171
95 8 121
16 156 175
69 116 194
18 69 97
50 4 56
85 99 190
2 48 58
65 71 152
52 152 254
95 96 235
41 54 98
58 47 112
82 60 187
33 29 112
6 49 90
20 174 194
34 100 244
94 31 136
22 181 212
27 19 53
51 154 343
51 104 185
66 62 154
66 30 128
48 4 196
25 180 254
90 55 155
62 160 225
89 159 248
82 70 152
62 124 203
73 117 317
38 177 216
2 24 27
65 59 240
38 42 103
87 178 272
97 52 327
60 190 286
99 73 176
6 55 116
12 28 64
12 72 107
86 191 281
74 99 217
14 121 144
84 12 240
7 171 202
57 184 278
10 197 247
51 61 156
5 179 190
1 119 310
5 110 123
31 69 149
63 54 124
70 23 118
72 6 85
50 179 341
78 0 84
87 26 141
33 164 203
22 41 127
18 180 202
29 145 215
53 179 268
38 111 197
31 168 200
13 18 34
58 74 140
9 165 203
21 93 122
35 64 106
95 176 436
88 159 416
94 75 190
56 122 232
28 42 117
79 5 235
11 35 49
94 71 203
85 167 257
82 198 311
32 113 210
84 57 149
48 53 143
10 93 138
38 71 115
25 11 44
91 181 284
41 4 103
39 80 122
9 98 107
90 64 162
49 51 103
8 137 175
44 84 172
17 100 185
57 129 215
15 78 123
14 60 81
56 0 94
24 177 211
30 145 214
1 25 28
22 124 160
66 181 345
89 161 252
45 106 186
67 200 279
53 135 240
44 49 130
100 26 167
87 49 162
94 164 258
34 79 159
26 166 208
10 101 162
86 25 146
10 61 99
37 2 226
81 69 174
72 80 187
58 80 146
45 91 198
41 131 181
58 132 194
20 15 38
23 15 38
37 56 128
12 32 53
8 99 116
84 150 411
25 148 362
1 114 145
43 197 249
7 32 47
47 148 202
53 52 190
88 74 171
27 119 162
31 81 223
21 46 99
6 152 158
61 157 219
3 132 166
10 105 150
70 35 114
100 95 225
8 141 156
63 129 295
67 91 168
97 58 155
10 18 31
13 16 34
16 119 141
13 161 234
1 144 156
22 58 116
76 81 302
33 156 204
47 22 78
97 25 131
73 113 216
83 12 105
89 174 425
26 69 141
66 130 216
90 39 129
56 25 281
51 78 178
40 21 223
10 182 203
11 147 158
53 102 161
76 128 213
85 101 194
34 196 240
72 33 111
9 71 114
37 22 103
37 162 205
81 41 130
56 44 291
4 99 228
42 83 126
94 97 315
84 24 150
37 26 63
37 76 114
62 41 110
53 122 178
60 69 292
96 58 161
65 89 157
42 110 193
68 170 248
47 187 241
87 132 357
27 22 55
57 123 211
78 110 236
61 51 156
39 109 288
27 185 215
95 181 326
79 172 271
92 12 108
71 184 255
36 176 217
10 81 91
5 136 153
48 51 105
43 30 78
87 78 205
13 133 251
