230
5 71 144
16 25 47
30 69 105
2 157 167
49 104 178
28 198 236
21 118 141
5 13 24
87 174 322
31 90 134
62 113 219
49 6 103
78 170 433
59 11 183
37 89 163
80 52 135
76 102 215
47 57 111
65 48 114
32 0 98
18 185 318
50 148 334
28 17 47
85 189 335
46 101 168
86 147 268
49 136 195
23 106 132
18 132 150
99 121 322
66 83 156
16 68 217
22 124 240
72 197 272
97 25 265
20 19 56
10 120 151
63 83 166
17 124 176
78 110 197
30 33 71
39 186 344
100 3 252
17 68 105
60 78 143
33 94 136
83 72 157
45 194 244
45 160 224
100 34 314
3 162 198
63 72 138
19 151 200
70 5 75
22 160 197
37 52 92
92 102 204
90 136 243
74 83 179
24 114 165
66 93 259
43 112 189
27 68 95
92 67 187
98 98 351
67 26 124
64 92 164
81 114 226
13 176 195
45 62 117
78 51 133
40 43 283
25 41 68
18 35 63
92 104 245
95 66 259
78 56 295
79 49 230
56 160 223
9 18 30
24 6 230
1 15 183
91 125 268
55 172 296
77 74 162
80 109 366
55 62 159
77 14 266
49 9 64
2 7 57
49 199 421
68 126 206
53 138 268
30 123 203
40 159 199
52 12 66
3 198 235
8 180 199
30 91 125
89 109 287
52 40 97
22 21 115
1 163 183
26 106 308
13 89 207
2 157 180
29 167 202
7 31 39
35 191 387
44 1 79
49 40 122
84 71 165
100 19 264
78 54 142
90 122 225
60 96 201
49 129 308
62 1 70
29 148 179
91 24 155
20 161 219
35 102 139
51 67 122
44 108 152
52 77 293
40 13 152
93 118 213
12 196 212
37 33 89
34 87 162
27 43 72
47 142 240
58 34 97
33 158 276
49 158 213
11 20 108
7 150 324
91 9 108
2 1 8
2 40 174
78 185 266
50 149 229
43 35 86
81 34 127
68 109 187
31 12 86
51 45 136
12 112 262
96 150 288
95 189 285
57 13 122
63 66 137
5 44 193
43 131 181
7 23 129
76 184 260
23 102 130
43 17 75
65 96 164
86 23 202
22 98 124
16 172 346
9 78 90
28 186 243
71 142 215
8 173 369
18 98 156
30 57 134
28 124 293
31 8 55
7 71 181
9 70 79
66 171 399
52 40 290
8 14 119
69 175 273
20 87 109
27 176 298
57 151 218
89 66 156
3 34 205
29 68 144
40 16 196
71 198 307
86 157 394
72 37 142
59 114 181
33 150 185
75 11 117
79 170 329
20 153 182
69 189 268
62 95 216
95 75 206
22 95 273
78 79 163
50 28 78
87 53 146
70 27 111
8 25 38
50 116 182
67 31 104
45 155 208
11 169 261
67 176 417
82 152 252
42 5 97
77 3 84
64 44 264
25 67 245
16 43 256
33 129 177
8 36 72
69 25 262
13 105 190
69 168 272
48 28 86
89 51 177
11 182 198
100 171 299
6 98 107
28 37 112
11 187 198
78 12 90
33 83 191
91 74 176
7 120 130
5 108 122
55 117 172
83 123 206
