360
43 95 293
60 162 251
3 111 247
80 111 196
15 55 74
56 181 245
46 185 261
82 160 246
7 182 220
60 197 413
27 118 196
17 32 114
61 82 143
76 134 231
17 161 310
28 199 229
49 170 254
54 173 267
70 167 239
15 96 141
53 12 75
50 53 158
62 103 214
92 62 163
75 72 155
99 40 327
96 24 126
65 10 175
34 32 69
20 1 30
8 90 232
67 95 197
10 101 304
93 26 130
46 67 115
51 148 259
72 74 190
8 118 248
71 164 239
19 156 217
4 3 99
40 133 181
78 56 141
4 177 216
87 49 140
22 4 154
86 185 273
64 2 78
68 165 235
67 63 161
22 129 193
5 97 116
12 134 174
86 68 158
3 88 99
94 5 108
97 127 297
87 105 238
21 117 184
73 70 158
32 61 265
43 34 77
2 119 147
40 174 349
100 70 177
34 28 252
27 109 157
49 196 437
88 74 231
47 55 110
24 35 141
29 39 77
80 147 234
37 29 103
30 28 65
25 102 136
14 33 48
81 43 173
21 84 149
96 46 294
66 149 238
13 76 134
33 184 222
48 43 92
71 185 257
85 157 257
22 120 148
59 64 129
100 6 115
81 47 130
17 26 118
11 9 54
50 104 155
33 93 168
56 45 108
26 13 65
51 82 136
66 1 81
85 123 210
87 88 180
74 160 263
2 157 167
90 8 216
7 79 108
2 25 32
29 2 146
41 71 121
47 1 90
82 9 94
33 109 153
81 174 261
23 49 97
8 36 176
64 190 258
83 38 294
8 149 172
65 40 138
17 140 182
72 25 107
86 133 347
50 11 61
55 115 174
18 190 215
79 141 227
70 65 151
75 162 281
7 147 156
9 122 140
76 90 171
66 0 66
40 137 177
52 118 179
84 182 348
87 155 277
36 148 226
48 119 359
2 159 174
37 139 184
40 120 167
77 155 238
43 47 268
30 110 141
74 180 273
82 90 180
84 189 314
25 88 126
9 142 177
20 136 166
38 44 198
87 101 374
89 182 338
85 31 126
100 144 288
21 24 46
9 107 160
4 82 145
75 194 346
42 59 101
94 181 279
83 13 157
88 139 229
17 110 131
30 7 63
51 83 162
14 31 50
71 62 164
70 118 190
58 116 206
57 18 155
51 106 186
62 118 180
63 149 402
46 60 233
68 55 126
11 32 235
28 102 296
64 122 188
61 39 100
44 186 245
62 26 94
74 186 266
4 129 138
87 171 286
5 167 172
84 10 124
54 48 112
75 60 161
53 92 148
67 10 85
62 42 260
22 164 195
22 62 109
14 176 199
11 54 68
83 174 430
27 25 58
63 57 306
93 168 270
64 164 232
81 51 238
55 40 95
75 135 217
58 28 90
72 186 456
33 75 286
89 56 153
31 141 178
12 40 62
17 96 127
25 168 199
43 29 112
86 106 231
51 104 161
43 197 240
3 154 238
99 108 213
90 117 211
13 77 93
56 94 245
36 15 230
63 144 387
80 166 425
62 128 239
53 19 104
67 93 165
88 88 313
9 157 241
12 6 78
55 55 259
69 117 187
1 109 297
95 45 274
100 118 396
11 2 45
51 109 160
79 73 153
46 130 179
13 167 182
67 104 186
48 104 185
99 18 171
85 108 197
76 191 269
58 78 183
20 65 129
91 116 242
9 163 216
16 149 174
89 126 220
65 67 132
33 74 117
66 11 159
7 42 227
12 57 78
4 88 95
5 141 189
59 187 284
48 163 378
27 88 258
97 192 442
24 73 105
28 11 47
35 108 189
98 185 311
97 55 286
99 73 183
92 150 265
84 61 152
25 34 100
36 177 216
55 190 278
95 33 160
7 153 169
74 151 298
84 6 91
97 18 136
37 18 85
9 92 260
41 133 257
21 134 176
85 117 232
67 163 278
99 68 199
86 105 200
93 56 153
79 181 274
43 52 97
50 177 383
42 102 153
79 172 264
58 47 136
100 163 266
78 13 99
54 127 280
56 169 270
61 138 209
51 183 243
57 116 313
20 46 118
65 132 368
97 80 178
49 183 236
52 11 68
70 150 229
79 112 195
58 163 287
84 123 315
89 5 141
27 15 42
43 175 245
98 122 271
45 9 125
48 4 58
70 105 224
11 174 226
51 160 221
98 197 300
45 126 196
29 96 322
24 131 201
91 55 158
65 185 259
77 87 165
43 58 131
4 31 73
17 14 159
34 12 92
12 107 273
44 127 180
90 33 124
52 181 274
12 70 86
13 3 216
60 52 116
95 199 332
40 5 141
68 118 256
32 68 107
53 66 120
48 54 152
83 69 180
86 23 113
85 115 207
45 63 118
52 19 72
28 113 148
85 130 221
17 57 81
98 149 249
86 157 259
20 128 161
45 33 234
2 82 126
2 50 111
52 190 247
70 22 100
9 128 254
77 156 235
12 60 98
7 90 101
