720
63 195 259
29 100 135
67 27 125
94 143 319
27 160 189
8 133 232
9 180 195
15 20 175
75 101 309
96 20 139
47 35 83
79 106 194
3 32 42
29 64 113
98 112 215
52 65 262
90 71 170
18 58 272
27 74 108
37 167 376
95 34 181
92 100 200
43 93 145
79 135 216
98 15 116
31 116 156
93 141 350
63 11 221
91 10 141
56 32 151
60 154 264
15 85 146
65 2 90
98 50 274
25 104 138
76 134 260
35 174 318
41 54 105
47 81 131
6 121 134
77 76 156
53 31 93
66 4 73
48 15 76
23 1 54
89 180 272
22 120 206
99 141 265
84 145 232
71 189 418
35 117 161
23 128 329
94 52 165
99 37 156
37 76 306
80 182 299
29 81 158
12 120 246
58 32 116
99 48 161
18 152 195
94 199 424
50 9 60
98 174 315
86 102 190
49 173 228
73 153 250
19 17 41
62 27 98
45 109 197
11 46 232
51 75 142
88 42 137
69 36 136
10 28 79
41 197 272
58 80 282
19 157 183
64 135 241
60 20 83
84 157 242
85 11 125
85 72 350
64 89 163
49 199 253
57 154 341
67 34 107
53 50 151
41 49 100
75 177 258
24 125 150
38 44 227
99 64 168
94 89 206
17 89 109
98 123 248
20 89 112
1 183 228
40 103 146
9 158 172
100 80 180
2 95 120
90 6 129
16 22 44
99 137 247
15 166 185
39 45 84
97 135 246
74 161 316
13 111 126
27 135 162
13 106 124
35 150 192
1 151 178
3 129 142
34 101 172
79 165 251
56 148 371
52 42 102
34 185 252
55 72 197
81 97 181
23 64 176
73 137 210
31 186 226
37 96 163
49 197 272
99 165 282
79 172 298
2 133 138
32 33 71
47 9 86
17 4 30
33 156 189
28 110 156
13 45 222
2 97 284
82 174 265
39 187 328
31 184 233
38 76 155
54 137 192
84 110 204
89 122 251
9 45 55
36 47 88
38 182 278
59 87 153
46 96 144
53 168 230
84 66 151
78 31 138
44 46 97
52 138 201
4 7 153
38 121 168
51 118 174
87 88 175
45 112 162
16 15 220
80 96 256
55 92 327
60 144 206
98 124 303
7 189 205
80 70 150
90 96 207
57 138 199
27 122 177
92 122 401
31 130 162
80 82 171
77 19 128
93 180 291
57 9 69
28 47 91
30 36 129
61 106 258
35 132 218
96 200 299
55 63 125
64 39 167
97 48 148
26 176 215
59 159 255
72 70 164
49 56 121
65 200 307
6 12 154
92 96 190
61 13 82
76 141 257
69 32 125
44 16 84
64 157 226
79 132 272
95 45 149
63 87 175
20 166 187
58 66 132
81 159 382
46 87 136
73 193 269
82 142 269
9 82 127
19 139 185
67 127 202
11 40 71
63 172 243
37 158 245
59 151 220
27 72 102
81 18 138
10 34 91
12 37 59
3 118 156
88 165 362
2 138 151
45 63 115
68 176 281
47 33 115
91 13 242
65 83 150
32 176 375
50 94 154
87 5 113
14 88 111
1 177 213
77 107 244
11 81 126
72 48 126
53 89 164
47 42 95
24 173 206
74 10 132
4 23 29
17 156 341
4 76 99
90 106 245
97 165 262
26 191 233
86 188 373
74 68 186
51 138 231
61 119 197
71 28 100
27 109 299
81 126 243
84 133 254
56 144 254
88 103 193
6 57 65
32 96 279
90 8 101
2 83 233
87 117 210
85 17 103
22 60 89
99 30 186
94 17 159
51 7 70
92 96 228
19 34 57
58 63 121
56 52 119
52 8 65
42 81 133
61 132 197
24 21 47
10 155 175
26 61 263
34 143 178
95 136 235
70 136 401
60 69 133
1 87 117
94 92 276
17 189 253
78 86 199
13 22 41
20 57 87
32 176 227
63 71 179
43 84 167
68 97 178
13 52 68
83 140 233
93 7 248
19 111 136
28 176 204
16 35 178
93 191 333
25 114 140
21 176 380
54 160 220
82 17 228
41 177 301
83 154 400
8 139 147
69 184 255
9 174 362
73 154 317
77 125 204
35 90 132
83 81 190
17 57 115
57 3 95
55 35 103
76 94 180
30 151 225
36 79 119
100 115 237
31 186 366
89 188 347
96 27 284
63 60 280
89 62 156
61 159 242
20 173 357
15 170 227
5 71 80
62 13 83
11 182 228
19 86 106
8 140 159
25 122 188
37 111 153
73 40 233
70 5 235
96 167 363
48 10 58
59 153 223
96 112 215
24 74 153
6 111 143
68 190 371
85 118 254
94 112 243
36 127 163
48 65 142
17 196 218
5 174 326
85 34 226
44 148 257
52 50 145
95 196 291
34 55 118
41 10 210
8 71 87
70 23 102
19 35 56
66 11 217
79 38 138
11 10 24
23 29 227
23 37 66
61 129 195
67 62 203
99 81 282
83 107 194
56 171 261
59 59 123
6 148 161
4 183 322
46 124 216
98 158 290
41 97 141
24 16 74
24 63 118
59 128 188
67 66 183
16 19 35
40 62 110
19 45 78
81 186 350
46 71 122
86 81 324
18 154 181
94 174 276
5 34 81
22 187 210
6 25 33
14 105 128
92 115 228
83 148 234
28 124 159
82 153 298
34 15 87
84 137 239
25 107 135
82 157 240
11 43 55
31 184 243
92 19 157
41 33 162
93 63 277
22 30 121
90 191 319
54 128 182
70 4 78
90 49 256
69 79 148
46 171 289
30 31 189
77 40 141
79 24 281
79 40 127
7 192 206
43 156 225
13 194 231
92 140 275
8 190 333
56 51 127
67 165 268
77 71 153
49 134 214
10 44 98
52 56 168
8 48 57
62 30 104
5 114 221
16 136 251
60 6 195
82 23 135
14 138 167
10 39 115
66 121 236
25 93 121
19 146 172
11 40 145
36 98 295
22 189 266
28 32 69
6 16 32
15 83 121
12 20 96
88 131 261
80 189 274
42 192 422
32 19 55
52 68 137
79 109 217
89 101 325
34 167 206
81 50 167
60 45 288
43 55 106
32 151 187
85 16 111
38 50 268
25 101 133
15 124 232
70 101 173
47 89 201
75 112 210
48 191 309
1 181 192
32 60 162
98 44 161
19 1 37
81 20 124
13 171 251
15 177 239
71 17 140
54 27 92
81 124 205
62 51 143
9 93 293
67 198 274
20 14 79
35 37 104
37 107 153
31 101 166
75 91 199
80 200 317
51 195 275
53 117 194
80 168 275
84 185 313
49 12 64
34 11 66
100 53 159
55 122 191
38 153 228
39 82 218
42 42 93
33 200 241
46 181 386
95 181 276
46 61 111
49 78 136
35 115 198
65 40 130
42 166 227
41 5 169
86 28 118
7 89 98
84 97 329
73 85 221
46 109 173
22 179 210
11 99 156
53 49 107
82 3 89
85 31 120
98 168 272
41 36 77
62 119 207
68 67 145
75 123 283
37 1 46
86 159 351
7 31 50
76 188 329
40 65 114
91 197 297
19 175 198
7 42 49
85 144 294
20 130 171
52 89 150
45 189 265
18 47 66
100 105 209
43 173 220
55 31 234
54 23 103
54 17 105
58 121 189
32 58 102
79 177 386
49 9 104
49 147 206
75 192 277
18 116 140
29 140 181
89 122 216
5 83 136
49 150 202
57 99 159
18 2 23
48 48 129
98 87 188
78 190 269
11 106 157
20 187 228
52 79 293
45 87 165
87 140 368
6 112 162
86 152 242
96 62 168
86 92 181
58 29 87
72 193 281
24 196 226
36 197 245
22 73 112
80 176 263
65 180 263
93 189 284
10 181 196
58 188 246
94 29 163
67 11 114
76 97 179
81 169 280
53 100 212
83 116 396
95 55 196
90 100 306
84 97 191
45 151 377
23 11 227
76 66 154
78 60 148
4 12 26
25 88 244
64 67 131
15 131 147
12 166 298
92 187 300
61 73 164
15 28 50
65 77 290
52 141 269
23 25 53
43 97 219
31 141 326
73 105 183
59 22 87
63 126 195
85 71 189
51 9 70
71 83 164
10 115 134
39 141 204
83 179 266
4 178 189
29 167 323
72 3 100
16 36 85
68 81 225
62 7 76
82 3 114
96 15 141
74 79 292
30 83 115
77 35 160
60 111 175
32 185 224
79 77 157
6 3 203
33 6 45
69 9 85
20 63 102
87 37 155
90 116 365
86 43 134
57 73 135
36 42 84
87 114 392
87 175 366
99 12 117
15 173 193
93 129 391
59 79 175
55 30 129
1 175 216
80 62 256
27 68 99
49 151 225
95 82 183
68 145 219
16 51 221
27 14 71
7 98 108
78 168 247
18 58 84
64 68 138
92 56 166
4 187 368
29 94 156
72 140 216
85 158 298
19 95 186
66 136 232
23 41 73
73 149 230
73 60 303
5 97 291
82 121 212
7 142 150
48 188 245
53 36 104
88 190 285
13 180 265
49 85 161
47 17 143
60 8 117
47 152 250
82 104 188
16 51 70
75 121 273
74 163 239
90 96 200
69 66 162
79 112 194
40 145 251
4 80 205
43 126 210
26 136 169
36 106 145
44 59 181
28 17 111
78 185 263
71 47 127
60 128 189
49 35 93
9 180 211
70 199 289
66 18 134
42 9 73
88 88 181
64 20 92
74 29 137
69 186 257
50 13 73
63 124 287
48 113 192
28 63 212
19 200 356
38 18 65
71 22 100
70 46 124
73 14 125
19 11 38
38 95 170
23 41 66
18 157 225
98 83 211
49 55 109
37 59 102
74 176 270
79 36 183
29 119 158
94 86 180
68 47 254
1 165 168
79 122 239
10 110 316
24 190 214
99 96 197
93 66 164
75 4 278
99 28 132
73 53 156
8 164 174
90 138 388
39 135 222
