470
46 86 135
7 163 175
73 196 397
52 158 218
89 11 145
89 146 265
32 151 212
15 18 74
29 19 72
59 179 268
76 22 208
100 91 194
93 187 280
72 37 308
56 116 218
7 98 110
35 128 164
22 136 158
98 144 243
58 48 242
90 140 231
34 105 181
93 97 223
96 129 230
45 143 196
59 123 382
74 153 371
4 118 130
32 12 157
24 49 82
33 163 355
98 128 235
22 86 305
30 181 247
72 63 183
54 193 253
25 180 205
96 91 237
49 45 216
77 169 247
7 128 185
25 48 116
34 48 271
3 107 118
7 88 98
50 51 147
94 139 239
56 143 207
44 29 78
80 133 218
34 194 273
2 106 148
91 1 100
33 33 96
96 139 235
8 23 72
97 134 257
95 167 279
42 130 179
46 111 160
1 98 195
44 165 244
56 28 86
45 120 165
41 43 113
18 56 77
96 50 246
86 150 425
21 124 201
82 185 268
32 30 99
16 92 109
90 4 103
29 137 171
93 121 218
55 80 231
38 20 59
88 105 217
89 96 186
80 112 202
36 113 149
5 42 72
28 100 138
58 182 373
26 135 161
39 164 264
70 130 356
50 181 232
70 42 152
65 80 341
91 49 147
97 16 115
98 30 187
74 13 134
1 75 109
33 149 182
31 144 178
50 191 247
24 189 213
47 57 106
3 93 144
19 20 136
24 137 196
58 140 246
69 41 256
81 186 315
12 100 120
89 52 290
79 49 144
98 37 209
27 47 77
28 44 77
75 24 99
40 46 102
13 46 155
66 27 96
28 112 293
58 62 121
98 103 211
91 147 266
9 85 95
41 67 156
21 151 237
97 161 267
57 164 222
72 34 299
31 148 229
57 49 286
52 184 409
54 162 258
93 138 232
73 89 204
53 71 127
83 61 172
65 105 347
1 142 143
75 54 176
22 100 164
90 77 176
36 15 56
46 168 277
31 74 108
21 29 63
20 18 109
66 140 244
39 162 365
2 20 71
17 63 128
80 5 117
33 30 72
8 166 201
94 38 180
50 71 162
93 53 214
58 53 113
57 80 164
46 89 140
17 185 249
100 191 300
61 78 162
71 139 232
95 127 258
44 21 74
5 57 74
17 68 191
48 64 293
24 70 99
98 59 163
70 120 232
95 69 327
56 61 137
56 165 240
44 144 191
62 89 177
43 119 189
40 114 154
37 96 133
100 81 192
20 32 197
51 132 221
29 97 248
51 141 200
20 2 27
52 33 165
5 137 184
37 138 184
45 63 108
38 151 194
58 131 199
91 135 244
64 156 403
81 15 162
47 39 92
25 31 252
27 173 228
86 124 219
51 54 106
52 47 291
8 168 224
65 45 240
44 5 139
9 103 112
1 194 216
25 34 66
97 128 308
7 120 144
21 135 300
73 155 237
96 110 399
53 111 164
50 108 162
15 98 210
7 104 119
91 20 117
86 168 260
38 141 181
66 103 177
11 165 178
24 119 144
33 184 237
63 50 233
12 117 255
34 56 98
30 90 145
66 47 115
17 123 151
9 163 196
42 61 109
57 199 414
12 101 144
41 88 173
30 32 89
24 87 159
51 66 120
23 11 121
9 51 63
65 200 280
71 45 124
48 88 137
50 20 80
32 59 110
54 176 245
84 89 187
58 189 247
54 179 375
49 87 182
65 24 247
46 103 156
35 166 230
41 175 260
39 31 71
97 82 197
72 142 219
36 117 172
25 116 303
16 12 34
25 10 70
5 43 52
41 191 240
33 166 207
27 188 254
55 61 157
3 40 109
9 125 269
83 115 199
60 120 185
70 126 335
80 198 359
97 187 322
98 106 230
36 79 282
56 105 248
53 66 122
21 68 245
61 28 158
3 39 47
70 120 226
2 27 227
87 148 361
42 115 160
85 7 95
29 172 310
53 0 232
17 103 157
65 38 105
79 189 278
33 95 169
70 173 292
16 196 270
86 139 231
41 4 47
3 189 217
93 38 131
84 17 104
13 20 77
37 71 114
42 23 201
36 36 192
86 148 239
22 43 79
55 159 248
88 182 294
43 13 61
6 146 231
17 105 129
75 74 181
51 119 175
23 19 46
53 15 73
47 176 251
85 10 119
98 30 132
6 88 97
18 34 73
87 199 322
71 70 190
34 27 66
45 164 219
83 126 405
79 14 95
72 21 100
1 194 222
45 85 140
16 104 147
84 36 142
36 7 227
75 95 301
24 128 299
84 134 312
27 21 57
88 168 257
81 14 166
72 78 154
95 125 385
3 30 37
23 97 167
35 147 192
1 13 63
100 166 408
20 137 276
57 100 158
46 4 53
26 72 116
81 178 265
96 166 379
15 128 162
38 61 126
100 133 310
100 44 154
86 22 113
91 29 125
8 9 40
46 92 251
17 198 225
62 61 140
73 105 210
99 78 181
63 122 246
12 184 199
59 195 285
89 46 136
7 46 240
72 53 132
6 178 185
86 155 246
95 84 258
69 104 189
31 20 92
76 175 278
60 164 228
11 107 146
51 1 56
9 13 28
54 44 145
48 130 215
52 120 222
23 101 136
69 70 173
27 116 171
10 85 103
74 177 260
36 76 220
13 130 312
56 139 228
92 199 476
61 172 306
77 32 149
15 116 166
21 84 108
45 89 314
65 195 295
48 82 131
23 52 85
18 58 84
25 175 254
11 45 211
92 193 288
13 24 59
74 101 224
13 104 132
97 176 321
94 153 257
48 93 168
81 65 154
81 198 295
4 91 127
68 177 253
92 131 325
82 181 368
79 199 303
80 182 266
63 13 155
51 59 116
1 193 194
86 41 167
23 118 187
18 69 123
69 65 181
66 181 306
40 21 71
9 121 241
93 81 245
27 200 425
9 184 193
45 15 60
2 114 123
26 5 185
50 78 142
71 64 143
84 91 340
92 157 394
74 55 250
12 37 53
93 162 277
87 19 109
99 126 252
52 96 168
46 3 93
62 143 206
36 149 217
35 59 103
66 32 103
17 93 111
44 81 134
98 187 381
22 41 68
3 19 29
3 181 379
13 76 218
26 160 189
88 32 136
49 2 158
71 181 262
66 50 145
65 44 117
9 195 236
49 48 97
77 0 80
82 16 104
58 139 205
56 183 271
69 114 191
87 27 114
86 45 141
39 134 235
56 173 238
92 49 141
57 111 184
42 160 388
97 22 145
