830
2 41 44
8 179 204
98 163 271
70 141 230
69 98 172
96 67 194
28 25 61
23 73 103
71 91 353
16 43 65
49 28 262
49 161 219
59 157 225
16 61 82
71 3 74
19 103 159
28 162 312
68 134 400
15 140 189
8 103 114
67 199 273
61 149 217
40 63 108
74 83 201
37 42 83
13 121 138
70 33 147
7 199 215
36 167 318
15 56 75
91 41 258
42 23 70
40 66 223
100 155 282
1 14 32
76 166 251
45 143 233
53 52 111
80 177 265
9 103 142
37 49 265
17 28 191
88 138 228
31 42 95
57 199 279
86 25 115
43 140 183
90 12 136
27 5 33
99 192 297
72 165 277
63 190 446
39 16 70
55 145 208
41 53 98
29 191 281
69 100 308
26 164 305
48 46 96
83 168 253
69 123 331
10 158 170
43 56 102
17 85 102
80 107 196
57 6 166
38 71 142
28 90 120
67 64 169
61 70 171
39 52 194
26 80 149
9 120 165
28 85 115
34 95 139
26 190 245
60 195 256
49 158 292
100 176 397
26 175 211
19 147 176
3 130 161
96 80 178
56 127 225
9 143 165
86 81 189
77 16 208
84 38 129
22 134 208
78 45 158
68 129 295
70 119 383
66 113 188
59 85 336
27 73 112
13 37 60
59 158 269
80 105 304
59 37 193
56 50 115
90 176 455
42 125 198
23 37 176
70 135 212
40 39 255
2 125 209
93 140 358
49 88 156
80 130 226
71 42 121
61 111 183
96 158 331
53 86 144
90 98 196
70 118 223
98 137 254
97 42 147
76 31 156
95 190 379
18 103 127
77 132 237
6 125 142
43 142 190
84 64 149
52 89 336
68 33 145
34 4 131
8 143 164
62 131 201
10 14 168
69 164 255
71 145 224
98 5 113
28 172 212
1 26 42
96 135 259
57 159 219
8 150 243
51 182 245
68 73 307
71 197 276
81 166 257
20 54 111
31 42 81
48 143 198
86 19 113
28 159 189
81 27 113
100 61 165
49 61 133
58 76 183
16 68 86
86 26 122
47 4 61
87 74 191
24 112 301
28 35 87
9 194 211
35 58 227
38 51 125
32 161 344
57 48 117
52 57 142
97 35 140
89 139 257
25 41 66
68 10 117
85 190 436
55 83 138
57 163 252
70 22 111
71 56 127
64 153 261
19 131 192
35 107 157
80 142 286
68 105 181
29 108 141
94 26 125
54 169 255
48 18 76
43 41 112
77 184 271
24 183 214
82 95 296
62 44 107
93 51 270
12 199 213
9 110 259
100 13 156
20 118 204
84 178 269
52 93 161
69 108 187
41 198 239
84 94 223
75 4 135
5 48 96
83 37 122
92 185 282
75 36 136
34 185 224
19 152 262
10 144 167
41 4 214
11 157 200
85 1 87
68 80 169
38 35 74
60 155 272
5 196 243
70 84 156
78 4 95
11 131 192
47 58 107
67 79 150
10 11 31
18 102 127
79 171 253
38 130 204
25 52 96
28 72 136
25 171 196
29 84 118
37 140 184
35 116 172
11 85 98
12 20 32
13 119 201
22 1 131
23 84 174
36 168 234
43 86 295
89 159 252
22 56 197
35 71 223
36 6 52
94 31 292
53 77 317
27 90 123
52 173 403
11 170 199
59 102 161
90 4 174
94 39 181
20 125 225
44 184 236
4 96 275
11 170 188
22 189 219
93 25 207
69 152 242
77 60 251
41 173 323
53 58 261
25 21 52
8 6 16
57 12 216
19 166 195
86 119 211
69 191 266
74 58 137
30 186 231
64 165 235
73 134 219
2 167 170
66 29 104
60 160 251
80 16 128
74 177 299
14 70 87
68 11 101
19 90 111
22 19 240
27 11 43
36 180 315
35 6 50
1 43 44
13 190 227
2 90 158
52 191 293
65 75 149
79 196 417
36 117 156
95 106 215
77 171 252
39 193 420
5 39 104
4 161 169
42 173 233
42 165 211
6 67 78
65 37 106
47 12 64
3 143 156
6 186 252
58 192 250
76 118 241
13 13 67
42 148 238
25 115 143
34 126 168
6 63 85
51 36 87
28 25 56
20 11 92
62 157 225
10 127 147
24 3 31
46 175 309
98 42 147
14 171 255
40 177 279
10 25 113
65 153 219
80 175 358
95 67 162
61 185 333
80 80 167
32 60 96
23 118 141
18 173 229
47 145 210
62 16 101
58 24 87
4 157 339
57 100 165
8 14 31
52 107 167
89 118 211
32 118 154
33 74 154
87 55 143
87 104 312
94 155 250
29 24 53
16 84 106
18 0 62
69 57 128
87 120 235
25 75 108
82 40 297
27 17 47
4 6 18
4 137 232
24 160 185
82 60 145
60 132 370
47 166 220
13 39 108
40 140 189
95 13 156
60 168 353
29 150 319
30 74 214
32 153 217
9 74 95
89 79 196
76 118 202
75 16 246
10 40 50
84 102 187
58 86 156
54 160 214
35 68 119
50 181 231
29 53 82
31 163 200
29 134 273
77 97 200
4 199 205
31 173 217
51 109 164
11 56 85
85 61 155
17 160 184
87 97 285
32 63 98
85 1 95
92 65 342
39 140 367
34 170 252
91 103 209
97 160 262
83 73 195
90 79 170
3 147 186
6 59 206
85 142 375
46 140 196
73 74 149
8 140 162
31 192 315
29 165 347
32 186 237
20 166 192
44 151 356
82 85 205
94 48 184
97 149 248
47 191 280
21 40 94
39 24 126
51 18 186
43 187 232
83 12 99
41 154 203
22 183 231
37 19 88
75 139 214
4 54 90
81 0 85
9 83 283
8 72 236
16 32 75
35 185 263
11 26 229
25 80 141
97 197 448
68 195 266
83 134 223
96 182 303
63 121 250
51 97 149
5 142 166
37 157 199
31 111 142
78 96 209
41 113 163
25 53 78
69 151 321
22 83 109
16 95 207
95 19 275
11 17 42
2 147 190
36 117 180
39 168 239
50 11 109
6 71 83
6 94 140
50 61 158
43 135 179
39 104 270
61 137 227
48 86 176
100 148 417
74 149 293
29 128 162
33 123 203
68 120 195
41 167 214
53 163 224
13 171 229
4 67 197
85 173 261
74 35 130
70 71 151
50 142 215
41 103 147
94 36 158
57 133 210
1 90 113
37 38 82
28 67 103
56 133 384
58 77 203
65 187 258
49 32 223
5 43 235
17 188 212
64 120 219
10 103 299
65 160 233
21 15 39
71 92 216
5 55 82
12 152 187
55 180 273
95 74 278
8 26 66
67 38 278
93 95 189
1 54 58
71 200 273
65 168 235
78 84 181
30 57 91
39 165 253
86 187 312
63 21 88
100 100 201
63 40 292
32 61 239
70 105 296
98 15 113
51 37 108
1 192 318
90 28 122
71 128 203
21 171 200
81 41 132
90 62 182
98 88 216
9 196 311
83 150 265
56 63 121
65 124 197
50 125 275
12 162 195
47 183 233
30 106 298
80 199 323
94 125 223
84 115 201
69 181 267
15 56 72
8 189 279
56 79 321
37 190 228
65 35 101
41 169 225
41 57 99
14 14 60
84 90 186
43 86 183
30 44 123
11 155 311
45 109 187
8 75 117
93 135 333
84 99 357
74 39 159
95 131 275
63 97 188
100 31 172
24 3 36
66 21 89
76 87 167
78 34 235
48 113 167
79 20 99
98 153 256
50 76 167
71 106 184
88 128 220
29 150 182
10 182 240
65 179 287
58 96 159
68 2 164
27 183 305
100 107 209
72 119 195
57 89 154
72 118 191
45 135 205
93 116 217
14 127 211
59 11 70
5 57 67
54 18 78
44 143 317
41 109 194
69 119 271
30 95 235
43 12 64
38 132 177
62 139 202
40 118 355
12 80 98
23 67 95
9 83 133
98 82 194
30 165 305
69 17 90
13 78 93
97 1 128
36 85 141
31 40 77
46 114 165
87 84 180
43 170 250
41 98 142
26 56 89
62 43 211
93 9 296
50 10 103
22 92 123
30 79 152
19 152 174
67 194 269
49 92 178
66 126 192
16 3 24
30 190 419
89 64 179
62 64 128
67 103 233
38 170 209
32 72 201
61 11 87
18 120 140
9 156 178
43 106 195
30 137 255
51 95 273
10 39 50
51 22 96
41 94 184
7 166 198
46 146 214
60 114 181
14 71 111
69 4 93
77 120 325
54 73 156
73 78 200
98 26 130
63 133 201
15 151 173
76 184 429
66 176 279
18 94 162
32 156 233
87 15 139
75 81 178
71 136 216
8 2 27
58 20 103
92 110 236
6 98 106
7 92 105
11 97 126
51 21 264
15 128 162
10 70 113
25 125 263
5 50 71
39 151 221
61 74 140
93 21 155
92 2 137
77 93 189
19 154 183
60 59 167
64 190 260
30 62 138
11 51 98
12 117 134
64 95 159
6 170 179
34 16 98
74 85 162
47 42 94
7 179 192
17 185 210
35 41 105
92 97 190
22 172 196
68 136 214
45 124 238
69 176 267
56 83 142
10 188 248
85 74 286
54 62 121
82 145 235
56 125 187
90 168 260
94 71 170
100 128 412
12 71 84
72 192 396
58 128 314
8 8 30
69 44 219
41 157 272
7 181 188
88 196 286
60 30 97
13 182 202
15 72 97
58 55 173
72 77 194
93 137 245
67 11 80
35 83 124
6 109 145
2 107 117
44 8 52
3 64 95
21 30 51
91 53 145
95 110 327
75 140 228
29 177 230
92 149 271
1 144 169
69 66 164
37 194 238
52 197 355
67 129 199
5 34 39
14 168 231
72 86 320
16 108 128
24 19 50
65 84 174
54 132 196
28 186 230
17 161 318
96 72 302
70 146 355
13 76 94
40 107 166
34 7 80
25 20 48
69 28 99
54 32 118
37 118 169
41 133 264
22 83 140
53 7 62
94 59 188
30 134 354
67 0 74
85 82 205
22 132 178
9 58 77
37 97 328
34 110 153
25 153 348
27 108 169
81 53 135
87 187 277
52 100 209
82 198 324
74 71 155
78 14 117
100 159 270
57 66 305
45 10 152
9 167 216
70 143 214
11 141 170
41 173 224
10 8 19
12 144 181
13 82 134
17 83 100
57 39 96
90 178 302
41 95 139
20 107 133
89 101 296
100 98 208
90 117 214
57 107 204
68 141 402
23 118 148
50 181 240
57 95 152
43 5 53
1 3 13
10 171 187
54 129 200
81 73 187
38 179 223
72 139 253
14 50 108
56 190 379
26 93 153
1 189 190
22 130 159
100 54 164
18 126 165
36 160 198
25 32 111
55 175 232
44 144 207
17 84 299
77 153 284
16 72 92
68 15 186
63 42 111
28 140 188
63 123 191
60 196 442
50 23 73
44 200 359
72 15 94
62 86 176
9 158 174
23 143 176
67 34 207
51 90 144
26 46 108
79 96 330
77 166 249
22 18 121
33 37 74
73 132 215
92 70 260
90 184 275
59 150 217
20 182 245
45 129 282
18 56 76
87 170 260
59 112 206
93 48 172
57 178 277
2 98 107
97 58 162
26 84 111
44 93 143
97 67 211
84 155 246
45 169 242
34 78 120
65 59 255
19 67 192
36 68 129
58 17 83
51 142 201
56 69 133
48 54 178
37 87 130
72 35 299
