340
28 158 232
95 164 265
97 175 275
9 33 53
34 104 145
56 135 199
69 25 166
32 2 37
88 131 239
4 30 153
12 189 211
61 124 209
65 48 160
37 51 98
42 31 221
55 152 207
5 196 201
75 30 114
41 96 143
3 62 111
16 123 168
72 74 237
60 42 127
56 88 174
85 179 264
60 58 119
59 74 147
31 47 248
31 58 104
42 64 143
78 137 232
51 133 190
100 172 274
49 119 192
16 173 230
42 92 170
60 116 222
73 65 184
76 81 165
81 13 266
9 142 155
86 52 177
7 151 337
58 170 264
58 172 238
28 194 230
11 114 163
48 200 258
90 145 266
23 48 100
26 158 301
47 93 146
13 62 191
6 83 122
85 140 260
99 83 194
26 140 166
8 33 72
73 168 288
37 2 49
61 121 221
3 90 149
47 80 284
67 17 125
74 59 142
22 16 51
41 34 82
66 146 219
79 43 130
76 138 249
63 92 162
21 4 56
37 3 43
4 14 25
80 133 223
34 131 193
37 155 228
41 165 245
15 71 220
73 24 218
11 79 199
87 162 251
36 164 228
12 66 115
96 200 435
64 119 199
20 199 275
39 19 85
35 118 164
99 118 248
62 183 296
80 100 185
74 152 272
49 165 216
95 148 281
35 47 86
10 98 151
60 56 118
88 151 274
60 200 344
63 68 250
3 172 175
5 71 205
36 7 96
52 65 143
62 175 240
28 136 189
30 0 151
64 38 110
85 140 319
5 25 45
32 161 202
99 79 316
65 190 274
96 130 256
45 33 79
76 4 87
29 46 84
10 39 51
31 125 161
40 32 76
9 138 151
46 74 170
70 41 117
56 89 189
96 31 129
99 129 233
78 130 210
89 173 280
42 121 213
56 87 147
58 86 164
67 79 180
94 179 319
43 104 147
15 63 123
73 17 98
97 6 135
7 144 155
35 46 119
18 17 37
97 91 234
15 141 169
58 83 240
58 152 214
10 65 176
100 83 338
19 153 208
67 20 114
82 0 202
31 151 189
89 159 253
35 10 140
69 19 159
14 70 84
81 61 242
99 146 249
16 11 32
44 68 241
14 123 185
23 1 71
4 167 325
85 10 105
99 84 279
85 22 110
96 94 195
72 149 254
14 83 105
19 140 160
8 70 274
28 20 127
53 114 170
24 165 311
94 35 288
100 5 111
26 39 72
63 103 174
10 133 172
81 63 157
79 136 246
15 98 119
11 49 66
89 104 201
38 128 170
25 86 115
6 2 95
13 124 138
66 182 250
18 86 106
57 123 190
54 57 114
44 159 206
20 25 49
96 172 340
13 110 319
47 134 304
76 53 170
45 121 177
77 14 165
14 46 79
49 154 225
6 18 24
79 171 267
49 192 253
23 10 198
23 67 168
48 149 218
90 14 110
39 93 144
13 122 183
93 120 218
23 54 80
39 62 198
73 6 127
4 196 236
37 178 221
14 126 147
60 123 192
74 13 128
66 114 223
98 190 327
72 44 190
87 24 122
89 100 190
47 78 147
65 74 141
71 135 220
73 149 257
64 187 268
46 73 185
14 105 187
74 84 175
43 67 121
83 10 141
78 90 209
94 176 379
22 124 169
100 41 217
84 141 378
84 59 288
35 52 88
100 178 278
85 191 285
68 18 122
31 98 244
9 56 202
25 125 157
97 134 232
92 106 209
55 56 188
73 14 95
3 20 82
73 138 388
42 102 145
24 66 121
6 66 268
16 176 237
14 127 180
60 130 258
2 157 166
76 116 240
40 149 198
34 92 149
41 43 200
98 137 241
63 133 220
19 130 179
95 34 141
32 47 131
21 119 140
83 164 301
94 28 128
82 186 321
80 39 124
72 51 166
95 15 111
24 137 198
43 33 116
32 192 229
40 142 188
66 63 132
63 151 401
58 171 239
81 27 110
23 152 184
40 156 198
6 44 203
41 76 117
56 10 112
74 165 244
46 38 140
12 16 178
4 113 120
87 65 158
3 8 27
18 160 226
10 6 25
98 31 171
49 22 96
64 41 113
63 176 242
88 109 233
53 190 283
66 39 110
26 24 91
3 52 61
32 147 196
27 16 194
70 18 230
14 134 156
43 91 138
50 99 242
65 186 256
90 98 283
77 68 172
30 143 218
28 190 242
17 30 245
16 23 202
59 129 217
24 132 156
75 51 129
97 78 291
71 101 280
64 194 394
1 117 118
41 40 214
5 50 60
53 185 248
38 45 88
36 43 226
35 130 194
33 145 366
7 73 86
41 45 93
56 11 169
63 128 371
20 160 307
27 30 189
41 108 158
