670
26 181 220
33 4 146
31 84 264
37 66 147
36 191 275
55 122 184
80 149 236
37 198 342
63 60 149
74 87 333
1 180 188
3 194 204
38 83 126
46 186 278
20 37 67
20 140 172
15 67 121
84 38 284
84 155 240
4 107 121
26 97 223
74 196 273
9 174 271
26 77 143
39 130 171
42 192 239
45 68 119
66 72 149
11 30 60
52 63 121
45 86 139
71 153 245
80 31 298
14 135 313
94 129 410
82 15 140
68 112 224
21 135 181
82 1 95
27 71 108
33 146 369
39 193 237
52 109 339
47 18 90
7 25 127
61 171 238
38 23 97
87 175 265
21 190 258
95 185 317
81 163 254
21 0 30
41 158 215
95 117 226
11 11 23
69 184 258
67 70 240
18 73 92
40 64 115
37 80 121
95 79 210
82 15 101
94 76 175
19 177 272
19 127 146
70 115 197
80 131 257
97 46 261
46 101 157
11 76 121
9 148 195
43 113 160
62 97 169
28 2 77
72 21 94
70 74 323
66 5 152
56 64 240
54 13 82
76 2 89
84 13 104
74 137 215
76 45 136
33 162 197
66 128 198
34 36 96
69 125 198
38 121 223
67 120 188
81 21 108
21 135 166
20 196 225
97 198 302
48 29 97
13 54 102
45 78 194
37 154 201
75 4 96
95 75 178
47 76 169
77 49 248
37 31 74
67 0 83
93 21 217
88 104 201
97 154 257
78 61 152
48 149 209
38 162 200
85 141 245
35 88 137
100 145 250
67 63 139
39 181 309
32 16 207
10 184 199
15 185 219
55 25 87
88 138 230
11 84 145
68 29 238
99 164 277
15 16 37
4 117 166
30 65 109
55 188 269
32 128 170
35 110 222
29 142 185
69 26 97
63 182 267
52 13 75
32 49 179
5 176 218
15 83 146
38 195 259
77 92 179
84 50 159
51 115 176
51 134 192
31 63 164
60 197 264
79 65 150
5 40 52
100 147 249
93 21 297
31 177 216
60 98 169
78 155 345
66 32 157
18 102 252
33 84 127
87 99 250
44 142 220
81 146 242
54 10 162
80 178 285
30 93 162
30 143 310
17 85 198
57 138 197
28 29 75
67 30 107
5 192 200
29 106 139
92 123 219
63 117 212
49 53 147
78 25 106
97 37 179
13 84 103
98 177 461
97 159 393
27 136 339
36 6 61
21 0 66
22 113 153
24 76 100
62 123 383
81 200 289
92 1 97
100 199 389
69 131 205
7 98 112
33 88 284
90 28 237
30 109 242
76 176 262
79 75 154
89 125 414
60 112 232
15 16 32
59 186 269
35 197 241
19 106 292
52 11 64
49 76 171
82 165 262
34 178 213
11 106 211
29 117 196
65 159 273
2 45 56
95 37 176
86 33 152
3 181 186
31 6 74
29 111 149
70 101 195
49 184 236
61 142 218
31 188 257
26 170 298
91 75 300
26 106 161
51 61 183
25 187 217
98 41 169
22 196 234
81 144 234
47 155 325
40 157 329
49 55 230
13 82 98
58 172 261
28 38 67
7 172 213
19 118 150
60 147 210
75 196 301
62 199 277
79 136 245
67 94 253
12 173 210
74 91 323
80 110 194
26 198 410
60 93 155
95 97 314
58 124 184
38 14 167
98 130 399
92 83 178
87 164 271
72 137 228
64 78 164
6 29 150
71 91 166
3 51 74
35 12 49
59 129 190
96 196 374
29 169 224
5 99 105
14 159 193
7 107 134
35 173 250
100 72 289
94 76 305
16 54 97
20 191 233
35 152 295
60 136 206
45 45 207
29 136 175
44 69 304
84 58 335
22 171 207
2 111 136
66 115 184
27 35 109
6 74 274
66 99 167
84 130 256
9 156 196
83 169 256
56 163 229
5 29 133
44 157 212
55 125 185
38 184 252
16 142 161
17 92 119
44 116 196
7 80 95
93 91 249
9 181 199
95 96 200
39 158 227
35 152 196
14 19 65
14 76 91
72 22 142
27 141 244
12 184 288
61 70 257
27 187 244
97 37 167
5 31 38
61 22 95
57 153 234
40 145 213
5 82 87
66 61 137
72 59 142
85 7 100
31 13 69
14 64 78
39 83 124
76 104 196
58 157 261
41 105 192
53 132 375
15 193 219
28 67 233
33 3 43
26 134 161
3 199 211
9 177 318
94 101 201
35 34 101
93 77 215
20 47 77
100 42 142
88 24 290
38 82 128
57 33 181
78 72 151
86 90 177
43 162 228
68 101 172
98 53 153
56 55 122
75 86 168
25 76 135
99 83 260
51 2 98
94 21 116
77 91 243
35 118 162
5 105 117
64 8 100
30 173 262
43 56 299
35 57 101
25 147 173
20 53 169
4 127 133
100 68 175
8 75 88
52 136 195
87 2 134
73 115 192
83 76 187
51 108 195
40 166 206
2 92 144
84 112 196
60 109 288
13 69 84
64 154 221
43 36 84
74 97 210
6 10 142
12 85 164
85 100 185
24 80 104
49 98 178
13 176 373
51 77 130
21 147 214
34 100 263
90 67 339
69 197 417
8 177 304
76 26 130
2 19 25
38 2 43
2 162 172
85 175 285
13 105 123
39 167 207
100 13 160
70 154 228
39 61 104
91 125 258
24 69 97
59 120 199
86 78 194
11 22 64
6 79 90
53 159 231
30 181 211
72 127 222
19 177 238
100 55 159
76 50 136
90 77 242
40 19 64
37 164 202
21 83 140
72 102 175
95 192 287
77 61 337
68 163 234
32 33 78
12 148 160
71 182 258
57 81 239
88 174 281
18 188 219
46 167 218
93 119 368
72 77 153
15 13 32
38 176 381
91 122 259
65 46 144
97 144 257
67 75 148
54 42 143
35 103 138
48 167 243
75 106 377
72 171 382
84 3 88
33 79 285
85 105 219
23 112 139
87 178 363
79 41 123
17 8 40
60 60 135
33 5 48
30 200 239
48 83 212
73 147 282
7 75 142
65 134 221
22 183 280
22 107 136
2 191 345
28 89 121
5 192 294
39 28 67
9 184 196
96 138 284
48 20 76
13 9 167
22 141 164
64 15 104
98 89 263
95 123 220
53 34 96
17 146 183
34 162 198
50 30 131
30 171 215
32 189 224
33 3 185
92 18 246
16 184 225
31 22 69
55 126 227
67 154 228
32 171 208
90 66 260
49 49 186
65 76 146
24 53 80
55 123 300
41 41 225
80 155 389
26 139 215
30 24 125
27 71 219
9 37 137
70 144 238
42 162 282
1 31 47
85 24 158
2 61 135
93 114 217
96 10 110
60 127 272
65 149 227
67 114 230
54 60 124
99 11 114
85 29 174
53 113 171
76 191 270
96 56 190
27 85 132
72 67 176
15 121 138
94 135 291
32 154 332
20 101 155
89 26 277
98 104 205
69 181 298
67 58 325
99 170 273
12 21 33
5 190 314
7 177 326
2 78 191
97 175 322
31 98 302
62 139 241
4 132 177
43 91 139
94 31 126
97 82 277
42 51 93
63 36 106
84 150 237
38 30 107
59 139 297
49 29 82
94 171 283
28 197 250
31 22 63
44 157 266
41 151 197
93 0 130
49 105 272
8 68 80
19 2 64
61 94 197
24 127 158
69 172 302
15 120 137
57 159 219
65 38 141
89 114 253
7 99 124
87 133 225
90 100 201
36 197 242
70 24 278
55 74 143
4 124 133
76 43 241
94 154 258
30 140 175
47 24 103
84 185 450
84 165 318
98 179 285
17 133 256
100 1 123
64 154 261
87 34 243
32 52 113
24 75 102
42 92 158
50 46 294
34 89 159
99 73 192
79 112 193
54 36 108
55 11 75
70 190 278
1 168 337
66 137 214
5 57 225
39 63 103
30 86 165
34 182 341
86 188 274
7 196 203
47 24 108
10 9 44
20 6 34
13 168 181
69 181 354
19 92 124
69 145 251
52 123 264
38 125 210
75 143 222
39 125 166
21 96 130
91 117 234
1 124 235
57 93 205
79 133 229
61 8 77
78 178 337
49 135 186
27 160 214
16 183 226
20 176 203
55 52 129
82 106 237
92 77 178
21 93 151
25 60 204
16 178 227
88 95 216
66 88 180
90 85 217
5 55 65
58 77 135
37 145 310
20 200 371
61 48 112
57 62 173
12 136 217
47 169 366
30 142 226
68 106 211
52 92 168
4 193 306
27 118 151
4 132 143
64 95 167
36 170 378
12 134 193
1 183 234
71 194 338
85 68 161
36 42 99
33 14 51
90 55 146
10 192 252
86 115 206
24 44 202
21 136 166
56 73 136
68 154 225
94 132 229
79 59 139
58 198 265
71 179 260
27 170 363
36 141 178
42 189 382
10 8 61
34 152 192
81 140 221
6 149 159
6 30 43
46 176 223
8 187 268
17 101 128
47 179 231
60 36 98
30 52 103
46 66 159
6 159 171
98 24 130
4 145 162
49 61 114
76 133 253
66 18 233
79 104 217
94 190 292
76 111 224
84 171 297
7 114 269
77 32 117
6 183 191
70 57 142
33 18 60
51 190 267
45 172 276
94 92 241
