430
49 48 103
77 198 295
97 68 169
91 187 421
55 103 343
17 112 166
56 156 216
80 37 137
27 35 94
55 90 208
58 29 87
41 152 218
94 172 275
93 133 226
67 14 97
57 155 251
99 68 319
95 195 294
44 2 51
34 178 216
21 73 129
1 17 27
20 5 64
59 193 254
13 50 70
40 194 325
83 73 189
80 136 228
86 67 157
68 40 277
10 99 121
28 83 118
99 41 173
68 96 168
89 69 158
43 105 151
11 68 98
40 97 144
81 39 230
25 68 96
67 147 215
58 57 156
28 15 51
63 22 90
18 92 146
2 11 59
22 191 306
96 6 299
67 0 74
80 150 233
53 95 308
58 0 67
31 93 134
2 21 25
90 38 130
94 196 290
88 181 279
14 142 164
80 151 236
15 54 71
83 29 112
73 57 145
55 126 188
91 195 294
17 72 275
68 49 124
34 171 209
46 189 237
89 60 210
24 161 186
38 66 111
71 183 409
40 78 243
7 189 202
35 181 218
87 47 178
81 97 339
70 60 139
31 85 125
59 162 229
16 181 236
58 163 407
60 37 125
69 170 239
12 62 128
71 10 84
85 137 231
17 104 145
8 90 172
10 156 262
98 190 296
74 45 123
2 140 154
60 161 242
60 158 249
13 68 256
25 50 87
45 105 156
16 122 147
89 197 333
43 139 287
29 79 307
40 164 206
17 29 65
47 82 167
1 10 80
53 94 160
26 120 146
47 135 184
88 53 153
66 5 115
46 147 377
59 111 251
92 16 114
27 175 222
65 82 277
58 121 191
77 20 101
49 161 220
41 63 116
77 180 381
27 87 120
68 111 180
99 69 186
54 100 164
26 49 80
88 34 123
71 171 364
50 109 192
62 161 385
75 177 280
40 176 226
64 124 217
60 52 159
22 110 141
98 123 384
6 109 240
56 154 267
55 23 254
34 103 307
67 98 187
77 137 281
76 81 189
99 159 259
66 158 367
46 64 120
53 172 238
31 99 135
60 94 190
76 185 294
53 136 245
14 194 390
94 111 347
54 126 205
15 118 262
97 108 253
26 16 44
8 35 50
44 142 193
68 102 183
48 152 206
67 62 273
76 132 259
49 1 52
27 75 161
16 156 215
49 55 104
50 154 213
18 111 131
79 105 184
10 37 94
67 12 89
30 155 220
46 199 254
45 141 187
20 98 130
8 55 70
31 134 191
22 70 125
99 162 299
69 142 216
65 10 76
43 120 176
70 65 185
4 176 181
56 3 67
45 39 91
50 108 243
56 13 77
62 103 167
69 101 186
30 148 204
29 120 152
10 152 209
14 32 50
24 182 208
26 127 153
69 37 115
82 86 179
10 29 158
1 43 74
5 167 214
20 20 172
11 200 334
94 134 276
10 169 181
46 91 221
6 9 17
26 32 61
31 88 120
77 71 151
88 110 208
84 95 194
63 31 227
65 74 139
62 93 193
59 60 157
99 38 261
48 44 106
82 157 246
6 185 237
21 166 197
62 25 258
69 33 149
6 114 168
73 161 267
99 111 229
15 111 128
4 169 186
37 155 192
56 194 253
25 103 135
66 119 187
8 109 315
25 155 190
42 136 218
65 94 291
42 11 88
69 56 127
33 193 236
58 157 216
41 191 240
39 184 228
85 112 235
91 37 128
21 30 110
40 17 59
23 182 213
60 60 233
33 21 66
5 9 16
88 96 197
55 109 210
25 37 233
23 55 187
48 184 233
73 58 137
94 116 233
18 84 112
72 85 190
13 53 71
18 187 314
91 36 135
8 179 203
24 120 285
40 200 263
83 12 96
88 110 205
18 192 308
4 149 209
81 109 192
73 142 253
94 20 115
72 97 326
49 5 104
41 142 184
58 34 100
13 109 171
66 155 290
12 181 347
26 23 227
76 35 134
40 84 133
40 193 260
69 184 263
9 28 90
87 19 150
94 132 406
97 104 224
62 187 255
79 126 205
10 71 98
60 172 236
75 142 239
36 144 210
65 140 308
89 37 274
52 190 246
66 48 175
68 192 398
10 63 92
6 152 168
75 70 151
71 115 186
100 37 336
80 37 126
98 112 253
60 113 202
68 158 230
72 82 273
33 156 190
2 141 146
60 29 111
82 145 275
24 146 200
96 123 228
70 129 210
18 149 174
35 184 225
19 123 144
100 195 309
43 83 136
85 155 247
4 73 108
60 20 225
75 47 131
11 116 160
35 3 171
84 156 240
31 176 241
88 111 209
23 8 43
63 165 344
86 199 374
96 69 349
31 90 171
20 36 67
33 182 252
78 152 230
58 67 135
60 96 262
50 106 194
17 59 80
34 169 233
8 188 203
64 47 206
17 77 100
80 96 182
20 113 153
8 111 129
64 111 177
72 154 227
71 126 200
19 66 190
9 17 129
33 117 183
84 39 218
65 143 208
12 34 77
71 93 170
38 142 184
92 20 142
26 199 256
8 136 320
52 24 82
14 56 75
89 0 99
76 144 253
9 137 228
34 5 119
34 19 87
69 164 269
83 167 253
94 85 191
46 4 53
8 141 156
48 164 238
63 35 131
90 148 248
65 20 89
3 152 163
22 177 217
64 183 276
92 36 131
71 28 120
32 151 184
98 51 184
76 91 198
53 136 192
96 150 438
35 119 154
7 175 184
54 41 97
53 109 259
15 97 112
15 118 178
78 170 287
56 105 340
17 22 68
35 147 195
43 22 68
9 158 174
71 38 145
84 98 208
28 125 318
85 64 153
67 92 171
31 0 38
16 157 175
81 162 253
5 24 77
88 56 174
34 47 86
36 61 107
95 3 291
13 40 62
92 125 225
82 81 239
49 138 204
64 67 167
10 137 226
82 18 232
75 110 291
87 39 128
95 170 271
55 139 326
26 99 157
3 101 274
67 159 229
17 121 169
