840
67 133 210
59 162 224
41 138 185
84 98 240
60 36 103
15 117 156
10 34 52
13 80 121
71 146 287
59 127 187
17 48 72
8 186 194
91 123 259
97 108 215
21 100 121
8 142 152
81 66 299
85 5 157
15 65 87
20 178 284
1 176 179
12 100 117
97 188 315
1 19 31
92 59 159
30 169 240
97 77 293
73 161 265
72 149 277
23 36 89
29 64 128
52 161 261
57 95 175
63 176 246
25 198 243
77 14 120
88 35 172
94 192 413
44 40 92
2 52 57
30 157 194
81 35 161
65 196 272
9 82 245
78 87 354
75 17 96
75 64 146
48 127 178
7 65 176
88 143 235
67 138 213
87 93 285
32 200 317
31 96 170
83 172 420
3 180 218
64 109 182
51 82 143
52 82 177
16 155 195
11 174 192
59 194 385
46 23 76
89 88 181
57 170 233
17 189 358
57 44 152
14 59 90
8 91 121
30 126 171
20 19 48
25 145 174
67 174 242
98 156 258
70 82 191
81 35 194
86 175 280
63 112 210
36 116 165
9 165 180
34 122 332
81 17 134
78 6 98
21 75 103
71 82 199
41 118 163
44 156 210
86 17 262
29 134 168
100 98 316
79 102 189
36 180 217
52 86 332
28 69 224
8 147 205
18 58 122
12 74 224
39 112 291
76 176 387
67 110 213
65 124 343
58 138 236
18 22 83
15 169 231
9 125 141
80 174 257
25 132 170
97 121 277
26 167 200
76 71 256
36 101 143
2 176 317
57 117 221
92 146 274
88 87 203
47 88 316
3 130 141
52 195 294
69 83 163
66 141 210
37 127 258
45 103 186
36 182 229
49 97 166
94 114 209
75 121 339
82 127 255
22 59 84
98 67 336
28 171 207
47 147 229
54 194 256
72 18 206
22 72 123
68 146 246
48 167 309
96 35 176
18 93 147
14 124 139
83 141 226
46 86 133
9 195 212
11 76 87
21 34 133
26 143 176
88 107 197
72 173 418
37 142 185
22 91 164
21 86 108
70 198 273
22 95 186
31 170 391
32 72 114
14 85 106
88 104 200
25 91 120
83 180 275
79 196 293
67 56 130
12 177 197
11 94 152
83 116 208
55 33 145
53 127 298
30 157 229
87 22 302
99 130 322
9 151 161
77 123 381
6 164 175
10 120 134
81 25 175
98 114 293
18 58 100
70 26 103
22 63 258
29 20 115
73 128 202
54 178 237
87 61 156
85 32 121
61 56 126
61 1 111
28 131 162
80 24 225
66 81 206
6 141 340
47 104 196
68 88 258
16 160 202
50 40 96
86 178 383
35 138 205
81 50 297
69 119 379
60 71 280
91 23 146
94 82 183
20 169 190
7 32 42
1 149 197
71 132 235
71 186 431
86 107 202
41 31 122
81 177 258
69 61 132
4 88 278
24 148 196
72 25 105
53 168 262
45 141 188
9 71 240
36 10 51
24 4 31
83 57 163
59 116 213
60 36 193
86 154 241
30 29 86
17 60 103
57 64 169
67 137 281
2 88 90
27 168 329
18 103 127
17 106 123
21 142 297
21 161 192
89 8 97
14 39 56
8 45 57
55 106 161
60 131 227
65 158 229
44 105 196
32 144 186
75 79 303
58 149 243
93 200 483
1 23 34
54 38 99
39 73 116
17 135 210
29 8 41
100 77 186
53 154 208
18 34 68
56 3 65
55 177 280
6 123 158
68 32 205
93 0 96
17 56 120
18 112 244
50 42 142
91 147 263
27 2 42
82 44 152
100 71 206
31 49 272
64 88 159
65 99 166
92 19 255
16 190 254
4 191 354
85 154 315
33 194 270
56 80 170
66 182 392
90 120 365
62 126 249
71 184 260
44 190 283
67 103 196
75 115 197
38 115 158
48 1 54
38 78 120
71 6 179
26 166 200
69 160 291
50 139 246
40 112 279
79 86 325
42 85 151
67 198 461
71 123 272
4 144 184
70 102 181
67 176 247
10 72 212
76 4 199
16 104 130
31 35 80
56 167 225
12 75 103
48 3 61
89 125 253
45 22 70
18 31 53
12 138 154
45 14 196
16 64 226
12 179 194
43 174 258
100 4 252
61 7 78
42 60 109
93 69 343
38 7 95
24 99 132
7 43 57
65 172 349
5 130 157
20 189 210
7 27 39
4 93 110
93 37 328
85 88 209
84 29 121
61 191 306
36 43 112
19 141 199
7 170 199
44 68 118
78 48 151
32 68 110
44 42 189
19 57 84
15 67 84
51 60 118
13 50 178
98 182 308
32 116 158
60 29 281
88 166 275
22 21 164
51 99 255
21 132 176
21 18 43
65 61 142
75 136 221
92 151 265
84 63 162
66 27 93
93 159 327
59 130 241
86 114 344
44 99 239
86 8 206
42 138 188
38 89 241
72 21 191
22 173 198
58 18 214
81 30 132
90 91 186
27 126 331
68 153 228
10 30 48
88 136 283
87 78 170
29 172 277
37 91 138
22 190 212
71 132 229
56 142 210
44 4 53
84 180 273
60 178 411
93 161 369
60 14 258
59 139 205
34 182 226
56 165 244
4 117 321
40 47 174
6 63 115
48 31 79
77 22 102
17 182 206
42 182 319
10 179 194
94 72 231
3 150 162
71 48 137
60 14 84
67 183 292
32 80 117
66 167 240
43 3 85
68 46 256
20 115 164
75 20 98
64 191 292
4 29 221
5 26 33
82 180 272
17 127 148
43 156 273
37 76 250
87 126 276
28 83 244
71 11 121
24 62 96
37 0 52
51 179 279
57 191 256
43 84 161
98 135 234
41 10 56
61 196 408
42 14 171
31 54 208
75 175 263
30 101 139
91 54 176
7 22 75
7 161 168
81 179 368
6 76 160
36 159 300
95 130 397
71 24 112
21 146 171
58 59 266
47 40 122
98 107 215
99 108 215
1 59 70
67 146 256
71 88 195
84 25 139
73 47 126
15 60 80
8 17 46
40 115 171
7 114 126
76 116 200
94 113 253
38 61 193
18 168 333
52 8 242
13 110 163
43 11 64
81 194 328
98 67 175
11 65 124
58 165 272
76 33 111
44 178 233
80 39 164
24 43 71
82 106 210
72 134 246
33 90 123
48 42 137
16 11 77
60 6 86
22 73 102
79 161 409
17 139 163
68 35 260
53 146 199
87 35 307
70 79 159
68 0 74
100 59 196
65 170 236
91 154 249
64 35 123
34 7 82
95 38 139
98 71 206
13 38 228
87 175 398
34 153 192
90 109 364
21 148 183
86 17 117
7 165 182
25 51 101
99 28 159
70 135 247
100 168 310
75 6 108
75 53 134
68 46 115
53 184 396
85 38 134
85 63 155
37 162 398
88 40 159
42 144 189
39 188 257
47 191 269
53 176 401
61 72 171
45 39 122
23 164 303
26 109 210
13 121 189
67 135 204
60 41 104
34 178 215
64 85 282
28 173 204
76 171 313
48 93 185
79 168 249
91 9 109
94 11 154
51 5 103
23 4 34
100 57 172
51 122 218
89 173 298
11 186 215
75 45 125
97 155 419
59 183 434
54 148 206
24 65 108
98 194 321
65 107 301
21 6 67
17 87 179
47 13 108
64 82 148
39 145 277
21 195 218
5 65 115
23 148 321
28 95 142
78 151 381
93 133 305
39 88 129
60 3 111
70 25 103
99 132 273
27 95 219
5 93 100
89 106 214
34 40 101
99 23 132
39 183 226
80 28 113
13 74 94
61 54 118
47 160 354
87 147 239
12 49 118
59 51 117
13 48 82
35 84 305
89 200 298
45 177 230
58 36 241
43 103 146
29 26 82
58 195 295
51 72 162
81 193 278
89 162 274
6 75 81
69 73 270
25 121 147
70 7 84
80 91 207
1 24 30
11 134 159
5 112 305
33 109 146
4 190 202
8 11 28
66 141 211
50 52 109
88 152 268
62 185 261
10 71 90
90 70 160
44 200 249
12 136 194
51 144 243
94 35 135
46 195 256
71 62 263
90 96 376
52 32 132
31 30 76
96 159 257
50 70 133
36 154 227
45 17 106
95 172 310
20 179 205
86 119 303
7 190 212
56 21 85
53 52 106
11 179 253
56 160 216
35 167 301
4 6 13
95 161 266
14 117 144
22 136 164
75 147 224
76 188 396
1 88 208
100 41 146
63 115 218
82 77 178
74 22 98
10 191 243
79 8 127
17 108 130
90 167 402
91 140 253
100 105 248
27 38 207
41 86 174
40 133 176
96 22 173
62 75 145
89 29 128
18 94 122
61 74 169
40 71 183
38 162 288
35 19 117
55 115 171
50 174 230
95 55 350
23 162 214
41 76 121
25 88 266
85 154 242
95 117 244
20 146 176
86 36 229
56 130 269
85 19 111
52 193 343
51 0 60
60 106 177
9 140 198
27 195 264
26 129 164
92 122 223
65 152 275
87 38 175
33 6 77
20 70 92
50 106 178
96 180 284
57 55 140
14 176 193
96 72 173
67 148 330
83 130 306
74 115 348
45 162 208
19 77 105
54 152 221
72 161 375
82 184 395
27 174 224
66 164 257
87 13 100
68 75 248
18 154 219
68 129 231
6 161 176
25 34 132
6 178 233
27 53 157
11 43 104
15 193 218
65 137 206
42 124 166
22 116 142
4 77 86
88 55 317
57 177 261
96 103 204
61 179 347
67 57 139
71 165 322
23 48 79
36 128 172
1 55 103
15 19 181
3 7 186
26 59 95
82 132 222
86 102 292
79 116 199
73 118 277
91 148 286
49 150 252
50 118 176
31 140 171
84 100 191
87 91 181
41 106 147
24 196 303
32 178 212
23 97 217
56 37 215
1 52 54
91 123 257
85 95 185
17 66 88
100 38 138
23 137 163
46 133 215
88 37 257
67 36 113
6 173 223
87 195 314
77 118 199
59 51 156
9 55 182
68 42 110
27 75 139
30 26 61
48 113 166
27 0 41
5 158 170
34 8 50
53 42 105
93 35 156
93 77 190
56 36 137
33 26 147
31 200 237
76 193 283
26 56 94
2 77 225
23 179 377
47 65 247
28 80 120
77 52 298
78 53 246
79 9 164
26 38 254
13 74 113
95 173 271
42 151 208
11 129 141
31 58 277
70 32 108
92 30 135
88 184 396
33 159 376
86 27 113
14 191 230
10 160 218
73 128 206
49 34 90
64 94 165
87 195 285
68 74 157
63 107 189
99 169 276
67 109 176
8 22 51
85 108 311
54 111 218
50 192 285
97 124 257
77 41 208
40 135 179
87 185 277
6 116 150
53 33 153
71 174 255
74 180 256
89 143 326
39 176 217
74 164 238
40 25 226
77 17 204
80 59 162
14 119 172
4 158 252
33 58 96
74 54 134
87 160 438
12 0 74
54 181 261
32 87 128
31 39 134
95 5 142
92 156 312
24 15 51
41 140 205
44 45 98
31 38 78
83 17 116
28 200 235
3 71 185
93 127 306
53 173 395
81 124 244
42 50 101
1 73 77
88 104 205
26 174 307
82 173 264
47 84 131
30 139 186
32 195 246
25 181 405
74 39 117
43 89 315
82 165 247
26 156 311
24 170 197
14 175 197
81 46 130
72 173 277
48 155 231
100 97 205
33 155 191
44 129 346
67 89 162
24 59 136
90 76 180
7 54 107
78 4 225
17 49 80
86 4 99
39 72 161
71 145 261
47 118 170
44 135 250
