530
19 163 189
41 118 159
94 65 180
48 119 188
41 93 316
76 174 252
44 28 95
48 59 162
35 25 70
56 5 68
18 183 248
53 22 116
62 160 397
22 186 331
1 40 80
6 98 108
10 82 137
20 20 88
46 181 392
25 71 100
62 77 331
40 138 316
14 181 300
99 119 221
46 136 203
23 172 205
41 168 219
46 107 154
30 80 119
18 0 165
70 121 193
56 186 372
22 99 228
60 25 144
75 196 407
61 171 410
75 106 261
57 59 124
75 5 88
86 145 289
54 148 240
55 65 157
51 51 149
23 74 104
30 25 99
77 152 398
40 78 272
81 96 289
52 20 80
72 69 150
51 2 66
83 67 162
58 186 249
56 2 99
74 95 176
62 38 101
56 151 207
76 75 171
64 118 237
26 160 197
88 56 248
10 184 236
14 68 131
23 57 85
18 15 94
44 43 128
40 58 103
1 79 81
70 57 136
38 116 354
44 191 243
10 183 199
65 145 218
50 15 66
76 135 255
15 23 203
42 88 164
69 157 262
40 88 129
69 25 197
7 189 219
34 3 203
86 106 231
42 8 83
100 168 270
74 106 218
23 119 144
80 89 169
47 96 317
37 119 166
71 0 101
42 20 72
24 16 41
22 152 174
49 10 69
27 162 312
26 43 78
26 148 194
42 68 118
46 137 216
49 107 161
46 17 70
59 150 314
76 190 312
40 94 134
97 62 163
71 39 110
90 159 275
44 52 106
94 138 338
90 200 297
90 134 234
95 42 160
12 92 197
35 26 255
3 112 313
46 38 99
27 109 143
8 119 131
82 87 196
89 158 257
37 182 252
41 39 201
6 20 26
76 5 88
46 192 252
66 196 263
78 59 167
83 36 121
16 175 240
86 165 294
34 79 121
54 138 358
31 104 142
65 26 91
60 180 279
64 57 127
27 89 170
91 165 322
87 128 222
68 98 172
88 128 386
25 41 73
29 108 139
36 60 130
10 142 155
39 157 327
46 195 372
80 10 91
49 153 288
55 178 355
59 59 121
25 176 259
97 177 282
70 89 159
55 193 305
87 122 221
29 0 38
82 159 270
86 94 365
69 81 151
90 181 277
47 199 246
51 88 165
90 163 439
32 91 141
11 104 122
99 152 296
52 64 120
24 158 324
4 60 114
44 88 141
83 60 170
96 24 162
47 59 297
78 156 234
65 152 224
80 85 193
94 158 409
77 171 389
26 123 156
96 49 163
85 143 358
22 87 109
100 32 161
82 179 270
74 143 244
78 165 437
97 133 238
65 197 306
64 100 165
14 60 117
88 129 324
86 57 168
91 105 198
17 140 204
82 165 328
27 198 255
18 63 202
88 134 228
66 147 216
4 190 205
41 69 154
10 109 120
5 55 91
17 155 206
100 178 288
91 133 330
80 6 101
40 9 160
45 36 82
53 4 61
6 151 192
20 137 165
84 138 268
49 110 162
38 196 253
100 183 312
30 46 116
48 116 219
58 27 119
52 4 252
33 14 97
8 17 27
45 101 151
4 56 67
73 26 130
36 94 138
6 111 117
77 200 421
21 178 207
68 157 229
36 100 204
72 185 438
48 57 143
8 8 52
59 126 227
59 151 256
3 200 307
95 62 193
93 48 150
74 187 313
26 56 184
65 136 206
20 87 125
33 72 110
49 41 97
59 51 117
24 17 56
25 25 129
99 122 353
6 79 228
44 56 100
58 8 96
16 46 138
92 157 410
73 44 229
41 58 138
61 21 84
96 27 309
66 7 102
65 66 180
54 38 267
65 32 128
99 57 322
56 62 269
23 0 72
69 89 161
16 114 132
6 32 41
8 42 73
32 171 208
8 176 194
6 191 357
6 141 152
89 12 110
30 131 164
57 196 255
87 44 135
42 78 165
13 169 352
85 59 169
72 139 211
32 158 193
36 103 155
50 60 114
70 110 190
19 141 169
21 5 28
50 106 157
13 57 172
67 149 230
64 109 181
92 99 201
27 187 257
12 31 48
44 114 179
38 125 254
56 139 320
3 60 68
80 170 252
92 81 280
32 94 126
79 20 241
24 112 140
53 109 164
33 88 129
72 163 406
56 47 152
87 9 195
62 128 227
29 18 215
97 113 225
4 164 174
50 103 260
70 97 314
56 87 147
44 68 137
97 120 344
54 113 175
16 126 148
14 172 354
91 51 180
1 121 125
69 53 162
85 187 296
20 164 202
95 146 310
89 192 312
11 22 168
14 68 172
72 199 276
54 190 250
87 89 177
14 193 210
99 39 150
23 151 177
37 153 209
43 64 107
10 0 20
64 17 88
46 109 158
50 128 203
86 138 251
57 163 244
9 5 15
63 86 161
82 198 435
92 123 225
75 78 190
8 130 165
24 156 203
46 129 181
47 103 156
74 103 247
74 61 212
27 187 219
20 6 198
43 51 103
56 169 369
36 43 79
92 12 240
4 147 157
2 76 96
63 25 237
100 50 152
58 141 204
43 177 222
59 194 263
53 61 117
77 35 162
21 173 244
76 172 255
62 195 294
20 83 111
46 127 176
76 125 242
53 88 274
8 177 203
31 130 235
39 7 170
44 49 96
41 47 125
60 73 141
20 118 141
37 63 215
50 162 240
43 3 196
10 116 270
84 61 178
14 180 209
6 131 169
68 174 329
14 162 184
8 104 123
23 178 201
16 6 28
33 178 218
58 197 264
84 32 145
21 86 108
63 191 257
73 159 388
75 193 297
86 124 220
74 30 180
7 81 92
49 147 218
97 0 100
93 26 161
56 109 170
68 138 214
93 101 243
87 143 239
12 161 211
53 178 270
23 17 49
26 148 203
86 103 254
15 102 119
84 27 283
21 67 92
99 50 180
82 174 266
5 157 342
98 48 267
91 152 388
88 48 185
38 159 329
76 136 345
57 123 188
52 173 256
5 180 199
1 192 194
46 133 354
41 177 253
69 55 129
37 169 360
68 187 264
99 191 294
45 103 170
30 39 70
16 162 180
41 159 248
61 74 145
96 144 240
81 129 219
50 103 186
58 149 233
3 18 25
97 196 422
78 8 246
58 168 229
87 151 273
99 112 260
27 52 85
88 173 269
57 45 102
27 111 153
31 81 120
1 188 199
34 57 178
96 114 392
8 156 200
36 61 100
14 65 144
97 59 190
6 145 293
2 183 348
96 59 178
98 117 246
51 125 185
96 156 273
70 162 233
8 93 199
16 33 94
26 80 149
8 24 117
46 64 240
56 74 139
94 11 108
4 43 59
83 117 210
96 80 203
1 93 124
24 31 58
100 147 432
77 76 308
58 39 133
74 42 265
83 74 302
64 167 372
79 188 299
42 182 228
16 37 76
49 130 183
70 186 290
13 25 46
73 176 250
42 181 238
1 149 152
7 106 198
65 57 125
80 79 240
16 162 369
7 42 79
10 122 135
30 91 127
60 50 160
97 145 280
26 182 285
22 37 80
84 136 238
54 10 256
43 67 117
15 101 272
92 83 364
56 150 206
74 96 201
18 4 30
15 65 210
47 8 116
4 144 189
79 155 236
65 161 340
24 89 118
82 9 92
41 84 324
2 142 302
43 123 177
