860
56 34 112
47 54 108
21 109 183
4 198 266
1 5 55
87 38 211
57 119 195
5 113 125
23 75 108
50 32 90
71 159 360
12 21 36
19 159 278
61 171 237
98 187 323
62 96 294
76 82 168
96 55 166
55 52 143
28 80 152
4 97 111
2 9 26
52 68 198
10 73 134
22 162 188
59 191 257
64 182 260
71 173 260
22 155 184
46 1 54
75 43 119
11 86 213
9 171 190
95 84 357
61 28 115
55 14 71
85 176 295
15 165 296
22 119 155
56 22 88
91 61 168
58 22 110
35 77 196
80 184 330
46 167 223
81 153 334
26 118 159
74 125 319
28 36 65
89 63 160
56 180 273
17 98 156
47 76 158
2 27 39
44 134 365
57 42 122
24 14 217
11 115 170
63 153 284
68 162 232
9 98 137
41 183 226
58 130 191
4 20 27
45 141 227
36 153 200
50 39 89
11 198 212
51 91 170
11 24 37
46 68 142
60 7 231
60 183 252
73 113 206
35 47 123
73 176 257
81 100 198
70 158 273
14 102 238
4 152 179
78 129 380
75 183 264
6 42 52
4 104 203
66 64 131
46 87 140
64 3 74
51 51 122
22 147 303
8 129 174
99 150 366
14 15 51
12 99 121
66 72 192
93 19 147
59 80 158
8 197 210
19 173 201
78 41 124
88 125 220
26 171 203
90 69 211
14 64 190
21 57 80
56 84 174
14 2 32
100 154 267
43 103 146
5 98 135
72 77 150
99 25 130
63 94 166
64 149 218
70 32 108
55 54 144
4 59 80
31 131 358
3 195 209
91 84 214
96 155 296
92 197 456
78 23 167
61 105 175
28 179 400
37 79 126
60 150 210
26 110 270
67 112 180
11 40 54
20 10 34
12 172 249
59 140 393
78 169 255
36 8 178
64 118 203
97 31 143
19 89 286
4 195 210
60 141 247
40 116 165
46 185 278
83 79 192
85 93 188
88 183 310
75 8 113
55 25 101
88 25 119
27 168 205
34 57 100
1 87 97
34 125 189
61 18 80
38 95 195
12 108 125
25 108 136
19 191 350
85 31 159
91 23 120
94 152 257
36 103 161
91 55 150
23 46 142
61 46 155
29 108 138
60 80 156
5 193 356
88 191 279
57 53 159
22 173 199
67 71 144
25 128 285
10 118 128
86 106 350
1 177 188
30 107 172
63 67 265
96 44 142
59 183 245
91 89 203
23 38 108
38 52 197
49 25 98
28 91 129
5 21 173
19 137 201
73 174 247
92 105 203
32 3 173
82 26 146
29 124 189
67 89 161
1 26 133
16 102 132
5 189 240
50 116 176
2 159 163
53 53 185
42 198 243
10 172 216
96 80 198
37 7 78
34 173 209
49 195 251
6 133 142
95 6 104
34 21 86
67 89 164
74 83 229
78 153 236
55 194 378
55 200 298
88 135 230
88 92 180
6 8 26
15 138 163
37 78 120
60 198 259
27 56 275
7 23 207
29 108 145
11 153 169
17 188 242
16 120 183
92 70 171
19 117 180
33 100 136
44 46 115
25 51 101
25 148 298
18 61 103
80 156 243
75 80 177
98 195 297
59 40 127
1 134 234
46 20 96
84 183 270
84 85 174
5 183 387
11 82 98
97 112 215
64 127 271
85 9 132
63 16 81
91 186 277
68 57 126
63 167 234
75 155 233
79 170 292
77 177 303
67 127 254
6 120 135
37 91 143
85 129 243
74 25 109
2 52 59
3 57 62
81 1 134
78 7 91
39 195 420
87 5 220
88 188 446
67 173 241
70 65 146
48 104 193
63 63 155
33 10 48
52 166 227
24 118 144
93 14 145
96 64 160
67 95 341
95 33 197
29 54 125
30 14 49
68 83 225
24 115 141
41 174 237
80 122 249
59 105 170
15 9 28
9 4 59
36 69 150
85 70 236
5 173 187
20 116 148
87 25 211
73 117 208
81 136 338
94 23 119
48 59 137
44 123 172
30 128 242
68 131 199
18 195 222
25 76 110
8 180 193
26 27 94
49 117 363
39 98 276
2 189 245
93 6 173
72 63 237
90 195 299
94 7 118
23 137 160
25 122 165
22 121 291
97 155 262
55 68 229
85 198 332
93 151 252
73 195 425
46 60 113
96 107 231
29 146 213
55 50 109
95 23 121
46 91 242
34 199 244
59 2 61
98 100 202
38 142 180
43 70 120
85 177 378
31 39 77
25 72 217
19 116 161
72 141 256
73 132 405
12 99 111
24 24 91
29 43 72
88 184 280
68 6 116
54 66 164
49 26 253
4 79 89
73 7 232
66 64 147
35 95 169
32 158 283
39 94 133
59 196 263
95 130 229
4 56 252
46 144 197
98 61 172
21 131 180
84 74 197
73 20 211
66 193 283
54 141 326
73 85 194
41 51 93
11 92 104
2 18 82
21 36 89
16 178 196
94 111 215
82 61 151
82 160 246
60 168 231
4 63 109
15 36 96
31 165 359
99 106 214
47 16 104
27 144 198
70 115 315
11 107 293
48 91 324
28 178 242
77 65 151
1 77 83
91 104 204
51 54 143
75 44 123
18 178 273
69 57 131
16 146 166
47 54 201
34 178 355
8 13 74
64 5 69
16 177 290
56 137 218
38 115 183
91 31 124
84 14 234
100 194 301
10 33 45
50 56 126
18 135 157
76 183 430
60 23 109
68 72 157
71 188 331
8 78 88
10 140 155
67 84 213
61 47 211
68 38 229
66 26 94
32 73 137
44 66 140
21 3 24
43 88 138
19 34 63
72 59 141
42 161 206
16 134 154
62 74 183
42 3 47
50 159 223
29 66 236
41 70 130
42 73 160
21 34 247
84 190 304
67 194 264
94 155 253
65 79 275
37 6 214
42 21 71
35 128 210
63 138 231
72 8 111
25 82 119
22 107 131
7 47 55
92 134 227
94 9 250
90 90 200
9 115 195
15 52 115
82 38 154
74 182 390
35 89 171
79 16 98
39 59 140
9 31 164
11 122 167
62 21 83
25 199 271
61 101 172
70 120 193
66 121 217
51 189 289
88 61 152
93 122 348
65 35 139
60 108 174
2 0 139
42 187 272
63 110 284
58 35 93
3 130 149
27 6 71
6 46 56
7 178 301
36 43 85
18 93 114
13 11 47
6 147 158
57 49 108
73 46 124
11 66 86
31 167 393
51 24 77
70 125 251
60 154 224
60 74 154
28 54 101
37 88 289
86 185 317
43 36 132
26 34 102
58 93 196
72 137 209
93 145 246
38 181 239
48 131 373
12 54 72
94 64 162
21 176 231
53 196 259
88 187 280
78 37 135
98 151 264
100 164 273
92 118 215
73 25 102
73 47 168
3 86 98
50 116 173
65 38 221
81 180 449
71 177 296
9 168 178
55 41 110
51 121 178
96 177 275
59 158 217
95 48 182
97 110 254
73 177 250
71 13 112
88 22 110
25 181 227
89 198 292
65 38 107
99 10 127
71 89 177
76 116 193
13 103 124
85 158 254
25 178 249
41 67 235
45 115 187
29 141 171
36 184 224
61 143 331
50 171 236
80 183 301
13 52 66
87 41 158
79 42 159
50 162 390
13 135 168
63 138 211
94 9 255
67 167 255
66 166 242
39 63 103
10 37 47
47 75 125
86 63 328
64 81 342
3 73 84
89 126 260
16 102 168
58 23 122
4 93 97
90 177 270
84 49 136
5 55 103
59 92 154
60 77 161
18 196 237
9 6 72
36 79 119
71 100 218
61 120 186
80 148 238
3 26 63
43 105 171
27 153 310
11 88 262
33 90 197
33 27 74
15 60 100
70 0 117
64 96 160
14 144 193
88 111 200
4 22 168
68 187 283
67 183 260
74 119 197
71 159 239
39 130 171
64 40 249
50 29 240
81 64 147
69 87 266
32 11 45
61 26 91
43 85 137
40 118 158
14 83 158
67 155 222
40 140 189
25 54 82
68 141 231
90 167 258
65 126 238
65 167 413
26 105 266
34 140 176
55 100 185
21 159 188
76 136 258
56 11 72
91 186 323
24 129 339
56 195 279
68 107 221
100 18 122
24 116 153
50 152 311
19 129 149
44 186 233
95 125 244
96 22 127
3 198 203
68 155 233
76 90 205
15 10 176
37 88 129
65 2 189
80 181 271
99 56 160
4 143 154
63 15 87
29 45 79
55 123 217
22 85 108
100 159 297
15 162 187
64 97 166
61 174 244
100 59 258
27 100 127
33 123 166
80 165 408
21 3 32
31 60 97
25 73 98
16 106 129
82 76 262
40 16 82
56 61 162
90 80 212
81 68 183
66 14 82
68 86 160
39 64 113
91 144 243
16 27 46
92 10 245
88 170 265
65 116 200
5 153 179
86 115 250
23 79 103
41 193 238
78 23 103
68 173 389
90 34 127
64 155 228
54 103 158
4 197 202
2 116 128
15 149 167
85 166 276
26 133 205
81 57 252
38 180 261
71 93 170
91 164 424
4 23 36
74 133 214
5 118 131
23 149 368
92 179 374
24 94 121
93 194 315
35 53 144
63 99 170
87 121 373
69 157 234
54 96 159
82 124 206
84 127 221
34 23 67
93 111 225
29 37 206
92 128 221
48 160 215
15 49 97
46 116 192
45 26 88
37 2 49
77 175 255
27 16 91
61 138 338
61 118 182
27 29 96
95 167 267
44 185 243
25 32 72
71 76 155
74 27 108
48 173 312
20 55 90
40 100 176
78 137 403
10 1 20
12 124 143
4 66 153
66 166 257
43 115 324
25 69 138
24 82 109
41 38 152
94 8 109
50 31 232
11 124 141
53 31 255
93 113 215
10 27 112
80 169 260
97 143 240
49 1 57
5 173 206
67 103 310
95 17 113
36 126 206
48 115 165
25 94 125
78 112 215
54 150 207
92 23 125
30 192 397
69 188 457
61 95 304
26 172 220
76 57 222
38 105 178
41 187 370
93 74 274
60 105 166
45 171 258
10 112 219
24 85 245
1 90 92
80 2 87
81 42 219
38 158 238
21 167 198
41 143 189
55 165 229
78 0 113
68 127 227
48 23 261
100 199 315
7 27 227
4 109 229
11 87 104
67 144 212
9 5 36
10 52 67
3 156 169
18 172 199
30 125 165
76 187 400
42 2 44
36 165 224
48 195 267
61 103 195
44 115 160
62 83 181
2 194 225
88 73 170
92 56 151
61 80 151
47 72 135
93 97 381
90 143 264
39 29 77
36 176 254
9 160 189
68 51 124
42 77 194
46 69 146
85 103 198
18 153 255
15 14 38
75 163 254
23 89 131
62 93 163
44 1 54
94 169 334
64 109 263
29 191 268
56 184 262
35 38 78
88 27 146
30 1 38
59 168 229
76 99 179
31 81 113
26 119 183
74 105 230
68 59 176
65 27 97
54 154 218
96 36 220
52 12 91
24 17 95
59 175 242
20 121 209
31 92 167
78 61 152
50 61 114
19 14 33
83 66 306
61 31 95
2 129 160
26 89 132
66 17 85
96 145 316
31 5 60
25 191 251
15 149 172
76 169 311
20 193 405
83 193 351
51 14 229
22 39 226
68 19 111
95 114 322
48 28 81
24 166 223
89 187 448
55 39 258
13 48 69
9 73 88
57 137 369
11 28 75
94 81 182
38 92 135
64 10 215
62 30 117
17 144 322
3 161 168
84 78 238
34 149 186
56 124 187
6 173 244
13 75 166
40 110 204
23 123 189
17 168 195
64 138 293
28 199 248
11 77 206
95 69 171
54 98 194
47 147 237
71 84 156
77 28 204
51 9 70
72 111 187
89 87 188
52 11 105
42 89 138
29 12 66
31 103 175
