890
84 199 374
64 38 112
56 6 104
41 136 365
52 147 361
37 121 161
70 178 426
99 126 321
24 87 159
44 161 212
51 184 245
85 71 174
50 95 187
56 58 119
20 14 43
52 77 173
86 184 279
24 172 224
24 108 139
89 137 231
52 71 222
92 71 164
46 137 221
55 31 270
97 45 150
77 156 234
91 9 265
22 49 74
59 189 346
38 129 167
43 101 178
62 142 220
17 20 174
57 57 220
17 69 125
36 60 98
9 85 114
88 52 163
6 33 40
28 71 109
97 68 173
12 19 36
40 157 210
18 143 297
17 22 59
4 68 239
14 71 101
44 43 185
39 171 256
76 191 268
16 40 252
77 31 117
89 13 138
18 120 173
36 186 364
85 117 214
10 45 194
29 89 128
62 111 280
12 73 90
54 66 155
92 134 250
68 175 246
37 167 232
13 95 165
43 34 166
21 123 154
32 34 113
89 86 301
71 46 206
72 73 153
73 13 134
71 59 137
48 112 185
69 106 346
22 149 173
10 100 117
100 5 113
51 194 246
60 157 239
61 77 144
30 31 69
56 191 270
12 187 262
7 2 23
19 77 208
80 181 264
26 186 217
17 145 178
8 128 174
6 156 308
6 122 138
75 149 230
12 79 98
55 57 113
41 155 200
43 82 125
3 144 161
100 27 140
44 68 128
41 139 219
99 142 247
5 193 207
48 40 105
89 29 285
29 85 134
99 86 211
19 172 191
97 99 197
34 33 104
42 174 293
10 0 19
93 156 252
11 142 153
56 89 146
99 174 357
30 171 201
37 172 209
75 124 202
90 192 328
84 47 150
1 162 166
61 22 88
39 132 201
46 138 210
27 134 354
90 71 170
52 32 124
88 9 215
28 85 113
32 126 183
51 45 133
71 116 187
89 89 222
76 109 216
9 133 159
32 149 213
44 169 363
11 140 170
99 25 173
51 83 163
97 17 134
41 112 160
20 74 96
16 112 320
96 190 296
35 18 54
4 9 13
19 93 152
51 126 219
54 57 200
46 190 414
33 76 114
86 77 163
64 71 161
48 86 241
100 182 282
56 175 233
45 183 229
11 198 233
92 144 328
77 134 272
20 166 191
47 51 110
26 120 152
14 141 168
98 26 141
68 152 227
46 199 287
26 87 147
1 114 118
6 72 104
33 63 143
75 13 162
41 181 229
35 72 129
91 138 232
28 5 39
23 51 117
59 34 95
92 151 247
61 7 184
8 109 151
61 155 242
95 158 336
70 91 194
74 43 298
37 137 180
95 179 281
37 197 290
58 32 93
40 96 140
74 129 212
56 167 229
62 67 147
85 120 209
21 11 38
40 5 49
37 0 102
85 105 193
49 37 90
32 142 180
40 79 207
25 104 288
21 147 173
86 193 326
77 48 270
21 41 72
16 175 199
51 69 125
51 98 194
54 102 200
8 27 43
61 130 195
8 14 62
94 195 292
44 114 298
67 195 264
66 186 255
51 34 279
47 14 62
59 196 283
2 83 97
38 56 103
2 16 22
69 97 209
60 122 302
7 127 166
80 198 280
27 152 368
30 131 163
99 30 137
39 31 78
85 102 192
83 162 252
53 53 119
77 190 274
43 48 101
52 139 196
35 35 218
94 142 257
97 131 316
58 91 154
48 4 229
88 82 327
27 6 33
3 173 184
8 189 199
77 62 146
42 155 210
40 69 282
24 20 48
50 40 127
27 2 40
27 136 204
20 69 207
49 83 300
96 38 145
8 5 48
17 0 90
89 185 297
80 86 298
2 75 84
36 179 228
60 59 151
99 63 165
85 36 282
9 159 236
61 166 234
90 28 237
26 85 113
58 189 290
92 171 397
9 194 213
57 80 150
20 128 158
14 131 161
50 73 164
17 31 200
36 127 171
73 17 99
27 39 82
7 83 94
96 188 444
85 70 174
20 182 229
49 32 95
73 133 389
81 25 112
79 198 285
53 192 284
7 111 131
42 32 255
48 192 285
62 73 254
30 174 214
76 60 287
66 98 269
37 9 93
80 16 100
56 100 172
65 198 273
51 42 129
84 99 231
81 196 279
36 13 137
96 197 425
2 54 210
96 42 142
9 196 214
72 130 206
5 13 52
69 75 151
76 167 251
93 181 289
75 74 157
38 138 178
96 121 253
80 65 174
28 121 222
57 29 94
68 164 256
47 64 121
13 54 123
4 134 169
26 7 45
78 12 97
80 73 162
24 179 203
91 138 357
86 98 189
47 93 150
33 56 122
93 159 261
37 6 76
40 24 214
83 100 190
31 21 170
27 155 188
61 121 204
90 21 112
94 1 248
12 136 330
76 126 202
97 12 113
19 112 166
77 136 216
77 25 147
37 186 272
10 80 114
48 48 147
6 114 129
75 139 227
32 53 85
97 184 291
28 59 96
11 61 78
46 100 198
30 142 186
92 10 127
17 120 164
99 30 155
11 3 200
44 68 116
21 173 209
94 143 400
68 43 120
6 198 334
94 173 275
88 15 116
58 163 247
33 130 206
48 45 95
59 159 222
58 54 112
92 172 282
6 33 40
8 14 72
20 2 82
83 133 238
68 48 121
42 175 337
21 167 194
38 73 128
57 129 369
96 136 253
77 120 237
7 174 182
4 118 172
26 2 209
28 72 104
86 29 286
79 41 130
100 186 348
24 183 236
43 80 155
23 96 167
64 118 184
27 108 145
41 90 281
17 45 62
90 194 329
76 88 167
90 29 317
76 25 107
93 159 254
21 33 243
90 12 287
57 49 141
61 158 245
47 37 127
59 166 228
63 141 204
3 182 192
22 111 140
82 110 196
79 126 213
70 26 98
9 172 182
4 117 129
97 14 113
23 42 73
80 65 185
51 47 245
51 176 227
60 104 167
25 133 161
93 81 213
67 29 106
33 91 133
18 129 149
28 25 70
69 98 172
90 92 188
55 135 215
20 13 54
28 145 322
2 68 70
93 16 139
58 83 156
85 147 243
52 134 187
17 105 154
4 104 131
89 54 186
95 27 124
8 24 58
22 50 99
69 68 145
93 109 236
18 127 182
74 194 299
6 3 50
97 83 193
62 31 137
39 197 266
49 150 210
94 169 267
58 6 69
88 90 183
13 86 141
48 2 65
54 81 141
52 15 115
8 62 117
52 47 101
80 121 210
66 17 93
92 55 155
63 179 269
57 28 95
81 12 127
25 179 386
8 198 214
81 123 206
63 12 114
64 39 118
88 122 342
25 192 251
46 156 247
53 11 149
5 8 24
3 110 149
98 23 125
62 0 77
22 149 352
56 17 220
77 185 279
52 116 169
87 54 144
42 17 61
38 101 148
63 132 200
79 92 174
39 18 66
29 143 185
70 175 310
62 108 189
73 177 313
55 24 91
48 179 246
80 185 272
77 193 294
46 48 217
52 0 100
13 0 63
69 66 142
71 63 135
65 47 122
62 42 124
16 145 222
52 73 174
97 3 117
71 11 114
42 184 253
12 145 184
90 171 447
17 184 378
84 126 210
5 182 220
42 90 170
77 192 468
50 12 87
51 12 132
94 113 212
25 124 176
4 18 38
82 73 200
80 145 420
44 92 174
86 13 116
66 90 156
16 153 186
61 21 117
35 42 78
7 100 127
42 150 196
92 80 176
73 5 250
1 184 331
43 130 179
36 12 148
1 101 104
64 151 245
41 66 116
98 46 148
44 16 186
39 94 141
28 149 208
75 59 136
47 129 288
86 147 243
99 190 291
85 40 135
4 57 81
72 182 344
16 171 193
61 158 241
99 143 272
74 120 195
72 52 168
15 199 321
33 124 321
91 50 143
74 198 288
64 60 274
50 66 182
12 73 91
47 7 62
22 25 47
63 156 221
90 33 123
82 157 429
82 25 111
52 94 188
50 127 178
35 163 204
7 115 145
5 155 167
9 163 173
56 140 224
77 49 132
79 102 229
21 108 136
19 108 133
24 92 129
67 62 135
26 132 268
41 29 72
89 160 259
40 15 57
61 182 296
42 22 112
45 130 180
82 75 253
43 136 205
93 140 234
47 150 206
24 188 213
60 128 194
27 18 156
36 50 95
91 70 210
37 45 245
83 178 321
93 74 173
38 16 157
54 200 287
11 104 146
36 139 217
34 197 419
29 193 224
5 181 196
52 28 99
11 156 317
23 70 101
12 83 102
42 4 243
8 29 224
94 16 139
74 142 238
10 109 203
43 57 113
45 106 153
59 129 207
72 87 284
49 19 73
14 3 54
60 149 233
22 45 71
99 143 311
69 148 395
70 53 130
10 65 112
13 124 147
92 21 122
4 142 164
83 129 247
84 98 182
90 158 256
1 145 150
73 10 93
98 117 221
45 68 116
91 61 154
75 23 266
46 147 198
19 74 138
53 142 249
43 117 163
35 21 78
45 114 297
93 104 332
31 90 297
68 47 117
95 32 161
63 29 267
47 166 247
89 171 312
83 67 338
57 5 71
54 90 150
41 135 272
47 79 176
78 198 280
93 94 349
8 69 87
55 30 97
64 50 116
95 27 125
97 8 133
1 8 51
38 160 246
81 57 163
84 5 130
34 61 144
21 82 113
56 89 248
66 153 305
18 77 134
84 74 179
26 89 158
21 179 208
68 134 238
98 6 295
84 152 378
84 7 218
34 78 232
80 105 260
41 83 132
97 154 294
98 195 302
18 87 115
13 13 29
19 174 207
85 138 225
78 143 261
62 124 186
51 5 89
3 186 251
18 151 171
39 50 93
51 156 227
64 89 205
61 137 203
74 140 313
14 153 174
48 149 227
27 183 237
46 39 85
95 188 286
63 117 254
5 185 294
99 53 174
23 89 113
64 184 250
35 75 134
74 77 174
86 84 280
20 30 97
51 118 207
92 91 279
72 156 231
62 40 109
21 93 151
34 117 158
24 193 224
84 42 130
28 41 76
56 90 147
64 31 126
26 145 226
75 12 101
43 118 281
64 124 193
58 66 153
96 120 233
94 42 144
43 16 89
75 67 144
73 4 94
30 112 142
17 41 61
46 100 164
63 68 139
64 173 285
55 119 344
47 1 67
86 171 279
62 197 430
88 63 230
84 170 283
13 19 140
60 187 255
27 191 227
51 114 266
61 182 291
57 22 105
52 65 118
14 57 73
77 144 230
67 179 256
17 116 172
43 111 156
47 175 226
3 124 128
93 70 168
38 36 162
42 8 105
84 66 330
74 125 199
23 44 85
100 132 324
28 15 195
91 50 152
63 2 115
48 56 104
81 113 200
8 36 243
29 192 248
58 173 326
49 197 271
97 195 384
22 194 240
40 164 327
92 33 127
99 124 233
6 143 253
15 13 30
72 124 205
44 161 333
81 75 167
73 15 207
16 93 118
28 198 238
72 82 303
32 138 217
94 86 214
21 101 210
34 134 173
74 131 215
52 83 137
44 82 134
45 45 279
92 82 209
62 141 226
2 189 197
97 57 158
62 196 259
70 99 181
26 180 265
96 33 137
2 121 282
88 6 135
79 103 191
84 76 169
36 123 189
26 67 98
27 65 150
38 96 141
17 152 268
69 184 408
76 90 215
41 59 118
98 181 369
70 89 178
81 168 384
56 64 138
86 30 260
40 53 270
76 159 279
4 59 79
7 193 238
92 174 294
3 177 343
78 71 320
40 150 219
26 17 87
99 194 460
99 143 247
100 119 413
29 88 126
7 185 199
99 19 183
66 119 284
78 177 300
71 111 223
95 111 206
91 42 304
49 74 159
56 58 122
43 102 276
35 84 168
46 174 311
25 102 165
75 141 217
25 4 39
14 150 173
36 22 101
59 150 233
1 184 190
100 42 162
46 4 77
83 126 211
57 78 168
77 156 244
96 4 109
25 56 91
41 42 168
93 40 233
1 193 201
60 116 186
71 134 243
3 197 311
10 164 191
84 112 200
61 75 149
55 74 148
98 9 131
98 76 368
20 151 180
72 131 226
7 133 146
73 124 216
80 100 189
83 50 261
98 183 329
43 174 226
2 14 175
99 188 303
