500
38 98 230
67 32 140
62 30 136
76 93 308
61 106 216
71 113 211
16 125 148
80 104 215
56 34 99
79 4 85
48 178 234
19 114 268
16 149 189
99 180 329
90 154 299
13 64 123
27 76 266
98 114 267
29 125 159
25 135 184
95 168 288
22 138 169
13 110 235
98 183 305
15 199 331
79 15 120
99 163 312
37 22 96
5 93 115
31 74 110
50 151 379
43 184 270
16 13 105
1 103 129
9 189 199
72 103 176
67 184 318
13 76 89
31 65 105
35 61 118
20 86 252
33 26 101
93 59 159
58 19 179
97 60 244
82 24 108
75 10 129
82 96 185
29 196 232
39 1 77
36 76 119
57 35 97
32 5 62
57 75 167
42 31 82
98 165 420
10 27 57
68 73 143
31 13 85
24 4 36
63 131 248
35 154 199
97 107 316
43 55 99
38 53 130
20 19 48
45 84 132
41 180 224
63 80 147
51 145 204
40 68 115
87 74 169
94 129 267
1 133 278
17 106 134
59 180 349
45 165 210
92 109 207
29 134 235
43 176 258
6 24 208
12 144 179
97 125 231
92 69 321
12 167 215
81 6 241
36 76 140
56 158 299
42 176 230
51 129 187
75 130 234
66 85 299
63 30 216
55 136 216
4 57 159
58 150 217
11 81 93
30 72 293
55 2 67
62 133 197
90 101 239
66 32 107
84 89 174
3 128 157
50 29 86
29 193 393
29 100 138
21 97 126
82 167 256
7 150 268
40 189 270
33 110 176
46 18 71
88 39 326
63 183 436
8 80 138
91 142 275
43 87 180
88 78 174
51 175 376
12 115 147
41 81 131
16 43 61
60 91 198
19 149 168
74 15 130
13 7 28
57 130 192
43 78 257
35 197 266
27 35 77
37 35 77
21 22 207
68 171 343
42 54 129
29 132 169
57 55 153
98 27 243
45 7 94
62 113 357
86 23 280
6 141 174
43 86 135
33 197 253
82 128 305
16 20 82
32 144 222
62 96 171
75 156 240
95 128 244
39 185 231
64 192 404
97 29 255
43 97 222
26 140 168
64 130 199
32 80 116
20 22 171
6 41 75
58 161 227
62 73 145
63 60 152
50 100 150
95 153 254
36 104 146
35 100 149
11 46 74
42 51 187
9 2 53
57 153 210
27 115 236
64 148 218
77 76 215
96 195 439
34 26 68
61 106 170
50 79 219
26 139 208
11 59 82
8 82 98
68 194 284
35 107 158
100 80 210
66 82 156
97 137 244
38 34 80
82 159 290
61 5 227
12 111 127
5 20 26
64 190 256
34 196 250
54 150 209
6 55 68
61 16 84
3 35 59
86 195 294
18 100 125
76 81 343
69 138 207
40 12 55
24 140 204
57 89 148
49 161 225
71 58 172
2 73 115
6 19 82
86 31 123
24 189 255
65 70 278
73 133 207
17 40 101
67 15 82
13 109 307
12 114 307
43 7 96
61 98 168
50 1 115
78 65 178
82 104 192
67 75 148
89 1 94
39 135 255
17 22 46
39 5 78
36 104 203
73 10 121
49 179 232
64 42 115
21 83 107
43 163 301
60 94 180
55 86 147
77 134 274
27 146 180
92 119 214
90 79 177
86 141 231
88 188 319
66 12 118
41 27 113
51 27 124
17 121 250
88 50 322
9 192 204
10 158 174
2 90 93
2 160 309
71 131 224
46 37 93
5 68 131
52 130 193
94 153 318
63 12 76
77 40 126
76 175 257
52 74 140
59 24 84
45 6 86
22 103 159
24 195 225
36 145 219
3 139 147
47 82 274
61 109 259
47 87 137
89 5 100
91 43 144
78 175 290
63 129 197
41 176 238
43 195 249
98 65 335
49 142 209
66 183 293
77 125 204
87 35 155
89 56 155
99 61 163
34 107 165
59 13 74
45 7 76
27 33 183
88 48 145
85 114 232
99 114 233
68 55 308
4 127 133
73 87 283
41 53 96
50 140 192
81 124 206
90 46 257
59 155 328
63 29 145
62 137 243
73 49 126
97 70 180
5 36 49
11 165 184
75 143 219
67 36 201
63 86 174
60 46 124
58 171 248
93 3 102
89 174 287
64 4 77
88 99 196
4 171 185
4 39 55
24 53 225
43 100 151
57 131 188
93 116 212
87 49 142
9 18 151
12 157 213
29 70 292
11 12 46
91 149 334
26 22 54
64 29 101
93 35 286
45 100 181
97 85 187
2 6 12
39 126 171
93 198 335
89 66 162
4 91 123
22 32 216
48 88 141
52 11 153
34 142 215
32 200 250
78 96 179
39 42 103
37 27 73
12 138 293
16 48 128
45 101 175
19 50 92
78 115 208
74 61 284
42 159 209
38 101 141
95 169 283
8 51 83
11 136 151
82 123 215
45 174 279
12 132 146
70 122 204
99 112 213
52 131 184
62 56 119
68 179 352
48 178 235
13 178 272
55 181 260
4 174 179
48 182 233
35 173 246
58 55 117
46 23 72
58 5 67
61 195 281
80 138 223
43 75 128
66 9 107
78 52 140
75 48 164
25 83 119
97 46 195
87 114 202
32 199 368
1 183 338
14 28 64
80 101 229
13 151 198
51 58 173
49 149 199
41 149 214
96 101 202
89 126 222
80 23 257
70 134 218
20 109 139
43 177 263
47 5 197
89 149 282
99 83 198
79 131 399
86 200 295
75 52 180
76 182 265
87 28 141
42 38 90
57 81 304
27 128 186
100 195 309
82 106 253
43 107 156
80 15 104
7 119 257
18 96 152
31 3 115
33 127 210
94 168 303
45 19 91
97 50 161
14 23 202
16 158 175
54 160 221
87 90 180
97 123 229
50 4 126
49 64 178
51 21 166
49 116 166
4 65 115
11 45 57
20 106 192
93 45 291
19 17 122
49 94 147
45 99 162
5 27 39
84 84 173
4 0 16
90 4 104
30 75 131
47 32 84
20 78 135
54 182 241
66 37 107
19 63 86
92 12 131
92 97 196
95 156 300
37 152 237
63 61 134
8 186 194
6 0 14
82 64 260
28 185 321
80 190 317
8 165 180
81 156 241
5 178 189
83 132 224
62 44 142
18 21 46
49 69 120
87 195 318
30 15 49
21 23 48
17 176 193
45 53 144
36 81 125
81 199 470
44 6 85
7 118 131
48 199 300
13 100 308
68 139 230
32 115 154
20 2 23
46 192 266
5 43 206
75 22 141
22 178 209
72 125 204
29 169 198
50 165 215
51 25 83
61 22 86
20 153 273
79 94 181
36 186 367
1 86 95
49 31 87
60 97 212
28 92 120
83 61 159
95 41 145
76 187 267
62 62 124
26 110 136
8 195 231
31 69 110
82 154 255
90 107 243
2 180 314
70 129 237
14 148 179
10 134 177
84 190 298
68 133 246
