430
9 191 206
6 97 106
41 185 250
23 114 327
3 1 94
22 70 99
11 170 191
89 21 119
54 164 240
99 154 326
33 39 105
10 180 205
35 56 101
53 172 227
62 41 116
5 155 232
3 44 86
40 61 102
5 10 20
91 135 357
3 51 63
75 185 263
80 159 239
48 23 80
25 87 217
29 99 165
93 81 175
57 71 165
6 187 215
68 77 309
66 189 441
86 11 98
17 41 68
98 27 131
77 109 322
67 6 76
92 140 297
20 17 70
57 27 183
63 15 84
51 28 85
88 121 211
3 126 129
28 153 192
38 44 181
54 22 170
15 121 298
51 192 351
64 156 232
54 124 210
84 75 169
69 70 149
15 162 189
25 200 285
29 101 251
52 79 137
31 59 96
33 168 227
95 141 271
17 75 133
100 136 242
3 8 12
40 125 166
1 92 103
47 136 224
18 45 156
84 50 134
27 45 78
8 198 208
45 27 108
45 103 154
97 184 310
22 156 227
71 24 99
1 149 191
24 58 146
85 100 302
98 94 235
13 181 283
33 191 227
50 73 125
55 180 245
2 187 213
58 153 408
80 49 138
100 168 272
4 76 191
27 51 127
20 103 155
87 111 206
62 46 123
94 9 207
89 117 230
52 1 213
50 66 125
37 199 262
27 74 112
20 128 177
8 52 187
60 46 106
65 93 164
90 194 295
26 63 132
68 119 231
43 122 169
51 103 251
53 69 130
15 173 206
58 74 140
77 89 210
15 23 134
22 109 253
12 59 118
16 161 207
45 171 281
26 190 252
39 147 311
35 103 222
20 2 22
41 84 291
92 105 197
75 199 316
2 63 66
71 18 106
88 51 144
66 139 207
38 100 319
79 151 388
22 94 159
7 14 27
15 199 221
74 22 211
76 45 146
11 144 163
68 89 338
60 99 254
88 39 163
58 118 362
89 9 110
18 48 177
50 191 251
44 104 173
19 167 226
45 127 313
66 178 264
34 192 262
61 10 76
61 191 278
29 7 42
3 55 149
33 122 155
55 40 98
74 55 129
74 86 162
74 29 129
49 56 199
26 70 167
78 85 173
35 183 228
47 188 241
81 46 135
61 178 244
41 98 278
86 122 213
99 165 288
21 136 286
83 178 264
37 50 239
20 26 75
1 59 78
53 174 227
20 33 194
79 193 300
81 121 202
97 121 233
81 135 243
12 101 125
30 115 151
86 4 103
72 82 161
88 48 164
51 174 311
13 112 144
99 146 247
91 1 94
22 31 64
60 26 88
52 36 244
68 113 214
48 84 140
63 8 82
60 173 403
99 10 234
17 84 109
10 15 41
77 13 110
50 78 138
22 2 69
77 85 201
12 4 143
26 174 207
27 71 240
21 63 90
16 185 247
20 131 177
31 54 90
58 162 229
67 194 353
18 36 118
40 163 274
62 106 176
36 99 144
54 100 159
95 157 254
72 67 142
17 0 174
86 107 246
4 130 139
33 102 139
39 104 143
39 6 54
65 166 273
54 66 131
5 3 10
72 78 158
36 48 90
18 82 103
37 114 154
22 170 231
47 28 166
93 125 267
87 172 259
64 114 183
36 176 233
3 200 232
49 146 203
71 65 293
30 157 334
38 51 90
4 168 220
63 77 142
9 138 157
62 87 174
49 160 214
25 173 223
51 87 306
38 62 139
21 110 325
51 111 193
43 34 257
70 192 375
98 70 182
33 95 325
36 170 212
4 28 174
53 87 296
97 131 230
63 31 225
51 65 189
54 43 100
23 82 154
21 166 204
77 187 266
27 142 194
18 132 156
61 132 250
84 23 155
6 145 317
71 153 224
42 111 157
82 190 274
70 105 291
25 120 155
89 55 146
1 143 330
11 8 24
50 16 81
73 36 288
76 63 172
98 32 170
90 183 445
53 92 151
92 76 289
14 106 149
51 166 225
26 14 41
47 20 77
94 18 119
7 114 124
32 84 124
88 2 99
66 169 249
34 163 204
80 33 274
84 92 214
23 157 187
15 116 312
60 16 76
66 162 235
11 92 273
51 10 65
60 39 104
15 41 167
8 59 69
5 8 21
32 118 222
9 154 297
1 164 178
30 158 368
44 130 181
85 183 299
20 97 213
26 27 79
51 90 307
45 116 307
18 44 65
77 146 233
35 90 164
40 142 223
100 104 246
7 60 76
82 104 228
13 87 102
74 84 165
10 109 121
45 13 68
50 41 154
81 30 142
44 112 205
22 176 234
56 45 106
98 197 342
25 158 302
58 10 71
75 129 256
97 64 266
90 197 287
77 78 158
26 164 192
87 118 232
24 135 198
75 149 239
76 172 255
39 50 98
67 125 198
28 75 277
34 136 241
44 95 321
24 183 349
72 135 207
86 30 126
95 146 256
68 12 84
34 133 169
22 42 67
23 22 50
62 27 93
90 159 438
91 129 228
44 55 108
84 167 279
16 192 235
28 129 188
48 87 145
3 43 51
59 160 245
71 175 256
81 160 257
64 102 171
66 127 217
73 47 132
18 199 266
7 6 14
16 6 56
69 94 210
74 64 296
16 67 132
79 110 225
84 88 177
71 23 94
73 170 265
51 32 131
76 133 209
66 17 90
15 108 183
81 149 251
31 198 241
35 141 265
59 76 172
53 43 108
5 63 72
89 52 153
51 103 155
13 60 83
39 21 83
24 122 150
25 49 78
21 71 99
98 148 252
32 97 144
41 85 128
2 111 119
75 34 292
96 177 277
54 12 111
1 51 53
11 131 181
35 33 259
9 120 151
93 21 130
88 118 295
80 180 413
10 197 268
71 49 264
16 180 308
28 6 216
17 101 199
55 104 182
19 49 113
70 99 186
24 164 197
13 98 117
72 136 324
10 42 85
77 184 441
9 180 196
35 82 118
62 144 359
24 129 154
7 16 23
