220
78 167 346
64 2 75
91 148 281
8 60 69
96 135 269
10 166 180
2 13 49
79 70 181
87 59 262
22 43 69
33 18 63
69 132 208
60 132 193
5 38 76
22 182 212
16 122 139
59 144 267
57 0 63
40 37 171
18 55 74
56 166 300
96 49 146
16 0 23
72 152 326
34 34 113
39 186 247
3 72 75
70 50 121
43 117 167
27 113 282
62 92 157
24 72 148
36 179 328
38 154 194
94 120 243
27 128 337
13 141 204
22 24 77
78 134 246
90 80 176
74 135 393
93 186 477
19 51 175
36 50 93
75 139 223
26 169 202
45 127 205
70 194 451
39 94 138
53 36 288
49 38 92
94 196 454
10 8 18
66 9 81
38 33 102
96 58 166
39 9 95
11 59 152
48 138 225
56 169 366
1 47 50
75 1 100
58 56 138
80 34 159
93 43 138
71 122 193
53 57 253
64 129 194
3 8 19
32 14 66
19 86 113
48 79 155
88 156 421
48 90 147
18 154 172
78 118 386
12 71 254
42 4 46
9 119 130
12 196 234
11 93 149
52 119 179
57 110 198
40 155 214
11 152 292
61 174 240
87 81 212
62 70 253
15 134 155
25 77 118
89 71 275
59 58 139
69 151 347
83 51 303
99 21 195
6 102 118
30 131 165
57 180 417
97 62 216
34 181 243
6 47 97
97 176 342
3 51 92
14 150 166
8 96 119
40 63 276
24 141 184
20 85 123
31 102 232
76 36 311
8 101 194
26 188 216
9 113 136
19 72 235
47 162 218
94 88 182
21 158 187
14 62 86
89 96 185
10 166 280
92 193 295
98 28 126
77 183 269
73 117 214
74 198 280
71 192 271
18 120 159
100 34 145
90 163 301
7 96 111
93 20 142
27 191 413
31 98 167
84 86 361
37 148 234
12 179 203
92 35 148
68 37 138
66 62 128
25 166 196
22 14 43
37 126 188
11 51 69
14 182 208
95 200 298
68 16 200
80 69 183
54 128 219
12 178 200
31 137 230
7 38 82
5 134 143
85 111 211
12 64 122
61 93 157
2 120 125
54 191 247
26 163 330
48 57 112
98 121 256
87 13 100
24 51 244
11 49 165
41 46 89
68 159 274
100 199 436
83 44 235
36 175 371
25 162 194
19 129 150
53 116 314
32 62 101
32 61 127
64 43 115
11 43 239
85 37 131
98 19 126
76 9 90
57 148 227
29 86 258
65 37 105
1 120 230
89 192 338
48 152 222
21 42 90
84 196 351
28 112 145
90 108 341
5 157 228
13 140 160
11 10 64
48 73 123
63 181 440
58 139 392
16 38 62
46 37 84
27 130 164
20 0 31
77 77 234
7 55 107
69 95 197
18 119 137
76 168 432
47 62 159
90 76 187
85 41 128
97 192 472
21 74 120
1 193 202
27 5 32
74 159 271
75 143 299
28 121 174
90 56 328
46 59 111
29 112 169
28 168 278
67 4 118
73 192 280
45 189 365
