280
7 192 242
83 120 204
86 29 117
1 110 139
13 99 121
56 82 149
18 137 337
88 124 260
91 195 301
29 145 178
33 169 241
83 127 252
46 85 292
97 58 341
19 53 108
41 73 281
49 101 157
38 138 206
6 159 341
95 56 156
67 91 168
23 175 246
41 119 309
76 14 250
40 48 90
68 180 281
42 65 113
35 176 381
76 58 175
28 178 227
92 157 269
74 138 250
20 178 244
4 132 142
88 50 293
22 191 296
28 121 175
100 51 208
36 118 194
72 60 321
93 170 416
17 38 65
67 183 284
85 153 431
22 100 157
77 103 216
31 197 257
18 140 304
96 94 198
16 123 146
1 118 127
30 61 110
37 78 150
95 4 149
33 42 92
99 187 292
7 39 154
89 104 318
3 129 161
39 142 243
26 93 120
98 120 231
2 0 9
38 114 224
71 192 364
24 53 149
3 6 74
28 107 135
43 32 259
22 95 118
3 192 195
37 100 185
91 35 142
85 168 258
23 42 80
19 133 173
99 105 220
91 10 287
75 87 169
69 75 156
38 15 161
77 98 201
48 46 95
87 27 132
23 117 311
20 173 348
84 10 178
26 107 134
14 191 239
89 41 158
83 131 262
8 37 58
82 69 159
29 154 188
25 10 35
50 159 235
59 191 250
53 185 246
82 123 208
73 77 324
48 130 283
60 72 132
59 88 152
79 187 416
34 115 287
96 92 323
86 51 147
25 11 45
60 22 88
89 16 152
78 150 262
88 144 260
88 183 420
52 107 272
84 31 119
64 170 235
56 48 109
2 84 154
3 8 17
73 94 186
92 115 223
89 19 115
40 197 262
77 94 277
26 184 223
22 83 113
11 95 189
69 7 116
16 110 178
80 8 267
20 20 47
67 162 255
36 6 45
57 119 206
14 168 182
78 61 180
94 100 356
75 104 354
81 46 268
1 191 197
8 148 204
58 122 183
98 145 282
1 38 89
69 15 113
52 17 91
68 12 120
100 180 431
70 110 259
1 195 220
67 197 270
39 54 214
85 197 297
53 3 137
58 12 90
6 173 304
25 47 78
10 135 147
36 56 190
73 30 104
32 181 216
38 24 99
41 31 176
72 14 111
66 8 160
79 117 196
96 138 239
64 110 180
8 158 179
34 187 267
57 93 162
31 22 74
32 108 142
65 121 273
43 82 129
92 92 213
39 120 162
58 42 127
92 157 389
66 26 153
31 82 135
52 54 113
80 130 233
11 42 62
78 28 141
65 126 272
79 84 202
81 38 253
65 91 156
49 152 204
16 165 181
42 48 142
62 106 205
64 166 357
65 146 213
26 81 270
22 74 141
99 194 324
87 168 260
68 52 183
64 50 161
93 102 206
90 32 295
99 160 459
92 118 297
94 157 268
75 12 107
15 109 131
25 143 352
32 178 210
68 84 182
4 114 125
57 51 110
5 145 152
72 26 232
68 27 120
36 11 110
56 140 388
99 126 226
92 138 362
50 58 115
96 24 124
26 24 94
7 7 15
69 93 192
93 42 140
2 76 167
95 120 377
37 117 203
16 146 162
72 179 359
29 129 160
51 144 267
72 11 90
86 100 221
5 148 190
55 155 308
73 13 86
27 115 160
8 165 213
96 88 186
14 19 59
90 106 218
4 155 159
83 72 159
97 6 149
36 15 58
98 80 181
72 21 104
85 56 161
35 0 42
17 80 99
95 148 273
34 21 61
17 173 377
16 21 44
6 155 167
70 25 128
91 14 112
94 194 337
51 172 229
77 3 238
26 197 228
32 160 228
11 22 39
15 184 224
28 91 153
68 177 253
33 164 241
56 164 242
30 185 224
38 2 120
40 110 199
68 130 234
83 24 227
32 180 265
24 51 85
68 103 172
79 94 346
54 85 171
