170
100 57 160
29 58 122
28 152 192
73 115 198
21 57 83
40 143 237
29 166 202
45 154 218
81 95 285
49 151 325
52 180 323
55 14 93
48 31 87
100 67 170
36 110 151
54 4 64
99 157 434
4 32 39
61 89 155
1 199 207
10 80 219
7 109 120
17 13 40
4 175 182
94 151 250
19 76 102
68 139 402
87 26 298
19 0 20
90 166 258
4 156 196
25 78 113
62 95 158
97 125 304
37 160 205
12 180 192
43 113 165
9 6 23
85 66 156
59 63 129
55 24 89
2 161 163
29 198 235
98 31 165
2 109 145
66 7 75
38 79 147
42 64 111
17 187 242
64 43 112
34 189 254
73 171 246
84 187 275
44 3 57
53 85 309
100 8 301
16 24 40
97 167 359
43 118 203
35 143 180
61 1 65
62 87 151
5 147 326
25 18 52
31 180 398
99 30 132
13 119 135
70 90 160
25 55 104
42 131 269
40 139 219
55 33 107
42 117 204
10 111 169
23 30 58
18 6 85
14 107 132
23 107 149
80 160 241
93 124 233
14 6 43
12 118 268
89 168 393
29 178 216
15 8 84
59 68 143
78 138 221
97 77 300
24 103 135
48 72 127
9 164 181
72 128 218
24 11 47
56 44 291
91 132 238
22 38 67
43 60 106
73 184 281
5 197 272
71 9 151
56 126 219
6 146 192
21 193 216
61 58 124
99 94 198
12 169 203
66 76 148
89 14 141
69 105 180
98 187 401
39 154 195
27 137 171
56 190 254
66 195 262
73 188 265
83 101 189
38 176 236
91 153 261
9 129 158
98 93 195
49 49 131
85 197 320
52 193 255
18 190 256
54 99 153
78 197 282
11 155 171
20 145 175
84 51 137
75 35 257
61 168 237
11 110 126
42 18 84
86 92 185
3 104 135
35 139 183
67 92 164
94 106 311
25 32 82
15 138 160
51 24 116
47 112 160
49 109 161
99 80 226
58 168 301
34 73 155
80 102 188
33 122 303
44 195 249
27 99 136
65 16 157
86 112 198
78 47 129
11 128 253
26 185 214
36 92 128
85 131 218
70 39 254
51 28 196
95 17 152
88 172 284
84 157 244
37 30 72
6 150 157
70 52 164
45 146 198
6 81 121
78 8 89
65 177 390
44 37 82
