300
25 84 147
65 110 222
6 184 200
50 22 80
6 99 110
47 6 95
35 9 89
68 136 206
29 197 341
42 137 180
63 134 202
4 93 275
41 63 117
78 12 100
51 11 190
100 152 272
87 184 272
44 75 259
52 19 110
67 115 213
2 107 148
100 120 222
62 13 80
39 60 130
75 109 230
40 43 223
60 27 219
13 68 81
26 192 338
37 199 370
48 18 69
64 86 159
76 31 131
89 119 258
15 152 174
54 86 288
62 71 256
100 182 464
81 15 134
12 115 174
50 134 191
97 190 323
32 57 131
15 48 173
66 186 386
1 50 63
51 139 200
71 152 224
79 163 251
64 186 260
46 43 120
54 32 132
9 10 65
25 159 192
46 171 248
12 129 151
46 83 135
100 112 278
11 9 160
78 92 170
58 12 270
9 152 170
31 165 241
77 144 246
64 181 354
45 139 191
55 125 222
86 20 136
97 66 202
39 119 165
78 26 105
2 186 192
16 4 33
19 131 159
29 185 219
56 73 240
61 36 138
35 8 45
55 78 269
34 107 217
7 91 298
19 162 208
4 52 58
11 27 38
29 143 305
70 79 162
51 89 150
66 199 313
49 8 57
71 125 238
48 164 365
5 177 220
57 50 140
6 165 173
54 106 198
27 94 139
51 171 233
95 82 184
6 15 57
20 44 66
73 136 216
97 13 119
36 160 244
14 126 140
82 25 158
70 28 136
38 62 125
100 14 119
78 113 327
41 168 256
1 167 169
19 183 208
78 109 193
28 170 231
49 123 181
66 82 156
16 106 286
57 59 264
52 5 87
46 10 62
76 19 97
19 46 74
61 135 246
28 85 117
93 190 323
63 4 67
30 84 157
76 26 110
82 110 244
96 52 152
40 37 126
64 194 278
53 135 283
47 47 98
68 49 227
12 158 233
30 87 132
84 154 241
27 123 350
17 4 197
63 57 125
70 179 251
98 149 271
52 171 225
11 160 180
62 173 343
90 56 170
12 132 150
18 71 94
83 63 154
75 22 160
98 55 160
20 54 76
96 6 146
42 187 231
52 190 400
96 48 155
72 181 256
42 84 228
24 107 163
55 160 245
70 23 275
85 171 265
53 97 152
44 3 74
66 128 236
41 101 152
2 171 327
4 35 148
17 25 105
14 116 133
21 78 123
60 136 196
57 17 74
66 135 204
23 67 125
96 88 367
44 9 83
42 183 237
63 80 341
2 5 42
88 98 232
80 77 157
7 135 162
27 170 202
4 130 158
2 53 92
70 159 231
6 165 181
95 148 272
19 83 232
72 59 235
12 102 146
69 1 197
57 80 145
75 78 166
87 4 111
87 186 279
21 187 210
59 67 164
96 98 196
5 191 239
33 188 398
80 183 333
46 96 149
51 172 226
56 173 245
15 165 206
56 60 202
95 1 106
16 49 68
40 11 88
87 199 448
43 195 258
32 73 118
98 51 158
4 93 161
29 152 360
51 76 131
83 23 109
92 28 147
61 10 78
82 193 283
66 101 326
87 122 219
61 12 228
79 30 146
98 77 176
55 58 121
24 190 390
59 5 65
3 18 25
61 26 93
22 107 138
84 184 276
10 69 104
3 194 342
25 79 123
45 153 208
73 130 207
68 137 209
89 66 156
46 132 187
67 194 265
17 38 62
21 66 239
58 99 339
88 43 133
41 118 271
98 36 144
62 134 232
12 184 205
67 50 122
20 129 225
10 139 175
70 124 307
81 104 213
37 184 313
65 19 90
61 4 67
95 101 243
85 82 187
33 17 96
65 121 192
59 191 448
86 40 171
36 34 81
79 87 246
73 10 174
72 145 255
99 109 216
7 43 60
34 198 415
96 95 238
36 84 123
31 36 111
10 89 130
56 45 217
20 33 57
12 85 110
22 32 57
92 146 330
90 56 148
71 120 372
70 6 78
65 103 177
61 69 137
75 168 247
16 169 240
61 167 382
87 130 245
27 182 215
28 110 139
31 108 148
30 171 201
71 113 186
62 106 175
2 3 15
90 188 307
52 76 135
