430
95 163 278
79 60 172
25 22 52
44 121 210
25 158 217
3 166 208
1 163 203
7 115 129
94 120 244
26 110 231
43 97 213
33 69 108
50 126 196
28 148 179
59 19 88
55 42 106
18 34 69
27 167 234
51 77 129
77 190 348
28 54 86
96 97 328
89 145 243
4 47 78
39 182 228
5 85 111
30 200 241
80 107 189
95 45 147
35 84 143
30 35 69
60 116 302
88 23 260
94 64 343
9 199 210
73 62 139
69 59 133
68 102 199
29 96 132
84 160 251
95 128 223
24 183 225
26 143 189
30 89 122
8 72 83
64 170 242
21 166 193
99 177 283
99 46 271
73 192 300
96 62 166
35 35 216
10 198 216
87 180 270
37 73 154
14 76 100
7 13 30
85 64 195
14 47 70
85 147 308
32 125 298
33 145 181
42 22 70
11 120 133
58 24 113
5 112 125
87 80 192
86 66 174
37 83 152
64 95 321
60 180 250
83 142 228
40 112 226
100 9 183
49 20 76
73 59 132
5 141 155
5 76 245
11 106 161
5 13 25
48 112 164
47 177 273
7 139 329
24 161 248
53 8 125
26 73 133
64 2 156
87 52 144
88 59 334
12 153 175
76 151 348
89 84 219
56 43 186
82 12 97
59 106 303
17 185 224
52 118 176
34 180 399
59 46 161
16 93 199
86 154 264
37 30 246
29 46 227
57 143 201
42 81 146
76 7 121
61 139 210
13 103 137
30 181 237
33 83 161
100 141 279
90 160 370
4 148 221
66 25 97
88 90 212
60 129 195
36 34 104
98 131 415
96 53 309
6 104 110
34 182 216
91 56 178
90 16 116
12 47 63
32 66 281
34 68 104
87 101 199
52 88 191
58 87 160
73 150 231
58 27 85
76 61 147
8 116 277
55 146 248
1 165 200
73 35 108
93 183 282
99 138 243
100 81 192
70 82 183
8 24 34
38 131 200
1 149 232
96 83 183
80 192 275
20 2 154
75 48 210
39 155 288
59 141 201
7 191 222
50 156 234
96 189 288
9 70 81
27 88 298
16 150 275
20 27 52
58 39 231
63 144 207
89 23 148
75 41 126
29 48 84
61 38 107
60 196 256
29 167 210
19 22 133
86 83 179
73 84 169
85 148 423
95 174 276
1 171 222
51 49 125
45 75 132
15 82 118
89 64 265
54 5 64
9 28 45
57 117 349
96 161 287
12 200 217
9 132 185
24 36 95
15 154 173
91 137 305
53 176 234
91 193 288
71 71 147
34 50 229
18 130 292
72 199 379
86 137 226
44 1 79
52 118 170
69 28 139
61 96 200
12 16 34
67 5 118
86 9 134
9 74 110
100 70 363
100 198 435
18 48 166
67 10 215
76 61 179
15 80 192
20 185 215
84 43 142
24 60 96
40 128 217
67 68 137
21 162 207
84 120 229
2 1 32
12 9 70
96 95 240
33 92 128
89 47 139
42 8 248
9 197 361
44 24 109
71 81 300
44 53 97
51 53 108
57 73 200
95 2 114
16 61 79
32 73 112
20 161 213
89 35 152
31 136 317
14 121 138
87 85 226
61 63 283
6 163 169
54 53 120
34 186 227
87 110 213
73 195 317
37 56 119
81 96 323
47 170 226
53 178 239
89 57 194
68 152 229
88 126 248
28 88 118
30 195 234
21 66 272
78 66 147
47 22 151
99 90 189
34 80 124
37 35 95
27 21 58
63 119 182
73 195 268
40 70 129
67 145 221
2 132 144
56 121 186
98 45 153
2 126 135
76 129 207
60 34 96
16 173 199
25 133 167
10 111 273
82 198 408
15 172 226
32 164 233
24 137 356
78 179 445
29 115 151
84 7 124
11 161 278
62 134 197
79 63 187
31 154 187
24 104 131
60 123 183
21 180 220
16 19 70
21 199 221
52 105 195
32 76 144
27 165 197
28 14 49
61 200 264
76 134 256
8 176 290
1 87 92
31 105 148
84 71 192
8 189 289
66 188 309
5 151 164
97 86 196
76 46 124
59 136 197
41 143 199
29 121 156
46 43 280
6 72 99
52 165 266
58 170 233
19 141 161
8 187 197
82 107 190
1 51 82
88 44 152
60 92 184
34 196 236
9 196 221
70 5 75
40 130 173
51 56 135
8 53 61
74 30 107
18 130 151
25 150 184
17 169 235
63 93 243
7 155 175
77 85 172
5 81 96
92 113 246
65 104 178
87 184 328
40 60 144
40 20 178
73 35 111
100 148 289
63 73 145
24 183 207
22 2 33
90 100 382
37 153 200
4 16 25
85 166 253
85 135 260
93 184 305
75 196 352
63 108 265
48 131 182
27 112 140
15 37 57
49 4 210
84 154 248
63 181 244
4 98 106
25 173 225
75 7 89
53 192 254
97 82 181
98 56 155
18 153 186
5 196 282
20 153 179
31 32 74
61 41 106
76 165 247
71 58 176
25 5 119
94 45 189
53 29 85
20 95 125
7 192 214
96 25 145
36 143 186
18 5 52
71 180 256
2 145 260
14 199 238
79 126 352
86 181 273
14 163 183
58 124 240
64 37 277
96 33 133
76 78 157
97 196 303
48 0 57
99 97 239
16 26 81
96 55 155
37 45 142
20 17 105
16 196 409
68 157 324
93 98 238
2 77 125
78 73 244
18 49 77
93 182 468
73 29 108
40 92 134
87 85 177
55 48 216
55 175 231
4 198 206
97 163 269
19 198 224
53 51 145
74 85 341
42 36 179
27 31 188
92 18 123
99 83 203
48 71 212
69 68 137
75 48 130
82 183 270
11 44 93
78 92 183
8 140 156
71 187 349
11 157 170
71 183 263
2 129 136
50 171 243
39 164 213
89 88 186
84 30 117
60 52 226
48 192 278
58 7 75
28 110 280
32 54 93
64 196 359
58 84 182
35 56 110
