810
33 150 283
40 150 346
26 16 64
67 116 188
9 64 106
47 59 180
54 4 104
25 25 53
23 5 35
82 200 349
33 119 160
11 97 123
68 124 373
61 145 243
66 28 153
16 72 91
75 168 243
16 81 106
70 104 362
35 137 175
62 149 211
86 9 100
73 10 242
33 137 194
97 68 344
97 30 255
15 116 151
36 118 159
19 200 247
21 64 94
30 24 229
18 13 39
67 4 77
75 14 96
84 0 121
53 155 349
30 141 215
92 55 163
62 30 244
40 23 130
35 146 187
80 68 347
63 136 205
23 134 192
26 153 186
83 22 115
23 103 132
87 150 255
44 157 201
42 173 312
43 130 183
57 67 171
4 24 47
75 30 105
92 168 298
19 67 200
96 173 270
40 105 180
78 114 197
16 74 115
65 51 154
50 41 98
13 153 209
54 52 152
71 106 236
68 36 114
66 150 391
2 96 132
51 159 351
34 50 84
96 68 180
52 196 258
73 140 218
67 92 191
20 139 167
94 143 245
6 101 116
88 79 358
83 39 153
42 112 174
83 44 174
52 92 144
63 14 132
36 10 49
2 170 204
2 15 37
85 76 171
73 84 158
91 109 200
54 159 216
6 68 74
38 181 261
82 135 261
31 25 205
12 29 43
44 31 122
68 87 155
85 99 189
21 121 167
49 122 172
23 45 76
73 110 371
53 134 190
63 194 265
95 93 239
97 9 113
37 53 120
80 187 342
4 58 107
21 196 239
31 154 257
47 199 338
59 42 101
79 54 139
99 16 128
33 30 82
96 51 148
8 132 159
5 181 198
61 61 124
100 5 110
93 42 224
69 173 357
33 138 265
17 74 100
45 162 296
18 35 54
80 164 290
86 138 226
27 68 140
70 180 256
8 71 143
5 97 152
91 165 376
30 115 173
53 113 171
39 163 318
69 0 69
89 147 243
22 170 325
45 167 220
50 188 381
32 149 233
19 103 160
51 184 235
38 33 96
17 83 133
37 61 106
32 101 141
22 93 124
81 59 164
1 160 187
13 143 175
6 99 176
38 127 174
2 77 85
61 91 346
9 18 31
84 165 428
30 57 137
84 28 172
55 59 156
2 161 169
29 183 219
94 196 292
20 25 72
16 107 211
79 149 284
73 156 274
74 164 240
25 153 193
57 15 110
86 45 159
78 75 276
81 131 219
42 97 149
28 13 79
29 135 307
86 51 294
5 188 202
87 98 189
77 30 302
88 117 216
26 176 208
12 142 263
76 80 250
38 97 169
98 186 309
25 144 293
32 176 211
66 1 74
8 180 189
95 73 170
52 12 145
5 181 219
36 181 220
18 149 171
19 91 146
81 111 199
86 161 252
44 1 54
74 160 434
35 110 250
63 164 391
99 67 230
76 187 412
78 38 129
46 71 135
99 181 294
27 172 251
83 49 142
3 69 120
4 20 61
47 71 149
91 94 206
2 199 202
21 113 214
6 38 231
21 116 162
13 169 184
96 40 145
89 168 307
78 6 90
49 149 203
29 183 316
8 119 173
70 22 150
68 92 308
62 160 370
9 34 45
10 104 115
42 143 371
79 150 277
1 50 55
49 125 174
62 17 248
68 61 137
31 35 82
82 54 146
79 157 286
60 153 214
10 142 256
22 127 153
83 24 110
74 61 183
44 171 248
1 27 71
81 89 174
21 22 243
76 193 307
14 77 94
48 35 83
9 17 96
34 20 76
11 119 139
100 95 200
91 84 178
30 23 251
66 198 273
15 132 337
38 176 336
58 143 209
27 145 247
78 71 164
83 193 280
12 90 103
25 117 193
81 65 156
59 116 184
85 169 261
42 50 112
69 190 294
41 152 257
34 89 142
14 77 96
51 93 333
25 149 179
73 151 361
65 157 224
49 122 334
48 138 192
43 42 95
40 45 259
100 170 290
87 35 129
81 136 319
65 149 252
13 43 142
60 25 119
92 61 175
93 106 262
62 58 144
12 27 58
73 10 87
7 130 147
49 106 174
43 148 372
80 34 121
49 66 140
54 4 58
86 93 324
78 58 147
74 85 187
38 153 196
86 196 451
14 123 143
12 40 252
72 62 244
94 182 284
38 195 234
31 103 140
71 51 163
54 60 122
47 104 173
16 166 225
97 149 280
28 182 250
86 56 142
86 64 191
60 192 297
80 54 306
63 52 152
51 111 172
6 135 146
90 58 149
52 50 217
83 158 294
72 104 185
73 122 296
94 152 384
65 161 258
27 138 172
22 17 48
52 165 263
18 188 214
10 51 120
43 65 169
23 160 232
62 186 252
75 41 126
98 78 179
100 157 305
85 188 437
85 101 269
92 38 165
60 157 220
1 16 37
11 52 106
48 150 208
15 80 132
62 72 134
66 200 293
57 187 244
54 64 120
1 76 216
20 47 93
60 159 304
50 58 110
14 119 149
9 79 88
28 118 156
64 154 235
37 1 38
16 131 318
15 164 332
78 20 136
33 6 43
17 100 117
37 34 102
4 146 185
69 153 367
57 14 85
24 97 122
58 60 287
9 153 348
4 115 256
81 160 284
53 45 131
93 5 106
95 65 161
25 63 286
88 148 392
73 149 257
19 166 186
87 118 251
59 0 94
99 158 413
38 183 227
100 150 259
39 68 111
81 103 191
27 18 52
7 28 195
44 200 247
68 76 245
51 144 229
76 27 195
23 130 157
11 5 18
79 53 136
1 44 55
70 136 207
5 142 156
87 123 349
32 75 141
9 4 100
31 25 81
2 181 183
83 195 311
47 57 127
37 37 97
14 170 185
71 113 226
61 28 141
53 51 113
98 91 217
48 44 98
87 21 155
4 104 135
96 131 240
35 41 229
49 122 177
11 148 164
85 127 254
93 64 163
69 125 224
39 59 99
67 154 306
69 117 202
55 152 237
35 166 201
57 74 256
24 190 220
20 54 79
5 10 19
53 73 131
67 131 361
65 46 150
92 164 256
82 8 118
54 141 214
96 76 182
28 103 168
61 189 260
1 196 221
50 166 218
48 175 270
84 160 254
57 51 131
74 118 204
72 60 146
2 51 57
13 0 16
39 55 94
64 140 215
26 147 178
66 83 191
37 147 190
51 156 214
79 141 413
13 199 257
66 26 138
31 94 129
66 37 112
24 19 83
22 158 316
52 35 89
38 15 110
44 149 319
82 44 312
23 22 60
24 137 185
30 97 251
51 149 263
81 116 208
43 119 225
32 82 121
3 194 205
4 114 160
7 1 156
42 188 254
24 121 149
41 80 266
87 46 138
3 48 51
47 46 123
87 28 219
21 54 76
50 124 199
96 194 294
69 90 164
97 47 161
56 111 172
23 79 127
34 77 116
96 71 212
52 189 249
26 36 162
55 60 116
2 113 133
69 52 136
19 54 85
18 79 98
20 178 203
6 104 114
33 122 201
13 10 35
20 84 232
88 159 261
22 16 81
28 188 258
14 49 174
18 179 220
53 178 233
38 146 301
11 109 123
40 174 217
34 125 225
95 199 325
50 43 103
74 197 387
34 13 49
31 61 127
47 178 252
97 177 375
50 38 176
22 18 195
5 118 128
3 99 111
48 181 238
39 181 225
58 25 96
50 180 335
44 197 274
94 150 252
37 147 190
21 189 249
28 52 87
71 0 203
9 14 30
9 157 222
63 96 163
97 190 295
47 53 102
35 189 297
34 167 361
24 189 260
56 183 439
31 190 270
44 62 170
6 28 209
33 9 166
61 165 234
61 124 194
77 14 93
55 16 85
8 200 214
31 32 101
96 199 312
95 104 223
6 114 161
66 146 279
28 56 91
17 15 45
39 10 117
41 72 134
37 33 80
73 78 154
92 148 248
47 132 238
7 146 157
19 29 52
53 187 253
72 1 123
97 148 254
10 52 64
43 74 118
20 17 94
100 114 352
12 98 284
26 150 179
78 152 240
84 130 226
66 74 152
57 34 97
9 17 32
84 126 215
21 5 36
48 144 365
58 73 276
50 150 272
69 55 160
5 65 139
26 27 235
11 115 133
72 155 228
54 90 153
16 65 120
67 49 126
10 139 256
77 18 110
62 60 212
22 172 202
35 4 45
1 19 28
21 167 192
65 111 179
67 68 135
39 169 398
58 108 171
9 181 191
99 67 200
65 40 210
31 104 302
82 59 187
38 146 258
98 26 128
8 135 212
21 113 182
76 9 86
69 27 128
94 38 238
47 102 201
36 70 135
64 7 77
50 137 215
50 92 142
66 26 204
2 175 182
49 25 111
43 75 136
12 71 90
5 34 48
39 64 111
86 17 276
8 41 55
40 200 258
88 10 228
72 91 176
4 147 162
64 175 246
35 166 247
56 34 91
12 40 56
46 186 320
81 113 197
61 12 98
26 69 95
28 91 159
32 113 145
63 79 163
31 153 197
54 199 444
39 168 217
19 44 74
90 121 218
41 7 58
77 100 179
22 156 191
54 104 182
57 192 272
88 28 188
43 149 350
77 3 86
5 191 199
22 61 160
75 47 123
73 114 190
95 139 244
19 43 107
58 146 246
69 44 271
74 87 170
66 52 125
46 81 191
61 73 138
47 15 65
7 128 156
69 30 280
45 5 118
34 144 182
33 137 217
4 178 283
79 146 235
36 162 204
56 2 96
50 10 60
91 10 275
71 57 128
99 67 216
87 154 250
79 48 130
89 162 258
20 140 163
24 114 186
62 137 208
66 55 153
73 64 139
36 28 95
77 188 292
67 25 134
88 108 199
62 65 127
10 50 240
70 172 271
25 112 162
78 35 129
84 111 239
24 46 102
61 155 222
9 37 49
33 195 265
55 32 120
82 7 97
12 182 238
78 32 155
58 169 266
46 32 108
69 197 365
24 190 223
17 40 65
64 43 122
65 66 288
42 87 178
67 45 117
17 50 80
58 189 426
33 89 262
11 139 158
43 188 275
45 21 207
34 63 297
5 173 185
82 99 350
83 90 179
14 130 149
82 116 236
61 37 139
36 149 188
6 33 46
15 73 130
17 116 140
66 132 229
89 140 260
45 145 193
41 81 124
34 153 361
32 129 164
51 175 234
75 71 169
73 46 265
11 71 91
44 110 271
36 1 38
60 61 126
90 79 218
38 93 133
57 108 218
11 157 174
78 12 211
92 23 118
38 14 56
72 80 180
38 0 42
62 0 72
7 128 142
74 116 191
63 164 231
19 127 160
36 33 77
50 85 207
64 34 108
45 34 275
52 83 196
93 55 153
98 39 298
9 142 153
63 108 347
90 72 283
24 152 202
43 136 180
76 118 222
78 180 259
51 78 150
25 68 93
40 58 124
26 117 147
29 89 152
98 94 195
65 79 145
79 13 96
4 104 128
74 48 157
20 141 198
40 62 102
29 20 108
79 55 153
2 40 49
90 102 192
19 166 307
90 109 224
12 195 219
32 159 215
19 174 321
32 108 158
48 36 86
13 178 191
63 159 224
54 76 176
80 12 95
