630
74 2 82
100 85 298
56 196 414
23 142 280
38 36 76
61 79 149
44 24 117
62 104 167
46 153 244
31 176 212
71 123 288
38 187 234
24 50 117
40 126 231
49 14 65
20 72 131
45 121 173
61 102 163
57 2 62
28 144 179
98 161 264
64 168 239
27 158 185
2 179 187
75 113 375
29 153 327
98 87 199
13 41 216
36 36 72
57 59 257
7 172 189
46 10 162
65 84 149
55 123 181
40 100 176
85 135 227
97 83 183
59 46 234
66 86 293
89 180 313
29 173 207
50 97 156
2 131 293
93 189 324
99 2 109
15 57 152
28 86 174
24 12 83
37 135 172
43 71 124
61 15 119
81 187 269
47 4 100
94 33 166
55 15 102
64 44 157
69 88 164
52 105 177
92 17 148
45 46 266
92 195 295
30 192 271
68 200 269
35 35 78
84 154 248
59 170 233
63 130 322
87 121 240
48 197 329
50 149 202
58 10 121
32 37 143
21 135 180
49 165 221
17 36 65
37 109 187
1 0 67
36 2 77
9 40 58
6 109 290
45 41 120
70 191 378
38 82 152
82 161 290
1 85 104
65 46 139
10 21 78
34 149 183
92 1 173
67 104 173
72 115 191
34 11 61
67 129 206
92 71 261
54 105 190
74 57 139
22 18 62
25 99 127
22 28 55
89 172 262
96 77 245
55 45 174
1 174 179
59 167 239
74 151 246
35 35 95
22 190 258
32 170 328
84 90 281
40 41 244
64 15 84
58 141 205
64 20 259
83 182 267
17 25 66
79 159 244
21 128 173
28 5 35
76 190 291
89 2 101
61 129 223
72 32 148
80 50 157
94 61 158
86 83 172
37 10 90
89 13 128
24 109 235
50 170 255
1 16 24
92 188 310
100 107 214
36 148 186
98 183 286
94 157 378
19 116 224
24 60 96
47 94 143
62 148 215
35 199 238
91 41 140
30 90 124
49 22 82
87 160 295
53 45 105
54 41 103
57 186 250
92 26 238
13 97 139
92 127 374
58 4 64
36 135 188
64 159 240
38 14 56
58 5 110
7 65 239
75 186 269
23 151 216
45 176 260
63 106 174
21 167 339
100 169 273
95 120 220
77 140 407
40 57 101
69 152 265
1 14 15
69 16 96
12 6 54
68 51 123
1 119 136
26 27 57
84 167 362
77 159 242
22 132 162
37 45 84
60 143 221
46 166 252
94 76 225
52 167 244
71 32 114
76 134 232
71 55 172
4 14 27
60 74 149
48 13 64
77 17 139
85 200 295
83 117 202
8 51 255
9 66 79
51 173 232
91 167 258
11 179 193
72 90 272
13 176 215
80 151 330
95 85 185
73 91 172
32 120 296
8 172 180
95 158 258
51 183 242
41 60 127
79 181 378
97 161 259
88 12 160
44 12 59
19 140 167
18 123 189
29 100 224
54 90 150
85 137 227
98 179 300
1 183 219
86 28 117
100 41 144
3 87 107
32 149 228
34 198 235
92 167 451
68 198 267
14 59 84
88 196 314
86 191 282
49 183 276
28 37 69
40 106 189
64 132 198
96 99 347
33 129 179
45 87 132
62 15 202
64 68 142
65 115 316
73 21 134
72 30 130
78 137 220
28 105 174
63 17 111
60 144 354
15 32 63
40 22 68
15 143 332
77 108 187
77 151 237
99 134 234
40 21 67
75 129 219
49 19 71
22 165 193
65 33 99
49 78 164
11 0 81
37 167 242
5 102 165
10 143 159
62 68 131
25 168 314
100 52 211
95 88 339
56 5 71
16 55 72
42 41 120
99 142 259
53 92 176
8 165 222
35 124 173
89 165 263
64 145 262
25 7 52
51 57 117
28 75 109
62 178 252
6 7 22
90 54 337
79 140 256
56 68 134
9 185 199
29 86 122
46 140 192
65 147 221
52 186 245
13 105 164
36 53 102
68 131 208
53 162 373
10 189 335
96 87 191
98 38 203
72 64 140
71 198 269
45 188 238
42 14 103
25 164 201
93 195 298
98 38 151
6 26 37
9 15 34
52 1 111
100 60 201
5 45 59
5 80 88
8 22 102
49 55 237
82 184 305
92 7 108
41 83 218
34 125 165
22 146 176
81 196 351
81 118 203
100 150 262
39 35 76
21 70 92
87 74 193
39 100 211
95 33 192
89 73 169
90 131 293
5 10 16
51 145 369
77 116 213
8 55 69
39 119 345
91 79 179
64 121 188
58 12 110
37 148 238
74 37 170
49 77 234
53 94 318
15 96 113
100 182 283
3 200 212
78 174 253
60 179 279
79 107 220
75 81 200
9 58 206
99 156 259
51 58 180
28 33 71
48 154 252
99 171 442
50 101 179
58 67 132
96 72 233
68 47 151
44 49 100
86 122 286
74 22 103
36 127 164
68 102 189
66 65 316
92 180 280
98 32 141
46 176 224
95 75 222
56 69 134
18 197 219
13 189 271
85 133 253
77 192 279
9 48 62
72 101 180
95 104 202
45 168 220
27 85 121
6 120 127
15 175 201
19 53 161
98 129 331
23 32 88
86 66 196
27 122 220
55 4 104
17 71 167
100 21 131
32 53 220
78 146 391
73 126 237
30 124 189
71 190 266
45 6 53
74 104 372
59 64 260
24 182 223
3 92 120
79 115 361
10 79 277
7 75 91
91 57 158
21 135 163
98 160 277
17 102 143
45 172 247
10 179 330
61 186 424
90 117 235
40 181 223
60 60 170
32 90 281
16 16 103
62 44 283
92 146 363
63 132 199
35 152 202
35 190 233
36 160 267
38 180 220
5 49 102
93 55 149
36 13 92
87 66 154
41 130 175
44 17 85
46 164 210
94 132 259
39 44 93
93 166 367
73 172 253
69 177 333
95 130 317
80 86 185
17 170 228
59 139 201
90 101 296
21 115 276
73 8 90
45 158 400
58 93 199
75 10 117
4 8 120
88 82 236
60 141 206
47 131 178
37 12 50
54 170 251
31 119 157
88 93 195
13 153 173
88 127 229
37 29 97
79 66 145
40 108 158
35 179 237
47 102 158
5 39 237
79 0 87
87 82 176
12 126 162
39 54 94
85 13 137
81 14 96
49 48 108
34 143 177
93 182 397
27 161 237
55 129 188
62 103 210
27 171 337
28 92 249
1 142 191
66 128 207
8 43 55
10 94 104
79 176 269
70 168 266
20 43 65
86 198 288
2 191 248
78 150 234
28 111 284
48 120 218
65 80 195
73 191 279
36 9 83
5 112 119
66 189 261
50 124 176
59 107 167
90 155 248
81 183 314
52 79 154
77 144 317
4 122 226
69 15 92
99 96 288
79 193 348
87 123 218
57 28 89
71 137 246
42 80 182
2 144 147
55 182 374
85 68 320
56 184 244
69 138 264
81 52 140
52 105 188
20 30 86
91 28 180
58 64 128
81 133 262
58 162 241
46 126 181
5 89 257
27 135 164
29 174 212
3 28 33
29 104 161
34 138 202
69 187 403
59 73 167
47 54 222
14 78 122
19 169 254
89 157 433
27 125 187
72 43 132
69 56 155
94 100 336
20 103 131
79 125 214
40 52 95
78 100 201
40 186 263
49 166 217
69 185 407
30 192 229
72 10 92
19 27 51
95 2 269
25 45 73
13 85 297
1 7 15
8 139 173
56 192 282
23 35 128
28 137 170
9 167 209
81 130 282
90 175 387
21 116 147
72 137 253
83 66 198
72 101 176
42 47 134
17 57 103
68 148 262
8 197 209
39 129 210
47 183 413
94 58 300
52 42 100
38 195 243
55 57 117
21 113 226
18 100 182
27 167 203
8 23 201
24 88 122
95 84 186
84 192 358
39 0 75
27 28 64
45 75 120
81 183 313
59 63 158
93 90 202
22 99 257
43 134 362
26 45 82
77 67 144
29 45 92
77 199 285
74 186 422
50 23 107
12 83 103
6 11 88
1 11 14
24 123 207
69 189 376
95 122 226
47 46 98
68 12 87
32 92 131
57 23 86
71 83 159
19 106 131
19 58 81
72 101 269
94 21 140
69 43 129
29 118 263
56 128 187
88 174 263
56 148 252
37 153 192
49 171 230
90 197 294
54 58 119
17 136 299
96 175 443
80 19 264
53 173 233
27 30 68
5 104 113
78 99 187
64 154 240
47 102 189
55 163 228
73 157 428
90 23 126
59 77 184
40 76 126
86 135 237
55 59 152
5 81 87
79 49 157
79 52 299
30 26 57
89 169 268
51 127 178
91 11 129
32 126 185
71 21 125
48 85 304
58 17 108
