640
54 39 93
8 171 330
18 170 279
89 89 182
68 89 166
21 167 238
78 64 321
20 93 119
47 193 424
51 29 81
43 165 211
59 86 182
31 188 357
4 28 36
7 119 180
49 61 267
95 183 288
23 102 155
74 157 241
44 29 83
18 119 139
27 183 226
33 162 229
63 147 214
2 109 154
59 78 140
54 49 176
33 103 262
13 46 64
11 158 355
78 104 228
86 14 138
96 167 271
62 67 136
3 169 182
81 143 232
52 141 233
70 11 179
56 94 182
2 62 72
61 124 219
99 24 151
69 49 120
63 5 91
34 155 197
11 154 206
96 141 253
26 67 126
24 194 220
34 24 58
25 145 214
92 180 303
91 67 162
27 161 193
64 153 220
54 69 128
10 50 80
85 76 170
85 68 161
51 35 86
73 141 223
51 134 340
3 89 242
70 139 246
35 187 243
41 19 62
28 108 318
63 73 144
25 139 205
46 25 73
42 186 228
75 44 120
16 80 192
87 124 263
66 155 258
53 156 240
26 34 67
6 144 241
50 101 169
91 67 285
5 100 178
11 104 257
8 163 171
10 112 132
59 172 277
43 160 234
5 58 66
99 61 181
14 90 241
23 159 185
100 121 261
28 77 106
18 1 30
4 46 94
43 76 122
54 151 242
66 126 199
29 173 207
14 179 214
25 20 45
85 32 117
32 143 206
83 83 199
42 76 153
97 145 246
90 19 208
33 81 117
21 30 107
97 149 411
53 141 208
77 93 244
16 28 85
92 89 185
58 3 71
2 196 204
77 150 247
46 144 213
55 6 129
74 79 352
6 49 55
50 146 221
90 161 251
28 27 190
24 160 192
100 161 301
24 27 67
81 8 271
38 59 104
67 144 244
43 108 165
72 177 285
97 80 196
24 54 108
8 32 50
40 68 300
34 111 167
76 13 98
85 32 233
81 172 260
34 83 160
7 185 207
66 19 126
92 123 221
19 153 215
7 110 121
98 15 222
96 175 274
14 80 97
11 11 26
72 115 193
22 44 73
21 159 184
43 107 298
2 95 133
27 83 120
42 67 111
35 182 230
6 0 87
32 130 198
99 175 333
50 105 163
53 22 88
69 27 98
36 49 233
51 171 259
37 85 260
68 101 179
12 131 151
7 193 267
100 146 252
100 148 281
55 101 255
72 112 215
93 70 172
16 160 192
93 178 275
95 190 285
52 20 115
59 56 124
53 153 214
13 104 313
20 61 81
35 74 122
36 91 146
28 25 197
47 90 160
64 136 241
22 193 250
54 10 86
81 20 105
96 63 159
11 137 177
38 172 217
80 11 107
54 26 122
88 138 404
51 35 106
46 123 193
7 141 188
24 26 249
78 16 284
69 106 296
4 128 142
29 164 235
22 33 93
44 67 119
22 76 137
35 45 82
37 172 239
36 73 139
11 95 155
29 157 231
21 49 72
22 101 152
51 40 142
60 194 254
3 89 101
19 66 85
22 92 117
7 96 109
22 79 110
1 135 182
71 84 155
25 67 99
23 38 124
100 78 185
36 33 161
74 41 161
63 10 107
14 18 79
57 134 194
97 116 217
51 44 96
9 155 205
45 118 168
56 109 166
75 19 95
9 170 272
11 46 182
24 197 360
34 39 75
58 96 157
3 117 262
70 195 362
95 128 300
85 139 314
89 165 274
5 36 161
68 12 109
47 107 188
51 180 248
95 197 338
43 6 59
11 157 174
63 154 222
38 37 112
44 97 147
70 137 376
88 80 175
3 121 131
1 45 66
17 52 78
58 188 251
65 66 230
78 23 232
16 39 147
72 82 201
65 51 204
64 105 350
28 107 302
58 165 265
83 128 261
1 83 87
34 181 241
3 104 124
92 55 156
27 184 312
57 28 156
8 12 29
46 189 257
92 27 122
58 148 362
61 63 230
13 197 245
15 74 255
76 68 262
42 28 105
2 134 289
87 130 259
90 63 277
18 57 77
86 147 236
9 89 107
67 13 81
69 172 290
35 33 68
27 199 242
95 33 135
100 134 242
40 165 210
55 119 179
48 187 318
22 173 239
21 113 154
33 109 259
28 103 136
74 151 226
10 35 193
39 181 225
44 169 221
68 99 168
26 64 284
57 117 179
58 187 403
28 128 161
91 157 297
11 119 132
24 108 150
98 45 175
50 17 92
18 10 36
60 163 232
49 151 210
47 142 195
81 30 121
39 199 246
15 62 100
100 152 259
33 31 68
41 144 199
60 48 117
40 77 164
81 200 285
100 34 152
40 179 220
56 168 261
40 36 190
44 176 344
1 30 124
56 162 253
29 178 228
66 23 101
5 32 194
90 183 274
22 186 210
29 91 223
37 97 138
17 54 251
21 150 171
45 50 289
9 198 305
78 74 176
29 22 54
22 132 160
70 118 191
73 2 101
88 39 133
10 70 116
42 131 176
84 90 348
57 11 74
37 123 171
32 127 168
63 57 143
36 51 126
41 37 85
31 64 116
63 22 122
39 32 73
23 13 38
91 145 335
97 33 130
2 122 135
69 15 106
13 187 201
38 63 111
98 93 227
47 166 305
97 40 138
49 188 239
4 50 60
12 72 128
44 28 142
76 115 194
77 20 122
27 68 113
27 47 93
45 103 154
49 162 382
2 51 87
61 77 214
22 163 185
76 41 117
1 15 21
44 12 147
57 154 384
96 99 230
37 127 210
76 26 111
71 58 136
84 170 261
45 119 168
79 72 155
21 140 308
51 179 315
58 80 185
80 22 107
44 16 76
39 68 148
97 164 307
33 67 157
9 96 259
31 105 148
83 114 346
4 91 132
57 20 84
12 6 23
3 193 196
78 38 149
40 54 117
16 133 168
62 169 361
37 10 144
16 138 201
94 37 214
66 17 133
29 18 77
40 187 328
74 14 97
89 188 297
89 175 271
45 98 163
82 89 221
95 138 285
63 101 168
81 190 276
5 70 232
65 176 249
98 177 275
7 185 196
88 61 154
30 20 80
37 95 327
89 81 175
63 69 137
75 92 204
31 134 173
58 200 450
39 24 76
22 175 275
97 147 274
82 174 280
17 8 31
69 82 154
9 159 194
28 41 264
6 119 172
75 74 152
57 145 204
80 107 319
22 140 164
30 149 222
73 74 152
7 179 287
24 146 226
13 28 191
95 70 168
93 101 241
87 58 170
32 14 96
72 182 257
20 160 184
40 31 77
59 132 345
5 190 236
46 140 314
19 65 87
33 173 270
48 153 245
98 173 336
7 108 150
22 18 84
75 20 120
66 148 229
95 136 240
29 123 216
85 87 265
54 28 83
18 87 266
46 113 166
25 172 225
94 161 264
92 52 178
81 151 262
89 196 335
51 106 160
74 136 215
83 63 322
93 14 140
87 79 207
54 151 208
62 17 120
67 151 372
79 30 117
26 130 162
65 62 137
6 174 187
22 177 229
64 89 264
31 103 149
55 76 131
97 48 146
66 74 144
49 55 112
21 139 200
94 118 212
68 1 74
86 144 260
69 120 197
84 74 168
28 179 235
5 20 34
33 55 180
31 198 370
60 108 172
59 82 160
96 58 186
7 64 261
3 80 85
17 188 211
92 146 247
15 77 98
21 183 356
93 40 137
15 196 238
15 141 205
1 36 115
67 53 124
58 57 128
39 173 219
63 97 165
68 193 352
59 85 144
60 14 74
96 196 339
92 195 287
91 150 245
46 74 121
68 95 349
29 113 142
32 195 241
25 96 146
3 185 329
57 87 252
90 184 360
20 193 223
19 175 223
74 151 299
92 25 285
67 158 234
17 25 87
29 146 320
16 3 29
99 111 248
65 104 207
69 62 219
36 4 238
6 136 179
73 185 388
8 156 227
64 137 207
22 156 215
24 133 355
4 66 200
87 103 196
9 187 199
54 31 266
23 60 84
89 132 223
17 200 266
44 177 223
15 187 212
90 64 169
60 52 277
50 81 278
87 15 111
38 10 48
40 48 288
18 96 117
45 25 200
60 17 83
88 156 337
46 0 52
44 27 72
85 128 222
98 121 368
58 85 163
57 193 376
99 175 282
99 114 213
7 62 107
4 183 261
62 5 113
81 151 267
63 188 415
79 189 275
26 62 258
15 177 218
58 174 237
16 122 270
20 3 33
59 194 402
56 72 231
76 152 372
61 180 267
41 94 140
84 114 212
94 186 287
17 91 112
29 171 227
93 37 180
20 92 121
5 141 198
61 166 263
61 158 223
51 68 246
27 92 119
15 163 183
37 37 79
17 50 108
15 34 235
71 183 280
79 120 351
93 152 245
29 28 63
81 93 176
77 67 146
14 107 131
75 23 146
82 13 103
