290
40 182 298
28 148 252
7 185 248
13 21 38
55 19 118
71 57 174
83 0 87
13 61 90
99 62 171
12 70 87
21 52 101
78 105 190
32 1 94
46 105 175
5 79 207
41 69 299
88 69 232
57 49 111
10 46 145
97 36 138
49 60 109
73 65 138
35 54 249
42 48 178
57 61 133
92 37 133
54 106 170
40 170 251
49 182 332
35 112 166
89 49 155
65 192 265
15 10 225
53 94 181
48 3 66
14 111 310
18 109 222
43 38 152
42 102 193
83 39 126
40 40 84
24 142 189
98 158 262
44 189 235
64 50 118
42 84 135
15 5 212
6 21 32
55 16 75
40 22 72
89 78 201
42 82 126
38 143 211
63 182 257
54 107 241
54 33 124
43 94 144
42 157 203
83 152 423
55 33 111
93 22 156
58 117 358
93 127 220
5 88 129
38 37 81
74 165 274
4 58 102
73 92 179
63 73 137
58 188 249
63 12 93
83 35 164
63 55 141
61 117 271
4 196 235
71 21 100
11 126 144
39 139 323
99 75 181
56 6 64
37 69 112
48 22 145
50 60 130
64 35 103
79 72 176
45 168 244
47 153 200
38 139 203
55 23 84
48 168 261
21 133 203
38 79 271
67 49 134
15 5 61
99 120 227
86 163 435
85 121 358
4 8 48
99 125 231
47 102 151
54 29 84
72 98 173
34 176 217
13 110 278
69 138 210
9 168 187
88 167 265
100 0 125
20 88 134
31 60 131
69 111 265
63 121 237
47 81 129
58 148 212
60 58 226
14 37 91
12 39 55
60 96 185
100 33 140
35 185 226
6 126 291
85 82 202
38 93 140
34 186 262
85 61 154
93 151 393
56 169 364
52 158 338
6 160 174
13 190 218
55 103 204
69 83 183
48 19 245
31 113 151
4 117 155
46 71 218
86 177 269
21 11 50
15 146 192
21 126 288
47 75 167
66 16 87
63 50 150
63 170 256
80 47 151
66 143 214
37 143 258
53 115 176
36 138 176
91 62 202
63 40 146
75 198 276
16 0 167
25 66 247
77 18 148
6 110 150
11 39 66
54 95 156
45 110 193
37 64 107
75 36 230
24 149 175
23 74 100
40 88 133
54 36 93
52 50 129
4 50 55
92 148 319
25 109 141
86 8 250
79 1 88
84 125 212
50 163 236
90 72 168
28 147 221
80 53 162
38 192 232
1 109 116
15 72 142
19 117 146
21 124 161
36 187 255
92 90 351
86 130 277
15 50 90
35 49 130
38 54 97
42 66 137
77 159 242
56 89 253
30 36 68
55 79 141
70 74 207
50 174 371
50 123 274
7 142 347
17 84 130
24 102 294
7 49 85
5 194 207
72 59 293
92 69 167
76 66 146
71 28 109
30 8 43
35 93 306
15 75 97
25 111 315
45 152 220
83 118 211
3 58 199
96 29 134
27 84 272
58 95 160
96 116 247
77 93 187
55 61 120
98 171 306
92 147 376
3 98 101
18 29 130
16 133 151
86 170 259
8 137 204
29 130 185
75 157 242
11 32 84
68 134 204
50 192 440
67 36 153
79 36 119
30 18 50
87 107 195
39 130 327
70 177 392
33 139 215
75 12 97
83 36 121
88 42 263
10 163 200
53 173 314
49 142 386
97 194 301
24 131 332
7 45 58
94 83 286
36 99 135
84 158 243
70 6 125
46 90 259
35 106 191
29 30 62
42 188 230
27 56 266
12 110 132
92 85 221
86 63 185
61 66 160
39 56 105
93 100 280
1 197 301
94 135 244
13 107 131
9 128 166
34 136 214
69 132 214
65 55 157
34 133 198
93 185 447
90 89 179
25 27 136
57 20 79
67 150 223
66 178 275
68 155 226
43 163 249
29 129 346
92 1 98
32 20 58
80 174 254
90 113 246
83 4 97
62 159 406
58 12 100
8 173 195
6 53 184
98 141 279
22 126 170
79 53 289
90 113 248
