840
14 86 190
51 35 98
49 19 72
96 50 242
14 137 155
32 53 86
45 152 203
59 89 154
77 140 362
32 48 228
43 56 165
82 49 137
53 123 214
14 149 180
30 18 59
71 12 90
12 32 56
26 150 311
21 85 137
99 83 207
85 192 468
48 92 153
78 104 217
25 110 333
21 119 186
52 175 256
16 12 36
55 135 259
10 107 280
53 117 174
3 141 173
78 23 135
57 101 325
87 33 162
69 172 404
38 94 168
50 126 180
50 119 327
66 90 183
3 104 146
3 104 146
67 121 196
13 88 106
80 78 191
11 171 281
50 119 234
1 71 174
73 162 253
76 12 88
13 55 71
18 109 272
86 161 345
73 137 372
76 15 95
35 176 218
77 10 96
45 40 88
34 145 186
1 197 283
25 170 205
28 15 49
32 95 146
75 35 188
11 179 241
86 159 273
39 123 171
34 74 114
61 99 320
74 185 268
63 118 325
16 182 327
21 61 148
99 98 197
7 117 127
4 72 102
54 96 183
55 61 221
48 29 97
4 84 95
19 26 48
29 48 80
40 114 155
42 63 114
94 139 236
79 144 225
41 60 150
30 99 185
7 190 199
9 185 194
23 32 117
89 194 297
88 142 269
33 149 302
100 32 159
52 34 95
8 4 18
57 194 297
10 190 307
83 23 110
32 35 85
37 69 117
73 42 193
53 94 153
12 193 237
8 19 33
9 107 138
67 154 325
93 164 259
55 63 127
70 110 374
90 24 153
53 177 426
4 171 221
85 77 185
92 81 180
44 48 102
24 142 181
18 179 244
25 133 162
62 97 184
38 76 118
55 149 236
32 119 156
78 32 158
82 71 164
14 184 236
70 6 124
97 168 270
43 5 85
49 5 235
6 57 166
1 199 313
18 132 152
41 164 244
50 140 200
43 84 157
9 194 209
18 43 67
69 167 237
93 189 329
52 144 225
40 164 213
57 158 335
60 42 110
88 108 212
76 20 104
53 168 227
1 6 14
62 48 151
87 154 247
27 40 67
58 94 161
14 190 324
53 80 137
71 149 240
19 44 67
30 168 201
15 23 97
97 171 290
63 98 180
45 11 133
65 161 236
46 129 250
7 109 118
100 128 258
62 140 208
50 148 204
42 189 232
28 164 203
19 0 24
95 2 199
50 31 94
47 25 78
84 200 305
7 42 159
18 193 258
47 150 278
81 102 185
89 65 157
77 62 148
95 5 284
85 15 107
37 191 251
22 63 165
59 78 144
33 57 276
35 160 292
66 139 205
86 166 276
83 41 150
42 189 236
96 16 142
46 21 70
27 107 178
57 151 219
84 76 182
29 21 87
97 21 118
47 183 250
24 44 111
74 12 96
3 129 138
52 43 140
32 104 284
17 31 179
9 91 263
62 127 192
64 177 283
80 158 268
27 55 90
42 142 199
75 147 229
83 64 161
43 94 138
57 129 250
72 189 406
46 195 248
97 86 187
56 109 169
100 23 196
64 23 89
97 153 428
86 102 197
93 33 152
20 110 140
14 112 135
11 180 211
47 121 178
21 128 184
52 200 297
59 38 105
62 42 105
48 192 331
19 56 109
21 55 197
36 79 121
82 37 237
8 64 82
23 189 216
78 37 182
87 71 331
51 5 61
62 89 159
44 11 58
84 114 271
65 11 79
6 28 65
20 48 108
75 82 166
26 46 72
70 158 303
86 13 105
87 123 242
90 144 245
95 170 290
68 8 80
39 63 104
27 2 214
78 70 155
62 166 228
13 89 110
76 142 236
71 40 180
21 133 306
4 114 129
21 150 357
53 40 136
37 123 168
34 188 222
14 31 52
38 117 160
61 154 412
55 168 255
31 118 167
86 165 293
38 91 129
7 108 118
11 102 127
31 70 103
37 65 128
75 61 176
42 164 223
20 146 172
56 93 177
13 133 151
14 80 228
26 133 193
18 109 172
96 93 193
41 112 344
5 180 193
68 34 192
28 81 218
37 52 94
23 95 249
2 163 175
50 110 161
44 91 149
97 42 262
68 110 184
17 152 169
60 87 193
68 105 197
56 28 89
12 72 92
27 137 359
44 120 239
3 189 234
84 42 248
15 171 347
17 118 173
33 0 83
38 38 115
47 76 123
47 134 182
19 118 188
50 1 57
97 0 105
68 52 242
29 82 157
37 189 247
51 50 128
9 43 78
87 99 217
1 160 165
69 191 278
4 85 89
54 33 204
73 134 211
57 48 148
87 117 251
77 9 110
59 46 130
54 50 236
27 2 148
27 56 93
4 51 61
47 167 278
61 152 329
88 182 430
94 52 201
87 157 260
20 2 32
82 165 341
7 52 125
25 187 213
61 120 300
53 198 259
70 33 110
51 61 301
67 140 210
29 182 382
1 88 111
44 54 139
88 45 142
20 96 195
20 99 126
4 194 202
17 37 62
91 143 236
50 200 273
59 100 185
89 46 178
98 157 269
64 72 142
25 129 162
48 7 115
73 194 273
44 141 326
62 37 192
45 114 161
40 45 87
89 28 152
47 130 187
58 97 157
15 89 285
11 194 255
25 28 224
82 60 142
12 34 83
82 161 287
56 153 213
30 97 131
55 17 93
81 8 256
12 140 190
19 39 106
90 90 189
19 156 213
51 124 180
24 99 172
96 169 265
8 129 174
35 197 250
17 63 80
2 152 169
52 164 226
47 73 124
93 74 181
40 43 85
11 126 276
3 95 103
49 103 158
78 97 184
37 64 108
9 83 101
75 38 149
88 5 131
14 118 145
66 144 212
14 171 280
68 4 81
1 188 221
47 50 144
56 30 125
39 52 175
91 120 258
28 48 104
8 88 107
28 162 220
40 49 271
60 73 262
68 10 126
13 8 67
9 166 236
54 4 84
22 82 128
5 182 193
80 116 205
58 162 225
32 100 138
56 164 239
33 148 227
26 33 62
42 41 84
30 31 230
36 196 240
2 123 138
13 8 66
86 85 176
65 159 225
2 27 207
80 145 282
21 121 151
47 134 186
72 87 234
89 64 333
89 178 306
24 180 289
4 192 217
15 54 89
68 43 161
56 159 231
2 169 256
94 128 232
80 126 209
34 180 297
10 61 122
2 90 165
99 71 180
21 8 30
29 158 189
16 89 105
66 197 265
38 115 155
97 166 273
29 105 156
88 95 222
54 175 229
61 98 200
44 159 398
41 200 246
23 127 156
15 98 122
89 37 143
4 9 31
73 172 272
77 200 457
71 25 101
56 88 154
94 81 182
2 36 77
79 83 165
96 126 226
66 190 280
7 2 16
56 183 439
60 90 156
86 46 138
65 81 149
58 164 238
22 67 243
6 192 211
13 181 223
57 69 244
40 106 159
14 21 45
16 130 149
51 29 117
31 143 183
43 111 185
10 72 122
60 115 298
44 185 320
42 188 304
43 48 258
7 42 55
10 142 164
7 149 157
5 49 78
22 116 141
96 158 297
28 168 198
26 166 202
95 99 199
47 172 224
46 169 236
13 174 206
56 195 344
17 141 198
18 166 296
99 173 276
87 97 268
53 95 152
81 10 170
15 116 324
57 102 169
6 89 127
51 154 209
80 156 264
95 183 323
43 159 207
89 3 99
97 30 160
98 143 252
25 181 243
78 28 163
38 118 204
81 151 240
20 131 153
53 13 225
74 58 249
16 121 336
70 148 224
2 108 220
83 162 254
93 176 279
57 19 251
58 156 267
36 69 213
55 133 370
23 174 387
6 162 215
26 191 329
32 83 136
10 140 150
2 25 47
27 123 270
96 108 348
74 29 103
70 148 251
69 154 232
38 27 75
25 50 145
39 83 248
69 88 166
63 184 271
76 139 318
4 84 110
81 151 298
82 26 114
66 40 266
94 101 212
20 181 207
93 14 238
86 178 290
14 155 198
84 51 143
8 91 109
3 47 73
41 86 288
52 134 274
16 0 32
28 47 111
43 189 358
22 119 149
66 166 248
76 132 329
4 123 144
87 200 400
86 187 291
96 137 256
37 162 204
97 101 201
54 28 85
38 104 154
16 127 171
88 3 123
54 141 245
82 144 229
50 116 272
26 138 174
72 159 239
63 84 148
94 29 299
66 114 182
68 3 78
2 52 59
97 80 178
27 103 152
45 92 175
75 98 229
34 92 130
19 93 289
69 34 210
25 64 95
96 7 227
15 165 218
29 129 162
16 138 172
51 53 153
67 72 184
65 82 155
89 6 115
83 52 318
8 199 212
79 184 434
41 148 201
57 104 325
89 137 231
62 71 313
40 98 146
80 101 199
57 193 286
72 105 182
79 196 277
92 20 147
27 26 206
23 187 249
87 151 335
48 77 166
41 125 169
35 32 97
96 161 303
50 110 170
35 191 374
48 153 207
52 12 183
35 99 311
20 87 122
68 67 333
29 154 201
8 154 178
80 156 239
80 143 259
91 172 375
88 110 243
68 99 198
8 67 82
11 25 38
75 55 148
9 91 100
5 112 206
5 97 175
29 101 163
34 191 234
80 114 275
42 154 196
72 31 148
73 1 82
94 167 403
94 140 235
13 41 191
76 189 385
86 42 138
66 58 172
28 129 342
73 11 93
67 35 108
92 195 287
67 92 185
20 37 67
2 152 192
83 32 117
96 50 154
67 150 247
21 171 237
33 169 202
4 169 269
42 57 141
86 5 101
30 83 120
19 167 230
24 108 170
1 166 203
76 171 247
62 90 168
87 29 276
81 130 410
52 176 266
87 102 196
37 76 219
97 161 280
14 47 107
26 40 66
40 147 200
38 123 161
20 136 168
46 69 120
28 118 149
1 57 176
67 14 213
79 84 174
16 73 93
48 124 178
40 98 144
77 188 294
22 179 332
84 88 175
55 68 130
14 164 185
2 98 170
79 121 330
4 8 17
84 177 275
34 150 192
8 115 132
20 192 251
2 15 25
25 45 109
24 115 299
19 24 44
71 32 269
58 16 77
81 0 196
62 169 257
60 144 344
15 153 170
1 52 55
22 66 94
67 2 250
90 18 112
48 182 409
29 118 172
10 80 100
17 153 180
67 196 278
65 129 209
40 13 81
23 58 275
44 19 69
17 157 183
71 79 154
28 51 79
44 132 178
98 28 128
65 113 363
40 154 238
9 52 111
55 13 73
75 106 188
33 122 242
61 97 256
57 157 231
60 16 78
47 185 234
9 39 58
63 157 337
39 22 71
14 190 302
35 130 293
98 97 216
24 67 283
67 90 166
69 35 105
86 47 136
61 107 168
96 22 237
97 51 266
39 149 321
62 189 258
7 101 143
29 158 276
86 194 400
61 95 159
54 149 293
86 108 214
30 123 156
32 167 201
79 191 454
44 122 166
46 8 54
36 82 172
50 140 200
20 128 156
17 124 164
69 165 237
35 44 100
54 26 214
82 19 106
69 136 297
65 142 212
71 166 296
22 66 109
97 101 246
42 11 58
16 143 283
54 67 138
47 128 250
34 83 126
10 115 203
26 104 134
99 132 272
91 46 143
16 121 140
20 123 162
4 184 212
42 197 282
23 121 152
27 91 122
35 84 123
34 7 43
74 14 97
95 27 160
22 134 354
30 89 126
13 68 165
7 175 207
47 163 239
96 77 197
11 124 250
81 33 150
31 55 91
48 120 187
16 67 83
48 109 177
49 81 224
66 77 148
21 196 226
4 57 112
