560
17 196 318
74 198 273
88 70 201
29 168 201
73 65 140
81 83 186
11 150 162
12 98 138
73 175 323
66 78 151
74 26 143
22 35 58
21 200 227
35 125 172
11 180 200
9 87 105
54 35 128
47 171 222
88 190 286
48 198 255
13 155 357
46 115 339
99 170 317
34 9 81
86 25 115
82 146 293
64 155 256
41 111 161
42 143 212
15 104 119
23 107 164
79 99 266
63 143 349
81 22 121
56 5 68
74 49 127
87 168 255
50 53 210
47 193 273
84 176 271
15 143 196
5 141 150
90 182 281
46 190 252
2 47 76
88 108 197
99 38 144
89 86 210
57 105 168
78 149 237
31 35 72
63 63 208
68 124 221
46 101 190
78 19 107
19 183 205
70 94 173
20 136 206
10 66 244
86 34 126
55 70 180
51 34 125
93 178 281
95 64 205
11 77 116
25 30 65
41 58 100
1 142 149
85 7 104
60 160 222
43 177 228
47 118 227
51 157 211
24 12 80
77 17 112
23 160 184
29 196 372
64 125 240
3 70 83
74 97 178
87 200 289
32 72 294
27 150 204
37 55 143
10 96 127
67 64 163
21 120 341
70 61 240
100 187 293
18 143 174
100 5 110
54 154 216
15 19 36
11 68 185
25 138 325
3 90 210
38 94 311
39 126 165
16 137 158
37 11 57
7 43 79
8 99 119
1 66 108
68 85 169
58 154 220
27 23 60
54 6 233
97 17 153
65 15 82
20 49 85
91 65 289
42 175 359
86 102 188
63 138 205
76 75 151
30 150 364
83 189 383
70 5 105
75 128 389
94 197 300
34 42 106
12 49 70
13 55 88
90 57 148
60 133 198
94 106 208
62 57 148
1 125 130
7 28 66
7 15 28
26 169 197
69 66 332
29 190 230
88 108 206
66 99 175
65 75 145
33 40 100
65 56 125
64 149 237
56 78 168
64 188 252
3 171 207
86 48 165
49 166 245
35 28 150
14 110 124
12 92 106
7 76 169
61 170 235
65 154 220
56 163 262
51 90 292
69 140 210
88 10 104
34 14 196
51 100 301
25 182 240
55 182 341
2 188 239
66 65 158
97 97 330
60 104 188
85 138 228
68 56 127
44 34 78
43 93 164
44 94 216
11 33 47
91 132 273
64 138 205
92 162 268
77 109 189
38 162 210
65 89 190
96 195 307
93 90 221
74 48 136
82 137 262
66 63 144
46 66 112
79 0 86
22 2 24
59 94 308
94 68 172
45 57 246
62 111 175
1 178 361
17 166 231
57 99 160
11 60 72
42 144 196
72 5 87
69 76 266
17 3 21
53 42 105
10 115 129
84 137 229
31 56 136
10 22 55
40 98 306
78 77 163
32 54 101
14 152 167
15 33 188
41 24 111
71 178 294
45 92 253
48 171 320
5 129 163
91 152 274
30 179 218
62 8 80
39 194 267
88 94 218
59 113 172
26 0 144
23 52 112
93 26 316
27 34 63
40 86 129
68 40 144
73 141 247
32 101 174
32 185 222
16 68 109
28 194 250
83 106 192
42 66 153
95 153 262
63 126 354
91 21 134
67 101 177
93 149 282
42 107 150
52 169 268
59 39 100
29 172 377
30 143 219
94 8 120
45 101 191
3 161 198
80 103 191
79 78 233
63 110 186
59 44 201
37 154 198
75 72 226
67 65 237
80 22 114
74 190 274
92 21 176
94 179 308
82 174 262
9 47 66
86 107 348
95 2 98
94 150 287
2 126 225
48 128 195
47 99 246
84 11 96
43 121 223
66 164 380
66 140 210
79 181 339
32 122 155
42 146 375
73 145 249
78 29 115
97 107 211
75 179 257
7 87 117
68 174 348
67 133 201
53 94 161
48 39 96
82 112 375
39 29 68
41 125 302
27 84 270
36 111 332
39 105 191
85 74 190
42 79 128
54 101 157
45 178 226
44 124 171
30 4 82
52 83 169
61 23 87
94 95 191
57 76 138
64 147 218
43 194 243
38 54 111
8 131 272
72 66 145
56 66 132
28 32 222
37 108 153
47 70 123
67 50 152
1 158 160
2 27 34
9 96 141
5 38 71
21 101 124
48 32 253
37 8 47
65 74 224
73 30 112
66 147 273
8 143 279
89 179 273
52 7 259
92 65 163
97 107 247
22 118 187
83 46 180
72 184 322
91 128 267
99 97 248
33 138 213
39 91 133
80 137 234
85 183 276
54 196 285
22 152 233
90 180 271
33 127 161
28 12 78
72 119 197
16 70 110
3 105 111
94 46 190
3 114 141
47 193 245
76 79 163
34 138 195
66 156 316
9 70 83
92 55 160
80 197 307
34 149 297
52 178 403
91 13 105
57 186 257
21 187 209
54 118 189
46 141 203
54 129 194
99 67 171
85 115 205
34 103 185
57 50 204
95 101 314
20 96 147
39 77 149
41 17 69
99 3 133
82 33 138
40 67 122
100 187 294
19 61 90
77 30 296
38 138 190
37 14 71
25 99 133
47 182 269
94 174 274
66 87 155
12 50 156
90 71 210
51 137 191
42 157 242
37 107 182
44 132 249
74 101 197
30 116 156
46 178 248
99 179 367
3 43 48
26 132 268
12 164 180
30 74 131
6 92 108
79 49 158
30 53 99
63 23 248
44 58 106
7 189 237
9 103 157
79 11 97
28 25 72
20 159 223
100 102 206
45 180 232
21 110 268
14 186 248
35 84 119
26 157 358
66 3 218
77 200 292
3 36 81
91 34 125
90 88 252
12 39 74
66 57 170
61 71 145
24 19 50
78 130 208
81 35 141
27 191 224
36 191 237
69 68 322
72 46 122
71 15 156
58 97 164
4 123 135
92 126 267
50 56 154
24 109 178
55 38 144
9 167 355
69 20 90
46 25 147
2 153 155
84 153 242
97 165 295
55 32 245
69 26 102
17 7 36
1 70 95
90 49 148
55 136 196
98 13 121
98 79 181
94 162 270
84 27 134
41 23 185
65 110 185
6 181 233
2 17 122
86 198 304
90 82 172
63 62 132
39 35 100
29 185 227
10 197 216
42 2 187
30 137 184
91 100 198
56 172 327
43 142 195
69 0 108
87 69 163
31 153 374
54 107 262
86 175 264
8 159 171
84 110 332
12 21 51
71 160 231
15 7 40
96 85 253
58 197 277
23 81 144
83 147 231
68 8 84
19 117 217
54 25 85
27 29 64
2 152 160
67 189 303
32 187 337
4 200 214
96 70 202
18 28 77
38 97 182
12 35 85
92 92 189
7 120 134
7 120 207
30 32 68
67 118 274
43 53 274
20 87 129
67 148 221
71 112 183
81 164 265
31 32 134
23 138 297
24 59 119
45 133 185
73 28 294
15 120 145
16 37 80
78 186 277
55 86 185
64 114 195
85 78 166
28 91 202
50 72 313
41 79 128
85 58 143
96 86 187
77 97 175
47 140 194
99 107 215
9 7 22
87 112 367
22 34 65
39 10 146
56 75 225
74 141 282
81 129 245
74 9 89
10 118 128
64 144 306
21 51 221
73 178 286
17 127 151
86 144 251
37 66 112
94 7 102
43 40 186
73 100 229
18 81 133
9 101 124
51 115 332
47 124 173
70 46 170
10 33 74
28 94 123
54 118 309
42 183 234
23 12 68
17 59 83
59 19 121
86 141 247
34 172 215
82 155 254
98 19 149
58 15 75
8 67 241
89 172 266
75 188 270
37 133 173
57 137 197
33 148 284
16 91 108
53 164 227
87 189 306
64 131 224
3 16 25
19 65 105
40 1 47
55 2 91
95 194 301
80 131 218
