670
66 38 111
50 39 113
69 116 325
22 86 108
46 46 125
44 67 254
50 14 72
47 140 218
23 142 181
53 136 220
64 0 112
12 73 92
35 131 189
74 45 177
72 166 243
96 115 216
30 51 90
47 162 352
26 107 141
65 174 275
14 13 29
62 58 120
99 96 203
41 37 253
91 183 284
53 119 352
54 125 180
91 108 374
97 16 159
28 95 125
16 87 103
35 114 157
23 40 66
17 103 160
33 35 69
93 140 384
67 71 177
32 182 220
10 60 102
90 181 271
12 109 133
14 190 229
71 57 136
11 135 189
57 19 80
27 51 109
5 115 169
99 35 139
8 16 36
17 49 115
99 145 272
26 155 181
80 74 187
60 134 308
68 89 164
99 165 353
42 148 222
39 10 73
64 101 212
80 60 146
29 70 101
11 25 78
53 169 384
23 118 178
22 45 76
13 160 199
40 38 119
31 118 339
21 48 77
58 21 108
68 86 158
55 166 239
87 110 202
31 128 251
31 10 43
32 42 111
79 130 211
10 110 289
77 115 199
82 30 155
6 3 53
49 110 206
17 93 178
71 12 88
54 178 249
41 136 180
59 82 146
69 16 104
96 188 294
3 133 137
88 83 232
17 95 114
50 58 234
34 36 75
20 124 144
86 153 241
6 101 268
84 86 183
84 169 323
42 35 172
93 48 164
36 155 351
22 45 73
33 26 76
60 125 192
94 108 361
12 43 57
29 83 118
85 90 184
4 127 132
67 53 128
46 19 74
40 132 180
73 172 347
98 198 299
92 82 199
6 69 79
87 73 178
65 183 295
26 140 172
87 138 226
53 153 309
44 145 244
71 159 263
59 63 158
14 3 95
69 26 105
88 7 283
64 12 79
10 186 230
14 56 93
48 69 160
37 177 214
64 41 215
100 10 280
60 38 237
61 199 392
83 157 267
85 48 169
97 5 103
49 130 315
47 174 226
61 67 137
11 119 158
1 164 170
58 21 119
36 61 242
12 94 134
1 34 160
65 15 81
97 11 124
65 28 93
29 156 191
27 84 112
33 135 177
32 185 226
91 157 252
30 25 88
60 170 234
93 173 416
86 139 228
83 0 279
19 76 117
68 159 236
3 88 149
44 198 243
7 19 27
95 142 256
71 6 79
42 98 165
69 81 290
61 31 94
31 47 185
66 108 223
11 104 118
38 160 236
80 4 151
13 161 298
9 183 201
65 114 180
99 152 276
27 74 109
81 52 292
65 189 336
5 106 158
80 155 235
35 8 204
19 48 227
20 194 215
36 74 171
89 101 191
79 128 245
46 29 85
72 155 296
79 177 260
93 75 209
67 110 295
13 177 199
90 64 236
58 179 242
78 33 147
56 68 156
30 85 124
98 13 114
97 79 204
25 140 172
65 130 307
34 59 173
23 187 213
19 23 84
50 67 197
9 135 152
97 28 129
100 66 170
50 174 233
91 84 309
54 145 206
76 52 261
25 181 226
8 15 29
40 131 177
36 194 249
39 37 78
21 8 43
71 136 217
52 97 172
4 162 213
96 10 106
76 161 284
55 144 202
16 32 205
58 121 333
19 64 84
15 146 205
8 131 140
75 182 413
97 168 293
9 6 203
17 180 203
20 98 120
58 8 84
20 33 77
15 156 176
16 98 156
60 105 293
96 109 241
19 162 187
22 140 162
31 145 224
92 179 412
34 24 68
68 185 294
53 26 226
28 164 199
10 89 297
99 19 125
86 10 210
1 42 51
57 65 122
53 183 245
40 47 130
84 93 179
39 175 223
65 39 114
98 163 267
38 5 72
49 156 399
36 199 240
50 7 87
65 51 124
30 154 293
30 187 267
7 66 88
9 101 119
57 85 142
39 34 81
13 151 208
35 24 72
22 153 182
42 47 128
54 123 177
77 179 376
11 60 146
14 108 127
4 47 56
43 162 237
68 32 153
7 108 115
90 69 161
70 108 334
29 97 136
96 44 174
67 135 303
54 32 95
11 147 336
26 37 106
33 96 142
6 57 65
24 168 242
10 79 96
80 112 196
56 136 323
71 171 348
46 152 240
13 31 51
36 175 221
57 160 225
52 114 214
95 111 210
13 36 134
4 78 93
2 96 108
53 145 203
29 149 270
95 171 269
35 90 128
45 69 122
31 92 270
49 81 136
25 124 169
4 172 352
5 7 76
30 175 233
63 71 239
90 12 190
12 142 158
12 21 79
9 90 120
60 66 126
9 189 269
2 87 107
14 176 204
64 118 229
82 158 289
16 33 55
20 14 38
54 63 132
55 181 253
9 102 146
75 65 188
40 116 258
33 138 179
98 161 262
73 129 210
7 70 115
7 195 252
95 145 272
40 89 136
4 165 171
40 130 192
6 157 172
21 51 81
82 118 200
12 86 104
36 48 217
93 103 206
39 132 176
41 31 96
57 43 119
57 162 412
81 148 279
46 43 93
89 94 291
72 1 252
79 69 276
79 58 142
13 171 210
82 138 228
38 74 142
74 10 93
38 107 168
64 6 84
88 145 351
20 39 104
86 59 197
64 90 200
65 113 186
95 90 280
97 190 334
36 95 289
47 112 170
17 111 135
82 2 90
52 28 82
36 134 173
42 152 268
24 178 236
74 46 127
37 22 116
29 57 87
29 89 125
70 28 100
93 77 176
22 51 153
24 195 224
65 64 134
57 40 106
17 85 112
7 63 74
17 31 78
80 136 222
35 20 73
80 134 219
94 34 137
6 98 107
92 192 374
30 185 223
70 38 116
25 55 243
96 115 211
74 166 242
31 86 120
50 128 203
10 147 200
59 75 144
38 197 243
41 106 152
97 130 283
80 179 393
40 81 164
67 17 107
12 28 43
21 192 259
21 46 88
73 175 280
15 167 309
67 121 198
80 55 145
71 129 223
46 15 249
47 111 158
97 67 329
77 165 251
36 176 354
52 65 311
20 161 362
59 124 342
16 47 74
13 54 69
50 195 292
85 166 258
43 109 286
24 11 54
48 101 247
50 72 122
82 135 217
95 164 261
91 36 144
78 127 208
54 90 152
96 137 431
22 169 215
76 183 270
28 100 135
78 71 151
3 92 287
12 23 80
79 28 252
52 115 208
75 128 384
45 17 92
81 171 254
71 115 214
17 134 151
99 153 254
89 25 133
68 145 220
43 161 319
86 86 180
38 120 174
8 24 211
25 90 144
70 185 261
55 96 293
30 152 183
15 176 197
71 74 151
42 110 159
22 174 201
55 132 217
67 134 316
40 152 192
6 144 180
60 58 121
81 125 207
39 65 114
91 90 198
24 6 176
96 193 334
50 116 168
28 40 77
81 117 310
78 124 360
72 100 177
97 76 230
74 198 281
95 42 179
50 48 114
61 161 226
93 152 266
42 167 214
2 138 148
97 136 239
71 143 322
72 51 259
19 106 135
92 177 316
88 144 261
25 96 128
26 42 69
98 156 255
44 115 165
24 187 235
17 174 226
68 126 288
50 139 190
96 142 286
95 36 135
84 19 148
24 135 164
17 59 84
54 188 360
63 134 206
4 0 40
13 28 47
66 67 138
70 98 176
80 119 201
85 144 232
71 158 234
59 195 261
67 98 204
39 12 87
78 108 195
91 180 276
6 199 226
74 178 255
45 194 274
41 71 116
49 29 96
6 6 16
93 145 249
28 48 84
59 21 80
40 125 172
12 161 276
76 191 423
84 158 281
43 198 290
82 132 324
77 106 189
71 31 109
40 91 131
15 53 73
43 191 235
34 59 106
28 41 70
84 33 152
23 12 45
100 104 235
77 186 278
11 27 48
23 182 207
95 11 113
31 84 300
29 157 278
75 19 105
15 0 139
54 118 173
28 132 164
24 58 273
17 92 113
92 82 193
72 126 219
47 12 131
2 194 206
76 142 237
51 5 103
12 16 47
5 154 179
58 150 213
35 178 244
7 135 184
92 57 157
2 76 93
72 31 111
84 150 403
28 137 208
45 52 116
60 60 129
39 118 197
68 119 234
96 55 153
72 32 104
86 121 210
90 186 374
19 95 139
44 107 186
96 51 218
75 2 81
76 133 259
61 152 246
38 125 179
31 164 260
86 131 217
94 17 143
62 163 268
16 129 155
22 18 40
63 47 136
58 45 108
58 168 262
93 23 137
14 126 258
17 25 148
3 164 200
15 139 195
51 166 235
2 74 111
50 93 151
56 130 198
4 157 165
6 5 21
58 92 176
23 15 77
40 28 141
74 23 99
24 42 76
57 171 406
42 187 232
86 130 222
20 196 224
4 144 164
59 150 242
25 155 211
4 192 237
15 135 259
69 48 122
76 7 94
69 180 294
26 147 173
1 1 37
46 31 111
20 70 133
65 101 195
46 57 112
8 165 175
42 87 130
86 147 262
23 147 252
75 56 132
24 175 223
69 30 100
6 147 159
42 140 192
7 155 269
6 127 297
7 128 143
5 129 246
34 158 209
14 94 275
5 70 85
53 34 98
87 114 250
43 187 427
53 65 152
73 92 313
30 7 77
34 79 119
65 71 167
