160
59 28 96
38 86 138
88 96 194
77 191 272
26 77 110
3 78 89
77 146 262
36 111 150
70 91 172
87 62 196
91 106 204
67 173 261
67 80 147
30 105 159
33 111 151
32 142 203
34 1 38
50 11 152
34 22 104
90 188 289
96 65 165
44 46 96
15 34 63
73 163 237
31 126 193
64 19 84
80 143 226
52 130 188
49 156 239
62 44 224
59 130 191
23 103 152
55 188 243
79 141 301
25 11 82
67 25 138
95 38 138
13 165 365
32 127 319
47 76 138
86 125 382
25 79 130
2 36 44
3 138 146
82 152 242
68 47 156
92 57 307
12 59 71
53 155 234
16 4 24
75 42 133
36 35 80
45 141 191
72 178 275
55 167 240
81 178 384
33 8 49
1 141 192
61 51 119
78 175 346
94 69 183
37 68 283
7 1 9
8 56 66
22 13 226
75 49 232
44 159 376
46 199 255
90 194 304
23 59 102
37 157 204
88 48 136
15 174 191
92 81 358
29 192 238
30 59 135
27 141 318
73 184 281
88 21 118
95 84 191
93 44 146
83 143 344
87 66 169
32 172 210
36 153 197
2 129 163
28 194 263
46 96 145
62 148 405
31 151 376
28 147 182
12 192 208
43 82 144
87 56 163
73 78 341
46 47 96
78 190 275
81 69 292
46 182 232
62 5 88
55 76 134
31 21 61
28 28 248
59 149 325
34 24 60
7 187 215
47 152 246
30 189 224
62 133 216
35 114 311
44 40 111
18 157 186
51 142 237
84 187 390
25 67 101
77 89 169
14 90 137
7 6 40
90 175 273
56 110 168
7 179 196
91 65 191
1 8 17
54 192 388
13 103 199
41 78 123
73 80 159
33 24 59
91 90 321
91 71 318
4 160 170
3 77 80
42 130 206
71 0 76
34 109 154
50 85 279
37 57 97
98 12 116
47 2 52
12 83 143
100 47 163
1 127 138
7 171 330
97 140 385
84 131 349
82 16 121
33 52 91
50 132 182
8 0 35
13 158 354
92 174 270
55 36 121
98 197 315
85 153 307
56 147 206
58 111 177
25 71 97
79 46 135
11 137 182
57 87 146
