470
77 198 279
74 45 120
51 59 114
3 12 150
79 49 154
64 36 115
70 23 99
50 176 234
53 39 170
94 140 241
35 186 227
8 90 108
55 104 159
94 66 188
8 83 268
67 182 257
14 54 72
24 10 57
50 134 234
44 14 125
91 72 190
52 52 268
76 18 281
3 117 125
70 88 279
31 186 220
99 104 327
54 7 81
29 159 229
35 109 194
27 8 73
11 97 118
37 167 214
73 33 144
1 138 140
41 63 140
79 41 170
83 16 195
70 8 119
20 32 91
97 141 246
36 54 102
85 163 290
88 31 121
92 82 181
97 33 132
30 152 319
9 95 159
73 19 96
50 71 142
88 52 192
94 157 291
68 79 148
59 145 223
29 114 146
10 170 180
97 125 227
52 1 61
91 100 195
75 30 159
49 174 229
10 40 51
8 11 21
77 177 293
52 188 254
41 121 291
81 84 188
69 144 238
52 75 170
8 180 264
82 78 162
51 80 180
89 47 179
12 72 85
14 7 116
93 138 241
58 105 179
37 42 156
43 48 203
26 23 87
62 177 254
27 168 204
97 8 109
71 9 80
45 40 122
21 67 178
62 6 69
40 94 134
8 193 202
5 132 168
30 60 104
54 33 97
80 50 297
24 186 243
77 59 138
28 61 90
15 173 196
6 190 200
20 156 309
30 195 348
17 76 143
55 179 246
86 193 329
39 73 236
87 150 240
95 46 212
24 61 85
99 149 253
76 166 366
85 78 163
4 10 20
19 8 111
31 25 246
4 43 50
66 165 313
66 136 252
32 160 216
73 191 370
28 196 337
81 108 192
3 121 154
21 116 156
79 186 274
76 190 267
97 50 153
56 56 138
71 14 87
79 124 213
27 165 192
40 171 235
44 106 181
50 128 205
86 122 238
81 102 192
85 52 146
1 192 299
66 4 88
53 92 148
57 144 273
30 120 209
82 63 195
90 98 203
16 198 216
37 149 211
89 181 311
97 75 174
48 38 273
46 167 215
47 69 142
42 54 265
45 63 115
23 7 36
12 96 137
31 156 203
53 29 82
51 195 377
62 18 179
9 163 178
14 118 134
60 80 145
7 173 189
25 115 189
59 7 72
39 196 244
62 147 214
54 113 167
22 74 99
73 6 82
47 108 161
83 170 257
24 104 168
85 189 279
67 82 159
44 84 137
16 61 127
27 130 203
33 116 260
66 33 99
71 183 402
47 115 206
16 72 97
57 1 90
91 41 159
37 38 266
22 165 280
53 186 239
30 184 404
76 130 392
82 109 196
81 103 193
94 86 184
83 190 302
83 169 448
57 30 153
66 161 228
84 184 340
33 22 80
73 60 187
76 177 259
66 109 184
99 148 247
62 188 250
7 4 21
72 58 132
47 39 202
32 40 181
71 89 215
26 117 249
9 175 234
82 199 389
91 153 390
3 129 156
52 80 319
48 172 238
17 76 103
68 170 283
50 53 140
23 176 243
62 144 249
40 12 61
79 77 186
41 10 85
72 101 175
7 72 103
58 107 182
71 74 165
37 118 160
28 142 204
88 194 424
93 131 228
76 78 178
66 111 219
79 91 208
70 171 329
40 185 231
14 32 47
1 198 225
70 160 252
58 139 204
44 157 210
23 129 330
7 160 168
90 98 222
49 53 103
21 167 188
47 84 266
15 38 53
38 12 117
32 145 270
47 26 76
96 15 120
4 77 88
95 52 148
77 39 160
97 27 125
40 73 241
19 176 291
30 141 178
59 19 83
50 137 232
43 15 86
59 133 197
20 139 205
33 180 213
90 54 188
100 30 164
11 27 66
97 95 202
49 2 56
16 50 76
51 1 146
88 95 190
68 53 158
76 189 289
44 151 267
96 114 249
59 189 260
41 105 193
35 112 151
98 64 164
82 151 234
69 18 127
68 34 124
17 200 252
43 185 269
55 45 291
41 195 273
63 177 245
53 133 223
57 35 202
73 24 105
15 107 130
81 12 129
40 66 127
47 173 220
15 198 233
76 96 210
39 159 261
44 190 238
75 71 191
88 120 216
57 4 92
64 33 169
6 159 302
67 56 304
21 11 80
50 197 380
91 75 192
92 198 292
70 166 378
97 6 151
27 44 75
56 111 171
57 6 68
64 145 308
4 57 86
26 3 55
43 190 270
53 130 311
71 43 176
37 148 227
99 6 149
25 194 225
7 128 140
95 97 193
19 190 216
8 9 44
63 122 223
85 57 271
19 119 139
34 14 50
57 56 118
28 89 123
7 40 192
47 11 91
86 17 186
71 131 208
5 45 74
76 48 294
24 89 123
38 64 200
1 74 82
29 74 114
9 138 179
37 6 49
4 38 67
88 75 293
93 127 269
34 12 73
27 106 281
43 10 67
40 182 222
69 116 222
45 43 90
45 130 251
35 117 243
97 31 156
28 194 316
16 136 183
93 22 121
97 182 380
100 92 354
43 57 139
36 84 167
95 172 305
16 7 34
69 186 327
39 157 233
2 96 100
80 73 161
95 181 276
72 5 78
62 67 157
11 8 20
93 105 201
60 124 200
71 28 222
70 158 237
5 25 32
73 84 159
68 89 159
73 162 245
62 100 197
9 194 206
32 7 44
38 184 226
58 158 223
37 108 153
14 198 242
50 154 206
2 185 188
68 146 228
16 44 67
10 117 167
76 104 368
52 139 192
78 154 254
6 5 38
2 102 138
69 10 104
76 128 243
57 132 299
93 76 178
65 26 106
76 58 172
68 100 170
73 110 342
64 169 238
59 120 214
30 144 195
5 70 112
83 92 185
61 48 152
10 77 99
9 178 188
41 122 180
55 17 252
4 192 283
59 37 123
17 93 135
59 6 89
29 167 205
68 165 248
100 100 225
84 173 283
3 159 297
33 142 197
83 38 208
17 181 238
88 170 404
44 142 222
3 49 63
85 181 308
54 152 269
65 58 298
5 100 109
59 173 237
70 180 250
59 166 231
37 29 76
81 10 140
12 171 185
84 15 100
66 171 242
92 158 286
63 22 129
24 74 106
50 115 188
38 174 234
67 147 214
58 96 201
66 92 319
46 3 50
42 170 222
77 147 260
29 107 146
77 1 101
53 75 131
43 5 81
98 138 367
29 146 184
63 146 240
85 89 287
71 179 292
23 108 134
48 81 136
76 175 258
76 32 119
38 178 269
84 112 209
