160
98 92 220
97 124 221
30 145 209
24 83 226
37 31 118
23 3 36
98 90 200
53 97 158
3 97 111
18 29 80
15 192 213
76 173 296
83 187 451
36 9 49
90 45 138
47 157 254
26 36 98
32 41 80
78 70 154
68 103 178
91 119 227
69 50 163
78 53 132
27 26 62
10 36 94
50 75 127
14 15 202
93 36 146
6 56 134
83 163 264
75 30 108
43 191 404
79 124 358
36 85 253
66 169 364
33 39 79
4 23 61
48 162 235
60 67 130
18 68 271
39 163 230
99 169 316
61 106 170
40 57 173
19 92 132
100 30 133
33 173 357
14 117 131
28 102 157
57 75 138
48 44 94
64 199 335
17 165 197
46 125 243
50 188 404
25 100 184
24 65 122
31 10 177
21 197 227
3 142 228
52 13 133
84 182 389
63 67 131
95 82 216
64 72 145
15 49 132
38 147 189
71 132 330
94 171 267
29 188 256
97 13 110
79 52 140
14 157 180
2 103 115
8 54 67
4 44 75
72 74 183
62 45 109
70 80 160
74 143 268
22 63 99
46 42 114
31 9 137
40 76 286
22 104 277
38 191 250
94 187 281
87 178 268
59 15 82
29 39 162
66 191 268
66 48 302
12 180 231
29 110 328
36 16 81
52 181 242
94 195 438
13 194 208
27 76 129
91 23 120
26 191 366
75 49 176
71 57 131
89 96 231
16 7 32
8 192 294
31 168 204
9 136 154
47 98 155
49 31 101
10 122 247
7 181 199
56 170 237
48 184 277
65 100 361
47 149 318
64 98 301
97 190 294
95 78 206
93 150 247
14 29 240
50 150 205
91 44 199
47 85 148
60 57 152
12 70 251
61 11 106
25 68 278
61 69 130
36 101 201
41 50 112
87 4 95
77 158 391
40 2 42
72 124 206
86 156 254
17 98 125
83 12 98
72 166 283
59 95 158
36 132 169
67 172 265
68 18 91
17 42 93
100 148 270
19 189 220
99 107 210
38 62 113
72 132 276
12 105 129
69 141 216
8 137 151
14 115 134
40 156 197
70 9 105
35 134 173
3 83 99
61 74 172
42 90 165
42 165 363
