890
62 124 194
82 96 187
80 150 251
74 78 289
75 86 167
96 80 178
29 198 228
55 180 244
91 68 165
80 145 277
84 41 132
43 128 201
89 167 258
84 65 198
55 152 223
23 123 196
21 67 88
14 43 57
24 8 69
3 191 202
3 26 91
48 35 106
75 108 221
74 105 205
86 65 185
66 6 76
92 100 198
4 26 76
57 122 179
93 47 145
3 124 135
89 120 218
55 130 262
17 164 295
92 181 279
24 63 88
63 172 252
26 152 337
52 139 236
59 16 83
23 25 80
92 106 375
24 174 245
58 171 242
47 169 228
6 0 11
94 57 155
15 119 293
31 7 47
41 54 97
89 184 282
60 183 399
60 73 148
32 20 60
41 94 180
100 156 257
14 69 278
43 41 118
14 14 47
23 162 211
47 6 217
88 24 116
45 117 179
61 60 314
37 186 227
47 63 280
51 141 229
74 114 227
72 59 132
46 132 183
41 70 120
67 181 261
2 50 52
25 72 130
19 102 129
47 163 315
67 9 219
100 139 258
73 200 394
98 50 188
20 33 86
51 103 196
38 8 82
27 139 210
51 4 65
21 94 164
48 73 123
16 119 147
1 195 365
96 29 135
6 20 52
25 173 226
73 172 262
6 32 109
47 105 155
79 117 209
56 94 278
8 117 126
69 9 86
95 58 266
88 192 300
89 189 317
59 142 232
98 124 241
71 171 262
9 29 46
3 23 30
22 186 215
4 38 49
49 107 258
7 181 269
27 84 121
67 121 193
14 31 64
15 15 33
79 78 181
46 98 169
62 189 255
97 44 267
41 36 77
8 79 122
65 144 227
27 22 52
49 67 196
69 103 204
24 153 288
35 114 158
6 134 142
92 179 279
49 49 121
18 104 158
74 100 204
74 200 352
34 94 132
54 119 178
99 103 235
33 20 157
49 112 315
35 72 112
81 166 281
56 73 145
30 132 206
62 123 232
79 10 174
25 85 202
41 183 239
22 83 155
83 152 245
99 93 201
81 95 181
64 79 147
52 149 208
58 130 334
34 31 75
18 191 218
99 63 239
91 76 216
51 9 69
68 159 239
93 51 246
75 158 290
2 46 49
49 177 236
96 128 257
55 196 273
61 146 211
81 104 204
40 0 77
1 183 186
35 71 256
65 65 148
98 103 355
91 42 318
27 165 334
98 157 302
47 122 302
100 102 203
40 45 133
59 187 249
16 120 138
58 83 256
99 124 227
59 18 78
89 75 165
62 157 224
87 162 268
54 47 122
79 140 245
98 163 307
19 49 107
8 191 233
50 11 65
45 175 263
85 110 198
9 147 353
64 49 312
19 76 98
50 152 202
70 59 137
24 111 243
27 75 104
34 73 125
11 174 327
77 8 195
30 117 152
8 62 157
67 129 199
84 115 215
57 165 228
55 39 104
6 126 132
33 87 231
57 131 211
16 136 161
95 92 199
57 52 176
13 133 176
33 60 244
77 93 213
99 62 199
86 51 266
31 67 190
17 120 143
15 191 246
57 124 244
52 126 269
47 127 174
37 93 183
10 180 194
13 130 164
42 159 296
86 36 310
56 16 78
68 50 119
80 100 326
36 52 91
40 80 156
44 108 158
90 38 137
46 156 205
28 158 191
80 77 157
66 161 341
72 28 149
83 181 274
37 30 83
83 186 277
10 82 97
23 64 97
17 56 115
87 110 224
37 1 80
74 156 407
7 72 126
12 27 46
56 157 391
78 53 153
64 176 242
23 33 61
73 8 131
88 74 301
70 180 287
64 19 91
54 132 193
41 2 51
73 135 346
54 81 143
8 112 160
56 4 102
92 96 195
59 137 248
97 80 182
74 150 411
7 82 113
52 72 143
56 173 237
31 131 167
60 53 140
99 20 148
50 30 118
76 51 146
23 20 46
51 45 135
10 70 130
88 186 408
27 64 117
49 125 202
10 64 119
89 122 219
31 106 177
73 100 248
77 196 458
24 181 241
69 155 374
48 14 70
33 71 104
32 82 119
64 66 143
31 87 130
49 34 85
32 53 224
38 185 242
87 17 105
96 156 285
51 31 85
62 101 173
99 64 219
23 169 196
90 1 92
7 25 124
68 77 146
93 10 227
18 175 216
45 75 298
72 122 196
76 27 132
67 158 227
52 72 130
57 122 290
98 29 150
56 40 209
25 198 260
36 56 93
20 56 92
1 41 117
11 19 38
25 120 153
29 105 162
34 30 65
43 103 151
45 53 263
78 70 154
18 164 186
39 157 232
31 97 131
13 199 261
18 118 144
76 79 269
30 101 166
70 85 162
70 125 199
2 169 179
62 197 419
19 29 63
44 66 272
95 90 206
37 16 158
58 185 249
55 140 235
68 106 182
40 75 139
2 74 76
73 150 330
32 16 90
14 180 199
68 169 411
36 115 155
63 98 171
2 176 180
30 121 258
80 47 324
90 72 167
38 108 154
90 120 222
79 44 123
81 74 168
90 38 149
16 120 140
72 165 274
88 115 203
11 168 187
81 9 222
78 192 276
40 6 207
48 22 237
22 47 231
66 110 358
66 166 235
92 36 138
90 199 352
31 60 95
43 42 93
45 24 246
68 10 134
31 18 216
93 190 315
98 97 203
32 187 308
40 164 215
84 161 252
95 63 190
46 38 119
42 167 320
60 10 107
42 20 82
70 146 358
98 164 399
5 101 116
56 144 201
31 69 101
83 87 182
93 1 221
74 188 439
67 8 76
86 193 297
13 163 182
38 200 262
68 21 89
15 144 164
66 144 214
37 69 142
75 107 325
40 103 144
10 137 345
6 192 224
6 118 128
87 45 215
26 34 63
21 42 65
12 74 244
9 108 152
50 82 135
6 15 21
71 47 128
96 23 156
57 131 192
70 148 326
34 5 47
70 115 228
30 128 315
41 64 134
31 75 143
24 166 201
23 77 130
44 196 247
49 119 187
57 194 402
52 99 233
94 78 339
2 50 83
44 84 159
76 62 159
62 68 289
50 85 184
17 73 94
66 159 233
35 15 150
49 92 146
79 60 156
38 60 131
38 131 188
18 16 221
77 136 413
57 114 334
80 139 265
64 150 215
45 74 303
64 31 187
13 98 130
41 53 198
64 19 118
89 192 283
28 6 41
26 131 161
21 41 68
33 177 213
51 69 129
33 100 143
15 29 171
94 123 230
77 95 221
14 44 117
57 29 130
84 161 289
44 48 292
62 20 229
46 125 176
25 108 172
23 126 154
84 186 279
83 55 164
32 4 57
62 129 202
28 151 187
66 153 224
74 166 240
78 178 274
10 60 239
26 65 130
85 95 201
6 189 195
27 14 47
84 154 406
73 161 253
48 65 127
16 29 48
83 134 227
77 147 230
7 137 183
36 98 141
14 55 92
36 149 246
58 157 401
6 60 66
91 12 146
13 172 225
19 84 229
19 25 45
59 119 213
90 113 210
46 162 218
7 112 136
97 84 184
41 99 147
25 40 152
73 160 301
88 128 403
20 35 77
86 81 256
59 66 145
19 177 228
39 122 161
19 175 280
46 107 291
94 148 243
85 47 160
20 186 303
63 100 192
97 83 235
2 61 89
20 48 101
77 183 285
17 29 153
98 176 319
4 138 188
78 192 270
26 105 135
79 200 286
22 85 113
84 176 276
34 105 147
81 174 291
34 134 179
22 119 330
13 101 122
84 193 290
19 47 186
66 112 335
88 68 163
48 76 319
11 135 153
48 27 84
24 83 110
11 70 86
51 183 244
75 163 248
9 40 52
36 75 242
69 115 317
62 197 325
10 83 138
11 11 35
2 133 140
63 24 110
86 75 194
20 93 128
53 169 231
98 88 186
3 21 190
15 194 217
55 162 250
14 46 62
47 100 182
12 55 115
65 69 144
30 133 279
19 25 213
98 198 403
10 30 74
92 175 344
61 159 229
98 94 228
22 65 105
10 45 59
5 57 222
65 30 105
63 156 226
56 8 98
52 30 126
37 65 103
96 52 243
58 110 236
3 23 72
73 103 337
9 2 29
48 149 246
12 104 272
5 142 162
55 26 112
11 151 177
81 95 176
92 162 255
43 44 108
17 31 83
57 197 291
7 77 90
10 67 77
60 41 114
10 72 111
29 117 152
64 31 99
81 198 284
85 184 269
43 50 224
16 123 159
95 116 352
45 160 251
46 106 326
56 75 134
93 0 106
8 130 177
39 95 134
91 26 127
38 52 225
82 131 221
49 58 176
62 122 315
71 156 290
91 17 277
51 149 248
35 142 184
17 64 114
100 50 151
59 137 391
6 135 288
36 148 185
69 153 284
83 128 251
96 1 145
99 13 118
73 78 153
16 133 294
99 166 265
38 146 185
11 50 97
63 0 69
66 55 122
4 112 143
67 44 225
88 121 259
91 193 360
70 75 190
82 148 275
84 182 304
68 38 134
13 56 82
40 89 139
90 44 143
33 90 125
99 2 283
17 79 280
68 18 94
40 134 184
13 116 137
19 182 211
23 116 261
11 31 46
58 59 127
22 101 242
53 179 281
64 39 113
12 179 228
18 49 195
98 4 253
71 106 179
56 114 176
31 176 337
93 128 227
37 56 108
2 171 228
21 187 213
58 50 252
30 10 42
37 88 154
93 177 301
6 85 121
92 60 332
78 32 268
73 199 363
30 36 78
33 97 249
70 163 282
86 139 266
72 71 276
54 162 266
4 64 208
74 166 288
34 51 99
54 156 244
46 150 323
98 196 295
14 108 128
74 9 103
40 181 325
71 110 339
29 104 183
98 90 318
68 122 234
10 23 57
71 61 140
4 8 20
43 120 186
80 58 158
83 185 270
7 91 150
100 78 188
33 102 183
100 48 276
50 195 245
30 161 235
55 122 290
84 44 129
40 62 200
68 65 179
15 196 259
67 77 167
12 116 267
22 186 218
74 1 205
24 181 205
92 79 201
2 82 91
67 94 189
69 15 109
85 26 118
16 22 71
38 107 183
10 184 194
2 196 235
4 199 277
34 18 86
84 176 270
19 77 96
82 50 132
19 135 280
39 25 94
100 154 327
21 119 250
18 63 158
75 110 370
3 199 285
38 164 203
32 193 230
25 48 78
88 46 182
33 195 246
83 164 282
24 90 117
37 177 214
3 126 245
66 156 296
92 9 137
25 112 167
17 136 244
49 182 238
24 54 78
45 93 180
93 26 120
61 20 106
2 152 161
83 168 282
96 91 197
40 175 222
70 110 186
53 150 231
27 82 270
16 194 216
53 0 212
57 124 184
75 32 188
77 15 137
51 109 165
49 96 152
16 75 99
20 82 112
33 118 157
55 163 218
42 1 82
7 118 318
70 127 198
59 89 182
73 153 242
89 102 198
96 175 346
80 123 205
13 66 116
47 162 235
60 150 289
98 194 397
31 134 342
72 116 223
52 125 192
21 179 291
78 79 194
49 53 110
89 87 246
11 81 95
70 30 225
86 123 340
36 84 264
28 105 223
33 188 221
58 125 311
31 55 176
60 115 176
74 136 260
85 123 212
68 24 131
40 74 119
9 100 117
2 83 226
36 186 232
46 9 204
78 49 136
39 11 61
100 78 224
19 16 36
4 180 223
69 86 155
90 60 190
80 76 161
20 189 214
20 104 238
51 12 66
18 27 79
53 168 269
25 29 85
81 94 288
31 180 384
88 37 130
84 161 245
14 197 300
72 189 264
85 136 264
88 121 238
20 147 295
60 134 214
14 68 107
31 179 251
35 65 110
56 120 181
64 101 188
98 40 192
14 139 166
93 116 254
30 55 108
87 32 132
85 49 177
16 184 249
96 175 285
60 47 112
26 133 169
97 52 159
58 191 372
78 109 219
46 156 211
1 56 93
50 158 250
73 30 184
66 162 235
30 159 194
27 4 100
67 49 116
69 175 257
65 69 279
50 183 417
80 69 155
20 172 340
46 187 240
39 174 244
78 135 261
41 185 235
93 1 167
6 156 164
66 180 320
20 88 292
39 82 124
95 42 145
100 121 223
94 158 366
