280
81 198 307
54 130 190
18 163 199
52 57 145
58 36 200
42 28 193
32 171 208
14 41 79
42 180 260
50 15 72
74 64 143
59 41 126
22 181 222
5 173 218
90 171 266
29 110 185
21 166 211
17 74 95
43 31 77
8 186 236
52 72 265
24 52 94
50 187 281
1 50 134
34 176 253
31 58 187
72 158 270
33 98 193
53 95 324
13 180 236
15 74 89
26 106 295
68 103 176
3 46 74
63 139 210
1 158 224
26 66 139
14 139 162
58 12 111
62 2 240
3 129 155
79 149 233
41 129 218
36 164 229
66 107 179
12 4 16
15 45 63
90 109 248
35 152 191
82 27 136
68 49 169
53 123 181
26 158 214
68 38 262
81 41 133
78 66 334
23 86 117
48 70 131
67 198 306
67 0 220
73 181 258
66 26 98
36 76 147
16 30 102
12 66 178
13 82 278
100 158 288
96 99 211
28 155 192
70 127 321
54 148 340
25 71 98
91 34 125
48 186 244
79 60 179
84 105 212
41 123 178
72 36 109
14 70 151
70 88 161
40 162 219
47 171 295
38 69 293
28 56 165
60 26 89
81 1 82
47 30 81
56 109 198
8 154 206
32 177 216
43 173 360
77 46 316
98 84 226
35 13 60
82 41 129
96 173 272
27 41 104
22 93 136
43 193 246
71 153 265
25 41 120
38 2 84
21 82 224
44 100 182
71 147 394
81 33 184
20 60 80
76 4 82
30 83 120
10 135 193
76 152 232
70 71 142
13 78 100
39 87 323
44 154 320
43 133 184
83 28 117
42 69 134
78 118 213
64 84 153
56 154 385
33 71 227
65 182 255
67 154 353
24 3 27
33 124 334
49 190 256
37 174 228
46 6 85
20 125 150
97 162 276
58 27 119
36 52 155
74 108 188
100 10 145
62 194 276
13 84 174
65 82 184
63 200 279
51 77 136
39 170 249
86 170 260
41 102 260
61 144 210
36 193 272
23 103 131
27 194 226
48 99 257
15 165 183
31 155 194
63 169 236
74 76 154
13 112 131
87 134 224
12 49 64
37 14 56
7 170 206
98 69 207
45 126 192
18 152 342
11 157 174
91 64 204
64 121 203
42 63 108
55 195 264
74 196 275
5 144 219
3 28 34
74 56 139
54 147 209
66 172 403
46 125 171
88 185 279
49 77 152
2 194 347
59 62 130
65 116 372
2 152 161
26 119 258
94 162 392
21 93 118
40 142 192
18 192 219
100 112 230
51 187 239
51 147 275
3 72 84
84 43 129
73 101 344
51 96 164
24 78 104
93 153 254
30 57 136
30 139 195
96 169 278
3 185 197
74 69 151
47 91 167
67 56 127
53 3 63
65 167 232
32 161 236
2 10 41
57 52 112
10 61 74
58 193 296
4 85 92
57 34 92
99 155 285
43 26 87
2 82 91
91 21 158
57 167 229
8 3 36
19 154 299
54 198 254
81 14 102
5 174 189
29 42 75
71 190 268
31 12 52
86 190 288
51 77 184
6 118 128
49 192 433
39 5 55
86 118 213
87 39 209
5 41 67
2 84 117
62 39 102
63 195 262
72 137 222
29 188 255
21 123 149
95 147 279
5 149 278
35 121 165
61 142 213
51 94 240
90 122 242
74 165 244
45 94 183
93 150 265
26 111 179
93 95 195
23 150 279
51 200 402
21 158 211
38 20 64
6 17 24
41 190 278
63 66 276
20 172 192
93 32 131
22 184 227
11 52 187
11 16 39
20 35 129
75 43 261
37 195 263
88 46 274
28 57 130
8 131 324
86 57 181
5 17 204
55 159 373
90 18 129
79 165 428
70 36 111
14 199 393
24 182 209
60 96 162
24 89 114
63 116 183
57 99 158
37 149 194
25 63 95
57 129 203
70 135 215
