110
88 35 229
1 3 13
89 46 259
34 61 108
59 55 278
13 20 43
91 36 263
28 71 101
87 100 188
29 69 125
91 190 286
95 6 253
1 125 132
27 141 201
59 22 81
64 82 274
39 168 254
82 53 137
24 59 126
11 169 188
74 41 123
26 121 246
47 171 257
85 180 265
49 158 210
35 97 135
69 113 211
89 104 199
15 42 141
86 183 448
67 148 222
89 156 250
55 118 220
33 87 163
94 1 100
23 63 93
24 165 191
29 170 227
92 20 307
73 136 369
88 102 223
76 62 145
73 190 301
45 23 85
72 39 132
100 180 312
19 133 205
83 53 162
5 6 59
31 191 225
82 89 205
5 194 201
22 185 213
8 29 42
15 159 183
70 92 168
38 38 83
65 192 434
96 102 222
14 126 148
78 6 115
18 157 212
50 97 278
99 3 104
41 53 104
59 2 70
37 143 286
61 159 253
16 182 225
15 80 273
4 2 7
13 177 197
78 62 168
1 92 96
76 165 245
41 122 163
60 129 198
71 113 184
52 33 87
44 54 134
65 59 227
89 161 275
2 175 177
88 197 317
55 12 73
24 30 57
10 83 94
44 88 142
41 44 91
82 37 179
38 67 119
27 200 242
89 189 429
37 23 70
44 15 224
8 1 151
25 25 50
73 96 192
98 111 365
10 189 203
80 3 173
30 100 161
18 85 106
34 3 177
74 66 285
9 193 207
29 143 240
23 142 208
22 197 246
40 7 151
