650
25 111 156
22 117 165
72 5 119
13 58 135
44 49 140
2 13 16
37 161 199
84 17 175
47 85 139
49 0 64
30 122 226
79 198 281
98 34 138
28 72 133
86 59 182
75 60 284
50 87 143
26 173 242
6 48 182
89 108 222
63 113 234
44 64 134
77 45 189
87 187 417
43 200 254
6 62 238
30 145 222
46 134 229
78 159 298
29 157 210
30 107 143
57 139 220
34 130 169
63 179 257
4 15 29
50 169 228
15 73 94
90 172 457
13 190 341
27 126 184
100 159 259
31 181 221
73 69 217
88 19 147
39 107 262
56 15 110
93 181 277
57 52 115
73 132 208
66 131 230
78 165 247
80 159 249
42 30 147
14 61 109
50 92 144
34 102 157
33 9 144
40 133 192
90 197 297
52 135 353
83 21 178
50 110 171
31 173 211
35 44 95
13 55 77
5 52 57
83 82 175
2 185 334
35 125 160
99 194 327
57 43 138
36 35 215
9 9 55
10 13 26
53 0 58
73 198 280
17 32 51
10 192 208
59 196 292
78 163 327
32 104 332
11 56 73
58 135 213
66 81 187
38 117 157
81 180 266
97 99 318
59 170 266
84 67 248
90 199 423
42 196 251
82 56 158
91 123 389
3 42 46
88 131 240
93 65 354
26 119 297
25 193 244
46 60 206
97 179 281
41 143 193
93 118 221
73 152 393
86 186 283
10 89 242
81 145 418
10 120 138
71 17 89
23 35 64
74 43 299
29 35 100
59 63 124
28 113 308
90 120 213
98 126 227
80 6 126
29 96 126
84 108 196
29 23 154
14 71 89
77 21 101
10 60 223
3 193 207
51 60 115
15 62 89
1 179 241
17 162 207
77 99 187
58 22 88
73 54 229
33 173 207
57 110 168
23 154 183
85 143 260
87 149 286
38 196 390
12 111 156
84 62 153
46 45 94
27 145 220
5 27 200
30 91 161
35 51 101
79 25 232
60 199 269
65 60 131
8 5 16
68 4 114
64 110 335
26 94 319
19 167 221
55 150 206
32 106 193
10 41 78
57 44 105
24 94 188
45 174 237
52 97 348
11 95 110
28 75 189
9 145 154
18 128 195
59 16 125
54 121 253
64 135 205
15 127 176
60 115 293
96 39 149
17 148 184
46 8 85
96 200 335
76 90 331
70 96 176
50 124 224
38 74 120
84 142 256
67 16 86
56 187 243
77 72 217
89 129 221
9 57 92
23 111 273
91 175 277
65 119 191
29 161 196
62 185 433
35 26 62
20 57 82
5 5 12
59 174 239
58 140 200
52 120 174
4 29 218
21 161 241
85 191 367
72 126 208
2 112 115
79 53 137
50 88 159
32 167 392
82 174 346
16 126 191
65 90 199
5 117 156
91 49 201
16 130 151
23 1 49
89 106 304
91 42 216
100 117 220
81 196 289
28 6 60
63 193 303
53 51 301
83 27 158
33 200 235
34 50 96
64 129 334
15 167 219
98 24 165
36 109 190
79 54 277
62 109 242
74 167 262
93 103 341
50 170 390
56 35 94
82 19 142
24 131 157
80 10 179
73 177 276
80 128 221
29 152 231
94 182 295
66 104 197
1 140 148
77 98 180
3 6 89
29 125 187
57 112 361
23 106 178
61 144 283
68 29 136
23 33 56
41 90 141
31 72 106
18 151 169
27 87 140
51 54 106
28 65 95
1 61 193
2 3 49
86 35 121
49 24 222
58 200 268
22 176 241
30 125 328
46 112 198
100 200 336
77 119 198
98 24 154
92 115 224
86 99 292
42 161 231
95 130 236
3 46 55
85 39 142
95 157 252
92 156 250
28 43 193
83 143 230
37 87 126
57 65 131
44 178 413
84 40 139
36 47 271
89 146 283
30 20 96
24 53 141
60 74 299
29 8 220
50 172 226
24 154 362
51 199 254
88 138 231
38 117 168
49 44 141
92 64 160
57 188 331
88 177 267
100 133 361
35 59 97
20 103 253
6 75 125
17 69 136
51 22 185
60 178 241
57 164 224
53 22 76
21 110 140
70 93 209
74 110 218
86 61 188
14 126 144
88 94 185
24 111 137
97 138 243
19 138 160
30 70 266
62 148 213
26 24 98
19 7 176
32 4 77
44 118 232
18 49 75
11 190 204
63 33 144
50 165 225
83 0 130
97 162 269
94 89 185
75 78 161
32 153 189
82 195 285
63 149 237
67 146 257
83 97 184
43 191 240
51 16 73
68 1 70
49 190 286
91 137 280
32 79 149
65 111 317
34 53 186
93 51 163
51 72 143
14 71 167
66 161 320
66 68 142
1 22 24
10 153 169
35 74 142
18 179 210
14 153 198
28 45 119
78 150 235
15 172 187
24 107 134
35 175 212
70 191 292
31 117 248
86 101 190
56 125 225
14 123 279
1 123 291
87 19 143
93 128 313
1 159 335
91 198 378
27 1 129
44 0 45
62 85 222
57 31 114
36 77 240
82 120 263
60 10 116
78 175 293
30 2 45
77 53 212
35 113 174
7 87 246
91 189 285
24 90 121
99 108 270
10 11 29
89 147 281
99 93 219
98 193 294
76 123 394
18 72 138
29 37 73
32 73 117
3 65 78
63 138 204
53 86 194
29 180 229
2 48 108
61 93 303
53 139 247
36 177 295
61 157 220
73 10 119
39 133 203
80 198 322
8 17 34
85 55 259
25 9 68
59 199 281
17 14 221
25 164 377
70 2 82
10 108 150
11 128 140
71 95 184
90 73 261
98 70 257
38 62 125
62 101 242
68 62 136
76 157 257
77 101 293
71 92 211
58 148 207
88 171 264
49 168 412
43 4 57
47 173 351
59 93 158
69 136 207
89 133 228
92 197 295
82 162 374
4 116 205
63 50 133
51 149 218
10 28 48
58 56 154
100 150 285
13 145 166
76 150 276
31 73 128
78 100 188
25 95 153
31 167 213
41 165 257
40 197 247
54 52 108
47 17 102
72 174 279
38 137 200
4 104 115
52 124 185
2 171 189
72 194 285
8 132 141
87 143 266
47 116 222
73 111 193
64 183 278
82 96 181
3 199 328
55 164 223
58 168 273
63 158 254
21 90 118
57 89 184
92 87 182
85 196 412
41 88 172
33 41 76
13 169 331
54 184 383
21 155 185
65 91 305
100 144 257
1 43 126
51 142 387
26 135 280
42 92 142
50 169 226
3 150 159
61 133 206
12 30 73
86 37 129
83 99 227
76 95 220
12 31 143
36 164 210
39 28 76
72 155 265
80 108 197
70 199 306
48 143 200
50 130 299
3 0 71
83 39 123
58 78 157
82 57 145
17 33 88
37 154 191
16 25 79
32 62 98
46 36 103
89 200 299
64 116 362
81 119 378
11 26 208
84 81 272
49 151 229
77 151 352
30 57 274
46 140 190
56 161 232
96 96 195
43 8 204
91 157 257
85 117 211
83 13 105
70 48 182
28 195 223
9 100 116
74 192 275
79 158 289
82 69 154
39 126 169
34 23 96
36 149 191
29 39 103
80 138 221
69 47 253
84 163 267
2 65 67
69 167 403
45 34 82
74 50 304
50 129 182
66 156 292
4 44 78
61 145 231
8 89 138
42 114 164
2 89 92
27 153 211
8 122 167
85 149 237
33 89 123
76 53 134
48 174 405
56 175 241
71 114 231
8 199 208
85 10 98
15 62 192
38 161 229
89 182 276
46 101 155
46 84 291
55 45 110
92 152 429
52 53 113
70 99 223
83 80 199
30 99 133
92 151 399
1 197 204
60 40 133
72 137 214
86 78 172
72 194 271
9 149 162
86 131 266
58 46 207
39 131 306
8 104 112
94 186 467
35 99 169
78 189 270
72 136 351
15 68 111
14 54 142
39 1 48
21 149 176
69 154 227
15 163 279
1 130 131
86 199 287
8 112 123
21 44 107
15 68 90
31 63 246
54 176 309
45 174 225
94 1 115
39 10 220
49 37 103
84 77 239
27 194 260
8 91 109
80 83 163
16 54 70
43 62 246
73 128 202
29 125 249
70 15 97
74 155 240
10 50 69
42 169 219
86 38 256
6 167 297
9 127 177
14 119 147
43 160 216
19 159 351
48 145 238
94 12 136
46 117 169
84 199 472
76 38 145
22 59 215
58 57 123
52 25 86
21 186 220
63 106 261
16 86 115
40 195 243
57 18 77
85 190 313
59 140 205
10 57 187
7 121 309
95 25 267
67 72 146
5 118 189
87 1 110
58 192 431
47 134 183
98 0 185
41 172 258
54 112 172
87 27 149
27 32 68
45 197 249
31 119 154
52 104 214
18 173 196
98 110 216
70 88 330
25 192 224
46 43 111
2 161 173
55 59 124
62 130 198
39 69 114
12 82 284
98 157 266
9 186 281
74 38 119
96 33 134
5 182 194
