780
27 175 231
77 190 391
56 100 244
41 141 202
85 120 206
20 87 114
88 82 171
57 134 237
75 42 149
96 95 191
84 132 224
95 187 308
80 36 125
9 137 256
82 137 392
41 198 275
7 87 98
64 22 87
80 188 278
80 110 200
5 77 128
17 150 174
10 29 42
1 35 42
95 60 161
31 97 169
79 39 259
55 107 162
90 6 141
81 33 152
97 89 194
5 100 260
28 37 71
3 61 67
30 143 179
79 57 141
56 44 110
12 39 79
69 178 257
32 59 113
47 190 258
14 74 116
66 71 146
76 162 248
63 87 314
18 126 190
70 66 175
83 149 324
9 140 159
100 81 360
8 96 106
35 25 68
34 13 63
32 146 183
55 90 183
30 194 231
81 33 124
28 164 212
29 164 362
5 127 152
73 188 291
98 26 285
98 112 303
79 187 271
47 106 211
50 79 262
98 20 122
3 124 131
82 145 252
9 9 102
80 144 268
89 88 223
86 167 287
25 27 241
99 155 260
63 32 101
12 108 142
26 113 253
27 78 109
47 1 79
89 40 130
84 65 276
77 26 188
94 140 244
87 38 155
22 80 209
17 129 151
52 162 258
7 94 111
3 63 116
94 77 307
90 125 384
12 56 110
53 17 82
54 165 267
68 85 169
45 180 235
98 179 278
52 143 227
39 30 96
43 125 213
75 160 238
73 41 158
26 147 207
79 195 277
57 159 221
31 134 167
20 192 212
42 10 229
58 147 404
66 1 73
21 54 81
25 195 229
54 70 130
92 155 257
61 30 100
67 197 320
43 131 184
68 152 223
2 37 48
24 46 77
28 111 146
21 39 213
56 189 249
5 83 92
79 23 205
12 5 57
51 191 252
95 69 166
60 59 129
66 34 100
4 109 249
83 95 185
70 11 123
70 76 158
40 52 285
28 38 201
47 178 225
79 124 272
39 130 338
30 0 105
23 148 177
37 94 137
29 176 205
39 103 183
85 186 278
32 126 159
26 1 34
48 24 75
88 47 156
68 13 88
82 165 257
2 61 114
62 136 198
5 85 139
96 19 143
63 66 222
82 91 215
95 177 274
3 168 213
84 111 205
26 161 351
32 70 105
19 178 201
2 78 88
4 154 186
74 47 140
82 46 277
61 65 134
50 113 213
81 156 245
40 7 49
39 162 205
51 179 239
47 73 123
56 146 208
29 21 70
53 90 152
92 89 224
1 49 81
78 151 418
36 120 162
9 100 259
9 122 134
52 192 293
94 190 294
42 43 97
8 60 114
2 46 201
44 182 394
82 188 279
83 62 319
26 19 50
67 61 138
12 85 101
16 44 73
29 101 133
39 79 162
21 112 140
99 66 186
82 190 273
12 189 207
88 60 174
75 174 253
58 155 233
62 98 169
27 155 191
32 126 258
25 79 111
75 142 225
92 151 247
61 164 229
97 6 152
70 190 301
12 189 249
14 141 155
81 148 239
14 110 128
97 96 235
37 94 131
64 58 304
83 199 309
18 177 216
12 158 187
19 183 346
33 125 160
49 28 79
36 153 247
90 111 212
70 119 228
14 48 112
12 109 318
56 41 100
64 19 139
35 116 155
6 16 58
57 131 237
89 33 131
51 62 266
28 116 173
17 51 93
2 176 181
39 172 217
51 44 100
92 166 259
16 110 168
84 200 287
36 61 144
84 144 228
90 52 337
31 61 130
44 195 373
29 94 228
17 108 126
9 160 205
92 158 254
88 128 403
93 11 132
65 113 192
73 127 328
77 170 317
80 75 164
92 107 372
24 182 212
79 199 291
22 154 324
85 158 244
7 188 318
31 131 192
68 102 186
84 83 259
87 112 203
12 66 223
35 197 297
77 56 154
24 64 93
48 163 221
4 72 84
3 50 91
37 132 174
94 62 306
5 105 175
6 162 237
25 127 158
76 107 193
94 135 239
30 46 146
70 9 88
53 86 144
98 165 264
74 126 246
60 71 247
1 96 103
31 72 109
70 135 249
87 99 194
21 30 96
39 134 244
54 59 117
52 29 196
67 152 382
77 70 291
5 199 239
65 138 232
1 94 132
26 164 219
7 141 238
50 134 187
62 179 410
1 23 100
20 67 94
10 124 141
36 134 178
19 154 259
14 110 148
12 48 69
70 113 199
90 61 263
38 54 97
32 191 227
50 188 242
60 13 109
18 131 152
59 28 92
38 104 143
23 120 160
2 130 188
1 171 178
58 168 232
20 19 43
79 85 169
38 107 145
61 120 212
44 176 329
83 52 185
7 113 134
25 200 274
49 60 113
65 47 301
9 108 313
76 149 230
40 150 196
15 176 207
41 47 94
94 94 209
27 60 88
77 59 315
37 14 205
85 73 160
41 111 171
49 4 98
16 54 259
85 50 146
83 72 258
2 74 228
22 0 85
35 50 123
65 41 148
82 85 211
9 144 191
52 69 318
50 152 219
1 145 256
58 141 274
34 27 202
4 180 377
40 140 182
83 159 371
95 176 361
47 185 239
10 3 72
38 160 211
100 81 230
29 104 185
85 127 221
96 111 208
87 180 303
18 192 210
35 79 119
36 13 133
51 167 249
49 45 242
63 129 196
39 160 237
55 25 83
24 89 113
91 5 128
20 54 78
58 112 351
14 56 236
11 29 48
58 83 162
98 148 259
27 39 66
62 162 224
59 195 395
97 80 183
4 33 40
46 36 85
53 174 252
10 139 189
68 153 364
44 177 221
35 95 165
87 182 428
8 3 21
46 0 71
87 56 159
24 103 168
2 24 197
20 109 138
50 19 78
54 28 194
77 16 126
82 62 213
96 75 251
41 98 149
17 77 116
49 114 187
71 180 271
16 40 104
36 173 374
4 142 154
61 40 108
1 38 42
40 141 264
23 174 292
5 111 124
13 5 192
22 3 55
25 157 206
23 49 77
70 182 258
54 45 99
40 171 410
44 147 192
37 67 186
16 99 315
38 82 273
6 190 364
66 110 208
99 138 237
78 9 93
38 125 327
16 167 371
11 198 217
15 120 170
86 0 95
36 93 161
15 104 128
86 54 232
17 182 363
65 79 148
25 48 273
20 17 175
54 193 283
38 1 65
40 45 121
14 112 144
66 60 268
76 163 281
18 123 149
7 120 156
36 134 259
34 75 291
94 28 122
41 124 172
92 167 360
36 9 58
46 14 64
12 44 65
2 147 215
21 168 238
75 25 272
83 108 304
47 130 352
4 194 381
90 54 152
39 130 178
54 111 194
58 0 172
21 124 238
44 16 67
48 69 141
61 30 116
26 138 283
21 182 311
41 125 282
35 89 128
78 60 307
18 35 58
54 77 141
5 111 116
83 117 208
38 65 231
80 200 326
9 79 125
5 26 34
79 158 240
93 105 206
88 122 239
4 19 156
98 44 142
64 93 160
80 12 174
85 193 279
34 78 240
16 32 75
37 52 284
14 3 25
71 26 119
92 153 264
76 92 171
7 99 143
61 21 187
21 127 148
21 90 113
53 3 62
10 200 325
97 139 263
66 104 175
49 98 172
30 160 197
5 159 273
82 133 241
93 14 143
95 45 143
22 90 275
46 103 165
25 7 115
81 28 220
6 116 122
20 141 201
58 143 393
23 10 39
94 125 301
55 177 406
81 178 265
50 62 135
61 60 121
29 4 34
100 117 231
29 145 176
1 31 54
8 34 45
83 91 179
47 53 104
96 193 305
11 99 127
60 82 147
20 143 171
87 175 294
75 19 102
43 145 196
31 115 265
32 40 120
73 193 289
90 65 174
98 147 286
67 46 184
87 143 255
41 44 94
99 124 232
63 71 166
89 6 295
10 60 257
100 58 163
17 144 162
58 171 236
8 177 186
14 66 143
82 129 239
42 45 88
59 174 250
11 91 105
97 195 307
50 54 293
37 51 145
100 71 172
92 151 282
84 50 192
19 161 188
46 155 244
91 159 428
42 123 172
37 61 107
90 104 202
40 68 299
96 151 381
80 27 146
71 163 383
67 184 272
15 193 252
62 45 115
50 143 199
61 91 152
36 190 318
83 170 262
11 160 174
91 87 304
33 7 50
13 56 115
49 98 173
88 187 291
30 198 232
63 15 97
34 23 182
51 17 69
43 125 172
61 57 119
58 65 136
29 61 130
46 136 184
13 10 178
90 168 301
93 181 317
40 30 78
30 169 210
14 5 22
97 155 253
9 46 80
23 10 36
58 93 160
67 20 89
52 106 190
1 189 327
30 92 244
91 191 380
99 156 285
2 142 220
48 61 111
88 57 163
7 188 205
69 74 178
66 97 163
90 127 384
99 85 317
81 198 281
74 12 118
95 4 107
1 31 44
16 88 110
12 65 117
42 113 202
40 120 207
39 157 272
68 146 383
66 91 164
62 177 246
15 72 99
29 7 66
2 146 271
36 197 327
57 198 285
5 15 23
58 179 254
89 56 164
56 186 333
36 166 203
74 30 188
86 179 358
19 161 223
16 166 212
43 96 225
77 3 112
14 70 137
5 174 258
52 156 218
1 199 248
42 12 54
37 6 150
1 104 280
79 7 271
3 14 25
33 42 98
91 141 238
24 187 407
56 193 432
53 54 153
33 56 263
53 154 215
4 76 88
86 168 254
42 29 185
74 6 86
84 127 241
12 153 173
93 196 323
61 130 346
34 189 240
56 81 294
83 48 144
37 13 55
86 19 233
27 137 171
43 32 119
9 105 260
50 153 245
53 187 279
14 38 123
66 71 326
88 16 148
52 143 210
68 48 144
31 50 128
43 78 125
94 20 115
80 114 196
85 30 148
16 75 117
15 187 228
61 32 188
97 12 116
64 100 303
70 137 217
13 112 251
59 197 260
37 7 200
25 69 116
80 40 156
9 44 59
77 128 215
20 70 117
79 122 245
15 199 365
92 184 284
28 61 89
20 36 60
83 169 259
8 163 172
63 110 222
80 42 128
9 36 61
64 73 186
43 188 236
44 35 81
94 98 233
82 153 245
64 135 209
5 7 15
80 69 190
56 126 364
86 48 180
92 57 158
90 41 176
96 99 240
36 47 214
46 86 220
54 46 138
54 170 268
59 69 129
98 50 149
30 146 177
42 136 217
6 132 278
72 49 170
69 7 81
5 47 74
33 147 194
92 165 304
13 161 195
1 104 123
25 63 244
33 65 126
5 68 83
44 143 190
27 131 165
100 55 155
9 140 161
48 197 251
31 53 273
78 99 179
91 198 487
66 162 235
19 44 207
91 19 297
62 15 80
64 49 121
87 55 143
10 7 162
