540
52 189 404
61 118 196
43 144 197
21 177 217
27 99 161
65 6 164
30 145 313
40 31 84
24 177 256
24 41 66
52 163 228
24 105 139
37 138 344
81 104 203
97 119 403
27 92 150
59 160 228
98 127 337
16 98 309
69 97 166
73 4 87
36 109 146
84 93 184
6 33 40
61 69 137
53 2 72
95 152 387
12 1 51
30 82 124
46 157 249
50 178 404
29 134 171
54 54 108
42 4 49
84 89 182
2 141 200
85 182 307
34 116 155
43 195 242
46 45 114
50 180 249
78 62 161
66 194 265
35 142 199
9 114 136
7 110 119
31 52 93
75 129 212
52 2 134
22 57 90
94 68 162
89 125 215
73 11 118
15 122 139
33 161 203
70 88 265
91 157 280
12 21 48
4 29 36
58 175 364
29 183 229
35 127 286
56 51 137
75 152 332
86 87 203
76 2 97
32 13 48
47 125 212
49 131 180
24 32 99
67 189 265
52 127 180
77 132 230
19 34 94
38 41 165
40 103 316
9 64 106
34 198 239
44 147 236
95 8 112
53 167 234
38 18 59
65 168 239
3 135 148
37 17 75
29 184 361
43 188 248
18 13 31
7 186 291
25 86 111
60 66 152
67 44 113
43 31 74
73 141 220
98 109 217
94 14 250
44 149 196
92 39 194
53 125 183
83 85 175
98 135 282
16 68 128
75 106 183
84 82 192
51 47 101
35 178 218
38 153 217
21 154 182
80 57 142
9 50 99
32 145 178
71 112 219
96 34 263
19 115 320
47 138 205
4 80 111
4 80 118
18 140 320
41 103 149
50 154 219
21 192 392
12 147 205
62 39 220
29 182 217
41 90 202
47 70 231
50 139 195
7 102 116
20 94 119
95 119 249
75 5 84
82 18 124
74 59 136
97 113 390
42 162 204
90 62 241
24 38 82
45 112 167
37 98 304
37 154 201
94 171 370
36 159 211
89 84 180
33 24 66
41 116 182
89 11 291
35 3 50
39 5 73
56 165 381
6 45 56
92 176 279
32 189 224
43 200 415
33 165 202
2 38 47
83 23 152
90 65 171
86 91 236
16 82 106
73 144 254
72 142 255
69 183 252
66 183 253
98 51 153
89 64 157
92 103 304
22 197 229
23 106 135
26 150 176
7 67 84
47 190 263
88 117 236
29 119 348
43 71 117
50 41 95
64 168 401
91 34 306
80 100 189
56 180 236
88 137 415
75 172 264
59 53 135
82 112 202
1 63 215
59 129 196
77 120 207
30 14 46
98 103 372
42 33 170
63 119 200
78 65 184
52 57 116
86 154 242
36 23 60
77 175 425
40 13 99
51 159 215
64 144 212
8 168 185
26 158 231
59 79 143
49 86 135
87 115 203
97 194 304
54 43 105
64 198 270
70 99 178
46 61 107
99 20 126
20 173 365
48 143 234
16 140 304
8 181 303
30 50 122
39 22 110
22 48 96
71 54 157
45 37 130
93 43 137
13 129 148
84 106 196
94 33 164
66 189 405
57 157 245
18 37 63
70 169 240
63 1 65
67 130 243
14 129 244
48 63 121
43 53 98
9 106 124
77 98 330
57 156 220
35 145 190
90 89 186
91 147 306
97 124 308
59 8 70
72 183 408
11 189 389
50 174 294
82 109 209
4 87 215
34 52 88
1 47 58
79 133 234
7 85 267
4 78 183
2 26 103
75 197 278
5 103 151
1 4 13
1 74 86
41 105 281
16 83 101
70 24 125
71 200 311
32 19 99
12 157 173
4 88 97
75 153 232
36 4 75
77 114 201
70 151 243
17 164 191
15 93 147
35 146 374
85 36 155
20 131 161
64 18 123
13 56 72
62 169 273
19 52 207
50 37 120
42 200 292
38 106 155
98 125 231
65 6 255
50 189 250
98 41 235
83 200 285
48 105 248
36 4 50
67 170 247
17 114 133
60 107 168
3 5 34
96 42 141
93 148 394
65 7 78
8 152 195
49 65 178
16 106 183
80 163 393
42 141 255
44 72 213
94 107 242
70 53 129
11 8 135
30 113 271
50 102 162
85 126 322
87 156 250
51 102 170
81 186 268
36 163 202
91 31 124
58 64 147
64 96 162
72 88 179
5 138 154
59 98 166
91 157 389
83 17 118
87 57 148
18 182 234
83 35 123
17 111 138
88 129 230
12 8 202
34 83 192
22 94 131
92 121 252
15 111 168
39 182 222
58 35 102
68 5 83
45 38 110
73 199 281
15 177 236
72 191 308
98 151 278
23 101 128
60 143 245
97 57 183
8 44 111
39 89 134
75 110 194
1 91 96
84 172 294
38 119 180
36 15 61
96 102 204
54 43 129
30 172 298
48 100 236
13 147 188
1 153 164
46 44 122
64 191 255
26 167 327
76 9 133
57 77 312
43 163 234
64 67 136
4 35 73
92 23 177
64 147 240
65 140 253
54 126 220
37 187 232
54 175 232
6 39 45
71 36 142
55 200 372
61 101 212
61 32 137
75 36 149
32 59 111
78 54 171
87 62 316
76 154 379
89 42 136
80 23 215
97 76 174
29 15 92
6 145 312
58 90 306
77 175 287
17 171 189
69 120 207
70 183 267
89 184 283
68 148 318
78 188 272
86 67 178
61 42 109
77 190 274
99 33 174
24 100 279
2 60 75
8 155 196
72 61 135
23 72 139
80 103 231
4 123 151
87 163 257
15 98 132
45 31 269
76 78 171
7 103 152
90 95 307
44 20 74
13 130 151
30 143 271
23 42 67
11 40 84
54 71 132
72 60 151
56 163 236
65 104 337
92 146 239
32 25 57
8 194 323
52 125 190
79 60 221
29 154 185
28 39 88
45 39 93
91 180 418
82 193 291
49 59 118
85 151 257
79 63 235
47 200 252
69 141 214
35 15 67
42 191 242
70 176 271
12 118 292
59 13 100
73 181 264
13 76 138
85 5 90
21 174 205
33 158 296
87 53 246
87 9 103
8 139 157
75 194 292
99 44 191
14 63 100
29 23 195
73 186 266
63 172 272
3 15 35
70 148 306
26 66 97
24 59 86
66 10 273
63 29 96
47 41 134
36 31 178
74 160 284
87 132 254
18 32 97
25 26 72
63 163 254
18 3 163
20 50 71
49 140 197
1 58 88
51 122 200
86 20 134
23 198 252
73 111 187
35 106 143
32 67 145
49 7 63
71 61 138
75 111 266
99 118 235
29 177 366
48 97 169
98 50 188
53 127 181
56 191 367
45 78 139
24 66 96
77 155 240
58 165 229
14 54 111
25 83 123
43 55 119
19 76 131
10 118 227
23 97 156
48 118 224
84 51 139
28 17 52
56 36 97
16 25 90
8 37 55
52 64 313
72 113 189
28 34 71
59 16 187
4 165 178
50 32 107
76 71 152
12 157 176
23 117 180
50 6 59
69 183 273
41 197 274
21 45 131
22 165 194
32 167 209
100 185 299
24 14 68
46 147 217
84 81 175
75 50 133
35 9 44
48 99 151
13 129 144
17 135 158
78 126 206
44 122 167
16 117 182
19 99 165
8 128 136
36 20 62
67 61 129
49 109 204
6 8 18
22 190 270
16 16 180
88 121 218
89 76 170
100 138 246
12 108 154
11 142 271
28 79 230
23 29 84
89 94 191
61 123 186
24 184 259
34 106 184
