810
96 170 269
87 127 232
26 85 160
66 159 243
72 18 90
59 160 274
87 47 258
32 65 102
60 140 277
82 168 258
65 13 95
68 92 245
62 45 130
75 126 306
8 136 333
11 60 106
16 23 44
2 117 138
99 58 167
1 59 66
70 80 158
72 154 236
87 140 232
57 164 224
12 46 106
3 18 26
19 149 185
61 149 359
22 185 233
70 74 159
2 113 193
41 176 321
3 144 224
16 43 63
2 193 204
32 10 148
36 38 212
8 87 171
84 11 107
16 66 238
71 17 98
98 200 317
54 140 204
75 86 351
87 181 293
68 14 87
5 15 30
91 137 350
55 133 216
87 88 359
16 1 27
26 168 198
74 161 268
22 91 113
1 124 127
70 182 275
91 143 316
87 117 370
77 177 258
95 28 144
68 9 118
38 148 209
48 1 75
21 115 218
61 110 171
47 68 142
79 93 195
29 131 172
21 37 174
52 21 148
82 128 253
69 32 105
98 67 280
100 199 302
45 107 197
91 192 309
15 16 230
51 24 243
58 60 167
24 84 113
43 58 124
28 61 94
54 159 227
22 198 329
31 161 201
50 178 235
95 124 243
22 92 286
38 32 243
33 86 120
44 3 50
65 146 380
74 77 160
95 16 119
18 123 149
70 47 166
25 35 82
25 95 126
61 32 137
32 98 154
64 72 138
64 145 226
45 174 237
70 179 249
98 69 316
60 82 221
97 4 146
94 191 324
36 38 76
64 94 302
32 184 222
34 34 121
6 142 187
38 97 227
62 80 148
96 71 280
87 162 254
17 185 256
48 149 210
95 117 236
7 162 175
73 2 161
50 150 208
6 57 72
97 37 141
85 181 299
23 9 37
85 192 327
6 165 176
3 138 141
20 135 164
100 193 330
80 27 144
74 74 240
52 134 189
22 184 213
13 40 120
28 197 265
44 126 173
89 77 182
6 34 122
97 172 270
40 196 263
56 171 237
94 144 286
100 116 221
13 103 121
54 49 113
59 67 131
65 22 87
69 20 125
89 38 130
61 0 106
72 84 330
66 89 199
85 11 149
93 0 140
74 125 234
37 10 53
92 179 275
92 78 308
44 73 200
16 190 230
20 67 88
8 191 218
21 48 87
40 4 155
12 30 43
27 104 134
7 60 113
86 109 200
29 175 317
63 94 296
19 138 255
86 102 218
39 24 63
81 89 184
62 73 193
13 198 216
89 11 195
8 77 109
15 122 263
43 192 244
1 171 180
10 102 183
6 126 135
35 23 61
58 57 264
33 42 152
92 189 313
63 160 258
85 26 297
76 168 245
48 101 159
77 190 358
54 77 133
68 173 288
70 4 181
91 143 398
4 166 202
33 161 334
88 23 111
76 148 228
41 199 245
25 38 119
42 134 178
57 65 168
29 134 165
85 91 200
2 141 153
18 92 111
99 186 292
82 84 181
27 187 252
74 27 148
67 191 258
12 102 304
88 107 379
51 104 157
17 99 253
51 158 331
97 150 255
76 157 267
11 199 251
31 123 158
31 17 49
69 165 238
73 17 126
98 121 320
37 68 262
37 125 196
99 73 183
80 76 234
80 75 160
4 165 171
19 173 237
91 148 386
7 29 58
15 183 211
60 127 230
90 94 184
64 109 187
32 95 165
11 88 170
48 165 273
8 89 97
37 196 269
82 65 148
74 141 222
55 46 190
29 4 40
44 95 149
26 76 115
54 27 114
40 95 140
63 185 343
97 128 288
78 18 118
37 62 108
70 54 126
46 109 171
5 122 231
95 97 196
1 70 151
5 148 163
90 165 283
51 161 222
13 82 99
22 97 127
36 133 178
17 98 195
4 159 221
30 98 133
35 11 149
10 33 53
20 132 153
53 147 400
64 109 174
28 74 126
20 12 78
85 53 183
26 130 159
49 164 389
91 170 269
99 138 270
45 147 239
2 6 84
13 126 146
11 7 21
91 134 263
97 141 385
34 198 420
20 39 62
42 89 139
91 184 294
95 175 306
43 73 143
53 87 150
84 62 149
15 50 104
50 105 162
8 51 203
99 106 209
89 67 162
93 187 396
57 23 219
93 1 101
65 24 98
87 90 297
100 51 341
14 70 89
69 0 73
93 28 142
55 150 208
68 8 79
22 31 89
39 185 233
44 59 106
13 195 259
90 86 176
100 193 308
89 139 269
43 5 165
80 79 283
9 167 183
59 168 414
36 198 348
51 10 67
19 41 70
70 48 125
52 11 224
99 51 231
27 174 373
87 178 413
28 18 72
9 109 201
11 61 77
22 121 293
42 7 94
38 32 77
43 185 251
75 28 110
41 53 194
68 166 240
56 123 335
100 161 276
85 179 282
47 73 130
99 107 208
94 104 271
23 24 52
68 13 87
63 197 275
75 105 361
81 94 343
59 188 322
49 88 172
50 150 280
43 2 221
89 95 225
41 180 222
31 183 366
38 153 192
93 88 184
11 51 229
8 191 207
47 122 187
24 176 225
20 146 209
41 181 236
40 77 125
63 181 260
96 48 148
15 88 111
88 82 203
40 98 148
86 70 158
29 143 179
18 108 200
81 169 257
41 47 97
53 133 206
90 30 270
5 174 186
68 100 217
26 180 211
37 27 98
68 37 112
36 76 178
87 172 274
81 69 293
99 0 104
32 51 221
76 80 158
80 43 129
100 12 120
100 194 302
77 61 147
44 32 97
6 114 129
99 48 188
2 15 26
21 64 94
68 88 253
19 107 175
53 137 333
94 29 129
32 18 192
11 49 176
29 56 121
72 132 207
42 5 93
88 115 341
52 0 74
48 192 253
50 64 174
51 36 181
44 140 185
19 150 175
31 76 117
17 8 46
27 89 310
96 17 156
95 155 259
98 31 162
50 118 174
25 93 118
19 175 196
82 197 284
75 42 240
29 20 53
9 20 85
82 166 257
71 148 315
53 67 130
85 185 319
15 13 38
29 56 89
38 163 332
32 157 190
55 190 251
61 88 198
71 59 139
72 6 85
6 120 154
82 137 226
64 90 160
4 16 21
97 73 170
85 71 160
6 161 217
52 101 180
35 189 377
100 115 271
10 88 145
2 116 125
61 67 172
22 48 97
91 54 181
20 17 83
45 59 146
60 25 135
64 7 119
33 158 226
5 50 59
71 199 361
32 65 128
40 65 138
20 84 124
60 3 70
62 34 169
52 83 147
44 115 160
93 170 449
2 154 320
52 107 355
84 198 287
29 102 148
72 102 195
56 161 263
25 109 181
31 173 204
87 127 340
53 94 151
32 164 306
48 182 235
45 179 249
85 101 189
13 174 188
49 83 137
96 197 317
87 191 322
43 92 135
24 37 82
35 28 69
1 119 151
20 116 144
81 21 103
95 179 455
45 73 123
96 93 313
76 193 272
13 24 166
58 187 249
94 175 277
59 55 204
4 175 196
76 178 387
59 52 127
91 194 291
96 49 179
40 125 182
8 198 248
45 60 146
65 53 268
69 167 243
25 170 219
77 6 91
38 21 86
69 150 323
31 67 100
29 156 209
93 70 304
6 56 237
83 22 115
4 157 169
9 172 181
8 159 180
10 53 112
68 129 201
47 80 157
92 57 152
31 53 90
35 46 115
78 48 126
28 142 338
81 180 347
60 45 114
21 121 144
17 79 249
74 130 214
93 38 154
14 103 146
50 40 91
99 172 282
81 20 107
64 19 113
1 127 259
20 15 183
79 106 191
65 156 362
50 48 132
42 42 87
29 141 187
11 32 61
81 197 475
49 43 110
75 100 183
44 168 218
77 172 257
21 67 205
96 27 128
31 10 76
58 67 153
90 195 332
61 115 179
4 65 248
84 50 140
67 164 414
55 71 128
3 14 27
93 56 176
65 95 334
14 75 285
62 76 240
38 99 141
94 179 472
72 197 276
7 119 126
87 108 197
87 45 239
68 32 114
62 112 206
97 128 367
51 112 208
99 183 311
85 154 241
90 176 273
84 170 260
34 126 192
78 58 143
65 187 343
22 43 66
94 97 201
72 18 115
45 1 50
40 93 141
14 56 207
100 132 237
8 103 130
70 162 293
63 76 166
24 156 190
7 111 245
5 4 29
24 180 212
96 98 240
37 62 128
25 76 108
10 46 59
52 70 124
45 80 297
12 96 118
12 176 235
62 164 226
34 43 116
94 12 150
73 82 330
73 116 193
42 8 188
94 177 403
83 49 169
45 12 58
16 16 36
81 5 113
5 195 204
58 80 140
100 118 265
97 103 226
4 79 87
8 81 91
13 136 195
55 46 108
64 163 320
83 122 206
68 60 130
27 71 98
1 140 190
92 71 167
33 106 145
45 200 274
19 17 37
96 152 307
60 108 178
72 69 308
11 159 250
12 29 63
86 194 295
48 104 170
8 11 30
14 80 120
99 111 408
87 113 216
27 94 130
98 92 191
19 76 137
24 109 227
73 137 213
85 200 289
67 154 233
9 2 17
98 73 220
22 85 152
23 58 85
96 13 151
10 28 54
74 171 430
89 168 263
77 22 146
70 150 377
14 144 255
81 136 222
65 144 244
12 18 61
28 143 214
52 35 105
89 166 300
52 194 361
9 60 183
8 109 226
94 6 156
71 102 209
36 64 201
26 54 167
75 96 206
98 57 155
34 66 115
59 12 81
77 65 146
11 142 186
98 100 200
30 178 378
67 106 181
41 19 68
28 102 301
62 152 283
57 100 178
54 164 405
38 191 375
27 116 146
27 85 117
46 154 234
88 22 119
20 68 95
15 50 183
22 92 118
30 72 109
85 17 102
35 109 171
39 37 143
73 116 190
91 74 364
74 53 134
48 117 170
5 182 236
80 131 246
84 164 257
49 164 219
57 73 131
2 115 145
40 173 324
32 95 173
80 68 193
99 109 211
45 118 171
20 102 145
80 32 159
17 54 91
14 154 193
33 68 109
92 15 108
70 101 266
13 78 255
66 102 191
45 71 215
24 116 149
100 6 141
56 23 98
83 171 258
95 73 190
59 5 107
26 192 274
14 34 99
94 193 295
90 166 278
99 173 324
8 61 70
70 2 77
35 113 189
89 92 363
14 0 24
79 171 352
62 154 268
68 134 204
44 54 99
47 115 180
83 109 197
86 32 126
12 35 89
84 130 224
71 133 222
64 88 183
67 23 114
2 83 246
12 164 182
41 98 139
16 95 116
71 195 305
74 18 199
12 54 71
22 169 199
42 93 159
9 155 172
74 14 90
15 95 113
47 105 186
66 80 317
37 123 352
38 71 119
2 9 35
99 66 170
39 109 165
52 135 222
63 139 212
24 166 190
93 15 175
91 68 273
65 58 126
51 68 134
8 45 59
10 106 121
42 28 162
12 184 212
24 151 314
32 72 291
78 100 211
34 147 183
15 47 82
41 143 185
3 11 14
23 114 336
32 38 102
80 39 238
38 61 149
3 99 143
81 151 238
85 40 156
47 31 86
82 109 230
73 30 216
