270
54 166 318
62 163 234
70 161 234
51 179 386
35 171 248
7 105 122
57 118 176
39 139 183
5 72 257
66 66 141
87 194 290
38 189 410
97 167 301
20 151 321
77 126 374
54 146 200
95 98 213
48 200 258
94 73 169
85 88 288
47 199 304
16 174 229
38 183 339
84 194 281
93 131 265
37 130 174
25 33 80
60 194 290
89 53 296
76 59 283
12 94 146
92 63 288
59 80 143
95 119 226
77 124 210
11 57 142
19 89 114
80 189 273
16 114 134
82 97 194
29 161 239
1 79 206
43 77 191
7 37 90
74 161 273
45 10 141
68 144 216
32 0 37
9 91 109
79 114 203
94 173 282
5 196 247
45 97 152
72 161 244
20 130 348
11 25 86
62 59 123
31 56 119
61 39 103
45 74 141
87 168 266
34 68 183
1 17 86
100 72 221
66 95 174
13 91 256
61 186 249
62 162 227
54 38 93
28 45 208
59 123 185
19 56 77
52 8 193
92 154 251
25 177 224
59 64 188
57 138 230
92 170 272
22 23 88
69 188 260
16 187 208
90 187 324
37 124 251
18 84 112
31 105 136
20 12 35
49 29 84
51 81 133
18 111 316
7 116 135
37 90 143
79 64 217
59 126 370
43 160 236
88 39 128
3 38 43
70 145 255
15 98 150
18 117 140
44 64 116
16 187 303
50 81 146
88 163 302
96 189 358
55 174 231
90 199 478
100 102 206
77 55 153
23 67 98
3 67 93
50 176 234
27 58 124
58 164 245
83 41 226
49 13 137
61 179 418
98 57 167
99 31 140
27 95 148
78 56 258
47 34 97
15 9 134
18 131 270
60 9 106
10 20 36
5 173 178
31 6 169
27 66 268
23 29 97
90 80 175
81 3 100
96 152 255
47 88 140
1 105 283
8 52 187
13 73 135
5 117 130
34 9 52
74 75 151
34 123 164
100 36 153
91 146 248
39 52 98
55 142 230
12 2 108
80 102 187
80 95 176
33 93 156
15 104 123
83 22 209
45 71 120
6 30 36
66 144 248
72 189 262
45 103 162
53 47 113
98 190 353
4 10 162
45 123 214
46 33 197
100 59 162
31 176 216
57 166 224
88 173 376
68 177 330
29 164 204
65 36 109
71 190 269
19 44 81
97 25 128
96 1 232
32 22 85
1 59 69
50 18 257
62 104 186
58 21 87
20 194 227
46 34 125
62 43 115
56 39 108
22 199 227
45 96 144
89 179 276
41 53 188
88 95 190
83 165 261
27 107 258
24 195 224
75 177 390
13 189 252
61 6 70
94 20 238
61 95 345
33 52 86
32 181 351
28 109 139
54 152 219
16 5 145
60 166 384
46 160 231
64 3 113
88 8 104
82 75 161
15 75 243
51 16 250
87 116 237
76 186 299
26 143 176
78 92 197
32 59 107
63 130 337
93 82 206
97 132 230
70 158 266
9 131 141
50 195 385
64 174 245
30 146 359
47 28 98
49 174 247
39 3 91
6 191 198
87 117 212
71 20 92
35 5 41
29 150 184
70 84 281
34 57 91
34 142 223
2 181 193
100 67 183
63 3 68
86 83 198
79 129 251
49 19 237
99 189 295
23 41 65
1 139 140
61 7 73
85 13 124
25 126 186
27 110 139
48 98 149
1 140 187
27 4 36
57 137 347
29 166 205
31 182 343
39 29 153
24 63 92
74 117 195
88 110 201
39 21 69
66 186 257
38 74 122
85 119 208
1 5 10
90 23 118
12 177 199
56 31 95
43 44 233
2 137 184
36 152 249
14 182 216
4 77 91
42 18 73
99 20 125
87 57 150
80 35 117
27 9 78
