640
80 90 175
41 111 186
64 115 185
82 130 232
43 152 204
25 62 136
68 179 304
55 112 211
51 77 322
28 153 374
10 55 96
62 12 166
63 123 187
8 182 192
38 133 174
27 152 200
73 77 176
83 0 88
93 87 261
42 85 130
68 158 229
100 8 111
38 0 230
80 40 251
26 186 213
67 50 118
33 111 231
84 188 274
62 143 208
19 183 367
7 100 119
70 41 151
65 158 246
79 152 312
41 190 267
34 24 58
29 144 326
36 191 357
58 78 142
28 124 315
46 159 222
71 77 196
25 53 172
36 166 215
2 52 60
75 23 100
65 73 302
52 50 141
37 96 141
66 171 238
51 0 68
95 91 187
29 27 66
98 158 444
16 185 205
11 44 113
37 157 225
78 40 119
65 29 202
24 27 156
82 93 175
10 120 247
53 160 217
77 88 358
53 124 180
98 3 107
26 17 178
78 101 209
82 186 278
90 17 128
99 74 216
50 175 234
95 157 358
48 66 255
71 67 150
41 117 160
30 159 237
87 112 217
65 5 144
46 99 173
79 12 97
65 158 378
35 136 336
18 77 259
38 88 139
49 122 317
31 189 221
40 74 263
24 18 208
21 70 96
85 38 171
29 138 295
46 65 156
18 41 104
54 72 136
44 62 109
16 116 133
30 184 260
10 9 28
74 51 130
8 39 79
86 148 276
3 174 197
38 105 148
94 168 289
60 85 182
66 2 173
91 45 180
97 150 273
72 29 113
95 132 319
48 15 63
67 96 182
2 28 32
44 130 184
2 82 101
12 91 111
20 75 158
21 61 128
17 3 20
45 180 242
14 109 127
51 121 299
30 18 79
76 99 210
33 198 235
52 103 355
57 163 321
87 22 252
54 28 85
78 121 315
30 65 201
60 172 271
12 195 208
31 44 101
99 10 118
98 184 285
17 105 211
48 30 107
82 29 113
48 164 222
15 152 210
56 82 141
7 110 145
10 84 143
69 61 145
56 175 239
86 75 168
16 97 118
48 59 134
64 161 234
92 146 240
29 79 174
40 18 63
14 44 240
61 48 109
98 37 148
50 184 237
11 157 214
47 54 131
44 147 196
80 135 365
32 108 221
97 21 126
6 150 191
39 170 220
33 0 81
66 20 205
9 113 184
52 101 256
35 183 307
73 41 158
65 81 149
29 186 239
76 39 117
41 84 128
38 187 400
16 38 97
1 53 63
81 78 169
39 161 385
41 62 103
5 143 173
43 134 181
40 60 104
33 39 82
56 115 177
90 198 291
32 76 141
69 156 234
19 110 151
91 176 271
19 149 178
55 59 152
22 114 327
6 164 330
22 135 160
48 99 233
54 37 129
98 81 221
57 53 262
61 125 191
97 10 126
86 69 160
52 26 84
62 154 228
59 70 262
52 63 311
45 73 178
94 121 361
16 72 98
92 13 246
65 175 259
40 156 227
5 87 100
41 99 179
79 113 204
66 184 292
80 155 282
56 81 151
19 21 70
2 67 205
83 5 95
32 85 124
49 171 245
15 45 207
94 158 254
60 0 208
78 83 201
90 86 177
63 161 258
81 114 244
24 175 348
64 15 117
68 178 249
14 23 69
27 140 320
73 137 210
11 150 270
37 59 102
18 150 178
56 36 263
98 132 390
56 181 265
57 161 373
45 127 181
69 44 307
4 15 19
90 113 203
52 94 146
43 146 190
32 26 63
13 69 92
78 89 168
3 141 190
31 186 341
37 43 241
36 38 272
65 177 299
21 91 282
43 19 165
37 166 212
89 179 278
25 162 297
16 27 53
2 191 197
90 66 199
56 169 320
23 115 279
46 87 151
47 20 243
27 170 294
83 139 251
63 5 256
6 10 46
8 162 285
35 137 182
26 163 190
99 158 297
75 121 349
49 176 383
84 167 291
20 31 56
81 197 288
73 2 77
7 21 74
49 37 255
1 7 13
32 40 92
7 112 158
10 6 64
26 180 229
58 67 161
69 22 141
19 162 187
28 174 337
95 101 197
75 113 251
92 34 129
86 183 279
24 151 178
53 157 213
36 90 136
56 50 112
90 134 227
25 33 143
81 131 398
55 87 188
52 166 342
69 42 113
76 5 81
20 157 252
75 70 195
12 171 309
77 190 314
55 17 112
64 115 318
86 175 357
79 184 400
47 66 120
65 76 145
38 127 182
74 86 169
49 13 62
66 120 230
83 1 86
67 91 160
12 141 184
54 40 160
99 167 311
91 151 256
41 131 179
77 51 157
34 162 208
37 53 265
44 85 211
100 129 368
59 179 436
96 161 263
36 56 92
86 71 164
97 11 110
12 152 170
3 71 83
14 37 230
14 145 165
75 123 199
64 83 262
39 108 149
24 18 92
7 116 305
5 122 128
34 112 161
86 14 114
71 125 202
36 102 202
74 69 176
45 143 195
59 187 295
24 51 80
22 104 127
49 87 267
76 41 197
96 180 307
20 4 195
4 25 39
44 106 158
79 67 151
58 71 152
14 6 49
85 158 253
3 24 34
70 197 428
47 83 153
29 144 205
50 61 113
76 113 337
42 146 193
74 134 249
22 102 125
17 150 175
64 156 242
6 13 22
74 113 188
67 33 129
64 188 399
78 91 304
81 8 95
55 187 261
67 2 101
98 53 314
35 109 197
20 183 209
95 112 249
6 74 81
33 186 222
97 29 176
31 142 288
17 73 98
85 131 224
42 160 226
55 192 288
71 42 252
94 147 243
21 71 126
31 74 136
8 82 220
25 28 81
69 51 129
61 2 68
97 46 230
28 98 129
5 108 199
68 191 262
67 156 227
23 136 184
6 94 112
74 165 281
49 24 128
85 75 161
62 140 230
12 14 97
27 94 150
78 89 173
96 151 254
78 31 115
80 20 109
40 162 207
76 142 346
72 55 163
35 39 102
61 137 245
26 36 63
36 159 238
9 160 169
86 43 139
18 50 259
4 75 115
42 195 284
81 121 296
68 58 182
80 106 186
100 50 177
73 78 161
35 176 219
24 180 205
7 196 344
78 184 266
81 64 257
84 27 310
88 5 110
83 9 126
9 167 185
37 19 196
84 184 278
60 162 318
18 77 124
1 19 20
62 11 99
4 140 157
55 58 141
20 196 241
4 119 129
11 140 191
20 149 240
51 192 271
89 53 337
8 39 75
48 65 154
69 34 137
36 141 261
54 180 369
50 153 239
81 6 92
92 17 134
95 123 242
53 30 85
54 104 325
47 84 160
98 36 291
15 90 115
5 99 104
70 197 271
66 118 216
89 152 429
80 105 192
63 57 120
45 56 110
32 111 177
24 154 188
73 158 238
27 94 202
55 8 217
61 193 255
23 141 172
14 198 218
46 162 211
1 88 235
47 15 65
11 131 188
19 169 195
47 36 105
94 139 273
38 89 139
17 72 257
16 142 166
52 85 144
81 163 321
33 167 206
98 159 329
19 200 267
33 0 80
80 81 163
50 3 226
81 69 287
89 52 328
4 192 205
82 110 355
92 191 286
95 194 468
37 181 227
1 53 194
1 161 166
1 41 74
44 32 76
3 178 202
34 182 393
73 79 157
47 90 141
3 0 10
15 161 361
26 84 283
27 184 242
36 22 67
62 14 101
13 104 144
39 146 263
69 111 213
87 7 169
79 75 199
90 150 264
3 32 40
90 5 103
52 82 144
20 82 260
90 52 278
89 111 211
30 40 86
35 148 185
46 46 127
31 69 106
90 10 295
28 93 226
20 106 145
2 143 154
34 165 315
29 153 192
3 134 151
24 9 34
42 190 239
14 199 222
37 115 173
79 110 199
59 58 122
53 98 192
75 122 204
62 49 124
72 17 130
18 108 169
15 52 73
63 86 156
90 108 246
30 132 190
8 7 199
76 87 173
43 121 164
100 23 130
93 88 312
47 163 216
87 53 175
36 106 143
71 184 361
34 63 296
21 159 208
71 153 229
99 127 231
66 184 297
1 190 196
37 195 261
68 108 207
18 74 150
72 87 195
43 21 89
74 40 136
46 120 171
89 157 251
64 34 105
56 107 164
92 105 371
25 40 66
35 171 249
50 16 181
53 46 106
68 167 244
37 187 283
91 49 332
90 175 351
21 41 145
86 92 200
1 51 82
50 143 195
96 192 293
75 142 272
50 30 84
77 33 239
25 45 72
74 123 197
46 75 296
87 177 317
3 32 112
51 46 100
51 44 265
28 181 217
83 0 87
66 194 262
63 164 413
20 122 171
45 56 129
14 82 96
28 138 228
62 59 122
24 81 222
69 64 143
74 181 265
36 24 120
28 52 116
87 72 334
80 85 289
47 63 118
77 142 228
