340
59 76 208
82 113 203
87 156 266
99 87 196
39 191 265
39 10 102
20 32 52
55 39 100
30 139 219
91 121 225
18 43 103
74 51 129
29 119 175
45 81 128
8 60 204
59 111 366
33 42 76
53 40 181
41 7 57
44 135 190
33 4 40
40 75 160
7 25 37
69 19 96
87 76 169
13 169 187
24 108 212
85 149 236
66 90 245
79 128 275
47 43 91
76 86 162
43 68 153
83 52 239
73 99 208
79 139 223
3 47 207
96 72 183
4 110 121
16 16 125
64 144 209
62 10 91
80 173 286
60 1 105
46 25 88
67 77 188
24 87 113
94 102 205
18 109 307
80 137 293
7 177 194
10 188 311
13 107 137
44 86 214
84 83 173
86 101 260
35 40 169
27 36 67
4 48 62
61 163 237
51 136 213
52 151 212
15 36 77
71 72 281
65 137 206
9 168 181
92 12 107
25 113 162
90 83 175
82 155 437
20 176 215
26 41 204
13 46 109
86 134 254
19 23 64
6 194 249
29 139 173
27 200 242
84 100 195
45 76 145
23 131 240
39 52 106
42 46 132
26 187 321
52 62 184
17 195 256
89 47 145
81 61 287
85 43 181
66 68 179
24 21 45
37 18 58
27 126 202
45 169 215
90 18 111
14 153 168
67 110 212
45 194 432
48 112 194
33 188 226
49 132 277
12 167 185
29 173 205
73 174 286
62 137 261
31 168 208
53 127 239
3 34 39
41 185 345
75 54 156
6 172 206
34 80 193
71 97 171
3 109 157
100 88 204
83 161 247
59 195 255
69 33 250
47 71 226
31 117 177
72 80 152
81 176 394
60 62 153
33 74 140
70 121 200
57 83 241
75 182 289
25 123 258
93 62 155
46 135 183
36 87 129
10 165 179
52 80 135
44 195 242
38 79 164
76 12 90
4 46 59
10 107 178
69 85 163
67 134 203
64 183 267
25 44 74
20 167 217
22 117 281
91 140 244
15 104 131
95 76 214
2 135 274
21 115 157
86 20 196
35 57 98
37 66 153
11 187 206
99 197 344
47 76 170
20 180 202
35 144 187
96 117 217
55 177 234
16 186 206
36 50 259
62 162 227
52 68 147
64 189 268
49 66 120
23 170 240
31 165 196
39 95 177
64 105 215
87 180 283
11 64 216
32 38 243
41 61 207
18 133 162
99 137 241
22 30 56
78 186 299
41 39 82
84 149 237
71 116 188
13 102 115
11 18 191
82 184 295
33 88 126
91 145 242
83 8 205
44 139 344
57 60 140
69 35 169
64 18 90
21 16 83
85 45 135
13 1 15
51 35 238
12 24 206
32 89 145
29 26 78
4 143 149
89 66 157
7 90 111
14 32 85
90 63 158
73 148 270
33 48 177
74 86 169
97 59 163
16 40 75
89 54 195
13 193 310
43 20 74
18 98 255
48 168 221
96 126 236
52 39 139
78 45 139
34 199 239
49 100 167
48 49 103
25 88 134
29 102 137
61 44 169
82 113 361
49 146 222
21 191 236
12 89 136
74 144 232
46 3 92
31 56 87
24 95 288
56 31 93
76 152 229
68 191 362
14 118 138
52 130 241
66 87 258
45 164 243
9 125 150
46 146 198
83 84 172
80 64 194
69 57 132
51 46 124
36 19 160
18 102 163
92 183 283
60 74 151
10 115 238
64 82 156
79 2 84
70 8 78
18 149 176
52 132 194
46 101 154
55 162 415
49 3 65
99 98 340
39 150 195
8 142 163
92 174 276
2 160 178
89 28 141
51 129 181
100 126 236
70 114 218
78 84 170
10 90 106
58 101 162
69 195 290
71 137 407
15 159 234
99 12 111
63 46 200
94 81 197
77 15 97
25 111 139
13 21 37
93 107 210
42 76 141
60 101 287
37 50 217
64 175 269
93 120 228
32 27 96
67 174 284
11 17 98
25 13 39
49 123 191
20 166 198
64 130 235
34 35 122
74 149 224
75 115 203
46 63 116
50 122 184
9 2 14
24 113 189
92 95 193
71 180 389
26 86 138
52 154 213
35 161 196
58 64 218
52 145 369
31 90 130
35 113 191
60 18 111
97 173 295
65 43 110
84 61 301
66 27 98
72 97 200
36 171 246
70 46 147
18 26 195
97 113 222
16 83 227
42 12 94
13 161 212
41 173 218
52 108 195
51 159 219
63 139 208
60 133 200
63 149 220
14 199 237
32 124 166
82 78 323
87 144 251
70 140 240
27 132 161
93 123 341
6 24 39
64 119 225
76 132 247
74 51 128
18 131 183
47 51 163
31 199 258
99 147 290
62 139 210
