100
54 193 286
17 106 131
60 36 105
90 33 133
31 112 150
31 156 213
33 93 130
42 168 223
87 59 160
13 49 71
31 179 222
39 119 334
52 103 163
58 129 214
19 128 147
90 66 237
94 175 302
88 45 143
23 131 309
18 60 202
20 36 140
58 34 94
54 74 148
22 137 202
10 58 77
65 170 235
65 142 360
84 36 121
66 61 144
37 171 215
54 92 153
43 21 64
70 80 157
24 83 146
40 145 193
98 140 241
12 173 195
51 137 193
39 92 136
82 83 172
34 19 103
49 198 250
21 105 199
76 71 197
96 91 220
25 84 201
33 150 193
10 103 123
81 58 149
68 106 180
54 78 170
98 113 222
33 154 341
80 26 172
42 7 53
65 158 345
88 46 162
18 27 196
92 27 149
67 102 178
51 32 100
93 150 425
87 109 277
81 10 103
77 180 449
3 139 169
77 124 378
31 21 62
47 106 344
94 139 258
33 129 166
6 78 85
6 37 140
70 148 233
88 195 307
1 170 196
90 114 211
46 152 233
65 3 96
22 91 115
51 138 189
10 100 120
11 168 183
28 167 226
1 113 117
11 48 145
33 192 309
19 72 107
82 106 238
29 126 161
77 125 207
49 110 193
2 175 359
63 108 176
56 94 323
79 70 153
64 166 405
55 86 144
45 38 88
18 78 99
