130
13 170 296
20 115 313
89 135 238
71 32 111
84 113 290
18 42 63
63 169 242
100 26 173
61 60 149
1 143 269
24 136 167
37 148 324
76 5 231
31 199 267
88 114 314
45 164 218
42 39 115
14 135 180
83 56 140
11 195 216
12 70 207
17 105 131
68 167 278
80 96 183
79 158 268
84 157 244
43 130 180
35 16 78
88 21 115
25 92 123
1 82 107
13 95 117
46 176 262
20 133 246
79 156 392
7 32 49
69 42 119
29 11 136
60 156 219
35 108 148
9 111 170
54 125 379
47 106 195
1 42 66
36 61 98
65 71 145
3 172 369
12 164 180
86 164 273
29 53 174
32 44 92
49 3 148
1 159 330
1 97 106
7 48 240
40 130 173
80 135 230
71 197 451
17 142 177
71 196 270
48 95 150
20 114 140
77 179 259
93 181 465
34 190 271
75 10 123
90 162 255
71 146 222
94 79 323
51 6 198
57 154 218
2 43 100
15 14 39
82 41 130
78 4 108
9 33 81
79 126 211
82 111 193
12 80 139
9 114 148
80 199 394
29 100 133
75 28 145
16 118 190
86 148 243
77 43 253
27 128 276
78 35 133
17 44 69
45 32 251
36 11 96
36 115 187
97 177 315
19 150 198
72 158 294
74 5 86
10 196 213
29 181 216
70 153 231
52 158 259
14 14 56
66 147 237
19 92 126
96 12 109
63 36 285
95 42 139
25 51 122
84 196 286
27 171 206
88 40 154
77 176 254
85 131 250
47 122 188
91 100 192
43 107 160
29 151 230
90 180 312
9 26 38
97 148 276
74 193 332
60 91 192
83 102 188
98 134 345
57 48 223
93 46 199
44 117 169
83 100 193
8 63 89
80 197 285
7 17 161
