450
73 127 206
34 66 103
16 74 104
25 129 160
43 87 264
11 131 163
38 116 200
7 127 143
27 146 200
18 72 141
100 187 288
6 82 92
73 26 100
64 174 311
76 75 335
65 200 271
73 189 271
86 38 127
95 53 152
67 192 357
48 123 176
87 59 213
21 106 133
44 19 171
94 18 173
83 10 96
84 70 184
23 115 142
74 172 248
20 192 214
87 62 162
93 48 149
32 37 71
19 104 166
66 197 263
14 140 184
23 130 184
92 97 208
40 35 95
43 179 228
98 123 224
38 65 139
33 84 126
36 47 84
76 139 223
53 22 80
53 50 246
11 38 179
79 142 318
81 134 236
57 66 130
19 183 353
73 130 208
33 2 89
36 82 147
95 176 369
68 7 81
62 106 198
56 161 234
88 195 345
78 94 173
52 86 150
18 136 161
74 152 227
49 51 139
74 179 343
65 154 226
48 181 238
85 88 211
14 128 198
27 27 100
92 103 212
98 111 211
43 6 52
65 94 346
97 130 353
25 198 243
75 173 263
88 180 300
64 195 267
75 181 268
23 54 78
41 27 103
75 123 384
66 111 210
80 145 234
80 52 139
49 191 248
65 87 241
95 108 220
81 125 211
23 160 189
56 117 177
37 53 281
43 161 210
77 118 309
14 37 60
100 116 247
4 120 170
85 194 317
8 82 90
72 4 78
83 158 251
100 44 322
35 180 269
88 156 251
72 164 245
68 127 240
32 175 391
47 37 203
69 146 251
80 61 191
37 71 181
88 47 145
26 110 294
49 30 273
97 82 189
55 0 57
7 18 31
42 50 100
28 0 33
89 75 167
79 165 272
71 80 159
59 2 62
34 25 68
72 136 226
30 27 241
84 54 141
66 125 209
46 62 150
42 19 67
69 135 208
26 14 229
62 178 283
30 79 137
24 122 154
57 78 136
18 17 101
67 184 258
78 86 171
79 130 211
96 185 297
68 65 138
58 153 218
34 25 62
17 65 189
79 37 129
18 40 59
29 193 231
98 81 255
42 1 143
92 12 239
71 104 187
54 120 267
4 46 196
47 33 84
59 119 181
66 149 225
50 75 126
51 74 127
75 142 219
69 96 207
78 196 383
22 9 32
81 121 208
28 8 55
86 34 183
74 17 91
89 42 134
97 181 315
55 170 277
41 126 309
97 132 251
95 123 222
3 181 214
14 72 111
14 101 142
9 116 285
41 164 357
94 110 305
49 109 198
73 56 285
8 28 202
92 163 261
49 42 91
76 135 249
21 138 225
76 150 226
56 175 236
20 180 298
14 123 236
73 163 238
1 118 148
93 92 223
91 131 222
52 135 208
69 79 148
22 169 224
83 191 279
5 194 224
95 35 178
7 88 100
49 32 88
15 155 174
23 192 260
84 129 293
34 15 53
79 55 169
33 99 312
96 36 134
63 93 160
18 96 127
31 190 223
48 187 314
4 194 208
55 130 193
57 157 223
73 152 232
16 190 356
63 117 184
53 119 176
30 14 50
12 185 243
34 174 277
50 140 194
5 196 380
15 174 208
38 47 93
74 10 111
53 78 136
45 43 88
18 101 222
100 59 198
84 137 411
79 6 102
9 70 81
8 43 96
16 167 378
33 90 261
21 139 170
96 27 241
21 86 108
28 92 146
16 47 76
81 14 99
59 81 147
38 6 87
65 105 178
77 95 177
38 175 241
36 129 197
65 54 131
28 169 199
95 83 186
59 20 81
13 127 210
87 173 308
2 118 128
57 173 291
53 19 82
87 105 192
50 13 66
46 64 112
61 188 284
85 176 305
53 93 322
67 100 175
62 194 426
8 3 11
12 2 52
70 38 271
1 17 55
38 165 203
85 21 154
72 15 94
57 145 248
71 161 242
14 127 176
17 155 211
72 168 289
43 57 108
7 180 189
98 147 285
41 5 51
29 89 127
82 2 162
54 144 230
23 111 152
82 170 442
63 136 359
45 27 75
45 158 321
49 23 80
9 178 195
7 1 15
26 54 88
8 184 274
17 131 176
32 2 34
43 91 199
11 117 134
47 80 129
62 152 227
24 29 90
59 89 200
14 167 186
81 0 81
18 167 210
74 151 227
89 58 149
50 135 203
39 98 172
68 125 195
17 154 181
5 30 45
26 32 64
24 125 152
24 36 69
94 78 182
56 160 261
81 199 434
2 14 36
79 9 232
63 80 152
55 159 264
4 70 235
11 184 205
32 38 80
53 5 61
60 50 123
75 56 138
94 50 145
51 84 138
22 30 201
74 178 253
79 171 260
92 102 197
27 197 253
28 130 306
31 42 98
79 80 214
63 172 397
99 97 212
10 192 202
16 64 83
29 13 203
93 165 291
27 175 211
30 61 202
86 137 323
19 103 132
31 26 109
88 199 292
21 147 183
83 107 383
29 19 54
18 154 181
16 178 281
43 45 90
30 186 251
30 187 392
52 73 146
58 199 266
22 33 62
18 175 311
83 104 230
10 133 149
41 148 215
11 72 232
5 157 169
31 2 36
17 114 135
99 26 136
32 4 38
51 128 203
68 141 221
79 186 284
53 98 307
99 112 386
79 134 243
75 15 94
100 153 253
46 67 155
94 21 120
51 174 382
29 137 173
16 0 47
90 24 228
38 199 244
93 197 296
68 31 106
2 118 170
55 79 151
89 52 175
3 64 89
40 107 147
81 93 183
87 7 103
13 84 98
17 92 116
71 190 261
74 76 169
32 3 36
71 82 153
19 171 193
75 195 284
68 3 81
35 132 176
31 159 191
48 131 184
27 134 193
53 59 281
6 13 26
83 25 124
41 193 267
38 37 181
10 152 171
68 22 99
16 178 387
35 81 124
13 113 130
45 121 171
33 112 189
41 127 210
36 197 237
11 21 178
87 70 158
22 13 45
34 171 251
4 41 59
7 57 70
56 50 106
4 76 267
52 101 226
54 185 242
82 182 267
51 62 149
26 119 149
60 107 172
86 50 173
12 126 326
14 3 25
19 24 66
17 53 262
21 23 65
7 123 133
73 106 182
1 84 93
31 178 223
