280
52 6 241
96 162 276
3 12 47
25 72 104
71 71 174
96 41 142
15 152 191
22 15 47
95 93 216
74 3 120
10 26 118
10 24 80
8 101 144
85 170 280
7 106 123
37 30 76
87 68 251
70 2 251
84 50 315
62 71 144
26 4 218
76 146 235
32 151 189
38 22 229
3 82 90
32 117 161
77 88 195
57 71 133
49 130 195
5 180 218
17 22 49
79 22 103
79 27 131
43 117 268
97 148 267
60 180 267
69 125 221
22 70 134
6 102 118
27 98 125
11 60 74
42 32 119
24 45 106
49 184 242
55 104 175
53 116 177
100 98 200
74 84 207
33 186 228
78 184 339
79 149 260
54 200 312
67 108 248
83 50 211
16 171 315
70 126 196
10 117 170
74 84 179
62 59 305
46 19 68
16 105 130
68 196 445
80 183 361
76 7 101
48 26 95
28 163 243
55 1 62
56 74 131
76 144 383
55 36 92
14 176 214
90 55 324
76 178 302
94 122 258
40 74 130
98 46 167
31 113 170
54 54 115
96 151 247
90 153 258
2 52 64
81 46 169
70 42 149
31 63 123
59 65 126
11 151 170
4 163 187
20 51 72
16 54 73
85 102 332
25 106 146
95 29 128
5 98 133
53 158 256
63 90 229
25 34 219
28 198 407
18 24 61
98 102 220
14 188 203
76 56 142
94 151 249
44 36 122
14 32 62
25 154 216
13 148 169
92 191 290
36 190 232
12 178 354
38 147 235
99 32 179
71 10 91
19 179 206
35 176 213
37 133 179
8 46 60
85 115 207
41 183 227
50 54 223
41 109 162
10 105 123
9 8 32
92 160 254
10 148 162
70 98 367
44 26 75
54 133 355
16 100 165
21 94 151
87 112 244
20 164 185
88 154 372
41 146 206
32 57 229
81 117 200
100 90 211
98 177 391
72 47 257
58 25 89
2 75 113
93 148 426
49 198 381
57 109 304
69 52 134
73 65 180
63 24 112
63 65 152
95 1 196
39 0 54
32 168 377
27 7 100
82 166 287
2 185 190
75 160 237
14 160 184
23 149 213
27 114 188
36 37 242
46 72 122
18 88 116
40 17 58
71 23 105
3 7 20
92 80 187
84 155 318
91 24 177
9 159 173
21 78 228
44 192 254
53 175 311
6 24 178
39 54 114
48 176 342
93 12 147
59 122 194
92 62 162
78 154 232
53 104 205
97 51 344
86 145 249
83 99 241
92 111 305
72 66 139
82 68 157
36 68 111
91 155 258
61 117 185
82 171 276
44 75 122
58 45 127
69 138 241
5 197 334
16 19 43
30 103 169
94 200 309
92 167 353
72 169 251
90 135 233
96 55 193
95 177 279
21 2 98
33 198 292
34 47 88
42 38 115
20 129 150
77 177 349
80 181 267
51 175 338
41 159 277
18 38 86
6 11 21
29 5 40
32 60 100
80 89 324
1 95 103
53 106 164
90 126 327
31 90 124
7 29 156
28 29 243
24 51 77
27 30 62
97 131 236
17 41 61
68 60 135
86 157 270
56 151 217
54 48 141
54 114 190
96 99 212
69 179 248
21 106 139
49 129 223
73 178 375
10 95 114
1 79 245
77 91 181
65 84 158
15 37 80
80 180 421
27 41 86
69 77 315
67 86 337
63 181 403
11 154 197
52 148 396
42 179 227
59 3 240
59 46 107
82 52 329
54 27 124
79 145 248
36 10 52
65 177 272
48 192 250
63 95 225
70 150 239
95 34 140
58 0 91
55 197 287
40 143 186
98 86 212
38 50 158
86 138 275
58 167 230
69 41 160
84 56 188
88 25 159
52 197 254
58 11 117
44 90 207
40 171 359
92 190 300
38 141 185
85 74 167
69 40 269
89 161 258
27 185 212
55 168 226
82 110 196
