350
78 132 312
25 104 157
84 119 251
17 117 332
53 56 151
72 108 193
71 111 223
17 63 224
67 188 255
16 148 213
80 5 107
83 56 262
78 105 190
85 143 233
35 154 194
11 4 156
2 77 178
59 40 102
24 185 383
99 83 184
7 45 76
15 195 227
56 85 160
31 6 46
20 120 179
9 142 199
83 79 184
59 167 268
99 37 239
62 166 269
57 2 227
99 167 268
14 34 48
17 158 181
4 184 196
38 178 221
20 34 99
95 200 305
50 49 106
43 48 140
28 178 225
30 97 287
63 49 251
47 33 86
1 66 205
89 60 157
23 161 225
58 188 301
44 52 96
99 156 255
11 7 26
68 93 260
24 187 214
85 108 198
100 155 255
62 199 293
6 49 76
23 175 246
93 147 253
37 12 175
60 22 231
21 127 157
18 44 198
46 131 216
64 68 225
85 88 363
73 18 109
97 184 299
43 1 92
92 1 129
95 43 187
17 103 161
71 93 173
48 49 257
97 75 172
46 47 95
28 69 228
99 37 289
94 119 215
92 109 204
11 51 70
12 25 55
9 111 265
28 4 34
37 89 149
49 74 129
89 133 222
7 102 157
50 58 143
77 125 243
21 2 31
31 163 202
49 137 195
99 123 274
98 16 114
23 78 105
22 52 80
98 142 255
40 51 106
44 107 180
38 74 138
73 88 322
96 16 112
19 32 61
77 22 118
40 160 207
19 49 75
90 93 206
78 24 137
47 187 254
77 182 263
33 107 325
2 31 35
10 193 217
90 130 252
93 131 410
80 45 134
80 127 370
2 145 148
36 184 241
92 104 196
3 154 158
75 18 287
39 78 123
55 128 215
81 29 148
95 78 174
90 153 307
43 50 131
24 117 148
81 9 96
74 27 258
68 48 248
95 132 236
95 92 193
67 63 176
22 130 265
6 112 194
47 65 226
45 137 189
3 60 66
90 190 305
61 81 152
84 81 169
84 180 318
51 198 250
13 164 233
67 74 323
79 194 292
56 172 248
56 113 193
18 20 54
29 115 153
9 108 122
37 12 66
87 132 220
62 191 259
61 123 186
53 133 194
46 188 234
81 23 159
2 41 74
4 195 236
29 69 103
19 69 95
62 83 151
63 53 286
74 64 146
99 100 311
82 68 184
20 200 253
23 161 186
64 95 166
47 173 306
8 38 118
16 174 192
38 46 91
70 75 149
37 75 221
14 192 233
50 138 188
38 179 232
22 35 76
28 151 188
89 17 109
65 144 377
57 89 215
17 146 208
91 57 177
32 156 232
64 1 74
30 69 153
1 171 279
51 7 92
60 34 254
57 9 133
15 113 236
33 41 133
59 0 236
22 156 225
66 142 307
8 117 215
1 163 350
10 71 237
53 195 403
29 178 256
2 196 202
35 168 210
7 61 120
65 134 230
32 41 89
96 176 279
59 148 216
71 142 217
63 1 74
27 65 95
4 87 106
36 50 239
7 71 130
81 55 155
37 4 45
29 178 208
14 7 22
50 45 99
25 30 63
57 189 404
38 94 135
49 121 209
29 67 115
22 134 162
82 88 290
5 174 285
34 32 109
83 178 263
55 141 227
80 154 329
75 56 173
87 10 97
36 44 84
16 57 74
58 125 284
39 119 216
75 187 290
70 154 233
33 46 84
82 25 111
40 182 228
64 147 231
37 182 266
64 119 258
42 176 219
17 112 183
55 124 342
28 3 88
52 78 201
42 144 186
96 45 154
33 124 345
50 115 172
81 103 194
11 199 214
26 16 45
23 19 226
72 170 242
92 43 161
38 196 285
92 75 178
75 56 134
38 65 115
67 124 198
70 79 177
22 27 52
20 156 193
61 24 92
42 119 166
77 168 255
40 146 365
36 91 128
60 64 149
39 138 183
75 152 228
70 178 256
23 123 149
20 21 184
66 71 148
85 6 94
60 95 165
42 67 147
71 13 126
81 114 202
44 53 98
34 130 188
82 15 98
46 147 221
95 37 288
62 50 119
86 146 281
47 75 131
4 182 334
27 172 248
60 22 90
96 129 226
27 124 161
67 125 388
29 165 330
15 96 117
34 4 38
4 185 191
45 7 88
55 113 206
58 168 332
13 141 189
38 135 195
84 171 287
80 15 104
34 176 229
91 129 248
87 169 263
24 88 160
97 50 245
28 115 313
40 119 165
74 142 373
26 161 217
94 151 371
60 175 326
23 45 73
16 125 243
48 3 55
25 127 299
50 180 319
1 86 117
99 15 117
35 14 56
52 81 140
44 91 169
59 162 242
97 1 103
23 168 207
1 20 21
27 20 54
80 177 262
63 32 113
14 1 18
76 166 270
41 46 115
21 168 261
68 117 188
73 33 157
77 147 318
