780
20 26 69
62 95 183
11 124 147
21 197 393
57 80 226
80 67 148
23 127 174
19 92 303
97 196 450
97 147 346
99 159 265
20 176 306
44 155 215
98 93 270
42 112 157
1 139 205
48 191 279
76 122 235
4 73 82
7 112 204
19 183 212
56 0 60
30 45 75
82 111 356
9 115 130
45 126 175
37 78 244
51 80 172
77 62 149
74 56 139
17 158 222
84 103 206
68 119 385
32 4 213
21 59 88
15 114 322
46 85 177
85 122 208
3 50 83
64 128 225
60 115 178
50 126 225
51 172 238
37 82 248
73 149 246
47 144 199
100 100 201
21 55 85
4 166 313
18 188 257
53 171 230
7 151 201
59 95 164
12 62 150
82 136 218
15 153 202
19 177 327
43 196 254
69 178 375
34 96 131
41 25 72
53 73 181
59 64 128
36 96 132
82 64 165
63 172 311
4 63 69
55 165 228
49 77 127
28 80 109
17 80 99
18 35 63
25 97 145
92 48 169
23 152 181
91 128 333
12 149 163
78 62 148
27 62 123
25 90 140
92 126 397
66 176 280
49 58 270
49 177 243
89 122 219
13 126 149
8 113 125
53 42 117
50 160 218
19 58 85
50 71 281
31 125 230
40 132 321
94 113 222
60 155 225
10 91 108
12 112 315
31 173 245
32 84 148
15 40 81
23 59 124
57 59 227
43 51 183
78 131 247
91 39 145
43 169 398
30 172 235
2 112 117
48 81 152
18 143 190
28 128 287
39 1 50
14 52 67
64 197 266
39 56 144
73 45 206
66 39 115
93 102 222
37 54 212
25 112 146
44 128 346
10 8 216
15 108 308
18 103 169
14 169 190
22 109 141
13 18 36
16 28 45
34 69 109
72 124 237
72 56 163
27 171 229
24 107 131
16 108 129
10 200 369
96 74 176
10 195 354
71 21 101
79 153 279
2 193 306
43 92 165
20 122 165
86 193 295
86 162 287
100 93 224
64 153 413
25 178 218
99 69 179
13 78 106
58 195 262
72 64 229
43 90 247
24 19 216
4 170 182
91 51 263
99 150 257
36 178 224
76 107 217
96 197 482
21 73 100
67 24 140
39 193 280
69 163 233
78 68 319
24 86 233
70 73 173
37 92 157
26 80 125
21 160 181
13 142 205
57 30 95
84 197 331
80 96 243
88 128 340
100 91 192
54 22 101
99 36 160
80 44 258
29 158 195
63 124 385
91 92 188
75 116 240
47 14 61
39 64 121
84 195 311
22 23 45
72 123 315
29 7 84
93 106 398
63 138 343
84 56 150
5 124 139
9 81 119
95 108 211
21 33 59
1 132 135
56 117 216
33 15 205
79 20 270
90 47 172
56 62 149
21 88 182
86 59 172
64 117 251
81 175 380
56 60 191
15 152 188
21 110 139
47 183 278
54 181 266
58 101 177
94 141 289
42 191 238
20 11 220
89 163 253
31 107 144
32 83 239
11 55 89
17 24 51
5 125 330
12 57 73
99 17 118
22 99 124
82 160 288
28 176 214
20 86 135
86 149 281
13 89 121
31 6 189
96 11 115
15 97 122
45 148 199
58 53 114
99 177 462
21 115 294
74 82 159
55 162 391
79 150 238
57 166 390
24 78 220
98 114 228
42 125 335
59 171 233
27 23 89
11 92 133
82 81 187
5 98 103
45 16 220
96 59 157
47 176 232
84 114 243
59 9 98
62 110 182
51 73 161
48 108 180
61 120 199
23 69 99
67 91 188
48 26 105
4 171 176
82 30 153
90 140 273
45 1 147
34 16 210
15 67 121
84 70 324
86 11 141
65 17 246
29 72 105
96 103 215
89 7 103
4 134 141
34 132 171
84 170 259
57 133 197
31 166 242
5 121 292
7 124 133
62 150 316
68 192 267
12 62 74
77 50 303
16 57 94
77 155 271
23 188 216
17 30 97
80 146 228
80 52 138
56 101 167
26 7 42
8 12 21
12 180 212
24 27 113
33 186 227
11 120 238
4 136 185
12 149 261
74 32 150
99 138 328
92 66 259
68 132 275
68 104 216
17 183 207
42 22 71
92 113 391
33 99 135
39 73 119
65 34 119
50 168 253
92 71 169
99 113 222
86 121 304
77 25 147
89 126 243
97 84 229
47 143 200
35 68 213
38 113 175
64 159 408
11 4 123
70 36 266
35 145 345
85 53 299
97 16 116
57 119 217
42 56 222
54 174 230
29 30 59
79 55 138
62 66 164
26 180 215
48 61 111
23 169 196
90 81 176
36 75 112
100 120 330
5 25 69
95 169 420
79 138 218
60 93 170
44 36 158
58 140 236
22 137 324
71 118 236
47 140 193
94 18 115
14 47 168
62 49 117
94 29 140
94 12 111
73 39 118
5 105 116
40 150 239
29 108 142
60 38 194
8 56 65
56 177 234
37 46 85
86 106 201
22 156 294
88 47 136
25 179 213
69 50 120
62 47 210
54 134 217
92 167 345
37 14 52
57 168 232
10 116 132
34 92 188
44 87 172
56 139 200
12 118 135
76 112 388
15 33 163
71 139 213
44 68 139
23 124 157
54 178 388
77 165 292
19 125 149
50 27 77
39 74 239
83 89 205
38 83 277
36 44 270
31 155 208
8 175 187
42 177 226
11 149 162
85 9 100
25 182 269
13 3 26
87 72 163
87 193 280
75 110 311
34 187 225
98 81 202
53 185 239
79 62 148
42 99 229
5 144 163
83 50 137
64 146 221
72 67 184
64 86 203
62 112 200
27 184 221
63 110 328
66 38 230
38 111 177
4 163 167
8 129 268
5 64 73
91 33 125
87 154 244
21 131 261
87 56 144
69 64 205
47 167 288
39 30 243
21 17 61
10 57 103
14 82 129
32 87 144
72 62 137
39 137 193
15 78 221
66 188 276
52 4 223
15 144 159
50 57 156
17 200 217
58 142 206
54 146 387
44 25 105
11 119 173
82 15 296
53 126 331
1 165 169
8 0 11
32 162 195
94 89 185
4 50 70
13 195 216
20 143 188
94 93 354
42 163 214
67 76 161
16 116 138
3 190 240
9 15 181
91 193 321
19 40 76
67 7 90
80 147 234
11 42 95
69 84 201
71 100 188
23 60 89
45 161 235
20 87 111
71 116 197
93 85 185
10 19 35
92 158 253
66 22 88
81 165 258
30 15 48
42 169 211
86 145 240
54 171 226
46 20 76
4 129 140
56 97 173
22 116 139
32 187 238
48 1 96
53 184 352
34 79 113
34 161 207
50 66 211
7 44 137
2 7 158
17 64 127
87 151 243
92 73 199
18 193 242
21 6 36
5 86 97
85 97 187
36 81 120
66 43 308
57 155 216
85 181 273
64 75 160
98 12 111
13 135 172
32 53 96
18 124 151
19 172 197
74 48 297
48 112 165
63 179 252
50 99 195
11 58 101
47 158 275
34 36 78
3 112 125
35 131 172
85 77 171
93 104 198
83 126 286
82 82 169
9 168 363
75 41 131
70 72 289
39 153 193
26 23 142
72 114 352
13 41 136
29 48 117
100 33 162
88 191 310
92 138 337
99 192 323
93 72 191
60 114 180
40 23 119
38 66 149
48 159 341
41 188 231
23 73 106
3 7 15
93 114 343
50 16 68
33 61 97
43 157 205
65 85 175
76 12 105
89 28 227
72 41 160
16 177 196
23 36 125
70 63 140
1 104 115
41 173 412
69 77 162
51 44 219
42 155 237
29 36 129
4 145 183
14 42 56
34 197 307
70 130 200
21 40 193
90 41 299
8 174 192
48 122 170
84 106 198
61 184 245
92 50 183
44 102 215
28 98 167
53 42 206
100 161 266
53 72 134
62 27 98
35 190 228
51 123 181
1 57 59
16 114 138
67 132 209
66 74 146
45 16 101
44 18 99
42 172 221
83 22 110
73 184 259
13 197 219
49 171 295
56 80 139
24 185 217
60 110 177
19 78 143
56 193 332
6 132 187
38 14 53
59 59 134
24 136 294
60 5 117
59 144 387
55 176 407
80 172 278
67 118 271
2 8 17
97 18 164
98 59 157
32 23 58
78 55 328
65 45 148
32 96 134
35 120 157
19 180 205
81 112 197
22 112 156
96 74 179
67 165 256
8 125 136
42 137 183
41 111 198
41 72 116
77 95 175
45 122 255
49 133 214
38 14 56
59 194 272
66 159 304
60 129 248
4 193 263
9 186 198
25 194 252
84 95 189
76 7 129
56 42 284
71 168 249
18 23 42
10 145 278
33 148 181
89 102 206
63 39 113
6 96 261
30 80 110
32 165 315
28 135 182
99 94 200
45 52 129
37 199 238
13 49 140
58 153 213
83 59 209
12 76 230
28 23 80
56 19 98
75 55 238
64 149 264
37 126 188
98 52 156
79 110 212
38 197 235
75 198 290
27 4 73
84 36 135
12 194 212
2 81 257
73 192 270
67 58 282
58 151 258
90 120 218
33 144 184
61 128 196
24 117 148
7 182 197
77 99 240
28 77 108
96 114 333
75 133 222
84 72 156
95 187 292
65 62 134
82 123 404
18 142 210
58 30 90
45 79 293
95 62 158
66 76 189
61 128 197
30 174 212
53 50 105
14 131 173
87 21 121
22 84 107
5 182 355
34 100 139
51 148 215
86 48 144
47 107 173
46 134 253
9 8 25
97 63 235
45 128 175
50 119 178
57 118 205
53 114 177
68 65 270
26 5 56
53 153 215
92 53 223
98 169 273
72 3 78
49 37 93
63 44 130
24 199 225
53 32 88
55 50 166
79 46 207
54 14 140
62 114 211
49 23 260
68 94 170
84 46 165
8 135 159
5 66 78
97 103 201
76 116 295
26 155 182
50 167 224
25 124 317
94 168 305
80 45 130
15 78 118
85 24 118
56 100 188
94 26 127
47 35 87
78 56 134
10 174 186
4 19 33
29 47 190
41 197 240
37 148 374
62 174 404
7 122 134
91 174 285
55 86 150
35 83 123
15 16 50
5 123 167
78 74 158
83 22 137
30 16 211
63 55 123
35 133 194
42 84 136
82 169 358
60 144 204
52 49 258
60 14 85
85 16 111
36 106 144
28 89 128
38 97 210
80 167 257
40 3 43
13 159 179
78 21 107
30 85 136
31 106 142
51 87 189
43 29 157
55 110 166
19 2 27
3 77 99
67 193 265
89 179 271
56 82 159
69 125 196
86 133 223
63 98 170
20 183 210
43 29 72
84 26 264
98 199 302
33 64 142
53 124 212
38 167 209
15 191 296
11 179 209
12 104 239
12 176 223
