100
30 166 203
68 28 130
37 199 236
24 76 100
14 108 129
26 72 280
3 149 157
20 57 113
44 178 223
52 131 186
36 163 227
33 35 235
9 195 396
5 43 50
41 35 100
68 26 99
53 85 140
69 191 305
10 179 368
21 127 148
40 64 148
43 120 174
80 41 121
46 148 250
52 81 168
21 199 220
29 200 243
2 188 240
27 132 300
88 131 222
55 113 280
94 150 286
42 97 183
58 56 182
34 63 163
24 56 193
51 137 277
47 131 185
94 199 309
99 57 253
7 89 135
15 59 81
65 73 145
81 123 208
17 15 37
97 1 112
24 178 254
1 122 130
66 91 165
56 158 252
68 60 273
22 193 231
64 21 265
91 112 292
65 150 221
65 82 157
21 145 174
10 98 152
60 179 245
87 1 112
98 167 289
77 53 139
93 122 217
25 79 105
91 165 277
58 101 160
49 168 225
97 132 271
78 141 252
27 65 111
96 126 226
91 83 222
70 33 127
52 35 94
22 12 38
26 138 172
71 149 244
6 176 228
31 54 171
90 177 282
7 150 178
100 92 198
33 182 305
79 152 238
51 177 267
83 122 252
5 163 176
71 134 215
69 13 86
51 92 339
67 72 295
60 187 259
19 163 192
48 110 195
67 42 117
14 112 208
72 55 223
79 56 142
6 140 194
13 72 258
