850
75 139 218
98 175 408
74 51 291
3 3 63
98 196 386
79 7 105
89 147 321
90 191 301
83 105 371
83 104 190
43 175 256
6 90 102
2 36 42
88 100 194
99 75 267
76 157 411
56 11 193
9 170 182
84 34 160
34 75 121
70 9 211
34 110 147
87 130 255
11 176 198
7 133 146
27 176 366
56 89 155
95 2 106
63 35 108
16 58 195
11 86 103
48 38 92
23 72 292
81 198 306
93 153 340
1 32 35
92 33 133
74 62 178
71 125 203
18 52 110
11 40 51
50 197 289
94 1 97
28 177 228
19 111 185
45 151 219
51 55 112
24 197 228
77 61 333
88 116 205
37 168 213
26 180 209
56 13 113
51 93 161
7 34 110
80 195 294
35 110 164
9 176 340
85 181 287
18 86 110
81 157 273
18 93 112
48 194 317
56 20 102
100 53 156
37 173 229
33 188 233
67 76 186
98 76 268
51 67 159
81 20 207
6 41 63
84 75 166
85 77 305
52 195 248
44 122 211
30 93 128
88 111 320
39 141 354
58 141 340
82 109 198
77 152 236
74 196 271
18 7 26
32 9 47
18 106 183
61 10 106
5 18 54
7 120 147
85 170 265
27 64 195
11 137 168
30 106 136
100 156 260
94 112 222
43 35 78
95 115 212
13 113 129
70 156 353
94 186 417
70 179 256
17 68 123
7 67 186
76 33 151
1 140 149
40 25 97
26 20 231
67 82 159
36 88 130
23 33 136
52 177 360
32 53 146
23 100 239
74 151 345
46 1 50
68 160 252
96 4 289
2 35 40
39 176 225
61 184 320
22 4 154
24 40 65
75 177 290
84 16 110
48 140 351
68 103 209
52 163 260
21 132 160
99 99 206
96 40 137
22 197 263
78 58 159
13 85 123
75 18 124
22 169 225
25 198 229
29 3 74
92 105 227
79 13 95
94 70 331
100 118 401
96 86 234
75 128 278
97 186 292
72 185 449
47 33 104
45 137 199
36 22 59
58 104 271
91 172 273
92 118 212
11 101 116
42 171 219
71 151 231
17 30 246
59 186 265
24 32 66
6 3 17
70 119 197
37 123 170
40 63 142
60 72 161
23 66 113
36 65 111
66 133 209
10 146 350
5 43 223
19 157 238
71 90 163
48 165 351
17 58 84
92 154 251
37 52 99
94 26 261
78 154 256
86 192 404
40 29 74
20 161 310
4 53 96
83 188 341
60 104 249
7 186 198
37 194 239
30 94 236
55 113 168
39 154 209
15 39 76
94 148 281
73 111 186
65 76 221
5 75 252
71 92 237
60 157 358
82 129 216
42 143 277
15 88 141
29 94 129
74 62 176
97 132 235
56 133 199
39 15 58
95 78 174
13 84 116
95 67 166
50 99 244
100 3 103
59 41 138
93 18 120
6 41 48
58 119 273
37 15 186
16 192 256
13 12 28
12 82 110
73 134 207
10 152 164
55 9 74
37 71 158
21 195 285
26 148 197
73 196 368
6 156 207
23 160 193
95 165 304
51 156 251
42 94 190
74 183 286
95 147 256
64 186 258
32 76 109
95 160 283
19 78 232
34 154 200
76 154 263
95 51 151
40 93 142
12 132 273
21 107 139
81 95 182
22 20 124
71 160 232
22 96 120
72 173 248
100 162 264
74 87 167
37 163 229
5 11 118
36 58 123
13 10 25
89 8 130
65 190 297
41 126 185
67 2 207
94 171 290
32 194 273
89 102 300
93 151 293
38 77 139
28 74 103
98 40 139
19 79 154
51 80 132
2 24 174
46 88 153
53 30 128
17 10 29
7 133 145
97 42 198
74 91 165
71 90 304
11 162 198
71 45 146
95 21 116
92 70 214
68 38 106
66 200 270
48 155 219
71 189 263
42 128 204
35 94 159
99 34 146
81 129 211
46 161 239
57 41 111
19 83 134
94 59 336
100 29 138
81 178 383
51 137 190
28 166 202
46 140 204
54 76 281
64 142 206
33 78 155
81 126 367
33 105 145
53 173 228
22 12 69
99 51 218
41 40 226
95 51 184
25 65 181
87 78 197
83 152 251
81 120 245
92 85 342
60 120 180
4 165 195
85 127 409
36 124 220
90 19 121
23 89 162
11 10 57
66 145 225
97 167 418
78 130 233
36 23 104
78 180 393
66 128 352
3 197 335
21 120 145
23 71 95
8 175 283
25 103 131
14 173 233
23 127 150
96 19 307
90 62 202
9 69 189
88 62 254
9 36 74
100 5 114
24 186 214
6 50 64
41 165 244
40 32 104
45 143 371
52 2 95
75 129 321
38 200 242
75 164 266
87 79 169
10 90 114
31 161 207
76 159 251
71 115 212
98 108 210
12 48 88
85 188 275
46 165 249
4 25 112
4 8 20
61 126 218
44 44 138
46 156 306
48 68 126
78 55 143
95 7 138
60 106 175
78 34 215
58 47 126
36 0 36
83 87 180
40 27 233
10 200 253
100 181 294
69 63 160
41 33 77
28 200 267
97 56 157
77 115 236
44 147 197
54 2 58
38 9 55
91 195 456
55 5 63
50 42 113
54 101 157
50 185 400
75 65 156
61 15 76
13 90 108
73 47 153
41 35 196
38 4 50
97 98 215
85 187 279
89 35 132
85 185 274
72 115 320
66 89 158
3 128 155
83 133 409
13 55 77
54 119 183
54 113 240
48 31 88
74 177 346
100 133 233
59 21 169
25 0 40
3 119 122
53 121 178
8 171 179
22 109 158
10 177 267
62 195 263
43 175 254
39 10 54
93 148 242
67 43 117
46 109 160
65 97 306
67 60 129
4 113 148
34 50 114
2 178 230
20 182 370
63 45 153
30 200 250
86 100 193
66 150 406
27 145 241
29 92 296
81 193 372
78 177 390
72 10 157
65 15 128
51 44 125
68 81 185
4 177 281
43 131 184
38 52 157
97 71 208
41 61 102
35 133 184
41 134 343
16 83 105
3 59 121
34 65 135
69 198 283
92 80 213
28 55 94
34 147 185
29 63 97
51 99 155
77 113 191
38 53 251
57 102 164
75 168 255
5 14 53
69 163 238
42 99 290
23 157 185
45 86 134
14 129 182
79 55 136
57 95 248
88 177 280
11 158 197
20 42 72
69 52 128
28 176 206
81 192 283
27 97 128
33 56 95
20 121 245
85 36 289
43 169 258
1 175 217
89 78 296
39 15 200
89 184 302
99 138 238
50 137 271
41 90 131
68 61 133
16 2 79
8 67 97
65 176 243
33 108 148
80 86 171
8 106 119
37 84 167
61 63 213
36 110 307
22 59 86
82 9 161
85 9 104
78 165 283
93 137 253
17 34 173
43 96 146
7 61 261
16 153 194
20 191 215
86 89 185
32 75 155
65 43 133
73 85 181
63 117 212
63 145 211
82 173 264
23 88 114
5 102 129
76 43 134
69 125 309
83 135 230
30 9 214
14 50 111
94 59 239
89 56 236
89 131 317
40 69 299
40 83 167
6 54 91
81 163 392
41 38 79
29 19 56
81 186 280
22 101 127
69 141 211
96 88 315
22 134 161
69 169 254
24 182 404
14 76 90
63 136 304
83 168 327
76 95 200
82 190 285
68 24 131
75 200 304
51 99 279
78 96 321
37 76 305
36 8 214
55 120 208
91 116 274
25 146 174
67 165 432
79 84 170
24 12 45
81 52 268
59 89 156
80 20 105
48 169 250
20 93 129
61 18 227
94 73 180
38 27 120
64 138 204
45 156 239
18 121 167
5 101 284
96 112 248
29 131 168
69 112 185
33 10 48
24 159 258
29 183 219
92 126 225
47 75 129
16 6 33
24 42 255
29 88 253
84 140 270
30 129 312
5 176 189
92 167 266
25 153 188
88 78 205
22 117 142
25 7 41
18 75 161
84 131 223
33 120 153
44 126 174
83 161 376
1 194 205
2 107 230
44 197 245
61 106 182
46 151 205
18 33 64
18 16 71
91 87 185
26 51 127
53 122 193
42 7 49
87 91 210
7 134 150
51 39 94
91 111 358
99 196 410
31 57 162
18 129 246
2 72 115
90 113 378
46 75 224
68 14 88
87 170 257
52 38 119
12 130 146
84 145 238
51 112 230
40 85 208
20 143 318
69 173 246
47 168 366
39 135 204
14 172 231
9 112 171
76 97 338
21 38 218
33 91 225
86 7 126
2 104 131
5 160 198
66 97 204
67 160 233
60 106 169
70 54 138
72 141 230
59 90 151
76 90 206
74 25 139
97 73 207
65 116 228
40 198 247
96 131 252
96 177 318
21 127 148
60 124 208
47 1 154
43 122 291
12 21 42
100 92 198
70 146 251
8 55 75
90 112 251
58 57 193
78 52 130
88 173 271
88 25 162
76 112 362
17 43 65
6 45 64
61 15 85
16 54 76
90 148 239
10 58 240
12 80 231
94 159 299
87 135 235
69 136 205
28 46 186
51 8 68
23 77 169
19 193 212
85 70 164
90 121 235
95 81 185
91 39 303
78 160 272
72 90 167
15 166 183
84 39 162
41 91 286
49 186 240
11 62 171
61 66 148
26 131 199
77 84 171
77 89 226
39 173 213
5 192 232
32 158 364
20 54 81
54 72 295
49 159 216
71 151 358
32 107 185
52 99 320
94 19 193
37 124 203
8 89 174
90 190 319
65 15 89
18 21 39
83 127 310
89 170 309
92 66 164
42 66 233
23 172 222
55 180 268
26 112 139
72 23 99
72 114 320
100 51 246
35 198 273
62 83 145
40 133 365
54 140 255
27 70 98
47 139 192
83 50 152
40 69 132
44 69 119
89 101 332
17 98 133
63 44 114
75 70 193
9 15 173
90 53 171
20 35 57
29 76 223
7 5 184
35 22 78
29 174 245
15 123 239
2 63 67
24 39 70
6 162 169
62 166 233
37 98 301
28 161 201
39 55 104
52 145 219
40 82 157
57 194 255
48 193 247
62 185 287
63 142 212
42 38 80
3 36 40
14 129 151
75 71 166
61 151 213
87 169 304
28 10 80
68 39 250
57 52 111
16 99 120
42 156 225
15 25 50
9 150 333
64 55 129
93 112 221
76 156 233
17 82 190
7 59 156
79 9 228
3 198 325
4 45 68
42 4 46
14 38 90
59 170 333
28 158 243
95 130 235
8 108 122
93 62 222
8 48 92
53 177 268
61 50 118
2 115 117
1 60 71
27 9 63
8 27 109
100 39 185
75 184 281
1 76 82
96 101 245
1 162 163
60 20 83
1 106 113
54 128 358
35 79 131
59 75 162
62 135 206
78 179 263
75 42 154
82 91 218
33 165 247
47 192 243
24 89 123
25 82 135
31 91 125
9 12 169
98 147 258
68 169 240
17 26 84
98 6 105
12 123 164
20 113 138
69 145 225
55 180 250
85 177 367
56 47 107
19 93 119
59 6 73
75 117 202
12 172 201
75 133 216
99 46 258
71 118 216
66 158 233
69 19 88
51 39 104
17 47 259
35 137 172
62 94 174
59 8 91
7 135 146
20 190 220
74 114 191
67 72 161
3 40 229
1 155 164
11 96 224
25 67 102
37 115 335
32 102 142
54 129 188
48 186 240
92 5 142
6 19 34
2 122 292
91 124 220
75 129 208
4 186 223
59 72 157
50 23 91
18 23 99
23 127 194
50 52 103
10 88 105
60 187 249
33 65 139
91 45 303
19 178 257
31 189 246
20 13 57
19 142 183
19 130 153
45 68 126
42 167 234
55 29 170
80 114 378
90 110 362
