320
9 137 146
81 154 238
33 14 105
69 13 226
7 115 136
79 197 296
31 169 202
79 125 209
93 150 252
28 35 65
26 131 198
23 0 164
56 128 209
79 50 132
91 198 427
26 57 88
65 29 107
67 163 275
28 39 177
77 84 212
1 165 210
58 96 197
44 177 355
47 116 277
32 22 62
58 67 179
91 157 248
7 100 111
43 144 189
37 93 174
33 66 249
63 99 240
40 80 259
99 31 132
50 65 152
83 196 279
72 2 79
3 145 150
82 24 134
67 151 218
30 81 120
85 163 264
81 196 285
90 85 178
4 20 24
98 150 264
11 110 122
12 33 46
42 91 163
100 125 226
9 45 217
58 99 165
59 137 277
48 31 178
5 102 165
34 63 112
17 183 210
44 36 82
8 89 155
99 20 125
76 55 136
95 3 105
50 129 342
86 59 169
98 8 115
76 151 227
72 160 369
28 85 243
84 70 188
97 194 295
85 71 165
78 181 396
5 98 105
25 67 93
19 148 206
7 54 71
5 6 31
45 197 411
66 144 251
27 140 173
64 134 206
98 0 126
98 31 145
29 153 279
100 90 215
94 135 286
72 69 250
96 178 280
1 145 152
84 119 205
97 114 212
93 116 212
2 173 336
14 174 224
71 141 221
88 158 329
6 198 210
89 0 90
22 40 103
63 69 257
11 178 195
83 170 258
72 30 149
49 158 246
99 41 151
23 43 112
12 164 182
6 172 195
70 167 425
89 123 221
80 6 195
62 142 207
68 30 179
58 63 122
85 197 332
44 171 225
67 58 153
38 155 194
72 103 252
79 176 266
68 179 430
23 81 109
44 150 199
35 200 363
25 42 78
67 156 267
47 107 251
70 43 187
75 26 104
90 17 114
24 194 255
24 82 114
7 60 193
19 71 205
4 118 248
31 110 281
31 3 34
35 75 111
72 48 222
17 61 78
28 173 247
44 99 227
33 145 193
48 147 365
29 148 186
43 157 201
36 156 197
98 84 329
61 197 272
45 4 49
99 52 300
46 35 92
71 12 123
55 60 160
88 48 138
40 37 95
84 88 217
83 64 323
89 37 135
68 183 347
48 144 294
12 192 222
23 189 213
52 80 133
24 24 70
18 64 82
28 92 192
22 76 245
30 34 102
41 82 133
83 82 170
5 75 216
33 43 79
8 33 44
74 90 229
91 74 170
19 189 218
29 64 121
88 135 361
58 48 168
57 62 128
66 110 221
92 42 168
84 165 260
92 171 270
25 125 172
45 1 52
70 53 151
60 50 285
25 113 249
34 27 69
57 72 135
56 27 120
17 70 137
39 136 183
30 170 210
88 24 250
24 57 91
12 8 29
88 184 310
67 22 238
16 152 348
83 102 189
55 149 212
19 74 97
21 21 42
17 96 132
60 175 419
41 68 198
41 177 250
12 27 46
71 55 315
29 110 148
39 102 204
65 33 138
22 87 156
67 167 248
60 33 99
31 89 147
51 100 155
53 110 207
16 47 63
32 164 341
19 187 244
83 122 352
97 104 211
33 141 176
62 91 161
64 138 251
35 162 202
81 97 186
5 87 100
12 119 132
79 191 320
87 53 154
51 159 239
8 144 249
17 62 117
43 71 120
94 132 268
44 76 192
3 79 132
84 101 344
58 140 254
16 170 207
50 187 278
14 43 60
92 0 95
84 137 262
64 197 299
25 76 108
96 1 136
89 117 209
66 28 102
84 117 208
62 102 171
11 23 41
27 49 89
79 90 217
76 159 296
95 44 140
91 164 256
48 129 208
75 144 261
31 104 139
43 185 253
13 81 102
69 115 260
9 179 198
97 81 214
67 125 209
82 161 268
57 89 237
56 76 280
10 56 70
92 90 265
83 196 282
2 193 199
32 125 213
60 34 154
89 43 136
32 196 234
45 5 58
83 125 360
47 139 257
87 39 168
35 69 104
90 136 400
86 8 121
31 50 129
16 84 106
50 195 403
13 47 67
80 18 211
3 146 161
84 101 383
16 19 40
95 26 126
5 18 29
86 147 291
54 22 255
2 62 69
54 149 241
70 64 197
3 57 60
8 73 84
75 121 245
48 174 273
93 42 285
52 70 319
71 92 186
60 80 174
61 106 175
66 149 400
89 144 295
18 23 43
27 1 32
88 127 250
33 116 152
61 162 260
