930
56 24 206
45 185 257
88 128 240
61 129 234
98 117 223
82 9 94
69 168 248
10 76 93
61 134 216
48 184 321
42 46 143
20 187 209
51 108 167
63 193 261
5 132 168
56 71 259
22 103 135
33 64 120
54 104 164
23 22 60
35 130 175
5 103 115
9 78 110
7 152 173
8 141 164
15 34 97
73 99 178
64 71 142
7 191 396
43 20 99
26 135 162
60 55 125
53 16 73
83 43 163
95 41 146
10 19 127
33 189 230
24 23 57
4 180 233
4 146 316
46 177 234
37 197 250
14 20 186
16 200 228
79 184 270
25 29 62
14 116 225
65 113 229
84 110 195
25 38 69
98 160 285
74 107 198
69 96 270
14 148 192
92 104 206
94 118 243
24 69 118
62 159 222
65 24 109
33 111 205
58 109 185
39 1 49
68 161 339
17 118 144
46 28 95
35 146 188
75 120 327
99 14 254
88 158 255
28 182 246
44 174 228
84 72 178
22 157 226
24 186 324
89 160 256
49 187 286
96 7 285
77 147 229
43 46 139
99 125 228
38 142 224
45 36 86
39 29 72
22 90 295
84 59 157
47 68 165
4 119 231
34 6 125
95 38 271
71 173 288
97 140 250
30 67 129
71 23 129
64 23 91
63 76 181
88 79 168
81 176 268
65 142 210
27 108 135
38 121 161
91 98 190
16 124 201
54 139 226
79 156 244
92 83 200
50 86 164
22 15 69
36 166 206
36 184 223
38 195 277
26 164 198
23 55 88
16 199 228
88 42 171
62 22 241
61 121 230
9 54 166
46 67 266
59 17 76
75 139 220
61 59 317
32 135 175
6 170 181
99 97 217
82 68 349
39 161 213
3 174 185
6 100 109
40 121 232
11 77 118
38 127 208
45 141 246
9 151 313
58 181 243
68 181 293
54 36 100
9 125 161
94 72 254
54 62 301
89 30 124
67 22 113
46 199 255
80 179 276
63 121 210
48 192 240
58 62 127
48 147 197
97 64 166
78 104 182
51 20 122
73 147 234
46 15 83
33 109 233
54 108 268
18 100 150
96 141 238
71 68 143
1 143 278
12 83 96
50 46 134
18 38 89
76 52 132
27 125 250
100 11 128
24 134 166
53 162 269
78 38 116
75 198 347
58 96 154
2 117 148
84 135 226
63 22 185
66 148 286
79 34 131
72 118 238
46 26 114
65 160 250
23 103 136
76 195 447
83 84 172
40 107 149
44 0 149
65 188 259
79 81 168
90 105 202
2 121 156
21 193 221
1 58 67
13 1 49
44 71 136
92 187 321
19 114 154
18 95 118
5 185 191
23 15 158
63 86 153
100 174 431
83 89 208
78 63 177
24 139 314
10 6 62
12 42 55
57 143 201
100 134 244
4 54 216
4 36 41
33 81 223
10 54 229
78 149 235
62 72 141
14 168 185
5 83 251
36 28 66
5 125 229
100 191 315
97 16 119
37 142 195
4 61 114
39 90 173
76 153 233
75 91 168
94 58 203
13 16 38
7 162 195
23 98 143
96 188 321
97 26 165
30 144 194
39 26 73
15 24 231
70 91 178
97 142 286
45 64 129
77 17 144
88 91 232
11 196 214
29 81 114
38 70 151
81 46 152
30 105 173
63 129 224
7 73 86
76 49 132
6 196 341
99 127 247
50 71 129
50 22 226
37 110 253
29 187 220
44 99 146
25 155 208
61 6 87
56 41 115
65 42 130
80 123 273
45 193 262
57 22 86
35 0 37
99 74 177
64 102 169
91 71 171
16 127 253
61 185 247
95 132 254
28 164 198
87 194 289
64 7 74
87 64 271
77 105 269
16 184 210
19 111 138
78 198 451
24 115 146
100 178 283
28 87 119
6 122 326
77 113 195
79 82 162
94 28 319
53 112 167
15 99 118
18 53 77
86 161 446
5 152 195
69 36 117
20 6 56
15 43 99
3 197 247
5 173 180
87 12 104
73 178 354
68 92 161
52 68 130
80 74 349
65 68 136
8 1 26
57 159 219
91 95 194
84 70 333
41 86 150
16 150 206
29 148 179
42 150 205
63 172 261
9 32 49
72 10 278
11 49 106
92 63 184
65 139 204
75 125 229
78 39 203
18 183 208
87 8 208
48 79 177
81 73 200
85 173 407
63 158 284
63 18 90
61 167 232
32 27 235
46 191 261
95 21 144
39 35 190
84 73 297
42 46 97
14 3 180
36 50 86
38 90 128
54 98 221
14 30 85
61 165 411
45 176 223
46 196 247
52 103 210
99 198 345
48 165 218
65 59 156
22 142 342
65 12 117
4 68 237
71 126 199
30 17 50
99 173 309
16 128 151
35 4 69
13 46 67
92 155 292
79 170 336
61 40 104
33 163 205
2 61 69
99 142 345
80 171 260
56 162 219
88 62 156
30 91 155
90 4 120
13 171 266
35 111 218
30 57 107
72 182 430
22 9 73
45 104 149
45 108 162
55 192 258
54 37 126
33 131 187
22 49 79
69 141 373
14 42 247
96 193 290
33 95 153
20 40 69
33 135 174
95 168 265
6 70 81
90 173 310
84 37 121
1 100 102
96 168 282
10 58 110
14 1 179
86 98 193
20 121 141
93 38 225
94 185 288
5 1 48
79 111 199
45 190 235
85 19 210
25 46 71
82 175 267
12 35 55
49 33 240
16 81 123
23 86 118
59 139 208
23 38 70
74 100 188
97 128 241
87 13 105
17 81 99
46 153 204
93 17 135
42 150 269
60 57 124
98 97 286
4 119 303
11 18 162
11 187 356
29 113 147
14 178 196
5 169 180
71 174 444
67 165 277
5 32 43
8 55 67
94 199 340
42 86 163
70 31 235
25 178 203
86 96 230
58 106 170
52 154 215
92 160 259
65 192 273
78 22 128
2 126 129
92 126 265
89 188 277
40 194 346
20 155 367
2 200 208
13 90 111
97 175 379
56 40 105
36 45 84
87 88 245
63 121 184
4 43 52
11 61 78
81 122 203
80 186 454
35 142 210
34 106 201
10 13 83
28 29 57
46 198 271
85 14 188
32 133 311
81 123 249
75 154 395
30 31 65
78 32 118
85 194 430
61 30 267
68 21 104
75 200 275
3 100 126
40 166 209
93 74 171
4 138 148
15 113 134
76 148 234
70 93 170
75 90 256
20 31 143
33 116 172
25 128 197
92 32 141
21 105 130
16 163 201
71 161 233
70 109 183
14 93 117
44 145 231
54 4 79
4 159 167
62 61 127
7 38 68
72 107 187
82 176 264
78 109 353
61 132 229
40 68 135
48 142 190
67 5 99
66 172 260
54 134 230
52 112 167
91 19 111
98 47 189
34 150 312
58 98 159
9 102 254
67 65 224
27 155 209
64 193 262
1 48 138
66 146 214
62 197 456
82 182 265
50 55 126
38 130 196
76 186 312
65 13 113
93 183 310
84 80 169
55 25 82
98 57 241
66 96 202
73 85 258
22 113 335
35 194 267
100 95 218
59 142 249
56 100 160
66 198 303
39 137 181
49 180 301
14 186 209
7 39 52
18 119 324
14 20 83
86 6 96
96 95 195
34 69 262
95 163 437
86 96 185
77 117 221
61 157 232
4 192 196
87 187 278
29 196 268
25 129 194
29 76 115
46 4 58
20 104 146
57 172 386
81 59 143
47 53 132
19 67 89
72 151 272
64 119 190
80 63 150
1 92 102
70 59 130
14 36 53
89 106 344
11 36 86
28 63 128
46 120 234
79 159 282
72 183 267
86 72 163
93 193 292
99 70 170
70 195 367
10 61 91
43 75 121
35 3 110
55 159 243
45 19 114
31 138 173
44 19 65
11 78 89
79 115 346
35 152 195
86 78 201
80 86 185
15 22 191
28 32 142
91 101 195
48 12 75
66 25 96
95 193 293
24 64 127
31 68 129
21 32 86
74 174 362
21 158 250
83 57 167
23 195 393
63 141 288
16 84 104
74 66 140
49 100 165
3 109 144
38 88 136
76 161 295
58 151 409
24 45 117
85 59 289
87 145 282
96 47 144
62 13 84
20 45 72
94 1 102
31 43 86
98 48 152
24 4 35
18 108 135
49 145 266
3 18 29
5 137 150
73 38 304
87 32 276
97 40 143
30 35 95
35 108 172
65 85 166
77 179 258
45 95 149
76 18 184
60 110 202
57 10 73
40 123 323
35 70 144
27 59 93
92 131 265
76 139 320
91 165 452
80 182 263
71 131 276
81 40 174
36 95 246
63 13 76
41 65 129
86 75 201
52 147 388
48 91 259
56 85 145
57 152 245
16 17 40
68 161 236
4 103 151
62 157 237
58 133 197
49 40 264
5 36 76
16 71 91
54 72 132
37 40 125
36 43 210
36 127 283
81 8 103
48 199 260
41 158 236
53 79 133
33 38 120
86 157 268
13 22 38
12 25 43
86 48 211
32 157 202
59 132 328
95 200 345
75 146 228
27 164 196
60 196 279
57 172 343
15 128 162
98 10 162
3 164 207
42 10 54
13 64 206
38 156 195
70 157 266
6 112 271
43 136 186
56 185 247
85 44 313
80 184 273
51 24 84
18 6 132
12 78 249
63 73 181
34 76 156
24 95 243
9 55 69
41 87 134
94 82 293
11 129 195
14 68 118
64 143 242
80 31 114
65 122 210
76 36 116
91 140 239
25 9 202
50 109 166
6 125 315
25 140 173
80 87 212
72 114 224
29 62 115
91 158 252
73 92 326
79 160 267
25 196 294
29 102 241
61 187 319
66 186 418
59 72 140
49 107 160
3 179 183
33 139 340
18 51 74
80 158 377
80 74 154
60 149 257
46 179 234
77 177 254
62 62 145
37 145 186
35 176 227
6 67 73
29 158 229
53 159 233
80 122 240
46 27 78
37 187 236
5 180 271
3 139 144
42 167 210
93 95 234
65 102 291
75 129 243
54 123 201
63 86 248
99 66 185
24 174 243
52 31 204
49 31 118
3 104 113
16 18 109
34 169 213
26 56 83
22 112 202
26 32 62
34 55 265
27 108 138
47 152 283
5 81 97
67 173 242
41 49 98
69 138 207
47 83 130
21 104 216
27 81 114
40 5 79
97 132 369
87 108 203
84 16 108
23 126 156
62 9 247
61 120 374
14 193 288
5 160 321
94 163 261
24 105 156
89 161 372
23 72 99
29 144 191
65 190 273
79 133 225
77 175 340
2 176 179
11 122 259
65 149 223
27 191 266
9 13 31
81 109 199
99 183 397
5 26 77
57 58 232
48 180 230
62 147 216
54 78 175
88 88 178
71 124 229
65 63 137
13 182 216
86 68 202
19 121 189
85 121 210
61 184 245
90 31 268
14 91 114
23 30 54
58 7 111
93 15 109
94 10 113
98 60 181
29 152 199
39 130 170
99 178 302
8 8 70
54 71 126
88 173 284
81 152 240
94 116 255
18 154 179
82 13 98
16 122 188
37 114 156
44 146 210
58 36 286
30 141 181
77 37 124
57 184 291
59 146 281
60 103 165
20 130 157
30 119 182
1 85 100
93 151 250
23 175 213
35 114 170
6 90 96
82 158 332
55 111 168
19 11 78
15 66 239
33 197 237
55 14 71
16 71 276
48 121 175
75 100 352
14 57 79
54 190 245
40 12 57
27 17 175
47 195 249
92 178 416
75 81 240
69 185 255
55 108 202
62 157 268
78 99 178
14 4 21
16 145 171
42 6 55
98 13 147
28 128 294
93 130 234
97 42 149
56 192 249
42 138 180
80 120 208
61 200 266
95 162 386
82 46 256
4 88 95
73 87 160
34 152 351
31 12 68
89 142 378
14 165 205
39 85 133
2 163 169
93 102 241
34 191 226
91 152 399
43 60 149
6 47 244
3 14 21
21 21 73
22 60 88
16 94 251
36 136 294
53 107 267
14 76 124
75 62 144
46 31 119
68 134 209
29 10 46
74 150 251
51 155 212
34 110 181
41 171 253
91 148 248
57 54 120
96 136 273
41 80 134
42 118 185
17 178 196
13 1 27
5 114 122
90 199 298
39 103 340
99 105 249
41 83 131
32 50 87
4 126 288
26 145 221
8 142 151
22 172 202
61 124 213
30 69 138
8 164 189
48 175 223
15 31 53
68 195 298
6 88 130
45 22 102
56 180 273
78 19 197
14 7 72
19 91 111
48 99 149
59 132 194
79 103 191
84 75 222
58 112 210
76 170 255
95 165 263
22 105 272
97 47 218
35 120 324
79 78 197
56 140 352
94 126 399
31 26 72
21 19 46
73 162 239
62 135 339
82 131 219
21 140 329
57 45 105
