890
63 41 109
51 54 191
67 194 282
58 51 122
97 160 259
94 112 241
86 30 117
37 137 216
68 47 124
45 90 142
49 200 249
79 14 281
2 52 129
42 31 80
82 67 157
78 21 153
100 30 303
41 160 205
40 29 124
50 22 117
4 180 204
92 25 258
59 24 256
14 194 210
35 59 130
91 120 220
69 109 181
43 43 103
63 108 173
25 157 191
91 36 181
46 157 244
91 67 195
42 34 85
18 149 192
90 114 249
42 14 85
20 88 108
45 54 100
33 59 101
13 54 138
18 123 208
76 35 278
55 94 231
13 53 190
27 169 236
93 180 310
54 176 272
80 75 323
58 150 215
97 86 200
46 178 257
13 170 188
29 86 151
82 6 93
1 114 129
13 176 254
25 48 96
53 177 279
46 7 58
56 174 231
50 168 227
34 104 282
52 102 160
46 148 279
7 104 130
7 19 34
26 130 192
71 58 133
18 142 166
80 194 296
78 63 166
24 69 100
19 47 75
31 40 121
52 101 169
72 131 245
18 41 66
4 194 398
71 75 156
92 99 300
76 86 167
37 89 134
34 119 314
49 85 136
25 65 289
36 157 219
85 22 224
56 163 243
3 133 197
94 64 200
64 133 197
11 171 217
20 0 191
67 160 396
31 55 108
39 65 294
59 192 275
94 190 451
2 140 189
78 187 354
51 151 202
23 19 42
66 153 381
85 128 239
52 30 108
12 77 129
29 30 62
52 161 232
62 116 187
8 53 62
73 68 142
48 10 230
86 156 243
72 176 263
73 23 106
90 139 235
100 127 249
44 137 204
87 77 213
5 47 52
33 68 131
34 177 233
16 57 83
28 48 83
89 69 167
66 185 297
5 149 201
41 185 275
55 7 72
55 133 226
64 45 140
98 111 218
35 83 168
98 123 245
61 191 309
12 40 52
89 19 118
51 142 199
3 53 230
98 129 234
83 2 217
27 22 57
60 44 304
99 120 248
16 193 240
68 198 305
41 198 245
87 145 239
82 96 187
86 145 261
4 116 129
47 93 338
72 12 201
35 75 112
46 122 168
48 156 205
44 105 326
41 118 188
80 156 239
70 22 106
60 186 247
81 12 95
33 138 174
67 46 115
59 151 245
38 45 223
61 133 242
12 148 186
69 57 143
60 146 209
62 125 222
69 28 261
8 146 200
80 89 177
32 182 232
89 8 101
84 4 102
21 78 134
85 89 218
68 124 241
13 140 158
81 24 206
79 182 269
11 121 171
91 138 242
100 46 304
39 196 235
88 25 115
79 177 280
66 141 209
75 112 222
97 186 292
23 165 372
90 90 186
60 161 372
91 48 149
47 195 249
15 18 219
29 136 218
64 121 187
26 71 206
90 79 178
94 2 102
24 60 110
6 57 101
33 102 158
28 35 98
65 144 343
54 20 78
86 134 317
36 185 264
12 123 179
90 188 391
66 16 252
92 3 100
31 40 102
73 180 258
3 134 183
21 176 206
42 23 74
64 39 144
97 163 266
84 193 390
21 96 136
67 83 184
13 119 132
28 92 289
70 88 163
44 88 162
7 35 48
71 1 105
78 58 294
38 199 415
73 68 149
47 113 165
20 44 86
37 39 98
5 69 81
16 123 145
73 55 168
63 145 246
1 99 106
78 157 239
1 35 83
65 21 145
10 92 225
47 91 156
87 84 331
1 117 125
14 109 179
17 23 96
82 62 187
66 42 112
18 55 203
17 187 376
5 155 324
92 80 181
10 5 162
71 156 377
53 194 256
80 21 136
66 91 164
40 88 181
2 49 60
80 110 307
87 96 280
2 172 242
45 165 237
96 110 238
57 179 241
86 48 186
31 173 383
39 34 76
100 63 164
87 156 390
81 163 411
87 188 313
81 72 188
63 79 273
42 15 174
48 93 158
42 58 145
15 114 326
58 125 218
67 113 204
8 127 143
41 15 62
92 77 170
5 39 46
79 191 330
59 104 236
65 119 185
11 159 200
15 125 183
42 8 95
78 177 259
88 80 339
17 74 262
29 35 70
82 166 249
44 73 120
60 127 224
97 132 237
3 55 59
64 31 142
80 117 207
6 97 113
24 179 392
75 152 237
13 34 51
89 151 240
34 77 301
26 4 35
96 192 322
61 149 216
94 119 214
75 95 197
12 151 195
31 156 269
46 73 149
44 126 286
17 87 146
41 56 243
86 124 376
73 174 259
89 107 322
46 157 295
45 60 150
76 97 179
8 38 68
34 5 85
83 175 282
5 200 346
45 77 276
17 183 241
49 72 127
6 119 140
24 180 214
69 130 396
81 4 94
75 28 292
96 31 132
71 33 113
57 173 232
92 78 176
58 109 195
59 147 254
29 25 55
81 16 164
73 111 218
14 94 113
48 39 95
29 98 135
54 198 296
59 133 214
62 86 154
9 110 139
87 60 187
57 193 258
31 181 220
80 187 301
60 87 187
37 29 189
19 120 261
45 84 135
71 89 351
13 34 51
16 49 95
27 129 182
20 168 229
58 49 124
25 12 40
85 136 233
89 69 323
41 27 74
29 80 274
15 78 101
38 174 219
87 35 138
95 147 327
24 94 121
45 190 240
66 127 208
45 9 228
90 62 161
50 151 205
41 137 186
46 151 236
92 49 265
81 30 113
39 192 300
85 171 308
92 22 120
19 77 295
34 78 115
62 43 105
98 111 212
96 134 384
30 15 193
15 97 253
93 59 159
49 72 122
71 44 144
63 53 152
14 28 95
13 23 46
81 105 191
29 92 279
26 47 122
47 103 155
11 91 107
96 37 168
85 23 113
13 55 138
49 150 209
64 91 184
53 138 193
77 168 248
72 31 185
78 154 232
4 142 187
76 66 236
74 190 386
92 165 262
41 112 285
18 26 47
85 165 251
24 115 143
27 121 151
44 29 79
83 59 142
96 161 262
27 54 122
40 169 218
89 72 166
7 43 60
55 42 98
36 188 240
56 96 156
62 81 188
16 57 81
47 107 253
18 169 200
84 138 238
100 172 274
26 42 78
37 156 200
86 137 415
66 134 233
52 120 255
38 142 190
24 177 204
82 102 193
12 200 266
94 40 238
99 25 190
32 115 282
12 43 80
16 106 144
100 194 323
11 117 134
26 192 398
61 135 223
76 174 305
26 93 124
17 37 64
25 132 166
75 33 112
17 89 123
24 54 80
49 140 212
40 7 50
76 109 190
15 147 197
81 0 125
78 32 112
65 20 132
86 73 168
47 49 99
55 159 302
61 42 103
73 195 290
9 89 101
69 169 262
31 0 41
99 95 205
65 119 193
12 106 118
99 183 289
19 11 38
89 72 169
61 199 293
40 98 144
4 4 18
77 190 274
97 33 141
57 25 89
17 160 308
20 195 218
1 171 356
47 21 244
35 187 232
37 24 66
18 92 119
2 68 76
4 199 209
16 114 252
75 34 284
69 143 214
90 70 160
30 176 211
93 94 240
99 190 297
12 97 119
19 28 51
44 25 79
86 151 269
4 124 200
56 199 262
29 60 139
78 74 225
44 40 115
75 12 98
24 62 212
56 196 321
95 97 242
97 132 237
29 191 312
67 189 320
92 3 105
19 178 211
69 127 203
97 35 136
2 79 87
77 115 207
56 145 208
100 0 109
4 96 107
79 54 143
13 120 155
85 109 241
60 119 301
99 29 130
80 92 188
86 90 180
18 113 141
51 66 146
99 197 296
50 165 225
64 102 282
99 10 109
8 110 129
66 2 105
72 19 97
8 108 227
86 107 197
83 50 318
18 195 214
76 51 127
56 42 208
89 196 286
49 4 53
74 95 185
12 116 197
80 86 175
22 114 320
67 136 235
42 158 207
44 24 219
47 122 281
66 31 221
79 44 246
29 150 243
62 63 177
78 190 392
45 181 394
34 150 205
69 105 182
8 140 177
70 14 133
77 24 103
60 79 147
47 36 86
2 184 188
24 24 177
19 34 53
88 193 312
59 134 200
43 158 259
9 20 206
78 21 107
36 162 257
87 84 179
49 37 175
81 43 124
36 118 351
60 36 97
44 113 250
10 32 85
75 86 170
19 131 151
80 78 158
31 187 418
63 173 241
84 17 104
37 181 400
32 114 153
97 76 210
100 74 183
11 164 330
82 52 142
48 20 180
72 150 258
56 141 327
76 1 214
63 131 217
66 78 227
7 160 314
6 80 130
50 29 87
44 19 157
12 102 138
8 27 40
35 57 235
91 22 117
86 25 136
42 12 64
29 62 99
13 163 183
92 50 142
86 40 126
84 37 127
39 18 65
29 36 103
95 126 248
20 100 123
51 39 95
100 31 285
19 185 239
4 129 135
99 196 306
5 96 210
73 44 298
95 168 306
57 162 228
26 97 175
36 33 83
49 27 82
62 196 260
67 70 169
48 10 66
47 123 200
32 26 80
53 15 69
40 103 205
70 48 122
7 81 132
10 5 36
22 48 77
27 69 144
52 45 106
46 131 207
57 140 198
7 109 172
81 121 251
7 72 248
90 19 109
79 71 241
91 129 252
24 39 73
66 16 108
50 197 295
89 125 247
35 100 201
21 180 201
52 182 237
69 104 213
74 169 308
5 175 330
74 33 109
3 95 137
31 109 261
17 110 139
54 145 257
92 61 204
39 14 61
47 9 85
52 34 92
77 65 145
97 138 280
25 35 78
49 40 167
12 92 109
6 91 142
16 182 206
41 149 192
93 125 222
63 122 189
53 3 64
33 139 198
2 103 138
59 185 273
40 59 265
78 177 299
92 105 300
18 158 288
25 129 185
89 183 283
9 146 328
53 80 134
94 67 195
43 173 225
46 47 134
81 163 246
35 44 88
76 140 221
98 0 102
30 10 83
17 180 244
65 59 154
91 66 157
70 74 187
47 146 195
54 34 248
98 189 292
32 156 198
61 190 255
83 106 193
68 14 98
8 157 166
57 99 218
96 67 172
10 91 118
7 118 125
99 18 120
12 186 239
36 124 166
56 134 227
71 92 181
21 143 350
13 75 96
14 135 170
1 45 78
51 168 367
57 105 328
42 46 149
71 144 217
99 71 172
70 186 303
82 130 226
35 165 220
28 106 134
31 197 270
79 162 242
81 16 105
62 73 185
89 122 298
15 13 80
17 87 110
44 147 221
57 51 146
77 26 113
64 21 93
25 52 81
76 102 186
46 131 203
83 4 88
79 185 272
1 176 189
8 93 228
13 71 115
25 192 223
1 105 138
55 107 212
30 102 138
8 130 141
78 145 302
47 24 80
19 0 29
31 114 146
33 134 177
37 8 152
27 56 103
10 65 112
90 157 250
35 124 166
58 86 153
15 83 104
64 190 263
61 147 256
78 49 157
70 105 182
76 52 152
31 86 124
70 37 112
40 158 224
89 62 159
82 121 209
69 119 203
16 43 63
84 45 130
18 173 198
34 93 135
60 41 106
66 95 193
43 26 183
52 112 181
87 112 199
61 48 115
82 177 265
40 62 118
93 12 140
23 182 220
74 166 251
73 182 265
72 108 184
80 51 181
31 196 227
62 108 283
32 25 103
45 96 148
27 140 176
59 57 135
9 104 194
37 71 108
31 83 120
90 24 296
12 198 398
80 163 255
78 37 116
4 147 161
93 176 270
50 194 248
52 187 321
83 37 129
39 185 403
67 13 123
17 11 71
35 18 62
34 147 189
58 123 237
43 36 83
98 112 213
43 30 95
28 16 244
50 60 279
47 188 250
3 131 144
13 57 117
1 131 138
67 136 203
6 99 111
76 169 245
70 8 102
59 60 129
59 77 170
5 149 222
96 82 178
50 68 302
81 100 275
13 134 147
66 95 169
88 149 276
72 36 153
12 21 34
49 40 94
80 172 296
74 111 201
8 76 92
24 100 130
91 82 183
50 88 278
30 30 107
47 4 52
66 125 196
95 21 291
66 173 322
73 68 146
17 172 221
65 189 333
13 180 201
15 33 145
70 91 191
9 148 157
66 86 343
24 93 248
98 64 174
25 104 137
38 12 159
