120
15 199 214
68 157 311
23 19 48
2 113 120
70 27 100
6 200 304
96 83 226
93 125 220
40 48 148
77 108 189
3 138 239
97 73 319
77 183 264
55 49 203
78 114 242
92 110 215
46 62 116
97 97 230
7 121 131
95 25 127
77 47 126
80 57 142
39 107 229
81 144 237
91 122 215
73 194 270
61 194 301
25 189 216
55 1 66
73 132 221
46 129 218
27 104 285
31 114 154
67 180 257
66 187 255
88 147 252
96 21 127
70 191 266
100 39 142
21 80 251
74 75 157
59 63 142
96 76 174
40 48 89
11 172 189
12 88 132
58 154 215
78 2 129
70 24 118
35 186 222
34 33 75
18 157 176
41 158 276
34 30 72
51 34 135
50 105 160
42 49 101
72 112 195
91 53 155
88 191 321
12 64 86
85 132 391
57 15 82
87 78 221
18 130 197
1 39 101
81 72 162
85 22 107
50 136 194
33 92 128
75 111 192
83 119 229
73 92 171
30 90 121
79 191 291
29 32 65
96 120 245
80 162 243
90 24 118
51 198 249
10 5 145
69 7 116
48 31 85
39 158 197
42 127 179
61 120 219
56 142 296
95 106 202
38 109 313
32 195 233
80 82 243
3 19 22
6 190 236
25 96 150
98 77 243
99 169 452
35 157 206
16 152 303
40 103 165
56 187 290
3 132 217
72 137 215
4 73 160
56 23 267
13 142 165
36 186 300
52 69 124
50 84 142
10 190 200
28 24 55
100 38 150
16 104 166
18 73 98
5 25 38
100 96 209
13 37 65
21 96 288
9 78 109
75 104 257
8 137 342
