980
12 73 87
49 72 131
26 82 117
67 70 145
46 4 55
82 136 267
59 100 206
42 124 196
12 41 53
92 3 160
99 46 319
30 159 271
12 154 169
6 178 233
14 54 192
81 147 235
16 29 96
27 8 39
49 63 112
55 165 241
63 59 311
86 57 144
42 18 66
96 47 257
46 49 97
15 45 68
35 69 144
2 96 102
75 82 166
100 139 400
91 159 299
45 33 120
53 76 153
55 188 251
66 141 221
47 79 210
58 114 175
95 61 172
85 14 107
22 116 141
91 162 301
64 185 259
69 164 247
30 30 161
20 45 199
28 102 175
99 77 214
18 165 226
9 58 253
57 43 126
92 17 151
18 126 335
3 72 78
53 2 84
70 65 161
54 80 134
31 178 216
80 95 199
64 88 292
71 69 258
6 0 6
39 4 47
36 134 173
61 46 151
5 66 71
25 56 81
68 40 118
29 127 199
56 97 181
80 130 210
29 1 41
22 53 86
91 121 221
1 89 140
21 61 86
49 58 203
75 0 99
65 171 272
85 89 225
95 6 137
98 3 161
54 80 135
91 108 218
48 56 162
81 170 254
46 103 194
57 199 257
50 131 181
93 191 332
32 122 262
18 171 192
64 60 153
84 176 271
30 152 207
58 103 359
26 169 205
74 122 207
89 50 308
38 144 203
89 107 201
44 196 301
35 144 179
41 33 104
30 68 138
80 116 222
96 128 230
50 33 235
22 118 231
58 3 73
23 123 273
8 74 105
91 100 196
39 173 234
62 44 249
87 200 293
52 8 65
10 136 147
16 83 268
99 48 152
75 38 245
30 155 228
28 160 192
73 65 318
88 119 211
55 173 238
17 149 171
58 63 157
79 170 278
82 174 288
73 105 237
96 115 380
12 1 20
35 158 223
3 4 12
22 88 130
56 54 122
53 61 162
45 94 149
60 19 88
97 70 184
83 135 221
72 1 101
35 146 253
56 14 244
62 76 163
56 154 233
86 16 112
79 53 153
67 184 278
84 44 135
86 193 317
31 183 366
18 133 216
59 70 178
18 169 197
41 133 174
90 14 184
26 183 243
96 7 108
49 122 207
59 159 234
2 42 70
59 23 108
59 132 234
92 18 239
52 147 290
83 65 156
71 140 213
6 115 148
16 141 163
21 200 263
43 195 246
24 164 193
17 13 32
50 94 145
78 75 155
98 53 249
74 13 122
62 26 170
17 88 141
68 60 153
31 88 142
93 22 119
81 143 237
90 198 316
54 39 276
7 87 106
96 149 255
60 115 330
2 94 103
2 162 272
89 152 288
3 75 241
94 197 341
66 74 326
63 79 237
45 121 213
88 91 210
70 108 212
64 161 391
24 15 169
49 1 52
55 12 67
29 145 175
71 158 263
29 51 149
22 116 141
55 140 231
75 70 147
45 49 94
97 122 236
91 41 142
85 76 307
97 71 177
27 46 75
94 82 209
73 121 326
9 3 15
9 34 82
27 173 242
46 197 323
13 171 211
84 168 294
20 179 207
19 188 241
87 65 177
44 122 269
73 116 259
2 101 149
93 125 263
70 138 362
38 45 199
30 6 99
94 143 392
63 159 241
79 167 297
29 165 199
19 11 132
18 163 184
27 10 80
97 75 207
53 165 220
39 146 188
44 55 108
76 114 369
42 50 110
85 50 157
61 40 265
8 19 113
98 2 100
30 35 65
59 29 118
68 40 118
60 198 379
23 116 144
75 49 130
67 191 281
34 39 82
64 90 158
66 107 176
79 111 240
63 197 412
83 58 145
48 190 351
4 129 167
44 103 185
51 158 384
99 160 282
72 71 152
40 79 147
72 42 129
81 31 133
50 123 269
92 163 418
33 37 95
70 29 105
74 80 193
35 41 120
75 196 283
25 37 102
29 38 117
50 183 242
9 155 170
56 82 156
70 98 217
3 141 144
46 119 172
51 46 115
40 81 169
2 12 100
49 162 227
15 68 118
43 106 164
82 39 133
25 38 65
10 168 185
99 13 143
86 93 189
11 35 220
6 138 144
14 46 86
83 56 144
58 22 80
99 96 373
3 146 151
56 33 93
4 112 128
48 152 276
23 157 184
42 80 132
4 30 173
16 94 112
99 114 217
48 187 390
88 26 303
10 168 186
98 140 244
93 83 289
92 170 363
64 95 231
71 115 189
23 167 200
58 66 125
37 179 260
45 116 174
47 81 131
44 70 122
6 122 177
62 97 166
37 101 144
28 84 117
40 168 218
17 181 205
53 125 336
80 162 272
99 26 130
85 76 333
26 20 128
70 55 126
54 98 240
16 111 137
91 64 335
35 7 52
30 162 194
90 172 263
76 165 288
18 88 231
49 188 239
43 59 144
91 83 346
60 155 224
6 80 89
83 82 197
44 31 120
7 72 187
85 11 248
15 70 92
67 58 143
78 27 302
67 59 128
32 31 71
22 185 216
92 99 356
16 143 206
61 9 73
42 6 88
58 151 217
61 18 85
81 14 102
41 180 413
66 57 134
39 117 313
78 113 223
23 196 226
73 113 195
29 154 185
44 93 171
77 54 136
22 7 55
79 128 215
13 57 79
82 35 245
82 136 228
79 81 185
7 45 60
84 104 212
71 182 316
60 185 251
38 164 208
11 162 220
34 80 160
48 96 256
27 43 97
90 177 462
78 120 299
44 38 83
93 182 281
44 98 148
30 66 259
21 108 131
98 129 238
22 164 291
42 131 315
16 153 205
92 166 266
59 47 115
16 115 175
87 184 289
97 157 281
70 151 222
34 171 395
40 71 241
48 144 196
100 157 271
19 193 221
26 26 67
85 37 128
71 178 253
65 17 94
73 24 106
97 193 352
17 68 129
93 172 444
39 52 147
93 53 178
84 79 208
8 40 53
7 18 41
45 164 282
87 132 309
98 147 285
8 155 213
74 127 209
48 42 259
58 85 187
84 8 217
69 163 236
56 72 168
45 92 143
95 125 419
3 84 87
59 11 243
66 185 259
2 93 107
28 165 207
27 164 217
1 104 107
92 136 235
25 24 181
98 133 239
32 58 259
25 184 322
67 64 135
11 157 181
62 30 111
94 116 223
73 104 216
27 1 61
99 182 456
68 166 243
40 94 143
83 144 229
15 166 230
44 63 169
98 20 245
53 87 140
71 178 274
13 13 28
73 195 382
13 150 186
33 25 63
62 123 193
45 49 104
24 57 100
7 140 157
47 146 193
98 145 275
19 3 85
26 83 169
29 200 259
49 165 249
46 39 111
46 85 160
15 158 173
75 7 112
10 117 173
12 19 204
3 13 18
68 1 78
30 62 112
93 198 296
78 9 117
15 159 198
17 1 218
21 128 173
72 20 93
31 111 154
36 56 101
4 174 200
90 104 237
61 178 360
49 48 107
90 45 144
96 178 287
3 6 18
28 162 204
79 153 267
4 45 88
7 121 320
85 28 119
16 59 79
65 98 342
44 193 277
35 76 214
95 136 251
17 87 176
18 94 187
87 59 146
90 117 213
25 10 61
50 94 145
31 100 134
15 65 99
24 27 87
71 120 200
34 71 199
19 170 383
71 40 159
43 33 80
88 128 415
51 110 189
29 179 239
94 165 285
1 58 59
81 170 252
80 80 214
13 91 108
38 31 234
74 180 285
77 133 233
91 183 284
39 88 132
40 25 73
54 82 176
48 138 374
81 57 187
41 92 181
92 84 181
81 189 310
32 33 153
82 137 269
71 32 113
60 86 181
4 0 44
85 165 259
77 147 411
100 1 264
63 173 243
13 16 42
16 140 273
41 51 92
66 158 226
80 32 114
60 190 255
93 109 210
11 139 161
94 103 313
56 24 87
25 108 139
7 152 161
64 6 269
10 10 35
46 150 207
3 74 86
52 25 94
43 174 267
32 143 198
53 151 215
87 173 278
6 94 132
61 112 183
16 102 142
75 109 252
52 84 325
79 199 283
53 154 375
23 147 179
20 121 143
76 109 185
38 105 152
26 159 192
42 90 321
84 110 228
39 184 353
33 52 98
57 128 216
76 124 202
6 20 35
81 15 132
83 35 123
97 169 311
49 152 243
87 37 129
90 124 253
3 134 156
11 119 147
26 123 190
22 90 293
49 90 147
30 7 39
99 11 206
60 198 278
69 102 175
72 179 385
10 125 312
61 45 178
75 28 281
98 153 286
67 71 138
36 79 124
39 200 243
28 186 235
22 17 46
20 120 145
75 36 161
100 70 289
72 92 236
44 98 337
11 191 310
51 49 264
73 11 92
48 84 241
85 174 339
81 85 270
46 191 270
27 162 336
49 137 188
17 25 162
61 189 303
37 95 182
47 130 181
17 111 157
87 3 254
18 173 332
54 69 126
83 112 376
12 37 71
15 22 82
1 182 185
62 187 295
87 34 125
9 73 102
77 118 212
51 155 214
42 100 189
64 48 116
10 155 357
4 132 161
31 164 383
73 181 289
76 28 106
49 3 96
95 107 245
81 107 191
39 29 75
78 116 199
13 49 65
78 72 348
41 65 262
4 137 160
76 116 197
47 198 262
73 144 218
78 104 359
73 64 168
100 44 185
19 48 83
20 151 200
46 55 143
33 50 87
57 81 147
32 167 229
69 47 224
69 146 232
3 11 18
34 157 222
7 192 289
89 152 245
38 148 236
50 15 69
87 10 270
64 189 273
89 71 192
3 135 140
25 83 124
93 61 162
32 84 124
13 7 52
51 126 179
73 138 222
50 194 246
71 23 174
66 84 265
51 70 170
27 65 290
69 82 295
81 134 233
32 141 226
85 24 289
95 112 353
95 0 106
46 176 351
42 94 145
63 131 196
92 195 332
7 115 130
26 139 173
74 145 219
61 7 114
4 98 109
7 37 58
40 70 114
77 169 266
62 12 83
13 164 293
89 140 229
58 34 100
79 183 436
15 195 333
59 181 245
41 197 366
4 61 87
37 100 162
72 124 201
78 2 155
79 180 298
58 6 67
38 86 162
40 137 361
69 36 135
73 8 82
46 123 186
30 127 160
2 159 170
36 86 125
14 55 106
7 164 197
23 25 111
99 72 188
20 187 209
46 46 99
54 188 251
2 186 339
88 156 250
14 158 212
15 145 164
25 141 176
7 149 159
93 40 144
55 108 279
87 113 248
40 51 91
60 155 315
10 163 197
31 130 185
22 97 317
12 12 192
94 170 296
66 45 132
23 16 51
98 119 224
13 144 175
78 158 251
24 39 94
99 186 465
23 46 250
92 106 204
24 164 366
68 90 197
72 55 163
48 171 221
91 133 224
26 192 248
56 127 188
31 197 300
41 169 214
75 24 194
67 99 168
42 52 95
40 50 117
89 135 244
87 132 226
65 188 254
81 126 217
54 181 241
4 192 321
82 66 250
92 195 295
93 133 342
77 160 241
74 10 85
54 98 277
74 56 173
92 123 265
14 161 178
79 57 327
8 65 121
45 0 89
63 127 198
62 78 150
43 128 181
75 98 312
48 196 263
81 115 203
93 18 117
83 196 280
57 20 263
38 65 144
89 138 252
94 3 252
93 85 198
24 177 231
21 104 222
72 121 317
30 173 207
80 163 275
58 145 240
98 40 146
71 32 111
7 195 368
35 113 260
77 170 250
59 22 110
14 155 211
28 135 256
47 62 147
43 199 340
72 31 109
33 33 71
53 35 141
12 114 128
5 197 242
2 104 126
47 164 241
5 100 114
45 56 104
73 41 131
73 121 366
1 96 146
68 179 257
15 75 126
31 10 46
1 50 86
68 195 271
89 178 292
92 155 296
66 152 225
80 94 301
46 106 157
82 142 230
72 52 133
60 15 85
71 156 392
28 69 107
2 47 50
97 150 260
85 4 107
97 118 217
67 125 194
75 168 245
88 85 359
83 76 184
95 30 143
84 135 226
69 52 126
94 174 276
65 119 191
38 8 52
98 163 427
98 57 162
28 63 136
72 19 101
41 15 61
81 68 170
25 56 83
17 81 133
19 167 219
25 82 124
42 31 101
73 187 284
29 86 125
53 26 81
77 72 150
32 150 191
47 1 53
20 124 148
59 73 141
33 189 224
28 72 109
66 101 316
51 103 305
48 20 81
70 114 209
25 195 317
4 49 56
95 4 175
77 37 146
32 63 101
11 175 232
66 130 206
34 47 135
88 37 147
50 4 204
51 126 335
44 159 222
50 150 200
68 139 281
43 1 45
70 134 211
94 14 114
72 89 290
9 56 105
68 40 123
16 80 143
81 101 208
4 35 40
89 141 265
45 95 168
43 199 272
85 137 231
36 80 163
39 109 157
8 162 175
68 103 174
21 33 81
9 136 154
100 73 342
11 165 201
90 1 94
20 62 92
68 69 296
10 86 99
11 51 68
37 53 135
39 192 267
46 61 113
83 43 198
49 172 235
47 117 185
95 24 124
72 175 402
38 119 165
66 200 320
11 54 73
6 179 190
11 36 96
48 33 109
34 178 386
73 33 287
90 62 162
26 75 119
96 144 251
50 140 190
66 1 73
42 110 311
29 95 144
53 112 174
44 135 228
75 41 305
65 196 270
34 55 91
8 151 162
10 64 81
40 129 170
9 12 22
99 69 177
23 157 279
56 72 209
23 5 215
23 69 102
