260
38 4 42
49 4 75
81 168 285
5 86 140
6 173 354
48 4 61
91 165 286
14 9 24
50 30 123
85 87 210
54 43 120
72 159 257
32 63 99
41 131 176
46 187 241
56 178 237
85 62 151
1 97 101
65 110 183
88 76 174
58 39 164
90 55 165
90 98 189
47 158 389
23 178 201
82 167 253
88 164 434
93 16 116
18 192 254
68 82 313
10 77 94
7 171 199
72 100 174
16 0 20
99 22 201
15 2 115
61 162 390
49 58 138
37 165 233
53 109 244
59 40 202
69 123 271
51 128 180
38 197 247
76 39 125
57 32 136
32 171 244
82 120 241
77 92 199
33 100 274
45 3 59
79 1 82
88 5 99
71 84 155
60 11 109
86 164 288
87 9 218
25 39 142
67 16 94
45 147 197
10 52 81
70 51 228
67 50 279
100 166 290
53 24 79
61 162 368
55 26 101
5 69 81
88 124 256
58 65 319
91 26 142
2 30 33
3 64 73
89 1 108
55 147 206
13 24 53
38 92 146
83 176 307
44 150 263
83 192 276
24 114 141
68 22 107
34 36 88
75 170 399
78 164 282
6 90 181
95 128 233
21 76 101
62 62 183
37 83 124
42 160 211
27 121 160
4 163 172
78 59 171
51 1 56
57 116 360
83 111 216
79 199 282
69 111 185
90 89 219
95 91 301
100 48 186
53 186 253
91 22 120
96 103 254
92 45 147
33 30 112
1 43 46
11 119 134
62 1 209
58 146 213
7 130 146
22 184 207
36 117 176
14 156 272
18 147 175
43 131 318
29 67 99
43 75 199
8 54 62
83 170 261
94 185 283
51 131 189
73 186 261
89 110 236
26 146 200
58 41 116
91 84 181
4 97 105
84 8 136
14 168 184
59 57 163
8 132 142
73 12 118
98 28 134
12 57 74
34 93 152
30 161 198
51 44 96
10 33 43
25 139 174
83 121 302
75 12 104
80 96 185
15 176 265
96 41 185
99 191 293
94 141 318
84 122 212
73 148 265
8 58 69
14 165 322
25 131 159
19 132 154
74 188 441
57 66 124
62 125 190
34 171 214
9 32 51
78 42 135
3 118 129
65 9 269
25 78 116
63 147 308
95 67 167
71 134 397
81 166 250
56 188 323
6 48 60
85 187 277
3 75 182
11 42 81
36 16 79
80 175 304
68 94 327
21 62 87
93 168 264
79 100 364
43 8 66
63 127 215
2 11 56
16 20 36
41 69 112
57 140 201
99 41 220
2 192 201
47 63 147
94 106 203
40 131 331
15 54 71
61 144 215
74 80 169
56 176 241
82 187 448
68 83 162
60 66 189
78 132 231
45 103 148
6 48 159
37 2 48
14 110 128
47 53 204
40 28 263
86 34 158
22 123 158
33 37 256
27 85 119
43 158 234
7 199 253
88 0 91
71 104 333
79 2 81
72 100 323
27 54 81
66 165 336
51 59 116
3 6 9
77 54 141
4 117 131
15 52 67
32 67 101
28 131 166
21 23 46
84 37 131
11 156 169
79 155 240
72 134 274
45 105 344
6 86 92
50 100 195
70 30 109
40 118 283
9 33 85
78 3 88
28 126 190
50 70 130
11 131 143
15 62 90
58 190 255
97 182 281
59 24 112
49 76 125
34 164 199
10 31 181
59 108 175
7 174 204
10 94 129
56 97 159
41 163 214
72 54 239
78 100 209
11 159 171
31 84 120
47 139 191
14 14 169
60 33 100
57 0 240
29 184 230
93 157 274
8 105 116
