670
36 167 233
21 78 101
76 90 170
34 166 213
74 107 240
46 39 164
9 160 178
4 186 381
93 11 134
64 61 296
78 90 233
16 185 207
24 184 214
88 123 217
58 77 257
89 191 305
71 49 152
24 141 210
34 164 210
69 88 204
52 143 207
25 61 124
13 156 177
95 37 170
73 110 207
43 51 124
6 72 209
100 62 332
40 121 161
43 111 157
59 23 130
63 153 227
40 98 158
2 102 246
71 67 156
15 65 96
22 62 179
42 84 162
72 53 127
55 42 138
84 102 214
34 30 87
61 169 247
21 148 209
82 31 113
95 81 182
8 88 170
62 69 132
34 181 215
71 180 256
82 166 252
77 184 310
53 159 299
59 146 212
27 5 60
92 89 304
98 168 390
95 1 192
52 118 179
28 17 68
14 38 61
27 150 192
51 128 226
44 5 51
73 118 219
10 2 22
99 19 128
78 182 261
93 86 180
33 14 47
57 58 163
77 93 173
4 151 194
29 37 70
11 116 168
70 92 197
33 17 51
60 38 273
5 39 45
99 95 203
59 22 86
15 168 189
97 24 146
88 2 108
58 176 238
65 154 412
11 73 240
47 96 163
95 96 203
56 174 259
34 40 81
87 35 122
25 116 145
91 105 225
5 176 185
18 67 117
5 143 274
95 126 388
19 196 248
6 89 105
59 168 235
4 145 199
24 163 188
24 187 242
50 41 124
57 133 348
58 136 221
23 80 106
68 81 159
83 96 188
100 114 316
83 98 377
22 42 67
44 30 83
82 67 197
89 134 412
58 46 107
1 188 198
11 83 232
22 61 136
26 191 251
42 56 106
8 108 148
94 111 391
100 96 276
80 134 252
71 9 97
5 61 74
99 147 283
47 104 211
63 137 206
44 187 249
58 158 318
84 0 116
88 102 217
77 51 190
71 100 185
83 98 189
58 38 104
72 155 361
38 200 288
85 35 134
28 110 140
41 1 71
71 48 121
76 126 204
2 199 208
60 55 120
75 56 196
96 108 400
70 176 255
85 131 224
82 84 230
81 85 327
45 199 246
27 94 124
9 116 207
82 66 183
31 45 82
39 19 98
33 16 58
58 152 218
74 16 90
2 56 189
46 45 100
22 54 84
70 197 281
72 81 194
58 172 235
20 115 142
45 43 90
79 67 150
25 107 161
93 132 230
70 99 248
39 189 249
71 29 100
4 89 105
47 188 245
4 176 225
17 169 196
95 145 249
29 129 164
32 162 336
89 88 272
37 29 103
84 81 236
88 172 295
76 103 189
82 178 445
2 3 15
58 122 195
16 149 212
37 193 332
24 7 206
18 80 281
28 121 153
64 121 215
53 198 298
48 75 142
83 97 335
8 99 243
23 13 80
87 61 157
80 91 221
30 149 180
8 180 330
78 67 156
88 139 227
56 33 97
86 190 284
25 102 296
21 134 164
36 11 87
7 21 38
19 152 213
16 114 132
33 70 177
60 35 102
48 16 143
39 122 168
1 102 149
13 122 140
39 69 141
10 6 60
77 178 280
26 96 135
33 158 236
34 8 51
39 52 92
33 194 305
46 28 154
6 81 95
11 100 257
80 190 274
83 157 284
52 191 371
95 135 240
57 92 304
47 119 177
54 197 300
62 10 245
29 76 119
18 113 143
97 175 279
10 59 78
21 80 110
12 195 210
8 164 183
20 194 224
73 198 299
91 92 220
82 3 86
38 154 355
20 197 223
3 140 190
94 43 177
98 57 312
3 112 194
74 73 155
81 48 131
47 102 176
95 12 150
87 126 247
69 192 271
52 157 253
14 151 254
1 93 107
48 128 349
59 116 184
63 132 295
96 89 348
83 39 222
46 151 235
9 79 227
69 39 214
95 52 157
60 56 315
77 29 221
87 169 263
39 106 147
76 78 255
37 97 176
56 21 124
32 152 270
42 196 263
12 26 40
68 124 199
18 5 32
78 152 351
79 98 217
12 44 59
30 183 219
71 35 153
86 152 243
22 11 42
58 34 256
36 102 226
22 94 288
51 78 185
32 76 113
39 14 66
92 187 287
5 94 113
73 186 259
18 132 169
64 69 133
14 136 187
52 53 282
14 77 101
79 80 193
3 87 95
84 102 378
63 5 94
81 28 118
36 122 180
65 145 237
23 93 262
8 168 189
22 110 180
32 128 165
30 109 149
11 0 19
87 172 290
37 192 394
90 84 267
52 26 78
91 89 227
92 27 164
75 118 199
30 168 208
76 0 77
48 89 137
19 97 230
19 122 144
24 198 222
60 139 243
97 150 384
16 126 190
83 13 167
48 168 216
18 43 215
96 17 249
6 30 38
81 160 340
12 73 95
60 97 171
88 106 222
83 101 215
24 196 265
42 60 108
77 111 236
54 115 295
2 87 92
15 126 252
88 197 390
91 187 316
38 16 56
2 67 200
100 8 281
94 193 314
79 66 145
91 8 124
53 73 150
13 96 114
54 90 167
49 52 147
44 35 97
49 44 126
80 164 250
38 78 224
99 110 236
65 101 208
31 161 207
11 134 268
98 112 213
46 12 66
94 162 398
98 193 301
74 152 236
24 166 194
37 91 149
51 175 314
72 176 417
13 140 159
100 130 429
12 180 216
24 163 192
85 67 157
95 139 380
8 89 277
94 154 264
98 196 294
52 182 277
42 57 100
37 195 252
47 26 73
97 85 190
4 120 262
28 166 200
41 78 166
5 186 194
58 119 227
81 169 253
87 72 165
7 110 128
11 32 196
90 100 370
84 56 146
93 119 282
44 34 80
92 46 146
53 19 82
3 58 101
26 180 209
47 155 233
91 120 255
7 172 259
7 84 160
42 54 112
87 167 349
22 161 332
4 117 254
56 151 303
92 62 284
35 52 92
56 151 223
14 172 189
92 144 374
7 121 138
62 21 130
47 129 185
34 103 239
10 160 219
8 17 36
10 130 161
94 91 190
26 3 33
4 184 191
18 42 61
93 141 383
99 173 320
4 132 168
70 163 293
60 172 241
76 144 372
87 48 162
100 146 246
39 81 133
60 158 228
92 2 176
12 58 74
26 51 81
54 104 291
78 26 104
25 12 53
75 118 215
10 13 23
17 62 103
16 122 152
97 1 127
93 155 376
66 193 359
65 134 368
82 148 230
48 59 150
88 105 198
46 198 254
87 32 160
6 39 55
55 67 137
77 197 295
93 61 159
16 105 215
53 13 66
65 62 137
62 135 292
21 1 40
14 199 217
99 131 327
50 143 240
39 187 269
100 53 194
32 124 194
14 20 36
5 96 103
15 58 80
75 109 256
97 98 209
47 13 61
12 7 182
69 61 133
31 162 213
100 30 140
74 182 263
82 27 150
43 2 52
95 144 244
77 58 139
8 14 69
27 58 87
71 94 175
54 89 157
21 187 215
53 1 63
62 187 249
3 176 200
27 191 258
13 97 131
38 98 146
98 179 282
85 193 306
79 97 181
72 157 259
10 10 65
66 46 140
87 100 384
28 68 106
90 116 211
100 26 130
4 110 146
74 173 247
11 118 228
87 189 284
86 118 247
31 90 151
35 111 153
29 6 40
70 110 185
2 92 136
60 120 180
92 116 215
68 30 199
12 165 178
60 60 169
72 33 297
18 187 212
80 149 236
78 90 203
39 173 214
68 69 286
45 23 78
45 191 282
67 161 229
52 11 71
74 92 206
12 11 27
58 177 239
52 61 121
47 131 188
81 190 286
58 0 103
2 11 22
81 17 112
3 165 175
82 70 153
57 113 178
55 129 204
84 142 242
91 177 277
59 73 136
44 173 255
95 137 241
67 97 281
42 39 123
22 157 350
83 166 259
37 62 107
95 28 136
70 37 284
22 195 226
40 62 108
50 194 434
86 140 250
86 112 213
19 11 80
13 130 311
92 77 174
24 26 50
28 13 69
64 115 186
41 57 115
35 127 194
83 14 120
18 139 234
87 200 287
88 126 256
36 199 404
12 131 189
17 166 254
40 96 216
21 162 233
94 83 223
94 149 292
7 130 155
72 102 182
27 88 174
99 188 300
85 139 374
21 81 104
47 159 216
69 77 331
55 0 59
70 142 223
23 190 251
44 116 168
4 196 319
23 186 227
59 136 201
88 141 275
51 127 227
5 3 35
82 101 309
7 152 163
80 145 227
53 136 199
19 92 121
73 156 329
12 180 200
77 134 218
37 30 76
49 142 194
10 94 124
38 12 82
60 93 159
51 35 105
37 38 79
58 68 127
13 20 143
20 184 212
22 46 72
8 78 198
61 45 112
14 65 79
54 131 196
40 129 191
8 188 196
93 159 275
69 37 304
18 145 349
28 71 100
38 120 270
38 155 239
43 181 256
86 24 113
17 152 174
60 177 385
22 192 234
23 73 144
66 127 222
82 15 263
98 162 267
67 176 315
94 14 135
93 198 339
62 82 175
5 147 153
68 14 100
4 44 84
92 187 404
9 81 103
65 133 236
99 102 228
6 184 224
62 43 194
51 71 129
9 181 200
7 98 124
21 83 165
15 21 79
