100
56 63 145
39 44 133
92 188 309
14 156 178
46 180 228
39 128 320
68 87 158
21 18 42
98 127 234
83 36 119
7 0 9
83 155 249
75 71 254
12 126 148
48 73 126
82 196 279
82 18 178
4 39 76
79 159 273
82 188 329
72 60 282
90 37 327
59 118 290
64 49 120
17 133 191
5 101 142
92 117 209
100 72 176
96 27 129
7 21 75
32 160 283
20 71 93
92 20 122
22 73 233
7 2 140
74 26 141
11 107 126
53 112 175
88 75 281
58 121 180
42 34 90
77 128 241
25 5 31
97 144 246
49 59 213
16 189 248
25 93 123
68 200 349
18 104 133
6 149 323
88 125 216
35 188 231
81 22 266
16 67 85
36 7 53
59 18 101
67 177 253
62 111 178
1 14 44
9 143 227
89 76 195
22 159 213
100 89 295
1 36 42
21 168 238
55 74 147
9 69 80
8 165 179
22 149 347
98 28 176
66 122 232
3 112 211
98 51 151
40 72 192
7 60 197
75 167 246
68 75 179
10 80 92
21 49 73
82 129 219
85 119 244
99 138 272
11 95 114
49 27 103
81 94 213
57 95 190
77 71 152
70 70 299
63 139 287
68 173 255
27 10 43
25 162 283
56 197 431
44 20 70
91 52 281
12 8 59
10 26 176
82 17 148
35 1 85
59 90 191
