730
4 67 88
50 155 286
23 68 97
50 70 157
51 191 407
55 76 138
20 77 103
79 71 196
60 145 273
79 77 181
46 179 227
37 103 144
68 98 167
87 150 283
40 170 410
35 126 168
87 73 200
17 19 38
50 2 232
57 166 228
18 84 103
86 90 234
86 78 179
6 193 395
69 46 265
24 162 212
16 104 167
33 50 218
77 56 140
29 73 108
5 118 135
49 161 295
52 95 149
85 113 361
51 113 314
95 120 410
30 193 306
80 105 286
1 56 73
65 103 253
25 196 418
67 156 339
81 166 249
24 11 95
40 51 91
33 150 214
59 156 223
24 88 114
81 161 265
36 100 304
49 41 136
48 6 63
11 110 214
29 39 98
62 31 129
15 193 220
82 167 251
40 18 105
100 158 289
11 192 230
63 142 227
83 5 93
84 189 273
2 176 180
2 197 384
64 82 148
96 64 350
50 147 387
12 114 219
46 146 201
6 53 188
47 5 59
62 15 80
29 168 199
9 46 65
98 29 168
37 73 269
43 48 122
47 39 271
59 110 173
10 28 70
80 135 340
23 185 242
82 60 180
70 28 269
100 24 258
63 25 101
50 65 119
84 160 261
9 29 47
47 155 276
33 9 206
40 182 317
33 99 132
53 9 62
35 200 236
66 141 251
43 200 284
7 133 160
22 11 188
98 115 214
85 178 291
4 198 240
41 70 155
43 33 78
25 18 51
36 174 210
54 20 84
52 152 208
37 138 241
66 11 85
86 0 94
54 151 210
1 169 177
62 56 128
61 157 250
97 170 270
100 3 107
67 34 197
58 80 172
94 65 200
91 87 225
96 197 295
72 174 339
22 134 162
65 46 135
44 41 119
54 85 148
2 152 261
10 175 214
66 185 337
7 57 144
30 150 183
73 155 317
39 10 82
55 15 106
57 155 216
43 145 211
42 88 150
37 52 93
85 47 141
80 171 260
63 173 393
2 87 126
85 82 184
37 71 134
100 49 193
76 174 255
61 143 209
16 113 139
23 152 214
83 28 117
42 140 190
22 188 210
30 127 164
95 194 300
47 139 234
28 188 222
50 157 252
100 140 242
90 86 186
89 127 220
96 122 221
50 141 206
52 134 237
85 119 221
74 21 109
50 118 209
82 147 405
29 133 207
73 108 329
19 172 258
20 116 262
39 45 87
88 181 269
22 5 58
46 15 98
72 115 215
90 3 98
55 101 244
93 32 164
94 75 213
77 167 372
54 51 126
26 147 324
26 86 122
40 177 295
10 25 227
39 103 157
36 60 142
94 153 252
47 76 131
91 182 275
88 4 116
65 193 271
9 130 252
5 186 366
99 161 296
48 146 222
66 64 173
9 52 109
21 155 319
62 102 171
18 168 190
83 48 143
18 50 116
57 45 129
5 0 126
29 121 154
35 194 244
60 36 178
64 112 181
3 156 340
46 66 117
71 59 304
27 133 290
16 197 411
50 98 327
39 60 107
73 119 225
86 128 220
99 160 261
77 120 210
40 166 241
2 84 242
97 46 172
49 65 116
81 173 266
39 99 185
86 23 118
60 86 300
65 9 99
28 101 265
29 53 90
98 85 183
94 10 107
98 134 333
86 49 183
7 138 266
60 136 220
97 44 153
74 200 298
96 153 255
64 139 288
38 122 268
69 94 205
82 138 228
86 110 201
39 158 220
42 56 137
25 29 67
20 33 91
52 7 63
79 46 147
97 190 326
53 44 253
64 161 264
1 116 302
31 168 199
55 136 307
12 134 149
96 99 306
59 154 228
70 129 207
79 5 88
86 68 162
35 122 200
64 134 306
49 107 197
25 63 140
16 188 243
48 190 246
37 157 199
35 71 117
36 181 221
36 50 87
19 52 216
48 170 225
35 93 247
74 57 159
19 127 188
59 103 171
23 151 175
37 75 127
4 170 184
73 125 204
76 126 212
91 83 199
10 110 122
12 116 132
83 80 281
92 80 172
4 84 93
38 26 66
62 192 297
74 131 212
21 87 149
43 26 71
46 13 59
5 156 182
66 92 286
79 139 284
76 161 246
6 103 111
4 51 55
66 10 272
35 144 209
25 188 219
20 116 137
17 129 242
85 63 151
32 59 124
76 111 289
42 193 417
95 162 261
1 93 106
27 101 153
42 66 297
82 193 282
21 194 352
64 35 102
6 157 166
54 87 324
70 35 172
95 67 196
5 48 102
69 21 98
89 91 210
93 11 154
75 4 114
74 13 93
57 44 126
43 104 209
100 115 228
77 114 241
78 40 122
29 96 136
41 42 107
19 72 144
16 41 79
80 157 244
96 83 211
69 92 242
36 98 233
68 124 201
27 149 181
27 14 46
62 59 121
52 184 241
59 1 87
2 72 79
74 65 276
69 9 83
76 190 379
79 20 127
26 47 82
42 181 229
83 59 317
87 140 294
84 181 277
79 31 143
19 55 252
24 114 139
82 66 348
12 156 260
16 61 85
40 191 263
28 170 243
92 81 261
14 6 86
4 160 167
8 85 200
44 196 244
75 130 281
73 55 130
50 117 191
29 3 181
83 98 182
84 113 325
50 172 251
30 175 214
75 54 152
3 70 264
25 174 266
92 18 120
61 127 194
86 151 358
15 51 81
27 71 245
45 12 197
94 180 462
61 199 427
49 138 199
4 200 245
70 134 207
33 182 352
89 86 205
11 157 193
87 135 361
61 175 367
59 43 128
93 104 377
89 139 236
29 180 214
72 72 162
39 6 45
51 1 52
51 141 278
44 72 116
61 78 145
7 113 311
62 165 265
38 93 134
81 6 109
99 188 293
72 184 274
16 98 303
53 33 88
85 191 458
17 187 205
19 56 82
88 165 337
5 38 51
77 158 278
31 179 214
51 1 188
1 186 188
15 16 109
50 162 212
63 27 128
19 175 241
15 158 340
41 3 133
39 82 131
74 83 180
91 74 182
62 105 170
37 6 82
41 138 343
78 146 285
8 118 130
37 99 139
48 128 248
42 152 206
14 28 72
64 189 281
52 110 165
16 108 173
82 52 251
52 49 115
7 193 202
21 162 187
65 106 174
82 88 327
12 137 198
81 44 204
9 19 59
3 174 315
50 41 123
5 43 49
96 68 205
73 90 305
16 20 79
62 86 296
66 142 284
30 3 108
42 90 165
18 193 231
83 81 164
35 16 197
67 106 181
35 142 187
87 173 302
68 26 100
86 159 418
14 77 95
73 144 221
18 127 153
64 169 238
78 130 241
18 158 176
13 82 103
67 67 150
99 162 300
8 6 17
66 139 400
48 189 239
11 104 134
17 200 255
39 169 209
100 57 160
97 136 242
95 129 229
28 105 193
38 123 275
1 57 63
65 186 357
4 122 318
24 58 209
16 195 270
71 29 144
7 34 208
26 88 271
30 127 170
92 11 105
92 13 181
64 24 163
47 71 151
29 177 206
43 182 229
7 13 25
31 122 304
74 65 144
23 182 212
26 15 202
58 67 161
78 120 228
16 116 187
98 120 251
76 196 285
48 26 179
3 148 173
31 52 101
67 129 221
78 74 329
80 122 237
59 43 269
30 197 252
68 111 209
79 128 369
1 64 75
99 159 268
2 89 100
87 36 132
68 21 116
56 166 226
23 125 317
36 154 248
66 177 299
86 0 195
19 3 55
93 195 303
39 192 380
32 65 117
17 4 29
61 53 282
21 8 31
65 184 436
50 5 96
21 111 273
95 99 227
53 16 101
66 184 259
63 88 194
90 146 253
97 83 185
39 53 98
46 160 238
62 122 205
82 73 194
72 188 265
89 4 106
91 36 165
13 200 217
22 85 115
100 26 147
7 110 119
47 59 227
73 34 128
20 1 22
9 85 118
46 103 155
94 11 119
44 11 64
25 191 231
70 190 278
50 19 101
27 169 227
22 77 107
88 178 271
70 8 233
61 27 93
92 199 295
17 109 244
79 26 107
17 96 115
66 64 136
4 9 71
11 162 176
98 90 236
95 65 175
99 182 319
4 198 219
26 189 223
35 61 104
65 138 250
87 124 216
85 89 241
5 131 190
51 164 216
61 128 297
66 122 224
29 44 121
64 155 245
72 47 147
94 0 249
16 110 141
79 191 271
100 64 174
22 44 73
100 89 198
71 103 204
61 14 77
88 39 135
27 182 258
100 125 235
49 132 189
60 63 123
34 68 104
48 173 223
34 161 347
65 158 238
81 75 330
50 179 233
54 194 282
6 156 197
22 73 212
76 81 273
61 85 148
73 181 272
77 129 244
90 143 269
81 124 405
6 171 212
13 182 200
78 169 255
65 3 100
15 97 136
92 12 109
5 84 122
25 19 189
12 37 86
90 38 137
68 88 165
35 135 179
62 185 296
99 26 175
20 167 192
70 101 180
98 151 398
69 160 229
68 179 273
66 96 168
17 113 151
69 10 262
100 133 256
6 145 155
4 87 107
86 174 307
27 162 194
89 56 292
45 127 174
18 94 281
55 171 298
14 187 348
36 97 168
73 156 428
79 67 168
12 50 72
61 47 112
13 139 176
39 105 241
38 34 114
97 142 287
65 118 184
6 99 116
85 171 302
65 20 101
19 91 115
52 166 352
9 54 66
41 53 160
85 174 295
78 188 276
77 43 120
38 81 272
43 197 241
40 157 314
20 5 30
94 161 269
44 200 270
44 38 120
26 171 291
4 41 47
50 79 135
22 72 105
19 116 158
15 62 172
28 54 83
47 86 159
97 72 171
98 142 242
32 109 250
58 142 200
8 188 287
23 28 134
67 40 151
34 169 224
81 33 227
72 82 158
68 168 244
55 67 124
81 6 88
58 15 80
42 149 201
46 41 87
88 104 275
98 58 180
93 113 214
19 78 99
55 109 198
16 59 134
25 132 159
79 53 141
57 163 226
49 107 198
34 81 118
99 43 209
71 151 270
36 164 237
