670
40 63 235
73 186 262
68 108 277
34 102 144
20 53 110
34 95 178
25 200 235
93 25 122
38 184 231
49 111 307
64 51 119
96 39 137
72 169 381
51 138 195
99 131 328
16 72 101
49 22 104
2 64 74
83 93 181
33 39 99
28 119 224
15 84 299
47 168 234
98 189 288
92 167 263
4 80 93
2 99 109
71 46 127
45 194 269
51 193 253
71 106 187
80 70 206
48 20 84
10 19 36
18 179 236
56 106 165
100 33 149
71 191 263
62 36 130
56 133 215
25 124 149
84 15 100
15 137 170
69 47 123
4 189 226
42 54 106
55 16 77
91 24 115
99 21 130
4 135 185
88 44 213
61 107 332
13 11 187
25 161 204
37 154 204
47 151 202
11 86 118
29 171 248
65 138 238
24 163 387
74 26 127
51 189 251
93 76 176
46 65 139
3 110 116
73 77 150
8 138 163
35 186 247
23 145 218
68 166 281
62 178 250
96 89 187
84 199 293
18 184 208
8 176 218
36 35 109
58 48 115
47 26 144
45 33 125
94 110 347
9 105 202
100 77 184
63 90 274
28 24 55
59 138 200
84 25 157
69 6 118
60 17 93
45 193 243
44 67 114
68 87 279
45 86 179
26 161 260
1 158 257
84 165 278
41 10 118
46 74 145
82 179 261
60 151 373
59 17 97
48 48 113
2 127 214
57 133 368
10 49 60
35 27 95
96 153 288
38 147 190
41 42 90
43 56 145
31 85 117
76 115 220
14 154 191
72 148 228
100 146 247
44 145 236
49 102 155
84 44 137
72 112 329
72 24 106
5 121 170
27 158 332
50 149 207
10 179 190
8 120 137
15 156 270
14 64 159
3 12 215
81 199 325
57 199 443
61 20 88
42 152 365
84 89 176
85 180 311
28 53 154
35 48 122
67 72 155
53 111 174
74 82 342
37 141 183
34 142 372
68 155 235
12 62 165
98 64 167
14 130 148
42 134 177
85 103 198
24 125 228
76 128 229
23 93 165
9 162 178
69 152 400
35 93 248
88 169 298
48 162 219
84 121 234
63 123 209
51 184 239
72 193 265
70 171 272
30 135 194
23 1 92
62 37 107
8 11 67
91 13 109
76 136 213
99 0 100
39 158 212
79 117 250
74 79 161
92 128 411
64 25 178
64 64 165
87 131 238
99 13 249
40 47 94
48 91 147
10 9 217
26 1 27
26 116 186
64 110 181
44 0 47
35 108 193
97 153 251
69 106 221
91 79 180
32 44 114
78 127 338
30 165 334
53 17 107
62 30 92
90 194 307
10 132 142
5 129 150
49 53 107
38 33 78
18 17 132
3 69 141
84 105 217
20 120 183
59 58 156
20 185 213
27 192 238
23 128 244
58 63 180
13 111 126
92 159 287
87 115 401
95 177 448
41 22 101
54 186 269
85 137 231
79 185 309
56 150 214
38 19 65
99 170 303
64 152 240
65 101 171
98 42 202
99 10 119
24 173 197
55 139 380
62 143 210
6 114 120
45 24 70
69 180 298
63 131 292
39 55 288
51 152 263
4 50 55
26 47 75
51 100 161
19 92 115
91 53 150
25 51 80
23 14 38
34 179 412
74 134 283
85 192 282
95 151 264
36 119 266
37 107 271
66 126 211
41 60 278
86 30 120
92 107 311
85 120 212
61 33 100
57 84 339
67 135 208
95 98 295
18 180 234
58 126 335
82 55 294
21 140 163
79 84 165
38 72 118
66 179 294
81 28 109
27 75 116
11 93 109
95 7 104
19 46 68
1 8 9
36 184 225
8 158 168
40 143 222
64 94 167
98 184 283
58 193 369
16 130 190
66 86 157
54 128 288
7 144 178
1 174 337
3 62 68
90 86 178
55 1 162
45 121 175
54 48 106
42 189 267
38 70 110
94 36 269
68 183 355
46 14 202
74 45 241
12 8 61
27 191 229
78 130 216
49 98 284
72 69 263
72 56 138
34 44 99
24 71 115
87 151 355
49 69 161
51 107 177
79 165 267
69 56 126
93 171 309
23 69 96
5 11 33
52 196 249
53 69 239
6 79 95
78 73 294
71 200 316
20 182 206
40 193 237
69 57 126
59 119 184
23 109 133
64 124 205
89 72 177
14 44 69
61 90 157
64 152 253
79 54 154
80 28 155
4 192 310
28 121 187
51 50 149
35 32 114
70 155 250
1 16 28
84 97 249
90 93 185
84 44 167
2 150 155
92 8 110
10 182 194
63 31 105
29 188 315
86 60 184
39 197 273
63 138 206
68 188 304
90 101 202
46 188 369
17 119 158
12 99 117
63 194 301
45 166 219
68 197 416
69 137 212
38 140 206
90 82 174
66 20 91
70 78 236
87 120 396
84 166 256
13 110 126
55 12 117
15 104 125
10 199 212
11 21 34
65 183 254
56 51 108
52 178 279
76 23 99
30 173 227
76 162 310
96 161 276
90 23 120
65 169 266
22 163 221
56 84 177
63 145 382
31 164 236
100 98 198
37 124 161
39 181 254
22 95 145
27 105 157
80 59 262
51 158 226
91 21 228
94 47 153
32 122 326
100 175 320
51 150 205
74 32 152
21 115 185
28 31 60
36 81 196
65 144 218
85 42 179
72 43 120
100 187 298
6 69 125
84 74 198
16 52 88
57 168 416
73 101 176
85 96 187
43 170 237
22 136 197
54 77 139
34 10 54
84 84 175
53 35 107
6 147 157
17 153 214
18 95 128
76 134 382
70 173 257
39 56 101
28 100 130
47 111 158
66 68 144
77 73 248
67 72 147
25 62 284
88 80 176
21 115 159
7 99 113
24 90 124
90 23 121
60 61 159
59 17 246
87 171 270
87 105 319
90 44 143
9 167 327
31 169 384
51 28 85
8 65 77
2 45 52
1 44 148
29 194 265
70 187 275
76 129 215
27 0 35
46 57 236
28 37 69
71 131 230
100 72 179
98 192 290
95 177 274
53 82 244
31 124 161
33 199 242
24 111 254
100 166 272
53 83 136
80 89 169
25 156 232
4 189 197
67 40 177
61 7 70
39 103 147
77 181 262
86 1 92
23 152 183
56 107 283
78 118 202
67 44 115
24 187 214
56 180 239
78 28 115
100 32 227
47 100 166
64 194 305
46 99 153
33 86 129
72 190 394
71 120 245
85 5 244
39 148 201
75 158 251
89 83 180
43 29 106
11 68 233
97 62 351
64 199 310
64 86 348
32 64 139
31 189 415
62 7 94
38 20 89
52 99 258
62 103 304
51 29 170
17 91 115
67 113 208
68 42 123
8 66 228
32 98 161
68 115 284
33 182 225
1 118 128
35 93 132
47 145 229
51 104 156
45 28 114
94 131 234
22 139 161
31 185 326
82 48 134
48 160 221
2 32 67
5 4 150
23 85 135
49 92 296
97 106 216
96 46 257
79 126 402
63 158 386
68 50 200
91 153 246
81 131 212
29 148 277
76 50 133
6 170 177
43 69 220
8 53 105
7 123 249
89 102 221
42 100 144
31 147 191
37 176 224
73 189 269
2 60 71
47 113 169
84 55 139
47 78 214
96 161 290
99 180 280
69 190 299
16 18 84
94 71 264
55 198 256
57 117 204
55 65 126
89 103 229
69 160 276
80 83 188
73 50 138
58 81 155
18 74 266
19 11 40
76 36 116
7 196 206
55 171 233
69 133 207
59 152 244
30 196 424
25 166 192
28 7 56
58 135 387
98 124 227
81 80 205
56 59 291
38 88 179
62 186 248
47 114 168
21 89 160
93 40 163
84 178 399
42 173 216
16 38 74
64 72 292
57 75 170
69 92 163
72 23 188
32 78 149
16 91 178
2 106 286
33 193 242
66 125 272
71 189 262
26 4 32
30 142 204
81 182 360
57 7 67
24 61 130
4 178 381
54 45 287
22 70 96
49 170 223
34 18 56
3 163 178
49 143 232
10 72 126
21 15 40
86 168 377
80 139 232
12 182 245
40 87 145
84 132 251
13 82 103
39 99 146
63 149 236
76 156 296
27 110 171
5 119 133
92 80 190
13 90 150
23 16 213
100 120 226
83 51 154
27 63 130
39 140 369
82 199 285
33 59 102
27 41 76
82 31 162
83 145 235
62 130 202
35 140 218
18 40 64
99 0 105
66 176 242
88 110 370
2 54 81
33 198 236
84 165 415
78 47 135
88 143 236
89 23 118
94 158 273
20 125 205
94 5 280
42 196 269
7 60 85
70 165 240
65 74 169
40 64 111
91 69 164
72 159 313
87 85 318
8 138 159
24 160 194
99 46 154
35 186 347
28 29 66
12 39 79
14 0 212
19 20 113
57 131 192
10 1 101
100 166 268
53 6 60
29 2 33
39 24 258
30 35 75
50 101 160
85 94 348
54 33 113
10 1 15
78 48 126
75 65 187
2 108 159
55 79 139
45 100 178
44 79 188
74 127 217
77 54 165
50 147 198
56 151 216
34 14 60
51 151 291
88 97 211
84 142 228
53 43 121
73 136 398
43 63 111
23 196 373
26 106 272
39 104 223
46 138 192
