530
93 17 119
79 186 360
58 117 177
88 185 277
43 44 130
87 182 314
81 89 179
78 158 243
92 99 260
54 93 166
19 91 234
55 19 125
97 153 251
89 89 224
40 19 90
61 131 239
18 143 344
59 109 210
82 39 155
81 25 124
64 36 123
32 151 275
72 11 83
55 8 111
59 116 250
40 1 51
31 135 166
1 199 246
91 161 260
12 51 64
43 134 245
11 169 228
68 139 399
10 111 124
79 176 374
76 38 115
100 192 331
3 21 30
77 20 114
71 102 181
74 0 107
63 159 222
23 67 96
8 2 58
55 195 374
54 57 112
45 138 269
16 99 146
1 181 186
58 165 226
17 96 158
57 170 229
66 120 363
4 16 58
17 157 183
57 4 70
23 87 145
72 84 278
8 90 105
96 88 190
75 116 196
41 189 231
38 107 294
81 18 106
83 83 289
52 11 188
6 99 187
26 130 339
32 85 120
79 104 355
17 106 161
68 37 236
65 55 147
68 27 97
72 108 226
46 168 390
92 193 291
99 108 296
97 69 198
53 134 193
55 110 195
5 45 50
7 86 94
63 78 286
25 133 191
26 90 308
83 92 185
23 168 267
63 67 131
2 196 222
24 0 27
22 192 369
69 16 94
76 109 187
92 133 279
91 108 291
27 62 93
18 70 99
48 146 244
83 129 214
54 59 114
28 100 134
39 109 316
86 142 233
90 139 230
72 102 213
69 28 129
29 32 64
32 121 192
12 100 121
56 176 333
63 165 231
72 53 226
65 8 92
42 53 159
58 95 162
9 174 186
94 90 190
20 7 48
28 173 210
82 25 134
69 172 242
11 23 133
42 143 192
13 198 238
100 149 249
100 128 324
63 185 284
28 138 236
35 2 39
83 143 255
71 93 168
19 13 37
76 23 103
97 54 156
20 162 299
38 83 121
36 64 146
57 13 76
65 61 128
20 70 106
26 50 229
24 168 207
42 89 277
36 96 143
33 39 93
11 12 171
65 165 370
87 54 174
84 85 190
8 57 78
70 177 438
62 18 121
86 38 312
91 184 308
9 159 184
87 190 283
8 154 164
99 7 108
13 189 206
77 92 173
54 3 59
30 121 154
31 73 136
15 80 104
41 70 114
17 67 109
90 59 160
95 173 410
3 73 111
27 158 189
55 149 207
3 35 50
64 182 256
90 67 157
79 97 182
82 112 232
99 142 377
64 196 300
64 110 332
54 45 289
92 179 358
78 79 174
61 132 196
23 29 78
73 86 349
33 49 83
14 141 157
38 52 100
80 115 214
33 43 93
27 101 137
59 193 308
54 191 306
86 73 163
81 20 141
32 49 87
76 138 246
55 186 244
53 2 55
21 81 111
91 93 272
10 145 196
26 66 106
51 21 79
35 84 216
55 136 222
92 87 188
76 97 322
10 14 129
33 50 124
37 154 201
69 70 146
63 0 160
48 18 192
51 111 170
93 89 216
18 41 92
13 85 233
90 172 263
33 198 252
84 179 347
77 134 220
9 89 104
47 145 383
20 109 138
60 16 108
21 143 358
48 100 157
51 146 200
59 117 205
37 184 263
82 171 311
36 65 104
34 107 182
83 121 224
67 116 225
3 19 34
76 187 270
95 130 233
48 99 340
71 143 251
44 199 251
26 103 256
20 197 221
10 162 204
26 38 72
98 173 301
89 162 254
56 140 292
59 80 238
75 187 358
99 197 299
24 5 33
74 162 290
25 60 90
89 25 267
46 74 243
92 2 134
13 28 68
88 144 240
96 36 219
87 148 253
26 141 187
42 23 108
67 25 260
97 9 253
61 96 157
91 7 107
63 82 151
83 112 236
64 80 153
41 73 143
92 51 193
17 134 326
10 6 19
83 105 214
22 119 174
84 65 156
44 38 117
73 178 324
34 26 68
58 177 238
19 97 124
79 2 129
18 45 66
33 186 219
99 153 297
67 47 231
39 131 171
3 51 225
72 88 190
52 77 133
93 194 365
4 81 123
3 22 30
37 40 120
17 26 165
60 51 117
75 53 255
79 110 194
73 125 205
7 198 208
16 150 249
73 86 268
96 149 249
39 37 94
85 155 298
59 171 234
23 77 188
74 159 253
84 50 143
91 48 150
61 116 331
64 191 261
44 167 214
56 46 143
99 52 157
22 141 188
68 1 156
43 85 246
43 67 185
26 137 166
66 156 224
69 150 224
4 120 131
26 115 190
79 183 436
16 200 218
28 162 225
61 144 386
57 133 190
80 45 240
82 108 197
39 25 69
60 63 144
54 59 280
81 176 267
16 27 228
90 43 180
46 125 175
35 187 231
29 81 117
27 164 265
28 32 61
11 48 100
27 126 163
61 154 222
6 44 51
21 86 153
47 156 314
16 79 257
82 132 353
6 186 201
83 198 289
40 15 63
31 37 71
60 158 297
33 173 206
47 14 66
37 32 73
62 163 402
81 182 273
61 43 107
98 67 197
52 57 116
42 50 241
9 199 210
98 88 187
60 58 127
87 49 254
94 110 211
3 140 152
44 144 287
7 154 246
9 129 187
7 14 133
78 75 155
83 62 147
74 121 284
97 63 327
60 125 187
79 98 186
16 81 105
41 123 173
60 126 188
8 158 171
81 135 362
55 53 118
20 121 150
14 29 75
6 171 197
75 129 205
35 103 174
51 172 242
36 64 209
99 101 230
60 35 105
30 51 172
67 17 266
58 133 310
4 163 221
37 7 50
78 161 247
57 83 148
46 128 222
7 56 73
43 83 165
95 112 242
46 122 271
8 136 151
72 39 132
56 5 64
59 43 186
48 180 419
97 177 428
34 22 72
33 198 235
88 164 252
20 189 241
46 29 81
87 119 209
86 18 114
81 174 426
45 99 158
28 169 223
97 103 287
46 154 205
29 30 221
57 79 180
18 163 229
56 130 189
66 24 108
70 57 135
18 188 212
83 28 224
97 2 102
21 107 229
18 184 227
20 143 167
51 111 170
40 51 109
42 81 127
69 45 128
54 122 220
71 198 294
26 55 94
11 13 198
30 49 88
79 170 266
29 142 272
68 146 259
8 58 147
14 56 70
61 145 227
73 53 130
72 43 159
13 76 97
10 142 323
90 59 168
87 141 229
28 177 215
46 114 277
71 153 269
70 101 181
73 95 213
7 146 162
52 31 250
15 51 247
95 169 303
42 178 266
31 40 116
69 143 235
95 47 191
91 22 281
25 22 56
65 111 201
19 113 197
57 140 243
50 168 373
30 32 94
78 149 235
72 74 182
15 106 127
45 36 103
35 16 103
15 125 144
10 132 155
74 103 199
94 189 302
12 80 96
85 93 204
55 129 202
43 22 83
88 188 293
99 111 219
44 87 230
23 91 248
47 189 258
39 121 168
87 102 192
56 141 203
63 23 256
71 156 250
36 161 235
13 102 117
27 67 217
68 61 179
14 95 110
14 64 78
39 160 249
87 157 328
23 121 190
97 57 160
57 154 233
5 187 217
21 181 226
36 155 279
52 125 191
65 63 205
99 175 276
69 67 141
86 174 263
28 86 118
63 28 259
81 180 285
83 111 203
49 137 203
53 178 320
11 82 99
