590
40 152 201
2 115 120
58 164 249
83 84 306
5 198 230
58 159 401
1 179 210
2 139 194
62 24 135
59 197 258
72 170 246
16 65 107
69 8 235
85 186 469
51 161 219
58 50 111
77 169 273
86 71 167
21 51 89
27 168 273
37 18 61
26 50 78
59 40 224
52 156 282
5 32 136
91 41 142
16 139 157
78 140 224
86 148 322
75 200 306
89 58 148
97 8 111
45 69 216
33 170 237
60 39 123
29 171 246
62 16 96
22 167 217
13 101 240
90 40 141
10 182 195
71 51 131
16 143 169
23 147 182
67 189 340
76 159 282
44 117 196
71 70 309
79 100 243
48 90 142
80 113 196
67 190 289
71 42 188
91 163 297
92 39 139
12 157 208
69 53 132
83 99 192
26 173 216
59 199 376
9 47 106
34 113 153
62 128 194
60 45 169
16 142 177
62 190 297
17 29 50
71 26 211
64 92 291
84 145 260
49 190 240
30 57 133
64 136 354
8 94 106
40 170 212
83 85 173
98 14 127
19 47 114
29 51 248
7 123 135
27 51 86
58 63 151
2 96 103
85 95 189
19 114 170
52 116 238
6 90 131
47 67 119
66 42 149
39 24 66
68 0 119
99 62 232
78 9 124
81 191 292
84 57 199
71 109 203
84 162 250
82 153 310
83 34 122
9 197 207
58 32 99
56 116 172
95 53 159
72 5 79
51 31 130
40 52 92
46 172 235
1 189 223
65 100 169
91 58 195
58 100 188
14 102 124
44 141 194
71 0 87
38 72 111
43 141 186
20 10 35
42 36 88
64 92 157
43 129 219
91 35 128
5 174 220
73 193 271
40 195 245
4 36 49
17 49 112
11 46 235
84 59 149
55 67 161
67 79 191
73 27 280
28 146 342
8 102 239
85 171 279
66 30 99
71 168 241
68 177 246
81 153 278
88 71 331
8 93 279
25 128 179
95 160 256
7 1 27
28 33 63
22 182 214
87 5 145
3 14 119
9 162 176
65 157 228
19 7 27
54 58 181
28 11 40
48 1 59
79 182 276
78 5 90
58 136 222
27 167 227
91 123 222
54 126 186
28 191 254
19 37 81
11 37 53
69 177 252
83 195 317
32 131 206
52 190 246
93 6 231
91 71 179
90 164 281
39 195 241
55 121 270
33 1 173
61 96 195
91 194 422
59 143 227
55 56 144
67 158 238
7 34 71
7 34 96
5 114 125
95 22 194
13 149 162
61 172 371
7 102 153
48 162 210
53 156 257
76 79 157
37 126 182
20 97 117
25 135 161
3 175 186
13 85 100
16 161 194
4 92 103
40 36 78
40 84 124
46 5 114
94 25 185
42 178 228
100 21 123
65 88 170
90 169 450
79 87 175
94 35 163
4 92 146
68 156 263
58 196 258
92 175 275
26 18 47
35 194 238
7 194 222
43 112 217
5 127 135
14 70 105
48 16 101
32 35 106
42 123 186
70 15 188
88 2 277
4 197 211
19 64 91
58 194 252
54 52 113
97 65 167
29 74 209
3 131 137
95 154 405
31 108 139
84 179 288
100 131 232
47 58 133
67 151 303
22 148 180
92 93 217
47 26 106
49 131 180
33 178 254
24 39 69
28 130 159
48 189 269
37 42 101
62 155 254
73 74 159
14 118 280
86 180 266
15 162 263
20 96 121
53 128 366
40 84 148
2 104 130
48 61 116
39 97 300
38 56 179
33 163 310
57 24 85
18 76 108
63 181 286
37 196 425
35 139 316
9 8 66
11 111 148
99 181 283
42 81 157
96 77 179
4 49 53
27 112 178
18 97 198
53 109 351
78 110 245
68 71 228
11 119 186
26 194 394
52 31 134
62 55 212
70 46 138
22 151 175
36 92 132
75 118 241
94 70 238
7 32 113
17 183 341
82 90 212
41 120 173
99 186 371
78 137 252
42 134 262
17 70 97
87 89 211
40 27 73
42 5 65
28 129 325
65 185 250
69 30 158
24 43 110
38 179 218
22 71 103
100 58 166
29 196 260
43 14 68
63 142 254
20 100 129
31 172 207
1 31 32
14 121 138
33 91 127
45 83 137
3 20 52
80 24 111
30 160 232
13 56 258
77 147 227
72 3 196
92 101 247
61 6 128
14 3 144
84 29 116
57 11 76
60 126 193
99 196 388
92 12 112
41 166 224
35 177 310
72 192 289
29 75 157
26 11 60
16 37 56
50 97 176
6 62 132
24 113 152
51 122 180
87 145 242
74 71 296
21 183 223
48 8 176
52 152 253
45 144 194
85 13 99
63 27 170
57 66 131
28 187 255
81 102 185
60 112 180
63 125 192
76 90 167
36 55 131
86 105 254
83 87 203
18 148 170
46 91 183
31 124 270
70 124 197
42 123 357
77 18 115
53 124 192
6 169 223
83 89 172
84 194 319
11 182 202
5 33 43
45 49 118
41 44 108
38 62 259
34 194 250
11 83 98
11 89 193
66 197 272
98 175 274
94 111 235
3 116 154
34 65 297
70 91 315
84 80 361
48 34 83
44 188 243
82 174 432
71 64 325
100 145 268
26 88 122
3 72 81
17 12 42
21 83 109
16 11 83
54 108 323
73 161 264
27 169 235
64 94 161
30 163 198
18 74 103
73 51 132
48 138 212
61 85 258
9 30 64
62 102 171
21 68 111
59 113 277
2 90 97
16 178 236
6 142 152
87 19 158
10 103 116
59 34 103
81 98 186
35 179 218
39 88 160
98 84 372
38 135 362
89 81 274
6 181 190
42 127 260
21 56 246
67 42 110
55 32 88
87 137 247
72 148 263
8 16 57
100 112 218
31 28 66
93 157 335
29 68 100
80 51 236
86 20 117
67 105 180
96 37 149
54 42 126
49 81 138
45 126 181
40 9 54
34 23 59
26 0 31
92 131 225
98 42 143
22 167 368
18 58 86
8 99 114
7 101 171
38 45 97
39 97 182
17 140 157
39 174 251
38 188 234
67 24 115
78 185 325
94 85 191
3 183 190
42 42 85
3 57 63
33 20 161
20 88 114
90 136 285
82 1 96
76 155 236
39 54 111
6 106 122
31 182 277
87 187 278
26 49 85
24 43 75
47 40 100
49 97 275
19 0 26
72 181 276
27 196 258
88 90 204
83 22 130
75 105 295
76 94 179
88 116 217
35 161 204
4 176 372
26 86 118
34 48 87
28 187 224
53 4 79
51 10 61
97 109 251
82 107 194
73 125 248
32 187 226
25 126 196
61 68 216
9 134 248
9 31 49
41 199 240
1 192 196
78 133 215
97 1 145
48 74 158
70 45 163
42 97 151
78 97 286
9 58 76
52 36 90
21 64 169
84 13 97
33 129 273
99 149 275
28 114 185
55 199 261
24 67 95
28 14 199
84 97 359
53 135 195
2 196 247
53 50 103
62 37 267
94 4 139
96 99 291
11 122 141
64 124 346
67 38 219
65 124 193
16 89 205
87 29 119
95 32 127
96 70 289
89 187 300
7 174 241
58 142 219
94 67 161
71 12 124
7 27 79
50 115 192
30 146 201
11 75 87
35 183 225
81 142 398
16 38 54
45 110 241
56 73 184
5 127 286
72 13 232
34 98 135
62 49 282
4 4 157
36 47 110
30 45 79
88 92 205
44 195 285
34 199 267
85 41 144
57 129 262
16 145 161
90 119 244
20 69 108
95 163 261
37 192 358
24 49 196
32 61 118
61 97 225
66 137 247
89 174 269
49 197 254
99 128 405
76 160 240
71 152 230
57 157 273
45 127 210
63 14 82
1 68 79
84 76 201
63 21 227
8 150 169
35 144 366
57 200 306
41 58 102
28 25 147
31 85 130
79 157 251
74 151 251
30 75 191
9 127 169
83 73 165
79 18 123
93 2 131
29 75 109
10 94 186
22 171 193
45 15 94
87 112 332
20 118 293
45 106 221
96 65 199
70 176 432
27 130 159
62 97 159
46 63 117
61 190 403
24 115 178
20 117 142
13 107 122
