890
89 0 91
67 43 113
42 175 219
89 6 100
31 33 70
76 26 106
86 148 234
54 61 120
88 137 233
32 192 264
10 147 174
48 1 89
9 195 338
92 178 273
90 34 261
14 53 110
81 109 382
58 3 131
43 143 193
21 183 210
69 95 182
63 176 289
27 187 229
94 30 302
20 46 113
16 113 264
62 4 73
55 32 149
22 67 99
5 55 118
93 100 196
17 136 153
56 200 256
15 27 205
24 191 217
62 106 175
17 39 66
48 146 328
52 119 185
10 137 154
84 141 255
70 199 449
58 35 103
67 53 127
20 172 199
16 168 211
98 71 183
43 119 307
31 26 82
90 100 364
30 112 186
45 15 106
26 45 121
30 28 60
11 69 142
26 175 203
35 185 222
53 184 244
6 86 225
89 134 229
56 117 179
5 6 16
11 39 98
62 104 212
14 190 250
15 113 130
62 167 234
74 146 231
77 7 88
55 72 207
16 5 31
92 1 102
40 14 58
60 44 121
28 75 112
39 15 146
28 104 137
55 30 96
2 106 113
39 82 122
26 148 178
59 151 215
74 79 167
37 124 168
14 153 312
7 83 130
85 63 152
48 94 157
54 146 217
88 23 114
91 123 220
13 135 338
20 114 136
25 161 325
24 172 318
98 105 206
23 50 74
30 180 390
31 87 289
70 164 248
28 189 224
63 9 102
4 42 50
5 185 214
52 76 128
42 95 209
33 105 179
98 66 174
89 165 260
30 0 30
34 38 76
71 78 259
65 65 180
40 1 157
79 54 143
71 78 158
83 193 281
7 8 64
36 90 179
81 65 247
66 47 169
31 36 165
82 25 108
37 49 123
97 40 194
2 104 116
67 56 126
83 95 186
97 37 134
85 31 157
21 114 140
61 191 254
84 170 435
27 142 179
41 9 90
81 124 211
50 105 160
60 80 206
52 53 105
92 109 208
5 171 232
21 124 231
59 30 257
97 70 167
69 172 241
29 76 108
49 0 67
48 164 246
7 100 107
83 187 296
7 45 53
57 79 167
62 121 191
85 79 295
47 163 233
33 138 371
99 91 195
80 90 203
85 48 245
78 82 202
61 111 189
52 172 231
55 142 212
87 3 153
98 10 156
17 138 162
40 107 213
63 0 107
38 172 274
56 164 224
87 67 163
16 166 185
24 17 80
55 61 139
5 107 150
39 70 307
78 12 272
90 59 163
35 188 226
71 169 247
30 109 273
40 24 162
60 97 160
9 154 170
1 71 99
15 194 347
42 158 293
74 160 264
35 87 169
87 99 195
54 172 260
49 158 351
57 151 312
85 179 345
58 82 152
43 154 206
33 134 202
10 76 95
39 146 250
69 125 234
2 164 343
14 133 179
33 135 173
12 187 200
71 196 315
78 143 222
86 32 124
77 92 208
12 38 243
95 63 181
39 21 65
95 196 312
7 120 134
93 177 275
14 125 334
56 22 82
89 159 292
66 141 234
27 70 112
86 175 262
4 7 103
78 181 262
15 109 132
66 156 228
63 151 224
50 135 199
90 177 314
38 113 242
98 166 294
6 30 48
66 165 374
64 128 200
94 110 280
52 116 172
91 73 196
63 45 183
50 182 235
54 149 289
88 20 118
28 70 220
32 176 300
97 154 444
61 180 403
98 72 174
69 44 273
34 184 385
85 93 327
59 136 206
23 21 230
35 69 128
98 191 300
88 88 180
52 90 183
18 77 248
22 194 389
24 90 237
63 162 261
40 34 87
69 29 99
7 159 325
49 138 234
79 79 168
94 95 199
36 174 229
65 169 412
2 151 183
71 170 258
24 151 179
43 40 86
23 171 232
41 52 167
97 184 388
10 46 60
11 86 167
92 19 158
90 49 328
85 62 166
74 117 200
98 118 224
79 19 128
42 99 147
98 138 282
78 91 199
4 42 84
53 5 175
80 73 165
24 198 249
43 173 407
77 188 454
36 151 209
41 106 229
80 185 289
81 46 143
67 95 203
35 177 220
1 165 210
6 157 164
47 128 182
56 105 168
5 52 64
54 107 166
15 189 211
19 53 122
12 191 316
30 3 42
100 121 411
79 31 274
90 169 264
36 58 121
18 115 155
98 188 326
71 139 396
68 195 273
47 126 190
69 187 268
11 102 119
5 169 210
21 185 257
55 49 120
91 110 326
14 150 175
7 23 40
55 90 246
67 69 173
17 77 104
92 10 138
61 10 212
30 177 308
81 145 234
38 146 228
41 199 272
85 45 301
62 52 125
51 158 219
14 109 171
26 41 80
46 14 70
21 45 92
33 91 127
49 198 254
11 183 212
61 160 225
37 47 88
75 103 361
92 64 156
6 156 182
46 190 276
78 63 151
3 168 181
26 182 342
1 166 189
55 37 102
59 75 159
35 114 176
73 92 171
55 20 102
56 108 165
19 5 30
6 64 71
64 57 142
22 116 166
25 121 151
39 168 381
78 133 400
26 157 232
89 26 130
3 76 100
93 199 329
7 161 192
56 52 127
54 2 86
63 74 267
1 32 36
97 180 302
49 75 127
1 182 222
83 127 254
28 87 155
25 147 176
29 158 205
88 84 172
9 189 364
84 55 233
57 119 321
4 13 21
49 6 85
56 164 293
8 170 181
98 41 157
1 55 57
53 82 231
16 74 95
53 34 88
71 164 242
15 126 168
37 126 317
25 110 140
59 170 256
51 197 331
24 94 128
39 157 386
68 188 261
15 115 154
49 165 214
55 62 119
56 25 113
20 127 174
78 138 336
45 90 142
54 62 135
11 80 94
90 199 346
76 77 159
18 161 183
69 142 262
36 127 169
25 58 148
71 161 238
57 79 139
61 160 225
31 189 260
62 145 229
70 103 200
81 145 329
84 37 141
39 43 126
60 22 196
28 37 81
8 164 219
1 180 353
77 25 159
3 175 178
57 151 216
73 97 358
96 159 258
92 182 382
29 163 223
7 27 53
1 120 130
83 79 171
36 34 76
48 88 168
93 168 270
92 163 263
54 119 177
20 70 94
45 93 184
47 108 162
58 114 173
7 65 98
96 179 279
97 32 134
76 77 331
43 154 207
61 109 177
31 35 118
72 196 348
85 158 249
40 173 233
34 186 220
33 7 46
45 193 325
94 37 171
55 130 185
58 33 97
23 91 127
56 59 119
76 19 99
9 189 245
96 101 257
11 90 104
59 90 167
21 171 215
96 136 267
81 12 273
47 114 163
8 104 277
77 194 362
23 155 199
79 196 462
80 151 353
19 6 86
42 135 328
27 102 169
59 14 73
23 177 227
46 163 217
90 43 173
46 3 74
48 17 73
37 2 81
84 198 346
46 55 254
67 178 277
6 43 50
3 158 342
18 176 201
6 129 313
91 92 227
60 188 258
25 138 195
45 138 306
89 141 258
45 6 100
23 156 230
29 179 213
33 139 214
88 24 276
41 16 94
62 117 330
91 76 208
21 149 178
38 31 79
9 45 61
100 55 202
8 3 160
84 26 117
5 0 61
51 70 126
69 94 206
27 4 40
28 42 78
85 55 213
31 142 216
33 83 144
78 168 256
22 187 339
3 158 163
24 61 129
33 178 262
12 183 321
33 165 208
9 153 164
24 181 256
49 27 153
54 14 74
89 146 252
66 152 225
36 126 202
33 34 198
71 91 240
62 57 169
73 16 96
28 151 217
19 108 159
77 185 266
22 167 343
58 66 148
33 162 196
65 120 187
5 19 32
42 46 92
29 34 69
70 21 95
10 157 174
29 62 123
23 163 311
64 179 281
93 183 316
20 189 227
49 138 191
1 123 130
69 16 94
54 61 253
71 2 122
40 131 180
71 194 298
85 163 279
91 196 401
62 123 195
72 16 89
33 170 204
52 160 242
34 148 200
32 69 111
54 20 217
39 154 200
79 57 147
91 170 264
43 148 197
49 52 162
46 111 159
89 176 309
71 16 91
96 83 182
15 192 236
70 195 277
7 126 183
73 114 217
85 160 333
10 55 87
39 115 228
80 84 171
45 187 398
55 56 250
58 9 139
99 32 131
8 131 140
83 109 196
29 146 373
33 190 333
67 182 257
61 102 179
75 5 84
87 71 207
45 159 229
10 123 141
69 31 123
49 143 199
20 186 208
30 126 192
36 111 153
3 122 206
15 122 142
42 165 210
44 184 235
8 159 183
41 2 50
34 38 80
23 176 210
33 166 203
8 89 152
5 37 133
88 143 243
33 38 81
94 28 170
60 109 184
87 3 100
3 115 118
99 56 163
43 20 67
53 196 275
37 174 232
22 198 225
14 67 99
4 158 163
91 135 281
24 160 190
31 83 201
34 170 205
82 140 233
36 140 186
24 57 109
55 142 352
94 11 134
80 157 318
67 141 217
98 167 274
16 198 230
39 19 134
89 97 213
93 116 211
36 0 42
34 76 114
24 103 138
18 24 56
6 137 145
63 121 189
12 80 126
46 159 246
87 121 396
62 199 271
3 39 73
5 123 239
53 186 261
50 147 234
68 151 226
36 189 231
68 70 184
85 14 134
56 114 329
79 109 198
33 76 117
65 163 233
84 152 237
49 168 220
29 162 198
98 98 246
16 197 246
100 89 194
23 158 184
37 8 75
30 44 76
26 10 80
58 199 291
3 15 48
73 12 172
92 125 224
23 1 32
33 40 102
94 96 196
25 125 298
91 63 333
71 193 320
71 33 109
6 178 378
27 191 221
48 132 206
94 149 244
32 125 284
62 49 131
76 90 166
42 191 416
55 149 276
44 152 240
84 166 258
1 4 6
56 130 186
88 20 168
27 46 76
79 96 196
67 158 275
78 69 180
86 119 285
53 90 150
85 86 171
44 159 353
94 46 140
23 173 358
21 124 190
34 124 194
8 182 335
84 149 285
89 128 400
16 196 232
38 199 346
25 79 143
57 122 239
57 108 248
76 53 191
12 15 38
87 60 344
89 158 379
38 93 135
75 90 334
36 72 165
39 181 222
90 77 288
28 182 238
90 123 238
43 51 141
78 6 203
12 79 101
22 60 88
79 24 176
12 86 102
12 146 205
23 32 197
3 154 222
81 158 249
39 176 222
98 103 268
11 91 104
99 52 155
97 108 236
89 60 249
60 193 267
56 66 144
61 183 274
26 4 49
77 5 115
41 0 193
15 142 186
17 37 70
84 53 210
99 85 203
14 180 201
6 150 159
30 110 150
84 148 342
46 23 229
69 79 150
15 149 204
49 89 144
45 90 274
34 200 278
7 57 66
3 87 200
36 105 146
33 105 177
39 86 263
94 71 168
80 62 181
45 22 103
42 164 363
41 127 186
40 185 235
2 141 176
33 66 99
49 52 177
41 38 265
44 148 239
34 79 163
66 80 198
100 142 250
58 106 167
87 76 328
32 164 203
82 193 298
90 80 341
81 21 107
47 150 269
52 194 308
26 97 133
29 111 145
49 5 158
20 104 202
35 102 142
10 124 137
45 21 157
71 135 249
84 61 146
56 88 144
83 67 154
36 20 73
4 146 176
58 113 178
12 124 141
44 3 56
62 165 241
61 17 194
29 146 260
70 13 122
19 158 185
86 160 354
53 169 383
16 40 192
87 98 197
89 44 138
27 156 189
65 11 86
10 83 96
8 185 229
7 179 187
66 126 230
91 111 237
30 95 125
45 21 94
6 109 144
6 180 225
52 49 115
21 113 144
100 174 275
67 27 96
35 189 245
90 81 201
52 189 244
80 140 237
39 84 153
68 83 158
96 184 280
48 165 215
88 5 155
94 144 249
18 181 205
51 125 348
77 179 331
84 181 369
78 62 292
2 121 158
88 114 203
77 74 312
82 171 260
81 175 280
26 65 231
68 2 193
77 100 246
70 2 116
50 188 272
57 59 119
46 196 266
86 56 142
28 64 132
8 8 57
47 25 87
1 56 176
69 100 195
94 155 262
46 74 138
85 21 219
6 194 209
41 23 131
54 85 178
9 70 84
71 169 241
93 79 210
25 106 135
7 90 104
14 103 151
50 97 187
