850
72 21 112
79 62 151
93 136 234
20 106 159
6 165 173
53 76 302
41 56 98
38 94 144
21 57 86
65 54 121
50 87 208
88 73 162
71 153 354
4 128 163
1 148 159
74 27 113
71 24 97
31 149 318
15 154 176
98 98 243
80 78 158
53 195 435
27 34 61
2 168 187
83 39 160
52 13 68
66 145 364
84 67 156
90 131 231
24 145 173
21 10 68
49 158 215
67 184 259
66 14 113
33 38 223
77 21 105
88 34 150
78 181 299
14 88 102
19 7 152
81 69 218
63 126 225
34 188 253
43 154 202
50 15 65
67 76 164
27 57 93
43 100 341
33 175 347
15 126 178
89 110 243
66 138 209
62 81 214
58 26 92
83 149 264
86 153 436
51 16 74
33 2 59
18 58 106
57 122 278
100 19 213
67 76 144
59 152 214
38 14 76
38 102 322
88 98 204
7 100 153
65 174 241
79 46 128
10 78 129
16 199 356
24 66 117
33 64 102
38 68 111
21 122 144
93 168 338
59 18 81
49 160 254
80 155 242
71 151 227
17 168 186
11 34 95
27 176 221
45 31 77
7 161 198
55 53 118
11 129 141
78 193 294
50 86 138
2 96 230
54 35 95
47 175 336
41 76 244
82 162 244
37 16 171
96 175 283
62 154 220
26 64 174
27 136 350
24 88 160
68 49 135
96 70 166
99 120 359
37 80 217
13 25 47
51 78 132
96 172 273
84 105 189
18 114 138
82 71 236
93 146 241
78 183 442
41 44 239
40 165 219
35 63 112
44 196 289
76 78 277
32 140 221
43 46 102
60 185 267
83 128 249
85 88 205
30 138 178
80 135 238
12 25 47
44 61 139
85 188 307
31 18 59
33 117 192
61 5 92
21 73 113
35 33 99
83 116 330
71 15 134
91 107 204
90 187 281
30 160 224
50 185 259
53 96 153
96 58 158
12 125 140
2 31 171
96 180 278
85 106 195
76 115 201
54 43 130
77 119 208
87 48 209
90 169 264
49 29 113
12 63 109
9 38 77
35 110 153
72 83 160
94 4 107
54 167 239
45 120 205
96 15 117
79 94 177
61 140 208
96 182 292
40 9 219
37 155 312
60 171 314
28 68 117
30 94 301
61 59 168
40 141 184
62 75 145
25 96 247
37 135 212
7 127 159
48 87 142
34 46 81
76 47 232
19 163 192
22 142 221
52 130 262
80 132 222
64 113 180
78 20 106
25 143 203
26 9 57
25 30 75
90 178 285
57 37 97
89 3 120
19 125 159
54 107 206
29 161 275
9 50 59
17 108 160
28 193 265
53 180 237
76 5 221
12 23 44
1 3 112
66 162 309
23 91 122
35 5 46
14 161 179
82 86 193
86 178 287
75 75 156
8 10 199
73 112 194
84 100 272
50 20 111
11 20 33
22 23 55
82 166 280
90 35 289
18 105 143
87 101 388
61 91 155
27 130 178
18 140 167
87 34 196
15 99 117
94 91 186
46 195 242
13 141 162
85 66 151
82 115 198
34 166 203
34 108 143
72 187 262
16 66 110
1 98 109
7 111 154
69 149 298
42 181 340
48 134 191
37 161 212
25 131 265
99 189 290
9 156 172
63 176 285
80 86 211
100 45 150
79 10 129
7 120 130
82 104 191
36 101 190
89 164 283
84 88 204
92 10 168
56 198 297
16 97 121
79 159 239
39 78 162
63 32 121
99 103 300
54 130 211
7 147 156
41 97 141
51 147 245
86 79 167
15 126 146
36 67 142
61 63 168
70 53 130
47 51 100
23 130 159
32 32 94
3 192 211
100 154 261
8 16 43
87 27 131
35 128 182
96 112 209
47 39 114
57 106 195
23 174 202
70 16 113
52 142 251
65 39 110
28 44 91
81 11 101
79 116 198
31 119 172
91 8 203
49 155 233
67 198 336
84 96 189
94 51 290
18 30 66
37 105 264
17 40 242
81 171 258
12 165 194
96 72 202
23 38 259
49 162 219
71 172 253
24 88 309
80 143 263
98 160 294
4 34 44
96 68 198
84 180 433
54 93 158
76 83 189
29 101 281
65 59 130
14 29 63
3 97 137
12 191 342
83 143 234
83 34 121
76 88 203
16 193 219
5 59 110
20 130 155
57 183 272
71 77 157
66 133 205
16 142 279
94 0 98
68 43 182
62 44 133
36 184 367
42 77 126
71 40 114
87 136 326
55 42 220
38 29 232
1 6 166
63 149 214
32 13 46
62 191 291
50 177 300
26 159 192
70 90 166
5 176 191
93 159 369
31 121 154
56 74 135
94 171 419
61 187 271
3 191 385
97 115 256
47 179 233
93 118 332
50 125 217
21 135 158
79 170 250
79 65 221
17 13 68
51 61 306
3 13 138
80 29 176
13 24 73
46 39 106
82 118 206
63 136 207
4 101 282
37 80 118
97 117 223
4 36 70
8 23 40
36 134 183
29 177 388
19 69 99
31 101 178
10 193 237
16 168 193
73 12 90
85 117 306
98 66 290
26 186 242
23 91 116
39 117 254
86 189 289
59 132 218
61 8 116
94 94 238
86 114 213
38 132 178
7 151 166
27 130 201
64 101 167
98 152 260
95 133 345
94 67 165
43 117 162
83 189 272
55 39 96
89 88 366
75 114 212
29 120 157
9 127 172
66 117 184
70 109 183
81 46 131
83 167 262
80 183 302
18 36 59
63 141 206
64 103 177
51 59 256
25 4 45
24 116 150
87 41 277
24 2 65
7 44 56
36 94 168
84 135 246
43 18 224
45 129 187
2 113 194
85 73 179
99 186 378
100 172 299
17 79 120
36 9 73
34 172 208
32 150 353
30 51 91
94 168 308
17 110 128
26 44 113
64 147 331
57 94 154
4 5 40
10 112 126
68 17 130
63 199 266
36 133 181
31 157 265
91 55 146
56 67 131
74 91 165
55 140 205
19 51 110
98 178 293
40 90 284
17 70 126
62 50 121
22 56 111
16 101 120
79 180 269
47 43 225
90 118 215
78 24 211
65 86 187
44 68 119
71 99 177
22 162 189
69 44 230
76 19 133
59 152 211
61 25 87
56 115 175
82 139 223
100 138 243
95 174 294
6 199 292
27 108 137
82 55 150
23 169 271
68 73 148
18 152 171
47 178 226
27 65 96
17 57 79
95 154 253
38 16 100
22 83 105
8 188 214
46 78 148
76 148 241
44 47 103
83 123 250
81 70 226
21 164 225
32 2 100
21 115 142
73 150 289
76 132 382
54 42 135
32 128 206
11 38 99
65 71 165
17 70 97
66 169 245
32 143 176
99 100 296
34 99 300
44 200 258
97 6 152
19 27 57
24 93 181
48 115 206
65 180 279
32 64 117
77 26 109
44 125 171
33 122 321
16 85 116
1 79 191
49 105 157
21 107 276
9 195 212
73 200 315
29 143 175
22 108 152
51 174 266
13 145 162
90 197 293
27 132 181
11 171 216
66 173 390
55 50 155
25 57 118
39 71 133
30 63 98
44 110 161
71 122 237
29 11 54
100 7 141
77 121 386
41 52 141
15 112 156
54 38 213
82 199 288
10 87 103
96 93 204
36 194 235
93 11 105
38 130 239
72 35 115
86 134 251
61 22 89
20 132 170
20 70 113
96 90 203
74 106 211
99 182 290
25 47 82
29 168 242
26 48 85
3 196 392
36 118 154
38 86 174
55 110 214
87 21 114
14 30 86
69 141 227
28 43 72
13 49 62
88 156 423
45 170 226
18 21 39
77 28 134
87 21 134
17 171 198
19 181 205
81 184 265
20 105 134
27 20 54
13 193 249
10 42 53
58 121 225
17 0 44
56 81 227
3 18 184
8 185 193
54 144 229
48 189 295
47 40 185
54 165 221
52 42 95
67 145 312
84 164 281
51 178 235
13 162 225
38 140 186
63 156 362
46 74 215
47 26 105
32 36 70
51 9 86
3 139 298
92 195 295
4 18 60
72 33 303
25 8 39
78 51 171
94 123 219
56 137 221
15 36 153
99 23 128
89 18 151
62 191 318
93 110 230
47 199 289
54 40 184
7 168 217
95 150 413
43 54 100
97 6 120
28 133 315
17 9 65
23 185 256
53 34 106
64 30 100
75 136 243
56 25 108
5 155 166
57 57 120
1 3 10
20 191 211
94 131 228
14 43 62
43 4 50
100 32 139
66 103 196
6 149 223
38 48 115
71 171 410
98 7 122
99 16 125
67 49 116
60 187 253
56 189 246
74 98 182
88 61 180
50 132 226
20 34 188
23 139 162
39 9 81
89 24 115
62 36 105
70 79 151
49 175 312
67 194 265
23 47 155
35 51 87
52 185 241
75 96 196
42 67 155
78 166 294
74 124 221
39 37 105
50 11 64
9 77 94
62 86 156
96 177 423
84 189 303
27 187 241
50 75 132
34 179 217
3 50 144
10 64 249
84 71 266
66 175 421
31 6 230
43 107 172
55 193 286
43 13 244
33 48 175
60 65 134
92 16 145
91 22 277
5 134 235
7 147 172
43 37 203
75 108 191
63 195 258
62 86 151
27 192 223
53 1 85
42 183 248
7 106 116
34 118 187
60 107 223
84 29 117
20 162 185
80 145 400
69 66 140
16 133 151
99 106 211
44 33 86
67 60 155
55 25 94
52 127 268
84 89 258
65 47 116
49 189 243
94 126 226
18 43 65
75 193 304
5 25 37
70 44 142
26 151 185
82 191 282
6 63 107
71 53 150
50 23 83
50 177 234
2 125 174
56 175 237
39 152 205
7 28 45
95 110 206
54 78 150
96 45 146
51 145 212
51 151 225
86 140 226
86 145 236
37 22 59
93 159 362
46 70 164
33 182 247
95 58 283
33 193 229
4 36 48
49 71 187
94 85 209
82 120 216
61 70 233
58 172 231
79 35 141
12 67 85
8 174 189
25 91 153
90 180 287
65 13 110
47 171 222
58 93 187
94 48 181
44 27 71
30 190 243
75 126 239
76 135 220
31 124 163
53 99 286
54 161 415
57 9 75
87 128 225
89 200 397
49 181 245
24 196 292
19 58 78
34 101 172
8 166 262
10 6 25
24 46 146
44 49 99
49 127 178
10 118 305
37 26 235
4 2 7
99 46 155
28 104 238
97 117 293
93 136 232
89 97 278
97 125 224
26 165 222
83 10 95
63 7 72
78 21 101
42 3 217
63 60 193
89 127 224
43 65 110
7 154 169
90 87 177
100 198 333
10 18 33
98 56 270
72 30 118
49 186 271
95 51 151
100 179 289
68 113 190
2 46 63
35 121 164
42 38 248
85 53 181
24 119 308
53 18 73
37 186 224
43 51 134
86 172 267
79 117 197
84 173 260
89 143 249
93 116 218
8 198 228
88 55 188
50 161 388
51 38 98
53 16 181
54 31 91
56 94 153
93 173 297
40 16 94
73 57 133
35 34 75
71 148 248
83 2 184
88 125 404
39 100 297
75 68 149
80 1 225
85 115 201
69 44 198
77 28 128
43 121 164
71 15 89
40 176 223
86 39 128
10 53 63
58 164 296
79 148 265
36 174 218
47 24 78
71 92 164
95 95 190
27 192 222
24 152 337
64 93 164
44 196 348
83 155 301
32 63 182
75 34 291
77 11 95
78 105 236
34 140 199
17 104 129
46 64 221
98 70 170
71 95 343
15 47 79
48 126 211
99 79 212
35 145 329
56 48 114
33 122 164
76 197 322
97 118 242
54 192 294
19 22 216
11 112 149
35 195 245
97 5 284
