660
68 47 122
91 89 190
56 67 205
22 94 226
8 185 194
16 46 69
15 177 207
90 140 238
53 90 171
59 13 73
69 114 208
82 110 363
13 126 166
99 102 202
77 180 302
32 195 312
39 63 110
21 83 288
32 67 287
84 174 265
49 151 249
54 168 232
92 80 197
9 52 87
37 149 276
42 177 279
95 176 368
4 97 110
61 65 128
13 189 213
64 131 389
63 101 208
42 43 142
53 185 240
50 69 146
5 74 100
90 194 288
72 34 107
56 13 98
53 3 58
55 132 195
56 173 355
24 22 129
63 68 213
12 145 158
60 120 232
1 188 324
85 30 127
19 50 111
19 39 217
8 104 120
15 144 192
5 113 142
69 152 231
24 164 195
17 5 27
57 199 437
9 168 220
10 184 364
37 98 142
92 157 333
25 172 204
55 97 156
22 129 253
18 127 227
16 176 368
78 2 88
10 78 94
13 116 139
17 113 131
76 143 222
79 80 233
42 110 171
69 188 379
32 81 175
2 198 220
68 126 245
22 187 211
98 171 278
26 189 225
23 139 300
61 68 137
85 87 180
78 67 154
37 136 289
10 120 140
35 47 89
62 149 377
1 9 20
64 4 147
19 140 198
35 182 352
95 149 271
60 121 320
8 193 255
93 88 308
16 41 131
89 86 199
23 167 264
18 20 45
22 53 96
60 111 179
13 99 115
32 165 200
49 172 241
76 170 249
93 47 144
25 200 264
61 132 228
87 185 471
30 67 104
32 106 138
3 105 210
3 195 201
97 116 229
48 8 62
93 14 252
11 140 212
60 114 252
30 193 293
71 38 115
78 9 88
21 167 226
92 95 230
89 189 281
42 56 120
6 127 137
25 192 227
46 119 170
93 49 185
41 76 120
16 49 71
38 162 215
1 106 116
17 137 181
51 153 209
99 107 214
27 2 78
27 72 103
96 162 296
93 100 194
4 129 154
50 140 235
65 100 186
9 160 342
99 114 220
47 91 155
42 122 316
3 28 99
46 108 158
93 153 247
37 2 167
74 162 237
62 100 171
56 130 235
69 156 356
57 155 213
15 178 198
29 109 297
69 144 254
10 3 23
96 50 276
60 36 103
37 64 142
84 116 208
4 82 240
26 88 161
14 145 197
50 70 212
32 158 230
20 40 73
2 48 84
40 22 70
20 116 140
17 71 105
89 105 208
99 121 231
73 36 224
74 2 99
87 136 242
61 167 365
13 166 294
37 85 168
10 63 117
2 53 152
31 197 258
67 167 236
92 16 138
69 164 360
39 0 77
12 145 162
92 29 130
82 169 269
25 157 186
86 70 199
3 186 250
71 70 178
6 92 106
18 112 270
31 110 149
37 49 87
13 22 131
16 174 227
31 149 210
37 9 215
5 43 48
32 158 379
51 83 138
61 48 119
33 120 156
62 164 255
15 54 112
31 8 86
70 66 182
17 28 66
20 45 104
8 26 82
62 133 260
86 191 288
78 160 265
15 41 66
89 61 161
2 43 45
32 53 113
37 181 291
41 9 73
55 29 94
32 28 161
43 37 107
11 53 66
66 65 259
50 196 259
12 123 145
32 161 196
56 146 202
43 96 198
43 109 311
34 150 227
71 198 269
95 142 238
42 166 381
67 101 168
82 195 432
99 151 260
96 76 210
68 198 419
91 10 206
3 169 206
44 26 80
100 154 257
12 25 47
53 47 107
10 52 64
62 72 163
12 122 140
36 137 177
36 157 246
15 150 186
10 149 160
48 80 178
39 184 231
83 113 198
32 153 308
33 22 77
43 75 154
33 9 47
28 63 224
18 21 40
4 54 65
2 154 160
54 161 217
36 30 76
79 172 398
88 142 280
10 170 180
9 28 82
45 58 111
13 108 321
88 54 160
9 188 260
93 94 285
40 135 215
79 9 226
66 9 104
60 21 83
58 65 133
18 167 193
62 45 108
16 95 158
68 68 187
94 127 223
79 105 373
19 126 253
2 106 283
99 58 164
31 111 306
28 97 153
47 93 183
13 64 81
70 113 187
38 115 179
74 86 182
59 108 172
99 2 143
44 105 156
8 169 187
59 141 200
46 85 139
34 81 115
31 101 153
39 19 88
54 107 169
77 84 164
60 66 150
59 76 174
55 82 160
14 44 237
37 91 142
57 156 220
11 172 222
73 42 115
21 131 157
58 7 68
69 75 212
66 157 237
93 41 151
29 14 44
67 157 332
11 114 140
4 187 328
96 93 230
44 131 178
8 52 64
31 40 81
63 147 245
9 154 171
87 13 109
22 179 201
11 137 148
81 132 217
72 87 239
60 16 100
78 114 241
19 197 221
41 17 87
61 142 351
70 10 82
27 105 166
12 125 301
39 31 90
96 2 99
2 75 189
45 93 310
61 126 331
39 16 168
61 52 163
90 10 115
35 20 63
49 154 336
100 161 440
74 145 222
10 163 184
41 72 120
57 181 347
56 109 172
14 29 44
97 180 319
86 73 162
71 182 256
50 120 170
85 87 177
98 192 487
45 126 178
47 13 63
42 198 267
97 55 193
88 60 184
61 37 99
59 60 121
84 143 236
13 135 271
50 76 135
69 173 409
59 150 209
95 31 241
22 157 263
69 76 157
18 33 57
77 143 227
78 54 138
61 165 229
40 154 200
63 100 172
26 68 95
49 51 165
2 31 43
94 68 361
71 162 237
32 60 92
97 171 275
93 141 235
66 133 205
61 155 252
59 192 362
86 65 173
80 29 110
25 182 350
2 5 31
2 131 137
6 158 210
17 60 79
55 109 212
99 111 227
57 185 287
78 179 305
43 15 108
87 144 289
15 79 109
63 76 281
87 154 387
51 125 199
27 88 116
50 42 114
22 106 169
94 129 230
80 38 118
25 44 89
97 12 306
97 116 222
27 58 89
3 111 138
85 186 280
56 24 124
84 163 304
77 170 350
88 60 156
44 48 118
23 26 175
10 4 21
79 189 424
65 68 133
48 186 270
79 45 124
12 48 93
69 65 239
70 126 208
72 23 97
36 37 131
54 23 78
97 133 239
57 91 318
84 46 307
66 175 385
8 169 179
92 121 223
15 119 268
50 174 225
39 48 249
57 8 104
73 149 240
18 184 211
57 63 125
82 29 120
78 112 200
30 32 62
83 57 142
89 45 142
60 28 211
88 145 239
94 151 258
69 16 89
28 0 179
19 21 127
39 57 145
31 22 56
44 13 67
52 114 293
98 39 143
32 199 241
73 184 282
31 173 210
58 181 249
39 30 160
94 148 377
33 52 88
88 37 213
92 168 406
2 137 264
64 36 103
9 39 126
93 41 183
78 178 265
95 138 249
48 9 63
80 48 161
76 180 302
6 36 211
69 192 388
44 8 94
1 54 156
81 153 279
52 128 183
4 195 242
69 27 101
90 36 307
21 60 188
33 139 276
80 139 370
73 149 225
16 144 170
14 30 141
26 199 320
40 89 130
87 164 261
64 1 70
55 101 324
52 122 276
28 191 236
56 94 196
50 150 203
81 67 174
17 16 54
15 53 92
58 119 265
93 74 169
46 60 210
91 141 253
62 84 154
41 32 90
69 106 181
8 80 145
53 93 152
87 175 264
95 39 141
53 61 127
94 72 172
93 128 260
98 13 130
41 154 198
57 59 124
29 170 273
14 74 127
29 142 332
78 138 226
21 198 219
25 95 146
58 109 213
50 14 87
95 177 460
46 74 129
43 127 293
65 5 80
51 127 186
35 88 276
13 89 103
86 40 126
85 10 170
44 148 236
65 87 222
60 64 324
19 172 248
63 56 211
94 183 278
44 113 163
14 151 165
2 16 30
23 170 232
73 125 328
99 8 126
82 67 153
66 31 148
2 169 171
67 167 242
49 71 136
55 27 118
85 171 264
55 36 106
55 7 95
31 129 164
9 165 183
10 47 102
70 69 159
24 199 226
48 190 258
36 126 172
44 33 108
47 37 208
89 162 258
2 189 196
2 170 262
29 25 97
40 28 243
45 21 69
96 63 174
88 6 102
3 39 53
80 144 228
91 31 156
68 121 218
26 86 147
83 138 236
30 119 307
1 117 126
13 100 121
40 95 183
98 174 272
91 120 258
51 156 212
96 149 286
54 116 197
25 171 204
44 97 175
40 96 165
74 147 293
47 175 362
34 148 185
32 178 287
45 179 258
65 50 153
27 198 230
9 144 307
51 34 88
91 146 276
6 48 247
48 93 184
17 160 209
56 150 267
17 121 182
53 100 351
64 165 231
79 82 164
51 22 82
66 157 225
65 112 307
52 166 223
47 17 221
53 190 303
25 186 221
21 193 232
36 141 232
15 7 115
40 10 67
2 139 178
95 133 229
83 99 223
60 112 180
69 122 199
22 114 137
65 62 147
21 92 122
60 39 107
51 5 154
33 40 87
36 109 160
99 58 165
44 62 298
54 35 110
10 122 191
79 132 217
95 145 252
