240
63 75 148
44 41 135
94 94 193
61 61 169
59 60 162
16 48 84
2 26 51
56 95 167
66 6 72
13 32 55
26 69 97
94 51 162
22 154 203
63 194 355
8 174 235
68 47 119
31 119 154
78 11 95
43 73 122
99 114 253
35 153 260
97 35 140
5 179 377
50 145 203
3 143 319
29 115 150
35 191 235
47 56 170
73 155 233
83 133 342
78 111 198
3 107 287
19 12 33
54 159 280
23 21 83
18 13 60
54 23 97
67 77 186
46 165 243
6 117 285
30 22 64
92 190 286
60 200 355
2 36 180
4 123 127
94 66 183
18 142 175
74 19 101
14 137 196
98 31 171
78 165 247
71 154 227
93 182 286
40 101 146
35 163 253
40 9 50
30 154 207
20 136 205
43 13 63
45 12 163
87 62 297
54 15 99
17 57 134
58 192 255
34 177 217
68 34 232
76 54 215
54 132 368
83 122 254
10 177 193
53 10 170
95 32 137
61 90 212
73 35 125
97 54 226
51 193 252
90 157 255
49 163 255
83 194 460
49 3 124
56 31 96
17 110 147
73 173 251
95 94 239
58 96 164
22 1 27
65 96 161
61 91 157
71 147 300
3 188 338
10 189 362
15 134 167
17 9 36
30 154 192
57 176 239
39 73 118
54 171 425
66 120 214
63 84 165
42 26 77
15 121 140
33 163 346
5 101 116
21 159 221
44 109 205
57 179 299
71 94 171
86 68 155
95 26 148
16 26 73
56 94 188
86 113 202
65 8 255
65 194 268
96 172 278
69 163 265
24 40 111
53 126 183
50 147 207
19 10 36
61 8 203
90 179 318
76 4 84
93 112 311
81 49 145
81 177 267
43 189 274
11 145 161
88 67 161
26 172 205
33 114 264
18 40 61
27 200 258
94 187 289
50 15 202
94 156 435
89 70 199
10 9 59
93 159 302
9 58 170
70 141 237
21 145 168
20 37 57
73 160 291
61 2 213
76 5 81
86 10 273
66 141 237
15 163 185
60 82 222
99 65 165
92 13 108
77 24 126
68 2 176
91 169 300
5 30 113
1 165 171
38 61 128
65 27 101
41 98 145
56 156 213
8 14 152
6 155 163
38 45 216
87 189 284
52 193 361
63 180 268
75 71 158
56 90 171
2 152 159
4 6 55
91 127 316
35 86 131
57 8 100
68 150 340
87 2 94
11 1 17
54 190 367
65 138 213
45 116 208
100 128 276
84 66 151
60 107 193
56 108 204
17 58 119
93 160 254
17 110 134
27 196 245
8 50 65
52 175 233
7 93 103
53 114 172
57 99 156
57 55 122
71 180 291
91 187 441
71 163 239
66 74 150
51 189 327
95 73 175
42 21 73
71 35 145
50 184 245
47 195 254
48 78 128
81 31 137
80 184 307
2 82 126
77 118 201
42 122 306
82 1 112
37 110 161
64 180 352
44 46 153
61 95 193
61 164 233
15 108 123
40 86 127
35 166 205
46 135 193
41 104 146
75 48 141
85 168 256
99 162 415
35 46 123
61 44 172
55 185 250
25 62 113
16 35 232
35 32 86
66 52 122
64 20 262
58 49 232
6 144 254
29 99 150
3 127 139
59 0 77
24 195 223
91 31 131
43 76 126
