540
70 140 266
45 143 215
14 21 57
46 62 118
51 109 355
66 56 130
61 72 140
45 29 80
43 18 211
36 200 240
18 79 100
23 18 69
27 172 312
22 68 98
25 180 218
57 15 82
6 199 207
98 87 190
34 180 216
24 82 259
97 105 218
41 76 200
13 61 96
27 63 100
98 54 195
2 200 264
68 3 214
23 159 362
8 183 354
72 89 347
28 152 285
42 84 320
66 187 262
85 79 236
75 152 233
54 199 283
29 67 100
98 162 262
4 10 18
50 38 104
19 186 243
92 135 261
69 59 128
78 6 85
63 27 107
98 58 233
7 147 162
14 117 156
42 142 297
46 163 311
65 103 168
60 139 209
32 129 199
83 79 165
10 168 189
47 131 188
18 147 165
74 122 196
26 23 206
87 149 284
100 168 420
100 64 195
31 104 180
26 81 117
41 14 225
79 98 202
35 195 349
100 16 118
66 116 191
83 79 261
62 139 270
1 125 238
11 61 78
89 174 265
49 185 234
82 36 120
15 45 89
48 166 244
43 89 141
7 119 131
93 125 218
72 142 219
15 151 170
96 152 281
72 144 220
64 194 263
92 17 298
77 99 177
72 95 205
80 79 168
56 164 240
57 8 66
22 94 124
86 66 155
5 55 105
53 6 72
70 156 228
77 130 211
86 169 277
91 75 185
50 75 321
1 140 298
80 56 170
69 110 202
6 150 183
7 13 26
14 75 106
63 30 99
82 187 305
76 193 286
30 168 315
30 162 288
3 164 174
3 20 28
71 118 229
44 2 60
85 50 328
58 148 230
10 21 211
12 124 141
23 92 159
81 79 286
21 159 224
82 42 141
15 30 54
27 193 220
74 116 338
8 128 324
76 48 127
83 143 226
95 64 159
97 16 184
49 60 110
71 86 224
63 122 307
46 29 253
91 194 286
12 174 229
34 79 151
28 84 116
22 42 109
9 180 190
50 146 203
83 23 115
71 30 217
33 6 48
37 99 232
37 71 128
87 113 247
49 141 342
68 124 193
15 134 196
7 62 168
42 32 89
91 185 380
78 37 116
39 62 106
65 100 220
52 196 256
13 107 239
58 93 250
59 129 203
40 163 210
90 69 194
50 5 178
94 46 156
85 8 109
40 190 266
4 87 94
11 45 58
42 185 329
23 175 213
5 101 106
58 109 169
61 97 211
50 35 277
38 99 197
3 121 170
63 10 89
22 189 211
32 63 105
74 23 178
31 56 97
27 134 294
21 79 102
80 162 244
68 65 320
62 112 185
3 149 152
14 160 188
11 86 293
42 43 118
74 41 148
25 50 131
5 128 293
3 166 211
19 154 175
69 173 245
15 161 199
9 6 97
62 199 262
15 44 64
8 30 46
92 52 163
40 167 317
79 83 171
95 45 330
35 192 233
1 13 39
16 36 59
7 191 207
34 134 315
26 198 230
87 136 343
25 4 121
42 67 119
1 168 274
12 136 150
75 182 370
6 11 89
59 90 182
43 93 141
88 151 240
8 175 198
12 200 361
71 56 167
67 68 136
79 86 208
54 198 260
8 39 55
48 136 226
63 194 303
47 45 105
18 63 106
95 125 263
88 133 265
28 121 149
66 54 129
66 173 269
57 116 181
62 161 254
99 69 360
31 162 232
85 20 292
21 143 171
90 88 284
9 29 47
83 86 178
8 144 162
45 14 72
64 194 366
79 85 191
55 105 336
54 57 145
48 200 259
21 11 69
24 151 181
42 181 223
71 136 216
46 114 265
81 71 346
51 145 211
12 71 140
71 36 110
84 132 221
47 35 82
49 189 410
38 36 248
55 140 302
53 185 244
71 109 200
99 110 362
48 154 220
52 45 107
16 64 225
99 198 453
66 39 120
100 197 483
8 42 56
16 14 213
46 87 182
36 34 78
99 119 392
58 120 179
69 57 279
41 115 283
18 135 288
41 102 302
89 95 186
60 176 241
72 5 181
100 134 239
50 175 235
80 188 277
78 131 263
53 150 251
68 83 163
66 110 183
44 200 283
99 90 191
93 136 271
24 79 109
98 157 265
56 80 173
17 57 253
53 29 107
65 180 395
36 198 424
40 54 103
23 32 205
24 65 206
5 144 156
93 191 298
65 165 244
65 91 181
54 38 99
88 118 244
89 28 117
85 139 255
42 24 68
64 166 256
70 165 268
46 11 75
94 65 259
85 55 141
45 86 285
55 20 96
76 117 227
33 119 172
97 6 188
87 107 238
65 132 205
93 139 410
95 23 245
29 156 186
81 165 256
16 7 28
67 151 235
15 49 73
75 30 105
91 44 144
46 163 237
14 82 99
3 160 171
27 200 235
39 11 55
99 60 169
90 53 148
96 170 423
52 120 179
54 95 346
95 115 219
60 192 350
16 71 97
45 167 221
65 80 303
94 136 276
60 132 196
7 147 158
56 33 121
8 141 149
90 72 210
93 187 442
66 33 156
37 145 209
28 175 333
10 142 153
94 145 244
100 16 134
33 170 212
39 197 277
23 182 227
82 58 225
23 57 262
3 87 111
11 91 147
78 75 308
29 45 82
63 69 268
12 2 21
92 134 252
27 139 173
90 117 236
24 34 103
99 59 174
67 4 162
78 161 241
73 22 104
65 24 114
23 68 125
30 30 66
73 112 363
67 22 93
41 50 129
20 1 30
22 75 102
64 31 99
2 77 89
75 165 246
46 197 252
14 151 171
47 199 276
80 29 218
46 185 257
97 189 352
59 49 118
70 134 231
11 138 151
44 72 130
37 107 146
1 119 167
32 65 268
41 57 178
53 88 339
47 147 243
80 160 281
83 148 240
78 73 190
76 143 327
72 186 297
41 36 78
84 49 231
95 88 336
9 126 139
9 13 43
65 15 86
69 77 232
97 20 127
32 131 168
19 128 173
42 19 75
19 144 295
95 19 119
92 114 216
54 44 130
8 167 194
76 173 437
92 183 404
81 184 271
92 158 251
42 135 330
10 135 180
50 17 95
23 63 101
39 145 192
68 128 232
3 145 185
91 100 210
83 163 280
62 134 363
81 38 127
4 75 173
11 110 189
24 76 142
35 59 97
30 178 252
70 196 287
6 93 114
84 66 185
65 117 192
23 48 113
100 5 155
77 61 331
74 44 146
41 0 139
60 107 176
85 141 253
14 5 25
14 19 105
81 24 115
72 120 201
1 126 241
64 191 409
86 169 358
68 108 205
42 6 55
81 84 194
98 105 212
46 5 60
36 7 47
88 142 245
57 79 302
43 94 159
26 133 233
98 76 174
60 45 293
46 96 192
28 189 227
7 199 230
62 129 201
28 191 219
13 61 243
5 139 275
30 175 215
14 43 182
11 46 66
92 145 237
23 79 123
76 100 232
46 15 255
89 10 102
3 148 310
28 26 239
98 57 159
79 177 259
95 141 240
52 199 291
74 162 273
90 2 95
11 36 52
93 73 201
50 94 230
70 22 103
40 180 227
54 175 231
51 195 252
64 169 283
43 174 339
29 101 259
56 144 208
55 51 279
6 116 271
25 12 54
32 33 92
52 171 225
58 137 205
47 125 309
90 111 235
69 84 166
67 146 245
14 33 47
75 70 190
61 63 144
72 98 328
65 54 125
50 95 150
52 16 108
50 99 337
96 131 231
28 115 301
