920
31 71 178
9 188 228
3 0 44
40 193 252
52 192 248
5 39 44
58 104 284
18 136 180
52 185 271
49 147 276
100 31 137
17 160 222
6 101 150
41 30 107
69 50 127
99 165 328
69 131 200
52 95 172
86 85 182
28 103 131
100 163 392
22 150 218
92 18 111
50 182 248
17 38 64
34 17 183
41 158 199
95 71 203
9 30 162
74 11 92
90 63 180
28 164 387
29 39 248
74 131 231
64 80 183
74 65 259
90 84 308
54 22 174
74 192 272
28 194 257
6 108 138
66 50 287
23 49 119
2 22 204
23 26 212
88 48 166
14 8 29
83 72 199
17 120 276
9 127 150
83 108 256
19 179 218
99 75 208
54 183 245
61 121 199
1 135 184
72 178 257
85 41 129
44 144 319
35 55 95
11 64 113
81 68 149
58 114 259
60 101 175
75 55 131
83 166 254
89 119 209
36 142 341
49 159 208
4 50 145
28 110 249
36 194 287
52 85 147
78 139 304
66 97 252
28 101 133
97 33 148
71 177 268
13 92 109
27 50 125
94 23 122
78 172 390
59 136 203
44 189 241
79 11 90
39 112 156
35 97 137
32 113 153
88 147 295
4 180 197
59 78 139
56 138 202
82 177 267
18 176 204
47 15 99
74 126 208
14 91 114
16 63 117
43 20 83
10 79 95
37 173 218
70 111 189
72 79 216
28 121 326
58 39 127
49 117 207
3 100 196
90 187 280
58 16 74
60 138 204
17 129 154
38 183 225
4 186 190
76 155 241
53 179 233
61 198 264
37 44 86
79 103 229
32 26 105
74 65 141
52 116 197
42 60 136
17 147 167
10 99 129
10 34 192
74 30 145
58 23 96
48 131 267
45 142 242
78 140 222
98 142 403
78 140 221
51 111 194
60 146 217
40 132 217
7 11 103
30 130 193
67 93 178
46 116 170
30 134 165
52 122 319
73 192 274
17 156 197
69 55 159
78 111 201
81 79 207
45 78 129
77 81 182
24 15 71
17 170 195
62 144 215
13 197 242
76 21 275
44 154 204
87 121 236
10 9 45
12 110 125
92 53 153
9 112 138
27 10 42
69 142 257
78 25 145
5 0 26
95 115 212
69 194 266
51 120 180
4 25 53
80 64 148
29 40 77
11 29 75
49 178 283
98 180 436
93 193 390
91 53 186
10 66 273
65 98 177
47 67 124
17 58 163
8 79 127
3 59 91
24 179 205
4 148 202
5 177 189
50 47 105
38 80 139
19 172 316
87 175 383
88 107 200
42 156 287
29 148 185
9 20 31
27 164 343
82 35 120
98 37 157
54 16 258
68 30 279
16 73 90
22 200 349
46 13 95
65 33 129
88 129 219
86 186 467
68 126 239
10 56 111
39 53 142
12 83 97
54 48 219
46 46 93
43 66 154
12 42 63
97 13 237
89 195 288
96 106 324
15 67 207
94 157 254
94 5 99
38 151 204
78 161 241
91 1 94
45 190 348
16 176 197
8 124 141
68 143 218
92 12 107
53 106 185
25 77 147
19 191 333
28 0 176
100 92 388
35 137 219
97 190 303
62 1 104
4 148 152
64 93 167
50 54 127
69 11 102
3 191 196
70 112 186
34 85 137
94 162 360
88 66 160
77 8 115
3 36 49
71 139 218
100 146 248
4 30 38
61 14 80
92 115 215
78 81 165
56 9 186
56 152 250
89 195 310
13 111 183
32 187 334
58 91 152
77 111 254
41 62 133
77 83 207
20 165 197
46 153 209
80 124 213
77 64 181
64 22 92
31 5 39
81 67 155
97 41 316
29 116 145
46 191 245
80 10 100
17 179 204
74 190 419
96 182 341
92 34 136
68 11 88
14 155 186
41 35 84
36 112 252
55 53 122
42 146 196
62 44 109
74 40 200
62 2 99
10 76 109
20 102 148
75 25 105
84 37 235
9 118 132
22 32 55
98 9 246
92 167 260
74 127 218
29 138 189
13 102 142
21 182 346
2 99 143
13 161 183
11 34 80
100 166 309
74 5 113
15 93 119
13 50 227
70 39 110
61 173 348
83 23 121
91 124 225
86 81 265
50 15 216
75 97 196
28 17 82
56 126 184
22 151 367
54 169 283
18 91 118
43 38 94
26 15 49
91 133 270
48 96 147
9 40 54
17 131 152
22 117 146
99 44 254
28 172 201
73 197 276
13 183 198
47 65 164
96 188 293
62 65 156
24 69 199
18 81 106
43 165 215
96 197 300
57 159 290
60 75 313
76 117 221
30 76 125
25 148 200
65 186 256
4 22 35
33 198 288
1 162 170
97 65 288
63 5 200
30 88 308
64 117 231
31 127 166
14 5 25
9 196 216
87 187 323
93 134 230
79 11 119
65 116 183
52 126 185
6 196 333
44 5 62
90 147 271
50 189 320
26 85 120
23 143 319
1 158 190
94 61 236
29 62 99
58 172 421
71 26 117
66 112 210
64 136 241
70 102 180
4 85 116
99 106 207
39 161 223
58 144 236
40 186 233
32 47 114
65 9 113
66 178 254
95 95 194
27 142 231
66 12 112
47 191 242
72 160 232
14 115 174
57 40 207
61 120 222
16 59 111
17 165 248
59 132 199
26 183 244
30 185 222
55 66 126
18 98 137
78 71 150
94 175 354
48 95 153
4 84 128
40 121 339
14 113 137
91 120 285
95 1 135
28 83 143
82 154 246
74 81 159
31 50 104
55 120 185
17 64 170
70 93 179
59 36 110
9 128 312
50 0 98
2 135 158
59 61 251
60 116 352
46 152 202
1 37 60
95 53 152
46 7 54
61 97 159
53 184 241
82 84 330
45 63 124
78 111 215
100 101 211
19 169 210
81 101 204
78 5 91
7 50 92
13 12 27
69 66 137
6 148 157
77 129 212
40 190 264
53 165 394
21 85 108
74 122 295
82 49 138
22 79 218
23 14 41
54 71 299
90 15 116
27 42 74
76 168 296
75 159 262
31 47 125
94 1 96
98 183 353
41 130 171
25 150 180
45 13 67
8 175 199
49 47 147
41 187 238
77 153 266
22 0 76
4 64 85
69 195 273
79 101 252
87 189 315
92 50 185
41 171 218
64 116 314
4 76 86
56 2 148
81 188 277
74 125 232
59 8 71
45 120 168
20 130 158
41 105 155
89 129 220
48 90 144
49 62 150
40 87 167
80 118 275
43 119 349
48 143 198
29 175 211
20 151 305
9 81 149
33 175 212
37 97 138
65 63 167
62 17 85
80 105 345
34 130 170
74 113 197
50 166 319
42 40 84
50 97 181
92 27 311
46 116 211
57 196 260
60 138 203
22 75 101
27 125 178
1 27 66
55 19 83
20 143 168
48 24 74
80 67 184
87 62 292
87 77 210
16 117 215
51 128 219
82 42 319
43 26 134
13 143 200
23 151 182
27 175 238
99 127 228
80 35 144
70 163 234
69 20 98
100 181 402
79 95 176
32 4 40
69 178 384
94 2 284
76 25 111
8 100 119
67 177 244
22 198 229
76 4 93
72 147 226
22 53 115
91 164 450
40 99 180
41 1 90
74 171 248
29 180 223
5 51 58
18 170 229
64 152 232
19 170 204
93 120 213
40 165 256
30 158 237
97 163 341
93 147 304
58 198 258
76 112 213
30 133 329
38 173 248
84 6 98
50 155 208
11 106 121
57 184 437
43 189 358
70 132 252
97 9 164
40 159 383
73 3 115
47 82 135
91 21 121
57 11 99
3 93 258
50 67 185
61 104 171
22 66 132
80 130 210
99 182 282
68 76 144
29 100 131
22 173 241
10 196 208
73 158 257
65 147 219
32 80 121
63 39 108
76 140 218
45 50 144
71 176 261
9 131 307
77 154 349
1 24 31
33 197 338
15 74 99
95 18 123
97 50 153
20 55 81
45 92 296
30 17 53
14 142 199
88 12 108
50 80 137
95 43 143
51 82 160
43 185 238
77 131 233
16 117 167
30 62 100
61 17 139
18 177 227
60 147 279
55 40 132
40 191 240
77 33 293
43 80 126
39 94 140
100 127 298
7 113 231
34 93 137
28 72 254
52 62 114
35 123 316
56 164 221
8 161 291
29 119 158
72 98 337
40 18 96
89 56 156
54 73 130
77 118 204
31 59 131
92 133 230
13 119 156
10 55 66
13 104 198
75 43 136
36 37 171
77 129 208
3 108 117
35 85 124
48 129 206
99 127 249
85 181 303
93 135 228
99 39 152
61 127 215
55 170 235
3 184 194
10 97 113
81 97 190
86 133 219
49 176 230
33 137 187
28 99 132
79 64 339
73 161 284
24 191 219
64 74 148
59 41 110
12 187 322
83 71 174
28 48 93
29 24 94
34 188 401
2 105 112
34 179 238
36 181 220
43 55 186
32 43 75
93 81 339
73 174 392
63 5 105
32 80 194
2 172 186
25 27 54
57 153 341
75 75 179
27 194 391
4 191 228
80 36 126
39 166 218
43 137 341
80 2 117
56 200 265
31 98 137
59 125 185
90 27 259
67 15 96
22 60 92
17 122 146
6 52 62
50 26 81
62 153 263
29 174 209
80 0 263
57 17 80
36 32 77
55 81 308
42 83 306
5 29 83
58 87 151
17 181 206
53 157 212
94 188 301
45 151 196
60 168 411
78 133 213
3 89 98
17 147 239
76 184 266
40 112 157
20 165 353
58 37 100
35 15 89
80 117 259
97 72 178
13 184 363
69 174 357
72 23 117
15 5 25
96 140 236
82 80 170
30 176 301
16 179 200
80 106 386
34 109 150
77 170 256
89 125 230
86 6 93
28 196 386
86 57 143
92 28 185
77 41 267
12 187 317
52 64 278
55 127 205
70 159 252
23 80 144
97 60 187
23 195 223
71 133 217
43 82 250
89 17 115
1 170 180
27 24 58
12 194 252
70 39 151
46 127 174
69 200 270
33 84 117
23 86 117
91 158 253
45 169 298
75 37 114
87 60 163
38 87 135
39 114 203
85 18 111
68 31 101
84 180 270
28 178 298
42 33 81
25 191 224
51 99 157
59 73 147
96 40 149
67 175 323
77 174 286
47 153 242
92 176 411
48 129 217
50 1 89
11 34 238
94 169 272
58 14 77
15 123 143
92 184 283
24 109 140
5 142 173
50 75 172
47 53 266
100 78 228
53 193 443
77 140 279
59 16 77
79 164 257
99 197 319
33 89 128
4 163 176
34 117 199
50 118 304
30 130 346
93 28 168
96 15 118
29 50 93
27 72 99
81 31 119
38 84 307
44 157 221
7 63 178
31 110 158
25 23 98
33 149 352
53 119 182
72 41 117
34 158 192
23 78 145
48 46 101
91 3 144
99 163 271
68 125 193
52 107 206
84 42 129
45 77 140
71 35 116
73 142 225
34 170 212
61 42 275
47 50 206
18 81 159
37 94 151
69 104 177
19 132 151
32 43 98
17 63 213
65 158 225
19 136 174
100 180 405
72 81 163
25 163 281
49 129 182
9 86 97
39 185 240
93 161 263
19 77 217
57 164 383
73 183 296
66 159 249
47 46 96
42 114 158
38 29 74
28 199 264
19 25 83
95 1 139
57 163 236
57 71 149
50 2 112
57 78 236
35 124 206
40 29 96
22 108 133
21 41 70
99 23 288
61 172 270
90 90 182
30 77 124
64 193 308
48 96 144
54 156 321
48 60 267
27 78 108
21 114 137
45 102 164
75 49 154
23 79 102
86 23 119
57 175 237
14 187 352
65 40 112
57 24 129
26 41 246
26 141 305
21 4 103
9 195 239
64 67 162
78 187 278
69 65 137
2 110 113
22 190 233
99 37 147
55 98 161
56 120 182
75 111 187
16 154 276
93 70 256
91 187 419
54 48 231
54 198 252
15 105 145
20 122 176
29 53 83
85 171 261
54 192 249
38 99 324
79 64 143
10 96 155
16 167 206
47 178 225
39 151 225
40 134 350
26 14 44
24 119 144
12 185 298
64 11 184
4 121 155
12 111 127
72 25 104
58 68 136
86 106 216
22 158 183
56 31 90
69 199 317
92 65 159
63 129 202
87 88 206
67 40 244
81 34 115
82 63 147
70 23 110
46 90 162
24 3 36
57 47 105
33 164 387
38 191 266
34 18 83
87 68 163
13 106 124
84 125 398
82 100 189
71 69 147
39 76 297
90 20 111
38 58 122
33 157 348
51 161 228
48 53 111
97 27 127
79 193 273
6 62 148
96 42 146
