970
31 111 145
24 149 173
39 58 207
49 113 259
32 167 226
80 98 183
59 182 246
90 125 338
52 80 265
14 199 354
6 195 202
35 106 180
38 188 231
88 197 286
5 5 31
93 124 225
35 159 237
57 119 337
55 171 229
35 31 115
55 178 299
25 134 201
41 124 168
24 16 50
66 96 172
37 122 161
45 3 222
25 84 120
41 187 276
80 150 230
31 49 80
44 116 252
59 163 229
63 27 135
66 133 200
29 41 101
100 61 224
59 154 241
96 59 183
16 117 157
83 154 242
46 189 238
9 186 201
72 95 205
89 195 326
81 167 249
60 49 118
95 164 275
57 170 411
78 18 103
29 141 211
64 11 100
89 124 263
34 129 268
27 159 187
26 75 111
63 181 311
23 46 76
66 108 223
49 198 278
100 192 392
41 63 281
85 16 111
14 182 335
68 175 380
12 51 68
68 13 92
32 88 122
90 82 251
22 187 232
40 19 96
59 42 105
28 16 211
65 28 94
47 66 137
42 44 117
60 106 173
81 53 138
3 43 54
45 191 248
59 39 249
86 85 193
3 10 20
50 197 253
68 90 292
52 106 207
8 9 67
65 71 138
80 65 187
80 9 109
49 155 230
9 193 226
30 125 160
46 98 151
16 78 276
81 194 277
90 81 213
51 174 323
31 51 86
39 155 194
61 84 154
71 64 143
30 107 333
66 112 190
62 144 207
71 55 133
44 193 245
31 33 105
6 137 153
41 116 167
87 178 428
80 67 322
11 184 223
54 161 262
35 189 317
76 158 249
65 53 122
4 174 182
64 37 232
90 27 123
70 165 328
56 198 260
16 34 60
63 109 195
14 28 48
73 48 290
89 116 211
15 157 280
25 116 170
11 196 220
61 95 264
57 168 257
41 13 64
78 15 98
38 22 65
76 23 187
74 4 84
68 103 205
85 38 131
95 108 247
39 129 364
20 188 215
82 199 285
44 152 220
15 42 65
90 117 215
66 198 393
38 60 144
40 22 147
74 40 137
88 31 145
43 8 72
71 149 230
71 126 210
81 111 198
30 105 156
27 113 273
49 58 116
35 124 272
3 87 94
82 135 240
88 197 475
65 92 201
32 29 71
76 124 219
82 125 210
83 188 471
84 20 146
100 192 329
30 10 85
28 121 269
59 142 236
47 191 282
77 186 410
5 9 32
17 70 223
5 36 152
96 86 193
48 68 139
23 176 203
73 126 216
26 64 94
60 157 336
12 42 146
64 131 228
22 54 120
61 181 259
68 155 231
60 28 117
21 13 82
27 164 201
88 131 247
14 7 25
24 32 99
43 197 247
19 185 365
86 44 156
3 189 381
80 19 107
42 67 287
20 101 124
71 113 222
79 147 231
79 24 105
4 139 152
57 159 223
56 90 314
81 37 146
76 91 230
72 62 144
81 166 257
99 187 303
12 64 83
39 17 59
13 197 250
73 167 307
100 135 355
87 29 124
97 96 195
78 106 206
7 117 238
2 51 90
59 112 221
37 113 247
29 54 84
72 89 169
10 95 172
84 188 277
99 9 113
68 196 267
96 66 276
66 166 233
33 174 311
94 134 229
6 197 213
79 54 317
95 67 165
31 182 386
96 83 204
35 89 126
41 30 118
86 174 337
74 73 156
76 145 360
17 20 186
65 62 142
8 36 208
70 66 136
77 128 226
65 147 214
3 194 332
89 179 312
43 164 217
84 67 159
38 190 262
78 194 282
16 103 132
28 66 100
74 148 285
38 179 236
61 55 287
54 189 251
18 82 151
20 93 254
99 179 284
47 43 96
73 67 147
62 105 205
11 115 137
85 10 131
78 175 432
54 160 248
72 40 119
42 143 186
21 77 107
62 112 193
31 199 232
38 178 226
37 97 141
21 108 130
87 62 149
94 130 346
2 18 26
32 86 231
42 21 90
26 68 220
38 184 295
30 8 40
53 25 98
47 25 159
96 102 202
15 123 213
66 186 255
58 126 291
66 17 91
16 152 170
31 69 140
89 134 269
76 140 347
34 85 149
42 129 284
74 119 200
67 139 250
78 27 152
1 150 281
28 129 204
83 160 435
44 69 172
43 175 235
58 37 240
27 162 193
59 186 281
39 172 231
61 18 137
34 33 111
44 195 247
76 100 184
24 36 71
60 89 191
56 136 196
7 20 108
1 162 174
100 147 283
36 155 201
59 177 267
79 26 111
90 87 185
29 167 199
38 8 51
55 26 142
4 57 136
1 66 223
62 6 83
89 47 143
62 146 211
18 42 93
98 97 377
58 107 167
39 91 297
40 66 138
59 33 102
58 114 201
81 48 130
7 88 125
57 20 86
86 199 392
42 47 93
32 124 166
15 157 176
5 96 108
45 122 177
62 5 70
41 90 181
92 139 244
67 22 195
76 86 211
96 73 175
48 134 189
23 33 80
12 123 141
54 15 114
67 122 201
22 128 194
80 43 159
1 196 205
32 76 113
2 13 117
8 191 249
10 84 291
28 137 185
38 161 317
12 108 269
7 101 154
12 18 40
47 19 71
78 14 102
18 182 246
39 152 193
49 78 272
92 59 199
57 12 86
42 17 63
93 182 285
71 162 241
68 93 171
21 116 214
20 119 144
63 171 243
53 98 203
27 79 140
28 76 107
53 43 146
27 149 201
37 74 208
11 142 170
25 39 68
76 125 220
1 63 95
53 60 168
3 72 101
34 172 209
26 51 122
40 187 227
75 160 260
43 51 104
17 143 274
5 177 223
84 81 171
73 158 309
10 11 165
63 177 270
16 54 76
60 58 126
62 79 224
16 152 191
97 85 369
41 47 177
33 128 171
14 164 178
44 5 75
54 122 190
89 140 242
47 22 111
43 11 60
34 138 179
99 18 253
5 41 50
22 138 167
17 193 212
23 110 147
38 145 382
53 150 206
28 177 293
73 161 234
35 156 210
85 50 153
43 29 80
22 86 125
57 193 298
57 101 314
69 112 230
65 128 213
14 91 108
69 127 230
28 158 217
6 26 51
84 126 255
67 22 92
45 105 187
42 99 141
41 127 170
45 155 209
9 182 196
64 92 175
1 62 119
18 199 228
57 155 251
88 145 259
90 178 303
50 44 95
8 185 201
35 86 166
69 118 237
53 129 196
77 100 373
29 77 118
31 35 66
64 191 275
27 195 268
34 73 111
32 129 206
46 16 89
66 34 123
55 191 341
26 63 131
40 35 146
25 2 31
10 113 266
83 90 197
50 144 240
81 73 184
27 143 207
88 141 235
42 153 201
86 49 233
51 118 297
23 73 103
48 9 116
51 163 248
81 125 245
78 190 288
58 139 200
91 64 156
16 8 34
56 126 315
1 168 238
73 60 141
19 166 185
31 56 111
72 35 132
41 180 250
14 71 119
11 58 73
39 124 171
79 45 231
16 12 121
10 162 191
49 172 228
18 162 241
9 84 99
77 69 148
9 79 195
98 195 300
20 157 184
91 20 142
29 60 91
67 172 247
29 100 166
81 112 200
93 161 280
43 191 242
46 190 251
22 173 208
62 29 95
74 145 243
5 85 91
48 43 100
60 3 67
16 157 179
73 87 169
81 96 219
19 48 89
60 157 236
97 167 264
18 110 227
56 74 140
1 127 138
36 131 174
79 130 309
93 168 302
79 55 246
1 187 266
3 60 108
79 23 156
89 76 175
9 26 152
81 97 204
77 149 256
3 146 253
98 91 243
40 79 119
68 43 111
83 166 388
2 156 179
92 13 202
42 110 250
48 161 209
7 19 149
54 122 176
64 92 168
56 46 110
8 102 112
15 70 116
65 75 317
98 107 207
61 66 268
63 29 134
42 151 196
67 48 157
59 95 155
100 131 275
44 52 97
82 49 143
46 139 190
93 173 276
46 36 158
59 7 90
57 108 210
51 1 62
78 99 202
53 176 238
88 55 171
4 75 170
74 96 171
30 11 80
95 184 324
28 77 112
24 6 47
50 167 225
91 9 253
36 200 262
34 90 317
83 155 272
80 120 283
30 70 110
40 25 94
48 158 206
33 8 73
38 184 375
37 56 99
25 151 185
72 22 98
67 158 226
40 21 75
69 21 102
69 159 234
21 200 244
10 171 191
15 133 151
93 89 370
81 169 251
52 100 182
59 197 283
93 38 146
4 135 291
16 117 172
23 93 120
2 143 193
9 61 75
75 144 289
60 15 236
75 5 146
75 93 188
3 175 299
42 175 223
40 56 103
86 118 212
60 153 215
86 124 215
8 25 153
41 190 293
62 162 229
6 68 79
9 53 81
63 125 193
71 159 398
27 169 197
23 3 29
73 40 234
30 181 332
70 138 217
71 117 215
63 126 239
53 41 98
30 36 216
62 20 256
1 61 72
96 171 446
15 66 81
76 111 195
5 70 83
14 159 228
52 89 169
100 47 288
5 172 232
89 58 151
92 20 113
21 124 228
80 100 181
78 2 88
94 0 166
35 163 245
48 67 117
6 11 19
18 21 224
82 11 95
11 53 93
32 132 175
98 148 256
50 116 168
87 175 296
84 7 251
21 76 269
82 140 302
73 184 271
12 181 219
10 68 85
34 169 209
54 188 303
66 28 290
19 83 108
34 42 80
82 114 361
86 23 110
90 98 211
26 74 104
3 131 252
47 64 289
52 151 352
44 198 251
31 196 236
68 51 164
1 70 81
40 132 173
13 1 15
72 127 201
28 132 181
79 0 79
74 25 106
41 17 66
55 142 246
93 194 297
7 57 88
1 66 228
14 77 98
20 62 137
3 188 299
64 114 208
79 126 359
14 195 218
83 56 178
18 188 376
6 151 171
76 185 261
4 170 205
38 125 345
62 3 106
66 191 343
28 86 145
13 3 17
26 95 124
49 29 88
53 192 358
13 52 105
99 45 192
16 105 156
2 57 59
79 100 225
32 41 145
39 43 92
51 49 138
48 110 249
80 76 158
24 77 104
90 11 101
17 139 177
72 67 146
92 20 113
78 38 119
100 160 260
49 9 76
74 183 273
8 170 184
32 126 216
92 122 319
40 14 80
98 59 168
44 184 234
27 145 179
89 158 396
72 110 229
80 185 284
85 34 120
57 149 207
94 41 143
7 181 188
27 42 176
35 79 123
65 115 323
82 17 105
75 147 223
11 63 119
86 35 130
28 137 274
42 159 241
98 29 159
38 139 179
56 96 154
16 67 83
72 179 251
74 195 276
36 82 123
44 97 182
31 112 172
7 129 292
71 146 229
19 97 118
81 166 285
90 106 203
83 43 248
87 4 93
93 41 230
17 83 209
98 155 262
22 39 63
92 58 160
50 19 77
51 144 195
61 172 233
100 87 237
53 97 158
46 43 99
66 116 230
74 85 160
38 167 230
61 170 298
9 89 285
10 95 111
60 99 174
44 96 140
35 64 262
30 120 155
9 162 227
91 182 281
1 11 133
83 198 310
29 42 172
40 89 150
52 112 299
28 15 49
60 179 253
59 121 194
22 156 185
58 187 412
35 121 230
97 85 187
64 104 275
14 170 332
26 200 250
71 99 212
62 142 373
48 51 108
63 164 233
60 31 136
27 118 297
9 15 67
45 102 156
47 84 153
91 160 283
12 109 130
29 135 182
39 59 107
46 164 217
35 129 172
99 136 264
67 81 279
78 190 303
20 53 78
7 25 80
71 28 99
86 92 190
18 143 180
35 109 147
6 131 301
65 71 141
66 110 216
73 178 270
65 154 328
10 52 128
62 72 169
69 67 144
51 76 147
37 184 229
13 104 264
19 124 151
52 131 190
28 56 268
57 82 145
44 137 360
12 66 95
29 183 351
94 179 275
18 7 56
92 143 247
71 170 242
35 110 151
74 16 140
6 127 138
17 54 120
55 152 370
54 183 267
53 78 135
90 26 121
68 14 251
11 78 90
20 185 314
20 183 225
15 159 180
26 86 117
30 184 221
44 90 283
29 149 362
23 154 210
50 22 192
99 132 232
73 145 220
37 111 148
49 125 183
77 129 286
35 1 40
48 14 66
75 79 195
70 49 286
100 138 413
68 52 161
2 15 63
49 18 214
11 198 233
34 107 161
99 135 303
86 128 218
48 106 160
20 137 162
98 161 259
10 167 241
70 169 274
48 149 345
59 178 247
90 200 300
14 198 367
28 183 211
99 171 293
61 67 130
68 50 223
68 160 239
16 199 216
59 108 271
33 49 90
45 145 200
17 174 342
11 182 196
73 142 280
47 195 248
93 23 144
7 190 259
19 140 293
100 9 226
41 110 225
64 71 136
31 145 203
6 66 121
6 45 67
11 121 149
19 200 236
76 74 179
8 105 120
2 43 50
62 113 177
15 192 229
7 119 154
76 192 284
44 176 230
24 2 27
72 196 318
9 162 171
24 195 356
4 66 99
28 86 180
80 4 206
6 163 333
65 138 203
100 24 125
25 96 128
71 108 188
9 155 167
82 146 389
89 196 408
27 133 167
24 192 255
24 150 254
36 108 173
48 94 164
80 3 128
15 142 166
18 2 20
93 192 309
96 149 254
12 199 219
43 37 128
81 138 418
