830
38 32 112
54 198 257
20 116 141
15 163 178
95 133 231
73 65 139
67 70 138
66 163 256
23 137 176
22 32 92
63 129 193
67 169 253
37 157 266
34 155 198
63 193 271
5 12 20
17 47 82
50 192 245
6 25 69
86 7 207
37 159 238
21 26 183
65 94 208
47 71 299
99 114 236
62 154 235
51 132 220
81 167 251
77 174 255
37 58 100
54 95 151
13 141 155
64 4 71
86 110 202
62 119 217
44 174 252
65 18 211
56 95 182
13 145 309
70 32 103
75 53 133
89 164 260
47 129 186
47 184 233
5 70 121
37 74 143
96 25 127
94 93 309
48 2 248
12 119 139
3 46 51
42 175 417
70 93 204
100 25 130
21 19 224
8 90 134
56 98 162
37 56 101
65 164 241
59 47 112
25 124 330
70 71 148
83 180 265
60 128 190
99 93 210
44 129 203
83 117 323
16 92 116
51 84 140
22 99 313
45 21 101
26 50 171
19 100 213
25 172 229
83 75 172
63 136 200
93 96 355
63 190 263
30 100 146
98 148 256
9 13 26
5 108 118
95 41 145
85 15 102
89 90 225
53 134 318
28 191 221
94 109 347
55 134 199
87 53 227
64 180 253
98 14 149
63 153 378
88 181 331
57 196 285
40 122 197
5 90 143
77 176 337
10 192 212
84 96 240
46 180 233
83 87 176
73 101 336
30 113 147
100 133 243
60 61 156
41 104 304
5 107 141
80 118 298
81 59 145
64 10 81
66 41 183
45 86 150
44 104 158
58 160 240
54 183 270
66 187 285
66 79 152
50 82 135
12 55 110
14 160 175
21 61 84
17 116 155
93 132 271
26 46 96
49 153 209
44 99 146
34 81 281
7 130 177
16 35 89
91 10 188
54 116 362
85 63 181
71 74 145
73 161 330
57 0 65
53 86 139
40 158 201
20 181 201
15 113 176
70 195 272
6 191 200
24 169 197
16 33 49
94 101 234
17 172 284
10 106 117
100 116 258
55 116 181
92 19 114
16 134 152
29 151 228
94 105 202
79 151 240
78 156 238
67 180 300
80 142 389
87 135 256
95 32 271
95 71 166
39 186 247
62 23 129
75 16 94
96 86 212
95 197 301
9 50 241
92 59 151
21 151 218
84 5 277
31 69 104
20 98 215
53 111 171
50 108 348
64 48 151
36 95 200
82 137 244
30 92 131
73 26 105
81 169 274
93 112 282
18 3 61
85 128 215
80 159 248
64 105 176
19 97 312
62 105 195
61 188 268
55 100 223
96 68 178
95 151 254
6 159 307
79 86 189
69 39 118
99 113 230
57 44 150
22 56 116
66 62 131
78 197 284
9 41 54
81 72 228
58 193 343
70 86 194
43 182 272
2 24 31
91 38 252
12 43 252
11 131 144
45 119 175
58 54 203
14 59 87
20 130 156
3 28 76
78 20 116
59 151 212
11 14 27
57 131 193
82 80 168
24 104 150
70 36 277
84 156 243
91 50 159
80 86 171
18 42 97
92 28 122
49 135 186
73 96 321
56 8 235
90 49 142
85 128 214
58 28 161
54 174 231
83 112 200
26 126 320
10 135 146
55 164 236
41 64 280
44 74 167
36 152 197
34 34 77
48 7 57
34 63 102
86 6 110
59 155 253
75 51 130
92 79 176
66 193 436
89 145 411
12 57 74
71 114 210
49 33 89
82 38 130
53 189 273
74 19 100
70 149 241
90 82 226
16 191 241
37 51 94
25 199 229
31 164 198
49 196 279
44 86 130
51 114 172
73 179 282
12 174 186
55 175 239
6 2 55
67 194 435
16 17 42
72 30 149
61 156 258
82 87 176
60 53 113
90 153 288
57 73 185
8 13 54
9 21 75
85 181 275
1 170 171
27 175 251
61 98 209
52 178 265
89 179 275
53 46 122
96 16 150
79 172 296
66 51 119
51 1 56
54 82 238
80 55 141
1 115 124
79 53 136
36 78 240
75 184 365
100 122 242
48 71 301
13 129 150
32 138 172
8 26 43
81 108 257
72 152 232
10 144 167
80 0 80
39 102 269
27 198 232
36 6 48
90 152 319
77 59 149
91 131 237
17 180 236
89 172 264
6 179 226
35 149 240
35 160 245
8 4 23
9 175 207
27 166 229
75 83 203
60 146 228
10 186 220
16 62 102
13 175 197
14 178 215
75 170 253
91 176 277
48 111 205
11 137 284
3 153 163
55 68 135
78 101 213
20 180 208
49 5 89
63 48 148
54 78 135
93 193 457
93 163 258
83 6 102
23 18 104
1 21 32
90 71 173
24 157 183
53 140 195
77 195 306
60 15 123
46 53 129
61 92 216
5 95 248
2 84 113
98 95 199
42 134 209
29 133 170
87 186 287
96 142 307
2 174 278
4 171 177
21 31 200
56 92 156
15 70 163
24 186 215
46 185 256
21 124 145
33 35 266
12 30 205
82 193 322
53 72 229
68 168 244
86 152 248
99 25 125
58 134 222
14 114 136
9 132 148
57 94 153
30 187 386
4 168 352
99 52 177
4 122 158
92 156 444
21 110 156
33 11 72
50 142 217
28 191 268
28 132 168
92 101 197
28 76 108
65 115 312
28 93 146
54 8 63
72 27 118
49 90 145
23 46 257
30 43 227
26 59 114
59 133 197
11 145 164
89 80 196
21 107 283
54 130 188
36 32 199
69 166 271
68 59 151
27 138 284
5 193 236
35 73 153
79 90 257
43 124 184
22 36 102
64 49 159
88 67 190
7 167 219
42 173 382
85 17 243
54 177 273
16 160 182
52 89 159
28 162 197
73 89 241
61 109 303
31 146 311
39 145 186
27 82 278
48 135 228
31 178 236
69 96 172
47 141 193
67 28 95
46 70 121
73 94 171
63 142 213
6 149 164
42 24 116
36 31 72
12 44 66
72 122 202
36 117 155
30 118 156
71 21 93
38 128 168
70 168 239
59 26 125
79 194 281
87 169 275
49 61 290
84 24 109
27 101 177
47 8 119
78 91 191
24 92 131
70 4 78
6 22 34
67 147 215
37 200 242
53 25 83
79 72 165
98 183 318
52 199 298
58 100 173
76 25 133
84 57 176
57 89 160
72 93 179
100 126 229
83 52 137
54 111 297
53 191 285
44 5 57
63 150 263
72 121 193
7 179 194
59 111 205
74 193 303
6 155 163
27 104 181
78 77 299
12 116 143
90 17 178
100 98 207
18 108 176
94 87 185
26 129 159
34 168 209
72 129 205
77 92 200
32 81 115
25 50 75
91 169 307
23 38 64
3 77 109
82 168 309
12 88 102
33 128 165
62 8 109
59 164 228
65 45 113
70 159 229
85 52 144
14 7 133
76 96 180
14 40 58
1 69 71
4 139 176
5 150 175
75 52 127
96 8 208
10 81 245
94 176 283
58 200 305
27 31 64
65 194 305
79 140 226
58 64 129
9 189 242
54 97 157
52 151 242
65 15 85
79 122 201
58 106 239
84 11 99
31 102 150
26 162 194
9 186 214
71 147 246
17 190 209
91 43 150
26 105 139
41 71 261
15 72 94
79 13 101
84 116 231
2 160 171
54 177 237
22 197 254
97 138 426
38 149 187
66 48 116
98 129 232
68 72 199
19 15 39
63 101 186
57 104 161
46 151 203
49 96 163
20 117 168
67 99 184
68 25 157
60 31 104
82 37 121
89 95 232
92 133 367
47 10 142
35 33 100
34 142 210
23 64 112
43 164 291
65 101 167
17 193 250
18 114 253
50 143 208
9 130 148
9 100 115
11 129 140
18 183 236
51 192 341
54 41 138
40 67 107
74 10 85
27 115 190
3 90 246
11 166 325
77 21 252
87 84 178
52 88 313
31 0 202
60 29 107
37 165 203
97 157 262
39 109 276
29 5 35
100 15 152
10 97 109
82 155 421
96 42 310
38 200 320
9 37 55
69 99 175
39 95 181
54 95 240
56 27 129
93 193 292
19 58 81
60 174 261
5 167 275
45 140 359
51 30 101
38 119 329
42 194 389
72 166 268
52 106 166
63 160 306
22 161 193
41 17 80
75 146 250
89 24 231
56 87 147
62 148 210
98 114 220
42 151 232
45 38 88
1 46 54
80 168 250
34 18 57
65 81 153
86 76 178
73 50 133
10 83 233
27 133 196
6 144 168
82 90 173
72 94 171
30 46 76
22 40 65
54 78 315
100 17 121
65 169 278
5 10 97
52 26 229
66 49 124
60 21 87
92 181 273
8 9 52
68 150 224
80 75 199
56 108 178
1 70 112
62 66 215
95 179 278
21 55 219
32 126 163
58 104 163
51 192 243
54 183 270
91 33 224
42 73 261
63 126 245
84 121 209
43 108 154
68 54 296
17 38 61
93 84 257
63 160 348
91 41 134
1 66 77
5 90 99
18 72 90
28 83 121
37 93 132
42 134 205
37 148 247
51 65 173
65 101 263
39 95 139
74 161 313
72 24 132
95 80 184
68 94 334
90 12 105
99 13 121
55 173 256
68 107 322
16 43 63
32 133 165
5 50 63
75 143 222
1 102 126
72 73 155
59 111 217
21 12 50
5 32 43
62 144 343
27 156 315
59 161 250
21 88 133
33 140 305
22 16 47
52 22 98
5 75 107
34 115 159
75 57 150
54 116 213
24 165 381
53 110 181
49 138 283
90 123 216
36 52 94
5 93 198
1 122 180
45 112 162
44 171 218
70 158 276
62 161 305
3 191 201
56 45 175
69 107 202
16 90 107
48 194 250
89 49 142
26 111 142
29 13 52
38 144 225
78 161 245
20 127 152
95 1 233
58 35 133
78 106 347
62 33 103
74 192 375
81 74 160
17 198 340
100 10 139
26 126 164
23 21 94
46 12 69
69 6 85
27 136 190
43 107 151
38 29 113
25 90 117
92 132 229
15 16 36
99 34 311
21 162 186
75 168 244
91 93 189
74 117 231
39 141 183
41 18 63
16 53 92
13 151 355
6 96 122
59 27 88
22 14 82
45 112 166
70 163 234
56 48 106
11 164 176
78 36 127
38 179 218
54 153 286
14 9 31
51 175 383
32 17 87
13 154 269
30 189 230
47 167 231
33 86 138
71 198 272
92 23 135
22 21 62
96 188 442
6 14 40
9 83 97
92 128 222
82 200 305
72 39 266
42 54 100
43 118 168
64 89 196
46 82 174
80 21 129
65 102 264
24 0 27
92 195 318
61 12 112
52 67 175
85 24 117
76 184 290
77 77 159
61 33 250
11 54 130
55 163 248
92 159 319
71 172 243
42 28 200
56 82 334
44 9 60
74 105 189
95 72 169
5 94 130
66 151 226
99 53 164
46 76 127
77 65 181
64 43 109
51 7 83
46 154 226
59 56 122
80 170 260
18 120 138
78 125 375
33 35 81
10 115 160
98 140 271
87 142 318
9 52 63
57 67 208
58 38 97
23 83 133
83 10 118
65 157 222
52 114 198
94 177 272
98 170 268
89 34 129
39 98 137
44 190 242
58 43 136
37 110 166
5 37 59
64 56 169
89 4 94
66 58 152
7 64 105
60 88 152
41 134 182
39 1 165
29 125 155
65 41 155
50 132 227
9 112 252
65 112 338
66 86 156
9 160 355
