60
20 153 176
25 54 83
88 75 173
79 63 239
57 15 133
14 184 278
50 34 127
14 66 80
84 121 390
20 200 226
37 119 164
11 13 24
76 135 346
20 124 335
72 64 142
96 186 294
55 63 123
67 99 336
89 100 359
96 104 380
15 53 82
63 123 194
18 200 226
34 122 167
41 130 171
27 27 242
49 15 70
27 45 93
86 122 214
38 117 156
18 107 128
89 6 112
32 46 87
53 138 200
20 19 72
5 20 164
35 83 228
47 86 142
81 148 343
18 136 245
39 41 130
97 136 246
40 114 288
5 171 184
69 154 229
41 57 126
33 147 209
57 5 66
99 146 287
9 198 207
25 178 210
30 101 139
41 83 133
94 166 266
79 90 169
73 22 114
99 167 274
66 25 141
8 110 120
6 183 239
