380
81 42 234
43 161 204
54 140 292
91 81 199
24 27 57
18 170 192
55 55 171
90 11 109
37 4 139
24 123 169
10 117 137
58 56 120
85 150 260
42 186 236
26 92 119
45 114 176
91 12 103
46 69 204
69 103 278
53 124 179
17 20 37
85 33 130
79 0 81
42 172 245
4 198 348
22 61 245
62 116 218
3 136 149
69 189 452
34 104 144
55 14 154
92 18 126
2 126 159
74 52 135
93 75 192
64 174 280
44 50 99
52 1 86
74 105 369
89 74 180
65 47 278
60 66 250
47 50 250
3 141 156
10 173 189
15 111 278
58 135 195
33 24 58
88 155 249
40 112 188
3 74 122
46 99 327
69 182 254
40 44 88
84 110 216
26 30 66
60 148 215
30 152 346
76 108 360
98 155 282
4 106 277
97 10 116
28 9 218
62 135 220
37 131 331
58 150 306
57 67 141
93 64 254
18 1 61
78 123 234
53 3 73
22 87 118
12 145 158
7 168 260
15 173 209
11 62 78
22 69 174
61 117 210
53 182 252
96 158 258
21 189 217
4 24 57
76 63 150
67 18 125
38 151 214
3 200 363
34 138 215
39 83 204
37 73 111
13 187 210
84 137 227
32 165 360
99 90 198
72 25 103
63 31 145
39 124 198
63 123 316
75 127 247
39 36 79
14 69 87
73 132 244
11 79 124
15 69 87
90 200 292
28 169 380
94 85 179
39 96 136
18 30 68
72 65 179
70 18 92
77 143 229
32 185 277
31 2 79
98 37 182
57 159 231
20 111 298
7 92 148
86 41 293
70 80 162
8 199 217
3 164 201
30 148 188
50 96 269
65 89 164
71 14 89
82 89 271
45 140 186
34 198 421
75 120 200
4 82 93
47 174 263
86 200 290
97 119 359
83 92 214
61 178 326
27 156 211
47 104 151
74 153 267
50 117 361
83 31 140
82 184 434
26 27 54
43 96 164
88 180 270
81 62 148
1 197 383
69 174 289
49 32 99
9 20 29
16 140 156
22 66 92
53 141 268
46 59 130
57 115 172
94 125 221
73 49 133
63 57 157
9 168 182
39 141 186
2 87 197
31 67 102
70 33 109
84 123 213
20 62 101
77 159 238
6 45 64
11 118 162
51 142 197
35 159 205
84 26 134
39 167 210
36 141 177
58 141 244
82 167 331
82 132 300
29 127 202
2 173 177
22 197 226
29 109 209
19 50 265
17 189 216
40 62 118
85 124 213
57 72 260
33 80 125
22 79 292
6 54 74
27 156 186
91 134 244
7 192 360
31 15 52
87 93 183
77 10 136
3 136 148
89 95 186
7 147 159
26 74 121
21 103 195
71 83 162
74 185 278
95 176 315
48 179 259
72 110 353
32 62 192
97 65 170
26 27 60
8 54 96
82 27 133
89 20 149
76 76 294
65 55 127
91 164 267
18 90 273
98 113 275
92 89 190
77 134 220
12 54 89
28 12 42
45 71 148
92 168 262
64 175 282
85 80 171
39 62 214
38 190 231
10 195 224
72 154 271
54 93 173
55 190 251
72 10 180
85 121 207
99 91 194
68 47 120
31 187 221
88 144 350
97 147 247
41 15 59
34 35 70
34 73 203
49 37 89
19 119 145
11 89 100
89 124 221
14 167 228
40 145 337
47 84 156
5 9 91
61 149 362
12 62 81
95 78 182
4 111 117
47 119 183
42 183 249
66 105 203
26 146 195
21 123 154
67 84 200
88 165 300
88 145 263
74 92 344
8 7 18
85 99 185
12 154 188
23 126 183
39 16 56
29 94 224
55 127 190
98 161 306
7 179 362
79 18 157
66 11 78
91 12 270
2 184 192
43 174 263
71 107 190
67 17 115
35 44 79
4 133 146
17 56 254
26 102 131
32 145 184
80 122 218
17 7 27
20 29 57
16 117 267
100 89 196
81 54 145
65 168 375
5 35 201
9 41 240
46 82 138
98 196 344
91 118 343
17 192 236
69 14 85
32 169 209
74 45 123
23 88 160
78 149 277
73 141 215
74 98 179
85 74 317
44 27 132
31 67 105
97 60 243
47 106 192
76 14 91
29 200 265
97 17 121
100 115 215
12 127 185
4 95 135
20 200 247
24 87 114
15 113 165
33 10 53
91 185 283
70 38 117
9 99 127
3 51 58
87 162 418
30 197 235
47 116 226
99 100 338
31 69 134
5 92 101
80 32 115
80 28 138
79 106 230
54 85 178
10 173 196
95 189 312
71 71 164
51 182 360
74 137 221
4 52 60
16 56 82
43 150 218
78 42 121
61 71 142
39 60 105
42 186 242
55 32 268
38 168 214
71 125 228
41 43 105
88 197 286
66 98 315
57 22 81
88 55 146
66 38 259
11 141 154
87 79 209
84 11 191
34 63 213
80 24 125
4 134 207
16 135 154
97 156 264
62 187 374
61 29 92
35 102 208
43 35 81
31 92 232
15 134 168
82 101 189
62 152 221
56 64 162
60 116 277
75 132 217
57 60 167
27 178 213
43 66 117
20 177 200
20 115 220
11 2 57
90 113 354
31 28 67
94 30 131
57 173 240
43 179 226
