880
39 181 371
33 128 165
65 88 185
52 179 369
45 39 160
9 41 74
35 143 269
54 197 259
28 36 68
51 112 167
35 168 217
47 50 99
47 164 211
99 76 180
10 113 124
86 60 148
46 90 197
39 25 74
28 4 52
21 44 73
49 157 213
73 86 248
47 44 102
17 109 163
46 126 180
9 185 201
52 169 230
83 20 114
14 71 182
65 149 369
97 116 257
74 199 323
81 171 303
7 0 41
49 151 303
74 84 185
24 100 171
57 37 102
88 190 297
8 116 157
89 5 280
100 180 391
36 199 258
10 172 231
30 74 262
97 90 233
71 20 96
36 155 216
28 106 135
10 14 118
8 69 86
53 103 156
8 188 271
8 70 87
95 31 135
28 120 148
41 65 111
63 196 269
70 200 380
19 186 208
62 182 419
13 137 152
83 49 137
47 50 143
16 106 128
8 18 188
11 4 34
17 115 149
80 134 215
64 27 231
28 80 109
44 174 224
22 77 203
53 35 270
54 48 102
5 173 189
23 75 117
28 75 129
77 49 134
24 104 130
83 124 236
1 5 82
92 150 244
16 174 190
29 186 224
55 72 158
38 160 205
58 99 159
4 179 229
80 185 314
92 38 136
28 152 184
36 74 119
19 82 224
10 170 182
91 39 279
23 43 70
17 18 45
20 144 172
25 70 145
67 173 261
100 80 322
21 161 340
2 185 192
55 155 258
63 23 206
100 98 210
33 7 88
91 92 204
2 176 363
84 68 201
32 178 260
92 2 103
39 132 272
43 198 288
11 133 144
3 71 215
89 166 375
87 182 276
71 127 205
10 112 146
68 46 139
9 79 151
36 191 236
72 85 160
7 148 191
43 61 141
48 132 192
13 2 24
98 151 257
4 196 230
10 148 341
56 184 432
29 58 94
38 96 161
29 38 74
80 124 218
24 61 271
20 3 208
51 63 122
11 135 155
95 55 160
78 152 233
96 59 192
40 144 220
93 147 242
92 128 256
97 125 222
40 16 90
81 156 265
33 175 301
2 37 74
49 130 182
20 15 43
98 139 283
47 0 196
56 96 188
48 166 220
100 113 229
31 168 200
43 182 229
81 39 136
30 148 190
58 178 240
46 171 255
61 23 92
55 75 133
18 145 196
59 65 261
71 0 79
77 61 139
61 3 107
58 130 210
100 191 433
54 172 231
32 180 212
22 174 202
46 178 233
60 173 291
60 8 68
69 107 261
55 82 137
7 149 158
57 90 148
39 42 89
74 52 129
81 103 184
52 54 204
76 167 420
55 37 101
40 184 232
47 99 160
16 28 52
59 61 124
18 127 172
84 115 209
44 190 259
83 16 105
76 29 109
36 188 233
54 185 285
38 85 129
41 181 229
43 32 190
93 118 216
29 46 253
50 173 403
7 124 140
56 10 66
25 32 171
50 84 137
24 26 58
66 112 181
83 180 310
9 35 53
18 121 140
2 87 90
17 195 233
39 89 211
8 107 123
7 131 158
21 144 172
63 155 252
12 24 79
84 80 169
40 67 117
73 151 253
27 182 259
20 112 134
56 18 81
26 111 145
17 62 82
89 55 152
24 71 137
67 90 228
77 67 147
12 58 80
98 39 164
70 172 288
96 36 137
58 141 219
27 173 225
79 193 277
93 179 274
97 82 228
97 91 358
100 116 217
86 171 273
8 194 208
1 114 125
24 6 40
33 41 96
71 146 219
22 99 121
53 145 210
90 5 112
28 85 174
4 79 103
47 82 130
76 123 215
20 60 88
42 55 99
94 156 394
49 114 166
88 126 247
4 121 307
14 106 289
92 48 160
57 115 210
36 175 211
25 84 109
24 109 174
44 37 81
40 68 117
95 175 312
65 134 207
11 190 207
92 89 208
69 172 248
84 114 221
22 9 73
65 82 149
52 34 240
11 79 96
58 189 259
55 41 104
76 192 297
10 25 140
37 150 304
75 169 264
47 168 265
17 106 127
64 160 250
88 120 209
72 127 204
82 123 222
52 7 66
26 151 219
8 100 109
5 179 190
25 47 110
65 163 228
34 58 118
95 19 164
62 152 330
95 141 309
38 8 50
91 0 99
71 92 197
51 24 80
14 80 131
36 62 117
4 61 136
23 146 177
28 155 226
93 123 239
50 126 360
79 145 224
94 2 96
39 161 243
10 29 47
38 188 229
19 70 103
24 142 207
53 13 257
69 29 104
15 135 158
72 137 215
9 165 224
22 150 179
58 6 135
79 95 199
55 130 187
84 158 315
32 35 70
80 4 111
75 87 328
9 119 148
83 179 300
86 193 286
3 24 146
20 159 179
76 76 158
62 72 140
28 81 114
54 62 151
71 0 240
100 13 266
86 23 146
68 125 311
40 92 176
70 0 112
97 77 181
47 24 77
26 56 87
10 40 55
43 128 220
22 148 178
39 198 286
91 26 166
49 68 119
4 188 307
29 26 58
24 170 206
21 85 107
25 136 162
83 90 188
40 98 229
6 46 211
97 188 336
42 126 172
36 22 65
74 141 215
84 145 232
41 182 224
28 141 172
78 168 292
6 145 335
63 112 184
80 69 149
5 106 180
53 153 208
60 148 254
51 193 287
91 52 162
15 78 116
55 177 252
82 100 215
46 25 78
50 165 219
58 15 110
14 16 56
90 139 248
71 160 240
6 54 102
25 87 128
30 49 143
4 62 191
17 182 348
2 192 216
43 198 247
38 115 201
43 30 76
73 91 173
6 80 234
84 63 150
94 136 365
100 177 277
72 56 172
25 85 111
61 25 91
29 98 171
66 28 95
83 133 226
62 44 109
48 158 332
64 191 358
82 127 404
4 113 126
80 198 404
96 46 172
78 105 188
4 85 118
28 124 194
90 154 247
29 88 151
32 9 96
35 127 168
20 118 312
46 98 144
74 10 99
16 11 28
61 164 243
59 130 193
7 169 332
74 23 216
39 138 239
43 131 174
60 40 235
8 106 123
75 190 272
26 182 367
34 67 105
5 50 222
11 177 210
16 110 127
17 166 368
14 23 78
58 137 202
31 93 157
96 85 296
90 154 249
47 102 150
20 3 33
90 21 126
82 78 263
33 106 141
91 35 133
81 182 417
97 87 223
97 73 179
79 149 270
42 97 177
69 17 99
95 157 254
8 143 347
96 51 153
22 89 113
67 43 116
32 175 229
73 17 122
27 60 103
97 1 296
19 24 95
100 129 268
76 147 231
43 175 253
60 160 396
93 100 385
36 74 145
40 40 82
53 116 174
58 16 79
98 167 271
49 131 187
46 6 60
46 190 245
23 172 205
11 43 66
54 181 235
10 158 196
19 96 125
15 71 88
86 166 285
67 171 239
46 171 227
65 184 265
85 148 235
14 141 292
30 54 124
45 66 175
23 113 136
87 102 200
46 99 312
97 60 159
69 18 140
89 74 193
61 41 256
25 48 107
12 112 146
17 40 133
84 77 163
48 80 131
1 155 158
11 168 236
73 97 176
33 19 79
73 66 142
60 196 316
75 7 114
62 10 95
24 130 180
34 75 132
20 77 97
54 174 306
67 112 179
38 76 117
88 44 135
60 119 211
73 130 221
51 56 224
28 56 212
72 2 180
7 35 80
3 25 43
42 22 69
49 90 142
82 10 103
18 162 230
10 159 178
1 35 76
71 60 134
68 100 169
55 81 177
62 40 146
29 65 289
99 45 172
37 78 118
33 121 241
86 188 275
17 172 233
98 93 192
74 195 314
63 24 140
43 187 275
9 89 149
66 40 131
11 144 225
89 84 173
96 158 259
84 118 343
29 111 189
100 179 329
99 146 255
33 148 185
99 115 387
73 19 205
95 94 196
64 87 155
99 31 131
31 171 402
37 31 106
17 31 87
30 98 136
20 200 225
25 174 209
3 37 83
1 131 170
41 108 193
99 48 154
12 119 131
46 13 63
80 18 147
68 79 150
75 48 131
50 145 220
50 165 263
3 117 248
45 186 234
16 105 228
32 146 183
14 164 197
55 75 136
28 15 52
86 149 337
38 168 238
88 63 156
55 126 363
54 62 126
87 166 262
92 86 187
60 178 279
23 185 223
51 3 62
34 68 202
81 148 249
78 61 139
85 186 316
23 33 217
59 49 150
60 138 265
88 174 271
61 29 91
38 169 235
58 24 87
56 162 266
95 56 155
33 15 97
29 57 227
27 193 352
79 18 102
10 48 101
57 26 196
97 159 265
13 67 87
59 36 269
2 59 110
73 195 303
1 74 113
90 162 290
27 69 104
2 138 153
36 100 185
81 164 270
9 1 31
57 25 86
15 113 142
98 25 133
29 59 143
69 16 85
4 195 201
27 174 352
17 158 176
20 113 141
40 74 122
63 37 128
13 71 88
34 158 240
36 144 368
19 127 316
80 185 265
29 60 91
71 102 183
28 170 208
37 98 145
69 134 209
12 149 281
61 56 169
34 12 51
93 134 248
14 2 37
71 83 273
5 83 107
59 54 143
12 142 159
43 140 187
56 198 266
73 194 270
36 198 241
85 151 240
2 48 92
79 15 204
35 12 49
25 43 99
92 116 314
62 94 267
78 182 262
26 67 160
94 118 214
35 3 161
65 70 135
72 32 236
80 52 308
21 42 63
4 138 165
5 87 221
94 138 234
96 153 256
9 12 24
20 141 169
73 15 90
75 44 313
17 185 248
62 125 311
61 57 159
100 139 277
37 50 95
6 137 153
50 159 211
71 166 420
74 142 224
92 168 306
28 88 119
97 140 249
26 184 244
41 195 388
32 137 198
33 138 218
60 143 403
34 0 46
36 45 119
45 138 298
96 160 290
92 18 226
58 126 340
72 49 160
23 145 230
59 159 232
49 185 399
67 120 195
21 59 95
73 118 282
42 35 84
25 34 99
13 117 154
64 89 214
54 175 229
68 78 313
85 86 196
25 112 297
86 63 177
46 49 257
60 8 76
70 188 447
54 19 103
88 54 160
50 142 228
35 165 205
85 89 178
64 4 74
85 153 283
42 175 228
11 185 354
31 166 203
53 149 268
95 126 230
87 196 288
91 94 196
60 169 240
78 116 198
84 102 196
57 54 120
24 168 193
59 135 201
9 123 232
89 196 314
94 84 189
18 114 273
20 132 260
58 108 287
23 16 49
73 79 156
71 62 153
98 125 251
88 99 210
61 122 186
62 139 240
89 171 268
97 54 199
96 77 260
65 28 113
53 149 388
66 60 131
57 136 370
95 68 170
56 174 233
55 39 102
33 80 147
36 124 169
41 34 98
2 68 79
22 161 249
32 126 317
54 115 169
29 89 123
20 79 103
38 67 235
94 182 300
32 6 45
22 115 314
3 4 9
91 24 237
92 121 235
43 7 137
30 147 182
98 167 267
35 132 173
52 143 237
56 5 88
21 3 65
9 18 70
32 152 192
30 76 213
8 58 141
45 178 233
51 195 254
55 187 246
54 136 194
78 100 222
90 55 146
55 49 109
99 111 247
49 34 84
93 85 188
39 33 145
49 95 315
12 81 93
59 13 157
98 189 402
77 183 261
8 11 23
74 56 169
40 188 300
50 27 86
46 43 272
47 113 166
54 6 73
99 96 203
96 72 303
32 172 338
37 100 173
83 88 172
32 95 167
38 161 199
42 47 98
73 139 322
28 190 224
83 188 321
9 25 83
27 116 143
4 16 48
90 83 177
65 141 289
5 37 241
54 53 118
61 170 232
19 92 120
41 99 141
15 192 214
12 172 193
94 70 290
60 143 210
28 23 230
3 80 139
26 130 158
5 115 128
53 145 201
76 140 356
97 140 246
100 47 152
42 70 162
58 181 245
13 127 206
67 125 211
79 158 238
13 32 87
29 45 172
40 52 99
97 36 185
88 134 225
82 116 215
96 15 159
89 20 123
36 69 114
68 73 202
34 12 50
23 60 92
76 65 149
59 84 144
47 144 214
