500
17 23 40
82 85 172
42 186 235
1 51 59
20 25 85
94 124 226
36 117 156
29 65 286
1 12 40
34 130 214
53 186 240
13 197 215
10 58 214
99 84 203
77 79 189
45 133 331
87 8 186
93 198 291
1 168 291
64 19 83
67 178 248
53 197 294
70 199 341
14 97 119
59 123 193
100 73 367
76 92 285
90 151 359
4 132 162
58 71 139
39 124 315
53 160 214
24 103 144
80 194 279
14 113 134
53 21 103
7 113 150
7 100 121
26 171 207
26 5 61
72 125 197
100 102 269
46 16 226
100 78 213
72 52 130
89 8 105
50 151 232
29 110 145
14 28 99
23 107 213
92 130 232
81 160 242
47 11 62
67 59 130
27 64 290
73 83 175
48 105 256
33 41 74
36 156 251
53 175 380
79 175 258
13 122 181
91 59 153
29 130 202
13 79 96
60 87 200
17 83 101
4 121 135
4 4 40
65 28 93
73 106 200
50 99 156
71 21 100
18 77 104
71 16 96
13 133 147
58 28 110
8 56 95
94 16 159
46 178 408
22 135 196
54 22 211
77 171 295
44 3 93
73 117 200
26 96 144
52 92 160
36 36 262
72 70 158
64 84 154
49 18 155
90 36 134
94 16 297
95 195 291
10 177 298
60 84 167
95 30 129
69 119 267
61 189 278
12 72 213
69 157 236
70 114 202
26 57 85
60 118 289
54 39 128
29 152 183
3 26 204
59 160 275
71 126 202
56 136 205
88 32 125
80 79 166
45 73 121
38 45 182
23 78 138
95 16 194
47 137 220
83 145 249
85 146 419
59 51 138
25 63 114
70 118 194
76 194 279
19 158 185
52 94 149
5 81 114
54 70 308
52 68 168
99 96 205
32 137 326
15 90 118
81 41 128
72 11 128
24 138 274
71 110 185
17 188 242
58 191 288
7 120 136
62 6 69
62 114 244
92 123 221
66 182 255
22 198 343
14 102 116
100 32 135
1 188 192
37 8 150
53 189 253
49 17 73
36 69 247
75 106 191
100 17 118
50 192 245
66 94 166
83 10 127
63 42 194
63 101 261
61 105 172
43 175 221
78 33 133
36 119 194
11 58 96
8 68 249
89 198 350
57 21 225
39 12 176
32 51 83
11 22 69
49 78 218
63 198 291
43 0 51
98 86 226
53 199 253
86 186 277
71 68 193
94 18 221
2 78 85
15 160 183
46 9 88
82 142 247
97 44 149
36 199 358
40 65 108
54 92 160
33 195 234
3 162 173
35 111 153
31 76 111
11 29 86
86 162 270
71 37 111
15 38 61
79 8 87
20 147 175
98 157 263
38 47 107
84 26 127
60 25 108
42 29 98
88 149 271
1 122 133
69 94 205
34 142 208
38 44 171
86 8 102
29 75 124
7 136 293
35 75 173
91 92 271
42 52 103
76 189 379
50 76 213
68 189 260
38 23 232
88 86 174
51 45 157
60 25 110
49 164 216
19 101 299
52 135 333
55 150 218
95 76 190
10 172 205
45 99 339
95 129 417
24 53 78
70 97 173
40 86 126
56 95 184
57 27 168
78 43 216
4 28 81
37 59 145
80 4 115
58 52 113
75 110 195
29 177 339
23 198 236
36 166 401
74 133 213
89 45 164
55 5 200
19 84 275
28 73 106
4 42 74
35 186 236
31 54 90
85 3 201
73 89 167
65 60 131
33 135 351
75 174 256
83 91 290
27 187 217
32 114 154
43 84 153
93 181 281
94 163 264
70 84 244
36 33 251
71 181 256
39 189 258
71 56 314
9 100 126
90 140 253
33 121 156
93 165 332
35 37 79
82 189 281
55 104 194
79 181 269
49 54 200
45 32 79
12 135 172
71 45 219
53 59 117
94 69 264
5 90 95
83 144 237
57 187 251
99 89 204
55 118 176
88 66 354
44 86 138
87 87 184
81 116 205
17 20 46
74 190 445
93 35 132
2 71 90
36 191 233
64 146 386
5 104 119
58 170 319
77 186 356
34 180 301
11 171 214
63 87 151
79 48 159
71 68 200
49 8 80
2 99 221
60 139 237
62 115 285
95 191 334
86 172 264
52 181 396
37 187 229
78 115 239
50 65 251
81 11 98
69 61 171
98 148 318
24 120 153
55 131 366
27 2 32
66 1 114
19 108 171
4 194 308
11 53 173
42 10 54
48 73 132
11 121 152
6 178 198
37 118 199
11 49 68
21 72 113
94 83 215
42 103 296
90 6 99
56 25 116
65 25 93
45 53 114
5 163 346
33 40 113
84 27 231
71 75 189
10 52 197
48 80 132
15 6 29
65 109 264
95 138 239
86 87 202
50 17 67
54 99 176
97 127 243
6 85 92
21 40 97
58 134 227
45 180 231
32 182 223
65 118 325
12 170 184
10 50 236
63 20 92
74 0 223
9 74 107
69 163 237
24 160 223
79 16 95
42 146 203
79 117 366
1 29 37
23 196 227
51 128 220
3 172 347
57 65 152
38 21 94
49 144 202
67 114 185
76 44 141
90 173 361
98 116 218
9 68 92
100 141 247
34 142 185
32 10 177
2 135 163
68 111 214
10 87 256
32 70 102
47 79 135
99 160 310
41 130 337
34 156 197
75 84 164
88 68 195
43 122 310
28 134 268
84 1 106
45 73 118
52 127 179
83 181 281
20 149 194
15 132 194
12 13 74
81 190 290
7 2 18
77 25 106
11 103 150
68 39 181
30 82 117
13 49 246
15 22 101
24 188 365
26 98 158
51 107 183
47 108 200
27 101 179
21 189 341
24 67 132
68 69 166
23 137 187
59 3 135
97 161 288
17 36 57
73 156 275
86 130 264
57 161 264
37 169 389
13 81 105
78 9 268
57 96 282
54 35 122
27 198 385
68 34 127
78 22 123
79 162 256
12 90 109
55 42 244
58 152 353
33 25 60
23 75 110
82 167 251
69 151 284
39 98 144
69 87 263
90 85 177
55 60 132
13 191 258
24 14 52
23 87 118
36 153 301
52 164 240
67 135 227
58 36 104
59 135 202
87 26 255
71 90 203
67 146 222
53 184 374
70 21 253
14 113 164
40 51 234
15 56 71
31 126 345
71 160 256
73 160 233
12 174 381
72 197 274
3 37 104
26 99 135
57 157 218
88 22 110
9 163 209
80 16 141
48 105 163
5 94 284
48 45 104
43 140 369
37 59 126
99 140 251
54 122 180
18 103 169
34 83 139
46 134 187
43 154 203
8 46 74
58 167 407
57 181 273
66 72 147
48 27 75
76 2 111
1 48 63
13 76 93
86 94 230
17 110 273
3 89 92
48 1 54
56 52 113
9 138 148
76 105 203
77 136 358
69 57 296
20 135 175
73 179 302
14 83 113
1 180 181
80 162 243
55 114 171
