740
57 172 384
82 53 137
99 85 191
16 77 181
64 186 252
13 34 47
57 136 320
22 72 130
49 173 381
44 153 207
84 142 350
10 196 215
95 89 193
22 181 207
11 151 192
37 57 95
88 166 257
48 33 220
91 167 262
63 134 227
19 134 200
2 28 155
81 41 128
99 134 237
75 24 117
23 130 167
59 136 200
94 194 294
25 112 144
83 17 106
79 92 178
68 74 306
69 164 266
35 42 106
9 27 39
88 186 279
46 126 172
69 129 203
56 93 167
24 17 164
6 22 36
59 20 84
17 12 29
81 164 275
91 29 141
5 197 212
95 7 106
2 13 24
31 144 177
34 67 107
10 77 120
88 88 176
12 175 215
66 173 243
33 62 99
31 153 193
56 28 129
43 193 308
74 176 257
47 47 97
41 104 157
49 61 158
73 16 116
65 82 149
63 57 126
43 186 394
1 194 227
27 48 75
18 192 379
4 189 234
62 159 223
99 43 225
44 170 288
17 152 197
90 96 312
5 146 154
98 176 274
22 131 159
86 158 436
70 154 327
66 161 230
61 167 232
20 78 107
42 133 186
100 26 135
92 32 133
75 167 246
27 129 166
4 26 32
72 33 114
45 183 235
78 37 130
8 119 176
57 144 395
87 88 176
11 57 73
9 178 190
90 159 278
7 22 37
85 154 243
18 119 215
62 86 196
34 109 175
13 1 156
1 74 83
42 68 266
37 55 93
6 70 82
47 125 217
97 42 142
25 177 287
53 90 148
19 145 230
21 117 226
48 33 194
71 57 132
65 21 256
37 71 143
77 159 255
6 144 151
55 195 358
75 122 307
49 58 149
39 191 242
29 154 192
28 143 237
87 18 119
75 97 173
34 41 93
85 166 313
58 189 251
93 174 361
99 53 178
97 106 213
97 29 140
15 111 135
100 79 180
92 46 175
10 79 97
30 57 90
7 172 185
42 20 68
79 69 150
27 16 146
58 115 298
77 33 242
62 154 218
92 143 239
64 62 132
67 44 117
74 86 160
27 18 53
94 133 235
71 187 259
9 39 80
73 169 258
21 131 193
41 194 245
13 34 73
5 43 92
38 91 139
3 118 155
87 20 287
69 56 323
23 30 62
70 165 383
94 91 307
73 147 236
24 129 190
71 175 252
24 96 124
92 166 259
12 124 150
73 196 275
82 196 324
67 34 189
83 2 172
17 62 79
81 185 296
6 113 126
13 156 173
53 186 269
26 128 193
43 73 160
38 171 215
72 55 127
45 166 255
59 163 259
35 137 271
98 141 251
14 61 83
23 27 186
13 188 210
52 118 204
67 96 179
27 39 75
39 17 60
5 185 192
65 89 300
11 31 199
59 157 241
94 99 241
1 160 201
26 38 79
78 122 233
56 113 182
89 132 228
57 48 108
30 141 199
48 69 127
78 41 171
37 179 218
22 70 100
43 55 99
5 40 95
88 19 110
62 73 166
31 136 367
36 88 131
83 46 323
64 28 108
27 163 212
44 157 206
52 134 246
37 140 290
43 111 313
28 145 179
5 51 56
76 20 154
39 143 191
7 156 167
77 56 134
9 151 160
20 65 115
83 29 191
95 45 149
28 68 221
19 57 96
27 168 202
81 195 300
98 52 150
72 91 196
37 20 192
66 156 247
25 58 133
5 154 207
91 28 127
31 55 136
43 186 231
91 151 252
76 12 92
76 112 382
63 107 200
48 39 113
91 15 107
40 150 200
60 152 214
21 157 223
38 134 205
89 31 170
95 45 148
95 63 162
10 118 138
39 8 76
20 188 222
42 14 58
49 7 82
50 140 388
50 28 78
62 18 87
30 156 354
100 10 143
92 22 123
22 100 131
81 170 283
45 75 168
29 56 100
84 55 149
39 20 64
66 139 328
4 61 101
25 133 163
24 182 208
39 51 92
51 106 232
26 2 34
43 120 169
99 10 116
26 174 249
79 116 202
2 76 106
49 28 117
97 19 221
53 14 67
62 134 298
42 128 213
3 31 37
38 192 253
100 178 409
95 44 146
89 64 159
45 137 182
80 112 204
2 125 132
88 77 344
8 115 124
21 199 420
2 76 83
92 43 261
17 58 101
77 163 256
94 63 179
81 25 109
21 162 186
18 14 40
13 160 183
90 149 246
28 125 153
65 69 155
55 25 96
25 86 257
1 199 250
29 199 326
94 142 244
90 25 124
81 34 115
9 175 267
54 153 332
72 2 218
79 17 103
24 59 90
90 130 411
74 163 245
31 30 71
68 154 232
64 172 408
63 101 182
37 68 112
90 21 158
82 69 230
39 119 161
23 112 141
11 145 231
86 165 292
57 144 296
27 118 191
72 143 257
99 169 275
63 111 208
32 29 240
75 118 256
39 58 131
37 79 164
64 88 164
79 179 278
25 197 229
36 20 229
85 79 201
55 182 380
67 31 103
93 43 179
76 53 176
73 82 155
94 131 242
51 15 91
46 51 124
55 15 218
85 156 262
35 12 48
32 145 187
83 147 239
9 107 123
2 100 104
26 73 103
3 61 74
80 113 242
58 32 120
72 154 235
85 106 237
88 32 137
38 186 282
12 39 64
88 1 102
66 131 204
89 141 272
94 121 249
41 148 364
100 144 249
28 120 343
69 41 238
50 169 227
87 2 90
45 40 120
86 8 98
76 166 272
73 125 204
66 184 280
55 150 250
33 88 143
27 51 82
71 91 211
7 44 61
30 53 101
11 80 99
42 40 130
78 146 229
71 163 428
27 192 266
7 134 268
19 143 162
31 85 159
49 93 169
64 148 219
47 183 233
36 37 252
36 200 273
88 13 127
3 33 39
5 101 218
38 55 102
24 106 307
69 150 221
33 184 358
27 70 272
56 52 245
79 6 124
60 172 234
46 13 65
85 81 211
77 108 246
85 194 328
17 147 212
84 149 235
8 176 204
40 147 227
37 167 238
3 122 137
35 113 166
56 64 155
77 177 264
45 191 245
38 125 190
94 14 117
40 25 104
8 151 196
3 7 39
83 149 366
8 165 173
47 170 227
96 47 206
71 124 390
23 190 216
26 197 225
39 44 131
58 74 254
93 54 171
19 3 30
55 48 167
26 199 236
93 84 185
3 148 153
30 32 70
49 197 255
2 12 22
74 27 104
29 180 210
32 107 146
79 173 252
94 67 165
17 86 112
59 64 136
21 158 279
23 134 189
97 3 150
38 69 120
2 155 175
78 173 270
55 63 153
82 3 123
16 57 110
98 3 282
51 64 115
31 75 150
39 127 366
19 4 140
52 91 276
23 122 171
76 157 251
42 148 383
10 33 52
38 3 48
60 79 147
92 147 239
42 3 52
97 0 101
5 43 58
60 132 198
46 158 230
69 174 356
91 96 213
43 109 165
12 8 27
9 118 166
13 8 60
83 21 111
43 58 109
99 67 308
30 56 285
11 129 146
43 109 157
96 114 214
33 144 196
26 35 94
81 177 268
28 25 225
9 130 179
61 81 180
19 5 195
85 159 247
77 124 209
25 96 211
91 179 278
24 99 133
52 63 117
95 151 322
11 164 185
64 18 123
40 103 219
41 132 177
52 75 139
22 85 292
70 62 133
5 14 19
100 50 184
93 130 230
30 191 250
94 35 137
38 112 174
90 48 139
81 101 288
37 82 181
88 47 137
28 200 240
29 21 50
56 44 106
38 29 75
9 152 169
83 80 164
21 190 217
99 28 136
92 52 160
19 172 201
56 132 191
58 17 85
67 109 214
93 102 195
40 116 200
40 166 211
85 139 232
89 6 102
98 35 142
50 70 167
32 113 147
10 98 115
68 79 153
31 104 145
35 7 74
92 164 263
11 0 16
75 135 224
10 43 54
20 137 165
34 48 101
69 99 180
56 76 223
80 131 215
76 82 167
7 67 122
45 181 230
33 130 271
36 141 183
26 29 62
27 173 205
30 117 177
20 3 214
55 79 170
41 63 112
34 181 264
50 41 217
29 117 150
25 83 118
58 32 94
29 123 331
94 130 226
72 56 136
75 142 352
61 152 218
4 84 90
35 13 86
37 82 121
46 184 235
36 136 172
95 146 273
1 10 39
84 28 233
76 17 270
14 87 103
100 168 271
79 19 298
81 81 177
94 118 251
20 15 41
82 75 158
23 104 149
27 86 229
23 60 83
5 139 144
71 5 85
13 150 174
62 154 223
96 119 224
22 154 376
11 44 110
80 188 276
46 23 262
62 53 270
9 25 34
1 57 65
69 126 234
89 61 162
19 78 101
65 136 228
16 152 183
40 101 219
85 53 161
1 139 148
93 124 225
89 77 213
78 39 219
30 21 137
4 160 188
97 81 347
61 105 284
53 65 168
68 143 211
49 19 153
25 171 197
86 57 294
61 73 137
69 79 183
88 98 264
44 39 105
78 38 120
72 15 130
34 82 126
40 91 205
21 75 104
2 113 120
84 134 232
78 98 176
88 90 184
41 66 126
63 64 144
47 135 185
43 180 257
35 120 320
41 103 148
28 69 116
59 68 320
37 120 228
97 150 251
68 176 250
75 126 201
29 161 193
60 175 239
10 194 208
18 34 223
22 56 85
63 145 251
11 49 245
72 175 296
17 19 157
91 142 239
10 171 336
64 56 175
56 30 261
8 80 88
11 186 327
19 117 141
4 40 51
64 196 264
24 151 180
20 108 135
39 41 88
49 97 149
84 194 282
66 1 73
78 52 139
9 92 113
51 30 120
37 81 121
33 190 231
22 187 215
79 156 237
91 160 257
14 63 78
56 189 255
55 4 62
28 35 68
3 142 151
3 127 140
18 121 145
93 20 229
18 41 129
82 97 187
79 84 273
18 179 324
29 134 165
5 5 13
87 177 336
72 175 271
26 152 178
46 197 253
74 14 128
64 180 254
22 14 56
94 122 363
32 45 85
72 87 219
52 19 78
94 148 256
38 140 186
68 52 155
34 186 312
43 36 108
36 22 61
49 17 142
44 108 266
60 32 98
7 128 204
