760
94 126 254
63 192 301
13 169 187
77 87 169
72 124 196
66 54 147
95 12 242
24 31 62
41 100 242
81 183 430
93 182 309
98 26 303
20 183 208
65 40 115
69 118 189
14 148 171
28 104 142
31 23 62
84 101 192
20 141 281
16 2 23
100 132 374
34 17 55
75 20 249
31 22 78
80 2 127
52 97 207
43 198 245
56 140 209
71 65 175
24 171 210
44 92 147
3 5 15
51 169 228
45 149 201
15 144 159
38 146 193
97 126 232
100 63 208
49 32 87
82 25 147
96 136 247
36 165 204
8 61 113
83 6 89
29 116 155
9 167 240
72 71 143
65 59 267
52 61 113
74 142 218
85 178 265
37 91 233
61 74 138
61 160 224
39 92 205
17 135 161
80 107 232
33 54 143
6 105 120
12 30 83
40 73 134
9 46 117
66 105 179
18 34 64
71 108 348
68 87 159
59 26 92
61 36 103
75 81 165
2 194 203
61 176 379
21 137 259
75 182 264
46 53 111
52 13 87
74 57 170
76 186 304
49 58 229
38 83 165
93 161 286
71 177 279
44 52 183
25 157 182
66 169 248
78 6 84
95 44 143
60 41 125
23 73 138
65 82 183
34 121 304
37 40 227
85 164 257
67 14 95
10 44 103
6 11 27
7 129 140
72 48 122
42 185 252
3 197 205
13 194 249
39 158 362
22 101 123
41 65 130
34 110 153
26 123 226
67 38 108
28 32 70
49 3 129
7 122 289
10 51 62
96 151 254
66 137 203
37 75 120
90 128 228
30 115 145
41 198 243
29 23 74
42 116 172
21 99 129
81 190 393
3 126 201
95 130 233
68 30 108
27 181 209
17 163 270
91 45 305
100 79 185
90 136 268
75 74 158
58 100 162
50 152 204
22 141 294
97 14 119
33 18 75
68 85 154
100 46 192
74 105 181
90 175 396
13 8 35
63 22 92
86 94 223
80 171 266
6 162 192
56 79 141
29 110 226
96 26 125
74 127 202
51 143 204
74 81 332
94 192 297
40 195 330
94 38 135
19 139 158
10 115 129
91 44 161
5 27 140
31 60 95
52 91 188
34 4 200
46 176 226
42 178 252
8 103 133
2 86 94
87 26 113
83 200 425
71 37 156
93 92 236
94 85 268
45 179 227
65 77 142
18 73 94
60 54 164
55 23 165
65 114 338
25 187 366
99 117 225
23 63 261
100 76 186
80 64 257
47 15 109
60 102 164
79 17 115
1 119 120
70 46 120
3 124 167
29 189 218
7 99 229
16 126 147
76 161 390
7 10 22
63 71 148
67 114 210
93 25 122
46 103 152
36 168 208
50 73 152
31 153 186
45 29 83
69 128 239
24 102 168
12 115 135
44 200 257
29 177 223
76 113 238
50 130 184
81 136 276
67 1 78
69 87 165
39 102 144
10 18 29
98 153 259
58 127 208
17 27 165
85 114 204
78 75 159
22 153 191
72 163 239
99 109 227
25 127 196
36 75 120
58 172 354
83 90 199
28 139 360
53 163 341
7 137 193
88 117 326
66 23 91
38 41 210
56 6 259
90 16 106
20 175 204
35 179 215
61 91 273
6 94 186
60 107 169
23 126 193
68 149 241
13 126 194
24 66 100
37 80 156
90 106 286
46 144 364
41 181 230
42 156 308
91 94 187
63 137 298
80 103 191
33 84 308
1 61 65
35 87 136
70 85 161
74 38 115
66 37 111
18 163 190
69 8 78
27 92 178
74 2 80
19 49 95
5 67 97
16 162 220
66 197 271
93 105 206
8 151 167
58 101 162
5 116 125
11 0 12
79 175 254
30 55 91
22 71 137
50 53 216
81 161 245
18 109 164
67 114 190
46 120 334
39 42 94
91 0 117
63 132 202
11 87 147
30 93 151
52 129 209
82 69 159
78 162 245
73 65 140
49 83 169
31 53 134
27 88 125
72 66 142
34 190 234
8 121 175
90 166 260
49 17 70
46 169 343
55 51 106
88 22 119
98 2 268
62 42 114
30 194 252
13 126 147
3 28 60
40 105 148
26 76 105
87 162 444
31 60 91
77 170 270
25 124 155
22 43 77
17 25 49
45 193 265
58 192 257
81 115 206
2 3 8
99 176 304
14 117 135
93 114 310
71 60 137
95 190 333
91 36 135
19 22 48
30 147 179
1 145 155
64 35 207
89 153 248
78 78 201
92 195 292
8 131 179
32 119 159
65 102 193
60 73 159
26 187 219
51 160 324
84 29 117
66 173 370
45 100 185
28 24 236
47 39 159
12 193 373
58 146 227
22 171 209
21 178 205
42 147 197
96 24 280
77 95 183
91 101 307
63 30 98
14 175 198
56 65 194
21 70 92
32 192 418
55 86 151
82 154 296
46 162 237
78 108 224
45 50 114
52 92 181
46 89 167
94 29 148
7 143 163
24 120 159
46 96 149
90 2 94
45 68 115
31 119 155
20 45 202
1 51 53
49 89 223
8 40 58
36 134 308
40 46 115
86 71 197
95 159 261
31 79 122
69 170 403
89 162 394
19 17 84
87 185 311
70 53 135
68 122 388
14 165 205
42 121 172
87 107 199
27 78 142
1 134 138
32 94 230
72 153 228
24 89 114
22 79 122
34 168 325
27 190 254
41 192 271
62 78 147
80 97 353
71 128 205
41 31 103
1 129 132
25 142 202
29 161 206
10 162 363
14 114 128
75 69 224
28 114 155
15 162 177
5 142 346
2 52 64
15 38 183
71 180 256
58 121 180
15 6 196
7 108 149
95 88 270
17 108 175
92 33 132
19 30 68
41 187 241
58 199 257
66 95 314
72 146 219
31 68 105
89 167 270
33 150 371
62 183 254
81 199 293
77 166 245
62 104 247
39 200 279
70 77 196
42 150 365
24 157 183
5 150 322
33 79 120
5 198 211
52 43 97
24 179 203
95 14 252
64 23 119
20 167 194
3 21 25
16 152 188
70 8 106
24 137 184
30 126 160
8 124 306
49 119 191
35 51 135
82 88 261
84 98 182
21 129 159
7 149 197
5 174 262
20 111 138
17 77 144
87 81 172
21 138 332
11 104 148
10 143 159
94 175 314
1 3 110
83 71 178
55 14 84
52 103 258
46 111 231
86 79 347
85 11 98
95 168 295
20 40 249
49 197 254
68 76 203
89 144 237
4 145 173
89 189 284
40 168 210
36 32 99
37 143 187
55 157 307
14 4 43
92 104 202
71 62 152
61 5 70
37 75 137
39 189 385
12 189 212
41 10 61
38 55 126
80 132 240
72 90 202
93 51 179
11 91 136
92 161 259
22 197 361
46 111 225
18 43 98
23 54 100
33 47 88
92 97 202
30 33 110
100 130 411
42 173 222
72 183 302
68 100 331
58 138 214
1 47 67
71 185 266
31 11 44
36 197 258
22 78 177
82 58 149
19 69 107
77 43 128
50 62 115
66 67 211
72 121 202
13 16 29
51 25 103
83 162 262
69 81 158
8 156 171
51 166 244
93 115 225
5 24 40
76 57 176
89 59 151
71 138 218
52 35 126
18 162 375
79 191 278
66 23 95
72 42 194
19 190 222
48 124 172
88 28 123
28 6 41
74 0 85
1 22 26
15 75 173
83 65 158
84 82 319
63 62 307
49 63 126
99 14 295
10 28 52
73 99 175
70 15 114
73 124 231
81 75 162
72 111 194
28 138 169
31 135 181
19 105 272
9 66 83
77 101 179
18 73 263
82 141 260
72 116 197
63 104 172
61 48 117
64 1 73
64 177 355
73 149 268
14 62 112
32 6 69
85 110 201
17 112 129
14 156 171
84 148 238
5 7 17
54 183 352
38 88 134
18 139 321
25 142 183
90 92 182
95 109 298
43 20 72
95 125 385
44 93 144
54 130 192
89 175 269
83 24 115
29 34 65
57 95 158
43 82 133
75 141 259
68 90 160
74 63 140
5 69 83
66 38 120
37 171 210
36 12 81
15 200 239
69 128 248
91 58 149
15 81 264
35 29 70
11 8 41
79 101 215
91 133 415
38 29 91
1 189 195
60 156 342
3 119 322
9 133 184
39 142 208
64 123 187
81 129 347
32 35 159
18 30 52
22 56 180
83 154 337
21 16 39
19 179 311
100 64 166
87 90 183
79 4 116
4 118 142
88 36 146
39 2 82
83 41 128
14 10 25
63 1 68
10 110 125
10 60 110
51 70 258
19 131 164
14 49 67
34 95 148
57 88 182
16 153 340
4 114 123
6 115 268
80 62 187
31 119 160
63 102 166
52 29 83
22 147 169
78 189 307
5 17 212
57 38 99
38 96 159
97 132 230
48 121 209
64 0 65
72 156 322
75 146 248
18 179 390
47 32 82
90 160 299
86 145 258
69 198 359
25 175 267
99 60 282
16 8 155
65 36 106
54 4 85
45 197 360
47 65 156
9 12 64
13 114 181
7 75 246
82 191 438
73 77 348
33 173 215
100 97 203
58 14 246
38 53 98
62 11 210
66 54 126
60 138 200
38 138 294
17 63 89
62 155 222
32 156 286
31 171 202
55 63 130
78 86 178
91 118 338
37 44 88
6 20 103
42 25 226
91 74 165
51 90 146
86 70 183
12 118 140
96 148 264
33 110 148
62 162 240
39 11 59
95 88 186
71 72 189
46 125 184
57 185 343
88 135 229
83 17 194
81 109 206
66 75 142
38 70 114
7 19 36
100 104 241
40 126 191
14 187 248
99 93 195
100 64 174
93 142 249
25 10 185
48 185 236
100 130 316
47 140 339
53 186 434
99 23 126
49 96 161
38 130 195
61 157 222
48 159 211
52 56 116
84 198 292
78 36 184
46 68 120
35 69 105
36 152 224
72 15 124
43 106 149
41 138 275
76 21 101
84 83 167
93 21 118
12 23 111
4 122 136
28 108 172
57 78 174
60 72 316
75 177 259
75 187 272
100 77 210
74 20 173
71 194 272
75 121 196
35 170 380
74 49 124
54 120 182
88 157 255
82 130 284
33 143 222
1 68 205
68 11 195
39 111 159
9 140 153
67 144 226
93 142 242
72 21 289
56 84 143
44 181 236
37 14 222
44 164 211
56 148 245
4 36 61
16 115 140
49 92 190
13 174 189
70 77 150
28 14 53
34 117 156
62 110 208
