120
28 185 244
16 182 199
81 117 224
87 7 110
22 193 219
66 21 104
32 67 106
98 18 122
67 89 342
51 197 350
40 51 95
34 17 119
25 65 91
83 144 233
88 86 278
10 143 184
69 20 130
7 55 161
97 84 183
53 26 87
13 22 65
76 47 127
95 19 123
47 33 80
20 60 90
60 3 68
58 13 78
29 93 124
79 28 117
28 114 181
3 111 134
62 127 202
21 127 339
45 153 209
92 47 225
33 179 384
1 41 48
93 103 201
30 30 68
75 4 103
52 45 205
71 169 248
25 194 239
73 181 284
25 41 96
18 85 106
15 183 288
67 147 219
82 163 257
85 176 351
88 183 415
76 130 207
77 181 443
46 82 134
93 146 247
97 108 224
76 101 307
19 20 41
50 62 133
90 195 291
82 51 162
95 68 171
88 41 154
66 194 289
47 188 238
55 193 256
45 102 174
97 142 258
79 30 112
46 8 58
52 185 246
4 88 128
90 172 389
79 134 216
73 100 180
98 147 275
55 81 146
58 143 373
100 186 292
50 23 77
38 80 136
85 14 107
8 73 146
96 13 135
76 163 279
4 47 56
24 195 225
61 8 87
18 19 64
80 78 339
83 86 276
51 137 196
93 37 137
76 155 386
36 56 108
43 136 365
82 28 119
18 49 113
65 156 282
71 24 214
57 152 258
20 3 27
43 165 273
11 86 115
44 91 135
93 2 95
24 179 207
98 50 289
30 13 51
7 72 85
27 141 170
13 186 201
46 68 130
95 50 147
32 15 71
25 49 110
55 61 135
69 178 307
82 176 358
1 127 165
