90
54 54 294
34 59 128
9 107 302
17 195 214
43 184 232
94 167 330
39 104 180
84 30 133
16 113 318
79 9 97
27 110 185
48 57 111
38 196 281
78 88 174
36 131 188
76 182 346
87 102 192
59 75 139
43 153 202
47 2 55
23 27 72
28 95 133
93 68 171
21 105 322
52 76 145
71 118 202
1 6 53
6 81 89
74 61 184
51 157 209
66 91 351
54 98 183
13 183 202
89 136 401
12 55 141
33 104 173
18 52 116
21 15 86
67 131 208
91 155 255
56 161 291
73 126 236
98 126 229
44 38 189
62 95 161
28 122 186
19 35 56
69 74 144
79 144 225
53 170 229
60 27 87
73 131 213
86 154 248
27 30 96
71 105 183
66 59 317
34 14 129
64 22 86
97 139 242
93 103 199
29 200 230
59 13 186
88 163 288
61 76 154
74 8 85
49 69 124
29 2 103
51 176 285
28 124 278
44 101 145
71 176 248
40 55 123
63 153 220
48 50 114
60 57 126
37 136 291
68 94 172
62 19 194
23 157 191
38 118 163
27 87 135
52 110 170
43 55 102
60 93 313
89 175 300
21 75 105
26 169 298
9 39 89
81 141 258
59 93 168
