750
24 43 127
65 50 119
40 140 219
63 107 258
84 157 248
39 189 234
36 186 228
99 195 322
64 150 348
91 166 299
45 168 214
80 50 191
5 83 90
97 152 255
25 117 144
38 160 219
23 134 159
13 115 264
69 90 331
82 107 193
95 56 157
42 98 171
79 82 183
96 58 178
52 81 142
66 44 157
99 120 224
38 50 267
33 157 191
38 69 123
65 191 272
17 85 131
50 196 268
99 75 194
35 106 339
98 151 249
54 49 104
87 72 197
67 112 225
62 156 228
32 100 172
48 100 169
1 134 144
15 58 78
95 143 241
59 87 312
29 89 152
100 109 356
85 91 193
3 106 112
83 117 210
93 112 210
55 6 71
12 29 43
4 21 35
25 94 145
68 123 248
86 9 98
90 136 234
8 200 285
42 173 223
31 122 157
5 145 152
92 174 273
70 9 274
3 105 152
66 114 183
71 77 156
51 91 151
59 47 161
72 126 233
77 46 130
32 166 240
28 141 173
78 40 291
94 199 338
93 159 260
35 156 379
49 111 191
36 187 247
51 143 199
89 34 132
7 19 35
52 197 274
6 147 214
14 110 161
12 149 253
20 196 222
2 78 127
85 64 153
17 71 89
64 126 211
45 18 72
90 28 189
74 79 158
47 95 161
38 2 229
79 4 281
35 188 233
22 94 136
28 14 46
77 29 108
46 152 265
10 0 13
14 2 26
48 38 283
14 34 53
81 40 220
78 63 186
58 192 281
33 133 198
71 4 84
47 32 123
80 16 106
54 198 296
14 46 61
43 86 134
56 127 226
81 92 204
90 167 267
93 164 257
86 29 283
33 11 45
5 173 213
93 126 257
50 69 129
36 9 46
43 141 288
30 30 100
11 140 266
31 13 48
6 52 60
74 13 112
65 119 196
61 24 285
77 105 199
96 32 222
86 18 108
86 23 134
17 190 257
13 24 120
66 131 242
13 96 138
88 15 121
81 74 156
86 75 333
67 119 189
23 39 177
54 110 195
29 178 208
19 123 211
93 103 233
88 155 427
7 60 264
29 160 202
26 148 267
3 77 101
56 153 230
73 149 324
94 88 373
75 198 320
87 107 195
56 176 235
81 27 130
96 65 209
22 105 155
71 134 255
77 107 197
94 83 345
37 77 127
44 78 168
40 167 290
44 90 318
100 7 114
76 125 205
60 79 248
33 133 179
37 142 200
27 32 62
84 24 293
30 137 177
87 188 283
5 183 223
60 130 212
76 43 148
14 192 214
72 187 265
38 104 143
56 140 219
51 79 135
40 195 254
24 70 236
20 47 74
56 97 187
76 53 303
57 57 119
51 82 139
95 144 246
2 98 101
6 9 33
61 107 284
69 153 353
2 139 165
92 29 160
87 141 390
25 46 79
87 109 293
97 52 157
68 137 405
87 73 168
26 177 211
33 32 110
100 47 267
88 51 147
69 104 174
95 39 212
12 102 139
18 56 79
76 141 217
96 33 176
16 32 53
74 98 174
83 80 209
54 76 168
92 138 238
25 163 195
91 8 103
36 92 278
68 45 118
77 152 276
97 41 287
59 28 96
29 177 338
100 10 120
67 134 201
27 140 172
64 137 376
6 192 199
95 20 189
65 2 71
98 123 320
28 98 308
4 74 131
10 77 171
70 196 359
14 145 207
52 78 173
5 121 126
12 184 199
40 11 54
82 145 236
43 178 227
42 77 121
22 133 184
94 81 176
16 135 199
77 33 171
5 28 41
39 9 159
31 28 59
39 137 181
98 131 233
13 62 81
36 26 66
69 189 262
30 51 116
71 71 181
11 28 149
18 50 113
73 149 222
96 117 216
46 116 205
99 154 294
17 130 270
4 106 135
73 193 368
13 62 93
90 154 264
78 52 136
20 18 58
85 155 252
59 86 191
9 14 26
29 150 187
49 3 58
17 61 85
35 193 229
5 47 52
74 22 240
18 196 217
74 146 222
100 75 216
27 4 40
26 129 187
90 7 146
97 176 441
59 57 234
19 58 108
45 61 131
20 183 238
54 112 167
96 119 219
8 174 224
76 20 104
42 103 242
55 9 68
43 115 203
27 71 242
91 3 266
79 167 246
62 163 236
86 125 258
4 19 39
69 76 146
95 59 264
21 98 267
27 129 162
50 168 251
8 8 29
67 51 140
16 48 203
59 175 399
28 173 334
51 25 125
94 78 180
4 141 190
76 51 265
42 95 152
49 14 157
50 196 249
21 8 93
35 149 219
7 43 69
69 149 332
53 10 105
65 29 107
70 15 89
29 155 190
7 89 112
32 89 152
35 152 187
83 144 358
1 39 238
51 66 141
90 120 248
12 54 72
15 64 88
37 129 173
91 152 244
85 123 208
79 110 238
73 56 134
32 55 100
83 140 244
2 73 93
20 132 240
82 193 310
54 144 226
91 101 193
76 149 265
31 26 61
34 128 337
49 147 218
56 143 241
79 190 275
75 107 189
72 196 282
57 138 284
94 91 186
89 184 281
2 184 336
97 167 378
97 43 150
75 85 194
36 64 270
2 188 201
40 134 209
69 87 165
9 36 48
49 87 177
12 16 30
81 74 163
39 48 163
61 23 128
86 40 150
5 15 30
46 33 153
7 114 154
4 44 86
90 190 305
50 22 125
4 29 57
100 3 111
21 160 324
96 185 281
36 52 108
90 71 171
41 3 213
51 86 299
73 148 269
15 109 126
77 122 209
63 114 252
76 173 255
77 88 358
83 162 440
42 135 187
41 190 260
14 38 76
24 49 82
95 128 224
99 165 272
25 140 167
62 19 129
73 106 180
95 29 301
64 4 83
53 187 367
43 176 221
70 98 175
96 95 194
64 16 90
10 100 143
70 134 228
51 127 298
28 132 284
50 56 112
91 125 266
81 55 141
98 159 365
32 122 283
59 85 150
46 81 130
17 184 246
66 109 181
12 173 280
33 113 147
21 98 119
42 109 225
34 117 176
87 108 213
12 3 20
91 23 117
95 183 430
43 173 223
83 179 266
56 183 395
80 121 210
49 189 388
42 146 208
80 84 173
2 22 68
76 34 110
1 98 182
20 56 121
58 148 305
79 100 259
52 26 86
68 144 216
99 142 264
90 86 252
33 70 109
32 171 382
91 1 254
46 155 234
89 22 121
78 59 145
38 191 230
11 157 178
83 40 207
32 115 183
54 124 193
79 148 277
65 185 356
23 24 85
42 66 114
74 2 130
86 195 311
52 37 99
12 120 134
99 105 209
31 38 76
60 135 196
85 167 256
40 148 296
18 168 309
12 137 154
49 187 296
76 149 257
12 154 276
9 69 171
54 10 69
38 87 169
29 115 148
79 190 273
28 112 169
39 169 340
47 95 143
87 86 178
11 93 112
58 7 103
71 56 127
75 91 169
99 31 215
73 178 414
10 18 60
75 24 121
11 85 109
100 56 170
91 192 331
41 10 61
21 6 36
93 178 273
37 3 159
74 76 154
56 21 209
77 159 245
35 88 127
84 135 228
3 128 188
43 18 224
67 92 168
27 173 363
12 103 118
35 109 154
7 25 42
20 68 104
47 85 136
63 199 308
80 94 190
60 146 218
53 116 194
59 6 65
47 114 209
59 159 225
56 146 202
89 80 179
19 145 317
19 197 230
38 8 121
66 136 332
57 91 154
49 192 250
68 110 185
83 52 142
64 102 172
2 16 20
68 116 363
65 88 156
55 37 92
15 10 122
34 114 330
55 198 255
79 34 118
98 85 193
3 58 68
28 72 108
34 12 57
74 145 221
88 49 142
59 145 207
15 196 212
76 14 269
86 128 332
95 107 204
28 111 224
6 168 175
86 199 379
80 12 102
70 53 157
81 126 217
39 166 227
5 124 255
62 14 76
57 2 94
79 175 280
54 192 249
85 194 279
20 8 29
34 138 224
52 128 183
60 76 151
55 62 248
76 74 282
25 168 209
42 143 192
98 55 316
53 131 185
95 54 157
92 198 292
94 2 129
12 155 262
55 171 228
8 3 29
99 68 167
21 194 221
94 159 316
10 70 89
53 0 159
63 178 250
37 97 169
61 164 414
100 86 279
50 83 156
58 27 90
73 23 101
95 78 313
10 185 196
94 105 282
79 197 302
21 64 94
6 147 154
70 94 305
61 69 133
7 189 210
81 102 346
30 4 51
75 85 269
33 37 90
19 48 68
55 192 303
46 47 95
72 199 290
31 189 242
50 92 152
95 183 288
39 4 52
72 36 139
92 17 109
89 89 178
79 80 161
36 6 45
47 136 219
30 5 71
57 146 211
26 113 151
82 83 199
32 180 222
71 173 263
94 109 204
81 155 276
18 50 89
34 95 160
48 12 87
12 63 243
13 41 251
11 83 98
62 144 247
51 111 165
29 111 141
10 105 160
54 8 185
98 14 257
42 150 193
20 51 79
13 183 243
40 49 228
67 169 349
5 32 42
15 32 49
88 163 392
62 32 101
97 128 273
36 110 147
37 173 376
83 64 154
51 70 134
85 151 319
43 49 102
26 55 91
41 89 163
9 47 61
62 179 251
67 27 229
64 150 232
67 116 183
23 27 203
94 182 434
88 112 386
28 140 170
57 31 122
27 65 92
17 181 235
95 94 362
71 52 130
42 43 188
29 17 84
6 108 117
98 74 182
30 194 234
13 100 117
16 79 131
25 6 33
82 163 280
13 84 136
1 20 27
41 171 251
49 188 246
45 162 242
77 98 177
37 23 77
92 157 260
48 129 208
37 55 126
90 131 259
43 193 242
92 178 413
59 185 246
64 188 262
58 181 243
54 60 123
37 100 152
91 159 420
44 162 235
6 192 208
68 57 144
100 35 165
23 119 264
93 20 144
74 129 215
73 77 156
18 74 101
8 122 171
6 143 178
75 14 89
23 59 122
94 18 204
26 86 302
41 165 242
91 136 273
51 149 207
62 63 147
96 178 324
82 26 128
38 99 170
70 50 126
25 55 123
41 81 132
51 75 133
47 113 206
74 195 416
83 1 126
69 134 212
7 30 42
42 112 182
86 67 157
68 175 259
31 26 77
85 184 278
78 66 144
