450
3 21 68
89 113 235
99 173 356
97 145 300
67 182 253
45 181 270
36 79 117
64 111 217
19 177 315
88 109 316
65 176 412
6 47 58
50 23 93
61 100 234
37 163 205
25 133 187
39 144 188
69 93 169
26 190 325
96 56 185
30 36 78
49 196 264
48 19 93
84 55 154
71 15 128
28 191 332
48 128 350
41 108 165
42 12 55
29 97 253
67 142 214
4 183 270
35 181 384
97 176 283
59 19 126
6 50 109
7 110 142
99 13 139
51 169 310
83 125 211
60 122 359
67 29 96
73 34 113
86 7 97
38 122 184
24 159 269
69 165 234
8 149 177
44 199 414
82 120 211
10 37 56
80 94 235
35 112 157
14 49 67
39 40 79
98 27 134
31 147 178
100 131 274
67 109 185
42 139 224
14 56 168
47 30 90
99 96 201
72 150 228
94 74 169
56 158 239
12 86 127
94 198 295
47 132 245
76 25 105
46 29 84
45 139 191
87 152 246
39 173 215
41 134 179
91 14 127
16 116 282
82 92 295
49 20 71
51 41 100
40 33 116
51 127 186
94 152 249
4 122 141
76 196 446
41 52 114
14 57 194
9 12 189
59 49 241
7 76 84
24 90 146
1 80 272
19 18 54
50 27 86
9 183 240
12 99 115
57 55 171
71 115 190
91 107 200
16 6 95
48 181 394
17 64 85
95 126 266
67 197 267
82 74 267
85 171 260
67 47 264
21 71 155
29 115 171
87 176 265
45 110 161
27 31 86
86 132 264
82 99 227
24 40 254
69 131 225
74 81 168
46 1 85
63 131 205
81 153 256
9 16 107
74 8 82
11 167 185
52 137 334
45 118 166
96 138 271
52 99 171
22 45 165
50 87 161
6 89 292
30 159 206
38 42 84
57 5 62
87 153 279
6 135 143
2 10 136
32 119 154
78 51 136
89 64 156
81 110 197
26 155 326
71 57 276
85 125 331
73 70 227
73 163 246
84 0 94
32 152 186
98 110 216
55 105 162
19 100 283
44 54 202
84 177 293
48 133 189
73 21 100
23 103 232
38 127 198
88 125 218
76 189 271
11 178 204
6 106 305
25 31 119
41 159 374
66 0 71
41 163 244
55 77 175
54 21 101
2 135 149
10 92 214
98 74 178
18 12 144
74 136 328
10 124 331
96 172 435
13 101 124
11 169 233
45 196 244
34 26 70
82 56 138
83 23 109
40 95 224
32 23 150
4 144 162
84 66 190
49 57 115
16 69 213
96 101 202
89 31 125
82 110 198
17 110 129
68 182 283
59 167 242
95 41 171
91 71 171
78 58 144
53 146 373
74 85 194
25 176 335
59 141 202
5 36 48
91 119 243
2 149 277
34 150 248
51 59 113
72 160 274
62 80 151
2 26 59
68 55 127
28 51 93
50 121 175
88 106 200
26 109 159
2 98 215
39 60 124
21 80 147
93 166 290
72 23 231
63 54 125
63 159 235
46 157 205
67 43 269
55 67 218
54 151 214
80 92 330
5 182 193
16 49 97
42 65 109
40 14 54
65 162 232
39 167 217
3 169 302
32 71 303
22 193 215
94 120 233
92 111 210
59 26 85
8 145 185
45 178 227
53 15 203
83 24 111
70 187 440
52 164 221
16 153 216
80 171 383
11 132 148
42 183 359
51 192 250
61 106 171
21 55 79
52 115 170
4 30 44
22 19 112
27 136 326
36 188 224
58 93 175
17 189 243
95 39 136
75 191 419
30 10 45
9 42 249
75 46 138
64 29 244
72 1 144
17 187 212
3 112 125
74 131 402
92 41 153
92 84 180
53 146 212
82 49 178
4 36 110
3 25 69
88 149 344
90 176 442
79 77 160
23 35 221
45 131 310
38 14 56
80 124 341
33 146 205
4 129 164
99 62 164
19 9 38
8 96 108
21 86 110
10 95 105
14 10 202
59 118 239
77 105 331
61 98 309
98 181 387
24 94 318
90 121 240
53 15 203
39 134 196
95 132 324
38 193 255
97 20 263
12 146 192
51 30 217
29 56 235
94 16 120
78 148 253
69 124 217
90 185 284
59 106 191
9 128 315
12 91 120
22 23 47
64 30 186
22 125 308
96 121 256
93 5 105
88 71 206
70 32 104
8 41 52
21 119 149
32 24 82
76 30 128
46 51 98
80 38 121
77 97 174
47 195 287
66 24 133
82 85 175
60 104 182
51 116 278
64 71 142
46 122 226
96 78 206
23 187 402
21 119 240
9 14 32
51 40 99
47 15 243
43 166 218
96 13 220
73 50 131
43 87 132
98 63 166
76 120 222
90 196 452
18 128 168
60 160 270
55 2 63
80 86 173
9 131 174
11 176 188
70 172 332
43 126 198
73 143 243
27 85 175
41 173 261
23 195 222
61 91 153
51 169 228
85 157 245
14 79 265
62 92 164
14 133 188
25 29 64
58 146 208
60 12 75
78 180 259
41 31 77
96 29 169
31 177 253
16 133 150
3 24 162
57 95 181
81 96 184
68 60 130
60 152 212
33 62 104
14 39 56
13 105 278
34 57 99
50 88 151
36 183 294
34 194 245
37 81 122
53 131 317
17 73 161
44 131 235
28 39 72
69 45 125
38 22 63
95 34 196
44 190 270
1 44 92
7 2 9
3 15 87
8 128 313
19 5 33
14 136 153
86 86 371
63 182 250
28 181 210
70 21 124
64 92 210
44 84 128
79 81 161
89 17 130
77 8 106
65 5 116
1 50 51
29 170 248
80 189 276
72 134 354
9 35 195
19 56 274
93 91 192
19 138 166
43 172 224
52 28 124
59 82 146
43 194 239
82 126 217
39 74 123
8 129 139
6 197 218
79 35 142
74 84 165
69 63 135
60 14 97
4 144 154
29 29 67
40 40 144
83 146 250
26 11 87
56 109 173
1 118 121
40 170 218
83 91 338
75 114 195
14 197 302
16 49 162
23 29 132
52 64 143
43 149 211
95 9 176
54 63 120
42 194 331
90 128 228
22 75 179
45 66 129
13 65 162
66 89 353
27 22 53
86 7 196
17 112 228
