80
45 112 161
13 136 152
43 79 132
38 85 165
79 10 201
26 145 282
31 130 200
73 20 96
51 143 227
76 197 295
73 58 142
28 114 273
4 124 130
50 1 78
5 125 131
88 21 116
83 104 217
83 173 366
86 158 255
37 102 141
96 74 182
30 97 130
13 54 115
17 76 102
40 62 130
73 106 195
80 177 283
29 137 173
4 78 277
48 129 178
31 45 91
79 91 173
99 144 262
2 189 193
66 93 301
51 17 153
1 47 82
51 126 217
71 110 186
60 175 239
83 122 243
37 113 155
57 11 96
24 31 204
66 120 225
27 157 314
21 84 132
45 55 141
1 77 170
54 87 149
69 55 130
62 3 88
94 155 256
28 3 35
65 192 257
90 25 118
82 78 352
74 79 193
85 28 114
68 135 244
92 70 167
83 13 203
64 170 264
62 144 209
43 87 147
44 157 272
59 154 215
22 86 170
5 149 155
93 162 300
34 155 191
68 186 261
39 133 311
18 103 162
63 36 102
45 55 100
22 97 120
45 34 82
93 85 266
77 9 101
