550
21 16 37
67 200 273
84 142 236
28 16 67
100 166 344
59 51 117
88 61 155
67 112 179
28 143 224
7 87 99
21 73 102
82 66 198
71 16 233
38 182 331
46 178 231
40 125 360
83 164 269
65 32 107
41 36 78
66 132 203
14 109 129
73 139 217
19 156 191
60 180 416
100 71 176
4 64 78
12 174 224
27 59 86
19 64 150
73 52 160
81 175 260
57 0 57
93 91 199
38 18 65
41 9 194
22 126 154
17 77 177
81 187 278
10 25 38
5 27 36
42 126 275
52 65 139
70 21 96
69 135 214
97 88 217
93 194 336
11 183 202
76 105 351
96 174 317
94 82 182
25 166 212
57 37 95
82 99 189
91 54 219
81 71 179
97 5 111
53 168 230
20 116 160
57 101 161
20 73 103
16 138 158
12 56 71
88 110 380
79 168 345
20 186 209
31 36 92
78 119 203
87 156 336
52 0 62
62 144 214
28 185 215
30 117 157
57 25 201
3 129 195
45 54 134
55 13 166
71 155 252
80 61 183
97 41 182
3 59 65
10 147 167
16 4 67
86 138 228
17 106 127
53 58 141
37 59 97
15 19 44
84 114 203
5 80 110
92 56 250
99 51 150
6 92 104
21 175 242
87 121 218
27 46 196
32 63 105
48 123 304
47 83 140
37 80 145
96 13 117
98 83 181
94 19 123
27 109 168
3 9 18
44 123 167
48 131 201
24 85 184
57 115 235
52 198 275
5 3 21
69 146 257
47 111 205
42 89 133
74 142 416
27 50 86
54 114 170
29 43 80
83 31 139
13 196 216
67 146 249
15 85 115
74 45 124
54 167 226
40 196 244
31 136 174
56 29 273
52 142 202
69 86 294
89 31 190
80 135 308
2 39 56
48 63 111
79 120 201
70 129 221
96 17 117
64 15 199
90 171 284
81 120 202
76 88 198
35 184 259
5 180 223
50 89 156
44 176 222
53 174 260
64 33 115
79 139 228
44 114 224
56 93 151
42 5 68
84 140 253
1 187 198
30 82 186
92 160 261
98 93 205
42 187 410
42 83 151
81 169 297
97 73 170
61 89 183
37 55 102
10 117 153
12 168 186
84 6 197
58 45 115
20 6 176
3 183 232
81 16 133
64 180 264
76 33 142
39 66 106
90 113 231
12 31 87
94 56 158
25 139 182
57 38 98
63 21 86
88 140 238
3 41 120
75 124 204
71 52 123
77 43 128
44 106 154
61 123 185
90 46 145
56 23 147
84 56 187
84 107 201
35 140 179
13 156 208
22 179 205
3 112 121
76 100 307
17 122 139
9 200 233
13 115 223
49 85 142
73 17 104
33 176 231
89 78 195
36 181 222
69 134 347
52 6 178
8 191 202
81 165 256
56 96 155
74 61 148
16 24 54
25 8 40
67 108 222
38 142 184
88 166 272
20 195 222
15 37 156
31 126 234
56 75 131
7 14 25
21 139 161
59 72 144
4 191 208
17 98 118
7 25 225
58 171 278
32 54 194
27 24 51
60 167 255
15 87 108
84 80 191
20 21 61
12 54 95
4 19 25
71 138 212
29 84 128
49 185 236
66 144 210
75 108 210
81 132 218
28 150 182
48 93 269
60 60 224
8 169 177
81 118 199
5 75 156
23 34 211
75 27 103
99 38 334
46 10 97
89 6 275
89 150 249
28 30 61
23 37 100
3 31 34
32 61 97
13 138 159
31 83 218
31 35 144
73 116 381
7 171 180
13 171 226
46 180 239
70 191 262
76 62 140
54 79 140
61 38 102
55 183 241
61 32 278
4 157 209
37 29 69
43 129 194
32 147 205
73 26 142
89 53 144
53 23 119
31 121 159
89 107 200
11 120 133
16 2 22
76 30 155
79 182 303
6 55 66
12 53 190
83 64 153
32 76 140
95 70 173
66 200 269
48 113 163
66 0 103
50 127 262
31 129 338
18 151 181
87 133 294
88 69 327
71 96 171
21 28 69
70 93 201
41 121 209
18 78 278
86 22 112
72 157 278
39 48 105
55 177 390
83 155 251
40 180 245
26 192 325
69 30 103
94 155 255
35 54 213
92 59 157
64 190 264
88 155 279
40 128 233
65 56 121
94 97 239
68 190 265
90 199 324
72 66 162
4 110 118
73 22 106
62 73 135
22 168 197
78 92 205
22 108 133
27 13 44
95 38 142
85 150 241
20 150 215
51 76 135
51 28 87
76 109 343
80 46 129
38 20 67
13 11 27
47 11 240
30 43 101
30 71 111
56 98 159
14 93 110
42 164 251
25 10 39
32 117 196
11 87 100
49 183 239
9 1 81
88 66 155
8 116 132
87 193 285
96 95 199
76 120 200
31 188 224
87 54 189
25 63 88
59 44 125
5 18 44
54 109 201
2 18 30
62 129 198
25 114 271
81 104 195
70 128 381
19 107 127
4 9 34
55 178 271
87 198 341
59 179 247
46 129 206
84 59 255
21 168 386
35 77 122
26 181 255
80 178 280
84 187 458
39 41 184
54 42 115
4 55 84
94 145 246
78 71 215
28 83 117
33 195 397
25 66 99
64 32 99
24 171 204
98 116 262
8 27 84
56 43 107
62 163 240
98 60 165
92 35 218
58 128 189
57 198 265
20 16 159
16 108 139
88 170 262
44 122 175
72 85 163
37 52 94
43 12 63
49 171 220
82 5 284
42 132 204
89 118 223
85 78 163
51 187 274
75 147 240
85 121 227
32 131 166
52 189 265
12 115 294
87 198 317
4 59 64
33 149 184
23 116 175
86 61 154
28 69 102
1 151 160
63 191 259
34 131 202
60 142 217
18 2 81
95 135 276
13 150 288
78 109 194
64 56 148
61 55 169
99 168 312
70 169 258
96 19 115
51 6 86
95 189 324
6 192 298
67 156 236
85 123 215
86 48 172
89 91 279
19 123 148
33 67 261
93 55 148
97 164 423
48 90 155
25 29 56
46 139 336
53 169 223
9 72 157
72 143 226
5 57 106
20 44 97
87 137 228
98 1 104
76 89 191
23 189 310
18 174 389
1 54 56
62 170 242
85 113 279
29 37 239
79 67 186
29 89 140
62 38 124
50 163 262
1 40 46
41 81 159
22 67 108
88 58 151
4 168 274
15 102 178
97 121 354
56 37 173
66 185 336
35 149 185
16 29 160
35 172 208
14 35 62
44 181 246
67 200 272
91 55 152
83 24 169
49 27 276
68 112 293
49 56 211
77 130 213
43 178 248
43 36 88
49 178 233
42 164 238
83 20 117
8 194 210
6 196 212
6 144 229
92 6 101
2 47 93
48 197 253
94 149 263
34 114 335
95 51 268
2 85 166
32 173 391
56 118 177
89 25 122
83 95 181
29 25 196
37 33 80
16 174 367
23 102 132
31 180 218
15 184 249
23 62 254
52 159 231
16 193 233
27 75 102
93 55 301
84 150 259
60 187 265
26 90 267
41 48 224
53 55 111
49 166 246
21 29 53
89 164 254
40 178 379
53 176 275
91 150 272
42 159 205
27 199 250
77 28 139
6 27 41
18 136 178
24 157 218
2 188 250
44 145 226
57 174 261
64 118 292
36 84 126
61 102 166
30 194 260
18 4 195
27 48 82
52 175 232
9 43 58
92 51 160
10 36 46
63 94 256
27 169 203
72 10 117
73 42 115
94 76 177
95 173 323
4 99 103
15 111 131
32 94 128
9 75 89
47 40 113
98 174 321
