80
48 186 273
60 30 93
39 169 213
71 151 366
87 120 209
48 121 178
6 113 150
27 57 223
84 89 178
82 42 134
59 59 162
75 82 195
88 2 95
29 8 84
12 199 211
53 62 123
87 91 183
21 163 185
24 5 34
61 156 239
43 197 246
96 129 234
62 25 93
8 94 141
89 162 251
88 33 129
38 75 123
62 130 196
32 21 204
27 17 44
82 86 172
18 60 173
65 96 171
48 153 205
5 32 43
63 9 74
71 188 332
60 132 345
64 15 86
38 68 109
10 32 52
48 137 293
91 78 211
15 95 116
59 82 180
33 105 158
4 81 86
98 32 150
2 61 68
18 153 173
79 75 160
60 170 358
59 10 81
79 196 320
24 153 190
61 191 261
82 191 273
6 171 195
1 50 94
11 37 54
35 138 176
99 52 264
1 6 9
49 32 230
20 83 109
62 43 105
46 90 138
90 107 212
34 147 285
16 38 61
79 102 304
33 98 158
54 141 197
52 12 107
28 143 306
27 51 189
90 129 234
6 68 79
27 189 262
36 180 242
