500
50 120 172
5 156 187
43 181 225
73 125 210
22 89 121
17 124 173
16 0 41
98 94 199
12 173 192
8 157 177
61 158 219
36 37 80
31 21 99
75 18 234
83 23 107
13 178 197
59 62 130
17 147 259
2 59 64
86 122 236
42 117 218
39 170 275
47 148 200
98 182 309
54 97 198
16 87 128
63 45 151
41 56 100
61 184 286
54 115 171
24 196 324
60 155 243
98 127 230
6 33 48
30 179 295
74 1 80
86 174 304
87 178 270
65 164 236
87 53 148
31 69 104
50 13 91
66 52 143
2 50 142
48 48 103
86 121 213
4 56 66
69 9 128
74 178 401
38 145 188
15 179 196
15 113 176
89 23 138
100 177 368
94 171 275
47 165 227
31 166 244
69 69 169
86 36 137
99 95 294
9 147 174
24 26 53
39 79 118
15 93 279
44 41 114
78 77 203
90 84 272
25 70 208
72 2 98
16 128 146
92 39 134
27 26 129
45 33 193
37 121 174
62 130 201
44 64 121
25 21 50
73 61 169
52 73 126
65 118 231
10 74 101
38 20 106
88 158 269
29 60 99
98 89 211
78 48 277
10 70 82
98 122 224
80 90 174
30 166 202
8 129 145
59 41 286
24 73 120
57 68 234
4 43 158
83 30 115
91 95 330
40 194 424
75 68 153
84 189 335
16 180 301
20 177 219
24 60 109
40 184 233
37 162 231
28 111 165
42 200 245
81 3 86
100 195 425
66 45 115
89 145 239
52 116 251
84 10 139
30 140 183
32 195 230
99 186 358
80 132 213
66 30 199
47 20 75
66 193 382
58 49 112
10 132 199
8 41 77
59 160 341
35 98 227
94 166 261
18 6 87
31 116 180
61 36 98
84 187 271
38 108 262
76 48 171
7 137 154
45 158 238
19 95 153
99 198 368
47 44 202
45 12 85
90 188 463
27 96 137
90 154 273
61 97 168
96 194 291
9 165 213
72 11 123
72 184 257
88 22 116
81 8 99
87 150 388
52 183 319
77 172 250
22 171 378
89 105 220
49 25 117
16 122 144
55 128 191
75 164 264
29 48 138
72 124 206
41 21 110
24 36 65
6 97 252
66 23 96
6 133 189
47 127 178
67 57 139
45 117 169
37 44 85
20 11 126
31 48 84
93 134 370
31 129 163
28 176 376
75 17 92
46 103 163
54 86 283
41 145 360
60 167 228
36 167 329
97 171 397
74 90 220
79 190 456
52 127 196
48 53 108
71 125 375
69 114 185
100 170 281
93 22 292
79 168 252
1 63 136
56 162 219
70 69 166
60 138 207
91 109 374
31 67 103
54 129 191
80 53 152
79 7 86
8 10 62
62 48 187
99 21 294
31 44 96
57 7 73
25 32 171
57 165 236
93 177 274
44 45 97
32 90 155
67 118 373
27 134 163
71 167 287
47 192 335
70 9 247
3 62 106
80 17 253
27 197 277
54 80 158
73 192 265
52 77 135
62 47 146
37 61 145
93 22 227
90 180 291
5 78 169
61 11 90
3 14 20
66 68 155
90 110 212
44 18 70
91 49 141
57 48 125
76 50 135
35 7 51
30 97 136
99 177 329
3 111 147
61 66 135
42 112 160
78 170 429
31 176 380
65 163 238
55 139 221
39 49 208
57 120 253
23 147 176
73 32 154
84 196 306
26 12 48
42 153 205
63 182 251
36 126 165
46 83 131
10 158 178
40 131 351
73 96 171
41 20 62
22 180 281
22 117 144
92 105 200
96 184 302
53 36 112
7 28 201
97 119 227
97 67 168
47 184 402
39 144 186
24 118 307
98 13 114
29 150 188
70 110 213
32 168 230
32 83 209
67 164 389
16 172 192
74 199 370
20 33 58
88 29 186
62 43 108
73 98 178
52 160 224
44 21 101
30 3 39
8 156 168
58 149 228
83 58 215
3 99 104
44 121 167
19 124 305
37 110 157
56 89 169
81 72 241
76 15 142
45 180 242
96 118 219
52 135 202
42 184 229
87 14 105
56 176 237
93 48 141
14 120 334
36 27 67
6 47 53
27 154 254
75 23 144
31 156 202
34 10 135
71 37 124
84 118 227
23 115 246
85 118 320
74 65 242
86 197 323
77 2 169
33 48 101
5 70 113
10 4 37
81 169 302
30 71 182
9 30 49
5 42 85
70 39 197
38 169 214
71 73 253
76 84 170
44 68 154
66 105 199
55 53 308
39 112 182
30 48 81
10 158 296
77 79 168
1 127 177
94 28 126
86 138 252
45 60 134
29 34 69
33 24 57
93 176 275
34 161 245
77 2 121
7 100 113
30 147 244
1 57 67
32 24 74
35 128 195
78 193 272
37 81 142
100 61 167
9 72 91
51 57 194
38 143 210
25 99 144
64 27 106
10 153 168
63 19 90
82 23 300
88 150 245
92 189 328
58 118 193
18 187 327
79 186 269
31 145 218
86 110 199
36 148 187
79 192 396
33 97 238
43 33 100
95 120 218
75 161 240
96 134 238
18 70 91
74 185 261
48 38 203
10 18 64
14 183 222
38 7 61
62 145 228
43 90 142
58 28 92
9 6 33
98 121 258
98 134 232
61 145 236
60 188 255
11 38 154
4 80 92
13 36 178
69 100 171
11 187 198
27 82 303
76 88 181
84 73 161
83 69 177
87 76 167
39 72 297
12 50 65
62 185 389
100 42 177
41 199 240
45 49 124
33 165 205
22 156 187
83 129 219
49 28 85
62 68 171
28 16 51
17 149 301
3 146 186
13 41 59
44 191 238
23 57 80
40 180 223
74 44 121
6 185 196
30 144 191
19 165 209
4 194 244
68 188 295
38 162 202
5 27 54
41 173 216
56 134 321
31 47 88
64 53 124
32 129 169
31 92 165
30 138 309
53 19 92
26 115 279
67 121 270
72 56 169
56 31 97
79 120 208
68 136 210
10 83 200
61 88 150
14 99 120
37 1 43
81 166 389
83 178 267
52 17 104
73 194 274
81 171 329
12 85 106
86 144 230
80 126 211
53 107 246
39 159 218
42 88 132
25 194 226
97 137 243
80 113 233
41 55 101
7 5 13
78 2 194
84 74 182
82 134 259
35 118 162
94 37 154
95 45 190
47 124 181
97 131 372
83 172 258
87 39 134
18 4 49
68 189 382
6 124 219
26 4 35
25 122 147
20 8 47
83 171 260
94 134 257
59 85 181
74 115 189
8 49 62
76 148 397
13 58 205
6 165 178
85 48 150
27 96 127
54 137 196
47 186 239
93 184 310
13 180 216
22 88 122
72 121 196
88 19 109
63 91 258
87 49 166
64 37 216
25 51 80
10 114 125
79 67 156
92 72 273
80 3 93
77 29 156
26 136 221
29 127 176
55 179 266
64 101 174
