480
92 116 225
27 70 111
19 155 184
3 162 204
80 45 132
36 185 224
34 77 225
56 176 233
75 182 285
47 52 119
100 76 186
63 136 205
18 125 149
87 72 284
58 62 137
58 70 150
84 30 123
13 39 57
59 38 143
36 9 104
49 122 277
99 134 270
72 199 312
99 18 117
80 158 359
27 73 104
99 118 246
90 148 394
13 83 113
51 159 402
10 136 157
59 164 230
56 164 237
12 39 56
1 51 57
84 127 257
3 99 106
65 138 204
99 145 250
37 104 161
23 14 40
15 151 170
65 166 231
96 97 357
44 48 114
91 22 191
25 108 142
19 97 134
40 111 202
91 115 252
10 136 310
3 160 180
31 162 195
32 43 97
50 131 182
5 9 23
83 70 182
95 112 217
92 80 285
86 152 241
38 23 73
46 74 164
17 2 43
61 150 260
1 57 93
78 14 143
33 0 90
54 17 111
52 137 194
59 67 128
43 39 116
95 165 270
45 192 243
14 31 109
97 96 233
13 153 168
21 171 221
82 3 93
5 39 227
69 175 421
9 14 153
87 89 285
42 85 131
22 60 210
15 120 144
12 189 241
77 97 212
26 114 172
93 173 267
41 133 178
60 158 236
49 190 427
56 88 150
47 172 244
80 78 335
25 192 256
18 159 182
49 106 170
81 108 199
58 170 234
70 42 134
92 144 238
14 85 147
92 13 114
43 137 206
99 96 299
17 28 77
16 25 49
52 181 272
51 90 143
84 151 389
5 35 74
74 41 123
4 160 167
2 18 59
91 173 275
79 152 259
53 174 237
90 126 263
63 114 182
66 55 160
29 165 309
60 178 244
35 129 170
19 102 133
85 0 85
89 26 315
1 94 99
80 195 285
67 31 136
25 80 124
82 115 246
61 155 219
19 82 102
24 16 53
14 125 144
90 7 176
54 48 123
98 99 394
71 189 417
53 151 235
34 80 149
76 163 249
99 127 245
98 67 213
81 145 236
5 115 142
57 149 256
61 114 274
28 5 132
93 68 166
58 68 135
72 66 333
82 180 283
39 193 377
94 73 208
33 15 56
59 188 312
20 143 164
44 145 193
17 136 172
66 169 236
30 3 40
98 96 217
51 122 177
36 64 109
93 159 425
51 198 388
30 29 121
81 174 296
7 132 168
40 132 323
100 63 178
26 71 145
100 131 231
31 138 207
6 0 11
40 126 182
83 96 199
66 11 181
46 174 315
55 153 213
43 147 314
30 130 169
50 41 141
10 140 233
20 112 181
31 128 266
24 151 352
94 135 231
90 121 261
56 171 233
70 109 236
83 171 321
33 98 140
78 56 304
81 192 278
85 198 305
97 38 302
82 164 266
77 100 214
38 11 56
61 135 231
20 66 114
71 49 125
79 149 268
75 56 242
3 39 81
92 14 300
72 40 117
65 30 243
94 65 179
92 87 179
38 104 144
24 88 131
37 179 252
87 7 110
52 186 247
86 143 239
7 112 150
63 157 384
1 62 240
38 151 293
8 6 41
70 175 289
64 179 247
68 12 83
79 168 252
13 120 141
95 160 316
10 117 167
36 168 345
85 158 327
96 16 118
3 4 153
71 124 207
8 179 232
68 56 166
6 5 15
64 40 181
67 155 405
31 104 137
2 98 110
39 52 94
6 196 223
57 16 86
64 155 232
68 163 262
65 0 137
66 24 216
95 190 285
22 56 180
83 33 126
79 192 309
58 122 363
50 34 91
85 54 159
66 104 175
9 197 242
38 74 214
26 40 215
19 1 96
6 44 56
45 63 116
56 104 187
73 188 461
91 156 350
2 164 173
89 75 172
98 5 284
1 99 283
75 116 192
97 80 282
56 104 165
84 152 240
54 75 149
59 43 145
52 174 229
27 140 172
99 85 190
40 165 231
32 52 86
69 132 205
96 187 354
56 147 240
31 195 235
48 160 256
48 91 160
35 109 242
50 155 269
56 22 88
33 18 131
5 141 148
95 114 406
22 73 105
39 115 199
37 74 212
92 113 355
66 80 155
39 39 87
56 161 217
6 49 91
61 30 137
66 70 138
27 68 105
10 130 324
25 11 40
26 115 156
91 143 424
41 97 138
7 112 158
18 78 136
21 175 353
82 179 429
26 35 71
38 74 208
86 82 177
16 39 55
21 109 150
47 145 198
69 101 174
24 176 240
76 65 147
72 176 273
83 110 202
78 110 198
5 67 148
2 48 153
59 84 147
41 137 184
37 86 173
96 126 222
53 15 104
12 35 57
65 110 240
10 56 94
5 73 200
5 6 24
62 68 130
14 20 37
58 88 164
69 60 133
63 191 277
82 46 134
17 15 33
29 63 102
9 199 242
17 57 113
1 62 222
48 49 109
31 189 403
32 10 90
27 182 252
8 85 114
64 174 238
66 115 359
61 194 307
74 28 129
4 144 169
85 67 352
50 167 410
39 162 334
55 169 226
53 174 235
50 31 103
18 37 215
25 29 140
52 27 86
73 74 152
21 198 227
92 160 268
3 181 208
79 67 326
28 63 217
22 141 163
27 165 198
10 158 193
95 7 212
73 31 105
98 174 394
22 155 185
75 152 236
34 76 131
35 58 127
3 124 249
97 22 276
82 191 386
41 192 246
60 42 237
98 120 254
9 142 228
84 89 179
64 162 234
63 49 120
64 165 375
73 88 314
97 135 379
9 59 109
47 94 190
98 139 247
99 187 291
5 48 151
54 52 163
12 179 201
3 71 106
64 14 85
76 87 172
20 186 372
31 182 413
22 3 30
22 113 196
34 130 248
51 134 226
37 55 195
42 75 162
66 116 226
27 157 295
1 106 129
15 24 59
91 183 281
55 138 193
59 174 234
95 161 289
45 148 352
38 78 122
67 18 92
33 7 144
7 109 123
62 118 331
28 111 143
6 111 150
55 137 370
60 19 101
25 64 108
29 57 89
48 121 192
96 111 350
19 13 38
88 187 279
14 191 219
30 139 170
97 195 396
73 191 282
99 87 383
58 184 249
96 17 143
90 108 207
4 85 96
21 14 85
24 136 171
66 22 93
81 157 240
7 95 283
22 77 108
27 129 177
12 100 176
44 99 145
23 12 36
63 107 217
48 177 226
35 157 295
20 84 113
37 47 193
19 39 195
41 32 77
92 56 149
6 25 149
88 162 388
57 26 93
99 128 234
7 90 133
15 94 149
79 101 189
33 55 88
65 16 86
68 2 166
67 178 248
53 109 167
36 0 40
40 68 114
