930
56 141 354
98 199 335
27 90 125
23 125 168
2 22 66
30 19 54
3 184 193
50 115 187
28 184 246
25 193 218
3 5 36
86 107 196
97 179 414
7 109 153
27 70 103
79 177 261
44 15 59
2 180 184
22 45 243
97 126 232
62 30 138
90 61 153
22 85 147
37 136 361
65 43 110
80 26 209
49 39 98
73 29 130
86 82 250
15 151 329
91 135 238
90 30 121
20 111 136
41 55 106
43 143 190
5 147 157
38 37 198
5 39 59
71 101 188
48 118 180
35 189 234
90 165 264
30 10 45
45 25 118
92 140 300
40 88 133
40 34 208
79 196 291
45 3 57
63 147 226
84 71 188
50 143 389
59 185 285
2 170 181
48 53 102
8 90 121
88 182 277
5 120 128
1 49 71
21 141 176
46 168 219
92 16 129
8 108 135
96 22 123
92 95 252
2 5 48
62 142 204
86 36 288
54 150 226
65 70 303
90 50 148
69 178 249
88 98 191
15 52 99
16 95 137
5 173 185
85 184 330
34 89 127
65 135 204
90 18 118
47 157 244
67 46 119
88 141 237
2 186 194
78 59 193
58 86 147
30 177 210
90 29 132
27 53 81
5 28 46
44 122 170
49 119 171
51 109 163
47 153 223
76 58 142
19 59 81
38 115 194
91 162 254
51 12 89
10 191 208
9 172 295
60 39 102
40 100 186
57 55 115
8 54 65
42 187 353
47 40 89
2 77 171
77 53 175
40 67 116
31 7 47
1 26 185
78 24 264
83 192 317
90 8 174
8 128 150
35 178 261
95 0 121
94 110 396
19 95 145
3 144 153
81 100 200
31 158 191
12 80 95
42 107 153
14 81 124
95 17 114
7 141 257
64 133 288
91 39 215
80 30 282
60 80 144
8 124 146
86 26 116
87 34 163
28 160 192
61 90 307
60 98 268
15 139 164
64 16 85
89 66 273
81 98 353
49 49 108
70 28 182
5 51 94
46 32 85
53 114 172
13 23 55
24 88 134
70 55 165
38 142 228
24 166 315
24 43 135
61 162 259
21 76 163
96 158 312
38 83 121
38 138 296
85 80 175
44 192 350
36 34 233
66 198 274
15 62 78
87 104 238
55 183 272
24 124 187
97 143 249
59 84 158
8 44 66
39 129 198
93 177 312
28 195 224
84 59 309
40 96 142
25 13 43
78 68 154
40 180 324
60 76 149
80 75 196
57 196 275
78 4 154
44 153 201
96 57 162
69 61 293
67 200 270
36 34 92
34 11 55
18 144 170
68 58 140
7 56 88
20 27 80
2 165 237
64 14 212
79 32 120
96 23 217
73 130 367
75 184 267
17 113 132
67 48 153
66 113 229
10 172 206
68 28 225
47 7 132
62 101 200
57 77 143
56 186 267
61 44 235
34 38 102
49 110 162
3 61 67
46 177 421
88 50 168
5 126 282
91 155 290
17 180 197
5 85 119
33 34 68
60 156 221
100 115 293
11 120 191
73 146 249
35 180 276
87 159 370
70 193 269
88 195 287
26 143 186
60 82 262
54 145 222
53 123 178
95 78 183
9 166 224
4 150 194
4 194 208
74 33 113
58 43 123
97 91 264
4 102 113
16 168 380
88 39 128
14 138 168
3 10 20
73 62 135
81 57 164
53 156 283
84 158 244
77 77 312
54 183 256
81 27 112
82 7 271
24 140 187
52 55 170
16 120 181
100 116 227
96 129 230
90 122 219
14 52 71
73 134 215
79 111 264
35 136 176
74 34 127
87 151 346
81 19 209
27 152 315
44 116 195
15 34 129
85 156 315
69 46 171
4 144 176
46 199 264
89 148 411
83 151 304
18 6 167
10 17 31
94 80 210
7 21 68
9 183 238
100 46 227
49 113 283
93 30 136
38 126 217
59 44 132
51 178 261
2 114 150
65 170 259
60 147 212
35 31 70
50 165 224
50 64 118
61 176 260
45 86 188
60 101 162
82 179 292
16 59 104
56 150 240
13 51 171
78 80 349
56 65 164
23 17 86
16 141 167
22 52 108
10 86 121
54 29 244
48 151 222
90 53 170
66 72 146
26 52 105
93 185 280
1 141 151
25 55 162
68 23 101
36 69 254
18 100 121
15 181 224
91 183 278
39 107 294
15 40 87
1 90 120
73 115 284
94 71 188
3 56 63
92 108 313
29 155 185
39 175 216
33 98 138
25 200 260
16 189 301
100 130 260
43 168 247
8 100 231
86 43 135
39 88 129
36 100 149
66 31 104
55 107 205
95 178 295
34 133 168
57 17 113
16 93 110
32 183 240
72 174 312
5 191 208
17 54 104
93 131 262
95 100 196
90 5 111
31 146 342
97 192 293
58 107 205
83 55 221
68 111 235
12 121 162
45 150 229
32 127 161
69 122 230
36 141 222
80 103 322
4 54 101
36 45 193
42 112 174
50 68 229
25 74 126
36 143 185
88 156 417
11 53 117
77 22 99
92 151 250
98 137 409
72 69 243
54 133 197
30 81 147
21 67 92
1 77 146
29 148 255
3 149 157
86 173 275
75 131 303
89 77 166
92 84 182
37 181 284
31 51 93
86 71 181
29 143 210
71 43 297
89 21 157
25 153 182
90 35 127
5 54 69
60 134 319
36 103 168
85 184 466
34 102 185
31 11 76
10 18 34
3 127 135
72 171 245
22 81 105
21 134 161
58 99 188
58 20 126
89 92 183
2 163 169
26 191 238
7 91 237
4 198 235
18 129 173
75 80 193
81 99 201
43 183 258
77 15 92
53 11 72
79 53 134
78 135 239
48 162 405
84 37 231
48 28 84
37 55 140
87 40 137
88 126 381
55 164 219
21 24 65
13 149 292
70 34 302
43 182 378
18 95 118
16 84 150
6 120 163
16 16 34
45 15 87
51 6 173
54 189 253
33 110 290
90 100 222
84 187 279
98 153 256
65 164 234
65 49 155
83 81 184
61 63 140
19 105 134
14 28 64
52 52 150
63 59 210
31 97 147
27 70 106
73 77 156
21 44 70
38 115 197
9 13 24
43 6 68
59 38 144
86 9 133
16 39 55
61 55 163
4 176 185
94 161 307
97 25 132
5 200 211
73 178 253
65 121 189
29 163 196
79 68 147
87 130 227
59 165 231
39 83 140
90 143 364
56 112 198
3 45 55
77 178 380
27 38 89
44 89 271
31 188 256
4 15 22
24 11 41
50 182 236
28 28 62
43 154 197
44 68 263
38 138 345
26 59 265
80 47 131
10 131 164
57 94 155
10 123 319
69 179 253
60 161 333
39 173 261
12 3 58
91 177 270
60 41 109
89 36 125
15 182 205
68 90 166
89 170 275
26 189 222
78 60 178
5 97 109
45 128 208
71 124 240
52 46 294
89 130 219
22 41 172
71 187 263
31 45 109
8 11 21
96 17 113
58 152 219
48 2 60
3 176 291
93 132 233
74 98 200
97 55 173
26 135 162
40 41 88
12 79 132
72 192 383
4 174 185
49 106 157
53 189 243
61 128 191
92 151 272
64 79 186
99 95 202
84 104 229
19 81 110
26 48 81
61 1 68
22 150 212
87 138 231
50 151 218
3 171 192
21 61 97
91 68 173
10 14 31
92 165 260
40 172 217
36 28 74
72 101 205
27 178 217
71 96 211
23 140 201
22 147 173
44 196 289
60 96 158
91 149 249
31 113 237
83 200 426
47 70 151
60 98 162
35 88 174
37 184 230
49 168 298
24 19 55
64 164 364
80 170 324
64 141 242
40 178 228
46 186 263
85 170 364
86 192 425
95 72 212
3 7 144
7 156 211
46 148 194
88 76 210
62 84 222
90 19 111
83 70 161
98 109 232
64 17 81
98 79 185
11 77 90
33 96 133
12 170 316
56 2 99
6 131 167
5 149 157
69 139 224
99 49 189
76 194 397
73 38 120
11 165 197
14 53 106
96 71 194
15 130 175
46 107 163
6 86 257
36 28 259
14 195 284
76 101 179
68 6 159
95 35 145
56 47 106
40 159 209
36 146 184
40 112 160
64 171 250
92 80 172
47 122 242
40 46 90
77 195 389
23 171 346
36 10 96
40 156 223
89 100 194
49 199 253
43 159 209
99 146 254
26 117 143
100 68 178
39 20 241
90 196 311
98 76 182
89 147 238
33 115 226
38 63 241
36 194 237
12 93 115
90 23 246
75 192 273
1 144 159
89 30 284
45 137 192
41 160 213
41 172 220
16 38 54
21 195 404
60 118 183
77 87 167
15 185 225
64 115 180
25 85 253
73 195 466
44 137 212
40 65 200
99 72 208
54 163 357
29 138 173
14 175 327
11 4 19
53 132 316
79 171 329
95 103 208
67 17 119
71 125 378
21 152 202
31 70 104
45 139 205
97 61 166
30 63 98
36 54 257
98 195 297
55 43 142
21 62 133
8 24 53
75 162 239
70 77 317
1 198 396
5 60 91
6 25 53
36 65 286
44 173 242
32 93 132
66 87 208
33 92 145
84 174 289
18 93 128
74 174 398
5 116 125
43 133 186
61 116 187
5 101 289
4 87 98
40 179 271
94 41 168
80 102 210
2 103 132
64 36 136
13 99 129
58 141 211
95 71 174
10 114 234
53 198 341
15 198 219
97 78 223
59 198 299
94 164 385
19 194 240
86 66 322
35 136 190
94 11 107
32 58 206
1 98 287
99 65 174
48 192 250
85 61 163
75 27 115
7 128 219
51 119 193
26 171 368
1 179 322
13 171 207
94 109 205
34 97 226
71 166 392
71 57 224
43 127 180
45 54 207
16 100 124
81 138 221
98 153 301
25 179 218
31 178 219
34 52 198
84 135 220
41 170 280
58 96 164
67 42 134
83 87 204
100 103 224
74 120 255
15 59 210
83 77 163
97 130 237
40 45 126
35 83 121
65 197 305
1 194 232
81 35 126
36 184 352
61 197 278
94 124 304
99 49 285
100 54 155
93 56 159
91 186 283
30 155 317
98 196 303
47 55 140
35 43 88
2 101 109
70 198 294
25 162 215
100 182 283
25 68 103
31 121 159
17 42 152
19 165 187
72 148 258
42 25 69
18 67 250
91 75 179
53 103 196
72 49 154
45 37 115
33 155 197
56 175 244
25 194 227
60 7 72
67 103 178
20 109 130
63 157 221
60 126 192
51 183 234
65 137 250
18 61 100
88 88 261
59 157 224
17 185 212
33 18 194
18 5 38
16 27 191
44 91 144
93 8 102
58 86 193
58 156 216
41 80 212
20 2 110
45 140 191
93 167 268
98 28 267
91 22 279
26 64 99
51 93 170
2 88 126
55 41 110
33 140 207
39 35 190
21 63 84
11 61 182
66 150 216
38 116 176
63 169 237
37 133 175
53 112 183
16 118 144
45 139 262
49 144 243
7 188 210
1 137 187
82 169 258
77 29 107
10 135 167
94 15 137
84 137 229
80 168 289
47 30 253
72 58 135
19 175 221
36 121 245
32 167 247
47 46 97
58 181 356
12 173 185
83 123 236
48 191 267
5 61 86
56 183 269
4 67 244
33 76 148
2 100 146
69 14 114
6 99 141
64 141 217
63 84 289
55 190 424
100 4 133
96 167 332
83 95 188
93 17 139
65 163 273
21 46 75
30 36 68
54 88 180
3 23 159
30 18 50
38 137 189
25 84 119
89 148 242
9 24 36
60 1 143
42 168 255
32 17 72
82 43 173
11 131 145
21 105 128
19 15 50
17 164 189
9 131 146
27 57 224
84 111 239
38 64 193
30 183 218
54 4 58
64 184 340
68 169 356
62 141 203
1 134 294
55 3 65
57 41 170
42 177 229
78 103 191
25 132 166
42 26 78
6 137 168
90 135 233
44 94 160
20 130 169
68 170 256
45 1 157
42 107 150
53 92 260
48 188 259
64 112 241
92 177 307
9 172 252
35 45 119
66 193 267
66 146 249
48 120 267
84 60 158
53 99 210
41 194 284
59 188 266
84 83 177
54 108 174
70 4 112
74 88 166
78 165 277
75 169 248
42 191 343
21 186 212
87 38 133
57 181 238
5 120 155
57 7 250
54 10 74
97 20 189
56 42 183
17 28 67
85 130 225
97 132 420
13 70 90
51 54 147
34 32 71
45 35 89
31 71 138
87 71 162
46 62 305
27 76 111
23 66 154
58 175 325
47 55 173
85 5 248
17 95 126
47 26 80
75 67 165
30 55 87
53 98 339
42 140 182
77 161 326
13 137 151
100 58 165
81 189 271
89 120 211
44 16 189
67 144 382
68 199 268
84 194 297
58 198 269
70 134 370
