830
24 93 133
53 137 196
1 10 57
12 129 262
87 140 232
80 109 237
66 70 144
61 173 240
67 29 232
1 120 127
85 190 275
76 29 138
81 19 139
88 62 152
63 51 214
53 13 103
100 62 307
51 171 242
14 66 120
93 199 411
86 160 256
75 184 285
32 94 153
82 144 274
28 64 94
30 180 212
94 145 240
59 41 269
24 70 98
97 38 147
45 192 246
77 18 123
98 87 188
61 140 208
83 165 311
4 98 105
70 176 254
32 114 147
87 165 309
57 81 158
43 188 349
53 85 186
24 113 140
67 188 412
64 25 101
2 27 32
14 121 141
8 141 333
38 173 338
69 144 257
51 61 122
4 79 98
45 73 123
49 191 241
16 125 195
47 43 98
5 44 51
19 23 49
2 57 75
79 189 420
67 107 250
93 138 232
65 146 217
53 104 200
56 137 317
68 76 153
11 56 197
41 155 197
92 101 219
10 8 26
52 191 285
73 10 97
75 90 213
66 51 125
35 174 323
13 53 74
39 87 131
91 199 319
16 42 84
86 47 133
74 39 117
42 159 241
86 24 116
98 18 199
34 130 192
14 149 327
57 45 103
6 3 30
86 11 122
27 130 199
42 82 162
13 12 224
46 123 198
62 4 76
4 126 287
79 160 248
94 104 202
98 159 259
36 22 131
35 105 174
73 91 337
81 114 234
33 103 172
96 110 219
22 40 149
68 184 372
29 39 74
34 150 193
43 174 228
73 126 348
19 151 172
70 153 231
86 48 139
37 103 146
81 140 223
87 8 102
33 7 47
41 180 294
22 89 112
39 162 358
16 162 181
47 15 97
74 148 333
30 76 109
24 18 51
17 150 167
61 9 118
85 145 255
58 189 436
95 1 101
51 113 167
5 160 333
90 32 150
62 140 369
30 174 371
83 89 286
61 156 337
93 8 101
72 136 271
65 190 283
11 41 188
65 179 251
18 175 201
6 129 144
11 116 137
18 199 223
61 30 215
12 68 112
60 18 102
12 62 75
92 79 196
81 197 284
41 159 200
97 98 215
70 164 239
61 19 91
95 43 176
69 4 73
76 23 266
68 171 280
28 90 123
57 43 124
48 30 87
55 159 284
79 184 276
35 88 169
40 29 69
37 180 217
42 134 222
64 150 254
69 154 232
6 126 250
55 149 207
55 192 354
42 152 194
64 54 123
8 170 187
46 194 355
4 47 91
58 114 224
28 200 237
13 24 40
4 36 82
31 80 137
6 125 315
5 133 298
98 109 234
76 133 234
94 118 335
47 139 349
85 142 228
92 195 291
40 183 229
86 43 135
37 140 341
19 185 204
91 31 124
67 135 330
89 75 169
1 48 57
19 81 108
42 138 243
93 179 274
1 158 173
10 167 293
70 102 172
91 93 188
66 157 251
8 124 155
31 31 68
33 45 88
86 76 182
5 69 98
15 128 284
93 96 342
85 146 266
79 152 251
48 7 78
29 126 304
24 170 319
95 2 98
71 6 98
63 171 242
53 77 158
61 198 434
62 25 95
95 157 358
83 172 257
32 196 301
34 106 218
40 10 53
5 67 75
59 141 331
90 12 134
26 29 104
48 178 419
60 64 131
8 124 138
16 5 178
3 38 63
54 93 193
62 37 137
40 131 180
16 16 42
52 96 150
42 35 276
56 137 239
85 37 128
41 170 240
4 103 113
7 140 152
5 105 156
81 108 194
65 53 161
38 159 202
26 53 163
72 97 169
40 170 234
92 38 139
7 88 95
19 104 129
77 195 315
12 69 108
30 125 161
55 60 281
55 150 207
100 131 419
77 28 214
68 135 219
93 111 396
85 102 205
71 25 133
69 168 239
72 89 194
16 90 154
9 149 181
6 157 169
25 20 53
93 114 210
12 137 257
8 187 228
8 39 193
23 127 158
89 60 173
11 82 95
95 94 204
96 120 340
72 38 251
70 96 305
25 90 136
3 46 56
67 50 245
44 50 101
94 9 118
68 34 104
86 139 279
4 65 71
23 69 128
29 88 118
69 194 263
74 38 146
77 47 129
46 35 106
14 25 56
85 160 248
3 179 185
32 154 340
71 113 192
11 78 92
85 95 187
32 182 295
80 56 141
96 31 134
26 177 209
100 89 191
31 86 160
51 128 186
46 135 216
20 39 78
32 15 95
56 168 423
3 72 217
7 189 237
2 184 192
67 77 202
55 170 252
96 51 202
94 168 263
93 191 413
49 10 66
8 126 181
94 150 300
41 22 109
22 116 177
85 44 139
16 106 165
81 104 293
3 96 124
72 108 205
24 4 63
78 62 189
4 196 208
25 122 181
57 126 206
4 20 31
39 79 118
39 25 71
60 77 324
21 89 119
31 159 196
10 115 147
89 51 144
50 20 253
31 6 188
33 18 92
70 81 190
81 85 183
36 102 262
74 95 199
85 87 186
64 52 296
40 125 168
43 69 176
9 126 157
39 189 304
96 82 196
79 132 213
98 194 452
95 200 370
12 123 172
67 38 237
77 32 114
68 125 202
45 25 76
59 126 193
47 161 228
10 181 241
27 134 166
27 14 91
56 116 198
32 16 188
9 78 133
78 14 136
25 47 90
93 12 112
67 29 141
13 181 200
95 140 253
43 135 182
43 157 349
44 119 183
55 181 246
29 195 242
59 59 157
100 189 304
6 22 31
18 61 250
53 197 335
52 111 171
14 84 142
65 113 216
62 15 118
14 31 45
96 26 155
42 82 166
16 127 143
47 167 216
93 181 317
75 136 223
6 60 175
92 63 163
61 70 135
66 124 232
45 163 213
41 38 278
24 123 152
22 91 313
54 36 92
59 49 254
97 125 238
71 166 326
11 198 215
1 110 120
70 30 148
89 77 212
94 117 234
79 129 389
2 134 147
30 110 141
12 33 45
70 163 269
17 2 39
12 9 25
41 87 157
32 111 148
4 0 37
7 159 193
47 28 76
52 136 377
4 72 160
86 17 288
26 38 66
85 137 225
26 153 182
83 53 234
29 25 57
11 28 49
91 137 371
62 30 120
6 7 36
78 113 342
71 81 186
58 193 260
36 43 260
39 48 120
53 182 279
28 28 169
31 178 257
7 28 76
90 66 227
88 142 254
42 200 326
77 106 185
7 131 165
58 156 215
97 27 132
12 48 94
67 35 102
69 57 157
74 140 262
38 110 148
13 138 229
23 14 61
46 12 214
75 111 195
47 185 242
87 31 119
7 26 39
62 175 267
14 16 206
52 47 100
11 45 104
8 1 12
96 121 363
51 64 161
12 24 184
45 27 250
42 72 253
13 119 134
55 121 221
79 104 224
31 9 49
10 105 299
90 90 185
45 162 212
5 69 87
91 93 186
56 145 249
65 144 221
4 7 136
11 85 126
89 109 366
22 27 57
19 67 91
84 89 213
70 68 138
86 33 152
19 116 150
90 177 269
92 83 186
69 168 331
62 94 196
46 12 80
8 154 192
40 149 190
21 153 179
94 45 149
30 129 167
42 95 145
80 33 296
32 164 203
90 44 235
29 160 197
23 52 97
14 7 29
35 126 161
66 24 133
36 40 93
46 37 99
77 83 246
60 46 126
33 134 168
77 92 319
75 155 301
31 189 230
51 133 349
37 50 116
73 56 153
39 184 224
27 147 198
81 120 205
94 100 201
61 90 164
67 89 181
50 94 176
55 137 236
75 126 206
77 30 202
58 91 150
12 28 44
48 197 271
56 22 96
27 183 212
70 157 235
38 5 179
48 111 200
12 135 193
72 89 161
37 197 352
87 29 170
16 9 29
34 80 160
97 141 374
79 88 181
65 185 361
1 49 58
61 30 134
25 39 216
81 5 93
77 51 152
71 40 112
40 80 142
57 183 274
21 183 238
84 121 215
28 165 232
84 165 267
77 122 199
15 184 202
8 120 144
90 87 212
27 6 33
86 141 275
32 15 226
85 63 159
60 169 277
70 174 277
98 171 282
13 71 92
24 80 138
54 74 129
90 165 415
42 124 319
49 55 106
100 41 189
16 40 102
100 139 371
28 4 202
11 69 90
10 4 20
26 49 81
49 75 130
14 128 157
51 139 225
42 103 154
71 8 110
20 62 107
13 50 69
76 59 320
66 71 260
84 191 319
22 39 70
61 197 259
42 57 103
97 122 224
71 57 169
16 195 212
82 151 252
55 35 99
49 188 259
54 45 146
86 136 230
21 141 166
8 75 117
17 73 98
77 140 312
84 72 199
77 99 280
37 101 206
81 68 151
53 17 73
5 192 233
19 90 148
14 153 207
86 22 108
82 27 276
83 50 133
98 105 213
91 156 299
61 103 164
23 58 99
93 153 290
73 167 242
70 20 140
30 159 232
49 132 191
46 14 100
61 98 161
73 50 130
54 8 84
65 133 315
80 153 254
6 3 53
49 134 207
66 189 273
72 48 121
78 115 225
73 139 214
75 4 148
6 140 259
9 84 264
58 4 258
60 35 171
36 21 246
56 5 166
53 44 104
13 112 198
66 102 170
31 153 188
37 160 205
48 110 167
12 31 201
71 131 234
79 91 200
40 171 221
64 57 125
25 108 253
52 84 166
43 160 323
99 150 250
89 15 117
65 107 342
65 134 260
92 85 187
36 187 285
20 70 149
34 167 213
57 44 105
71 121 193
55 123 216
71 77 169
85 146 394
26 32 60
19 153 219
88 8 288
55 159 223
43 149 198
51 126 183
87 119 207
21 148 171
99 114 250
97 194 424
78 49 176
48 40 135
68 200 276
3 37 45
86 164 255
52 98 154
12 132 145
32 152 350
11 64 119
71 74 320
82 3 86
14 134 196
54 87 175
38 125 163
5 46 95
47 83 145
85 188 296
5 95 110
97 71 178
37 155 195
72 31 109
37 22 194
46 12 60
77 43 285
53 131 258
12 177 195
78 144 256
83 17 100
75 124 203
54 70 154
91 142 285
97 46 150
53 65 264
77 170 257
45 40 103
59 108 171
41 111 269
13 19 119
36 153 217
51 117 170
100 34 157
11 89 108
19 140 180
74 166 289
5 15 53
72 91 199
1 180 181
93 51 303
68 107 291
89 185 278
35 73 125
100 192 297
93 35 233
8 50 203
68 169 237
14 7 32
98 77 175
40 91 141
7 136 143
100 135 242
17 2 22
51 22 77
9 62 73
25 70 122
65 80 238
1 75 125
14 61 248
18 2 21
90 96 318
50 198 276
89 132 279
51 185 325
5 164 181
27 85 117
26 154 189
99 55 157
66 68 134
43 106 187
32 31 76
21 171 197
18 156 211
26 20 81
77 96 183
3 189 224
48 50 104
23 23 53
20 193 402
85 15 102
62 78 273
56 19 78
96 15 201
86 148 368
46 86 176
33 68 175
96 171 272
71 49 144
42 80 137
32 199 237
39 192 358
54 121 177
83 67 192
29 125 159
97 62 166
44 74 132
28 166 217
13 20 40
57 72 136
7 196 206
76 88 315
89 83 256
69 118 196
45 34 128
44 13 61
80 95 185
30 64 159
50 76 170
89 177 268
1 86 107
87 28 122
86 9 219
69 43 113
12 19 69
69 125 359
85 109 201
40 45 162
25 199 252
62 145 209
83 135 220
