210
2 153 156
76 128 301
51 148 286
15 181 235
25 188 220
3 154 201
88 161 249
46 98 148
86 153 248
41 129 180
78 156 244
1 168 193
12 19 34
60 168 413
75 132 219
16 49 110
63 129 347
78 72 160
74 99 286
71 13 271
28 120 159
55 76 249
71 78 194
98 134 314
73 40 132
23 195 219
96 68 173
14 83 144
62 140 287
12 55 68
96 200 303
10 198 264
17 124 282
77 15 120
66 193 263
19 39 184
44 102 187
97 31 160
73 13 140
68 43 118
1 124 134
58 165 400
55 92 289
79 30 147
26 186 214
9 132 185
29 153 229
33 130 168
5 75 94
87 30 120
70 57 326
14 124 178
78 12 96
7 174 332
79 61 189
92 21 144
31 107 288
84 77 171
2 176 195
18 185 338
43 43 277
74 200 282
99 96 197
85 172 261
39 64 112
97 160 426
2 34 45
43 47 108
13 8 30
78 80 206
75 14 90
88 28 124
39 56 97
76 100 200
65 160 227
19 36 57
92 66 173
81 153 236
15 164 202
87 187 279
79 166 288
9 138 148
90 133 262
78 11 98
29 127 288
23 48 228
16 123 143
47 90 149
13 68 89
46 80 146
86 108 194
34 140 184
19 59 134
65 13 87
1 138 144
36 179 230
50 94 167
89 174 263
63 59 125
95 144 245
48 99 156
87 11 98
88 138 236
68 81 162
91 95 306
16 86 130
9 157 296
9 132 141
89 117 211
16 137 184
21 152 186
23 158 186
26 88 128
99 160 277
78 98 343
38 148 186
86 98 184
60 149 243
21 172 219
66 163 241
23 39 68
81 104 376
74 17 101
86 156 253
39 66 195
74 95 170
11 9 206
69 167 412
87 69 216
52 11 72
62 129 191
84 71 157
60 157 240
54 11 72
88 96 358
29 198 376
40 95 182
66 51 227
71 49 147
76 3 221
62 15 84
32 121 156
14 88 265
92 178 294
79 106 212
71 3 178
50 113 169
70 131 210
71 153 228
3 29 32
17 193 210
12 193 212
47 124 218
98 147 261
25 143 169
65 156 354
45 110 165
44 119 231
37 142 322
63 64 214
89 13 127
100 100 224
99 40 145
43 149 310
61 26 96
95 30 129
63 47 303
97 117 333
68 144 217
34 73 116
5 13 129
58 162 226
100 82 187
64 76 146
72 75 187
48 187 239
82 119 215
36 125 161
51 21 80
72 37 118
77 23 156
80 165 250
64 47 117
8 5 207
3 115 141
34 171 323
56 167 337
42 46 90
29 51 107
13 28 45
50 159 351
68 82 182
6 47 53
23 104 245
38 121 165
95 14 117
49 190 304
81 109 193
44 156 202
67 119 193
56 11 135
49 73 170
11 122 181
97 2 100
2 13 163
27 83 134
63 92 223
87 94 221
53 197 252
54 137 194
