540
28 51 86
19 117 177
41 198 401
75 116 196
73 82 164
30 191 256
19 111 130
35 162 281
3 25 37
4 158 171
3 20 128
81 134 259
61 199 272
58 99 160
66 15 128
91 110 273
28 199 265
14 22 46
73 4 178
28 24 53
33 76 159
96 26 178
81 21 145
46 132 186
68 178 254
70 103 178
66 117 190
12 175 192
57 196 428
62 148 215
99 119 226
21 155 235
34 173 216
12 148 174
68 199 269
1 73 269
37 185 266
89 3 120
97 28 133
59 125 190
5 147 338
43 22 264
91 162 259
53 45 104
13 42 75
8 104 137
38 186 232
39 186 396
81 171 281
50 136 186
35 138 173
99 0 131
5 199 271
38 88 170
43 84 148
94 153 253
78 1 87
48 164 262
60 39 104
89 111 210
39 66 153
45 62 108
99 85 184
13 23 78
31 67 108
70 146 396
84 2 95
36 108 148
91 164 265
60 174 258
54 102 160
29 142 174
89 94 251
14 138 155
54 124 204
90 159 270
18 159 190
80 191 310
86 11 269
44 69 123
93 17 126
71 197 308
84 76 167
75 104 186
43 160 205
6 90 139
18 173 244
36 109 158
40 129 177
96 193 298
87 35 168
42 133 213
65 125 208
36 116 195
43 27 100
100 44 151
34 159 199
47 147 232
64 127 225
67 142 295
28 110 150
51 113 185
25 176 207
17 118 145
18 58 226
70 190 305
39 6 235
5 77 232
63 38 139
34 184 227
51 10 72
90 12 102
99 82 223
98 131 252
13 200 360
76 35 158
97 95 207
74 54 170
29 82 114
14 186 201
53 2 60
43 12 61
70 85 184
22 62 90
23 118 153
17 163 185
39 66 190
34 112 154
86 188 299
97 76 178
91 85 183
71 62 153
90 200 306
97 56 153
50 28 230
73 24 202
20 86 152
49 75 128
54 60 224
3 94 223
45 186 239
87 136 225
30 112 187
31 51 85
6 144 184
28 42 87
34 32 67
96 18 122
81 115 206
78 153 392
73 177 256
18 159 182
95 147 317
50 88 141
13 112 131
95 24 126
17 142 355
69 94 313
72 93 236
26 185 336
80 119 237
34 15 51
39 173 242
29 139 316
38 102 300
51 12 145
45 102 273
79 21 110
12 157 172
96 121 261
41 114 158
66 108 184
34 27 61
88 169 283
58 11 71
45 81 161
8 141 184
62 87 189
77 2 89
91 112 212
7 12 27
74 63 243
52 73 158
74 22 107
37 107 152
94 43 245
24 120 216
6 159 167
68 131 355
57 114 242
92 121 241
95 4 124
71 66 139
11 66 79
20 148 172
2 146 196
10 152 165
37 88 160
2 139 242
82 155 434
98 96 376
80 198 309
84 31 247
47 126 178
7 3 166
85 195 281
80 46 183
7 166 367
22 27 84
12 60 94
100 184 333
5 107 305
70 83 202
65 2 69
78 110 218
38 22 65
43 122 250
26 118 152
77 33 118
14 153 334
10 132 148
36 40 85
50 177 385
65 88 154
8 173 184
79 157 238
67 81 179
98 89 217
5 53 67
86 45 170
100 166 299
17 78 102
79 77 246
35 162 218
19 120 145
72 179 253
7 10 23
59 146 380
85 77 164
5 2 64
6 117 137
84 1 214
88 183 281
19 32 77
76 40 160
45 61 107
49 81 138
13 100 132
2 66 123
11 76 97
15 161 186
49 39 89
43 86 130
68 84 176
26 108 149
83 46 201
13 34 149
65 116 184
53 18 80
44 17 236
52 176 237
21 94 117
29 126 158
73 179 263
67 38 246
26 136 162
43 96 143
35 150 190
18 90 150
83 164 261
41 16 250
84 70 160
53 179 308
40 194 240
80 197 281
89 99 279
8 180 345
25 79 121
77 185 421
26 24 97
7 90 100
56 43 231
42 146 291
85 199 321
15 138 213
3 193 241
15 46 209
59 171 245
60 160 227
20 13 37
15 96 132
78 186 300
94 90 273
51 141 193
31 168 214
36 192 253
28 50 127
16 177 201
45 108 269
98 52 220
78 182 261
93 67 162
60 22 131
87 141 253
98 118 222
57 141 234
39 166 234
5 94 109
7 114 126
63 93 198
28 24 58
95 99 195
52 111 179
83 146 237
13 12 153
58 85 197
53 85 144
17 24 43
86 1 88
52 177 274
61 92 218
67 175 424
49 159 215
32 50 181
100 21 148
43 110 163
14 145 168
80 30 191
92 157 258
44 28 77
25 99 126
17 59 124
28 160 334
11 150 167
97 78 179
33 15 56
64 85 171
48 44 117
54 85 158
61 25 89
75 0 82
43 81 268
67 172 251
63 190 260
74 134 214
57 76 212
100 77 304
74 57 254
29 104 159
64 30 95
42 24 85
35 195 275
97 93 317
6 20 34
45 96 150
87 136 282
79 142 263
67 56 126
97 115 410
86 188 337
41 63 144
54 67 131
85 96 194
54 54 115
44 166 220
45 148 199
12 10 30
23 147 175
77 42 120
40 92 142
84 150 282
41 88 286
39 170 218
68 99 220
86 172 307
80 80 200
47 173 230
56 90 331
7 146 197
54 189 253
10 86 295
65 51 183
18 162 180
14 57 81
86 95 277
45 197 244
68 71 168
45 47 98
88 185 283
72 106 282
32 130 203
90 131 261
8 91 100
6 59 73
22 117 173
32 155 230
78 36 119
73 75 158
88 73 199
49 149 202
69 190 265
21 29 97
69 113 356
6 44 86
35 158 226
63 14 81
12 197 213
81 23 111
1 45 116
37 149 191
52 77 290
10 53 126
26 184 211
19 5 29
75 44 126
22 163 190
71 163 248
89 191 284
19 109 129
80 70 175
56 41 99
8 153 187
95 124 251
59 94 189
72 118 306
87 19 111
1 164 229
68 195 267
74 98 218
92 52 185
77 159 238
39 109 189
80 128 221
66 160 276
16 179 205
66 181 336
25 48 121
83 96 365
82 135 311
87 24 115
96 5 140
55 39 114
64 176 286
26 182 208
74 119 328
14 38 60
8 20 169
55 70 128
13 194 219
83 24 110
31 166 206
46 162 223
90 38 131
74 76 328
16 50 184
41 143 226
36 58 95
90 43 141
67 29 99
9 188 224
44 46 91
58 15 83
24 186 347
27 62 206
89 128 222
92 18 189
7 28 43
2 130 162
57 146 303
95 51 155
38 188 261
93 47 308
12 45 93
30 188 391
37 188 246
18 143 262
78 90 200
89 155 251
70 178 428
55 10 245
65 54 122
23 45 179
89 9 205
2 68 225
39 41 88
56 146 209
4 75 205
84 131 339
30 149 187
28 20 53
91 29 172
2 138 173
94 200 311
90 43 157
34 29 69
44 166 213
23 105 134
44 58 147
51 109 351
59 93 186
56 96 177
69 86 163
97 79 183
79 141 230
18 13 37
53 127 188
55 5 60
7 160 225
90 45 159
49 87 284
75 88 196
27 60 96
29 82 118
80 21 110
39 115 235
28 78 112
15 177 227
67 15 275
4 70 125
15 53 89
97 195 426
1 165 340
50 191 360
82 66 323
61 164 271
23 155 189
65 71 175
33 193 234
82 135 224
27 126 163
4 111 127
31 185 388
35 9 76
43 105 197
31 164 196
4 192 205
54 111 317
11 146 308
86 77 182
41 114 156
