520
15 151 215
96 40 247
56 118 183
6 157 249
17 156 177
86 199 290
14 17 35
57 83 165
82 14 98
30 160 192
50 98 346
49 84 179
79 183 267
96 121 217
88 186 324
18 4 30
81 16 164
74 152 227
14 156 180
79 61 340
53 22 77
85 9 99
88 112 228
7 188 201
51 64 147
35 183 291
18 38 75
70 64 227
35 24 83
13 178 199
7 92 106
12 1 20
40 4 58
75 63 244
19 1 28
97 178 281
49 196 424
44 144 205
3 147 252
42 26 268
10 88 130
64 61 168
39 166 247
98 181 326
11 71 84
67 67 144
83 133 220
54 126 189
18 44 67
60 65 127
32 56 96
11 200 382
71 141 236
48 142 192
55 186 299
2 112 140
72 56 164
85 21 115
83 87 187
80 95 176
5 103 111
16 127 153
40 32 90
7 173 184
85 52 176
29 177 215
30 104 232
28 90 310
17 27 62
91 110 279
77 24 102
70 136 223
18 18 163
21 40 170
13 151 211
37 177 220
2 186 208
34 59 128
22 197 225
89 64 272
75 47 313
44 68 160
9 41 57
87 139 406
30 164 343
73 114 344
50 68 261
96 32 133
66 51 148
90 139 348
15 76 99
17 153 298
82 148 266
13 118 175
91 23 304
4 122 154
69 26 99
91 52 155
96 162 414
50 162 241
60 70 167
1 104 265
18 99 142
92 188 328
65 23 112
88 18 109
44 158 204
69 104 187
91 122 224
100 197 302
18 168 203
17 45 62
12 43 118
9 173 192
98 144 291
46 175 325
19 144 172
35 28 80
11 1 21
84 9 101
17 94 154
99 55 289
55 163 226
94 88 215
64 192 431
38 151 273
10 168 183
89 192 448
38 100 168
34 40 204
18 97 220
3 25 54
78 88 167
88 75 169
89 18 112
93 157 256
20 197 328
72 8 80
55 5 92
17 180 321
36 36 74
4 142 146
87 160 272
64 45 152
16 104 128
36 25 61
11 153 338
91 126 242
24 106 286
55 170 225
58 156 218
63 27 111
26 154 216
82 72 154
78 60 148
53 113 167
17 64 108
2 182 272
24 115 152
41 47 111
31 98 132
15 6 26
80 122 383
79 145 226
94 22 292
93 85 204
80 112 212
35 186 353
59 172 416
25 190 221
7 190 198
19 161 183
63 194 263
98 63 269
66 166 239
31 54 158
32 134 170
86 1 88
75 54 178
88 142 239
45 129 195
66 7 74
79 26 114
40 157 256
4 86 282
8 117 317
98 27 125
67 12 82
16 30 76
1 165 208
54 192 264
36 145 187
61 107 177
34 130 194
81 42 155
34 160 216
21 168 220
10 187 198
67 75 312
3 23 32
56 44 108
16 85 138
79 65 151
15 106 286
30 73 261
26 51 81
47 158 251
55 3 67
73 85 164
55 70 132
16 40 106
41 159 241
96 100 196
71 162 241
14 177 197
21 16 67
1 194 244
40 109 276
8 20 31
35 70 116
52 182 386
51 19 100
90 16 109
98 117 245
46 164 216
44 177 331
96 157 375
35 150 361
44 157 291
50 60 307
59 34 117
81 54 144
100 146 254
45 81 287
39 157 233
95 71 177
46 167 216
78 55 133
44 62 112
99 56 160
64 103 171
14 192 206
56 122 186
49 97 259
52 39 117
5 117 130
28 149 279
54 28 87
47 143 386
24 112 137
74 126 209
85 59 176
29 135 353
92 183 330
48 42 91
39 199 242
83 148 238
58 100 183
16 124 143
43 174 357
37 74 136
52 120 177
25 68 97
83 39 130
88 156 262
64 180 334
13 18 72
74 137 254
100 59 165
79 91 197
87 28 262
93 191 289
29 48 201
38 15 53
74 116 190
70 48 127
94 36 167
95 73 271
81 114 338
32 171 209
79 63 150
16 31 179
76 174 260
28 4 57
84 78 186
36 185 226
88 185 283
77 0 97
56 182 243
24 106 130
47 191 252
20 185 209
29 187 226
35 102 143
78 41 129
32 81 233
11 79 98
62 13 274
37 158 199
98 138 405
42 153 244
94 43 188
12 83 268
27 50 80
97 99 203
88 101 230
34 90 131
15 109 127
6 62 74
48 68 141
18 159 187
89 90 183
87 108 202
8 162 187
23 106 166
44 182 271
80 14 180
94 167 263
57 78 136
91 91 182
53 89 144
13 85 139
63 181 419
49 178 235
52 170 224
94 189 347
87 79 174
11 70 84
70 10 120
37 135 191
57 101 165
21 91 120
84 177 351
6 61 160
68 146 225
82 50 181
15 86 122
98 113 331
72 177 376
96 143 285
19 119 292
90 129 364
73 131 250
82 130 408
44 92 293
92 195 302
86 40 152
72 9 271
55 147 229
38 140 222
74 18 117
34 200 242
35 184 268
72 198 460
71 198 270
15 159 179
33 46 269
75 53 200
79 51 165
19 98 120
10 127 143
54 35 91
100 34 142
28 110 159
5 173 198
99 38 256
50 73 259
85 27 112
95 158 258
90 132 238
49 144 196
54 91 296
4 28 38
82 110 218
88 21 175
64 163 227
20 156 211
11 50 84
70 194 416
14 149 168
61 192 260
88 194 317
94 7 180
15 29 75
100 44 146
56 36 92
18 27 54
44 10 74
90 86 187
86 97 213
45 114 159
13 35 178
35 47 88
82 99 184
27 192 228
52 192 326
19 156 178
23 150 195
91 199 293
40 67 112
72 135 234
9 85 104
6 88 97
11 154 193
31 9 70
31 24 97
50 100 160
58 186 291
68 8 79
19 140 159
81 9 93
65 97 165
82 55 145
57 38 96
71 25 123
15 145 163
99 33 141
16 23 48
72 2 93
99 17 120
13 12 101
3 62 73
72 59 134
28 16 46
64 18 84
33 89 124
34 142 303
27 105 275
18 131 149
68 47 134
44 11 68
71 154 226
84 69 191
99 25 154
56 103 159
55 16 73
76 183 264
22 2 28
25 91 130
24 77 182
41 176 333
46 105 168
88 102 193
28 8 36
94 188 289
91 1 98
37 59 106
76 124 249
34 22 175
33 81 120
80 79 169
32 173 215
89 159 252
13 89 139
74 137 242
69 198 332
14 140 295
90 39 151
39 110 167
66 69 227
98 157 293
13 11 50
58 10 73
95 37 246
28 171 205
91 129 220
59 72 135
11 184 240
57 158 316
69 199 314
88 61 166
72 181 264
42 99 255
6 13 33
95 14 149
11 22 48
45 113 159
52 93 192
1 97 105
46 10 61
91 153 274
65 114 194
42 90 136
22 112 164
71 81 226
5 55 69
68 190 281
49 127 303
57 160 235
90 110 238
70 9 82
71 91 209
6 178 382
55 107 166
1 45 48
30 166 360
46 174 348
65 143 238
74 95 236
72 15 94
78 150 396
56 190 264
11 98 145
89 117 207
34 9 70
87 104 198
88 170 302
62 122 190
85 142 246
3 58 109
42 121 173
81 78 204
49 60 110
63 149 213
35 161 198
93 39 144
39 40 87
28 140 194
90 34 127
83 154 246
