430
48 22 107
15 195 385
32 27 222
7 11 26
100 29 134
79 166 246
29 155 206
62 105 174
26 23 70
50 88 140
7 192 281
2 29 35
2 143 261
89 59 165
53 157 250
5 121 130
94 81 177
35 105 162
18 61 87
54 151 229
11 187 211
99 25 196
100 58 188
89 192 326
29 35 113
48 98 267
16 23 181
4 156 168
2 128 247
23 63 159
19 181 250
64 28 98
33 90 166
85 141 227
5 82 95
62 18 81
18 32 99
85 190 457
98 70 172
97 138 269
66 119 185
80 33 191
66 188 380
35 154 268
78 189 268
53 182 302
97 198 483
52 164 217
27 141 330
68 69 172
26 187 217
37 135 186
19 194 231
88 144 233
77 191 281
42 147 223
52 6 239
49 153 232
89 169 383
83 123 390
28 56 204
82 15 141
56 93 177
93 180 302
46 32 83
24 88 134
29 169 232
81 167 250
50 78 170
15 169 186
35 82 123
37 85 161
46 136 230
97 122 221
16 29 171
52 182 397
49 123 176
76 59 312
54 53 143
87 174 263
61 112 175
86 129 218
17 43 83
4 103 116
33 158 305
85 99 210
46 99 189
29 114 328
16 39 61
92 34 172
39 97 173
76 34 119
42 100 152
8 95 113
17 113 239
34 134 193
45 41 93
36 108 151
83 96 189
30 23 160
48 32 92
63 98 230
83 79 275
24 23 87
29 93 130
26 153 295
69 143 212
8 138 149
87 192 286
36 166 208
46 157 245
14 112 135
78 126 308
89 125 214
86 158 286
94 70 172
91 173 342
1 134 137
79 110 194
49 4 53
55 152 224
100 102 207
58 130 215
92 1 118
25 172 370
73 96 169
5 113 118
92 46 160
80 34 129
78 198 321
94 17 118
13 62 148
45 0 45
36 104 142
80 175 261
98 106 230
1 30 31
87 126 249
74 143 274
49 11 87
73 186 445
82 3 94
12 121 210
76 32 109
43 149 200
79 157 326
80 46 128
42 15 58
79 109 226
59 192 258
90 94 193
12 176 365
20 15 35
75 28 105
15 173 220
12 40 94
25 49 81
79 84 353
42 10 80
6 54 102
94 103 348
67 159 232
94 60 162
23 80 107
53 30 87
4 4 163
51 144 224
93 74 195
16 184 208
44 168 239
10 30 123
49 131 190
12 195 210
17 116 139
82 64 309
74 161 258
73 191 295
25 71 277
33 92 150
4 189 209
24 17 233
97 195 328
9 44 99
68 70 184
98 179 337
47 17 252
83 132 221
79 115 202
94 135 260
79 167 286
49 40 104
50 42 92
15 71 159
88 37 139
36 73 248
79 56 144
11 73 104
53 38 140
100 95 196
27 4 38
47 42 281
78 6 104
58 112 194
30 91 155
99 183 367
94 137 295
45 103 148
29 70 104
41 73 117
20 100 138
30 23 118
19 64 91
74 51 129
99 21 141
47 122 169
14 109 141
35 138 179
27 162 200
39 56 99
25 96 129
17 128 146
17 78 130
31 179 215
25 5 75
87 31 140
5 6 23
53 151 211
19 136 160
91 61 184
23 49 134
15 127 237
39 59 232
44 7 128
66 84 185
78 115 241
22 17 46
92 167 265
24 165 200
71 151 266
59 140 203
81 40 125
86 85 174
94 17 125
17 159 261
16 162 182
61 94 159
47 119 211
12 27 60
34 183 220
90 30 127
44 56 141
58 142 248
96 136 292
36 179 250
82 59 148
5 78 90
86 12 203
4 39 126
49 109 164
77 90 203
64 42 106
38 181 280
40 29 71
27 178 321
85 63 148
97 4 231
15 153 168
53 25 128
4 119 159
63 100 166
86 32 142
50 50 108
80 93 205
41 24 133
6 121 144
11 186 285
26 103 274
64 59 131
74 191 268
91 119 379
91 29 130
65 63 321
40 147 274
73 76 169
40 91 153
91 156 285
30 167 205
50 199 406
50 142 234
56 19 82
92 32 200
88 1 122
46 193 273
16 184 208
24 128 287
39 105 170
60 189 259
99 85 197
76 146 243
100 196 479
46 13 137
22 48 78
29 174 220
61 133 204
77 193 278
37 187 269
77 167 397
47 193 406
88 199 296
63 140 208
25 14 134
46 71 117
14 134 188
48 28 87
100 193 297
73 106 190
82 147 238
13 104 123
28 4 139
20 52 156
9 157 171
30 149 183
23 67 139
45 174 398
44 99 152
31 0 194
45 173 235
78 76 163
6 103 112
13 81 102
58 0 242
93 195 341
37 1 44
68 95 212
24 126 157
93 197 307
96 147 379
45 89 169
3 169 307
60 63 128
86 183 324
19 182 201
66 145 215
63 57 134
20 100 230
28 13 46
47 97 282
83 11 102
99 59 164
87 60 154
23 24 74
1 88 167
98 91 191
12 70 86
81 158 279
26 38 99
35 30 86
51 17 77
20 135 204
7 43 59
4 6 44
8 88 119
57 20 262
55 183 238
50 105 157
28 50 80
11 65 81
17 191 216
9 92 144
25 150 296
34 161 208
98 151 291
99 69 242
15 188 206
70 200 275
48 157 213
47 14 63
80 66 153
48 141 192
69 89 322
80 38 226
27 141 211
14 140 236
10 105 126
57 48 115
30 198 246
96 93 274
10 163 175
36 187 224
10 59 83
3 103 106
18 84 230
86 99 192
87 157 384
67 64 163
25 196 248
40 44 90
78 65 181
9 88 108
53 42 101
4 3 14
72 170 274
30 35 257
79 187 266
70 37 198
27 132 165
69 43 117
31 53 124
44 153 200
36 91 129
64 115 218
54 148 284
8 160 366
41 31 72
94 160 285
85 146 237
55 151 206
76 194 303
46 38 201
84 106 240
85 112 215
98 42 148
63 135 205
81 85 210
71 135 327
23 113 146
24 20 69
32 95 168
62 114 304
65 185 326
