450
63 85 153
41 142 329
87 192 373
74 200 393
36 179 264
11 197 209
72 99 212
28 17 98
27 126 189
6 86 134
20 145 212
65 149 216
55 51 112
67 32 139
46 160 247
77 188 275
22 4 33
97 182 416
41 161 228
54 64 124
82 194 436
93 65 174
63 89 153
11 98 114
75 85 180
56 37 103
60 102 185
25 117 152
34 157 340
94 175 279
40 130 220
32 137 196
49 20 148
68 101 178
3 130 135
39 62 266
73 38 121
67 51 168
79 68 153
100 195 489
54 125 217
52 129 187
40 193 415
64 176 282
98 115 285
6 82 91
86 37 155
40 57 142
14 68 92
66 190 261
5 14 31
10 175 330
24 49 117
27 162 198
39 161 395
94 67 199
72 141 235
55 18 82
92 160 280
68 173 318
89 195 312
47 76 123
82 84 175
93 50 327
90 105 212
93 96 190
67 144 229
91 37 175
61 113 252
35 126 180
98 140 312
77 82 169
62 73 149
57 34 106
84 36 125
26 56 110
76 133 213
72 85 266
45 144 192
23 111 149
88 31 136
19 96 131
65 136 237
18 152 180
13 127 145
6 17 88
59 191 257
56 130 190
14 95 116
88 22 161
16 62 113
8 129 182
8 151 172
49 62 112
63 137 217
50 145 325
60 151 218
54 61 225
73 181 303
50 145 233
93 14 147
13 79 194
21 192 217
51 99 150
82 60 147
73 25 139
59 144 238
91 130 279
63 6 77
42 196 254
9 143 313
5 166 180
8 161 177
60 110 187
46 141 195
7 147 164
60 198 298
6 178 191
76 44 170
46 67 158
10 115 156
74 187 263
26 118 186
16 35 66
68 168 244
56 188 275
57 130 208
43 179 247
8 113 304
59 164 246
10 89 100
37 63 101
28 164 227
89 176 269
10 28 48
91 178 317
49 150 242
94 117 217
61 172 308
58 164 267
82 3 134
61 37 189
95 173 268
54 10 123
52 109 172
24 119 150
70 71 168
6 175 224
50 92 322
27 128 163
51 197 442
90 57 154
19 198 245
50 164 223
13 6 31
4 71 80
60 178 245
20 123 146
41 118 296
65 177 252
86 29 115
81 95 185
95 36 137
46 63 116
45 89 143
42 50 101
12 182 201
89 55 271
64 140 338
46 144 191
85 144 248
52 37 261
33 58 100
33 57 91
26 197 231
59 43 135
55 176 231
36 144 197
86 13 105
78 113 219
40 159 357
88 15 116
67 116 196
91 146 237
27 44 232
66 182 257
46 55 301
15 160 293
2 111 148
7 158 170
47 40 99
40 43 92
8 33 85
63 143 211
39 125 332
89 63 161
79 1 85
97 115 236
60 165 233
10 100 113
68 126 217
64 151 222
65 11 78
71 69 173
59 140 207
57 121 212
1 61 225
13 188 237
17 43 86
94 61 159
24 100 126
55 170 240
99 140 265
88 53 150
69 187 260
35 150 189
13 108 181
74 182 263
2 115 117
30 170 201
92 182 392
9 58 173
62 57 126
89 168 267
56 179 281
75 80 160
81 38 162
12 193 365
91 6 224
1 183 184
41 146 230
51 62 196
55 164 403
75 143 235
25 157 188
2 183 185
67 61 184
47 169 249
94 110 207
81 82 172
35 42 86
4 18 92
45 117 167
33 139 182
73 163 238
48 195 253
42 40 240
52 0 160
20 187 213
89 42 134
5 92 101
31 125 162
39 81 155
43 162 350
12 106 127
67 66 133
30 61 113
54 50 104
21 148 173
94 94 233
35 177 215
62 161 223
78 125 205
42 83 156
98 36 136
81 47 244
28 69 114
96 134 253
82 35 143
6 43 54
94 36 135
99 37 140
83 145 234
4 15 21
40 112 179
1 133 162
99 28 131
65 107 177
22 170 284
72 188 263
16 199 229
15 179 204
2 191 215
61 60 315
35 153 253
41 190 241
26 137 197
25 40 65
33 188 223
49 140 291
84 145 238
17 19 97
72 74 192
25 114 175
22 57 106
1 159 333
42 46 97
86 165 423
16 181 213
66 9 120
24 120 166
51 16 75
64 91 224
62 193 259
12 59 160
58 163 232
44 33 108
92 56 191
79 169 281
15 28 83
31 7 220
28 165 198
5 100 237
57 51 114
9 104 161
36 146 190
39 170 216
15 134 287
64 36 128
58 74 181
8 178 188
12 11 128
46 14 104
34 1 82
7 135 231
85 187 274
5 6 88
90 40 202
56 155 246
45 75 123
34 99 157
21 56 78
79 0 86
92 154 252
94 62 347
99 5 114
100 115 251
44 7 59
45 78 124
87 157 251
87 127 228
50 3 53
32 77 225
19 90 119
94 183 279
64 171 280
50 157 208
5 96 134
60 96 158
35 196 242
7 61 194
68 41 109
69 172 416
25 177 207
89 22 111
1 96 285
33 158 195
56 111 184
86 7 97
30 49 192
72 200 275
57 171 259
10 16 34
18 113 235
44 159 203
58 32 95
63 150 257
17 81 101
66 110 196
30 142 370
30 51 89
89 132 229
12 155 169
61 76 157
5 48 90
2 68 180
20 28 111
79 197 278
66 184 260
55 67 229
72 169 289
100 26 128
48 146 195
41 185 365
46 108 164
40 197 277
28 60 95
4 137 186
59 132 252
18 146 176
80 189 278
11 148 162
88 37 132
51 42 230
14 145 268
57 159 223
78 24 117
80 105 188
74 116 196
100 151 340
83 160 279
2 137 146
72 168 372
79 4 158
53 23 174
25 28 98
28 183 215
54 164 280
82 127 215
80 104 185
43 197 276
13 5 41
11 157 214
96 136 276
9 182 255
6 121 317
70 150 265
77 168 255
38 164 293
11 31 94
43 9 74
5 82 125
75 63 158
49 154 244
10 17 225
100 144 278
51 119 180
2 97 132
8 57 74
50 141 200
5 20 52
19 138 160
52 37 138
66 130 243
53 97 193
16 53 76
97 161 259
62 54 124
19 67 117
9 68 87
80 59 144
93 69 191
25 0 55
39 90 133
59 19 108
71 179 281
27 3 69
7 63 71
57 175 278
1 11 12
