910
3 175 181
26 100 128
59 62 229
36 158 240
62 118 223
23 190 323
58 44 110
16 147 326
92 178 299
24 67 247
87 104 193
34 56 94
17 41 183
86 175 427
49 105 333
9 165 214
72 197 432
99 14 148
28 90 142
63 103 189
84 169 287
28 25 76
3 53 102
39 156 216
37 89 222
71 41 126
59 63 128
19 65 132
55 198 259
34 90 133
3 62 69
39 52 99
52 65 235
32 63 105
84 12 107
47 194 269
25 129 203
41 189 241
30 142 173
73 141 229
64 174 248
48 24 79
15 5 104
64 150 263
82 106 197
54 197 346
4 77 196
3 175 183
38 150 227
28 179 396
91 28 122
11 151 240
4 30 53
86 31 159
49 78 182
65 95 192
69 156 262
6 69 180
54 70 161
65 120 219
25 39 102
85 156 247
3 80 103
72 59 140
95 108 365
17 152 170
25 177 208
72 72 153
99 171 335
38 188 227
31 127 265
35 153 207
18 25 146
69 152 326
67 38 105
75 72 285
61 29 99
20 87 296
44 89 241
28 19 53
56 47 223
62 169 257
45 160 213
76 90 168
97 88 192
20 172 219
83 131 239
17 48 74
18 99 118
9 64 77
86 30 119
71 172 271
41 136 197
39 151 193
43 84 128
87 175 265
96 4 100
65 115 222
62 197 302
30 200 230
36 77 113
20 141 217
40 81 156
29 58 129
46 155 300
72 35 179
97 129 232
12 59 97
9 86 103
5 185 194
81 144 254
10 58 177
54 56 111
19 125 144
22 79 102
58 173 376
56 73 136
14 79 93
22 46 68
90 107 217
92 70 186
26 162 364
99 67 172
58 18 82
88 196 288
99 12 188
31 83 120
54 72 132
50 180 292
11 164 175
48 114 326
16 143 306
18 186 322
33 83 173
83 152 284
64 66 301
83 54 223
97 29 174
83 41 133
100 110 211
56 60 226
37 61 143
77 1 82
57 194 265
24 76 103
93 92 283
98 194 317
75 63 178
44 134 185
18 88 112
39 47 192
20 3 30
65 12 91
55 47 176
48 88 149
10 194 235
20 24 93
79 190 319
53 68 140
84 50 134
55 75 323
48 192 288
68 54 128
79 87 183
83 94 181
28 133 164
20 136 332
65 191 264
21 12 36
59 177 370
22 164 302
33 105 180
42 143 185
73 31 132
24 94 287
43 84 198
3 46 87
80 133 219
74 90 199
13 38 137
66 13 80
91 171 269
35 147 197
8 122 299
73 111 213
72 131 372
58 175 280
13 81 118
34 42 131
94 169 429
40 92 329
69 124 203
58 134 274
37 4 194
28 58 236
73 12 140
47 184 279
21 6 105
51 48 242
55 130 224
95 38 139
59 126 194
96 90 192
83 96 322
95 36 140
73 152 234
2 19 28
89 108 197
100 85 330
43 187 279
55 36 92
3 150 259
63 186 259
82 147 230
82 77 161
60 161 226
37 100 156
46 200 287
80 68 249
21 102 147
94 197 301
39 24 123
5 44 107
98 93 201
96 140 256
100 193 328
53 65 291
47 144 193
33 129 295
99 13 117
31 167 321
71 191 262
60 155 216
82 176 294
73 161 372
14 50 110
31 69 150
70 70 256
84 30 121
21 165 194
60 14 163
59 114 178
13 108 129
67 0 75
57 193 255
2 14 150
49 61 270
55 45 271
24 188 234
55 121 178
81 110 200
49 102 156
62 107 171
72 71 179
88 39 144
9 170 187
17 161 178
35 164 204
3 142 195
8 26 125
61 118 183
100 122 258
67 120 194
41 116 185
58 193 282
68 135 208
70 42 121
75 154 317
66 149 258
8 113 211
73 185 436
8 36 44
52 95 158
58 140 207
47 54 108
92 116 228
99 126 229
3 167 179
12 105 127
33 94 305
20 84 161
80 26 249
22 90 131
25 177 260
29 142 173
80 7 94
23 181 266
39 167 256
49 184 237
20 62 89
87 1 120
89 154 247
57 52 234
50 105 333
60 142 254
4 107 113
84 155 401
37 127 164
63 73 162
29 173 225
24 9 93
73 122 197
83 180 384
6 42 171
39 3 67
25 196 231
16 53 108
94 140 235
65 198 278
64 183 290
43 187 237
68 133 223
9 85 102
7 32 187
77 24 151
30 47 109
6 179 333
30 192 233
53 42 134
36 25 228
63 27 98
73 166 269
57 1 175
59 176 237
73 143 224
18 31 54
87 43 137
18 114 142
90 36 262
8 78 133
85 93 196
55 85 143
79 153 253
31 70 274
96 64 193
51 189 336
86 4 100
95 81 274
53 105 326
100 147 248
43 160 203
90 186 280
4 110 231
30 71 132
80 75 166
96 83 207
31 13 234
2 124 139
77 8 121
17 169 195
81 9 286
41 99 237
41 126 168
19 56 125
62 82 149
62 83 160
38 164 210
57 136 238
50 38 97
44 122 176
22 24 53
12 105 124
8 39 117
86 110 204
75 174 253
31 112 200
5 178 191
92 102 242
29 93 122
100 177 366
54 188 251
71 145 388
52 61 119
13 54 76
26 56 180
19 192 227
74 123 222
45 157 397
9 136 192
44 66 122
75 199 429
68 27 96
15 193 222
60 104 297
16 102 157
59 130 199
18 195 235
54 31 95
58 145 228
3 160 168
20 9 173
21 45 114
61 54 180
6 129 238
42 157 238
29 174 247
68 128 205
3 148 170
65 49 313
93 135 267
4 188 263
77 168 281
74 86 339
5 93 200
75 189 285
89 67 208
1 173 175
78 177 259
45 42 100
90 8 132
68 107 197
89 119 215
44 135 184
66 25 97
17 126 176
18 189 268
28 70 103
77 91 202
84 136 289
40 5 74
15 174 348
83 183 453
26 142 362
31 104 307
89 36 181
44 196 278
57 13 145
10 107 122
64 61 135
92 112 376
55 173 236
27 112 263
93 145 281
72 134 210
29 196 226
57 56 141
42 90 150
72 138 247
46 39 144
56 116 332
70 121 201
41 130 235
25 17 45
90 177 287
57 11 261
94 131 225
35 60 123
27 19 89
46 90 160
91 124 248
93 2 142
3 88 113
54 27 89
30 107 185
32 6 114
58 84 160
58 132 194
5 25 44
83 68 197
28 123 268
89 49 186
13 99 293
27 148 183
31 67 98
6 60 98
4 114 156
25 173 204
70 193 344
71 120 366
23 11 39
19 154 190
2 114 121
87 53 147
49 107 198
39 92 246
81 84 253
43 97 289
13 21 41
39 17 61
64 11 156
32 94 175
58 164 234
70 188 283
85 76 173
40 145 190
1 71 80
65 85 151
64 184 403
56 169 342
67 124 234
32 176 281
84 128 220
41 154 198
27 186 236
14 44 62
73 163 294
35 83 153
39 48 194
85 41 144
14 19 66
96 23 270
66 22 90
48 126 283
35 25 193
4 147 213
87 0 108
80 125 251
96 37 140
23 50 79
28 171 325
54 176 270
74 123 225
50 42 102
93 198 298
80 149 286
29 39 139
49 2 124
95 11 108
50 39 91
63 62 126
80 164 250
43 169 215
26 58 91
46 150 197
5 95 102
2 141 153
71 180 451
69 89 160
15 81 192
54 128 222
3 67 230
21 82 109
21 183 379
5 141 153
22 100 166
49 47 105
49 59 132
10 165 203
61 123 227
27 41 73
100 9 119
19 60 127
43 69 112
3 126 135
49 146 204
82 74 268
31 57 91
39 102 209
11 162 177
85 197 318
46 190 324
1 18 94
13 183 202
44 108 184
22 84 112
42 141 229
6 184 215
86 27 148
85 161 289
27 141 262
55 84 141
69 65 193
79 114 197
89 77 183
82 57 142
83 159 245
38 108 148
67 196 269
59 72 132
7 153 170
42 1 207
11 185 205
19 94 113
47 109 160
3 23 50
63 163 273
69 100 339
37 49 98
9 101 143
57 86 158
75 32 107
33 149 312
56 183 252
84 178 273
95 45 182
44 16 98
79 30 124
60 66 173
58 180 414
3 120 124
82 76 193
79 133 305
84 24 115
77 168 323
51 143 217
64 68 135
29 70 120
46 64 305
99 79 253
26 186 334
73 106 183
21 44 82
56 61 119
59 196 257
56 73 248
33 118 177
37 10 79
2 128 153
64 28 100
100 101 231
66 58 151
33 12 73
76 61 301
74 94 174
64 123 322
59 114 298
11 117 177
55 25 101
56 51 111
3 117 121
6 190 360
8 29 62
66 100 261
47 194 245
27 189 216
22 119 142
17 160 178
88 198 308
70 158 261
38 173 228
48 5 57
64 108 179
99 57 163
79 89 178
56 40 99
86 62 154
51 181 401
75 6 94
83 149 233
86 145 303
93 199 310
50 35 167
83 100 188
85 66 167
39 144 210
67 129 200
32 195 231
44 96 149
36 31 148
39 46 89
67 78 308
60 37 209
42 148 192
9 144 156
48 6 65
4 141 254
76 112 371
72 104 186
78 46 134
60 185 256
86 64 174
75 107 285
68 61 157
30 23 187
64 73 154
16 184 248
94 169 306
95 79 197
59 149 215
87 74 167
41 89 138
41 179 229
16 174 196
28 52 89
51 35 170
50 53 146
39 53 170
45 50 123
31 24 98
14 10 92
71 71 181
67 168 244
81 67 155
71 145 222
41 68 278
44 7 236
56 103 207
42 58 101
62 12 74
62 5 74
85 52 186
21 164 229
98 10 184
95 189 287
52 148 202
63 21 84
22 122 180
91 174 266
44 23 74
93 125 227
19 53 84
52 193 290
7 198 393
94 70 170
87 150 378
66 84 155
20 112 137
14 60 136
30 62 110
45 154 204
66 140 241
61 102 167
22 141 208
95 77 177
28 140 278
5 76 86
20 5 30
89 41 174
64 43 150
36 191 271
75 168 248
44 158 209
38 170 212
47 106 178
8 90 130
63 23 281
64 55 141
73 177 426
26 108 144
7 183 200
34 20 57
97 157 305
24 17 72
33 124 180
76 17 240
63 148 238
71 188 444
98 93 236
13 125 145
35 160 217
19 13 60
54 118 172
63 152 242
14 39 63
2 141 183
33 120 160
48 40 193
32 128 169
59 158 222
13 127 150
19 9 129
53 153 209
88 182 422
11 95 155
11 102 119
70 114 194
17 66 86
59 104 172
4 110 114
53 34 91
78 120 281
71 52 127
62 9 91
21 123 181
86 89 251
15 188 206
78 120 214
45 64 117
15 107 160
12 68 177
3 140 146
77 70 175
25 29 71
93 118 237
39 114 163
99 186 367
32 12 47
86 31 134
68 197 301
65 167 331
91 93 322
6 165 293
19 26 95
96 136 238
18 199 351
10 106 222
21 141 171
88 4 95
17 170 219
24 107 177
25 19 91
44 111 188
61 48 126
4 187 197
79 41 217
12 101 162
95 54 162
38 39 255
53 176 325
5 106 235
5 9 64
77 150 302
38 154 215
41 32 120
68 148 253
47 48 166
30 186 399
6 67 78
23 177 273
28 107 140
5 92 99
78 44 232
27 118 163
40 108 193
85 135 226
51 91 166
10 64 74
36 179 310
85 108 196
35 165 247
76 26 107
17 133 215
43 63 148
83 184 380
8 63 80
63 149 312
89 18 116
11 112 126
23 25 158
3 195 281
7 196 211
53 69 130
42 150 201
68 26 110
4 129 167
82 12 102
89 133 226
20 99 127
93 151 251
26 199 226
36 173 218
43 132 241
26 37 67
55 176 236
42 94 142
74 38 269
35 103 161
57 60 147
75 108 190
41 195 242
72 184 257
48 77 307
76 37 202
28 145 192
1 44 180
47 22 76
58 155 221
57 112 203
46 4 56
54 188 273
30 109 143
97 54 157
66 58 257
84 92 180
74 14 91
46 94 199
21 97 123
18 83 258
74 12 198
48 54 277
84 24 117
16 85 103
6 138 249
68 12 122
34 174 217
68 135 399
50 53 106
25 129 204
96 168 320
63 71 167
8 132 308
79 168 270
56 105 169
13 191 218
51 157 265
37 74 117
70 26 247
70 48 167
45 143 195
76 189 296
39 140 227
59 163 371
53 63 165
8 199 217
43 191 369
71 34 131
91 101 325
96 187 288
28 56 110
54 149 208
96 182 303
10 159 175
26 190 216
86 58 156
83 25 117
48 15 102
40 5 87
25 97 165
72 59 183
89 29 166
