770
25 141 225
34 18 57
2 5 10
44 193 247
74 77 158
60 32 111
100 145 246
2 141 160
19 179 206
68 73 277
55 22 81
62 6 99
88 19 107
90 100 269
33 178 255
12 188 229
48 175 270
45 83 176
23 92 117
35 90 138
44 198 242
88 195 287
98 175 276
45 150 201
84 74 158
18 99 190
69 51 294
73 145 227
33 128 169
44 42 247
5 135 147
89 135 248
100 72 349
37 113 155
3 155 163
91 21 113
58 54 112
56 41 260
19 175 235
74 82 196
21 69 95
96 8 110
64 137 298
91 161 284
89 48 139
11 107 119
59 133 218
25 3 156
34 155 191
44 179 228
8 160 171
85 17 299
87 141 235
15 12 142
65 113 371
15 80 100
49 12 101
57 188 349
17 165 188
52 35 109
12 20 35
76 15 95
7 187 202
33 6 63
8 44 86
94 200 294
89 34 126
90 12 146
32 33 209
79 133 212
96 94 191
5 143 157
88 14 120
33 25 69
33 103 138
14 16 180
31 96 130
54 104 340
49 137 335
61 127 306
60 3 79
16 121 256
13 38 54
1 153 180
99 134 269
85 58 144
41 41 88
2 164 323
77 152 237
93 70 228
78 102 184
81 98 187
55 35 190
77 93 179
13 78 128
36 43 84
6 54 109
60 130 197
54 13 73
43 117 167
41 134 180
41 110 280
51 80 143
87 105 232
65 141 213
9 1 21
43 69 147
26 53 80
13 156 325
86 3 96
14 29 196
35 69 123
50 97 256
44 30 79
82 2 85
61 190 287
67 154 262
29 182 214
46 41 94
5 38 145
37 117 318
92 45 157
71 24 115
83 127 210
42 126 170
52 102 191
81 58 289
51 59 151
67 122 237
49 22 78
40 165 214
66 200 266
64 141 353
41 58 168
9 168 185
50 56 112
92 42 206
42 44 162
41 176 290
48 23 85
23 53 79
53 125 211
61 104 171
70 133 205
96 110 229
90 159 258
36 55 103
75 173 248
21 3 53
90 149 248
88 31 141
82 10 102
68 15 116
36 71 141
20 123 164
3 130 141
19 109 162
84 36 275
66 195 407
5 21 76
61 92 156
49 74 150
87 97 200
27 53 101
33 101 315
65 12 98
6 22 35
22 179 272
95 76 178
16 81 216
21 120 283
55 159 229
70 4 164
22 81 146
59 150 211
85 55 147
53 135 360
85 156 288
35 5 140
38 17 127
97 29 198
58 4 133
86 17 141
50 95 148
38 183 224
6 120 277
98 23 217
30 186 317
91 2 93
57 137 196
11 129 175
56 36 111
14 73 210
70 11 89
3 187 224
19 78 164
82 38 132
97 58 159
43 25 116
51 175 325
35 158 284
9 138 155
1 95 128
39 48 87
37 196 257
1 31 38
71 35 153
4 77 93
77 188 315
13 195 209
9 127 169
52 175 399
81 121 217
41 114 163
18 159 225
18 177 198
93 126 229
28 160 270
41 198 239
44 13 118
61 4 65
49 67 156
79 104 193
36 175 235
23 124 213
34 73 215
29 71 122
68 93 202
31 73 149
40 107 149
74 187 271
49 170 225
4 31 215
89 199 386
40 104 177
63 166 230
94 169 266
33 85 165
18 178 201
18 14 117
77 34 117
5 13 43
5 44 52
11 139 191
70 56 138
89 181 291
35 120 176
58 66 323
61 174 242
55 171 256
82 173 258
93 186 307
87 132 360
44 133 227
99 152 361
47 172 223
89 71 182
62 131 197
6 89 133
32 120 198
39 54 99
59 79 138
100 158 281
8 113 152
39 40 248
86 141 416
35 122 191
37 148 207
91 70 164
77 107 188
70 37 126
21 165 328
50 130 192
56 70 133
81 163 439
10 136 191
95 135 273
56 160 224
86 156 250
23 2 31
99 42 146
72 27 108
100 147 323
25 75 121
16 66 126
3 0 6
20 166 193
13 157 321
31 114 237
98 29 227
12 13 42
32 106 140
15 6 47
92 98 199
17 58 78
92 198 329
45 20 70
7 92 123
56 85 222
70 188 302
14 14 67
70 26 234
50 31 92
47 91 148
72 101 252
100 123 237
7 50 115
63 40 103
61 107 186
68 49 128
78 191 316
23 112 140
29 38 71
86 61 149
28 25 200
100 49 151
83 44 131
90 149 323
39 150 227
2 1 47
83 99 187
18 120 174
16 165 214
5 130 140
2 105 121
49 28 144
9 64 75
68 146 230
53 20 202
37 75 119
78 53 152
35 97 181
72 7 81
81 111 252
9 28 50
11 131 330
78 44 126
78 130 212
31 141 173
51 160 398
26 95 167
69 184 270
34 94 128
27 152 189
68 165 240
67 38 111
77 77 161
48 177 253
11 166 200
41 173 223
21 94 116
49 126 201
34 16 163
29 49 83
60 117 202
3 156 161
100 51 158
14 43 68
57 130 225
59 101 197
63 162 226
82 11 158
9 169 183
95 141 417
85 186 295
8 199 223
79 5 218
65 20 104
94 33 209
50 67 118
28 145 174
26 92 164
52 39 173
54 152 206
8 188 359
86 140 229
97 119 232
87 84 206
32 130 170
36 89 135
61 39 135
8 22 74
93 171 306
81 190 275
32 165 302
13 85 271
21 177 209
38 7 68
71 173 249
44 193 237
39 168 210
96 97 223
53 49 222
21 56 212
95 174 279
17 68 221
51 187 240
99 27 128
68 16 195
89 92 182
62 154 264
85 182 286
8 20 213
21 61 91
71 13 148
43 42 85
1 195 272
61 186 308
73 15 89
79 199 406
77 166 258
15 193 246
15 57 74
19 1 30
69 181 295
32 23 65
14 160 212
71 84 194
65 80 222
27 100 237
89 96 206
3 68 79
55 5 82
86 106 285
78 95 173
36 123 168
31 29 67
6 96 128
29 87 159
47 176 240
37 4 49
78 54 132
8 169 189
39 196 328
84 42 286
74 50 148
9 90 108
75 49 129
90 166 259
30 104 144
88 46 136
2 187 275
68 20 246
75 45 179
32 21 63
49 164 243
40 164 216
93 185 457
71 58 256
59 74 162
46 154 215
62 197 270
10 28 59
19 126 282
47 52 130
7 193 320
66 21 99
5 83 94
17 1 26
70 108 313
64 159 407
98 193 300
83 111 231
35 37 200
40 128 182
51 191 290
55 132 197
60 183 276
28 19 185
72 7 176
23 40 106
68 46 117
70 81 151
42 83 303
96 50 332
39 12 98
88 85 187
69 200 276
24 175 207
30 188 275
89 15 114
56 88 188
33 84 167
7 40 154
80 181 329
98 71 174
46 148 341
24 137 331
87 179 408
44 94 164
68 46 147
44 199 297
100 133 420
60 128 344
72 197 269
25 69 99
86 33 127
90 37 134
12 125 185
62 80 192
98 25 133
98 164 412
69 167 285
16 25 69
49 102 155
70 124 322
94 192 296
78 122 349
76 32 126
34 109 193
72 156 416
95 133 237
72 74 148
17 50 261
23 87 110
2 196 229
4 43 78
32 138 212
91 63 158
49 129 221
96 38 139
17 127 160
68 11 99
60 138 254
100 59 198
62 150 218
69 54 144
71 23 189
79 148 244
89 179 278
16 64 121
40 154 232
79 56 144
64 175 241
31 90 128
67 176 253
10 47 172
61 63 223
73 6 81
63 30 137
89 120 226
71 132 365
71 95 168
95 126 260
99 136 361
5 111 129
98 175 291
94 75 171
55 59 249
75 190 404
59 108 167
35 160 202
97 155 259
95 110 215
27 200 229
89 147 284
95 56 157
14 200 222
60 156 235
47 127 175
86 96 186
4 189 199
35 61 231
45 154 367
48 163 220
90 54 183
80 130 295
77 194 452
90 189 282
100 40 145
4 4 8
94 184 318
19 45 107
9 184 210
73 184 289
35 177 231
39 118 160
71 110 196
17 42 81
27 193 315
37 25 64
3 86 264
60 61 147
88 100 201
2 188 192
76 145 232
22 191 220
37 92 244
98 108 228
85 28 140
81 160 412
87 97 190
60 82 164
16 148 173
53 165 227
85 65 279
77 95 173
62 180 303
17 124 154
36 105 339
13 61 81
37 1 39
55 61 123
93 160 255
30 41 73
87 56 167
96 61 167
4 9 63
77 117 202
58 40 287
49 129 183
27 49 89
17 12 49
73 8 106
26 141 346
57 18 78
56 103 228
54 8 147
61 128 202
6 145 260
78 126 206
9 133 256
2 26 168
23 180 235
73 7 95
92 179 279
49 179 258
88 3 104
36 151 228
27 122 195
61 164 230
20 166 223
69 53 122
96 95 291
99 186 293
51 5 82
62 34 173
18 16 171
49 138 269
9 39 57
15 77 131
81 5 203
65 114 185
8 23 34
73 103 222
84 111 272
88 78 338
62 53 124
85 44 133
93 63 354
73 69 142
77 83 302
49 139 201
48 96 149
12 46 103
94 152 247
24 61 253
38 80 183
69 147 230
52 29 89
73 162 242
9 87 96
12 97 109
27 7 42
93 29 123
69 120 362
45 24 71
79 171 358
33 102 169
85 15 164
93 135 229
32 33 94
20 6 37
70 124 197
60 28 98
7 190 379
82 159 400
18 186 226
38 193 275
5 91 192
46 21 75
97 39 290
42 161 399
42 52 144
40 193 236
71 44 239
39 66 107
58 190 288
86 22 242
53 102 333
23 109 186
51 28 79
92 24 148
71 163 239
85 157 325
31 117 148
46 18 110
39 197 262
67 190 441
31 66 147
20 198 265
30 159 306
98 91 199
91 182 275
44 132 340
58 165 245
23 100 187
77 73 151
9 150 161
4 198 341
11 11 29
46 50 99
81 195 278
4 118 268
31 3 74
29 126 165
70 53 270
83 173 287
99 178 287
56 117 211
6 37 53
75 43 165
20 122 169
74 90 270
95 88 184
10 192 359
65 124 231
41 32 208
93 177 273
44 77 125
23 112 143
64 53 286
21 63 164
14 193 207
53 186 373
40 49 128
57 98 160
84 57 148
93 72 171
31 179 211
48 53 127
52 104 159
65 87 160
21 2 50
89 12 180
32 122 167
60 160 258
7 134 147
83 161 267
1 85 255
92 110 202
84 155 243
37 8 88
87 4 95
54 67 128
86 159 300
25 102 324
93 52 161
2 137 143
49 169 223
78 192 382
34 171 253
12 71 91
13 93 109
19 34 62
5 21 69
93 64 161
14 7 64
22 191 219
45 40 157
