310
98 121 227
44 69 290
61 89 301
84 1 236
45 8 242
13 144 232
9 83 100
30 67 260
10 62 243
24 125 157
55 170 292
68 63 132
72 103 330
33 58 139
39 60 185
50 18 90
21 27 50
33 124 327
12 134 153
79 8 98
37 145 209
85 86 198
27 99 130
2 157 216
40 62 192
95 39 211
58 22 190
24 173 313
95 2 105
74 171 247
54 36 96
12 13 41
36 2 90
42 191 242
51 76 131
17 91 173
70 22 92
81 1 92
38 55 118
74 78 178
80 102 185
48 183 270
68 18 124
35 196 258
72 18 97
51 127 228
15 0 36
37 19 59
43 4 244
90 182 438
49 134 330
86 192 313
57 3 221
48 16 64
64 184 303
20 82 107
42 119 161
94 174 397
1 200 221
100 143 273
24 157 205
70 12 92
70 52 135
78 109 346
53 18 76
91 49 177
81 44 150
96 156 434
31 45 78
15 79 121
71 30 156
67 98 170
58 167 226
49 22 78
27 55 86
21 111 177
13 86 99
42 160 206
1 146 154
94 186 311
39 16 82
13 54 68
49 17 68
56 107 182
75 26 282
8 180 212
96 86 337
58 33 91
89 38 293
16 161 332
12 4 119
66 7 167
56 156 217
38 60 106
74 166 250
36 158 240
84 47 132
54 88 149
7 105 114
18 106 129
29 135 174
89 183 279
42 0 51
61 75 158
6 122 137
12 89 131
45 114 205
10 110 124
10 191 202
61 132 242
23 94 126
52 88 145
26 139 174
67 176 344
52 81 329
80 53 293
89 118 217
38 183 226
75 49 183
25 88 139
37 74 121
33 116 187
18 27 53
44 74 124
15 120 138
54 114 212
95 154 267
61 66 133
98 64 172
64 137 327
7 175 205
61 128 338
42 28 77
1 198 253
83 89 180
59 186 252
48 88 153
92 37 310
25 99 151
100 69 207
55 127 253
40 129 203
57 137 195
19 84 136
18 56 76
88 33 142
87 168 273
24 88 152
50 27 81
22 118 295
91 16 247
81 136 223
2 94 222
43 28 110
43 61 125
62 29 258
11 199 348
15 28 64
32 114 150
18 177 298
9 93 145
40 111 251
63 155 386
65 145 224
48 107 156
92 153 250
19 106 138
67 73 314
69 11 121
50 109 169
59 99 335
59 54 133
96 161 262
31 24 70
90 190 312
37 122 164
11 100 140
16 167 227
88 36 133
27 111 155
45 149 199
49 18 121
47 102 163
78 55 143
90 23 116
100 90 215
67 159 259
37 74 184
30 46 175
10 139 158
72 46 127
92 180 274
32 119 164
62 141 226
76 12 89
77 89 192
24 82 115
38 100 147
83 63 162
90 111 349
78 185 332
39 95 234
18 109 136
60 32 96
30 64 170
8 92 156
93 197 335
82 12 193
91 128 221
8 123 221
11 45 62
16 80 128
80 190 278
7 119 140
15 132 173
62 144 275
30 170 231
46 34 91
11 146 342
29 36 86
8 36 50
50 175 227
96 28 124
100 113 223
2 4 54
58 199 293
72 58 173
75 47 279
21 6 37
89 24 148
79 47 129
43 169 246
23 43 66
68 8 81
81 4 93
66 188 304
79 9 187
64 49 116
86 141 323
97 132 243
1 163 170
71 102 194
81 199 349
22 61 131
11 17 60
64 182 248
16 120 143
10 143 274
19 97 230
8 134 163
96 85 190
99 167 461
37 199 358
16 44 68
54 38 132
42 181 283
69 134 224
59 196 256
81 40 158
92 92 233
32 53 91
35 1 71
48 140 195
51 189 346
33 86 143
45 115 167
53 53 239
7 198 321
69 200 310
24 72 135
54 127 206
6 190 269
3 108 157
78 187 270
36 172 245
82 93 175
74 79 180
84 7 128
1 43 91
26 6 36
52 23 76
78 99 213
73 44 228
32 42 192
55 12 71
68 21 135
28 42 74
86 113 199
9 26 72
29 67 231
33 87 120
14 147 179
18 133 154
56 12 190
52 4 73
7 183 208
53 155 239
67 61 147
75 36 145
39 149 219
58 70 129
45 166 219
86 157 358
34 23 60
92 34 128
67 95 188
57 200 299
89 162 295
66 188 255
99 154 268
