740
46 72 171
11 70 129
74 110 230
76 90 170
36 196 250
68 35 169
74 195 410
94 159 258
48 149 233
45 10 63
26 60 88
2 96 147
68 129 237
36 1 220
54 187 244
28 177 224
91 9 116
41 168 244
6 95 109
74 133 209
87 13 132
84 98 221
62 120 192
94 82 241
11 181 335
15 9 221
34 154 322
87 82 175
26 120 271
49 4 72
21 36 63
98 34 206
55 65 125
30 101 170
66 24 187
24 31 81
44 79 149
88 80 210
88 162 251
100 58 168
56 166 317
59 90 250
23 120 145
42 19 118
78 120 200
75 55 153
33 36 83
73 121 194
91 115 354
10 112 131
91 151 437
78 27 252
96 90 192
98 58 187
54 62 283
82 198 285
16 64 108
100 56 158
30 170 249
7 185 199
56 62 130
60 192 262
48 40 97
27 9 69
40 1 222
40 72 112
50 162 212
69 4 77
52 73 313
58 177 269
56 114 175
74 32 305
28 37 166
48 118 361
57 38 98
19 177 205
27 75 108
73 195 349
13 56 102
11 148 164
77 164 286
1 133 140
66 71 187
26 154 205
53 153 249
40 117 199
23 150 263
37 175 346
86 159 386
25 95 164
97 192 317
64 188 277
17 68 102
28 104 181
59 130 189
12 92 152
86 130 256
11 49 90
77 93 175
89 34 299
40 154 194
34 44 82
6 64 71
45 88 170
1 124 290
42 143 191
4 35 76
64 143 248
26 172 238
39 157 214
17 80 107
28 156 187
58 17 94
57 166 232
83 117 205
36 100 175
95 133 333
61 24 93
97 0 252
39 111 218
91 157 253
25 102 132
97 7 154
28 83 138
55 198 322
71 94 174
33 85 126
65 174 321
50 34 94
21 113 164
34 134 176
30 68 113
47 43 245
55 43 126
17 31 210
64 79 224
37 94 136
79 80 199
32 38 201
66 84 253
84 199 332
33 93 145
8 156 195
20 73 93
90 76 233
30 181 213
5 166 196
24 129 183
90 34 170
93 16 113
85 135 224
9 102 144
45 131 179
4 72 106
29 57 242
88 39 143
75 141 226
83 166 373
9 123 138
100 162 266
79 3 86
72 115 367
98 131 243
39 135 178
33 176 244
27 192 262
28 100 128
99 143 389
40 5 84
13 194 210
23 116 175
6 51 58
34 142 313
66 115 299
52 8 69
67 196 423
31 71 179
96 58 238
68 45 120
58 86 316
58 103 168
46 30 124
90 154 270
45 77 127
48 78 137
94 172 296
44 111 200
4 140 154
100 196 317
81 135 257
44 95 140
83 153 287
25 133 205
98 95 201
16 5 26
44 110 163
28 135 285
63 41 113
30 7 181
42 21 254
42 39 182
49 169 256
73 5 79
42 77 120
5 34 44
68 200 447
99 17 117
57 83 148
94 118 221
24 62 90
44 161 208
62 44 305
27 129 221
75 75 158
64 44 117
26 113 159
33 95 161
80 77 195
50 59 115
66 175 354
44 184 272
18 26 142
84 195 286
25 151 345
6 197 208
68 195 290
92 108 216
69 71 163
32 23 226
76 93 171
79 81 192
80 195 332
86 80 169
23 139 167
60 70 131
25 70 170
33 107 140
20 33 54
19 184 224
57 174 271
28 135 167
36 11 51
93 111 243
80 0 89
24 114 158
63 51 197
47 164 218
34 79 116
69 178 267
43 178 238
2 138 140
8 141 149
56 0 93
96 140 286
35 73 116
31 28 141
34 159 324
47 31 243
1 36 43
94 64 192
44 171 215
98 124 343
20 165 219
44 12 61
93 149 277
61 68 134
12 165 226
16 32 80
50 102 156
28 145 178
80 94 311
55 131 343
95 19 118
83 14 103
54 6 95
24 29 86
83 147 312
58 13 107
78 145 223
28 0 145
16 191 257
26 190 224
87 133 234
73 133 248
91 143 235
41 140 213
13 63 116
26 188 257
91 195 440
95 89 316
21 53 167
18 9 82
32 80 203
72 76 256
33 109 169
52 36 92
97 151 252
57 137 197
48 56 118
34 120 163
97 57 163
72 38 119
34 58 164
75 99 195
99 123 237
45 27 170
63 99 187
79 79 167
2 184 320
7 175 182
2 123 218
1 105 107
53 187 241
53 61 137
84 155 294
23 132 289
64 186 255
84 105 205
3 10 61
18 102 303
33 98 157
82 187 289
98 149 251
35 56 272
41 46 133
92 111 210
56 126 214
74 4 83
5 194 234
7 89 127
1 17 21
68 138 211
99 7 172
21 131 160
36 61 116
55 106 166
33 50 83
5 57 62
7 103 112
41 118 160
69 151 227
52 158 381
7 4 21
26 56 232
12 114 135
32 194 238
48 164 216
89 108 241
90 195 366
80 98 183
89 84 185
35 88 131
71 16 90
28 25 135
9 47 62
87 66 157
50 146 206
33 61 97
33 5 70
37 189 276
43 159 247
25 76 103
56 157 298
48 194 244
9 58 83
48 160 269
29 190 225
29 38 85
31 197 231
27 136 170
27 24 64
3 58 141
50 177 269
25 91 150
24 194 299
99 144 243
74 124 248
25 174 259
40 62 105
34 20 89
29 71 139
24 111 166
28 82 291
41 13 155
38 5 184
74 43 317
52 113 332
81 34 258
38 110 156
4 125 285
63 188 450
59 1 171
27 129 156
4 179 218
52 15 119
31 82 120
98 197 304
38 132 209
17 173 363
88 89 218
46 59 108
20 65 87
66 72 164
79 16 104
6 71 215
17 25 52
15 175 197
55 67 128
18 53 71
7 163 170
68 129 200
89 136 314
14 125 163
93 18 113
80 51 138
47 171 223
4 45 53
17 164 219
94 4 107
77 152 365
98 6 110
87 124 336
14 18 175
59 26 94
51 110 166
14 26 92
76 7 116
80 104 217
40 115 188
92 37 131
65 163 336
15 157 172
55 86 143
7 54 101
59 27 105
97 111 213
60 180 266
81 130 221
83 117 232
25 55 87
15 157 213
20 115 145
70 159 229
33 156 199
62 53 152
14 102 125
84 144 324
90 45 143
37 89 166
68 113 311
90 76 327
94 181 275
69 40 114
13 85 100
46 195 247
62 198 264
84 199 285
16 133 152
64 179 253
43 191 266
26 151 259
84 187 277
66 50 145
52 90 144
77 183 301
46 55 141
30 147 280
30 103 134
85 164 259
1 51 233
14 19 43
19 129 348
28 197 229
75 5 111
27 4 38
73 92 241
13 66 81
3 113 117
52 3 67
59 139 322
15 118 147
51 156 239
31 88 287
23 167 195
67 46 145
71 65 137
96 171 284
82 86 168
73 86 350
92 75 267
91 157 250
90 141 256
39 123 179
89 73 300
30 51 81
32 1 37
87 186 386
36 197 272
14 83 102
76 139 248
74 10 92
90 19 117
98 65 335
50 55 112
55 106 170
59 129 190
82 24 114
95 183 322
58 43 105
54 20 79
100 156 399
79 164 246
60 155 215
46 147 193
59 78 175
63 122 258
95 133 255
80 141 234
72 127 208
50 166 260
74 186 444
53 123 183
77 130 212
34 112 147
43 132 305
42 173 221
78 51 129
20 92 295
9 32 45
31 65 103
69 40 118
36 72 155
75 50 127
42 171 213
94 29 298
86 71 202
90 5 114
30 46 77
40 185 252
4 25 44
80 6 88
49 28 92
7 121 177
48 61 117
9 187 296
20 6 32
17 88 187
6 76 87
34 187 359
98 27 159
57 57 116
34 57 99
96 33 165
47 90 200
55 88 269
29 103 261
11 77 88
98 23 126
66 4 74
26 19 94
8 185 203
50 54 245
83 100 190
33 52 87
13 35 81
65 83 154
90 35 164
17 120 183
72 56 131
90 88 188
66 109 185
66 57 171
23 86 151
74 133 245
55 145 284
33 135 359
50 175 320
90 163 259
21 20 49
43 182 400
16 15 33
94 54 271
94 7 111
65 64 133
66 59 149
84 83 172
63 102 167
48 51 202
88 41 153
77 170 288
49 13 186
19 66 100
34 32 215
57 72 252
29 174 208
73 53 126
8 188 200
48 110 163
81 173 255
14 27 43
40 199 261
7 53 60
35 139 185
95 76 177
35 60 122
30 121 157
70 83 158
21 95 122
81 17 136
35 74 109
34 151 219
86 44 143
36 20 75
98 87 187
93 107 207
60 129 236
65 150 398
54 36 261
94 78 197
29 44 138
6 43 55
62 9 152
72 199 307
48 169 395
62 60 143
75 97 177
91 141 233
85 118 235
68 158 242
56 47 166
10 198 253
99 73 213
14 36 59
14 87 154
78 186 265
33 18 177
74 75 197
7 54 108
9 15 33
34 163 205
36 48 87
6 139 145
17 192 263
79 54 181
30 50 119
92 139 357
86 22 154
58 74 154
44 3 70
72 72 178
93 79 188
60 40 214
27 166 198
48 182 237
58 91 150
97 80 186
64 163 268
42 73 117
86 37 164
19 10 35
69 163 242
67 29 143
24 70 104
23 154 187
70 40 117
66 17 90
97 10 219
88 152 266
49 118 189
90 162 322
53 105 198
7 2 166
84 196 280
41 8 71
91 17 127
73 161 411
3 187 279
51 196 256
35 19 59
90 194 293
20 131 213
98 9 180
21 73 134
14 80 94
43 42 93
79 26 108
20 29 74
58 8 74
45 178 328
25 123 224
55 143 272
19 171 195
14 18 79
53 49 133
19 97 124
11 159 178
92 15 107
77 175 282
7 121 131
11 188 370
6 165 267
78 28 108
26 197 223
2 199 204
15 27 47
20 11 36
15 126 142
17 138 225
30 120 151
85 63 266
21 21 207
74 80 208
3 0 97
81 171 253
14 69 218
20 76 220
31 38 238
31 112 156
68 126 198
33 115 167
48 91 165
48 93 142
39 44 87
75 33 109
67 97 170
40 65 234
3 144 156
95 20 287
50 163 350
89 142 232
70 146 348
63 103 199
59 94 153
65 14 82
28 137 165
5 148 193
32 194 229
70 130 307
63 146 397
65 34 197
