770
3 56 64
26 33 146
37 162 231
61 62 131
11 150 193
44 59 109
92 188 285
53 79 163
60 122 207
4 108 144
4 144 156
41 90 132
37 48 95
73 27 300
97 170 283
79 25 287
66 85 339
20 33 69
30 41 81
59 16 191
57 144 230
77 13 100
71 169 242
77 159 272
74 23 97
53 111 171
73 160 283
15 86 109
53 32 133
9 156 175
5 15 79
21 15 41
24 114 237
14 121 245
23 63 112
85 183 358
9 47 57
39 59 176
64 154 406
88 92 361
20 175 199
8 26 44
80 59 143
68 126 221
11 32 179
5 192 217
21 69 98
80 19 102
10 57 75
65 168 234
54 11 67
54 98 309
53 130 299
45 122 169
85 24 117
82 188 418
55 119 179
49 166 221
15 23 40
53 166 238
37 145 230
96 153 249
16 56 92
98 136 412
8 49 66
12 59 81
44 33 77
73 30 114
84 118 209
7 5 40
51 134 191
10 175 185
26 47 119
18 155 305
36 17 55
33 130 254
62 124 204
90 29 129
29 182 264
66 72 318
94 93 213
26 168 239
94 124 250
61 173 259
52 41 138
100 44 179
10 73 92
22 126 177
22 101 131
32 126 163
20 52 96
29 63 92
73 174 251
12 183 314
44 39 89
1 65 76
71 3 181
38 174 235
22 65 189
51 90 184
17 69 93
60 90 173
13 116 135
69 76 145
28 57 158
75 69 160
28 29 66
91 69 176
4 25 76
91 119 212
97 91 255
41 47 135
58 72 186
14 113 275
58 182 370
53 170 259
61 49 199
58 34 104
46 28 106
2 71 82
99 31 144
80 1 93
81 6 178
4 27 46
56 22 79
22 146 209
56 137 193
68 148 260
24 15 77
57 179 298
39 31 194
4 113 142
63 150 248
36 8 68
19 199 249
7 55 69
12 29 42
65 195 298
86 20 283
43 33 80
59 122 182
87 108 233
99 25 127
66 61 132
99 123 316
41 78 125
60 104 173
32 182 238
64 108 217
6 30 147
84 187 272
39 30 236
89 70 171
3 83 107
75 3 214
98 20 135
20 46 243
61 64 142
70 116 206
33 119 172
84 50 147
45 111 163
97 109 210
36 18 191
24 63 127
84 34 189
79 182 288
35 70 112
63 192 262
80 34 117
80 155 239
56 108 206
83 49 133
26 14 84
45 153 237
49 158 223
8 117 133
56 167 397
82 160 246
45 161 211
75 44 157
58 161 225
37 91 275
54 28 88
16 29 85
24 35 106
53 113 172
80 127 250
1 144 189
90 116 212
64 128 195
13 143 167
59 150 357
55 74 134
84 119 208
99 53 165
84 91 181
91 130 417
47 109 164
48 177 249
93 65 166
9 147 158
97 150 267
76 128 209
15 69 93
65 94 229
60 198 324
2 2 14
85 153 259
4 135 168
46 167 246
29 150 179
65 72 220
46 94 176
77 171 283
35 77 135
79 76 156
59 52 187
42 10 107
48 3 76
82 180 262
75 136 217
46 23 73
38 191 231
66 194 265
49 177 395
74 106 233
37 185 345
17 99 120
4 173 185
26 110 234
19 152 180
68 39 273
36 123 162
86 81 214
70 142 222
34 3 173
88 75 351
98 86 203
82 81 163
47 25 199
62 173 278
24 7 40
29 82 113
7 24 191
69 177 265
18 88 139
31 7 72
7 25 53
24 20 51
90 60 302
90 152 283
23 11 102
99 13 237
75 101 190
35 155 199
6 111 126
91 118 210
7 161 208
97 120 252
48 38 95
61 139 202
53 125 190
81 152 237
50 9 64
81 154 241
17 136 159
64 121 195
47 114 166
67 65 168
4 111 158
8 138 166
47 82 151
10 75 101
23 141 259
61 35 104
5 95 105
30 42 79
69 28 102
62 123 191
48 34 190
2 106 131
67 142 213
43 154 199
17 138 327
91 23 123
70 8 146
77 187 294
90 130 220
84 144 407
3 177 240
17 181 209
33 125 162
77 28 277
26 123 181
76 125 210
74 188 319
1 173 247
11 53 69
30 110 142
97 20 311
75 11 126
36 75 116
12 176 188
25 177 210
50 77 159
83 31 143
94 108 212
45 167 212
90 177 287
86 55 160
69 197 312
25 48 123
12 109 124
98 15 120
26 175 230
16 161 184
89 147 239
49 3 121
28 176 218
9 175 192
24 159 347
100 71 175
33 107 150
48 8 57
18 139 163
62 111 179
7 148 201
41 92 181
93 92 188
92 19 280
89 112 210
86 170 286
15 31 54
59 51 126
85 55 197
75 53 141
37 37 126
66 39 127
63 170 234
64 127 232
20 70 241
94 135 235
67 155 244
20 193 215
1 39 49
70 26 109
93 130 271
75 51 133
22 180 310
15 83 108
77 151 268
87 68 171
85 111 227
48 132 202
81 60 173
54 4 106
69 191 266
28 47 115
21 19 52
33 170 241
95 15 146
68 189 297
18 95 118
96 141 331
15 23 67
57 115 294
47 75 155
13 86 100
97 11 288
54 44 271
48 123 181
98 74 277
93 72 176
7 7 33
82 82 173
75 48 139
63 20 93
62 37 101
89 171 290
5 19 24
45 174 226
71 147 368
54 66 126
35 101 146
33 181 224
80 190 305
78 161 356
36 58 123
9 59 75
90 117 303
49 121 176
95 17 126
12 92 153
68 104 192
40 189 239
21 69 94
78 68 189
35 75 119
84 42 210
17 74 111
81 90 173
16 168 365
42 185 236
54 129 190
8 109 223
99 93 237
19 46 107
92 190 320
67 33 268
89 114 373
16 135 153
67 43 112
88 32 147
24 83 109
14 151 173
65 96 169
7 106 114
97 66 164
57 38 96
58 106 195
27 147 252
40 134 204
5 148 163
45 64 152
10 28 60
18 130 171
88 11 262
28 160 209
74 16 94
89 76 278
97 110 242
64 6 123
9 138 250
52 193 314
32 80 167
82 141 253
33 182 232
29 133 200
43 54 109
58 55 114
37 41 85
93 92 358
66 166 233
97 92 190
83 119 206
64 27 94
65 100 180
41 105 153
5 175 218
25 168 202
38 50 88
62 116 191
55 179 240
46 125 208
97 17 139
62 30 132
49 50 136
43 145 325
1 53 57
50 126 193
69 197 278
19 11 37
47 48 140
18 80 263
66 168 239
80 18 106
51 134 192
75 150 353
66 121 195
62 172 283
64 19 87
72 151 241
25 77 106
30 175 242
92 127 298
2 164 337
58 98 163
82 19 102
39 146 260
75 94 194
58 34 96
37 119 156
30 70 108
80 134 405
50 180 231
9 147 264
94 62 324
65 99 305
19 150 369
73 143 234
1 3 30
3 45 237
45 197 247
22 143 176
88 68 161
35 103 143
6 127 137
26 179 213
4 152 297
37 111 177
58 71 130
44 46 98
61 108 179
22 132 246
98 99 233
97 90 190
72 68 338
70 39 172
31 165 215
4 21 203
78 165 250
66 33 99
86 71 186
46 33 170
41 82 135
88 64 224
73 45 118
70 42 119
2 151 161
54 175 295
58 87 301
67 186 277
48 59 115
67 143 215
58 36 95
51 30 128
53 122 359
79 180 260
6 47 103
66 7 103
22 189 212
86 60 146
43 175 224
82 6 93
32 113 170
82 18 126
17 97 179
98 68 185
58 12 72
58 194 422
74 176 440
18 140 192
84 107 379
56 51 110
62 169 239
77 128 234
27 193 229
56 126 188
20 141 259
34 82 235
42 71 134
50 21 106
16 6 32
64 173 240
83 139 273
88 103 212
47 129 243
58 53 305
69 140 239
2 106 142
96 68 174
20 25 75
29 154 205
8 150 167
83 68 288
53 145 338
53 85 175
18 100 122
15 61 81
27 103 165
64 133 232
2 150 291
22 78 107
58 75 294
49 7 103
78 38 118
5 178 185
88 125 218
66 63 135
21 142 167
11 18 62
82 50 181
10 145 162
52 82 135
40 81 136
9 40 58
86 103 196
52 187 287
5 126 151
13 70 85
33 146 182
95 7 179
3 121 162
89 136 233
84 16 133
95 64 164
5 190 281
12 56 70
4 159 345
64 113 225
54 162 224
68 2 79
35 167 272
10 43 63
26 180 244
65 177 252
87 66 157
57 4 100
86 74 160
32 141 321
45 90 138
81 78 276
35 161 205
55 54 156
14 173 221
57 60 202
4 157 169
66 143 219
80 67 181
24 101 131
80 78 203
97 79 180
91 199 301
4 21 26
45 159 240
50 17 68
15 78 101
1 66 78
78 195 274
77 79 176
37 110 188
36 4 67
83 89 206
65 78 340
85 177 267
58 22 96
37 25 164
5 170 208
37 130 171
70 111 302
70 174 261
84 144 274
31 107 144
4 141 189
15 106 128
33 192 268
19 100 144
72 58 176
63 13 77
39 89 267
14 5 54
34 58 132
9 12 26
20 28 142
75 14 90
14 43 146
58 179 250
63 31 287
38 177 249
81 44 163
21 27 51
36 144 351
75 50 173
46 122 320
29 65 239
47 83 149
21 161 190
42 58 293
37 69 202
96 62 166
15 40 142
77 126 209
65 88 168
51 135 192
79 145 226
58 135 195
37 144 220
90 63 266
86 99 221
14 115 149
62 49 121
16 57 128
47 115 162
95 76 179
98 161 291
1 39 50
60 182 242
9 9 27
64 62 255
71 48 244
22 162 190
33 70 113
38 153 269
42 172 220
91 21 113
54 117 181
70 79 227
3 156 291
72 171 277
41 74 122
63 84 249
26 32 58
8 49 62
44 151 197
50 65 177
35 113 241
38 29 103
74 165 252
52 21 83
75 196 275
47 25 81
9 155 205
58 156 218
88 135 226
95 21 142
91 64 330
5 196 287
97 106 211
47 84 132
36 57 93
27 124 311
35 33 74
91 109 285
28 113 184
55 126 209
67 194 385
33 8 207
18 98 120
73 142 223
49 153 344
92 130 223
99 126 225
72 48 168
45 111 211
65 160 417
46 150 209
50 184 257
70 33 153
68 166 261
80 12 275
29 183 222
66 2 88
95 75 187
11 60 102
99 169 270
88 156 314
56 175 264
60 131 198
100 76 367
53 150 219
22 27 90
61 140 208
83 33 151
25 94 169
12 17 69
38 52 92
30 33 85
71 155 262
66 26 232
70 134 317
44 53 100
33 34 98
25 173 229
88 39 135
25 20 189
29 183 382
22 78 105
56 15 73
34 1 45
