750
9 19 78
7 182 191
51 162 213
22 17 44
27 91 119
8 190 247
73 111 192
46 174 333
75 128 208
37 45 91
99 198 317
17 85 219
33 34 70
26 31 92
39 58 101
78 45 159
100 54 174
30 107 184
19 177 199
92 179 272
93 171 274
20 52 154
5 2 8
1 73 96
80 35 170
84 125 254
48 68 118
10 151 176
39 25 73
62 159 386
62 123 186
74 196 277
46 25 76
31 89 128
100 19 275
16 172 193
44 108 197
84 106 250
70 123 216
22 65 231
83 122 209
81 81 171
38 24 117
87 39 166
17 136 153
44 130 176
74 116 197
32 84 282
36 139 240
72 126 325
65 62 141
49 105 165
91 23 117
1 42 45
51 103 160
60 180 300
14 144 309
87 133 236
76 157 244
84 155 255
23 153 178
80 68 163
55 36 277
64 11 84
73 20 272
88 41 130
16 125 151
63 146 219
28 108 151
63 40 111
33 57 126
24 6 35
82 25 123
24 113 167
62 111 175
3 23 206
40 35 116
34 114 189
68 69 147
22 22 50
1 181 193
47 124 287
69 56 129
66 39 106
75 187 283
85 18 103
18 54 103
63 88 152
77 99 199
27 111 167
3 176 188
52 61 137
14 191 255
60 60 124
40 11 213
12 69 89
46 15 66
70 70 148
44 61 106
28 126 267
12 121 140
50 6 105
96 52 166
92 194 333
7 191 211
86 90 184
73 104 194
83 115 202
31 17 120
100 162 267
36 14 54
68 182 392
76 87 169
97 118 285
64 52 126
74 171 255
93 62 163
23 77 129
80 99 189
60 84 147
29 77 111
31 74 176
27 145 311
82 117 204
6 174 184
63 184 442
21 84 111
14 116 158
94 10 105
15 75 104
43 34 244
87 153 240
51 49 102
87 115 228
29 125 155
61 178 372
83 165 296
24 107 144
8 134 179
4 156 161
13 183 372
47 172 227
32 148 318
100 82 187
72 11 97
74 172 315
55 103 160
62 135 227
100 70 346
95 75 170
21 191 243
37 33 101
36 139 200
60 38 103
52 77 129
3 17 22
33 35 73
97 11 145
15 8 53
86 159 402
84 185 421
17 123 140
2 42 171
73 63 146
14 32 94
76 141 221
62 6 79
62 147 217
45 66 112
59 13 252
29 157 196
80 74 154
59 169 260
29 129 181
39 181 263
99 95 202
26 199 250
48 24 84
29 104 139
44 17 63
98 138 244
86 133 244
38 198 290
66 101 302
62 181 260
18 103 304
76 52 204
10 140 152
7 116 137
78 65 183
92 138 322
9 200 248
48 31 170
68 1 154
100 96 207
27 67 100
27 183 399
64 162 229
70 169 285
97 158 430
41 73 116
79 147 232
32 103 137
14 171 209
11 142 341
26 103 135
31 103 137
60 180 362
83 156 266
3 126 197
72 193 275
92 14 152
34 48 107
54 178 238
67 161 236
64 146 215
96 191 300
48 125 216
8 93 160
52 80 137
30 94 131
24 141 175
37 50 101
48 34 229
5 34 127
47 99 305
46 126 175
64 152 224
50 98 183
87 101 373
93 196 294
83 71 226
34 50 139
20 62 89
78 35 123
84 118 245
46 19 93
62 101 164
81 155 245
2 61 66
96 68 256
34 194 285
90 45 171
83 64 269
64 76 218
66 129 247
74 32 136
50 82 135
60 81 147
28 145 248
10 5 25
47 93 247
78 25 110
84 69 156
10 152 195
62 75 181
92 145 241
47 57 113
54 199 278
21 103 131
38 4 71
30 198 237
26 84 130
78 154 258
31 197 235
2 39 118
12 7 132
85 119 214
45 10 196
60 163 247
75 138 222
95 182 305
23 3 28
35 11 90
66 68 139
13 177 258
53 24 83
66 92 343
29 166 205
25 193 241
6 66 112
62 35 128
6 103 189
80 173 348
87 141 279
51 189 279
11 2 194
11 60 157
99 14 135
27 196 271
30 131 165
46 159 267
6 27 40
99 94 195
83 118 208
49 104 155
53 169 224
44 57 107
50 131 187
2 38 85
54 172 238
23 68 95
25 61 94
69 115 185
91 79 178
67 200 309
24 6 50
66 68 138
32 133 166
70 176 267
23 84 109
6 136 172
79 190 302
70 32 191
42 175 352
19 43 218
23 195 219
79 97 338
30 104 181
58 120 324
72 42 132
89 96 195
2 71 76
20 55 180
92 119 219
7 67 81
25 22 232
12 115 193
60 155 242
94 143 367
56 180 238
20 141 171
7 104 156
18 153 348
67 105 189
5 140 269
69 55 165
26 170 206
82 4 90
86 55 163
98 15 143
60 37 143
97 167 269
65 29 182
78 92 263
68 10 85
54 196 312
93 4 98
71 36 180
96 149 279
44 76 166
57 121 284
3 132 145
8 28 61
90 177 410
76 145 224
22 32 92
82 185 353
15 124 157
22 106 149
66 66 140
92 173 270
78 182 268
26 64 222
45 194 239
74 66 199
99 158 287
15 135 158
48 42 102
3 150 162
98 155 275
32 193 235
20 59 224
52 118 318
27 175 226
59 9 75
17 76 114
32 30 207
59 183 267
5 22 108
96 108 214
90 166 261
34 179 216
83 158 251
42 108 204
85 182 272
73 197 354
40 57 109
96 68 294
41 158 205
14 55 75
27 58 125
42 85 131
100 176 277
92 12 110
38 114 162
99 151 324
86 173 391
36 85 155
59 5 187
41 76 121
6 96 103
32 41 92
37 45 270
33 126 173
28 126 353
62 5 170
22 18 101
60 171 238
22 73 142
98 45 178
40 41 84
51 88 165
90 110 334
40 185 315
12 73 95
15 171 321
62 125 378
86 5 91
100 58 194
14 43 99
51 64 120
15 186 208
40 165 376
33 88 152
27 119 323
79 18 292
63 144 324
73 90 171
78 80 276
40 75 125
2 154 166
34 176 252
68 46 122
16 106 123
65 109 349
31 33 133
91 130 224
23 47 114
34 92 134
16 110 128
82 129 215
53 111 168
88 8 123
7 74 186
67 117 348
24 144 176
6 60 97
20 131 151
2 124 146
49 83 139
10 35 94
2 108 133
48 68 161
88 199 361
72 187 264
22 33 61
96 161 276
56 95 269
17 16 63
64 62 139
62 48 120
8 185 255
63 62 147
43 87 174
75 3 96
24 95 120
72 13 94
95 31 290
31 114 155
16 100 221
3 42 152
49 146 198
31 168 230
66 79 338
75 174 311
77 104 226
47 9 228
45 49 102
58 38 215
81 155 236
86 133 223
64 105 179
58 0 144
10 59 87
73 162 357
2 140 186
90 141 277
63 54 165
24 77 149
74 108 184
11 86 101
10 45 57
57 14 215
88 193 287
29 67 184
68 149 235
50 174 314
5 146 322
73 112 241
67 80 317
29 181 224
88 2 264
100 23 131
79 32 248
90 130 225
77 6 89
14 71 98
76 54 137
41 161 352
56 102 188
42 103 209
75 181 266
94 15 134
40 3 51
60 56 119
53 6 65
25 185 399
99 87 217
90 76 169
97 151 311
38 41 87
98 198 297
28 135 163
16 79 98
96 78 184
25 180 215
70 19 98
93 22 142
3 40 154
63 19 83
44 162 222
22 176 247
95 62 171
8 193 228
57 59 127
21 192 251
56 138 369
41 101 296
55 37 94
79 53 160
66 181 257
9 175 192
25 151 306
91 22 171
4 151 173
40 116 157
45 43 91
97 64 171
2 22 54
17 123 223
84 168 382
48 7 64
93 138 239
3 76 89
97 9 126
100 20 211
26 6 33
62 193 303
27 36 70
62 145 254
8 36 237
57 12 257
45 196 256
64 3 68
18 57 82
67 91 334
65 24 93
44 84 137
9 33 44
62 18 98
73 14 97
55 191 372
50 89 282
55 59 119
62 162 225
66 200 310
42 66 266
13 130 143
44 28 106
82 188 279
7 176 193
91 175 419
20 82 112
49 20 172
52 160 232
65 85 159
74 20 94
34 128 199
37 51 90
58 91 184
77 186 304
75 10 89
75 154 231
59 142 222
57 129 194
36 77 123
4 19 212
93 26 129
86 142 229
10 140 260
51 29 83
83 111 196
41 27 212
30 38 151
76 200 466
83 93 184
70 90 165
38 156 232
98 151 286
30 178 212
44 38 205
91 108 276
20 47 88
63 60 124
21 33 57
56 43 100
21 90 200
67 178 250
41 2 87
61 37 150
94 32 136
82 34 131
25 188 238
84 177 289
73 28 104
86 14 158
69 52 155
78 110 191
98 42 155
13 149 166
21 110 137
64 144 232
93 7 116
37 173 268
73 74 148
79 75 158
45 119 314
6 160 169
95 53 153
62 47 136
63 153 238
73 132 211
67 12 97
61 173 264
89 2 112
93 42 183
71 0 74
49 140 204
24 117 148
45 0 62
21 169 280
60 164 260
30 183 292
72 148 220
28 109 203
54 124 281
70 151 231
90 36 311
51 6 58
26 26 64
17 183 202
80 135 222
98 60 203
61 153 236
71 161 292
26 108 135
24 125 204
42 71 122
5 189 200
26 83 144
49 105 156
83 109 388
59 44 231
26 72 101
66 60 127
40 188 376
16 66 91
83 81 206
49 1 51
66 102 350
79 139 218
88 164 336
59 184 402
8 141 265
82 139 221
94 84 178
30 18 53
57 101 191
73 62 169
13 52 110
73 191 308
4 39 49
78 140 219
82 109 235
1 64 131
43 128 196
59 118 186
42 128 177
41 13 58
76 183 264
41 114 170
99 158 404
91 112 223
57 166 369
45 145 197
45 135 190
43 178 229
43 50 126
99 161 269
57 152 221
65 55 121
98 32 149
80 45 239
100 33 319
3 190 214
10 62 105
6 159 173
28 178 213
28 199 282
20 176 277
61 16 77
42 148 196
16 128 174
4 121 167
91 67 200
23 54 229
78 20 121
17 23 45
98 195 464
67 105 188
13 56 104
92 184 409
66 112 364
62 34 229
32 8 47
65 193 345
98 190 324
36 42 87
57 177 340
12 89 118
68 174 242
60 177 240
95 64 161
52 43 243
66 132 291
52 93 157
35 7 46
69 73 144
16 28 191
