580
40 179 255
89 13 102
92 97 347
22 91 116
53 26 96
24 52 118
36 2 76
56 138 201
86 56 191
13 26 106
29 121 150
21 75 114
4 44 78
55 141 226
46 44 94
41 23 239
30 133 180
48 72 127
96 123 227
39 162 356
31 114 149
28 146 194
57 34 151
93 131 373
63 81 151
68 36 301
92 151 251
73 138 219
39 3 98
6 127 305
73 181 270
79 169 279
87 5 148
100 192 378
35 98 225
12 124 141
95 5 105
81 198 282
29 85 114
74 54 258
37 168 368
75 117 228
44 199 248
96 43 144
96 25 124
11 157 178
81 89 185
9 59 69
26 191 220
23 145 173
68 162 262
77 152 372
76 70 153
9 50 59
44 65 156
55 27 259
58 178 291
24 147 206
37 146 216
61 41 102
24 36 66
8 196 240
52 103 214
58 186 267
89 147 243
89 61 257
9 143 204
12 36 51
46 62 201
90 108 202
22 140 166
49 9 90
14 108 144
39 92 136
38 69 131
1 200 219
40 28 77
50 177 343
39 128 169
89 85 215
88 60 203
62 187 257
59 163 231
90 151 285
96 83 180
11 80 93
17 51 77
20 109 131
30 77 110
67 112 369
72 127 222
85 130 257
53 10 103
71 126 202
46 127 180
5 21 141
6 110 120
75 116 196
92 166 263
70 146 249
43 73 126
45 4 197
50 190 279
19 22 41
75 60 141
95 165 269
100 142 254
49 115 212
33 125 274
45 56 143
50 73 269
65 149 225
26 120 179
43 55 156
18 3 24
69 33 266
93 120 325
21 64 94
96 30 188
37 6 45
8 181 192
21 24 141
5 65 153
3 119 272
57 29 96
59 62 128
8 161 329
89 101 379
96 75 191
87 31 127
97 108 249
60 42 106
25 128 172
25 124 155
31 114 146
64 5 89
80 48 137
3 68 203
14 167 205
96 187 445
9 195 208
51 126 202
90 86 194
54 64 132
44 99 147
44 134 211
29 20 137
37 92 276
87 168 260
40 138 178
41 26 72
18 190 327
78 118 240
96 109 206
69 166 258
56 182 240
51 131 191
72 124 201
78 139 334
19 179 204
87 175 268
77 6 107
52 64 118
50 49 105
68 71 144
99 44 155
76 35 123
81 58 140
98 54 270
71 174 252
84 129 214
63 144 214
72 68 177
38 19 199
50 161 219
69 118 213
42 25 70
67 156 223
70 137 209
42 176 222
51 78 137
37 164 208
5 179 223
93 40 139
69 138 226
47 137 213
75 176 443
35 89 159
42 72 124
53 115 177
77 131 240
86 130 261
39 155 197
8 113 142
53 37 100
28 176 316
61 105 262
34 86 317
94 26 141
16 40 180
44 153 385
45 98 150
5 139 154
70 8 126
97 113 211
4 132 159
27 185 218
73 68 141
14 161 374
8 199 211
33 146 282
68 75 157
28 96 154
26 45 140
81 119 282
13 172 205
80 110 193
40 144 267
91 11 105
66 21 94
75 32 119
27 25 61
99 179 284
19 31 55
63 144 215
83 174 408
82 37 136
1 46 88
61 62 141
67 156 254
20 174 306
60 110 202
60 95 163
67 85 154
86 15 109
2 3 15
36 176 215
14 106 128
2 114 121
46 196 292
61 29 106
38 20 58
95 192 289
40 178 286
84 18 267
5 11 19
26 124 198
85 27 135
13 66 108
64 191 370
25 160 201
30 128 163
75 103 178
40 61 103
49 185 234
46 161 235
87 118 396
85 146 402
99 49 148
11 15 35
24 39 65
52 39 107
18 22 162
99 177 288
61 19 86
15 28 137
48 158 356
65 41 112
32 122 167
92 173 303
91 161 255
68 52 230
18 87 110
46 103 154
12 49 226
14 83 102
29 59 106
53 163 412
47 153 206
21 91 113
82 162 277
89 192 281
91 173 298
60 49 186
25 195 244
41 141 185
46 74 297
31 162 227
58 29 87
11 196 207
4 189 200
17 94 127
30 31 76
47 100 290
41 19 64
72 186 431
11 29 134
46 129 213
28 146 183
6 18 32
64 169 423
59 23 84
6 120 299
33 173 215
73 197 276
44 171 297
9 6 64
4 80 92
53 185 366
40 61 207
42 43 93
22 37 62
39 84 170
31 167 237
31 97 140
97 101 247
72 16 255
64 152 349
71 72 151
84 177 304
82 78 292
3 48 57
69 116 213
67 40 114
84 134 246
58 115 174
92 133 274
9 14 46
17 86 231
2 177 179
58 154 235
63 104 173
63 140 209
41 186 237
28 179 220
47 15 98
35 106 256
55 79 134
55 90 176
6 26 46
78 148 359
73 137 215
13 21 160
28 111 140
55 116 175
69 164 236
17 35 87
67 131 327
74 39 162
54 139 239
90 37 133
9 129 140
96 107 341
35 93 145
42 97 143
5 46 86
65 163 344
19 156 193
79 15 104
68 124 200
45 91 317
76 120 234
37 184 226
56 111 176
26 69 105
6 10 26
80 199 454
86 122 363
27 82 138
40 167 217
57 81 160
9 110 124
58 8 66
36 73 151
4 88 129
57 35 124
50 104 168
91 176 308
4 91 153
50 67 125
67 175 251
7 193 209
77 157 239
80 14 94
44 194 389
65 56 292
6 72 78
86 114 232
23 149 178
89 178 412
58 25 93
80 53 134
17 90 246
14 166 185
6 122 243
29 118 263
53 18 130
60 116 227
44 154 201
56 158 234
48 23 80
33 162 197
79 51 142
47 118 198
51 32 88
57 162 221
19 153 219
66 65 177
78 135 390
28 29 100
65 75 178
23 150 223
30 152 188
84 90 174
9 174 193
72 122 335
7 68 158
6 192 206
33 56 99
54 110 348
88 78 167
73 105 187
85 150 237
61 142 227
2 98 101
67 200 341
1 86 110
37 32 75
16 51 173
42 112 157
17 125 164
21 85 120
36 191 232
92 34 153
80 184 445
39 129 250
99 86 192
47 156 369
4 32 218
7 164 220
35 56 136
34 147 300
63 168 242
59 21 137
70 181 267
82 150 236
54 51 107
5 117 126
63 117 190
92 98 212
27 9 63
29 36 259
52 55 114
85 98 259
41 86 136
74 116 199
50 9 191
96 78 195
84 77 162
17 182 300
54 36 195
57 122 288
7 125 139
51 112 329
18 104 132
38 77 121
43 10 55
31 122 157
13 112 135
66 105 359
25 125 152
4 165 279
95 33 162
63 186 411
51 15 76
53 40 270
30 97 175
56 162 324
52 53 236
30 97 158
23 127 207
98 183 392
33 41 77
39 186 265
63 175 373
34 42 227
74 181 282
59 181 256
93 141 246
47 79 153
79 165 244
89 135 269
35 149 184
34 112 149
32 47 82
32 62 285
79 162 249
33 194 232
25 165 190
56 31 113
89 106 202
48 159 208
96 134 258
4 52 61
83 49 133
21 71 102
36 92 260
53 171 251
77 83 194
3 134 269
27 37 126
44 64 155
66 176 282
59 45 112
43 37 84
14 60 100
68 113 182
52 11 100
56 163 234
38 196 282
2 23 33
94 50 164
23 194 348
8 151 164
69 165 239
33 6 86
27 21 58
36 176 212
67 189 261
28 14 44
22 5 35
84 39 129
80 86 338
48 76 144
54 78 151
81 199 285
35 53 93
96 7 153
8 181 212
35 56 177
9 13 49
83 20 128
30 58 88
17 180 234
100 172 469
65 1 74
26 121 155
63 177 246
86 194 283
7 130 314
69 138 381
10 102 183
78 42 129
67 22 94
25 188 241
75 52 150
74 57 168
78 73 159
10 74 88
75 65 265
10 101 116
16 152 190
91 25 135
82 77 177
86 55 144
16 186 277
92 72 202
92 16 281
64 17 109
47 97 182
51 134 193
1 184 224
75 196 464
27 39 75
42 191 240
6 116 302
75 187 382
27 105 259
51 49 107
4 173 179
