600
21 92 139
95 145 261
86 141 236
23 127 157
82 25 108
27 141 173
87 93 185
16 83 129
11 126 168
69 60 151
86 30 122
12 179 224
45 96 175
3 36 41
33 200 433
10 149 189
82 172 258
85 144 239
33 174 248
64 136 332
4 138 143
35 155 192
82 54 136
49 18 95
48 132 192
58 163 233
16 196 215
67 87 228
8 10 40
13 75 93
29 90 294
33 72 300
21 126 151
74 50 260
6 173 341
37 135 174
27 74 211
54 99 270
13 115 132
74 179 301
18 22 199
47 9 63
14 57 188
71 60 177
21 168 236
79 160 375
73 113 192
8 88 96
97 183 468
70 55 125
44 118 162
64 20 89
16 76 92
97 39 136
78 130 274
60 72 132
95 50 148
88 192 325
19 159 378
27 199 241
11 50 62
9 85 229
16 144 360
61 150 213
60 71 137
6 90 113
42 69 149
41 175 256
76 177 274
61 169 374
75 81 159
76 53 171
32 27 62
13 113 144
40 194 409
10 108 310
64 145 354
31 59 109
77 150 346
20 17 65
88 74 211
91 148 288
20 10 118
51 13 198
26 148 181
51 112 195
43 7 55
52 78 135
96 151 247
63 162 232
32 167 208
65 155 225
15 50 71
87 11 123
57 31 91
56 119 194
28 20 68
48 139 386
65 131 197
53 159 218
45 133 187
30 161 383
82 57 166
39 183 239
44 104 185
36 196 353
90 77 204
60 102 278
43 123 171
80 165 260
24 35 216
76 20 104
80 84 166
76 185 301
22 63 238
36 3 40
84 47 131
40 73 130
92 178 272
16 9 100
53 56 210
60 133 198
43 23 257
27 98 132
36 146 229
23 174 219
67 92 270
75 157 422
96 72 333
96 112 215
50 116 244
1 0 9
55 128 216
84 197 444
48 189 424
4 189 194
97 169 270
80 189 277
38 194 256
4 120 133
16 127 146
9 33 208
6 68 84
3 72 105
43 15 89
29 120 343
3 185 207
96 188 299
21 106 127
81 188 312
14 177 225
21 90 119
54 144 200
20 152 229
29 128 201
11 6 23
47 49 142
36 77 119
91 93 231
65 61 211
62 153 389
13 20 173
73 89 211
3 7 37
54 68 197
97 106 210
84 76 202
64 157 223
78 7 121
81 6 96
35 15 91
98 177 309
13 120 184
53 143 316
84 67 194
1 86 87
52 50 126
94 15 117
19 4 219
58 53 113
9 98 150
46 49 102
72 191 263
75 43 159
11 117 136
89 172 299
84 169 263
40 141 186
95 77 270
62 58 309
7 55 94
19 50 69
25 165 190
75 187 262
50 29 247
13 103 126
27 132 169
69 167 264
26 149 177
38 43 124
13 134 249
38 93 170
4 52 161
70 189 265
79 67 156
14 9 23
94 199 294
30 185 215
93 124 242
22 137 160
94 112 350
98 57 346
10 104 125
74 151 270
88 22 182
44 75 126
38 4 212
76 103 179
90 11 109
45 85 150
45 113 186
8 58 66
52 74 158
10 170 183
81 81 167
43 53 102
82 56 147
2 158 168
3 105 134
22 34 83
97 177 275
74 188 385
25 75 254
22 13 153
77 195 282
8 197 343
40 156 225
100 68 249
38 197 236
13 95 125
25 82 279
22 83 112
21 155 186
43 159 345
12 174 338
14 53 112
82 186 290
23 156 181
1 137 146
33 40 88
25 0 33
86 112 224
32 1 38
76 43 164
74 70 164
21 74 125
1 91 132
32 36 80
79 126 330
100 143 255
98 173 297
91 165 264
15 41 75
31 30 69
45 34 87
50 88 142
52 87 198
69 82 159
95 55 170
66 192 258
74 186 264
44 189 237
42 88 287
5 28 34
50 146 206
25 53 79
84 199 289
45 150 205
96 51 149
89 112 243
23 188 229
94 102 298
47 181 273
90 118 216
57 142 203
79 171 296
19 189 353
78 171 269
92 96 197
98 19 160
25 131 164
79 150 233
39 66 135
100 188 444
49 166 219
21 93 231
25 155 184
52 86 168
78 29 113
20 172 235
20 101 193
92 84 176
5 90 143
91 95 323
69 48 174
83 102 196
19 123 176
20 143 168
85 175 283
26 65 100
75 60 138
33 60 102
86 75 190
52 21 94
12 11 41
68 157 226
46 73 163
63 159 223
63 130 241
22 90 147
62 80 181
14 200 263
7 61 71
3 155 164
62 129 238
42 122 170
77 122 391
13 33 96
44 24 116
62 47 121
70 181 258
3 146 297
15 69 110
83 13 99
59 81 228
24 158 189
42 180 249
25 69 172
88 76 270
50 88 170
68 83 158
57 165 245
54 72 130
7 59 68
24 6 219
66 163 236
7 119 214
73 47 155
20 147 191
89 157 272
31 137 172
85 175 297
85 85 325
2 145 226
55 165 341
98 108 225
35 87 131
92 28 309
77 171 252
44 191 248
91 60 288
66 92 164
31 159 248
43 135 219
66 75 157
29 45 96
85 8 98
60 134 356
80 70 150
85 5 126
33 166 221
36 105 297
19 120 147
14 138 174
59 97 158
95 58 318
99 121 229
4 23 27
57 64 122
25 109 162
78 48 275
47 181 229
66 150 220
29 122 197
65 142 248
47 116 164
29 132 255
72 178 350
65 67 144
71 199 363
75 6 279
30 50 242
55 84 301
41 126 321
21 99 320
36 45 85
56 116 215
64 48 117
67 172 343
64 11 85
89 54 145
97 76 282
39 126 188
79 86 316
85 169 269
85 167 252
94 3 101
15 23 121
93 90 231
42 132 208
24 6 65
33 161 284
86 178 268
41 25 72
55 173 362
23 146 177
11 124 135
64 164 254
84 74 222
84 27 151
44 44 98
28 122 176
13 150 168
47 21 70
36 26 85
92 76 171
1 107 112
49 83 141
42 187 239
61 156 232
5 7 19
60 127 219
54 196 252
61 138 248
91 76 193
17 20 84
29 76 252
66 95 169
16 145 195
56 100 264
59 167 311
39 122 162
49 68 164
58 174 243
99 149 248
2 194 196
79 28 111
34 175 211
25 112 181
54 160 263
72 50 150
7 48 133
82 144 264
27 27 64
83 118 280
100 119 225
64 192 294
32 36 71
50 50 281
38 91 182
14 176 200
54 138 229
16 25 42
34 131 170
85 60 151
25 120 166
76 80 221
25 107 136
76 172 252
18 186 225
32 78 285
1 197 314
28 176 216
82 8 96
83 90 175
68 95 178
81 196 277
51 172 323
98 173 286
80 180 270
25 77 124
37 145 231
94 80 181
89 16 111
27 71 107
99 43 311
69 27 99
64 82 175
58 92 242
93 32 160
2 88 90
100 151 438
90 142 240
94 199 297
43 179 232
24 180 228
80 10 98
56 25 90
58 143 225
55 175 233
75 72 243
38 116 182
74 74 176
85 51 144
73 199 278
57 45 113
9 7 40
56 58 307
42 190 297
17 106 132
25 180 234
9 100 150
48 30 83
88 155 251
13 189 204
1 149 218
36 66 111
97 126 233
70 55 214
23 0 179
76 69 148
39 76 243
47 40 93
48 31 126
91 14 227
66 195 270
63 88 305
59 81 146
88 124 215
35 101 145
76 144 316
98 10 285
59 130 199
12 130 181
73 145 225
4 34 48
13 13 31
39 120 166
96 78 184
79 28 116
100 30 134
64 2 75
31 163 221
80 76 353
29 155 229
90 158 378
4 131 187
67 67 143
6 96 148
7 148 342
75 109 185
98 149 287
34 109 327
44 56 282
54 100 159
53 101 179
2 43 47
32 36 74
15 50 182
64 199 313
11 87 104
57 66 144
86 40 153
55 104 160
95 137 256
30 76 110
82 105 221
66 99 217
42 24 92
13 59 75
9 32 63
43 30 193
80 99 294
54 83 272
40 39 101
64 49 156
60 91 293
76 99 186
53 20 103
42 155 374
42 169 322
65 14 88
37 67 126
92 154 253
14 73 147
10 85 238
31 131 181
79 176 261
78 149 281
46 15 71
65 107 283
48 101 216
82 128 234
13 14 161
56 159 399
39 196 251
83 62 174
99 23 132
33 99 137
31 28 66
