410
65 49 114
37 193 387
63 84 187
5 24 189
4 128 133
75 132 331
92 139 275
8 150 335
92 115 238
97 16 123
71 20 184
33 198 264
3 25 68
22 13 178
32 173 254
75 107 229
71 37 108
20 199 269
92 84 221
27 168 203
61 66 127
47 68 116
39 148 281
40 4 53
44 89 135
92 3 136
77 137 299
30 83 232
23 8 43
70 181 300
9 100 141
67 60 128
16 77 93
63 108 217
24 97 126
13 166 184
9 119 142
80 131 226
2 85 91
15 39 74
78 2 205
30 102 161
81 139 254
2 53 122
72 31 104
79 90 173
56 59 305
81 167 256
90 3 102
37 82 119
87 79 174
72 87 161
7 12 26
45 77 243
46 133 224
26 104 132
38 120 282
5 167 219
93 171 273
81 160 326
80 24 106
17 168 231
48 167 315
77 154 240
38 98 146
59 157 329
15 128 152
100 83 188
1 102 146
39 89 144
14 16 40
26 188 348
20 9 32
72 76 150
49 48 175
58 98 165
35 89 128
89 123 212
61 69 130
86 6 93
7 138 194
35 125 170
68 74 171
37 150 307
94 170 432
13 5 67
46 169 242
55 49 114
69 54 173
81 53 202
39 11 51
85 56 149
11 130 197
24 33 77
26 67 96
34 9 72
12 66 84
92 128 268
69 136 214
1 73 172
15 161 182
14 146 172
55 52 111
33 174 207
63 160 253
49 84 289
10 73 102
26 135 306
54 116 171
67 133 211
79 16 95
93 118 213
17 48 66
55 4 77
56 190 310
19 95 162
35 103 186
74 84 202
64 32 146
99 182 283
17 156 176
44 27 71
18 100 185
26 57 85
40 182 225
86 28 264
17 23 180
85 61 154
6 113 159
67 46 147
56 103 166
12 143 179
32 93 135
40 84 173
5 78 86
10 97 145
19 100 136
33 156 201
64 8 82
4 105 144
4 181 187
50 113 222
34 53 91
12 10 26
70 36 154
27 17 156
81 108 237
86 160 401
22 159 185
25 62 242
15 29 44
25 47 81
52 118 313
11 182 236
62 68 168
97 136 234
41 146 196
34 157 206
46 50 106
54 93 148
35 142 186
60 150 211
15 173 190
1 39 73
25 13 74
18 78 103
47 26 226
90 46 136
38 156 234
42 95 145
92 18 128
35 140 179
87 137 398
6 146 160
45 190 251
4 117 128
28 67 102
37 22 60
98 4 112
18 97 309
48 87 139
76 29 112
94 127 229
25 82 155
36 138 359
58 0 124
69 173 246
58 95 167
89 191 436
83 189 298
76 193 367
24 40 68
75 139 330
23 105 130
49 63 210
32 20 60
71 59 157
12 129 151
99 146 246
36 84 247
79 159 291
94 10 226
43 119 321
46 54 127
96 39 175
70 25 131
72 175 288
39 119 194
93 170 280
97 177 391
27 21 49
61 130 201
99 191 323
43 18 69
15 70 154
39 177 258
67 111 180
16 138 175
91 27 253
20 118 301
28 168 200
59 88 190
17 108 175
79 57 327
41 172 255
42 53 214
90 187 286
13 104 291
5 7 23
75 200 280
7 57 126
94 9 277
60 199 262
100 49 154
52 87 284
11 127 282
82 3 132
19 42 108
8 87 240
65 33 100
5 41 209
60 172 238
54 122 317
35 163 202
21 122 148
39 27 153
55 64 151
28 85 136
9 132 161
52 107 169
7 13 26
30 113 199
15 114 170
25 156 322
62 88 156
76 174 297
6 110 187
67 1 268
50 196 336
100 12 150
6 40 193
89 103 275
11 1 114
16 87 109
13 70 91
32 183 242
16 83 103
47 52 136
62 88 162
77 118 218
21 116 144
16 29 57
17 113 229
87 33 128
67 75 149
32 112 165
15 16 212
21 83 130
8 178 196
64 20 85
69 34 105
56 65 127
96 173 271
98 2 105
97 38 141
93 138 428
26 32 81
51 13 95
23 104 129
19 144 201
95 60 175
60 119 192
58 176 241
96 120 383
74 98 176
46 71 188
77 93 337
11 32 53
96 196 295
66 191 266
69 100 214
59 10 75
37 152 197
56 147 329
15 160 314
11 128 148
19 200 275
8 88 118
54 167 231
56 192 428
10 57 173
6 178 201
18 70 133
50 73 130
9 152 161
13 10 217
49 178 239
96 38 171
52 22 185
22 16 41
90 146 241
38 195 239
12 108 147
43 42 261
5 119 134
84 181 267
20 58 83
85 138 249
81 165 311
25 37 142
61 83 162
66 163 231
11 184 201
59 90 164
57 11 161
61 96 329
35 26 107
42 30 79
53 105 196
73 21 96
97 167 287
43 61 112
45 132 221
27 158 212
82 33 121
99 182 346
58 30 89
17 144 177
77 69 150
35 64 131
87 110 227
82 120 209
56 164 227
47 116 177
92 108 241
59 105 306
88 4 124
1 17 208
28 144 198
100 100 215
38 199 244
38 115 267
24 155 187
2 14 50
17 57 81
43 131 347
57 84 282
26 200 290
37 20 66
31 54 88
76 119 211
37 200 270
50 129 245
69 68 153
31 169 216
22 0 112
100 58 161
21 172 323
60 15 106
46 113 159
78 183 269
15 200 229
68 46 137
86 58 147
73 167 394
93 7 247
36 148 193
29 62 188
69 12 213
100 127 230
56 103 236
80 97 201
48 71 121
65 79 165
91 156 288
55 164 239
21 69 268
30 80 111
97 79 189
42 147 199
5 19 26
25 50 77
8 35 88
18 124 153
96 74 216
2 13 64
39 30 73
46 198 247
94 25 271
17 123 176
