440
57 151 232
89 19 191
72 158 234
12 22 48
32 198 231
76 35 152
20 38 98
15 103 123
53 22 88
31 35 71
61 183 264
78 32 209
49 115 184
29 125 159
68 59 139
25 169 194
62 142 249
41 62 111
95 110 244
1 101 112
30 61 108
44 93 332
60 131 206
28 177 244
88 56 181
96 11 129
7 15 28
5 172 187
2 119 121
29 141 182
9 124 300
54 43 135
85 156 242
34 123 166
59 73 160
73 129 284
60 172 237
42 7 185
43 64 228
39 170 397
81 119 245
65 152 262
90 87 214
78 56 150
40 93 139
33 51 98
23 159 378
15 87 108
85 120 234
24 159 347
52 118 172
40 163 205
33 153 279
11 199 391
19 76 132
19 118 142
80 104 186
82 139 247
32 68 105
5 10 16
59 185 307
23 149 315
74 136 247
44 178 226
88 68 202
79 4 85
17 15 36
44 73 175
35 82 146
9 73 88
97 58 156
69 123 202
71 167 238
74 111 301
70 43 119
88 24 245
87 62 154
50 121 179
42 68 112
39 33 79
6 167 209
54 147 248
88 138 234
7 146 161
4 152 159
35 69 105
5 28 37
61 79 159
62 15 112
54 98 155
65 168 276
15 164 207
17 137 325
49 193 244
37 89 130
58 0 62
47 1 55
62 80 242
12 76 97
56 186 273
64 127 221
74 70 147
69 122 207
28 94 123
95 77 178
3 0 12
57 87 187
47 11 62
50 22 76
58 14 121
16 99 147
85 177 266
7 42 56
22 175 215
11 12 33
57 141 209
90 196 297
76 53 171
5 189 224
71 156 255
36 160 211
7 61 258
34 14 66
41 148 324
17 27 86
27 68 98
3 128 161
27 89 290
5 169 176
31 171 218
99 7 146
63 132 207
3 100 148
42 64 111
1 6 115
80 116 204
93 9 144
91 52 203
28 161 210
75 10 143
5 31 43
22 28 76
86 109 202
94 184 463
81 147 270
95 145 249
98 38 145
71 139 251
44 152 215
62 177 244
32 152 258
27 45 126
94 40 142
84 181 303
25 75 149
90 30 122
36 101 141
57 157 217
29 101 159
25 31 56
38 26 88
17 94 114
58 41 109
26 191 368
26 63 105
41 37 94
96 39 152
86 146 256
43 134 376
40 109 155
24 143 172
34 196 261
72 194 275
60 162 224
72 0 134
38 101 143
66 99 215
2 37 39
28 119 319
9 48 65
63 142 264
42 48 203
38 0 40
46 190 279
40 59 287
31 121 257
52 74 157
39 76 294
27 109 136
22 171 201
33 152 185
55 31 105
67 111 231
70 68 170
39 45 208
6 30 46
33 59 153
6 81 221
15 112 174
85 149 251
15 70 166
7 149 320
1 91 100
57 141 207
50 16 91
57 41 147
36 82 159
58 45 108
58 68 129
49 162 224
65 116 227
23 76 103
25 191 222
79 75 155
3 166 211
70 107 211
83 121 283
98 51 197
34 27 183
20 195 221
11 126 147
79 193 280
99 167 275
61 151 222
66 86 155
13 191 207
57 180 265
19 72 101
75 195 276
12 46 93
11 15 28
9 168 201
77 73 195
22 155 211
86 135 224
45 162 275
73 147 227
34 139 276
22 18 49
58 95 188
81 152 288
100 158 301
41 170 287
95 52 191
37 68 200
16 16 35
79 148 325
48 60 294
52 60 120
9 162 172
51 198 306
4 113 126
33 129 165
17 151 200
6 194 208
58 189 256
44 145 228
41 190 264
98 21 123
9 176 190
30 185 339
52 143 215
44 194 409
43 165 212
58 90 158
3 84 164
56 47 264
99 137 258
15 135 244
31 28 239
95 87 275
59 110 197
19 6 28
14 85 121
39 181 267
84 49 142
86 114 207
16 152 191
74 60 141
2 122 124
11 121 142
61 23 113
68 108 180
50 173 227
90 85 239
4 43 72
52 170 226
35 199 329
34 147 191
57 167 284
87 14 140
29 42 187
95 5 111
20 168 215
53 22 220
25 79 113
58 72 146
77 9 111
55 18 81
11 24 164
92 148 262
80 197 282
32 117 149
85 34 120
75 109 227
78 87 231
73 44 124
11 117 175
3 55 182
75 107 187
89 67 160
20 73 256
67 125 367
97 196 303
82 18 223
45 68 119
31 134 196
99 122 313
18 4 134
59 25 90
16 109 255
57 73 139
34 140 178
52 11 90
15 88 157
85 76 167
59 130 328
4 103 142
100 67 177
82 136 268
4 155 168
54 109 166
99 39 183
89 163 396
48 133 209
8 185 193
51 149 216
12 122 157
99 78 182
17 156 181
16 147 175
49 165 217
79 185 431
66 188 413
7 83 111
87 19 113
16 16 63
99 170 276
99 104 244
23 184 214
35 101 137
5 13 88
45 123 197
21 77 117
11 91 146
59 98 162
35 158 224
94 180 281
28 156 185
81 55 289
30 161 192
50 83 160
21 105 134
63 32 131
44 14 104
40 180 230
2 183 203
20 130 152
71 181 289
18 144 162
84 174 263
28 117 147
7 146 343
50 79 208
86 171 267
60 88 190
42 33 125
17 175 222
31 163 252
2 144 153
30 101 150
61 24 89
44 101 187
42 40 85
85 85 353
91 161 262
59 37 119
18 65 92
22 65 218
41 37 175
94 34 277
90 73 164
36 177 254
60 12 212
22 10 80
39 141 184
18 128 148
7 10 19
2 7 14
85 33 127
37 166 204
89 67 251
46 43 95
87 156 249
16 146 171
39 143 262
77 124 278
79 139 219
28 26 55
59 77 168
2 16 50
32 6 44
14 92 107
65 16 86
20 109 129
24 62 87
23 190 340
82 132 228
4 83 97
55 106 166
55 89 233
47 50 106
13 11 29
19 45 199
94 2 130
84 73 226
99 124 228
84 15 259
91 161 351
50 136 187
45 189 237
14 8 25
7 48 61
37 61 146
63 200 327
100 108 217
36 70 162
100 199 308
79 97 185
65 73 187
