690
29 154 232
62 101 283
10 161 193
61 22 276
50 178 230
9 8 64
5 19 115
57 128 192
73 124 358
69 8 85
66 85 156
47 170 232
88 105 196
61 103 170
20 82 147
84 44 282
88 91 189
90 167 258
82 54 158
90 188 300
100 91 196
88 93 230
58 186 331
99 62 163
73 30 209
75 42 119
29 118 157
24 108 160
67 109 219
100 116 269
20 115 142
54 129 190
98 163 270
4 70 81
4 171 182
34 136 198
82 18 255
60 45 147
78 90 177
97 1 256
64 70 325
13 43 96
32 21 60
82 11 143
52 78 308
61 121 183
75 185 280
6 35 44
55 95 160
61 168 302
36 166 210
46 155 399
5 40 55
70 10 80
77 84 166
55 26 185
98 69 167
74 153 361
73 134 255
94 109 212
64 175 242
39 107 270
13 26 50
76 181 257
9 87 145
73 9 170
45 21 76
4 145 347
56 96 157
39 54 133
91 147 253
43 49 260
3 93 204
24 67 92
16 84 105
68 29 104
98 47 168
5 31 63
6 191 285
100 175 303
75 62 145
9 108 160
12 52 69
89 104 198
79 152 239
28 39 207
60 12 234
78 13 97
18 9 67
86 198 324
63 85 257
60 25 91
54 190 275
88 128 223
34 57 97
73 95 173
67 135 307
80 68 149
18 75 96
96 102 205
87 113 201
43 134 207
81 171 355
48 15 110
12 121 171
83 10 180
28 38 102
14 3 62
93 87 316
40 52 93
79 123 220
44 13 78
12 145 352
56 193 329
90 70 205
4 85 97
69 54 218
79 43 172
97 40 144
19 154 182
30 115 152
23 51 79
45 168 223
9 73 91
28 127 319
96 129 257
14 53 70
60 165 351
55 123 182
30 91 129
100 159 457
96 153 255
50 0 77
84 45 173
58 177 280
3 194 371
65 16 88
70 157 253
1 146 148
74 112 276
64 188 425
68 109 208
35 2 38
20 21 70
15 22 46
81 196 306
57 121 225
52 191 245
76 116 231
41 4 180
28 200 238
16 94 119
18 192 220
89 189 282
56 82 140
71 98 229
66 140 213
43 142 194
39 177 380
63 163 398
32 30 64
6 177 226
27 138 320
11 133 146
4 63 143
37 151 191
24 19 85
47 175 255
44 43 95
74 180 289
60 153 223
82 63 146
13 168 220
27 199 290
4 91 270
8 70 225
97 149 421
19 23 51
70 166 275
54 106 180
81 3 84
73 191 458
58 90 287
63 157 245
34 86 126
48 54 102
51 31 104
44 84 180
85 99 348
51 182 233
8 149 166
33 141 224
98 161 269
32 86 124
95 53 149
100 146 345
34 133 171
30 64 94
82 29 174
2 53 65
84 76 162
91 43 218
11 192 357
84 19 112
57 141 320
25 191 396
82 110 194
28 181 239
95 63 178
36 123 176
71 5 106
75 61 154
58 144 402
17 63 89
45 136 184
86 58 152
93 61 263
40 95 195
24 43 86
81 14 104
85 152 312
70 153 250
13 49 67
15 181 214
94 46 150
93 110 373
55 68 125
42 38 82
60 40 136
64 178 394
54 58 288
76 137 402
95 150 429
41 14 60
75 181 281
14 160 175
20 66 91
75 77 239
32 72 292
27 108 205
21 47 190
50 156 325
25 104 138
81 137 227
55 115 179
30 108 143
85 100 191
37 103 142
77 102 349
21 26 71
41 199 241
34 147 198
11 59 76
100 73 219
41 3 50
46 195 246
91 185 324
96 195 326
41 178 226
13 45 148
3 16 44
90 156 251
37 148 186
59 31 94
100 131 236
52 150 203
93 20 131
92 180 307
97 145 296
77 128 283
7 38 80
8 36 60
79 86 173
71 96 192
87 91 369
42 90 141
31 71 137
21 119 158
95 64 247
32 49 86
52 99 153
70 88 161
68 88 338
57 104 284
88 71 164
67 68 172
71 62 193
85 82 177
18 39 110
18 31 62
19 133 162
55 132 205
50 145 204
49 13 65
84 183 268
96 45 147
2 139 152
5 152 157
72 58 140
86 129 371
11 88 144
77 54 139
18 127 188
34 184 218
28 155 191
17 144 207
49 81 162
51 191 250
31 89 149
45 40 85
80 174 331
39 171 215
8 8 51
28 91 122
59 194 296
25 124 342
67 135 341
66 139 208
45 55 110
61 79 159
65 171 267
54 88 164
2 23 156
48 166 222
75 105 181
38 48 87
89 15 241
51 193 246
71 180 252
16 49 241
43 91 157
91 18 264
8 129 192
56 146 248
29 65 97
21 4 223
48 75 127
6 157 167
92 92 188
80 22 148
39 146 195
48 169 220
57 9 156
52 182 240
20 120 176
100 38 157
18 99 217
92 29 131
6 184 225
39 40 92
42 149 193
31 33 74
27 160 367
29 4 34
97 124 305
91 137 235
67 38 220
86 140 268
97 78 182
58 111 173
15 125 188
12 178 238
100 57 165
59 60 123
50 63 134
32 169 211
28 198 298
49 79 131
87 37 145
59 9 74
95 175 271
20 49 131
3 120 132
33 106 145
36 60 107
37 70 227
32 100 222
39 82 123
25 105 276
13 3 185
85 136 221
67 199 333
62 30 100
73 15 114
74 82 179
53 35 122
60 153 216
71 19 164
27 39 228
63 153 224
92 19 117
50 93 151
4 155 315
3 130 166
56 72 143
41 88 166
72 191 288
81 121 237
64 33 105
89 187 278
80 91 341
36 61 101
54 122 250
61 176 247
100 129 269
20 119 142
21 56 95
98 118 224
90 135 227
21 144 175
87 74 170
73 26 143
9 25 35
21 193 220
18 158 225
65 51 254
6 69 85
33 14 70
35 56 122
39 2 82
89 102 209
77 45 130
82 53 136
94 99 345
97 33 131
82 2 127
77 177 331
99 177 283
63 182 400
72 65 293
26 25 57
24 57 95
62 135 377
76 81 178
3 24 66
23 31 98
91 61 179
74 51 137
92 86 179
29 146 182
5 5 110
55 46 102
20 169 223
94 85 243
100 103 347
22 55 81
74 165 246
78 76 187
56 59 162
58 63 284
29 195 245
50 172 232
76 19 103
95 126 226
76 43 123
82 53 137
89 161 254
41 126 168
80 116 203
25 9 155
85 92 223
2 91 102
14 141 186
34 156 198
16 23 43
3 135 155
24 59 167
7 19 67
30 77 144
90 41 168
66 47 156
43 36 119
24 34 58
21 79 231
5 160 207
80 74 211
58 134 218
58 181 363
7 154 341
22 76 101
67 158 230
47 37 235
19 23 55
53 126 180
28 84 122
16 145 303
92 147 244
35 8 101
24 88 135
77 200 278
43 15 65
58 165 224
24 93 118
13 70 129
4 188 306
82 0 160
99 155 257
44 23 255
34 81 116
68 97 223
77 59 161
36 128 203
68 143 255
46 132 183
17 146 166
74 110 204
65 58 131
12 118 136
72 61 135
88 54 147
88 74 173
68 73 325
82 189 311
69 179 270
26 84 147
46 179 258
87 136 232
43 10 57
35 87 299
62 150 215
79 55 140
53 38 94
10 84 103
5 51 56
11 145 184
10 154 310
11 193 227
85 97 185
88 48 173
86 123 210
63 34 198
46 40 92
74 55 167
81 176 262
67 45 283
52 59 118
36 81 117
30 175 207
38 10 153
100 61 170
76 51 131
66 134 209
45 135 200
53 131 184
76 146 253
1 64 65
99 49 245
44 145 214
91 107 216
95 192 319
7 9 169
80 63 149
48 139 374
72 58 139
56 39 96
69 7 80
83 123 214
25 172 369
3 81 92
69 143 215
25 115 142
21 149 200
82 87 212
53 167 340
29 55 281
39 137 177
47 119 198
99 58 274
6 19 60
86 188 423
75 84 167
91 45 141
36 33 110
25 132 164
7 121 205
27 177 250
55 149 219
20 25 217
66 63 174
86 20 137
15 57 119
92 123 217
46 148 238
56 150 211
16 134 152
100 29 174
23 93 283
33 72 179
79 61 200
60 38 119
74 84 202
84 91 175
48 63 114
35 26 95
3 121 140
64 66 150
28 178 254
23 193 242
24 66 96
15 102 119
40 36 93
90 38 275
58 72 179
12 129 145
70 118 233
46 141 287
55 30 88
58 2 92
84 33 126
27 168 234
59 144 349
36 111 195
27 193 228
35 33 81
21 154 371
50 97 175
91 4 100
16 181 224
42 151 255
52 168 225
83 127 228
69 153 229
16 117 133
73 163 238
18 166 192
64 81 196
12 49 66
84 84 205
12 49 67
70 5 98
61 49 116
3 133 142
9 189 273
8 49 91
75 143 245
94 40 327
31 174 214
14 99 241
31 139 172
42 97 149
14 71 87
98 85 226
49 17 97
62 123 194
56 81 274
47 3 54
3 38 74
100 34 303
100 92 238
88 130 220
69 113 203
98 47 147
97 7 129
47 115 166
93 170 290
31 88 128
53 167 268
26 96 122
74 184 312
97 66 175
29 29 61
4 4 47
31 94 168
75 182 270
9 187 210
32 141 196
98 122 263
9 119 129
71 15 157
57 23 104
4 186 199
4 71 150
92 76 173
35 179 338
37 52 127
10 32 46
64 181 333
83 32 137
62 26 251
61 45 291
83 67 158
92 17 140
5 178 231
71 17 94
82 96 182
85 178 310
73 182 343
34 21 93
9 59 76
52 93 327
