820
5 90 284
100 186 287
51 113 193
76 108 209
30 96 155
20 187 211
99 61 176
13 153 202
93 98 198
70 96 168
97 198 300
34 180 215
96 140 236
27 17 82
100 72 207
78 23 250
82 23 121
9 156 166
30 30 91
39 4 78
28 26 55
38 15 101
6 137 144
65 32 101
77 108 188
56 128 318
73 146 219
66 147 283
80 24 285
70 101 228
42 4 55
37 35 120
95 14 119
54 173 276
7 68 114
18 190 221
98 151 268
26 117 246
60 112 176
74 89 236
78 5 86
29 118 161
57 101 159
55 63 148
12 69 236
36 63 109
1 21 218
70 24 99
45 147 198
27 198 235
27 177 205
74 188 266
68 107 195
58 127 374
86 11 101
51 120 180
79 117 223
28 89 126
57 4 90
52 66 215
40 12 71
40 19 81
95 41 196
70 150 299
98 145 250
51 49 109
94 61 288
21 7 31
51 107 163
95 0 290
22 152 206
80 192 296
80 165 254
66 183 253
10 5 20
7 2 19
39 22 138
31 163 196
84 44 224
28 177 266
79 149 274
23 95 165
8 86 291
41 196 353
94 149 382
76 10 86
52 114 198
23 68 176
51 38 94
11 139 179
14 24 44
44 102 146
28 27 61
45 69 263
61 129 190
31 83 122
34 181 222
91 160 257
32 170 251
20 175 204
42 167 305
34 179 219
59 163 225
58 6 88
28 109 220
80 48 315
85 30 116
35 154 221
54 26 80
93 106 210
54 12 128
98 193 472
80 21 143
80 116 201
93 65 163
49 190 256
49 20 107
63 149 215
100 43 145
76 143 223
38 67 106
12 179 193
27 187 222
17 25 192
74 72 186
37 16 153
2 49 93
75 20 178
91 124 371
27 92 120
51 59 273
58 163 260
53 26 85
85 12 103
35 31 73
20 72 118
21 125 254
25 37 62
30 46 176
1 29 36
27 116 148
39 3 64
20 111 136
15 97 113
63 31 148
9 186 201
41 184 304
83 200 288
14 96 113
31 40 74
100 46 320
46 38 85
80 91 216
11 160 189
86 77 290
90 1 116
78 46 134
65 22 111
90 179 317
20 22 51
76 172 368
43 45 96
87 184 339
73 115 211
30 66 96
64 129 229
61 130 196
92 129 244
11 170 183
44 113 238
70 134 204
13 90 185
51 23 78
31 42 259
58 133 196
98 129 227
20 6 102
49 85 170
82 107 264
10 48 97
16 45 230
25 168 195
28 175 228
83 136 240
65 123 189
95 196 299
86 167 311
44 176 220
97 140 406
75 196 288
69 10 82
62 91 235
74 65 150
37 91 142
90 18 216
52 62 130
13 144 195
45 57 151
45 35 119
59 64 131
21 167 208
55 83 291
64 65 129
59 23 85
63 123 195
68 89 163
95 20 164
87 47 136
89 144 257
48 145 232
14 27 46
86 75 168
89 126 231
70 73 169
8 27 62
88 19 145
54 21 77
30 47 112
91 7 106
94 33 180
75 52 250
87 11 123
52 168 227
39 21 60
30 52 156
17 14 78
74 10 87
67 169 253
90 164 284
75 188 295
21 53 181
95 11 127
90 19 121
91 41 135
59 159 279
77 173 273
14 197 249
54 178 291
77 109 210
54 26 93
84 186 304
3 65 68
33 65 202
94 31 132
95 105 217
63 111 183
87 15 126
5 38 52
7 150 176
28 137 260
29 157 279
53 186 247
6 45 57
18 95 155
30 199 245
94 145 239
83 35 126
53 9 74
40 118 206
41 177 304
42 73 287
8 156 170
4 21 29
68 107 198
26 152 183
1 174 185
7 31 233
93 175 282
32 113 150
38 45 116
98 100 198
9 83 92
67 60 136
39 42 90
28 198 272
41 162 250
18 123 185
10 143 186
81 32 161
44 175 273
75 60 144
13 183 226
15 100 128
35 8 205
54 66 121
13 66 79
74 69 233
57 185 248
4 110 154
38 74 160
53 131 318
88 105 199
28 139 177
43 79 162
42 122 194
67 191 262
29 98 163
61 127 188
47 198 245
59 159 234
51 104 196
25 35 63
3 164 175
63 184 295
6 99 111
63 22 87
73 52 133
14 24 45
73 161 377
43 185 232
4 156 196
62 116 375
10 178 206
91 170 271
37 193 412
72 90 171
94 50 181
98 43 149
62 40 206
69 181 250
39 66 149
97 190 294
38 73 119
17 138 186
70 3 106
52 6 94
97 146 250
42 152 240
19 59 122
34 195 229
73 185 398
79 89 197
64 156 239
64 89 184
40 183 233
93 165 300
12 15 119
26 67 273
10 20 30
40 45 86
4 122 127
22 141 166
7 87 97
54 184 284
6 28 90
80 138 232
38 140 224
69 141 215
27 167 230
6 25 33
54 42 127
22 196 224
8 123 144
3 74 94
38 60 161
68 136 232
19 71 101
57 187 266
62 43 225
12 33 74
42 97 320
62 74 180
35 123 308
85 94 222
30 197 236
37 55 95
14 88 118
8 185 194
8 89 175
46 87 206
23 73 170
10 186 362
41 126 298
48 126 190
18 120 179
60 156 255
49 106 159
77 110 193
37 197 262
34 117 310
76 153 234
7 43 89
76 70 166
17 99 116
91 149 361
40 157 203
7 149 160
72 19 92
46 58 209
11 12 43
59 39 101
12 5 25
54 151 253
28 111 229
85 129 219
93 9 110
51 101 161
76 154 232
55 124 183
97 131 235
48 59 152
21 110 217
39 94 137
6 170 246
55 21 221
29 56 85
26 35 78
44 150 236
90 122 238
90 125 276
17 160 222
32 188 229
32 54 97
69 32 103
97 62 168
37 144 188
93 32 130
6 151 159
80 196 295
21 85 113
50 135 190
62 112 217
66 22 93
28 90 158
5 157 280
65 44 119
13 54 78
43 96 144
70 183 452
55 61 118
51 144 200
50 114 208
50 185 285
28 10 85
6 162 203
18 175 194
59 115 348
100 190 308
18 66 240
8 182 200
5 29 43
80 61 158
61 198 268
73 150 223
43 132 343
19 143 280
78 111 194
41 137 183
8 39 71
12 180 201
3 190 197
32 23 240
55 103 317
97 184 464
88 168 272
71 120 301
19 107 127
7 166 186
87 95 221
38 69 127
75 16 126
44 167 283
35 71 261
34 39 80
91 72 327
12 93 224
97 100 331
32 185 247
69 59 143
56 135 194
50 76 134
77 152 274
70 130 203
14 49 71
10 128 144
28 23 78
20 83 146
24 155 269
52 32 265
89 159 264
38 36 213
25 10 202
65 192 428
66 131 197
92 77 188
46 55 196
87 104 260
48 22 174
50 17 199
99 92 227
15 73 132
63 32 117
53 9 65
15 68 132
74 59 272
88 176 302
21 150 177
39 86 134
82 183 324
69 145 307
24 120 152
53 68 305
97 106 247
69 159 229
15 4 26
60 148 213
93 5 127
63 10 82
93 146 285
27 94 130
52 191 249
58 129 189
18 134 162
15 6 21
3 0 12
85 148 247
20 94 120
82 95 180
95 177 310
26 57 113
13 178 241
53 13 108
79 9 254
66 128 194
83 200 290
33 25 65
83 161 265
61 18 92
34 51 87
36 172 249
40 163 227
22 55 262
65 165 264
38 101 174
6 25 32
51 78 146
27 57 92
43 97 162
25 192 219
23 141 174
54 92 217
9 62 78
48 194 271
6 126 134
35 172 228
74 54 146
9 67 126
93 37 227
22 127 155
45 8 90
77 196 287
98 159 267
98 15 308
64 132 203
2 167 177
42 56 104
9 185 234
49 73 123
84 135 348
93 64 203
47 2 51
94 111 248
16 152 246
42 197 247
9 133 169
55 35 247
67 154 251
61 89 153
16 132 151
32 145 272
84 14 105
98 197 320
87 92 194
98 54 197
28 134 234
53 118 178
64 199 268
6 62 78
43 109 157
1 147 242
98 115 246
12 61 75
49 128 199
10 67 85
100 164 266
43 30 78
37 134 174
64 21 152
84 169 261
76 88 346
65 147 258
95 109 208
16 181 280
59 170 339
62 184 254
8 63 79
36 68 119
98 118 220
5 88 130
37 74 111
92 1 104
55 88 145
54 90 162
97 54 350
55 161 218
26 155 241
84 200 291
78 119 285
75 175 260
82 15 138
8 11 22
41 199 241
81 189 283
23 177 201
17 67 114
18 35 232
10 174 345
3 55 60
80 140 261
26 117 191
16 182 200
69 42 121
15 160 185
2 116 121
48 56 138
55 116 174
79 12 126
35 52 240
44 69 115
95 190 315
23 45 69
13 149 201
84 78 165
30 52 247
33 153 211
30 68 102
32 42 76
23 164 331
97 2 106
88 153 288
91 167 263
21 88 134
100 45 326
92 63 173
42 162 232
59 152 214
20 173 199
62 166 299
7 36 131
23 88 120
25 80 115
45 106 250
88 133 407
37 74 141
46 13 64
65 129 240
38 111 226
13 85 103
77 130 210
18 122 170
43 160 209
61 106 176
75 191 273
84 171 433
30 185 244
100 29 150
41 60 271
12 183 349
65 138 213
40 193 238
22 82 136
41 134 177
49 42 100
100 172 313
39 1 181
66 31 103
60 135 200
5 74 82
17 51 75
67 59 137
74 78 155
86 96 188
90 69 199
39 115 348
21 115 145
50 74 134
92 118 226
41 153 223
72 151 228
28 21 49
53 200 289
47 30 83
36 37 75
16 15 51
65 37 145
63 180 277
11 178 190
37 78 263
50 163 346
82 129 257
64 77 159
78 132 270
84 30 115
24 197 223
80 165 265
85 111 356
70 34 116
84 157 243
5 139 250
63 94 189
96 115 213
28 156 287
12 121 200
37 57 120
41 41 84
34 150 185
33 24 57
89 186 310
72 139 214
78 23 113
61 104 204
87 149 273
43 116 188
68 98 186
28 78 106
64 178 369
5 119 131
85 186 278
72 7 235
84 176 449
15 3 26
95 163 260
88 178 363
61 55 139
76 53 161
27 198 235
58 156 384
16 65 240
4 112 230
99 125 230
95 161 261
52 23 83
48 183 352
55 78 259
18 197 220
37 134 211
1 32 62
91 188 333
54 194 280
53 129 184
93 11 294
28 95 166
28 132 163
55 107 181
98 141 242
40 21 95
1 8 187
75 38 218
20 182 345
51 196 279
96 118 218
13 43 56
95 156 258
59 162 235
19 44 188
50 109 176
55 51 155
5 62 75
22 173 196
37 87 156
38 106 289
44 45 254
13 24 81
26 101 264
23 136 175
11 121 168
82 114 235
91 142 233
29 85 123
59 149 257
38 52 98
12 115 129
27 17 52
91 4 157
98 42 278
97 72 174
31 128 169
67 57 132
43 119 211
82 172 260
62 48 116
85 58 146
30 39 83
2 159 191
99 17 117
72 84 160
17 181 233
48 85 137
70 15 252
18 67 95
40 181 223
90 88 178
45 62 117
36 59 98
20 135 185
29 63 199
64 132 215
17 38 93
61 43 108
33 32 91
18 192 219
6 126 154
94 80 210
86 97 221
94 110 236
12 116 305
70 91 286
80 73 155
97 9 146
9 112 289
