650
74 140 255
16 126 275
31 136 193
11 80 118
80 64 152
40 127 172
60 137 364
84 175 279
79 80 224
12 179 260
64 31 101
71 18 103
97 107 248
93 172 331
72 158 254
60 162 259
7 152 162
4 143 151
72 51 145
54 146 207
69 160 279
21 86 123
16 183 205
1 179 347
51 139 200
39 128 324
81 123 252
33 141 177
37 106 144
84 86 213
97 86 314
61 74 204
77 193 310
26 6 37
88 101 195
87 126 215
48 194 262
31 103 319
34 52 265
17 51 73
20 133 194
57 172 237
4 89 235
61 173 238
45 173 218
10 47 202
62 0 65
34 35 94
62 4 70
67 49 124
63 163 227
38 42 85
85 189 308
23 40 77
54 23 125
82 6 232
100 72 181
37 115 344
4 35 49
35 148 193
77 3 84
57 151 215
92 195 324
79 56 325
56 111 171
63 43 150
96 82 221
70 172 246
53 138 217
37 2 85
4 193 198
70 26 135
63 91 162
71 82 161
19 97 117
43 188 264
32 172 209
75 49 169
62 82 148
73 104 222
67 70 165
51 70 139
29 192 231
37 13 55
69 104 173
99 11 142
70 18 98
64 169 385
35 109 151
7 73 81
12 81 254
79 22 104
20 108 169
73 195 358
15 196 213
89 122 230
32 4 58
59 111 241
98 132 237
65 156 223
94 42 140
72 78 200
66 48 118
45 102 219
3 104 177
93 184 322
99 141 286
80 84 247
21 138 302
46 18 65
35 79 138
46 100 155
16 171 213
42 143 313
57 18 85
73 148 232
71 66 170
11 156 173
87 158 255
32 196 258
83 16 105
10 172 227
35 77 309
29 79 191
11 32 72
35 128 164
33 140 174
41 146 196
63 50 120
96 0 231
38 17 98
32 179 344
87 127 220
22 67 98
48 50 141
52 19 81
52 175 383
36 173 215
40 187 308
79 129 209
60 83 164
86 152 254
15 61 89
17 103 130
94 187 321
28 49 235
46 70 117
98 53 193
98 15 262
92 178 412
91 76 175
48 86 136
21 1 48
60 154 375
40 198 271
47 176 230
80 70 175
30 43 148
95 105 213
52 97 205
56 39 104
58 168 257
78 133 304
27 170 234
4 164 210
91 69 162
80 111 195
95 100 219
68 40 269
98 122 230
4 8 41
30 129 251
94 100 307
29 11 70
75 192 295
94 29 318
18 197 337
56 199 322
80 74 157
100 128 233
79 75 155
63 82 151
60 71 167
4 63 69
11 152 164
46 95 165
52 26 81
82 164 256
14 5 69
86 60 155
96 76 359
12 119 174
22 67 113
32 81 118
50 196 253
31 169 201
93 138 237
32 113 166
68 126 212
38 52 216
18 118 296
50 128 186
44 90 143
31 51 120
75 84 285
65 135 210
32 167 276
84 4 187
100 178 294
38 104 185
75 29 181
64 70 135
57 122 179
21 56 199
39 19 64
93 142 261
25 151 176
89 117 215
51 47 105
20 23 45
47 158 242
53 123 181
15 30 55
81 23 197
52 70 196
73 16 89
65 126 200
96 17 121
100 14 229
38 169 255
28 105 157
23 52 82
54 192 246
53 60 115
32 38 79
15 180 201
60 59 169
83 97 181
11 99 115
30 42 87
73 144 219
73 76 218
85 189 307
22 45 90
18 23 61
3 183 227
65 28 142
53 170 249
75 102 222
75 77 152
37 99 184
98 59 171
28 26 90
98 62 204
18 61 107
26 99 128
77 166 244
34 101 139
74 88 176
3 168 199
27 194 314
57 33 92
9 77 86
85 56 144
62 80 232
23 105 136
72 117 193
45 1 166
3 36 109
63 185 377
81 51 138
93 103 196
38 123 198
45 4 70
35 127 325
94 164 259
57 106 184
74 133 209
14 143 169
27 111 143
95 126 223
8 62 76
99 109 234
72 56 144
4 2 138
31 170 211
26 101 148
8 122 151
80 182 271
54 51 113
1 41 42
86 57 151
55 48 293
73 42 125
30 136 185
96 30 138
19 36 203
30 136 227
82 172 256
41 138 248
25 199 230
55 175 280
10 199 218
62 0 72
64 66 244
19 40 102
45 97 172
48 10 172
76 65 170
42 114 189
98 113 231
85 45 140
93 116 221
89 200 328
18 147 205
22 98 128
1 124 303
79 158 271
45 12 80
60 181 304
100 20 122
99 113 216
68 81 153
22 166 201
81 56 147
1 50 60
76 199 276
40 58 150
98 196 456
80 114 195
38 200 246
33 4 43
94 194 345
30 179 229
92 62 195
50 179 270
58 44 112
40 67 193
5 115 121
74 70 188
38 128 307
59 72 133
64 61 242
55 16 88
40 56 188
18 120 244
14 44 76
70 42 249
72 65 282
98 14 112
76 118 387
12 38 53
98 109 251
28 88 124
74 19 141
87 36 129
77 101 361
10 147 192
85 187 302
90 116 249
98 130 228
89 9 100
98 79 177
71 25 134
1 58 77
91 176 270
97 97 228
72 71 146
47 124 236
56 194 251
99 56 176
87 70 157
89 75 324
78 165 250
76 131 237
63 49 277
57 68 172
45 129 175
27 117 189
5 78 109
93 43 210
36 200 243
5 95 140
28 32 202
60 129 190
45 92 269
12 7 23
95 161 265
12 53 187
46 166 217
34 26 91
8 136 168
14 78 102
35 127 171
11 180 211
36 56 124
32 33 115
42 122 304
44 32 124
8 60 154
14 40 58
72 67 142
74 188 289
21 10 36
11 120 138
6 17 25
94 42 143
8 76 84
23 176 207
47 82 268
22 22 71
59 193 279
1 6 33
5 95 103
37 109 328
91 138 235
67 192 377
24 70 129
55 89 158
17 125 152
47 38 132
24 59 276
96 188 409
47 197 294
14 90 138
45 178 223
32 139 212
71 51 291
85 157 242
53 9 111
16 80 106
41 39 175
9 97 132
60 48 109
64 154 302
88 128 220
92 196 310
73 5 92
12 127 257
3 170 177
9 95 109
22 5 60
72 121 201
65 102 346
73 73 195
75 36 120
67 178 280
24 52 222
69 165 359
46 120 174
29 60 126
73 66 149
51 17 116
50 20 74
33 11 127
84 43 150
26 80 298
16 88 140
1 133 142
29 35 81
85 20 172
99 86 195
77 146 233
23 15 41
13 179 302
72 108 206
8 73 87
51 33 99
69 159 238
73 30 135
46 152 210
17 120 144
18 133 159
47 107 158
33 191 246
1 93 243
92 60 200
1 181 197
22 102 234
93 183 286
45 106 153
97 33 230
87 152 276
8 19 76
86 131 253
60 195 380
26 159 186
40 164 266
78 101 210
23 171 195
42 180 270
88 9 103
27 26 140
69 50 262
76 12 98
87 179 273
59 150 329
78 78 164
86 11 97
43 168 327
100 30 225
70 171 268
62 197 379
100 40 142
87 101 223
80 50 272
17 60 137
18 78 135
97 23 122
73 119 193
36 57 102
86 189 304
53 27 124
42 35 94
14 108 295
24 78 106
13 12 28
98 34 331
22 144 198
45 96 170
58 110 213
92 189 383
6 69 85
21 103 126
90 51 149
40 52 97
53 177 240
47 24 137
33 193 309
59 20 119
69 166 237
8 55 173
53 123 208
86 92 325
18 179 214
28 164 279
35 83 118
65 80 171
57 43 145
44 16 94
90 83 193
86 52 147
91 186 321
55 116 327
49 14 128
27 154 181
34 48 82
30 83 127
80 155 308
32 197 249
10 119 290
10 194 238
17 66 111
89 103 193
6 42 201
91 167 261
12 117 137
79 74 176
41 149 200
71 35 107
18 185 304
56 129 233
23 177 210
18 144 166
20 109 138
23 132 298
79 191 296
47 90 310
26 58 87
12 188 244
49 102 169
43 17 64
28 109 147
25 68 135
15 22 43
9 76 87
55 159 215
98 53 197
73 37 115
19 94 116
23 161 245
66 135 223
11 118 171
21 174 198
4 33 67
54 132 191
16 151 175
3 143 156
61 76 169
64 8 96
47 134 184
50 101 153
2 88 98
62 174 275
9 6 78
71 65 142
100 149 252
73 46 129
27 63 115
65 63 225
34 57 127
26 185 320
38 98 164
32 43 84
31 72 160
74 132 386
33 145 295
36 197 278
88 198 291
37 3 66
46 124 180
61 191 252
70 33 113
70 182 359
3 108 137
6 6 98
59 120 182
76 30 116
20 83 112
89 191 286
60 21 94
11 112 129
13 167 181
89 123 261
75 184 320
93 5 144
42 96 140
25 109 167
36 170 211
1 121 237
63 103 183
83 101 232
89 67 181
92 157 255
51 172 225
11 2 128
52 200 273
46 107 266
81 156 414
82 157 249
41 91 157
77 167 246
4 75 86
71 64 153
84 3 136
13 155 218
45 198 267
88 174 262
83 42 125
63 135 199
