940
38 39 84
51 15 105
24 0 44
62 89 156
88 7 103
73 11 118
43 106 348
34 173 215
67 106 189
18 57 92
37 169 207
75 21 133
88 13 211
39 166 206
59 190 253
17 120 162
41 104 223
45 119 181
52 94 154
83 60 149
30 186 408
40 151 314
49 7 59
45 99 144
57 3 84
17 167 190
50 90 212
42 56 133
15 118 138
11 21 58
30 200 280
66 125 374
45 30 84
65 121 234
36 79 279
12 108 169
68 16 90
74 183 258
22 191 248
19 185 213
77 133 244
63 139 293
1 197 206
88 100 195
34 7 163
84 169 271
9 24 222
91 175 271
90 42 181
92 158 441
49 155 204
38 195 359
16 160 177
94 51 174
35 65 133
71 11 90
77 150 233
22 79 128
51 169 229
29 99 140
66 38 104
25 1 26
92 69 181
54 132 382
31 114 150
78 183 280
95 16 113
8 46 58
60 26 94
35 189 416
47 189 240
97 1 125
20 14 45
27 31 197
51 102 180
11 161 181
61 0 66
90 66 238
75 40 127
5 175 227
34 165 217
23 180 365
54 152 313
9 35 200
97 119 257
50 176 328
81 137 222
50 78 137
21 170 231
16 66 87
56 85 172
66 148 238
65 195 267
90 62 193
66 48 120
79 53 155
59 92 318
88 5 97
9 92 109
87 177 278
75 18 102
28 116 176
72 198 282
32 51 105
96 87 192
26 54 85
75 48 129
64 29 93
80 113 384
89 24 133
69 59 135
56 34 98
44 91 150
49 197 256
84 144 306
61 33 103
59 164 228
59 64 130
54 166 227
23 78 198
1 186 195
26 35 105
63 195 280
35 105 239
1 59 70
54 163 230
64 174 312
17 107 173
35 84 290
79 113 235
59 30 119
52 113 215
54 157 220
12 61 101
1 0 141
81 142 230
100 131 239
50 11 80
49 101 160
2 142 300
17 0 101
99 64 164
54 156 255
19 71 131
30 85 116
4 71 133
14 119 157
34 74 118
30 130 170
1 111 113
36 13 58
15 164 188
44 111 164
91 2 156
17 171 380
61 97 182
48 21 186
33 76 147
2 162 284
96 87 366
24 112 279
21 78 104
86 116 209
31 172 361
40 130 206
31 153 218
84 58 149
100 17 251
28 195 227
8 50 62
51 71 284
57 135 250
91 111 236
57 127 189
94 149 246
100 102 288
96 180 279
44 23 76
92 32 313
6 172 182
24 199 231
32 45 83
100 16 192
43 124 167
22 58 85
60 119 213
49 25 124
53 49 109
54 93 151
65 105 174
28 188 245
24 6 67
5 55 99
27 76 141
24 10 73
1 100 122
87 96 192
87 116 250
59 60 119
16 125 145
82 81 210
47 8 70
99 74 308
28 17 51
72 84 173
15 174 195
53 134 197
30 15 49
66 90 165
45 114 298
83 102 226
50 111 171
93 50 152
1 121 297
100 174 301
23 122 246
9 185 201
32 70 112
19 73 117
27 61 101
13 48 201
53 101 264
48 28 82
37 32 71
11 179 216
63 71 148
1 117 298
17 122 161
13 47 112
68 35 141
26 132 194
65 6 79
72 63 161
2 32 39
38 191 351
97 63 193
20 165 191
81 109 334
89 156 394
21 87 121
93 132 235
77 73 157
85 114 201
10 35 52
52 124 205
99 89 197
96 68 332
25 95 128
29 84 152
42 159 214
72 122 201
75 73 180
68 10 200
74 134 208
86 126 221
4 67 79
67 86 158
30 80 116
14 21 43
65 64 131
36 126 280
66 57 171
97 128 225
34 190 227
20 70 92
46 40 252
74 151 408
30 61 98
43 107 216
58 27 105
88 46 176
22 165 288
84 19 108
87 2 128
20 150 179
5 163 169
5 147 197
86 140 229
13 77 97
70 139 217
18 132 157
10 43 53
65 136 232
7 1 12
43 115 234
42 36 88
64 67 235
97 72 269
98 11 133
49 91 180
40 190 264
73 90 164
55 48 104
21 66 90
99 163 297
78 15 96
38 94 136
96 27 314
99 37 242
50 70 183
48 168 356
82 198 326
100 164 302
42 138 217
31 183 309
6 54 66
54 170 230
88 170 280
45 195 289
16 108 143
83 71 195
70 6 99
21 113 144
65 108 327
36 147 184
67 42 144
31 32 78
88 70 204
61 172 241
87 82 179
93 5 113
83 175 266
80 59 183
26 27 76
45 29 79
1 124 129
94 6 116
94 117 268
85 169 263
51 25 77
40 123 180
37 10 77
84 137 259
68 177 266
70 93 305
82 63 156
1 59 95
67 158 230
49 47 106
25 118 242
48 162 277
28 35 66
92 113 207
10 120 133
49 96 177
53 2 205
94 117 260
33 107 189
61 127 281
34 50 110
77 138 215
13 137 151
56 137 240
69 165 253
43 121 241
48 181 312
77 154 235
20 2 29
96 75 263
91 196 304
87 108 203
76 187 393
59 149 208
42 103 309
39 108 150
30 33 64
90 140 336
84 64 187
71 38 139
47 125 219
4 114 139
44 71 156
56 22 117
86 20 134
81 73 200
60 5 105
59 56 199
78 0 248
10 131 150
28 167 205
79 87 312
93 189 332
88 55 203
46 0 52
77 151 312
67 4 73
30 173 207
63 42 119
36 110 154
51 62 121
55 46 102
78 64 143
51 191 248
58 189 279
65 33 105
36 149 192
57 87 166
38 80 123
93 46 157
91 44 315
55 170 228
61 116 199
18 161 180
94 188 282
91 77 221
98 111 275
90 87 181
93 114 253
63 96 162
1 120 125
4 160 171
80 15 101
38 117 161
3 183 232
79 1 90
81 130 367
65 165 233
67 3 101
14 60 99
65 164 229
90 145 294
69 85 289
8 165 183
16 125 175
80 22 104
55 127 243
3 164 175
38 87 125
88 148 239
64 156 312
44 184 235
98 92 193
77 18 102
44 16 70
75 157 335
58 9 86
83 11 113
26 34 110
33 23 64
83 63 156
76 128 229
21 172 193
20 173 337
25 59 92
85 76 200
42 149 339
48 74 123
100 87 193
32 182 379
85 188 288
2 174 183
61 115 183
30 13 90
9 59 78
56 184 242
58 21 80
84 173 449
54 5 176
36 102 188
99 64 207
61 61 138
22 122 145
84 112 336
82 192 351
47 159 274
70 113 218
4 115 125
16 22 46
32 124 247
65 138 356
54 109 168
69 86 165
69 107 184
54 122 226
47 132 206
52 176 276
20 170 195
47 72 127
69 37 113
13 199 300
39 1 46
6 83 124
63 80 149
24 38 67
37 131 178
44 122 196
23 93 125
50 97 334
26 177 220
54 81 142
20 23 46
23 172 195
90 79 325
64 18 120
13 98 121
68 140 214
12 13 36
2 141 183
59 51 110
48 44 139
39 39 88
22 142 195
40 136 318
41 61 119
63 200 320
61 118 202
93 176 270
82 144 263
77 53 290
74 158 361
65 40 210
51 92 146
46 170 221
49 128 290
69 54 143
49 179 248
24 190 332
68 169 240
91 162 291
65 7 165
93 129 223
75 138 243
77 11 243
14 34 65
48 128 222
96 137 248
53 25 87
63 83 189
96 58 202
96 7 148
17 159 341
68 55 135
49 125 234
16 83 103
1 149 180
30 3 136
40 44 220
60 111 252
78 32 120
81 35 123
2 103 146
16 4 26
31 152 189
84 176 396
7 86 116
84 172 264
92 190 481
81 123 231
14 174 205
45 87 133
55 159 240
23 106 275
18 121 181
89 55 151
85 171 266
53 73 132
64 121 192
72 30 117
24 31 69
69 166 396
76 165 406
16 25 82
99 103 240
83 13 100
98 24 153
43 120 171
97 89 245
58 127 288
37 92 222
27 182 400
67 67 195
40 113 324
33 190 278
100 74 200
39 25 67
98 122 414
83 37 134
65 19 205
79 191 278
76 45 144
92 83 216
39 31 185
13 162 185
39 60 112
95 74 177
74 107 207
55 3 176
8 63 84
32 66 182
89 165 273
62 180 286
24 16 47
59 35 97
14 65 80
61 162 235
6 88 226
81 30 277
22 68 235
12 92 173
34 171 211
88 94 211
74 181 260
2 111 113
63 44 110
76 75 157
65 7 85
71 179 260
81 98 291
14 104 120
9 169 188
20 138 291
27 186 216
44 45 97
21 122 170
28 35 86
2 71 76
4 21 67
97 156 264
28 122 306
73 127 231
68 43 111
42 128 225
63 55 124
71 54 197
68 128 197
81 136 277
3 76 89
69 101 213
27 113 151
42 179 260
94 57 300
69 11 82
36 186 359
77 169 294
28 84 118
2 184 363
96 125 262
20 175 200
15 193 336
6 181 322
6 58 80
99 19 127
13 75 106
81 119 214
77 90 187
1 183 185
79 193 279
69 24 95
44 77 162
56 57 160
78 30 158
68 121 191
51 166 227
25 47 119
44 160 249
70 173 253
78 61 311
6 169 361
27 139 176
99 134 235
17 79 203
8 74 131
37 137 280
49 104 158
3 79 197
57 126 217
44 15 62
7 182 230
87 178 298
60 153 234
80 1 84
4 20 42
89 90 183
93 61 321
19 87 108
46 30 189
29 193 228
2 28 50
81 68 168
95 71 188
90 195 289
79 25 146
1 60 64
97 138 241
77 141 222
1 124 125
81 72 277
37 151 188
28 14 81
87 102 269
2 70 73
22 88 240
26 21 49
40 188 231
3 56 85
89 34 288
16 82 103
78 194 304
99 121 222
86 147 270
26 94 129
51 114 182
47 156 225
47 96 174
43 90 140
52 25 81
44 189 387
5 109 147
67 10 83
3 46 210
50 155 211
17 158 183
22 193 343
2 20 51
95 118 239
97 63 160
66 61 137
48 169 218
78 196 294
11 46 78
64 109 177
59 85 150
94 28 165
42 64 190
77 52 170
20 8 39
90 101 199
32 131 184
68 158 247
42 133 195
4 54 82
94 185 321
86 100 194
59 21 80
72 136 238
69 59 133
84 71 241
62 91 156
68 73 239
23 184 232
2 180 207
66 17 131
45 142 195
58 82 179
9 1 25
77 157 259
48 9 76
38 11 69
81 197 292
54 36 118
3 65 71
49 72 184
59 85 184
2 195 219
51 55 182
26 153 199
11 101 153
75 171 305
64 11 75
50 173 344
36 185 222
77 3 90
95 166 287
62 184 263
96 65 315
40 83 123
29 123 166
3 169 288
83 95 232
73 129 345
12 193 210
48 177 228
94 200 363
35 198 233
9 72 116
37 136 182
35 116 199
44 152 196
11 81 124
78 12 109
24 193 246
80 141 233
81 3 90
3 199 207
49 130 245
43 195 281
87 118 212
77 78 156
48 69 165
93 49 182
15 152 207
6 116 161
25 146 178
50 50 105
81 164 258
98 164 269
84 35 158
75 125 210
61 68 129
68 49 218
87 49 142
64 94 160
17 148 168
77 39 240
51 131 182
55 95 155
33 19 58
73 122 267
2 113 230
62 147 230
29 176 206
50 161 341
90 94 332
80 65 190
16 167 339
17 59 258
89 67 252
97 42 252
54 14 236
91 188 400
30 37 80
13 163 180
81 61 190
2 25 36
64 150 215
46 70 259
32 168 240
42 159 371
37 148 190
78 89 316
1 44 47
94 164 297
31 81 116
89 43 132
88 4 109
66 190 292
6 93 136
99 118 225
59 169 265
90 154 339
16 188 206
34 138 176
54 95 290
62 139 238
84 158 347
85 72 161
8 57 158
26 187 226
85 68 186
10 183 252
73 50 126
25 18 77
90 127 398
33 100 185
43 65 148
9 185 214
57 171 345
93 121 222
9 61 179
12 109 133
32 55 88
79 71 150
80 166 384
58 53 142
74 30 109
80 119 204
34 1 48
76 23 113
1 13 59
41 185 346
82 87 216
43 60 251
22 140 191
37 99 139
92 61 177
36 45 82
23 193 220
36 114 298
44 49 186
6 58 72
18 107 173
1 73 107
73 18 119
79 179 342
95 68 169
1 53 112
30 110 171
29 18 241
74 139 252
5 39 79
61 121 228
35 177 248
94 73 196
4 61 218
68 62 138
37 163 205
62 18 97
10 44 190
49 152 201
59 132 219
62 73 140
97 113 353
35 109 166
59 61 122
4 132 139
71 60 141
97 102 231
51 52 107
6 169 181
33 69 107
47 117 166
10 48 73
85 110 223
31 66 257
91 179 271
28 94 130
99 115 348
12 155 273
68 91 159
12 65 86
33 143 186
41 118 207
44 188 302
46 193 245
68 128 365
3 3 26
56 197 345
23 95 278
79 173 259
46 63 130
48 75 192
56 194 285
89 195 479
85 43 137
70 31 119
35 176 254
26 23 198
99 193 489
70 91 195
20 97 144
