660
43 171 236
29 141 214
73 40 115
97 36 156
78 33 159
18 190 228
44 64 152
2 199 228
44 56 106
72 81 159
15 192 258
62 198 455
89 40 223
27 47 83
26 38 98
36 6 142
12 31 157
63 53 118
77 24 110
37 78 230
4 128 154
26 162 210
33 2 60
51 89 196
77 160 248
63 17 88
94 25 119
82 102 282
17 77 137
41 69 149
88 93 185
1 37 94
100 69 179
64 64 276
57 162 233
14 148 163
92 143 265
71 122 372
96 160 262
20 113 140
33 8 45
5 62 241
70 163 345
34 30 87
96 59 307
7 21 77
39 37 81
6 112 128
64 192 260
51 160 211
67 121 276
1 115 121
13 28 66
74 110 323
91 54 149
61 61 145
15 39 95
75 78 157
21 35 101
35 93 129
76 92 187
40 16 60
89 169 343
94 65 159
17 72 115
18 155 349
5 194 203
99 148 420
6 195 301
93 43 136
15 120 148
70 125 195
49 156 226
9 166 210
35 79 118
24 77 177
92 50 175
59 7 116
3 184 330
24 3 202
6 124 157
19 110 207
12 173 185
47 81 131
75 87 215
32 81 116
39 52 99
46 192 246
72 176 258
37 110 165
52 14 70
25 52 258
7 195 209
67 149 326
96 99 210
18 102 122
91 199 304
90 102 301
90 96 187
63 12 75
91 130 266
85 144 248
20 58 128
20 8 77
53 19 259
21 105 213
1 100 155
45 2 48
95 118 214
23 187 291
28 114 146
29 138 201
99 175 283
59 200 285
50 110 221
90 9 283
67 44 112
46 49 173
78 117 197
6 34 227
83 52 144
67 125 228
29 88 144
18 135 156
84 176 293
47 141 196
38 28 244
15 114 155
17 91 256
58 190 252
57 2 138
3 133 229
67 124 209
4 173 223
84 143 245
11 69 107
8 178 232
58 38 98
47 14 67
85 31 142
82 46 129
40 44 87
74 76 153
73 122 378
25 169 221
40 79 125
22 186 240
45 96 168
47 111 164
47 26 74
56 91 153
49 67 119
32 89 130
44 43 96
87 7 94
48 32 103
98 33 137
12 85 113
88 18 232
94 84 186
26 94 166
100 30 227
56 116 190
91 151 248
85 65 200
80 35 148
61 38 285
26 61 90
22 167 207
55 55 274
18 18 45
99 111 216
12 194 401
9 148 193
64 155 293
68 72 143
21 105 128
39 169 217
21 16 39
38 66 107
68 92 164
4 172 183
6 46 77
26 47 204
77 114 210
60 70 139
48 15 69
13 96 116
41 64 113
17 96 241
73 59 132
24 60 134
18 12 33
41 14 58
76 55 162
12 1 16
24 34 68
12 124 151
97 153 430
64 193 303
12 128 143
59 108 174
88 7 138
82 111 204
48 134 198
75 41 143
33 17 98
40 41 260
14 187 289
39 37 204
78 174 252
34 184 219
93 68 200
9 45 60
93 189 289
37 65 152
25 111 152
35 122 163
66 186 285
51 172 229
42 129 194
74 179 278
75 35 114
40 161 205
56 174 233
53 97 158
29 199 230
37 58 100
53 25 149
85 28 114
55 169 327
12 63 79
78 167 257
42 84 134
23 119 213
21 7 31
35 0 122
81 171 372
39 151 289
8 180 193
37 133 179
79 56 144
51 151 204
94 60 288
85 200 478
15 151 215
46 25 205
40 187 346
48 26 103
13 150 177
49 103 192
48 172 313
52 24 119
19 160 210
46 13 61
55 155 211
37 51 98
85 13 109
90 184 425
38 108 187
11 21 40
38 6 63
44 156 202
92 105 392
53 58 111
84 175 281
42 35 80
87 49 316
25 181 237
28 5 55
67 62 164
71 140 216
1 19 20
49 46 160
47 3 59
49 96 176
75 108 224
55 155 243
63 69 262
33 143 182
48 95 260
88 3 111
29 147 372
89 136 229
82 59 173
63 113 208
53 24 92
82 180 423
13 106 165
17 159 197
90 133 223
77 43 127
90 196 368
28 121 155
89 122 211
71 31 134
57 51 270
85 176 299
90 169 279
81 108 191
98 191 304
4 0 143
72 132 311
47 123 180
42 197 270
80 135 225
39 87 131
75 96 181
68 130 316
42 69 115
45 137 215
54 139 201
100 77 354
1 164 200
78 64 169
8 150 165
41 84 133
45 166 214
48 18 243
86 143 237
48 58 122
84 189 275
91 111 226
29 68 124
45 14 128
9 18 51
32 34 67
47 63 114
42 145 307
12 174 338
23 83 109
1 49 82
75 147 225
43 134 276
98 48 156
18 107 141
4 121 164
80 169 389
7 28 60
65 184 254
60 107 341
12 44 137
29 24 67
32 106 145
86 60 228
64 196 304
50 120 177
36 99 148
83 89 344
72 92 170
84 119 208
9 115 238
41 33 103
50 86 144
54 21 80
16 123 287
56 147 232
35 21 66
41 119 336
46 131 274
54 3 64
59 138 198
82 4 86
20 78 106
96 142 256
33 77 118
11 191 349
35 69 240
35 134 285
33 92 146
19 78 196
91 121 243
82 172 304
55 14 108
35 85 225
48 160 216
14 59 98
27 38 113
5 56 165
46 184 233
8 68 107
21 104 148
48 62 150
75 189 267
70 79 198
80 155 318
49 163 341
10 49 63
33 85 119
69 12 99
20 116 137
50 20 212
11 172 184
68 132 202
66 6 207
3 144 319
8 126 221
38 130 180
17 25 181
91 164 273
92 71 166
100 136 262
11 170 193
68 114 325
73 66 142
99 65 168
53 145 378
31 58 99
84 7 130
81 155 244
45 99 213
65 53 222
60 42 109
15 85 150
47 190 238
54 88 146
100 138 288
44 198 244
48 160 212
14 46 103
18 77 167
44 57 120
90 68 189
67 183 382
92 123 217
21 58 238
61 88 162
52 14 112
98 52 179
29 44 83
26 179 386
14 134 197
64 111 206
54 67 127
60 45 111
12 168 189
36 32 70
40 176 309
50 77 221
48 156 359
76 179 284
18 161 186
49 130 269
89 150 256
20 88 260
2 58 75
88 130 414
6 130 310
8 39 237
57 60 127
20 32 195
65 55 313
6 89 121
79 102 379
31 52 88
47 62 115
44 86 170
73 71 154
41 136 192
58 109 171
64 152 234
100 103 391
31 13 85
72 182 270
44 42 212
72 133 402
85 193 281
2 101 114
96 10 256
63 102 186
47 9 56
28 12 57
6 176 316
70 190 265
51 115 167
27 192 340
84 40 166
43 41 251
47 137 188
1 23 67
54 136 190
33 102 141
48 4 57
48 15 107
7 79 133
9 159 175
82 108 239
31 19 59
70 194 272
39 41 111
73 68 150
35 84 167
82 168 258
1 129 241
81 84 182
50 82 133
36 160 203
95 107 283
8 12 85
89 92 251
14 176 197
22 188 214
14 84 268
29 147 183
18 66 100
40 73 240
95 92 200
64 40 179
46 152 208
17 106 202
25 131 197
45 22 75
76 76 162
46 184 258
12 168 190
33 177 243
13 20 164
11 74 279
92 106 206
57 161 227
48 49 120
4 79 191
27 61 94
84 78 356
57 62 127
70 94 194
36 28 100
17 33 231
69 117 194
4 153 159
87 138 260
70 75 145
31 104 137
33 80 151
55 52 113
27 119 151
65 137 222
57 32 118
54 137 192
38 0 79
5 67 76
31 190 250
59 35 100
22 153 183
62 91 155
98 18 124
45 193 244
61 162 246
43 164 211
51 75 276
53 14 108
60 146 212
47 155 205
71 65 304
12 10 30
99 110 217
14 54 72
35 179 224
100 146 254
16 33 97
25 184 304
46 96 341
10 130 149
6 173 219
57 33 119
45 24 196
37 36 123
61 49 160
49 100 199
24 132 240
3 83 92
22 173 203
52 28 102
75 178 258
83 3 131
81 145 235
79 198 383
45 146 217
5 39 165
76 161 281
19 163 184
99 48 148
41 65 108
6 136 282
55 31 93
45 123 170
44 13 100
84 97 192
11 63 188
48 185 236
31 36 84
21 70 109
41 22 64
8 192 208
34 82 144
89 176 274
87 57 207
100 95 204
3 131 142
56 18 82
92 118 403
97 80 186
41 27 76
21 118 142
49 26 117
28 23 53
35 122 159
61 145 399
67 6 148
43 33 203
4 136 140
45 28 95
75 166 242
6 168 266
71 52 133
89 76 173
46 73 126
27 88 162
73 71 157
68 122 259
76 4 81
11 57 131
85 53 172
78 12 274
56 56 158
11 108 129
71 92 319
56 34 95
54 5 87
2 87 130
15 156 214
35 145 331
98 196 401
91 197 295
58 126 204
41 168 215
80 162 247
87 116 213
4 84 102
9 200 243
70 165 243
100 31 132
92 72 295
38 182 245
73 94 174
25 92 155
50 79 137
50 182 234
25 109 147
17 165 196
15 28 43
97 60 166
8 172 211
93 144 239
67 111 188
81 163 418
56 136 197
37 140 185
51 183 283
53 93 162
