580
96 48 202
26 128 155
18 49 170
87 89 296
12 115 168
50 107 203
98 52 151
41 82 129
42 168 217
87 38 168
81 175 305
45 33 82
64 108 352
92 144 279
36 12 174
31 147 344
11 135 219
59 99 159
19 27 72
93 27 168
79 21 283
30 185 222
70 140 231
29 143 201
53 150 352
5 166 171
10 33 44
31 53 126
94 155 251
42 200 270
3 174 369
38 38 83
53 198 296
58 133 236
100 109 234
57 192 255
73 112 186
41 119 204
52 24 234
96 142 269
81 200 296
58 167 234
17 137 186
93 58 154
47 57 150
69 102 179
25 23 217
79 78 257
38 147 189
57 45 120
14 62 103
59 68 240
100 165 265
27 5 50
59 162 226
49 98 154
19 111 148
91 184 298
17 39 56
77 67 152
56 7 73
80 35 165
2 154 161
50 122 187
82 46 177
10 58 192
36 5 104
47 61 138
1 184 191
51 199 252
10 13 25
44 168 236
81 120 207
30 114 184
13 7 37
98 61 305
20 33 192
94 195 305
40 194 235
76 86 229
10 106 122
50 39 219
6 0 29
15 156 276
68 178 380
73 110 296
43 3 225
14 192 215
91 100 194
48 29 115
45 25 222
71 146 225
54 47 196
55 159 224
68 185 260
96 184 289
58 142 209
69 50 307
15 10 138
87 135 377
52 36 131
74 29 141
25 39 69
53 119 314
28 12 184
84 81 166
25 32 58
69 143 387
53 58 141
98 139 239
75 175 256
96 157 415
42 169 213
94 194 292
16 107 187
11 107 157
27 103 154
76 20 100
46 58 144
17 123 250
20 170 312
71 44 117
15 77 112
71 96 299
1 90 204
26 142 304
7 154 171
14 40 103
62 154 258
94 171 333
37 126 274
25 41 193
63 197 309
96 65 342
27 123 238
12 197 345
93 164 366
91 192 320
9 56 217
43 184 235
37 50 88
96 167 346
13 88 138
96 64 181
29 111 155
51 83 135
75 162 241
84 180 292
44 199 252
82 181 267
51 146 207
76 147 224
33 135 308
4 60 125
43 192 241
62 63 176
84 159 426
95 75 210
67 61 158
52 169 302
3 120 137
6 72 86
66 125 201
65 172 363
18 119 139
14 127 179
64 44 109
73 135 254
67 79 250
76 162 238
47 17 69
30 55 164
29 75 109
62 44 170
17 42 242
88 146 258
95 142 259
10 87 103
67 104 175
73 190 442
81 19 100
11 70 89
79 14 215
20 54 94
33 107 163
24 42 72
9 118 325
95 14 148
50 198 253
29 90 198
22 97 155
88 7 177
27 49 84
91 82 342
78 11 286
6 112 119
10 148 177
84 193 473
71 182 452
28 84 159
73 169 256
16 81 117
34 109 290
98 118 222
76 142 264
30 67 261
12 15 35
68 105 213
1 45 53
37 17 95
6 50 113
10 160 178
75 27 111
35 142 191
55 37 95
47 29 95
87 152 244
13 117 151
94 8 124
12 22 39
37 8 244
37 127 205
6 187 211
54 74 141
24 118 163
89 78 198
82 31 126
61 114 180
7 3 32
31 36 99
96 86 193
27 127 324
22 114 150
36 148 234
86 94 185
50 192 257
65 65 134
37 74 114
11 166 224
81 144 228
96 184 289
29 167 196
27 36 80
11 78 174
48 180 251
94 133 331
36 128 171
52 161 213
2 55 207
38 31 235
99 14 165
23 138 162
2 128 132
9 174 203
4 143 174
41 72 172
99 77 203
66 138 243
88 88 176
74 36 150
78 29 113
3 74 117
45 25 71
53 50 107
28 48 173
43 38 86
10 179 226
18 87 111
50 90 335
98 63 176
13 173 186
13 121 141
65 188 253
58 86 318
5 98 112
29 123 228
42 92 148
21 176 220
97 26 135
83 97 303
2 43 188
24 180 247
72 183 258
17 35 90
94 161 256
82 96 186
55 5 102
78 97 179
37 54 91
69 73 161
56 63 307
24 176 361
71 136 211
88 45 190
84 174 264
59 73 260
80 162 246
8 117 147
93 140 433
61 134 201
13 163 228
61 163 271
86 83 206
55 155 212
33 95 255
1 86 88
41 142 186
44 120 208
11 3 59
49 146 243
6 25 33
93 149 247
61 63 128
30 3 114
67 102 235
20 52 75
50 56 114
15 6 59
80 111 199
76 73 174
65 23 138
21 65 88
2 131 244
91 175 375
31 164 328
84 156 435
47 28 150
45 58 116
27 54 86
12 149 199
41 164 399
2 173 325
63 119 213
91 75 167
85 152 247
23 64 141
23 34 83
56 9 235
19 2 41
55 105 177
12 32 81
1 160 213
48 176 377
70 142 218
61 76 143
52 174 272
36 43 80
27 113 170
66 152 219
78 100 262
1 124 174
44 82 126
18 83 225
46 38 85
46 57 112
52 81 272
39 168 396
86 48 193
10 24 81
18 41 179
89 103 195
34 56 98
92 200 449
78 120 275
5 67 195
61 189 360
3 129 137
96 116 220
79 4 129
22 127 155
26 95 279
62 102 176
8 147 185
77 167 249
16 132 305
60 129 198
12 42 57
57 101 160
15 110 158
70 125 374
80 58 138
66 2 76
3 98 130
30 98 234
83 178 261
20 130 150
60 176 381
87 41 133
89 92 236
28 115 153
90 155 254
70 76 247
33 113 187
72 52 158
54 125 187
25 163 334
95 158 262
29 178 333
25 79 105
25 90 289
66 92 355
38 75 231
72 81 188
45 191 280
40 184 331
80 107 193
61 198 283
98 16 115
36 166 227
59 73 141
100 147 402
40 65 120
12 75 96
58 169 348
59 53 213
56 193 257
47 14 82
16 164 194
96 194 292
90 55 182
18 8 116
33 52 88
58 90 159
34 6 44
19 102 126
2 187 197
16 175 291
100 19 121
95 197 459
70 14 258
79 186 378
13 27 50
31 159 198
21 200 231
40 97 141
49 72 243
2 81 101
39 82 130
43 144 212
77 18 157
67 96 184
47 57 144
75 0 102
81 95 179
9 12 33
31 155 187
8 26 166
46 90 172
87 57 173
57 50 116
12 51 98
67 45 230
30 54 94
21 79 102
53 147 200
40 33 77
64 145 252
15 64 88
30 21 71
40 61 106
58 184 245
72 96 179
40 158 208
28 131 184
21 133 160
34 117 194
56 53 149
60 108 216
24 178 235
47 185 242
5 28 33
12 95 111
95 55 234
44 186 372
14 93 121
100 99 205
36 192 357
59 130 229
49 81 246
58 3 71
93 68 174
76 59 310
88 156 248
14 15 33
29 183 229
80 124 206
10 128 320
4 132 163
28 80 274
24 95 166
15 133 332
91 119 213
53 120 222
83 125 209
32 146 216
42 51 108
36 197 379
40 45 150
9 35 83
73 97 205
7 59 90
33 167 223
30 116 156
59 118 184
58 81 171
10 183 198
79 21 112
83 11 97
10 87 101
10 175 224
12 200 360
19 8 145
6 48 154
8 118 136
52 126 179
18 190 351
99 7 115
81 127 211
37 12 89
11 82 93
89 187 317
41 101 151
97 39 306
81 118 320
30 83 114
17 146 165
46 8 206
85 163 251
71 93 165
80 72 187
11 13 64
12 162 241
67 102 186
85 192 285
46 193 247
87 23 115
66 163 358
11 159 205
33 10 46
80 112 218
77 38 204
14 151 204
26 127 249
20 22 152
28 181 214
38 138 218
22 99 129
3 145 154
21 155 210
81 162 379
90 3 103
41 137 180
71 38 259
5 49 216
61 121 217
32 25 103
46 34 85
71 152 268
31 131 266
8 17 146
93 69 166
4 0 13
90 133 300
76 174 257
78 20 108
12 146 161
91 174 313
19 88 303
68 172 250
38 134 258
100 54 163
76 62 142
44 125 187
100 68 168
86 8 100
28 114 183
42 97 237
35 24 139
82 84 288
25 23 53
