910
72 49 171
87 193 285
71 148 221
6 67 187
91 41 152
76 3 80
67 112 184
73 110 183
46 45 213
4 147 154
34 47 204
54 122 184
33 166 199
17 165 192
29 8 194
9 163 253
4 123 159
3 136 139
42 190 282
14 97 141
57 53 117
48 39 123
58 101 188
34 4 88
53 29 126
78 24 123
24 85 117
62 119 220
3 112 120
8 141 154
11 148 159
37 9 50
49 78 243
44 192 268
6 30 67
45 13 65
48 35 123
89 53 150
74 15 122
95 99 314
98 93 194
70 173 253
31 4 41
91 174 281
59 137 201
73 174 272
50 171 233
40 144 191
22 60 130
51 26 253
16 56 79
27 148 181
89 108 203
44 136 192
30 52 95
11 37 49
52 10 67
59 154 213
66 25 96
100 177 437
70 165 239
26 66 99
61 100 162
73 53 154
2 29 130
80 137 409
91 109 386
52 82 137
33 5 43
40 93 201
9 197 212
42 123 169
27 56 83
20 75 255
59 167 234
41 170 214
64 177 242
11 112 215
40 117 206
82 124 220
95 71 213
48 187 239
4 108 122
37 150 191
78 140 245
40 60 103
12 97 119
31 94 169
86 34 150
5 98 271
22 142 246
69 6 96
100 36 275
41 169 222
80 5 93
35 95 179
62 143 240
47 121 196
86 156 243
13 135 169
49 7 67
25 167 193
100 9 115
50 21 100
60 38 106
16 85 107
43 146 194
93 42 156
25 132 168
9 27 47
65 134 209
68 107 316
89 5 104
10 9 38
66 43 121
31 131 236
17 109 146
52 106 238
26 187 232
86 102 190
72 132 379
54 193 256
85 20 122
99 81 189
57 90 185
90 145 255
59 166 278
51 198 272
54 92 173
13 172 193
17 79 103
71 179 257
90 96 358
65 114 269
55 106 354
30 115 302
85 4 91
65 56 129
58 13 93
80 163 243
78 13 140
35 153 235
84 52 172
92 97 189
2 5 55
93 135 332
19 196 222
76 148 228
41 121 201
22 96 158
45 150 228
17 68 96
70 33 176
28 65 115
93 50 174
8 93 139
69 193 389
55 186 280
19 200 228
40 67 256
13 186 208
85 51 157
80 57 146
7 158 175
29 113 166
7 124 138
27 73 297
32 163 206
70 71 162
85 0 86
4 124 210
37 106 148
46 89 185
62 183 249
60 171 238
74 111 229
85 23 255
54 107 200
39 71 133
97 184 288
64 156 267
57 104 163
71 73 203
1 88 120
10 52 63
92 55 152
88 179 384
22 9 185
89 63 162
27 185 221
17 10 35
21 114 153
32 176 249
26 133 188
25 101 156
100 43 149
96 16 112
38 181 224
49 124 225
37 100 147
58 14 77
7 29 37
77 181 302
39 27 101
5 69 79
24 148 174
92 167 291
80 1 88
31 138 183
89 23 180
14 29 66
10 122 318
67 190 312
69 111 185
39 18 72
87 77 172
41 82 155
97 115 409
36 9 46
22 81 109
12 60 99
3 141 175
2 87 98
54 183 255
95 35 168
93 42 331
81 16 97
86 41 167
23 102 135
84 80 228
80 42 149
15 64 79
54 108 164
83 109 233
80 39 147
52 120 175
37 29 75
24 104 138
30 128 181
52 170 242
23 78 254
22 147 169
67 8 85
77 58 161
95 120 235
10 88 108
11 30 84
49 180 274
64 81 172
6 110 157
45 182 229
91 185 281
47 87 134
86 153 269
67 92 203
10 197 207
5 43 78
61 155 256
65 63 172
93 50 146
26 43 88
66 163 244
7 106 313
3 161 193
50 162 338
44 158 206
58 11 79
32 173 237
26 28 206
54 191 289
75 198 461
58 146 205
96 198 454
28 168 198
55 181 367
32 47 102
7 111 124
88 101 196
3 104 134
91 31 244
35 106 144
89 145 241
9 120 143
35 150 187
64 134 235
30 104 141
24 191 365
79 142 243
73 54 270
50 162 321
4 63 245
71 178 264
30 152 184
19 138 163
91 15 106
19 196 233
85 39 144
11 30 56
42 16 94
66 173 319
89 148 238
78 78 184
32 104 144
90 76 168
48 96 169
45 5 56
40 183 337
33 165 230
93 107 214
77 123 205
18 130 228
15 140 168
86 166 255
90 102 196
22 193 219
23 146 174
14 142 185
16 7 213
22 119 203
6 99 136
96 70 176
78 151 259
56 8 245
18 139 159
16 121 176
10 35 47
79 99 178
84 192 422
33 79 123
17 138 280
18 112 139
22 26 55
95 57 158
67 110 183
72 200 309
78 44 159
16 36 61
11 98 152
27 86 124
44 98 168
56 131 213
35 145 365
71 89 208
54 44 131
15 64 88
42 12 96
58 48 114
4 112 126
87 168 259
50 107 161
79 88 206
8 189 231
20 139 162
39 5 51
55 14 86
8 149 165
64 169 238
85 147 263
73 174 281
14 184 208
3 36 44
21 158 182
14 72 153
17 87 216
75 63 163
44 91 160
62 94 166
24 192 259
49 78 140
87 148 400
55 31 133
37 29 87
6 13 22
44 85 155
84 116 315
57 24 83
73 93 172
1 136 140
51 16 157
1 85 86
15 29 79
56 169 344
95 156 289
95 69 170
52 162 223
1 134 160
74 126 391
69 24 98
70 136 329
87 67 202
55 25 86
14 192 210
79 120 228
21 69 91
3 147 157
43 45 160
88 34 124
4 180 203
16 198 218
9 144 242
19 79 104
63 198 265
19 69 97
84 94 253
56 187 260
80 111 200
76 126 352
42 84 131
52 175 311
54 40 221
89 31 129
85 180 272
68 87 157
13 191 204
58 141 203
8 95 134
55 55 133
67 173 299
42 103 182
51 50 171
81 195 294
14 37 79
53 119 199
19 192 217
99 29 145
28 154 192
50 79 160
12 111 123
9 24 43
24 109 134
63 31 131
44 47 100
93 177 278
2 191 195
23 175 208
73 130 224
32 127 293
92 23 202
45 78 171
97 124 222
56 9 71
1 131 139
21 51 116
74 176 292
8 168 182
52 47 110
77 180 267
72 177 270
100 136 288
2 97 125
31 123 206
91 95 191
79 90 207
46 47 96
38 153 212
86 39 196
13 98 146
66 27 128
98 159 299
67 115 184
39 105 144
54 1 85
63 59 133
10 101 293
13 193 208
49 44 121
13 171 187
21 10 48
68 72 179
43 61 108
64 17 109
60 36 267
33 46 88
19 198 219
58 130 209
57 13 70
36 46 119
27 53 210
7 18 26
84 66 187
99 17 122
28 190 223
28 64 238
96 195 295
97 190 313
24 121 153
2 154 205
77 3 86
32 2 61
38 33 232
100 114 277
47 105 351
47 139 203
100 159 274
59 48 111
7 122 244
58 96 161
88 139 229
42 177 228
96 194 338
21 122 151
13 147 160
69 120 191
94 108 349
70 1 182
39 23 86
91 109 230
97 183 280
15 53 77
49 182 381
30 159 219
32 115 157
91 45 257
100 194 318
87 135 388
20 38 90
24 170 194
5 129 145
65 59 132
52 151 203
83 192 280
68 10 266
62 140 203
13 99 134
80 154 244
69 2 79
64 113 184
48 48 106
25 142 301
37 108 305
17 170 198
6 189 243
78 21 143
66 152 302
12 124 145
62 144 398
56 36 95
46 52 135
7 79 87
98 42 166
30 172 340
78 43 130
35 17 53
24 178 208
6 0 40
80 51 290
30 6 65
20 31 72
95 189 294
61 70 155
66 82 153
93 61 160
45 167 221
50 14 105
61 165 307
15 62 102
61 11 88
33 91 125
79 104 328
52 153 216
35 148 209
52 102 197
7 11 170
5 92 123
65 153 418
50 149 293
94 128 232
73 93 166
91 8 245
46 5 98
79 17 127
28 35 67
67 51 123
88 37 134
74 164 296
1 99 103
21 136 167
20 150 347
14 189 223
8 39 52
31 53 131
78 188 350
76 162 248
19 158 177
52 155 216
25 72 97
56 124 182
80 178 261
87 174 342
97 184 284
78 44 144
10 86 102
5 188 333
17 121 142
72 196 413
76 46 125
89 181 393
20 167 196
10 133 288
85 151 246
79 95 207
5 73 164
95 60 165
26 128 156
41 194 240
63 47 145
15 35 96
58 160 218
46 20 71
1 37 42
32 23 74
69 67 158
17 117 183
47 61 260
43 105 153
50 110 291
44 87 140
70 118 222
66 132 243
57 49 123
73 52 129
50 151 205
33 22 98
34 115 157
13 174 236
22 105 170
25 96 127
76 146 223
44 195 260
52 184 239
97 111 235
94 15 111
86 176 449
43 36 84
62 152 246
45 121 207
17 67 88
46 174 370
11 36 52
7 20 58
63 17 120
46 143 193
23 175 218
60 71 171
92 125 223
49 104 169
5 199 379
47 62 126
69 43 118
61 133 203
43 103 147
34 144 313
63 99 270
28 105 174
32 107 283
18 0 82
69 88 285
41 1 105
76 86 163
71 128 224
16 13 159
97 137 235
73 8 154
6 193 205
88 168 263
53 120 180
89 167 266
47 0 204
12 187 210
76 89 172
100 58 163
53 122 220
42 41 232
33 41 107
91 15 114
13 19 71
49 36 130
62 6 137
38 174 241
83 176 296
93 42 145
93 16 127
8 48 63
41 60 108
88 123 260
80 108 208
6 25 38
56 59 141
80 128 217
24 179 285
20 135 165
8 74 278
27 30 235
48 9 69
39 161 201
70 80 198
78 134 387
21 150 178
48 91 143
49 161 215
68 46 114
71 147 412
47 139 310
61 194 401
17 197 220
5 141 225
79 0 89
31 139 205
46 92 139
32 86 145
84 21 115
27 152 189
24 129 184
71 74 158
29 45 74
82 145 228
97 69 176
57 84 176
83 101 207
46 43 101
65 158 344
56 85 333
21 95 125
67 35 261
66 82 248
30 35 112
70 29 107
34 40 79
87 12 272
46 164 259
42 113 161
37 152 190
82 172 256
59 24 109
41 183 245
16 122 190
28 42 76
82 115 206
47 185 383
22 148 180
8 117 135
73 82 187
12 100 116
3 181 189
72 74 149
96 54 151
82 16 108
97 88 195
33 177 212
87 51 156
51 175 249
98 171 274
70 105 175
82 122 213
59 75 293
42 52 213
42 117 160
63 131 194
97 73 192
79 145 253
19 167 194
41 138 179
66 9 161
75 157 256
14 127 301
36 36 77
1 152 181
100 167 435
70 165 274
49 192 260
63 147 246
9 59 76
49 30 126
24 114 146
50 152 343
6 100 112
35 43 85
56 163 224
30 129 172
38 23 108
95 135 243
43 89 133
81 118 244
81 152 285
43 158 211
36 116 213
31 10 111
64 126 319
39 156 201
21 167 198
92 71 213
38 102 149
44 187 271
71 134 376
90 146 279
58 8 76
17 171 327
62 149 217
24 97 130
47 123 178
83 52 136
33 183 216
31 102 171
43 13 83
73 50 289
27 196 269
16 17 37
78 88 257
41 23 89
9 81 98
78 3 89
57 89 166
9 142 189
78 49 170
21 51 79
13 140 155
65 128 196
88 39 169
96 2 245
24 24 55
89 56 150
22 26 48
21 192 223
53 83 177
39 138 228
15 11 30
55 1 59
36 180 226
54 54 129
21 191 240
15 57 77
7 70 258
39 198 318
79 168 262
42 92 222
66 157 261
91 77 188
35 33 71
43 173 217
25 98 147
31 30 62
57 31 127
49 154 257
28 174 216
74 36 117
99 126 270
68 134 215
85 36 148
56 190 294
26 86 137
89 152 249
81 13 100
99 6 155
25 59 130
12 145 157
79 122 204
96 148 246
16 115 152
28 64 128
77 185 270
23 140 212
40 19 92
48 52 102
31 92 133
25 182 254
45 6 54
24 113 187
74 33 111
16 53 96
47 17 236
19 200 308
86 96 313
15 127 296
66 97 209
34 34 117
16 67 122
4 200 206
39 194 247
27 94 270
78 59 230
92 113 215
10 81 91
30 101 173
47 86 153
60 61 159
24 170 327
45 19 98
28 107 141
74 47 137
25 68 108
84 124 210
29 1 49
74 158 356
2 165 297
23 150 206
53 121 204
10 94 115
45 101 175
18 139 206
96 138 241
11 189 203
61 154 245
67 148 260
99 54 160
48 76 125
30 102 179
36 37 169
18 62 82
3 172 249
20 149 202
