820
85 39 130
75 63 145
95 98 201
73 98 179
83 126 250
33 57 97
26 170 385
26 65 264
71 187 267
34 177 217
57 69 127
8 4 15
56 139 228
4 126 301
91 145 241
80 178 384
29 109 161
4 42 72
50 108 160
86 69 190
41 113 174
79 96 261
26 115 145
82 182 296
33 152 187
32 22 64
80 19 242
64 129 199
48 134 189
4 128 212
87 36 211
21 109 137
20 53 209
10 128 257
85 129 220
30 200 240
46 31 150
6 163 169
66 17 85
31 79 133
59 186 287
68 151 266
59 71 169
29 39 101
91 130 224
36 148 186
43 152 214
46 1 48
9 146 197
13 41 75
97 163 262
15 96 306
14 92 232
40 189 240
98 159 262
64 141 323
56 67 136
90 34 125
23 139 162
81 127 277
33 92 148
95 53 158
27 130 205
69 54 162
30 177 249
71 150 228
68 41 131
86 16 135
80 82 256
65 176 248
61 43 107
38 59 124
44 31 114
36 181 306
93 137 354
8 198 241
73 74 153
43 143 196
89 43 138
76 157 238
69 181 269
43 149 313
45 95 147
89 23 114
78 162 312
68 103 288
14 177 200
100 55 329
96 19 156
14 167 221
45 84 275
5 96 166
88 44 167
10 143 164
65 141 216
31 11 197
7 116 147
28 112 186
56 89 182
23 86 237
73 1 81
53 195 331
73 77 155
83 163 297
31 198 237
7 53 110
41 143 218
17 41 65
41 188 277
78 159 255
32 138 189
58 179 401
84 175 290
24 9 219
92 121 409
44 65 213
86 200 296
49 92 151
78 124 239
64 90 158
55 140 204
38 63 190
66 152 357
46 116 299
75 182 265
84 150 277
85 96 181
98 81 320
61 168 231
52 92 181
77 48 125
69 124 205
100 10 162
16 130 188
80 197 309
76 169 334
12 162 271
46 158 285
78 73 278
72 102 182
96 10 113
87 184 429
40 41 115
83 171 290
85 49 182
29 27 83
64 34 106
20 33 75
7 22 176
3 67 80
18 125 150
10 168 271
2 118 162
79 148 235
38 100 327
32 160 231
68 159 231
37 141 223
86 68 303
23 177 330
95 70 247
38 155 239
75 5 107
16 92 110
80 81 341
34 159 201
66 195 307
37 56 111
86 58 151
64 15 84
80 49 131
60 34 131
25 144 198
58 156 233
22 20 127
22 13 35
27 92 301
56 15 118
17 15 40
78 90 175
76 106 202
38 30 251
59 188 248
91 72 169
10 119 277
98 161 284
12 103 117
60 52 116
11 117 159
22 133 165
71 113 219
36 44 95
34 41 75
52 90 157
62 11 221
21 7 43
20 76 270
27 158 185
12 198 369
35 50 90
46 25 78
72 67 167
59 142 388
75 135 303
22 126 173
43 55 99
71 108 209
64 12 85
68 5 86
84 44 298
16 66 97
75 142 235
50 173 325
78 82 301
49 31 118
93 180 275
67 198 292
24 156 329
57 165 222
76 102 219
45 168 219
86 114 209
51 30 105
24 184 210
30 95 164
78 161 242
99 165 264
56 128 202
80 66 263
26 127 163
61 174 237
80 106 218
8 200 216
38 171 405
9 174 226
51 169 222
68 79 319
55 42 202
54 132 189
40 179 253
51 167 255
77 155 290
64 80 151
65 200 311
6 133 159
49 54 103
17 179 229
53 118 207
34 197 261
6 66 230
20 199 249
17 163 195
42 115 162
19 16 45
71 128 217
95 61 174
99 20 141
37 164 205
85 187 296
87 48 140
88 70 164
20 200 224
67 60 129
24 5 30
6 5 127
97 166 298
63 53 120
40 54 123
51 119 179
1 173 177
50 42 194
70 108 218
8 101 110
20 120 146
13 125 270
69 39 203
3 83 106
21 43 195
78 29 110
87 11 132
65 200 275
51 15 110
28 53 142
68 168 285
48 124 367
22 113 186
52 90 273
100 190 385
9 61 83
82 46 138
56 49 105
12 135 151
3 105 192
69 38 283
9 24 47
49 61 218
11 144 158
44 141 234
20 166 226
75 162 285
41 158 242
38 113 153
92 71 175
41 60 127
72 117 311
56 53 195
84 76 348
1 73 120
18 38 57
25 139 209
41 192 299
91 20 143
95 35 316
100 194 301
17 151 168
90 154 247
32 191 224
8 136 146
67 131 327
77 65 235
86 46 136
77 175 302
67 28 141
35 89 232
99 92 229
41 71 112
77 77 200
6 149 202
70 183 256
37 84 131
69 31 109
65 112 182
92 19 146
41 155 196
32 162 197
43 196 248
22 158 349
30 33 89
50 200 275
17 173 200
5 105 130
98 171 270
74 74 150
96 152 256
32 14 148
68 146 292
43 15 228
57 36 110
95 87 225
74 164 412
80 163 250
76 16 259
89 136 235
96 43 303
82 156 335
1 43 49
53 182 251
84 187 280
42 61 106
91 110 244
40 30 82
37 199 243
88 44 305
94 198 460
55 67 322
19 14 58
70 56 135
76 187 273
21 164 186
92 95 230
100 158 264
87 159 249
39 33 74
68 121 332
55 32 118
96 177 282
79 36 267
62 23 278
94 197 296
63 97 167
53 120 181
38 135 176
76 151 237
98 187 323
11 39 201
14 140 181
40 145 194
14 31 46
74 97 181
52 180 294
17 178 221
95 141 243
34 67 121
45 75 153
7 162 219
90 118 221
47 73 166
66 179 246
40 25 73
24 165 241
15 31 114
9 90 289
87 77 179
100 63 190
67 135 207
5 56 142
37 105 321
27 178 248
11 14 71
43 78 122
75 16 177
16 125 144
22 8 52
41 49 122
54 108 172
68 28 103
55 67 128
30 8 71
2 163 209
20 152 189
95 104 232
4 196 276
81 126 219
15 61 101
89 73 209
36 122 167
99 134 257
88 107 326
24 174 288
96 10 116
18 53 77
49 101 176
83 43 136
18 149 173
72 128 235
18 30 92
29 174 329
5 73 240
84 32 288
97 115 216
97 154 251
99 102 265
68 120 191
96 110 245
74 157 295
31 90 178
8 14 30
99 143 292
37 121 280
45 190 275
2 180 192
23 86 191
80 20 147
66 200 314
50 150 207
17 32 90
11 111 122
8 114 162
77 99 186
63 86 149
85 181 269
29 108 144
24 162 194
48 66 213
38 158 231
32 14 96
19 196 216
73 120 223
93 86 288
22 174 241
36 131 338
28 185 245
44 198 249
17 22 48
95 21 158
11 181 201
73 162 235
76 60 146
1 37 64
86 72 317
33 130 167
54 8 67
66 153 264
98 136 341
27 77 289
24 157 239
23 17 46
48 102 186
15 98 160
21 96 137
94 156 258
99 46 155
81 54 143
26 56 87
96 118 241
63 189 257
20 5 32
75 111 341
5 4 10
26 169 227
39 119 269
6 92 104
93 190 284
4 31 44
27 86 159
91 32 129
7 184 197
62 144 220
73 152 229
17 69 119
48 110 167
72 113 187
98 135 269
32 105 149
42 85 134
23 77 123
41 143 336
55 46 108
98 129 263
27 20 54
64 198 308
87 186 281
72 154 423
54 6 232
94 35 236
54 20 94
92 130 289
69 56 166
14 169 270
53 16 70
91 137 235
18 167 285
26 79 271
51 108 166
6 123 213
5 109 282
58 125 222
94 128 396
54 44 103
48 16 74
19 109 138
11 199 217
52 150 210
19 172 198
39 148 209
90 92 187
12 134 257
100 85 288
53 117 181
92 149 248
9 156 200
43 145 276
63 185 255
4 72 80
23 118 143
89 176 415
74 53 323
35 106 149
44 35 110
65 23 94
16 127 323
20 125 162
14 33 94
92 139 268
47 162 224
24 65 139
25 44 119
46 76 319
36 100 152
51 134 214
78 50 134
44 163 249
90 39 137
76 105 186
50 189 245
100 174 310
58 12 80
51 149 204
42 83 137
30 80 120
100 109 258
30 77 116
98 176 386
69 119 192
36 52 257
99 75 192
76 115 371
16 109 220
78 136 291
96 23 139
64 65 136
63 134 200
80 60 140
49 194 370
71 76 150
30 77 139
75 81 202
58 199 298
32 93 270
58 155 277
96 152 297
28 192 277
63 5 123
27 75 111
95 96 191
88 54 169
10 44 60
50 185 241
40 76 125
37 131 174
97 10 130
14 196 210
48 137 194
41 37 78
27 2 46
61 50 114
20 157 213
37 84 152
62 7 77
39 129 168
71 85 184
6 94 100
41 112 325
35 82 131
21 58 187
41 73 157
5 154 165
40 155 227
21 116 139
27 141 206
31 89 153
15 155 216
65 121 186
48 192 249
89 187 284
50 176 231
96 27 213
24 182 207
16 195 214
2 113 120
67 74 278
1 175 183
95 73 168
48 41 99
99 56 213
99 49 167
27 87 129
3 8 26
28 63 92
12 184 203
4 88 125
65 102 168
49 2 250
87 115 209
87 100 256
79 49 167
10 16 79
44 153 236
26 3 53
54 14 73
2 2 34
84 155 239
6 190 238
2 17 27
86 41 157
21 16 183
62 172 236
74 8 86
77 145 260
69 93 163
35 114 303
45 38 272
43 48 93
28 182 363
97 134 234
80 49 136
91 156 267
34 19 63
32 42 77
81 155 278
46 145 346
10 116 130
97 67 172
7 3 55
76 67 143
88 58 287
28 80 159
69 144 238
62 20 264
38 17 232
52 121 259
9 199 236
14 93 150
33 61 114
62 190 259
52 109 201
48 103 191
32 111 149
57 79 143
44 143 188
33 179 362
86 105 196
66 21 130
71 10 89
96 124 306
19 16 42
93 21 290
33 180 216
64 33 189
7 136 168
52 44 201
39 24 63
75 145 250
78 122 274
30 69 149
63 63 132
97 84 184
34 2 72
33 195 269
54 88 160
15 131 275
8 108 161
51 122 203
2 167 211
22 158 293
31 24 81
57 49 281
55 61 116
64 174 271
71 160 379
76 91 175
73 129 213
35 87 128
41 121 163
8 69 273
86 97 183
74 186 302
88 124 221
69 139 215
94 4 107
61 71 153
33 76 248
97 170 425
99 79 287
56 149 314
92 47 142
2 14 24
36 108 330
48 152 207
64 174 266
100 135 242
76 165 246
18 167 232
77 143 236
29 152 220
10 178 195
10 59 77
72 46 152
9 144 157
68 28 118
38 134 180
58 108 176
35 192 396
87 121 240
46 168 238
3 172 178
70 196 294
92 89 191
8 199 208
19 71 123
8 20 36
52 13 175
87 26 127
16 119 135
18 96 164
94 166 290
20 14 39
4 90 204
34 191 231
19 28 54
44 11 73
3 21 24
72 58 163
95 192 318
41 79 124
35 100 178
96 110 211
23 51 94
69 191 411
46 95 143
61 26 88
80 109 381
71 113 285
94 16 113
100 104 214
79 59 184
28 155 225
12 177 351
69 167 245
1 115 289
10 114 193
85 36 125
36 84 120
97 70 185
72 199 307
99 73 219
17 12 34
5 108 132
82 170 316
77 19 257
4 106 134
64 87 351
17 132 186
86 92 181
84 164 260
29 79 109
43 111 211
27 100 128
85 27 301
93 199 373
