310
94 11 106
42 5 191
72 186 300
27 198 225
28 56 111
73 17 108
18 93 120
96 17 156
71 64 166
91 113 212
48 36 85
60 139 294
7 179 195
92 106 227
67 43 112
48 130 184
58 66 126
88 75 322
72 71 202
73 134 252
72 47 244
40 197 336
61 84 151
16 157 179
23 88 236
9 69 115
89 46 285
43 53 146
16 108 133
99 51 160
46 26 163
53 130 193
31 92 132
34 27 198
36 164 205
65 38 143
36 193 361
35 112 148
7 34 190
7 43 195
81 21 110
8 40 51
78 200 281
12 116 128
61 16 87
91 112 397
58 152 332
82 57 139
17 198 222
61 66 166
8 113 123
17 72 256
54 83 166
84 91 374
49 48 122
85 81 169
42 1 50
15 176 375
27 108 145
47 137 336
12 47 70
99 139 244
22 15 45
17 86 112
81 138 361
8 161 172
88 186 311
71 28 111
55 132 188
32 75 113
95 86 207
43 55 183
51 165 355
82 154 350
55 189 280
54 51 109
36 63 114
15 117 150
97 170 379
62 18 88
81 112 358
13 125 274
95 43 143
82 64 190
5 88 124
26 182 216
66 140 297
10 56 96
5 134 188
69 77 149
25 131 161
69 161 267
6 88 97
6 5 13
39 104 144
91 42 170
55 118 176
95 178 274
5 63 71
95 28 317
2 171 181
89 137 400
22 77 148
9 166 198
84 55 158
66 132 201
24 179 203
23 101 128
56 107 200
20 127 238
76 35 121
44 104 153
43 30 177
26 51 146
27 94 183
51 154 319
93 116 250
91 25 118
45 49 181
95 170 278
68 116 227
49 149 207
77 168 250
15 197 303
12 167 225
32 45 221
33 119 155
38 118 159
13 174 191
90 178 274
7 25 203
97 7 111
26 74 192
76 132 211
58 51 211
35 47 83
33 138 172
96 191 297
69 84 155
13 84 274
20 168 234
17 188 263
42 123 207
59 70 149
10 15 26
92 68 286
14 36 53
72 1 96
1 153 183
28 138 309
22 37 69
2 196 243
62 74 142
99 168 275
43 30 75
53 70 133
77 66 163
17 198 382
54 179 241
37 181 280
27 31 73
42 152 211
96 16 260
65 48 128
29 175 213
47 90 144
19 173 242
66 191 283
77 86 171
4 39 44
69 141 260
21 137 158
93 121 219
79 72 162
63 72 164
80 143 267
12 168 322
32 137 170
68 51 262
33 156 194
100 156 258
27 139 204
54 17 120
73 36 154
58 61 150
17 158 195
29 200 231
55 113 177
78 105 224
2 64 69
56 200 265
21 188 217
50 172 371
38 150 195
60 16 85
46 163 351
65 49 133
49 117 319
22 126 152
84 8 117
31 36 71
50 82 134
84 170 292
71 68 295
92 0 92
85 182 333
1 155 321
76 45 121
58 196 295
33 74 227
73 34 110
43 26 74
78 10 88
14 88 135
31 152 230
50 127 182
97 90 193
20 12 52
24 98 132
16 197 229
84 11 98
72 96 354
14 56 76
85 125 355
99 57 156
68 22 124
37 97 165
99 147 248
49 108 278
12 71 120
8 38 80
59 96 161
29 139 180
96 145 243
67 133 348
2 104 178
55 102 319
40 102 180
58 99 243
4 64 101
8 56 133
89 26 123
74 122 342
46 159 215
89 82 176
38 133 176
16 42 208
68 34 112
36 170 263
69 29 106
62 192 428
44 108 177
89 13 136
12 65 93
11 49 226
67 94 211
33 34 177
23 85 142
66 84 192
39 84 133
29 3 79
82 164 248
13 130 154
42 64 141
57 112 170
48 18 92
77 67 148
4 13 34
85 157 355
48 116 210
53 42 96
97 152 263
64 166 240
2 35 197
55 72 165
90 27 252
31 179 220
9 141 152
8 41 168
49 116 335
9 158 171
84 173 292
26 141 175
16 54 84
33 5 47
87 188 325
51 200 297
17 13 34
33 90 151
50 77 156
2 8 19
81 144 241
79 62 168
17 118 144
46 102 154
71 154 233
38 24 67
23 17 62
66 194 261
8 49 73
46 55 103
46 67 120
26 84 120
89 190 304
71 152 236
64 174 261
71 7 119
98 199 351
28 177 277
65 67 244
