840
48 2 80
22 167 297
87 174 261
80 82 212
87 38 157
98 73 173
1 197 233
42 23 191
90 109 242
53 185 246
5 175 189
39 3 48
25 7 68
15 198 224
2 179 242
43 161 270
22 46 73
87 194 290
58 134 240
77 66 146
85 13 108
18 153 181
51 105 160
37 39 86
1 13 164
31 177 328
40 135 180
39 45 90
91 48 304
95 156 253
53 132 194
17 67 90
17 14 51
100 104 205
88 96 188
35 153 237
94 66 238
73 114 386
60 47 125
70 188 278
87 181 281
51 147 306
46 65 262
83 108 237
45 80 134
81 183 290
27 125 160
58 114 321
89 32 279
16 158 182
95 32 129
89 5 142
56 140 201
67 27 97
61 193 289
66 70 138
54 99 180
79 125 208
28 23 52
33 199 235
39 108 158
97 169 277
47 148 318
24 51 81
21 67 93
98 138 241
33 57 94
32 168 277
64 73 174
57 34 214
5 182 194
2 95 184
85 71 242
92 178 299
77 131 231
7 152 168
63 17 87
25 29 83
48 112 235
73 4 79
55 171 233
66 145 214
61 51 113
57 156 223
92 199 327
33 83 119
52 69 138
98 41 311
46 17 262
87 113 204
14 118 164
31 135 214
65 138 338
4 96 111
100 101 214
21 152 196
93 87 187
56 86 206
81 2 269
68 181 276
78 156 244
21 85 219
54 18 81
44 152 238
63 142 227
71 140 217
25 169 218
9 54 260
63 120 285
63 87 285
90 140 240
51 132 196
47 173 252
62 128 234
92 170 269
43 41 84
54 87 151
44 100 145
34 114 171
56 176 261
1 91 94
60 177 272
72 14 88
79 141 246
46 105 160
88 35 143
52 78 275
67 173 285
71 103 228
26 46 75
73 148 262
81 189 408
85 63 204
59 134 193
61 3 81
62 100 165
45 7 131
37 79 126
88 92 228
47 105 182
57 138 205
63 106 169
98 117 224
11 103 118
54 78 134
81 198 285
70 68 140
79 37 123
70 65 145
32 145 182
79 199 435
92 46 142
92 189 342
6 75 103
14 118 142
81 93 182
27 122 314
4 42 79
50 48 228
80 84 179
78 123 204
58 39 105
4 193 215
25 93 250
32 92 285
70 78 278
4 83 115
4 39 57
3 75 84
54 2 108
100 152 261
100 105 313
81 116 294
86 26 249
4 164 213
56 92 191
27 168 203
79 30 131
93 147 316
98 50 154
85 116 209
34 64 102
77 183 268
56 161 219
40 199 346
71 16 246
33 29 65
45 182 227
43 93 172
72 51 126
87 42 153
34 159 193
46 121 284
64 117 313
94 33 292
45 36 85
31 153 234
82 81 267
14 8 37
82 65 186
6 52 217
53 169 225
20 67 241
48 43 92
45 154 367
73 66 149
3 176 233
32 100 304
46 118 190
25 26 89
40 51 97
49 73 132
81 0 86
56 100 164
25 198 343
32 104 146
9 196 391
15 133 175
79 0 127
87 188 459
93 133 426
40 138 274
35 74 156
97 113 283
38 46 122
83 111 214
90 120 213
22 116 159
73 103 245
61 143 206
31 72 166
77 31 119
35 26 71
30 191 239
8 10 36
45 164 310
40 68 150
85 72 158
24 4 92
13 101 131
12 184 389
34 57 197
74 142 221
29 118 154
98 89 197
99 140 415
19 130 159
15 194 240
23 142 259
33 193 262
70 181 253
41 26 228
39 95 155
14 44 179
75 60 295
13 119 328
18 70 90
17 148 210
9 87 100
74 172 253
6 7 19
21 32 72
52 190 284
84 97 191
45 88 161
53 15 71
20 124 318
31 30 63
34 52 135
84 174 274
59 27 89
1 155 162
2 68 76
62 187 362
80 51 172
98 49 241
25 15 47
36 188 232
84 149 242
24 30 57
65 22 158
53 161 224
68 48 122
30 37 104
43 130 185
99 31 285
79 9 129
78 192 290
54 57 111
29 37 73
37 52 99
17 105 128
66 172 239
2 136 148
23 158 208
57 138 207
56 28 93
99 134 242
81 172 271
6 102 147
70 13 105
2 183 297
95 87 265
65 157 229
89 15 172
96 147 265
27 64 91
26 35 182
50 45 166
13 130 251
96 146 244
67 137 243
32 34 92
76 60 137
11 37 85
2 72 104
91 1 157
65 157 245
1 187 197
45 49 123
31 3 183
5 159 183
85 109 199
28 56 121
53 168 223
57 152 218
30 38 86
67 103 311
100 31 134
65 44 119
67 24 245
48 114 205
38 65 120
12 67 84
70 165 306
47 73 227
5 14 21
89 70 163
96 135 236
97 75 210
47 169 217
63 24 93
93 181 312
65 21 198
39 99 169
71 137 290
66 34 102
34 64 272
57 172 249
89 77 176
89 30 124
59 67 155
79 79 202
53 94 154
94 11 113
84 96 182
46 84 247
29 68 138
100 99 203
10 7 115
40 40 90
29 28 58
99 110 248
76 68 201
5 36 45
58 10 261
3 72 79
50 174 274
91 158 273
34 188 283
74 17 94
95 143 246
84 2 114
44 21 114
98 120 221
39 148 191
52 69 131
28 61 106
10 100 112
34 84 152
4 39 45
31 175 214
68 160 357
32 175 210
46 67 119
13 159 173
94 111 205
69 19 98
45 71 123
89 189 280
56 120 179
32 84 126
76 21 122
86 118 242
59 8 194
51 136 188
53 85 146
51 78 129
78 175 254
6 146 158
41 89 135
5 115 151
39 55 101
78 23 277
39 105 149
48 92 175
15 144 175
73 135 225
12 136 151
46 174 269
100 56 347
1 23 28
28 100 133
85 3 88
14 163 182
38 162 219
41 88 317
62 35 102
61 128 190
15 74 123
26 136 179
44 200 253
50 67 157
6 158 176
2 2 5
100 123 410
81 198 347
66 32 125
83 95 187
51 5 232
93 84 177
12 36 54
13 101 146
39 134 174
48 107 187
83 21 238
66 157 303
90 110 246
35 46 232
53 156 249
87 157 246
27 123 158
24 34 61
91 167 453
43 81 124
96 108 214
90 86 223
49 52 132
5 83 124
73 100 217
82 43 135
77 75 156
57 89 271
99 131 254
75 155 326
9 63 81
39 25 76
99 54 304
98 104 209
10 47 63
60 138 225
9 193 208
71 135 240
100 67 266
91 86 226
36 35 80
29 45 206
4 165 177
16 28 119
84 125 212
18 141 190
17 18 44
47 190 358
100 29 147
68 133 245
77 31 191
6 36 76
20 69 167
65 85 154
94 182 286
42 22 74
18 70 97
37 102 148
88 135 389
37 33 86
93 92 230
66 19 124
92 31 197
6 162 323
22 2 72
41 103 149
30 9 45
4 21 44
97 41 259
29 78 132
10 123 216
32 149 208
6 131 178
95 149 271
38 140 263
64 56 137
69 127 201
97 29 317
48 48 144
85 68 155
21 170 194
20 14 48
87 105 344
3 145 216
9 174 228
8 63 90
50 92 150
77 148 234
40 96 181
51 155 209
3 123 265
5 0 23
50 115 189
24 101 152
49 20 71
60 18 236
58 135 298
36 93 159
82 130 262
73 198 274
100 130 247
41 131 222
50 128 188
14 175 223
36 160 344
36 112 212
1 138 152
62 58 290
24 94 177
18 48 72
97 1 245
89 110 384
10 127 206
53 150 207
100 59 160
72 49 147
10 22 129
51 35 133
85 152 257
26 175 375
76 152 231
5 138 145
2 112 117
28 15 48
96 3 120
60 157 224
1 83 85
59 23 91
28 2 181
41 159 225
31 22 57
91 75 175
44 8 60
31 120 165
22 111 208
33 109 307
32 93 134
74 164 435
51 185 251
36 61 163
8 128 144
48 138 190
38 3 49
97 82 220
43 82 313
60 31 137
44 155 206
2 126 158
91 20 123
89 10 108
33 135 168
14 116 173
33 157 265
24 200 271
51 118 198
81 144 281
40 136 225
95 96 191
20 174 311
42 62 163
55 98 197
31 78 223
23 198 250
59 103 167
69 8 94
6 43 53
100 187 297
18 66 96
38 44 83
68 119 212
37 43 113
75 16 95
86 5 100
24 148 177
95 169 267
25 165 367
43 105 158
2 193 200
42 120 186
23 172 309
20 34 75
34 51 183
38 146 193
41 131 229
21 79 184
47 189 245
15 192 212
29 105 333
67 79 148
100 191 318
67 23 123
87 106 334
90 81 179
29 139 169
31 189 256
53 84 147
13 140 203
90 112 210
83 190 301
70 53 212
59 137 200
47 114 193
64 63 170
9 34 58
16 2 21
20 187 210
49 105 164
18 151 207
98 162 278
95 96 205
99 163 401
16 4 29
58 198 330
98 0 218
5 132 169
45 55 139
63 114 187
59 144 213
2 89 104
93 125 250
63 73 211
97 56 166
11 169 228
23 135 243
21 106 130
93 108 207
42 99 150
94 65 212
15 155 170
37 34 84
51 178 247
4 144 153
77 199 395
16 165 221
89 34 172
52 161 220
14 162 182
94 194 410
65 106 171
84 26 115
29 186 231
25 6 80
69 98 268
94 107 205
65 133 204
69 9 79
9 173 289
45 127 262
38 179 258
43 84 163
90 1 114
34 77 165
64 185 298
30 118 170
80 79 276
16 159 179
4 191 280
22 50 117
29 17 73
98 125 254
33 81 132
99 105 227
96 86 284
85 87 180
98 159 448
93 3 99
6 90 101
75 9 123
13 178 227
89 91 182
38 90 133
100 197 319
51 199 257
23 191 314
34 140 292
24 95 247
59 178 247
43 117 301
41 90 230
51 25 81
29 44 90
29 60 129
24 98 127
54 76 151
73 62 135
31 135 212
40 132 173
29 50 96
2 143 340
46 11 67
29 11 87
1 105 115
90 127 229
18 112 139
40 190 264
17 120 159
65 83 153
22 160 189
85 13 139
1 69 72
6 120 276
10 185 235
52 176 233
73 6 116
85 184 455
56 104 303
51 192 292
73 172 245
46 18 122
54 7 201
4 138 149
64 22 254
69 135 324
43 111 162
88 169 265
33 60 278
6 109 132
21 161 189
77 110 206
78 168 265
37 18 189
92 164 419
58 157 264
74 172 438
86 15 107
77 177 263
84 198 302
93 135 236
42 42 119
76 83 169
12 141 251
69 57 260
1 51 63
54 8 66
9 100 206
85 41 160
55 140 200
98 47 153
41 192 237
80 11 93
7 60 92
3 136 243
93 70 218
51 36 110
22 190 222
47 25 77
17 171 315
96 97 193
70 118 191
35 180 257
89 62 153
15 31 113
54 84 153
1 33 69
27 98 135
75 58 192
91 48 146
24 176 293
55 1 92
14 20 81
87 88 183
77 49 134
75 73 175
72 9 84
69 182 425
13 137 195
86 84 179
96 127 230
63 163 262
40 20 73
42 24 167
94 33 136
52 141 193
70 189 318
79 8 92
76 112 190
24 193 217
37 79 127
100 164 267
79 89 176
43 163 254
74 127 208
54 149 222
84 0 95
94 42 213
23 10 35
2 118 141
72 8 81
43 44 99
2 185 202
98 7 120
76 92 173
52 118 180
16 73 96
21 136 200
34 35 72
30 63 190
79 18 132
58 127 213
67 110 182
83 21 139
73 123 242
56 196 255
40 40 87
17 99 132
77 126 238
90 35 126
100 31 324
27 177 379
71 18 104
51 8 92
15 136 159
27 162 224
73 123 202
65 87 199
