560
92 154 293
10 41 162
55 172 235
53 122 209
16 76 132
87 104 367
44 140 235
71 103 182
64 109 203
68 200 295
77 51 155
79 72 155
59 83 159
84 197 288
10 67 105
58 4 118
23 136 198
55 129 382
15 27 48
35 85 127
28 49 93
45 51 279
83 21 111
21 58 126
21 136 190
12 12 32
26 187 220
72 199 459
58 77 177
73 52 241
49 157 315
55 111 190
62 130 257
20 102 134
47 120 353
49 58 107
38 11 53
3 62 100
69 125 378
53 62 115
78 131 239
72 7 86
46 30 118
47 198 439
97 39 167
94 195 298
42 110 232
69 79 156
28 121 156
8 76 216
82 153 260
10 30 71
52 37 107
70 171 411
56 56 121
81 80 204
34 178 286
2 129 263
81 101 221
10 5 15
70 59 175
24 115 145
21 132 200
40 193 235
95 144 249
42 21 107
90 70 180
27 92 153
63 3 76
66 114 181
80 121 202
40 125 169
1 145 151
83 122 317
20 8 139
51 144 197
17 72 207
44 75 125
60 77 208
80 5 92
47 145 193
59 91 339
77 76 181
62 189 253
38 93 165
4 61 66
2 117 167
1 157 176
47 98 168
52 104 326
100 14 120
42 114 349
95 180 275
5 151 166
37 21 128
85 119 368
39 81 123
35 129 189
85 111 237
64 132 320
5 91 105
94 56 157
94 90 249
87 64 343
30 59 114
89 93 188
3 17 28
64 116 201
33 16 73
57 4 153
18 143 165
38 173 367
44 96 150
34 193 279
23 47 77
47 32 85
81 184 368
93 197 295
97 33 136
56 68 128
62 197 308
84 16 132
20 67 97
19 39 67
19 48 198
76 108 190
45 45 197
86 145 231
56 49 106
46 21 144
65 166 248
53 120 179
12 39 80
93 40 137
37 94 137
3 11 41
18 64 87
1 23 30
70 191 292
29 29 181
71 133 225
61 121 182
75 40 153
86 23 113
99 192 300
74 0 164
26 121 304
1 19 27
15 122 144
67 16 214
100 120 221
69 79 236
38 89 130
77 88 236
48 158 215
74 130 217
90 150 280
10 144 302
87 147 234
10 98 121
48 189 238
76 85 201
96 94 195
57 43 150
78 180 447
99 21 169
51 124 177
95 85 186
83 141 232
65 136 241
60 52 117
46 104 198
23 29 58
49 153 368
36 193 348
97 17 117
89 41 286
11 130 240
99 15 139
100 79 227
17 28 72
68 123 209
77 99 177
86 150 370
70 60 136
59 19 84
47 9 88
39 25 72
19 115 181
88 186 291
25 196 225
15 122 243
40 162 207
35 109 152
37 8 60
61 51 285
12 164 183
38 48 94
10 78 206
98 0 106
14 6 187
10 160 178
44 192 432
90 181 320
91 197 463
31 19 56
47 149 292
18 199 246
37 106 254
43 34 198
53 123 212
7 71 103
39 5 196
54 75 149
99 165 299
6 112 149
47 71 276
57 37 148
51 128 326
78 195 332
79 38 154
9 74 90
96 100 339
43 163 239
41 86 265
64 77 155
76 65 157
38 142 185
99 156 256
34 60 94
36 93 129
2 23 56
35 40 86
29 165 223
91 122 217
13 52 135
27 80 174
52 79 264
40 26 107
15 69 281
37 63 103
4 192 228
27 77 114
41 36 80
95 167 318
65 84 159
40 32 81
41 25 75
10 26 45
85 166 329
85 37 142
65 62 231
87 150 237
95 15 189
64 108 366
79 157 239
16 69 85
76 134 252
93 77 271
98 73 172
91 127 225
76 143 246
84 195 284
84 1 87
50 136 229
2 138 144
50 196 329
43 29 113
72 109 188
2 1 6
2 38 68
10 163 190
84 123 229
83 98 184
6 68 235
37 84 127
3 60 103
92 178 272
40 200 250
65 196 265
79 71 159
64 136 261
61 52 115
76 157 273
77 90 171
53 81 138
84 31 122
9 83 208
82 182 266
67 101 170
59 22 83
81 91 176
71 176 248
69 144 255
90 185 281
58 67 145
88 67 157
99 189 388
51 18 72
9 198 210
20 182 230
60 183 393
88 103 199
74 146 224
65 150 244
38 198 270
83 200 462
5 158 234
68 101 214
100 191 295
5 44 49
28 184 213
63 154 417
14 161 182
18 82 126
42 29 240
93 119 222
9 23 59
41 122 356
69 50 122
70 161 244
5 108 185
10 3 17
75 67 146
73 154 329
13 127 217
12 107 144
52 132 237
38 149 190
100 77 184
97 119 370
76 82 166
23 12 100
14 31 80
37 32 75
10 175 376
97 163 267
41 22 65
23 172 204
7 130 194
83 42 212
41 129 198
46 109 205
38 159 217
80 11 135
91 192 378
22 33 89
4 87 176
34 0 74
26 175 248
68 173 273
90 43 138
50 154 308
24 32 93
24 54 114
41 89 141
82 193 299
88 73 251
73 200 293
36 180 226
41 199 268
8 29 52
91 163 259
87 112 221
12 26 75
9 57 92
10 162 212
67 133 202
20 106 304
32 73 250
51 70 165
19 31 162
38 115 153
58 113 211
20 108 134
31 15 157
30 146 181
99 27 131
76 91 176
94 56 232
1 84 118
51 39 117
56 107 186
54 1 58
17 29 54
62 98 170
95 95 219
4 122 143
60 161 298
18 108 134
17 102 128
50 162 234
46 134 183
100 12 145
37 65 106
5 136 173
30 87 132
52 14 68
57 129 189
38 55 169
15 156 223
34 95 155
48 96 149
24 11 40
32 185 392
16 166 194
8 172 207
59 169 238
47 35 107
74 33 112
44 114 168
3 81 94
71 176 388
49 145 227
30 130 229
47 93 163
39 29 103
43 184 236
11 18 37
54 45 129
51 94 148
32 126 164
18 28 65
42 157 244
81 163 244
7 103 120
48 93 168
37 52 230
41 34 110
96 38 145
100 135 269
31 65 139
81 134 384
78 110 191
56 178 287
86 54 152
7 170 183
41 2 216
72 167 320
98 78 221
84 114 203
43 178 238
10 82 103
25 37 127
2 18 50
77 40 118
10 12 46
90 113 209
70 101 176
15 150 234
7 28 51
40 32 72
75 59 309
41 177 227
23 42 105
28 161 216
12 198 235
62 170 400
42 101 161
61 160 227
14 180 194
44 72 123
64 159 249
34 146 186
71 179 431
58 57 153
5 156 225
26 95 180
30 8 199
63 115 292
22 106 138
48 3 51
55 148 212
19 157 182
51 196 282
90 109 212
98 6 106
41 164 211
9 47 63
25 106 136
5 133 260
88 115 253
5 165 205
75 186 418
77 113 313
5 119 240
11 75 204
83 144 271
26 193 222
2 81 91
76 160 329
78 188 420
74 88 199
14 153 205
12 24 38
26 133 183
88 179 275
23 129 155
48 69 122
10 142 161
13 60 73
67 120 276
79 44 146
83 135 256
20 20 104
23 164 357
27 26 88
81 45 325
39 185 234
40 151 363
81 164 249
36 83 119
35 17 243
84 130 214
37 172 243
71 154 260
46 115 165
68 87 167
16 131 184
69 95 193
44 171 219
3 75 124
22 148 174
27 115 341
14 126 148
43 87 224
20 66 125
46 96 156
81 68 164
43 49 127
12 142 189
13 75 109
22 91 116
71 69 154
32 32 86
7 131 219
84 188 312
56 63 142
11 44 60
53 126 368
94 138 233
27 85 112
100 182 375
28 107 135
96 126 225
34 59 138
92 62 233
77 148 227
32 165 326
7 163 191
25 31 73
62 86 268
48 148 196
69 70 139
72 200 296
97 198 299
37 187 236
59 163 231
15 39 64
79 197 311
