460
15 148 248
49 173 231
27 3 38
99 111 258
44 10 57
75 194 295
71 187 264
57 179 252
39 123 211
94 127 251
27 5 38
10 142 232
73 158 259
25 116 164
52 124 195
87 100 190
17 17 207
30 84 261
39 169 224
91 121 231
3 123 156
55 0 60
95 49 285
9 66 91
57 15 79
33 191 266
50 46 100
34 46 151
67 16 104
70 195 271
48 23 117
45 96 259
33 113 314
38 56 102
75 160 341
50 100 152
80 105 215
80 111 221
41 21 68
69 143 233
66 166 242
21 199 240
13 108 153
98 133 362
51 126 340
65 36 143
92 113 236
24 187 225
45 61 122
36 144 202
82 125 213
79 200 286
16 112 161
75 34 109
49 93 191
71 81 200
44 82 128
20 35 190
20 151 189
57 116 183
9 135 170
84 177 261
32 32 65
95 65 161
47 1 237
77 56 134
31 13 53
25 78 106
81 151 232
58 29 203
20 121 144
68 0 81
77 165 286
94 73 230
25 153 235
54 10 68
37 41 83
34 142 201
60 35 128
86 40 292
96 100 384
50 104 166
26 123 181
26 1 36
73 125 250
50 183 253
34 186 304
71 18 114
27 52 100
86 103 191
49 16 72
76 99 181
14 143 193
7 104 248
82 184 288
66 156 326
45 11 186
7 62 77
4 184 210
1 21 45
30 161 313
2 33 148
55 89 220
5 94 102
15 140 159
72 69 147
59 88 195
54 4 62
92 95 383
72 18 127
74 101 196
15 166 262
10 51 221
25 116 297
1 176 179
30 39 110
33 22 59
71 162 240
22 163 230
3 30 39
2 172 180
96 195 300
27 169 203
49 40 225
62 77 148
18 105 133
97 151 401
20 176 208
43 39 90
32 51 131
23 159 325
35 200 270
42 91 150
1 53 76
63 147 219
69 89 158
44 139 225
53 135 374
64 174 249
14 102 298
66 165 248
10 5 15
82 124 206
31 145 231
2 166 177
40 97 141
19 177 380
85 39 173
66 157 338
77 141 221
13 167 363
51 195 246
33 111 157
9 180 193
9 80 98
38 140 186
68 118 188
45 113 176
71 150 262
46 105 200
80 68 224
62 96 168
38 20 82
64 43 107
37 31 70
24 192 342
54 190 248
80 15 103
2 69 254
81 172 260
6 166 260
66 8 123
31 166 296
16 106 150
44 24 79
95 115 218
37 194 233
27 129 327
98 154 265
72 36 110
59 158 394
14 2 49
5 21 26
32 21 83
56 145 203
58 45 113
61 5 92
48 132 263
21 72 100
3 149 165
57 58 151
7 17 34
11 121 141
80 130 213
77 109 191
42 71 118
5 71 76
24 128 158
94 61 155
84 104 197
81 24 261
16 150 167
51 127 230
39 137 207
8 162 196
77 72 156
54 195 261
53 71 133
39 25 80
3 140 311
86 3 195
56 19 134
78 145 229
59 58 275
34 142 262
46 160 251
77 38 144
55 133 232
70 60 155
99 181 340
55 38 271
28 178 214
12 200 242
94 53 334
93 108 222
86 115 231
90 19 158
45 15 60
14 120 138
87 200 315
83 96 339
85 74 178
58 29 100
82 164 384
79 107 348
84 17 129
68 132 246
16 25 118
36 85 127
78 168 252
23 9 60
74 31 110
3 104 142
65 83 169
70 33 109
96 150 355
76 37 114
7 50 154
91 199 295
2 88 90
98 170 278
15 75 221
72 158 249
64 148 212
65 22 116
24 44 77
19 172 343
48 127 214
76 187 272
95 84 241
68 190 267
82 118 290
64 30 269
53 72 133
46 5 89
68 13 108
37 129 332
72 169 274
21 123 178
10 80 90
33 106 176
31 49 127
51 95 170
22 180 329
5 13 19
37 32 110
49 32 126
28 145 238
4 138 152
18 138 167
94 160 257
68 61 162
58 135 241
83 182 269
9 80 90
97 139 239
11 46 67
33 42 196
48 172 395
58 193 416
94 89 189
67 142 221
67 111 367
23 45 92
62 17 81
13 71 91
54 51 292
80 80 263
99 134 383
63 70 138
67 74 175
96 63 163
22 3 25
27 198 231
78 7 111
42 140 256
42 96 160
6 150 179
47 147 203
77 187 413
5 99 217
45 199 257
54 132 194
7 88 124
68 111 276
81 66 150
77 11 92
95 102 232
62 175 237
8 1 203
51 163 254
16 83 244
78 133 216
37 131 173
12 115 137
48 129 216
2 17 41
1 99 261
33 61 205
79 193 282
23 116 287
47 130 252
99 191 331
2 188 375
48 18 82
79 153 255
21 170 237
27 76 111
42 14 89
53 108 188
6 115 121
21 147 206
74 74 181
91 183 288
27 42 71
61 8 214
76 16 97
17 85 110
86 55 148
88 55 144
28 190 262
89 78 304
58 4 62
62 54 127
50 58 112
26 59 238
13 164 201
36 55 96
3 134 169
49 11 240
3 23 219
19 105 145
26 48 119
25 174 312
19 8 37
9 140 153
11 11 22
35 130 169
60 35 100
69 133 238
71 175 246
9 70 109
15 76 140
27 8 35
4 98 107
59 86 160
30 138 168
65 148 221
91 180 447
57 157 370
61 72 146
38 6 53
65 28 94
75 181 262
66 5 135
62 45 133
49 6 59
13 100 225
83 109 289
42 81 126
81 28 112
70 22 102
12 49 100
70 61 158
28 134 166
21 17 160
54 153 237
52 140 199
75 173 250
63 170 235
34 50 151
24 36 93
76 33 112
32 83 145
71 136 215
34 199 235
22 11 74
33 28 245
25 12 82
86 82 330
28 192 249
87 189 309
47 116 274
7 68 92
59 184 246
7 33 76
61 78 143
31 132 331
9 92 271
47 198 434
31 87 276
80 22 110
5 132 165
72 11 87
96 38 137
15 165 373
87 70 207
8 47 65
28 17 240
31 19 97
63 95 167
15 67 103
10 176 213
64 190 258
14 149 264
87 111 201
39 12 209
37 198 241
24 101 128
76 94 177
100 175 283
32 31 64
57 102 162
1 115 131
92 186 283
73 146 274
57 193 272
60 88 215
63 107 177
94 46 226
14 115 282
11 12 31
90 90 185
67 136 321
17 79 144
25 56 122
73 131 274
74 67 145
76 176 267
96 107 228
