800
20 155 202
95 131 229
96 189 319
46 200 261
42 163 212
13 129 174
90 87 214
9 48 134
40 154 235
7 47 104
18 175 226
14 38 200
75 1 85
82 178 261
36 142 181
67 76 253
96 119 256
88 182 279
11 197 217
1 150 156
82 7 92
40 60 168
72 15 128
41 61 194
67 62 156
86 119 399
58 99 165
58 181 245
62 17 121
54 77 172
38 61 105
14 119 138
2 186 191
44 135 223
21 157 186
64 58 168
8 84 94
57 187 288
85 124 406
15 11 138
14 76 206
100 64 241
23 153 221
78 3 81
83 60 159
6 34 42
13 132 151
48 35 190
50 58 126
88 62 168
17 13 36
44 42 152
31 105 320
47 145 207
79 122 308
27 0 27
24 148 222
39 61 132
11 39 189
4 18 24
44 131 215
87 159 364
35 167 364
54 50 138
38 189 327
25 176 201
54 93 151
87 37 307
11 121 139
57 133 361
69 100 179
46 30 265
41 137 204
8 0 21
36 176 261
36 11 209
12 42 223
65 85 163
74 150 233
97 152 251
79 49 137
81 133 263
64 180 381
83 139 224
89 187 300
6 98 147
48 122 176
7 49 162
31 73 255
42 161 363
32 137 178
83 80 163
50 83 170
37 61 145
92 98 277
26 21 49
3 113 121
53 43 125
40 159 234
76 187 272
54 48 111
34 73 115
86 101 232
6 84 92
21 56 87
95 50 181
26 75 136
8 1 51
3 61 74
19 133 243
81 175 263
31 160 231
29 160 218
64 51 293
41 134 183
74 156 234
51 160 238
20 141 224
40 160 210
50 7 103
21 195 254
73 107 204
87 98 212
17 148 167
70 107 192
67 101 176
46 44 96
55 50 108
16 185 201
39 2 41
54 102 176
5 175 221
2 56 79
80 70 180
77 192 282
36 188 260
84 43 127
75 27 119
96 25 131
25 27 57
23 154 215
53 133 261
97 60 163
82 20 179
33 26 221
22 12 43
31 151 292
17 113 136
85 37 169
92 24 119
17 168 228
28 48 117
13 107 127
72 103 177
11 119 139
44 155 201
11 175 379
65 184 259
94 47 153
24 174 224
32 196 378
51 157 220
88 122 219
76 155 236
70 177 425
69 173 316
87 83 179
65 22 150
75 183 307
4 141 153
15 169 188
25 6 44
63 194 299
55 74 139
78 174 255
13 21 80
1 191 352
39 6 47
40 9 55
59 147 246
73 17 208
16 128 179
73 98 186
1 51 54
53 180 238
46 62 108
77 83 204
70 130 202
33 194 232
8 169 193
13 9 50
60 53 115
57 74 133
5 196 202
18 17 68
95 31 311
9 148 157
61 81 145
40 87 213
41 108 151
1 88 112
48 165 364
32 126 260
51 22 81
50 90 148
5 105 153
30 26 80
64 138 256
9 119 210
46 185 237
51 191 244
93 123 263
23 105 128
95 186 461
36 104 141
22 111 135
49 157 255
82 53 141
42 99 163
67 20 96
48 67 169
10 98 118
43 124 311
67 88 177
76 107 220
34 160 201
87 58 155
17 96 116
31 185 339
98 175 300
58 58 126
25 153 179
42 86 137
23 134 165
48 74 155
17 183 208
93 8 142
38 141 283
38 100 141
66 155 229
17 21 224
97 127 264
24 9 36
58 191 409
25 10 74
57 172 350
28 102 133
63 170 266
34 57 96
18 36 61
72 193 294
30 162 193
1 95 139
76 19 99
12 20 42
100 188 291
2 194 293
76 171 248
47 13 64
14 183 197
23 124 185
68 88 199
51 198 271
30 63 93
98 120 225
67 118 185
31 110 191
87 117 206
50 160 351
34 44 82
48 184 236
9 141 156
35 67 193
72 198 319
47 105 152
75 65 149
73 101 218
14 98 119
16 73 203
91 102 199
55 62 117
98 112 214
57 131 221
7 39 93
20 14 37
70 168 288
53 21 75
30 195 240
18 25 46
97 135 234
93 137 233
96 81 182
57 1 68
21 24 76
91 63 346
16 146 167
21 175 206
27 11 162
96 85 235
15 162 186
31 64 104
74 161 242
46 18 65
53 36 107
36 22 157
3 197 379
64 84 189
46 188 264
32 200 232
26 142 226
28 192 251
17 157 180
86 80 198
37 92 135
9 180 216
99 84 281
88 60 149
67 115 337
93 121 215
9 194 316
25 128 171
17 126 166
68 154 234
12 153 205
57 160 221
30 25 62
44 161 223
90 142 270
14 190 212
88 141 232
33 131 180
37 181 219
41 191 256
70 57 273
91 70 185
32 120 289
84 27 297
8 103 134
92 7 235
33 179 367
59 64 123
19 177 280
55 115 176
95 191 286
73 179 262
64 2 80
53 24 85
17 125 145
12 14 31
34 121 177
28 157 185
63 88 151
5 120 126
34 11 95
25 9 85
26 141 202
71 59 234
6 118 149
87 192 279
88 98 231
18 87 114
68 80 240
5 182 195
51 12 66
32 73 220
91 51 150
87 19 153
87 74 167
32 39 72
66 170 239
2 49 57
49 35 91
41 107 245
21 200 257
19 191 216
70 189 454
21 74 240
12 114 127
42 197 257
12 50 112
96 6 119
2 12 26
95 114 279
28 90 120
32 54 132
45 200 255
79 104 195
4 167 308
97 185 416
27 145 333
37 146 191
82 85 183
21 168 196
25 14 60
61 193 260
57 48 112
90 47 146
63 183 252
100 18 274
9 73 83
23 72 100
99 105 206
51 89 146
65 48 279
77 183 384
58 132 286
73 170 251
8 68 81
47 154 205
76 184 269
42 183 248
80 193 314
28 81 291
12 155 356
79 150 241
1 171 172
7 76 83
65 119 201
95 175 372
38 122 166
17 118 197
99 96 355
96 175 317
70 95 169
89 161 293
75 51 245
99 5 111
91 28 162
64 190 266
81 99 252
48 200 298
58 196 259
4 83 132
7 146 193
48 4 81
5 54 63
65 132 200
63 17 265
61 150 238
82 76 180
78 191 271
88 83 305
87 140 231
36 145 201
45 35 83
50 73 207
79 1 272
12 51 63
52 185 242
27 192 221
13 176 223
64 123 233
37 177 226
66 175 288
84 114 245
94 130 269
32 129 163
61 171 285
49 163 222
3 126 249
56 195 280
9 153 189
60 198 260
53 179 424
34 31 71
63 179 287
38 28 71
24 111 300
75 130 217
92 21 138
2 24 36
71 125 205
8 147 246
21 119 140
11 87 99
14 40 64
34 54 279
66 124 219
67 52 173
90 113 242
35 59 120
77 71 177
13 107 128
42 123 167
45 189 263
43 166 220
86 65 161
90 139 239
26 25 90
100 58 192
10 199 392
92 165 259
10 13 37
49 120 226
99 190 366
54 29 86
8 14 221
32 155 195
61 200 343
26 144 182
93 5 120
64 31 115
74 69 261
27 66 104
69 19 90
25 139 343
67 34 159
13 156 169
77 150 272
96 193 326
49 0 96
22 22 146
42 10 52
66 92 187
91 135 246
33 23 162
8 200 213
99 109 242
80 119 213
4 76 215
29 39 90
26 173 209
97 165 272
27 136 203
66 153 246
29 105 144
35 8 48
42 38 83
35 105 142
23 146 169
31 40 72
2 68 111
77 44 247
64 112 201
26 19 56
60 138 209
60 112 221
14 102 116
11 15 28
91 182 323
66 8 130
45 38 265
57 174 410
27 186 223
25 104 134
70 56 141
43 46 121
63 32 120
86 75 225
25 38 71
18 67 87
68 191 267
13 59 142
65 166 358
80 3 248
66 37 105
20 25 69
45 36 159
9 183 192
83 3 92
2 152 275
84 5 132
64 162 288
48 156 263
59 127 219
100 7 250
15 64 133
32 183 220
77 121 205
92 97 196
26 85 153
50 148 298
54 45 259
71 186 265
49 84 139
95 116 285
80 74 242
23 98 246
4 160 172
60 60 124
28 130 174
17 100 121
3 188 193
93 95 286
23 104 140
9 162 341
61 152 213
47 100 189
40 37 126
37 195 292
56 38 99
89 65 184
69 143 221
30 48 146
25 193 226
56 3 128
59 173 367
18 156 180
61 103 310
99 99 205
13 17 224
17 39 112
89 75 169
31 1 33
63 42 133
17 116 188
88 122 402
74 64 167
64 175 246
11 38 55
9 16 27
16 174 310
11 28 40
73 15 90
61 194 283
19 27 47
68 74 142
65 50 149
1 115 117
45 126 212
3 156 169
66 5 73
92 162 257
23 125 341
16 89 111
20 142 179
26 69 96
51 142 196
61 48 158
28 60 98
21 25 51
52 64 151
4 51 210
22 122 151
66 29 187
99 118 261
30 171 252
26 129 157
39 76 118
47 186 243
46 74 129
42 185 290
34 91 135
82 126 209
84 92 264
14 130 156
50 62 114
63 27 100
91 155 276
97 0 106
83 183 269
69 148 227
3 103 140
72 88 189
35 12 85
94 54 160
98 159 269
27 138 364
47 139 254
41 24 76
23 57 118
70 60 281
90 133 226
43 10 58
52 10 107
33 135 206
70 194 297
74 131 232
47 6 56
77 3 183
98 32 177
3 171 191
21 181 229
65 42 114
1 107 149
59 116 175
12 158 201
44 53 134
3 79 120
83 111 194
44 90 183
10 121 173
22 32 74
92 163 287
35 31 97
91 28 292
74 63 157
51 188 242
100 117 288
42 150 279
99 68 211
91 2 106
68 165 242
31 22 115
89 77 175
2 67 71
30 124 166
49 55 107
30 45 83
71 99 180
48 63 211
93 89 208
51 72 133
65 145 214
12 152 193
20 114 144
71 75 182
73 36 119
1 112 135
36 127 163
4 76 106
56 80 305
18 5 32
45 135 183
33 192 255
35 48 125
16 137 246
20 133 156
92 163 259
59 93 199
24 174 216
35 51 95
7 179 206
68 136 248
80 122 202
73 25 123
84 0 89
31 14 51
68 54 145
40 120 198
89 155 244
90 43 209
56 103 215
33 17 197
94 142 243
57 187 251
68 86 164
55 98 159
47 62 234
1 48 59
46 74 310
7 40 53
74 47 124
64 180 253
47 38 88
22 78 141
93 171 266
20 62 127
47 99 151
41 75 123
98 114 267
55 160 351
35 105 142
27 142 175
46 113 163
99 197 322
55 9 73
92 151 290
48 150 224
76 147 282
14 172 201
68 168 286
32 101 142
100 65 173
58 101 162
53 48 139
26 49 78
32 181 222
38 165 206
22 198 262
18 79 119
67 10 125
31 165 196
79 140 251
18 126 146
86 160 250
1 27 120
65 175 244
57 9 71
65 77 182
35 95 297
49 172 231
47 150 201
98 186 401
5 172 230
97 192 291
22 55 127
21 200 227
51 2 172
78 92 176
4 113 184
29 192 363
51 145 209
8 173 340
3 127 255
84 32 270
16 195 243
88 161 251
57 21 122
84 130 214
