420
37 54 116
43 18 70
100 51 151
24 126 192
10 23 82
88 113 364
7 12 23
90 198 293
40 119 160
25 92 173
57 79 137
79 33 205
15 163 181
50 162 239
33 153 260
78 71 221
74 173 262
91 132 227
65 147 253
21 131 186
51 5 120
74 73 185
73 3 212
17 188 256
65 80 153
7 125 281
3 90 101
70 120 223
17 118 145
55 20 78
90 118 302
12 22 48
13 48 68
68 162 249
81 93 217
63 121 367
49 51 101
63 116 225
83 138 241
43 93 140
52 43 275
70 174 247
63 116 207
64 61 304
48 115 187
51 192 257
5 163 168
36 126 201
69 21 285
95 73 224
8 136 172
73 139 321
43 127 196
87 36 147
62 41 114
33 91 174
68 155 228
95 54 152
57 176 233
94 193 289
6 131 146
59 75 140
78 199 287
23 12 75
73 30 132
69 116 228
68 108 207
38 90 170
43 95 162
91 179 309
76 57 221
24 175 209
99 191 293
42 200 273
5 164 264
21 98 119
42 128 232
72 129 204
43 94 142
98 171 292
25 89 115
18 128 156
78 18 102
14 93 110
20 65 93
71 181 254
91 123 242
63 153 282
57 60 155
56 51 265
66 25 285
31 66 142
41 60 171
16 50 262
18 64 118
80 71 161
3 114 121
88 109 203
100 22 125
58 91 343
86 78 165
12 21 42
50 84 171
51 61 136
97 102 340
33 109 151
78 4 160
8 32 57
30 167 201
65 139 213
3 145 158
91 1 101
38 72 115
90 4 101
68 169 273
93 115 234
15 186 201
2 143 150
62 131 231
90 164 263
34 125 189
34 91 159
73 172 248
93 15 156
47 38 91
67 164 246
23 143 193
7 60 76
26 68 133
99 130 375
87 80 186
86 114 203
85 142 324
6 54 72
77 49 134
56 111 167
19 13 229
67 101 312
50 62 114
14 193 208
93 1 129
78 20 132
72 2 169
20 82 227
42 143 211
25 135 167
81 170 253
66 168 315
68 131 205
17 82 106
25 30 56
36 104 143
96 54 183
70 130 217
20 68 97
28 99 152
65 145 216
34 174 402
49 45 234
21 83 111
58 80 183
34 22 177
28 60 186
75 188 334
21 87 133
23 152 183
75 180 447
55 48 106
13 81 186
79 82 204
28 136 167
94 174 315
74 54 143
86 140 231
26 78 105
20 128 170
70 167 245
50 70 293
18 78 104
66 77 164
63 17 251
76 156 371
72 64 181
56 141 198
37 110 214
37 65 107
49 76 126
29 139 184
66 13 97
24 175 244
48 40 251
7 72 87
45 86 155
28 183 214
77 166 278
37 144 205
37 58 95
26 44 127
47 167 217
64 157 251
42 55 108
83 97 244
38 61 107
37 152 200
88 80 174
18 120 145
95 49 175
67 74 146
47 43 90
19 11 35
95 157 293
27 86 126
27 126 158
41 9 52
86 153 240
63 112 216
66 198 272
95 7 107
88 69 167
43 188 239
60 153 214
59 151 403
1 178 181
53 20 74
53 120 177
15 18 103
36 174 243
63 86 200
35 187 387
29 120 252
57 122 195
97 52 170
7 179 214
72 78 167
52 59 113
91 200 337
12 190 394
45 111 197
48 53 101
74 11 95
11 16 76
56 120 218
42 53 239
51 197 377
85 73 166
100 38 166
98 36 156
26 35 188
48 191 255
16 96 134
4 94 109
90 198 288
54 116 179
88 101 229
91 186 342
23 180 204
2 87 121
3 185 193
21 160 187
25 187 255
98 105 207
67 111 270
17 143 334
49 194 272
90 57 147
73 158 239
92 181 321
23 145 172
71 135 214
87 8 102
53 60 126
74 45 215
88 4 223
71 13 85
39 189 257
62 84 186
10 101 114
18 174 227
25 91 124
16 43 68
17 198 221
92 6 251
89 56 222
24 59 89
20 104 129
39 62 111
53 167 284
86 29 130
81 173 256
69 146 222
28 39 181
93 72 195
47 138 200
46 170 397
14 80 176
40 42 101
28 94 127
60 57 178
16 127 165
34 94 176
52 112 225
92 144 246
100 15 118
69 82 237
89 108 230
25 55 88
90 155 270
94 200 460
64 129 198
97 184 479
24 199 360
13 119 171
11 41 95
56 141 203
33 141 180
7 138 155
39 138 200
53 14 115
87 93 186
19 80 108
99 90 210
90 165 344
20 115 136
56 77 275
51 0 53
77 102 184
68 28 126
17 120 236
19 24 82
66 100 202
87 54 180
55 38 100
97 173 272
34 182 379
4 110 120
96 33 130
24 193 219
26 45 160
79 151 272
64 39 140
40 4 48
97 112 230
90 63 181
49 16 104
65 32 111
25 127 174
26 33 93
79 141 221
77 64 172
24 39 88
98 56 187
25 25 71
51 18 70
49 47 105
96 132 235
7 48 228
26 44 78
62 61 153
49 65 115
74 79 187
80 168 300
12 152 174
6 181 228
100 145 250
82 43 125
47 4 179
100 18 154
19 26 55
14 90 253
68 104 345
81 183 273
56 112 344
33 104 141
83 93 313
45 51 106
15 3 33
61 101 185
49 57 113
11 41 71
79 126 238
59 119 179
44 200 249
59 88 154
70 163 238
18 145 181
45 21 256
68 68 142
40 90 138
12 186 204
48 74 193
69 167 404
2 63 78
71 118 265
76 62 185
76 81 351
99 89 201
63 60 125
96 135 245
71 95 173
10 143 158
79 75 198
8 116 131
69 150 262
50 53 215
46 47 99
32 100 141
92 198 290
62 42 161
42 16 61
91 87 258
27 104 136
46 67 119
99 79 329
84 197 311
65 177 245
42 127 194
59 72 147
51 73 125
10 26 42
83 101 202
