800
47 7 131
81 188 274
79 10 89
54 75 168
82 185 294
53 11 134
97 95 333
44 101 164
68 131 287
64 184 428
68 135 203
77 172 254
34 88 136
79 88 194
75 0 243
97 110 223
100 150 285
34 200 345
35 174 218
9 66 107
91 117 365
3 178 199
11 148 197
75 149 225
41 134 224
92 76 168
100 77 197
17 116 137
69 100 170
91 56 184
29 170 200
12 191 211
90 58 173
89 165 267
88 198 299
95 186 289
65 82 203
79 31 153
29 33 194
54 172 261
98 129 237
16 129 162
43 128 176
14 55 96
58 86 184
19 192 259
93 59 199
78 165 245
12 181 203
16 110 132
76 148 225
81 33 123
35 48 255
61 105 166
37 125 169
86 22 114
41 116 159
92 30 132
73 101 202
28 12 77
82 39 168
63 180 314
3 65 89
7 63 116
14 46 99
75 186 320
37 14 52
79 4 109
14 78 93
86 200 292
54 180 242
70 85 159
93 18 239
87 104 191
71 130 330
5 33 43
3 168 260
37 151 226
77 161 428
52 61 120
75 111 187
79 38 147
99 95 202
87 42 134
41 22 64
15 45 113
54 66 121
20 54 90
43 132 193
99 186 293
45 151 201
34 20 105
33 170 203
4 79 84
79 133 227
32 183 233
26 11 106
70 90 315
99 45 297
70 45 125
94 104 199
31 14 125
4 85 99
37 86 127
32 32 73
4 66 214
9 55 82
20 197 224
28 178 254
72 184 304
3 185 193
30 53 157
31 24 90
76 185 261
52 80 139
17 124 144
78 59 142
51 165 225
23 4 63
4 38 64
41 169 213
41 122 261
67 44 256
86 84 171
29 87 212
8 131 197
34 31 67
36 107 190
30 144 219
76 5 91
62 35 101
5 200 217
79 181 260
86 168 255
40 41 88
59 105 275
63 180 405
64 160 245
58 155 221
51 102 305
94 77 202
73 95 299
80 198 314
67 55 130
54 158 229
5 92 239
62 139 211
57 154 215
39 83 130
85 172 298
95 117 240
11 187 241
19 38 63
88 101 216
42 22 66
31 60 91
43 88 149
60 163 262
47 78 132
80 94 370
75 100 255
12 4 56
6 168 195
35 175 247
64 44 246
26 124 151
25 43 109
26 56 82
67 144 312
57 1 68
33 186 362
27 107 283
8 111 159
74 9 86
77 184 412
77 177 297
77 119 350
22 80 117
37 25 97
73 23 144
8 17 53
65 117 195
11 44 137
90 145 241
74 138 386
36 157 388
67 52 206
25 189 235
6 67 139
19 89 111
50 32 203
33 64 101
28 145 183
11 89 114
92 62 160
100 36 278
92 185 301
89 54 149
48 173 397
14 158 204
33 182 216
60 41 119
2 98 145
51 129 228
61 188 254
63 129 202
43 102 335
10 147 249
17 155 304
21 14 54
99 25 296
17 52 72
63 171 267
16 179 195
4 105 119
97 148 291
3 10 17
75 74 152
99 142 303
54 182 289
36 51 92
75 34 111
78 123 236
29 160 228
80 164 290
32 173 214
50 28 176
61 137 355
21 174 224
6 0 13
75 126 354
43 167 224
14 57 126
47 127 313
48 41 118
63 103 212
80 164 256
81 200 286
66 144 219
6 108 141
50 61 127
85 64 190
36 200 269
21 2 27
49 22 78
24 85 112
4 16 61
6 113 273
66 132 205
64 175 249
75 176 273
22 179 205
29 26 55
11 173 288
66 155 271
95 21 228
60 114 256
27 77 154
72 42 179
44 76 135
13 175 194
17 46 233
64 139 203
74 85 188
36 125 166
47 104 158
33 147 205
82 21 111
26 54 80
37 13 71
56 135 192
86 21 284
38 172 239
76 76 186
29 139 189
23 142 172
27 7 156
93 114 214
58 165 373
64 121 224
69 181 274
12 68 82
82 115 203
59 22 87
50 166 383
17 102 128
15 172 189
36 70 157
2 109 140
36 168 219
61 128 203
85 174 261
7 86 170
9 183 202
100 165 272
76 28 107
59 102 245
59 77 256
55 151 206
96 4 100
3 164 190
100 92 301
97 40 184
20 137 161
88 155 246
93 94 303
54 157 256
84 196 289
20 190 279
61 6 68
99 17 122
15 180 200
26 96 207
74 23 227
16 131 179
27 145 172
1 144 148
38 102 179
4 20 30
61 187 255
27 175 208
98 7 129
78 192 273
98 109 238
91 91 187
79 6 89
7 31 41
8 56 109
51 135 227
91 14 126
8 10 121
94 69 188
62 70 142
53 22 81
48 11 62
45 187 262
82 117 365
46 41 131
72 90 168
22 158 196
30 70 104
71 66 177
77 82 159
25 161 188
43 102 147
13 120 291
14 114 166
77 13 260
41 19 130
70 175 378
30 111 173
16 67 87
25 185 219
16 22 87
74 64 185
69 39 125
46 194 433
30 8 74
81 83 173
88 160 252
65 187 279
13 114 133
1 41 52
47 132 320
47 1 62
40 150 241
18 170 278
12 170 329
28 158 204
54 50 106
49 21 119
76 24 109
67 172 243
70 85 175
51 171 223
42 36 108
55 76 208
60 39 112
38 15 98
47 38 129
92 140 248
53 136 213
26 160 283
79 63 174
79 112 208
73 70 160
57 114 183
9 86 96
20 96 159
10 165 179
3 94 103
49 111 269
55 84 186
81 129 404
27 21 58
34 70 105
70 98 199
91 184 283
85 127 212
89 95 211
77 167 265
36 135 225
90 84 178
20 26 52
15 171 188
6 131 204
28 106 143
48 11 125
44 131 176
50 107 161
17 43 81
10 11 39
31 179 222
56 51 114
71 159 237
45 190 266
75 59 152
63 143 221
35 32 115
82 23 105
71 136 320
99 110 216
47 111 197
93 111 350
76 69 153
46 84 139
39 17 81
73 46 250
87 139 226
52 117 194
52 70 126
21 88 190
43 19 64
80 146 257
80 45 141
73 172 245
23 103 173
90 106 329
23 95 167
34 27 223
9 191 236
15 125 199
44 17 62
77 47 151
55 181 260
25 181 224
10 199 218
51 152 221
72 116 191
68 76 154
86 4 135
74 30 113
10 153 171
28 65 108
48 49 100
95 74 175
91 183 284
86 169 258
94 52 200
18 41 66
77 34 132
66 162 228
28 133 302
26 20 53
36 108 153
72 58 169
92 39 132
34 160 196
3 89 94
92 41 135
62 197 266
75 192 290
73 121 210
7 126 137
71 85 169
80 104 297
41 135 187
90 151 278
74 5 163
90 158 378
71 64 159
93 97 198
13 76 123
17 99 126
57 194 267
35 124 226
20 19 46
60 153 350
55 38 169
81 163 253
42 46 93
80 144 234
59 169 234
39 142 182
84 168 289
54 56 119
98 179 294
64 46 120
8 52 63
76 35 120
11 18 115
21 68 156
7 110 145
65 137 347
32 10 81
21 144 215
83 93 184
63 5 93
20 136 164
99 81 188
31 45 78
29 61 98
27 6 39
2 117 120
50 25 147
82 124 224
42 38 88
15 86 182
79 196 285
73 151 359
39 65 108
38 135 214
100 177 277
73 101 177
91 177 323
86 135 289
7 157 214
45 10 70
81 64 180
46 108 259
27 52 115
36 158 204
49 158 272
81 199 286
31 83 130
20 120 291
86 25 147
46 171 217
90 132 325
84 102 226
1 195 203
35 115 159
20 159 234
77 189 269
66 21 96
88 162 259
6 1 204
69 91 161
6 147 188
78 20 119
41 137 183
43 2 76
52 130 183
49 53 111
21 141 166
52 105 164
71 135 245
41 26 73
87 138 231
57 173 298
71 70 184
78 180 294
43 164 213
31 180 222
27 61 204
18 168 192
49 59 144
24 170 202
98 31 137
51 59 143
45 169 260
5 93 106
68 155 259
51 34 92
12 114 126
24 124 150
17 11 137
5 30 41
48 78 231
7 159 173
83 64 147
39 65 114
79 14 129
99 183 284
7 160 170
36 158 267
98 125 265
79 129 216
45 66 119
98 106 248
46 78 283
66 77 190
49 112 161
54 34 277
81 45 127
81 165 253
47 13 65
100 10 128
8 86 126
61 103 202
47 175 238
86 28 137
89 111 200
5 165 276
92 23 157
8 104 260
45 187 232
79 103 217
62 121 201
88 182 275
54 23 84
49 126 185
71 145 300
15 100 273
6 198 253
26 73 102
69 163 317
72 10 231
33 38 241
11 158 213
98 160 267
32 35 80
23 144 300
77 71 194
34 196 251
55 158 239
44 119 173
99 168 275
57 187 257
31 145 198
19 168 187
57 187 381
1 56 63
34 190 230
30 147 185
74 34 127
41 168 214
84 72 161
24 66 113
36 193 269
36 66 239
30 153 205
14 46 98
71 130 234
38 65 108
48 190 248
4 55 62
43 103 329
84 105 230
42 87 132
90 78 181
17 145 168
31 57 92
21 178 205
79 47 174
22 20 73
54 73 143
71 140 213
50 106 167
52 5 66
69 106 265
46 175 223
99 180 318
60 4 71
48 45 143
28 32 103
27 129 162
22 24 224
74 40 258
1 146 226
9 191 376
78 80 177
98 103 217
96 81 357
98 40 144
86 184 299
49 80 129
5 12 26
85 190 285
81 23 140
28 118 155
38 93 173
11 31 80
21 163 216
25 96 194
84 0 111
19 51 117
11 109 125
47 157 209
35 4 68
63 149 221
74 107 217
40 192 238
33 82 266
76 97 182
37 111 156
96 88 320
37 71 122
4 59 128
17 56 73
4 157 183
60 17 85
48 146 244
55 121 225
89 16 107
99 4 145
56 96 158
15 61 83
59 101 326
21 61 90
41 38 85
39 44 83
17 16 46
70 130 292
48 98 317
28 179 216
78 149 235
29 32 185
32 136 180
34 78 236
93 140 237
8 197 224
58 38 196
65 77 146
66 114 310
62 34 107
75 14 99
5 110 123
63 175 238
91 158 297
92 65 184
16 176 260
33 27 72
91 5 104
74 46 123
77 118 202
39 191 249
7 39 68
61 127 196
33 114 321
28 162 229
48 1 57
77 81 180
99 78 225
91 29 156
80 158 275
16 89 143
3 64 192
48 142 197
7 188 205
78 88 173
45 101 177
35 81 161
44 79 305
98 159 305
50 24 78
16 5 53
9 89 130
84 115 282
6 130 185
13 9 62
44 37 111
27 80 226
11 174 185
11 143 160
29 86 116
46 22 94
73 189 306
96 189 286
55 145 215
5 51 63
91 137 307
100 8 114
69 43 113
90 2 100
2 57 73
74 37 185
24 28 94
31 175 206
45 21 70
25 127 154
74 70 262
13 30 47
88 119 214
20 63 83
12 130 143
72 185 283
84 147 235
39 158 346
73 80 173
80 11 105
74 137 332
80 101 189
52 156 242
31 27 106
48 77 130
54 16 78
96 117 233
10 33 60
44 180 224
