540
35 40 115
75 166 290
67 35 102
64 81 257
62 48 120
70 196 421
3 150 154
10 117 149
49 110 182
10 194 249
27 65 100
77 64 226
34 99 173
35 130 172
84 106 241
100 80 186
17 142 162
61 183 249
93 176 269
63 14 116
57 88 303
53 86 139
86 53 231
4 189 211
44 38 118
82 121 229
67 61 130
35 166 203
83 7 119
44 51 96
44 72 126
3 144 280
96 16 153
37 25 85
60 162 225
31 168 208
48 16 105
77 85 168
28 136 165
29 0 129
14 125 178
44 198 242
20 91 157
71 76 154
73 137 225
99 51 152
71 87 164
86 149 280
35 5 44
40 25 68
7 162 173
70 153 263
84 186 274
95 93 234
19 138 171
1 181 182
95 75 201
66 198 290
64 147 249
74 187 265
95 9 124
20 171 192
12 103 155
63 28 214
50 84 162
87 118 211
65 188 303
86 45 181
54 173 401
9 157 198
52 15 73
16 150 202
26 69 208
82 155 241
84 180 304
51 137 198
73 21 101
39 99 240
14 75 89
66 46 121
91 104 308
61 200 265
94 77 249
21 163 382
72 80 176
45 18 96
37 139 201
73 83 157
25 143 168
60 155 336
56 139 201
94 0 127
21 162 187
88 35 123
56 79 145
21 128 158
24 9 68
32 128 169
25 196 229
89 161 250
61 133 196
34 114 160
75 57 166
68 4 75
96 36 160
69 138 257
28 95 155
6 148 228
78 21 250
88 145 243
85 179 286
6 105 117
32 76 125
54 29 140
50 139 228
36 72 285
13 78 95
84 102 265
91 46 139
32 136 174
15 68 236
47 85 223
15 126 184
67 90 161
22 114 324
32 17 50
13 40 54
79 79 165
3 23 71
89 49 148
35 172 371
9 81 138
51 72 153
9 181 200
67 4 181
86 200 291
99 93 217
11 181 208
25 27 235
12 22 48
27 95 124
47 38 97
95 79 313
21 181 248
22 162 193
73 177 251
89 109 267
89 164 262
66 41 108
1 39 43
80 177 259
98 154 259
13 79 108
71 160 338
95 15 296
48 172 262
28 192 220
69 51 268
29 192 306
37 47 90
29 4 34
37 200 243
1 47 50
26 23 74
18 58 107
33 117 153
75 192 276
69 116 190
30 116 149
92 188 285
94 104 203
89 52 145
69 30 136
62 18 80
46 188 331
32 165 205
30 61 91
25 172 203
39 109 194
7 103 132
92 164 434
94 121 228
88 25 153
81 16 275
83 143 256
25 9 41
99 7 240
100 73 180
22 133 157
99 25 168
29 146 176
37 148 241
3 130 263
53 4 78
88 187 285
2 169 180
27 13 46
20 102 150
54 131 267
49 49 285
71 62 141
54 129 190
3 192 220
93 161 413
56 196 259
76 52 134
29 170 204
43 147 291
27 127 183
28 194 238
46 96 171
1 136 139
41 15 56
54 72 167
49 47 98
84 114 365
47 23 86
100 12 245
24 96 124
5 4 13
95 72 169
100 186 427
90 141 265
70 45 220
6 109 117
22 125 156
21 168 317
66 13 86
95 59 172
62 118 183
7 140 163
53 138 194
46 87 148
21 189 318
17 75 111
40 165 208
76 87 274
67 128 223
80 89 211
89 109 208
49 23 72
19 111 143
43 32 75
98 164 359
92 187 282
23 80 205
54 76 163
82 179 423
18 95 159
72 173 260
8 94 108
95 76 171
17 139 165
11 164 177
22 184 226
74 22 127
26 50 124
35 106 153
27 22 185
78 159 318
10 184 197
92 136 271
16 147 171
59 117 181
15 79 99
44 24 115
69 82 161
49 118 213
8 35 52
32 21 63
94 19 200
99 119 219
8 159 181
73 129 244
3 122 178
50 79 131
64 15 106
58 158 408
46 89 158
93 47 143
30 34 64
69 4 74
94 33 162
54 194 272
32 13 53
90 55 288
67 199 271
82 43 125
6 58 73
71 152 232
94 154 267
7 160 227
7 152 161
66 149 270
69 140 217
70 197 294
45 141 215
2 130 168
65 144 242
42 139 256
59 89 151
60 156 217
90 45 180
58 54 115
2 169 175
24 166 193
41 97 167
89 172 375
48 100 159
26 146 198
37 124 174
19 28 78
60 114 211
85 112 334
62 57 185
10 136 154
29 61 90
75 71 146
27 29 206
84 94 183
8 189 245
87 123 218
23 126 159
21 99 179
56 4 65
56 101 357
55 182 243
71 118 194
40 163 205
38 61 103
65 91 309
96 190 402
82 96 266
85 183 442
62 167 284
78 111 233
8 94 102
70 125 310
65 2 83
40 14 65
96 166 265
53 34 109
51 8 67
92 9 176
76 2 128
41 48 97
14 0 16
93 21 120
40 94 303
29 162 193
26 91 218
2 111 113
90 168 301
98 146 260
61 138 249
97 178 457
57 157 334
63 113 179
17 11 126
13 114 224
51 54 148
29 165 204
55 143 318
53 87 292
23 164 368
23 103 154
3 41 64
7 196 325
82 32 123
85 192 285
5 14 25
19 9 28
4 93 290
51 151 220
61 52 161
46 125 213
82 116 208
38 127 323
2 163 293
61 32 140
4 176 352
22 70 99
42 118 262
40 8 72
37 15 119
53 59 204
55 111 182
86 99 284
40 3 186
32 51 97
65 63 169
90 143 260
82 116 212
25 134 178
45 102 164
55 33 129
78 21 295
15 99 134
48 121 172
46 30 163
49 67 119
3 163 181
3 34 47
74 185 273
44 51 98
36 170 224
3 68 81
66 169 254
14 114 129
4 200 210
91 48 139
28 195 229
62 162 229
15 23 47
88 47 320
100 11 146
30 119 154
74 119 194
59 132 195
78 168 277
52 25 83
13 96 109
55 55 124
74 199 282
30 172 209
29 95 132
23 65 127
31 7 78
76 187 297
47 165 292
73 157 234
47 106 293
13 35 93
46 70 190
100 115 216
52 20 76
60 39 100
38 130 302
43 118 168
16 181 224
89 130 226
29 113 144
4 200 211
68 96 194
64 167 253
99 126 350
38 108 167
91 45 182
71 15 124
99 20 123
29 158 194
97 39 156
70 85 301
72 8 233
64 152 224
58 152 239
84 60 269
70 140 325
31 171 202
13 79 92
86 137 231
90 198 465
8 21 74
36 124 164
46 47 96
100 114 348
58 193 251
62 191 299
49 33 90
3 179 237
28 38 114
21 197 344
90 63 178
26 141 173
62 108 206
58 104 208
58 190 391
52 96 157
15 123 144
4 63 70
92 43 237
52 3 62
76 18 119
25 100 127
75 137 264
57 181 296
80 138 314
92 123 248
70 103 219
18 139 164
64 108 180
90 26 136
64 111 210
51 147 374
77 180 266
90 184 275
28 143 177
31 143 219
7 70 103
70 43 142
14 194 353
3 145 148
30 67 189
51 43 102
91 137 232
19 36 74
61 46 242
79 136 220
59 134 258
16 78 120
11 60 110
70 191 287
4 161 187
38 70 150
62 30 120
69 11 80
23 101 166
28 188 229
13 20 41
28 56 120
29 199 276
48 129 358
12 60 121
36 189 251
96 155 261
5 2 16
90 172 272
11 36 225
96 61 219
95 176 273
58 175 388
66 39 108
81 127 229
69 112 275
16 134 160
64 170 235
39 174 217
1 145 156
48 121 330
6 181 211
