190
67 75 146
26 66 131
71 114 205
83 130 242
63 72 137
14 126 309
99 58 183
42 74 214
18 32 77
5 138 147
59 168 280
85 30 243
89 108 208
91 69 312
83 34 181
35 133 258
50 71 163
65 1 75
87 98 209
100 27 177
57 183 275
33 193 230
18 185 211
62 5 99
75 62 145
88 174 294
75 90 185
82 183 275
1 168 277
94 135 264
93 57 342
72 181 263
33 33 90
99 131 280
79 8 263
84 111 225
8 51 101
22 80 138
77 135 216
4 71 107
43 180 227
77 29 252
33 125 176
12 101 117
9 15 29
72 72 182
95 161 260
32 130 175
35 83 168
6 63 79
51 151 244
46 135 200
28 76 111
51 38 92
5 182 188
100 96 196
62 37 125
7 7 106
42 67 119
77 157 243
87 194 394
98 51 150
37 97 139
54 166 277
48 121 205
50 22 232
44 60 283
40 47 94
55 93 151
99 58 188
75 48 126
19 53 267
76 68 160
31 79 140
48 103 286
68 195 272
21 135 157
57 120 360
98 6 105
65 122 207
19 117 140
80 158 241
99 200 346
62 54 126
12 112 124
90 100 241
56 109 184
61 119 193
80 184 410
27 56 281
73 18 100
22 28 52
33 124 322
42 101 147
79 33 258
33 162 219
92 143 245
84 34 120
23 150 337
16 121 235
5 133 144
82 174 318
37 3 175
57 181 254
11 100 277
100 4 134
45 59 241
62 88 267
25 135 328
58 40 147
23 34 66
70 3 86
42 98 144
62 67 131
4 72 84
35 176 212
54 39 109
20 85 106
63 157 401
56 158 294
95 58 349
81 7 155
71 68 295
12 145 161
62 93 193
4 160 169
4 52 71
27 52 86
87 128 251
7 98 105
46 10 78
54 133 268
3 111 117
57 100 162
11 177 196
76 192 271
68 20 90
80 195 309
60 114 208
81 198 283
84 169 259
8 21 125
78 61 335
47 98 163
78 153 305
64 53 205
8 6 24
31 81 115
77 72 175
97 42 142
60 146 210
8 98 135
36 142 337
90 172 271
26 93 262
28 23 248
75 188 266
30 149 181
22 190 212
82 56 179
100 79 244
2 30 34
68 100 209
10 140 186
47 145 194
18 60 98
17 1 22
5 0 11
82 162 272
37 55 102
93 189 284
75 187 375
46 84 131
35 101 142
88 123 220
92 162 261
17 5 89
96 93 195
43 10 58
95 55 166
11 69 88
44 30 110
15 19 217
86 120 236
94 200 306
50 142 197
6 156 200
85 9 143
33 32 148
83 198 329
