70
51 32 87
41 66 108
35 50 126
44 50 247
25 181 255
36 91 131
26 106 154
54 110 317
63 77 148
37 172 211
64 186 253
43 192 239
58 25 133
58 168 414
42 105 325
47 24 72
29 60 97
73 121 327
38 187 226
98 26 133
43 120 167
79 127 234
8 96 106
6 1 33
72 64 175
47 100 153
80 35 117
83 100 183
84 180 267
84 50 143
87 93 194
22 199 239
95 100 365
95 82 271
32 2 225
33 184 230
14 115 160
28 60 91
72 136 278
83 46 130
80 106 192
8 145 161
40 184 259
38 63 111
26 40 170
30 60 114
60 85 188
59 74 137
47 60 188
7 11 21
21 68 106
49 134 192
51 10 108
71 91 168
62 176 269
20 37 66
40 25 114
28 195 331
75 57 288
30 10 94
94 143 281
37 177 217
86 2 256
82 169 265
12 16 28
50 187 247
21 188 281
29 84 152
92 108 325
24 166 223
