790
13 143 163
7 172 225
40 26 72
68 41 232
96 85 186
54 65 129
67 112 288
21 30 157
100 162 265
4 186 208
29 67 100
40 165 306
13 141 295
61 185 254
56 132 333
92 14 116
91 50 148
47 9 155
61 10 186
76 152 229
71 162 234
84 86 311
36 132 176
74 196 290
79 57 139
66 140 215
52 174 392
25 26 99
88 56 148
82 82 168
37 149 187
26 42 112
77 136 213
43 113 166
31 61 164
67 40 128
24 154 198
10 158 194
26 119 183
67 112 185
23 95 131
81 53 135
41 189 323
83 153 267
31 154 192
79 132 245
94 19 121
87 173 424
100 45 146
28 29 65
90 123 250
40 95 156
48 28 78
100 101 224
21 141 349
34 85 132
61 166 393
76 107 185
83 141 274
64 152 221
49 142 228
9 59 249
81 140 223
35 51 197
81 85 175
76 156 233
3 49 55
31 6 43
50 133 184
93 117 238
42 96 144
99 29 135
69 120 195
45 10 142
77 2 88
63 49 179
30 65 168
36 3 238
8 157 173
51 8 162
65 199 279
16 91 142
8 74 250
42 103 294
23 28 99
20 105 147
73 128 340
76 43 123
97 164 261
6 117 126
32 114 152
50 173 227
67 88 222
22 182 302
41 128 201
93 137 237
97 171 268
9 145 314
11 120 136
63 106 213
54 78 175
90 123 213
30 74 104
84 45 259
76 142 226
29 68 153
31 2 42
27 182 371
56 197 255
74 98 178
82 167 296
11 16 41
89 60 165
16 94 110
93 25 201
54 83 146
8 136 338
58 69 158
42 101 188
60 19 91
38 173 211
55 198 301
4 200 206
27 113 148
25 187 244
58 107 168
20 137 192
41 12 61
80 38 170
18 65 90
62 38 224
95 96 200
44 48 100
10 148 202
33 167 267
59 61 206
41 25 70
74 183 307
51 47 104
16 13 34
72 92 172
4 109 121
90 180 414
77 190 429
34 133 311
20 177 240
98 193 311
64 186 257
95 183 303
36 43 82
84 31 160
35 1 37
65 100 187
76 184 352
92 188 283
69 138 250
57 48 109
89 7 197
92 113 238
11 180 200
10 73 86
82 155 255
76 49 174
24 41 79
90 81 174
20 175 245
25 129 313
63 194 300
32 54 90
73 55 162
60 2 97
45 172 267
29 123 297
10 164 193
41 128 185
43 108 160
30 54 176
43 120 168
12 47 67
57 165 277
24 135 316
32 124 170
33 106 143
68 38 197
27 72 106
94 4 210
78 6 113
9 176 319
45 175 224
54 14 76
90 15 106
70 117 223
12 185 326
40 171 233
96 129 250
19 36 58
33 168 208
6 198 252
35 108 146
98 178 277
39 139 221
58 51 118
76 25 106
92 9 107
99 168 291
65 68 139
13 162 181
32 13 91
13 188 205
78 171 410
45 135 190
69 92 163
16 5 26
11 175 186
99 102 204
79 3 117
5 72 79
76 135 348
39 73 162
58 13 78
24 58 91
63 78 159
33 93 131
11 34 51
69 69 161
69 26 101
44 78 137
31 95 136
31 102 159
4 164 173
93 185 390
16 163 342
10 142 154
12 62 75
51 116 345
11 63 199
79 9 162
85 83 255
22 27 100
51 80 132
97 77 181
87 123 216
47 96 278
22 49 74
29 168 205
84 88 357
20 71 237
27 37 66
22 125 151
37 147 200
36 191 268
73 49 139
49 77 214
36 189 238
57 129 267
58 134 296
5 107 118
98 89 225
59 87 191
92 22 124
6 130 143
68 24 285
18 15 35
31 90 161
66 195 281
75 161 266
50 108 159
66 55 131
69 189 258
28 178 250
77 88 171
80 115 232
2 159 230
55 189 245
94 194 333
39 134 178
55 105 176
8 20 36
2 121 131
67 175 248
7 27 82
97 143 289
82 53 139
25 186 371
74 91 190
7 87 104
59 60 121
58 177 255
21 95 117
18 81 103
23 35 64
59 60 123
6 109 272
40 4 209
80 92 213
42 20 79
16 28 59
41 108 179
13 139 152
26 1 148
73 85 182
58 15 97
90 59 162
63 98 167
48 102 150
78 96 182
76 189 312
53 73 128
86 166 256
42 68 211
39 36 81
16 75 91
99 66 171
93 130 232
51 64 204
6 46 58
32 159 215
48 90 145
91 53 162
42 136 186
58 191 284
48 169 249
74 27 193
17 28 141
71 107 186
47 93 144
46 97 213
64 172 337
39 55 105
84 28 122
7 170 225
63 21 95
94 80 177
11 156 176
48 41 229
95 190 316
41 49 138
21 148 217
20 90 117
20 156 219
66 101 308
55 178 239
33 200 237
24 40 86
15 37 80
60 137 205
19 92 117
74 5 98
43 197 243
5 178 215
48 157 334
17 14 34
49 20 222
89 104 211
26 174 206
78 155 387
68 131 242
47 20 75
84 102 190
13 7 62
83 9 96
28 108 146
10 61 72
87 109 206
11 76 88
63 47 130
56 98 224
57 18 82
53 63 226
90 172 335
63 21 89
23 44 225
55 103 195
42 190 245
70 140 232
51 168 260
91 16 271
44 49 133
86 13 104
36 105 145
3 23 49
98 111 214
14 9 62
97 3 140
56 55 114
2 163 180
35 44 123
44 47 122
74 82 204
7 93 242
71 196 267
32 73 247
32 18 242
86 175 359
77 73 155
30 129 253
9 115 128
80 183 303
71 178 256
66 31 135
31 121 213
32 115 157
76 159 313
43 85 138
24 94 155
59 99 338
59 132 201
3 124 275
19 196 222
3 105 281
48 97 175
61 66 150
81 191 349
46 55 207
4 28 68
6 60 71
75 197 279
17 84 123
5 146 346
89 86 222
21 61 131
96 185 283
12 16 34
88 59 147
47 18 65
42 77 134
27 46 81
26 181 213
92 188 435
32 4 86
59 128 252
25 15 50
2 155 162
85 144 303
16 111 207
42 33 85
31 185 232
11 33 45
1 78 276
43 93 137
79 69 169
1 146 155
56 137 202
7 51 59
30 27 71
81 4 86
69 195 279
25 20 74
88 137 299
72 29 222
7 176 327
14 96 290
73 90 328
72 49 126
81 60 174
53 59 134
54 135 261
16 2 172
11 156 167
49 35 90
20 55 80
54 37 110
68 140 256
19 16 35
66 150 219
8 8 26
26 0 35
16 15 33
35 158 225
48 162 244
23 186 217
27 59 125
13 15 54
31 109 181
26 79 233
64 171 252
24 161 192
93 61 165
39 83 123
4 9 44
79 62 268
81 105 210
80 67 193
37 38 84
9 79 89
20 131 155
31 152 377
79 2 150
9 155 217
57 103 316
44 105 184
21 92 114
95 98 234
87 134 223
97 107 290
76 178 264
98 178 398
70 90 161
1 25 128
42 122 210
27 109 140
70 168 398
13 81 204
16 180 202
100 126 367
95 179 293
43 15 65
99 55 267
49 155 290
31 127 227
81 42 142
94 186 288
100 132 235
16 52 68
59 10 73
27 109 156
10 151 260
23 113 143
18 182 201
1 88 96
68 87 337
51 108 251
42 147 189
18 5 25
45 82 133
81 94 211
35 145 302
43 144 209
10 200 218
21 126 156
2 13 15
80 70 173
68 122 207
53 75 132
51 139 209
65 82 151
51 73 146
69 63 141
77 22 112
18 73 122
36 124 170
69 69 140
86 139 254
17 58 146
84 171 264
34 61 101
53 29 84
12 133 195
88 123 221
64 110 216
37 8 47
60 1 108
93 131 310
20 167 191
18 65 257
90 87 179
16 67 83
47 17 70
99 144 253
5 27 59
79 74 173
96 110 215
57 35 123
38 127 171
21 152 178
16 9 56
58 63 121
42 191 281
90 189 285
78 65 318
57 10 70
19 159 218
26 116 168
95 21 123
14 185 246
55 2 107
58 157 218
49 155 211
47 113 168
83 2 90
66 160 237
7 107 123
32 177 280
41 190 406
100 47 148
66 8 78
11 168 229
27 60 94
76 84 180
62 81 175
53 197 250
44 151 318
1 1 7
31 185 220
93 68 331
5 162 173
34 60 232
60 132 233
45 112 299
4 65 78
72 174 252
23 36 66
36 98 319
77 155 271
42 104 194
29 15 50
73 189 264
100 199 306
32 28 68
63 64 134
85 97 183
89 93 221
83 91 184
8 193 249
38 62 103
80 52 151
11 3 21
20 93 122
6 4 21
88 15 104
41 66 228
42 189 245
50 44 155
46 63 196
79 107 190
58 71 139
100 19 127
96 168 312
89 4 93
42 100 293
77 80 196
64 196 261
59 4 94
48 189 238
67 123 236
48 75 133
66 53 133
52 69 149
22 109 131
99 176 285
87 82 185
29 57 172
46 176 370
62 34 97
28 84 126
85 150 258
77 138 222
35 176 221
57 90 173
99 10 117
99 33 140
11 75 129
85 79 209
100 89 306
30 157 301
52 127 179
99 162 267
69 120 205
23 115 165
49 127 336
30 69 116
73 45 145
16 179 196
20 64 91
75 147 234
16 129 201
44 108 186
5 183 205
97 51 182
24 75 251
98 72 179
2 126 152
8 42 124
88 187 421
35 198 393
23 36 73
59 125 226
95 110 214
93 170 298
56 140 226
9 23 41
97 53 159
52 192 252
70 78 152
53 36 117
76 0 110
100 2 260
34 48 88
22 192 218
32 51 116
51 193 245
69 45 121
38 164 216
16 93 110
54 196 377
42 117 276
52 124 182
98 124 233
97 176 445
22 103 131
92 151 247
91 128 388
73 95 172
20 81 114
36 109 264
17 174 196
64 153 290
3 1 14
53 172 225
60 180 422
91 0 185
29 132 177
68 54 143
68 191 260
86 10 99
44 160 211
91 127 260
71 114 206
80 63 337
79 181 293
47 61 128
92 133 410
84 171 410
81 85 213
43 57 154
68 102 201
14 66 192
38 96 160
51 174 252
65 176 282
41 170 235
54 200 301
72 87 187
33 21 178
59 30 89
33 35 68
51 56 128
94 122 257
20 148 340
77 153 398
65 96 299
4 67 77
55 155 222
65 59 157
73 176 255
79 119 215
11 21 42
96 121 218
29 173 392
58 89 254
16 7 26
32 150 245
23 176 200
71 26 126
95 94 203
16 33 241
33 124 166
35 42 102
14 50 137
18 142 170
7 137 176
37 171 270
43 154 244
94 124 403
90 140 415
8 137 293
34 46 81
71 146 365
99 53 230
11 99 299
36 131 229
64 123 332
9 166 176
69 93 209
14 80 103
96 121 262
48 186 234
47 178 228
17 17 60
83 46 211
74 111 234
11 79 112
11 163 181
24 56 80
38 14 57
2 186 302
18 57 81
77 99 178
69 47 135
97 75 178
