920
54 107 163
29 113 167
25 63 273
8 137 316
15 78 188
57 88 330
16 17 103
39 124 173
85 147 272
32 141 289
79 132 218
59 149 251
80 146 226
16 94 158
81 29 199
67 37 132
30 124 157
99 131 260
51 151 208
77 188 331
98 40 206
26 129 161
2 1 98
62 11 216
26 164 200
33 132 314
27 166 234
55 18 105
46 173 275
32 38 111
25 174 209
31 32 63
15 76 120
51 190 279
3 78 97
27 132 332
22 193 247
39 87 155
54 86 157
48 169 409
63 166 234
73 139 332
34 115 182
60 68 325
22 5 52
96 147 266
67 179 248
10 58 104
92 50 146
90 77 177
10 144 157
5 66 86
28 32 96
89 101 209
5 67 78
97 150 367
16 119 139
43 122 170
30 34 214
73 138 281
32 105 301
48 47 221
27 150 204
51 52 113
27 178 335
20 20 193
29 148 186
53 147 204
47 142 191
10 191 243
95 99 361
12 154 250
37 61 101
96 72 199
88 15 103
27 81 129
86 85 177
61 167 266
95 170 419
76 14 104
2 160 170
43 69 156
11 29 49
93 88 186
83 66 174
34 125 198
1 91 144
2 9 39
97 43 143
5 192 218
96 159 271
46 180 230
12 142 164
94 93 190
28 196 232
2 145 236
62 48 112
89 120 236
51 175 301
97 37 135
12 134 148
91 52 156
82 192 310
94 146 241
76 7 94
3 146 318
35 19 254
75 112 266
83 87 179
85 171 269
99 2 273
27 28 154
7 108 126
79 28 197
11 184 334
86 9 104
64 138 205
34 193 227
89 120 294
71 133 263
15 125 140
46 97 151
10 20 33
8 51 59
22 66 89
18 55 169
52 145 331
92 92 231
50 18 79
48 124 173
22 135 166
57 179 334
74 118 197
65 151 220
19 7 199
78 14 92
58 169 277
55 85 141
67 192 280
76 106 321
2 71 77
99 86 187
1 160 166
41 30 247
30 89 228
11 8 21
62 156 224
62 20 148
4 20 61
83 134 309
54 155 345
11 112 135
61 42 122
96 75 201
64 60 124
51 199 256
90 105 256
32 171 234
23 56 113
37 17 83
17 50 134
20 38 67
47 169 278
40 155 289
14 77 136
70 58 138
50 104 212
35 4 65
96 191 305
74 38 135
49 200 283
44 57 111
71 52 144
38 51 90
11 70 247
22 38 63
25 159 221
1 138 169
4 53 65
23 82 120
75 0 254
57 191 251
29 8 45
29 168 233
24 103 135
13 172 216
50 63 114
60 18 101
47 35 83
8 46 185
59 37 122
100 50 224
35 67 279
71 16 99
100 197 299
48 141 194
97 175 279
50 129 186
48 16 113
17 1 26
58 19 105
92 50 152
25 178 250
10 171 183
71 81 282
32 75 188
12 188 209
30 176 394
70 51 121
42 64 137
33 69 106
83 24 185
30 51 174
5 91 146
1 120 125
28 148 258
98 120 264
81 76 167
62 43 261
23 15 87
22 124 175
29 194 236
28 74 109
60 199 262
97 104 251
94 110 214
72 130 207
80 31 121
30 16 102
54 71 125
51 67 119
55 92 333
11 167 196
59 147 225
65 25 139
3 3 121
31 71 108
60 126 226
5 15 32
8 155 171
59 104 194
36 165 203
13 162 194
11 117 130
18 180 368
42 19 61
6 129 232
90 29 135
99 27 256
38 131 363
34 22 252
87 14 194
14 39 66
8 1 180
37 165 230
61 160 249
31 162 207
94 188 452
9 173 217
4 23 35
36 20 64
3 43 65
13 94 125
68 163 253
23 145 240
47 61 152
18 137 251
18 136 186
37 118 202
64 75 300
69 160 383
56 185 259
100 172 277
41 119 161
19 62 207
93 157 349
4 184 263
57 169 404
50 158 249
41 171 212
53 56 154
30 189 226
70 147 221
63 149 213
54 49 181
44 122 172
52 169 330
16 29 56
40 166 215
62 117 189
24 137 357
1 98 128
61 115 185
12 141 161
38 55 117
64 61 284
51 47 106
44 27 80
89 29 162
65 99 271
80 186 284
21 47 77
35 12 67
14 174 200
21 154 369
43 18 88
96 78 182
18 80 108
18 199 224
74 152 241
7 145 175
22 18 183
17 72 236
47 179 233
76 90 167
57 172 230
46 165 301
3 61 93
54 142 200
85 170 264
21 22 46
40 74 216
13 106 137
21 192 264
53 90 310
83 7 140
52 72 148
78 190 268
27 20 49
49 188 243
86 8 100
85 8 94
100 165 308
100 179 307
62 39 119
37 129 181
37 112 156
15 71 104
54 118 181
27 165 214
70 33 134
64 68 139
89 3 107
91 45 332
72 142 398
78 14 96
96 176 302
13 190 205
40 3 92
93 183 284
8 80 89
69 145 219
35 101 151
66 7 95
24 98 129
91 19 177
6 41 51
8 88 129
70 40 144
4 180 188
28 91 140
6 101 131
93 20 114
14 122 144
48 99 162
79 147 325
77 142 268
85 151 436
61 40 111
57 17 80
81 159 397
29 194 417
62 59 123
98 58 195
55 114 189
61 181 393
46 69 119
87 126 222
79 155 243
36 80 225
25 42 70
70 27 101
90 85 179
32 103 142
81 157 288
99 78 210
51 83 156
53 3 60
16 7 54
12 163 192
53 115 172
61 175 272
83 23 108
67 42 277
66 89 342
60 143 379
18 84 148
99 165 289
28 52 99
32 178 244
88 126 235
56 37 136
45 158 396
39 113 162
43 122 325
6 162 293
6 54 69
69 121 214
72 27 123
39 160 242
76 148 258
27 25 184
10 17 29
89 139 353
46 55 220
32 135 177
89 33 305
10 31 47
88 124 220
51 47 123
59 58 133
22 38 67
48 77 131
17 55 247
29 89 126
92 40 169
78 80 167
71 71 170
19 144 195
86 105 272
56 64 206
7 115 148
21 47 72
50 171 288
29 164 201
16 32 57
20 103 127
30 105 176
17 23 84
41 38 86
59 134 235
5 5 17
26 189 293
30 52 92
39 146 235
87 194 281
8 122 131
75 126 209
47 192 249
75 13 94
62 101 166
96 89 375
97 73 175
45 8 86
55 178 275
61 54 122
90 198 340
17 52 212
99 129 367
13 164 212
100 87 214
51 32 154
77 114 194
1 103 113
59 160 412
6 1 8
51 147 205
64 40 104
74 180 258
98 84 229
50 183 411
41 183 272
37 9 73
100 92 292
43 121 209
64 146 260
6 138 254
69 3 183
36 36 171
40 197 255
83 109 392
85 16 106
60 132 227
64 39 109
41 23 64
91 23 114
69 4 99
5 101 156
69 33 103
52 25 87
66 189 264
98 199 297
48 76 125
18 27 57
27 102 140
36 8 220
32 20 55
85 38 149
99 46 146
50 8 154
51 144 202
90 20 111
98 18 119
12 200 222
79 63 183
47 93 141
11 130 277
66 141 233
8 151 169
24 154 187
9 0 125
60 8 249
60 29 91
73 51 144
43 14 70
38 97 153
25 22 56
18 62 85
58 139 202
48 82 251
58 54 120
43 86 136
85 113 229
67 47 117
46 71 212
86 18 111
33 115 148
11 68 84
13 89 163
16 115 137
88 27 119
37 82 291
69 63 314
99 112 217
66 179 269
47 54 149
63 19 92
54 190 247
3 35 72
65 125 194
23 53 81
55 10 71
44 106 193
91 50 144
73 108 201
34 5 72
7 94 140
46 38 110
63 178 332
29 73 261
79 127 222
26 158 184
7 99 297
12 173 202
92 116 224
85 174 263
50 33 101
82 141 237
24 132 284
86 69 159
93 158 251
17 195 213
55 25 164
48 29 78
93 199 328
43 33 121
84 160 245
74 58 195
77 21 201
4 108 189
3 167 170
6 110 126
15 118 142
85 15 119
90 65 253
86 105 206
31 30 65
54 127 184
52 82 138
15 49 70
74 189 272
81 33 311
92 77 169
53 196 369
26 103 176
11 190 387
6 180 186
44 28 120
62 38 114
30 187 239
49 92 283
53 45 102
98 154 368
67 159 233
81 115 203
74 64 138
32 82 242
9 141 190
30 113 211
36 8 72
28 140 201
98 40 157
73 59 138
63 144 235
16 151 168
78 67 240
69 105 182
13 138 157
73 90 171
94 13 136
89 98 187
54 159 221
67 151 224
87 170 304
11 13 32
81 37 308
6 188 256
85 82 168
37 186 224
17 114 241
82 91 180
31 142 221
2 135 139
29 136 272
74 40 163
19 168 200
78 57 144
6 125 167
95 146 243
87 163 424
13 95 114
44 195 249
4 186 198
2 191 333
84 55 179
28 52 117
54 54 114
78 146 268
26 179 282
89 144 239
46 126 182
17 70 217
64 28 137
32 35 202
43 99 146
22 84 294
52 75 160
90 25 126
70 145 252
47 174 230
93 57 172
7 42 91
23 123 156
77 178 400
95 60 183
81 117 332
20 193 218
75 174 257
47 5 96
52 134 297
30 119 295
100 96 198
64 62 127
67 166 243
76 183 260
93 4 137
52 71 216
88 31 163
22 196 359
44 53 117
55 160 224
11 64 75
74 191 269
4 176 342
45 72 121
52 64 146
81 178 384
52 97 154
58 74 275
89 3 266
88 53 150
31 142 238
11 194 367
30 1 38
70 69 274
95 107 238
15 29 78
44 31 110
30 160 207
44 113 167
11 121 138
23 145 177
62 170 232
51 70 199
18 125 153
13 32 211
87 18 126
87 177 271
86 193 296
21 126 155
51 32 88
11 6 24
50 15 89
70 131 303
13 107 277
57 12 74
69 65 139
16 46 109
99 134 284
67 161 245
3 54 58
83 123 228
3 44 54
69 20 94
59 57 123
6 40 49
61 24 92
44 40 134
73 168 266
38 72 116
59 112 181
94 101 198
13 183 245
27 149 178
32 107 152
81 84 175
45 136 250
65 164 246
4 61 71
62 161 228
2 159 198
64 77 157
44 49 95
80 9 257
84 118 233
30 102 141
2 179 374
7 18 33
7 114 122
43 178 268
70 181 270
16 59 84
79 114 196
40 65 108
17 33 54
64 22 95
2 29 80
45 105 194
98 172 292
79 37 165
47 133 184
30 85 115
14 115 156
82 94 225
60 47 112
12 196 361
12 156 327
99 77 205
5 189 259
3 159 167
93 194 296
40 56 108
38 98 148
73 145 225
54 47 134
17 134 157
5 25 35
25 168 253
72 182 267
2 13 46
40 175 376
39 127 168
26 46 87
16 30 55
48 52 151
8 67 255
7 130 198
28 111 179
98 86 189
24 4 197
35 136 179
6 177 193
29 165 216
53 193 338
9 110 167
22 159 230
23 43 67
74 52 161
14 96 157
17 157 174
54 191 343
73 80 159
54 98 202
94 135 308
75 126 211
46 189 373
50 96 154
71 180 286
34 5 151
24 64 91
38 176 215
76 95 193
90 95 189
45 134 354
22 86 111
67 52 119
21 104 128
10 23 207
90 28 128
7 151 294
36 77 162
62 103 169
50 187 246
55 138 251
23 177 226
46 24 78
64 103 168
98 121 242
4 98 112
24 52 181
3 62 109
40 188 401
55 19 267
62 177 239
91 7 136
31 97 170
77 80 159
89 172 266
9 95 122
97 161 268
94 1 243
29 61 162
18 87 111
58 196 267
12 17 34
42 116 199
14 6 164
42 164 221
64 150 236
56 105 163
44 37 81
54 177 243
49 162 241
67 161 238
70 49 137
72 183 261
28 105 169
99 68 174
74 132 219
75 170 326
37 151 189
74 88 306
61 39 106
59 5 131
96 126 311
85 198 285
37 106 149
83 116 243
15 39 54
27 58 99
48 53 182
19 134 293
49 99 150
51 52 135
96 176 364
86 121 207
61 159 223
44 2 159
60 97 162
90 99 191
10 81 133
86 114 202
45 5 88
69 100 228
82 69 158
52 134 211
70 161 295
23 169 197
98 122 227
36 25 67
62 92 155
91 193 289
62 179 248
98 89 193
77 170 256
81 164 261
40 194 246
8 142 156
37 49 87
56 137 320
83 196 285
88 26 122
98 24 158
73 193 270
20 80 116
56 144 213
83 14 97
72 78 152
20 118 158
22 95 147
41 69 165
55 74 181
49 108 157
68 168 246
9 4 171
22 177 230
76 116 377
95 172 359
97 91 222
93 39 142
32 82 123
69 15 130
89 127 265
75 162 254
15 85 108
90 155 245
34 113 157
49 47 276
90 120 241
3 39 46
