770
99 156 256
9 85 114
2 71 225
41 168 327
65 151 231
37 3 42
12 120 266
92 109 395
26 143 249
49 79 130
32 154 263
29 56 128
34 199 250
33 55 98
77 55 296
62 3 100
92 2 229
31 103 159
44 87 192
40 63 113
89 59 169
86 88 177
18 4 222
71 55 267
4 101 109
86 58 311
5 156 178
60 146 404
45 154 242
10 50 67
98 72 170
7 7 16
33 54 119
9 140 235
88 60 156
28 42 216
73 73 155
12 177 236
49 89 143
49 128 184
6 65 80
14 43 241
54 176 244
63 193 292
6 145 248
86 36 148
98 68 170
51 127 254
25 144 173
88 50 151
38 72 116
79 1 213
80 150 274
52 40 102
15 148 180
49 43 113
52 111 351
46 16 86
37 140 348
78 80 173
98 193 339
1 71 94
18 60 103
46 172 234
65 143 225
33 166 283
50 96 152
12 1 43
13 98 191
68 140 320
72 171 252
67 28 108
54 25 107
63 82 148
95 27 264
80 20 216
10 95 108
61 115 180
67 24 93
59 62 187
78 153 345
6 97 270
55 60 171
38 83 321
41 121 205
57 5 64
42 124 198
63 74 153
92 54 159
3 105 127
97 96 221
92 197 463
88 3 129
84 75 172
76 132 253
49 35 110
24 162 206
59 197 264
83 114 203
99 197 301
52 177 322
29 6 69
56 200 300
13 64 126
84 191 279
74 192 305
62 137 324
34 181 239
63 0 82
29 69 241
26 109 144
53 30 83
96 165 308
58 2 69
38 166 209
93 165 261
76 128 379
60 0 66
98 153 259
32 92 134
65 61 129
9 41 233
67 123 337
88 82 194
76 9 90
48 179 236
88 176 267
51 101 339
86 92 180
84 9 110
74 138 233
9 182 218
45 135 348
22 69 232
49 158 230
44 143 217
52 65 129
46 85 134
31 19 148
94 105 280
96 147 246
71 21 94
49 78 137
30 7 41
95 152 420
59 177 376
29 77 110
61 91 158
66 199 314
56 157 220
29 115 150
83 76 280
52 53 109
75 37 119
87 192 306
14 80 253
63 200 272
45 62 111
61 181 251
80 192 296
44 94 143
13 15 69
41 51 140
81 188 277
16 44 74
58 199 296
64 74 155
84 165 290
99 124 260
63 174 282
43 95 231
36 8 93
77 121 247
4 88 181
98 18 121
54 7 68
44 14 59
28 72 110
37 109 154
99 124 336
33 170 204
100 178 278
99 128 295
80 55 306
26 144 201
70 55 196
81 139 298
87 30 312
76 105 212
81 77 192
16 194 260
42 137 246
12 42 85
17 82 106
67 54 150
39 170 352
76 199 458
58 157 225
20 70 220
13 188 201
65 164 426
50 103 163
74 156 233
37 82 180
74 152 336
89 200 336
1 121 170
89 77 228
16 76 94
7 70 126
60 178 247
90 35 132
47 110 205
31 43 76
72 77 152
10 75 278
13 10 177
24 30 64
31 176 297
46 137 192
49 191 241
15 6 218
88 200 416
25 108 139
27 158 193
11 17 58
27 185 261
46 68 120
70 25 104
81 164 254
87 58 152
77 170 354
49 78 231
25 124 159
83 25 294
91 65 179
15 145 168
40 43 187
7 195 208
99 168 275
47 3 51
58 171 236
90 48 148
85 183 282
24 90 114
83 100 191
37 146 192
61 34 210
18 166 194
83 28 118
77 140 394
70 65 238
80 158 239
8 110 124
38 110 158
56 186 287
62 70 180
76 32 124
50 3 160
26 78 252
23 126 297
8 9 121
9 132 150
97 113 409
74 183 306
52 90 170
80 2 191
32 156 191
33 76 159
86 169 256
98 116 232
40 11 78
55 157 334
60 155 222
51 104 182
8 68 160
97 198 295
82 180 346
51 3 58
52 14 238
45 36 227
88 129 219
97 29 129
29 104 154
33 17 58
73 123 240
18 59 87
79 34 116
40 47 272
87 19 230
72 194 273
43 166 299
75 184 259
94 121 238
61 52 279
73 75 287
72 33 116
79 61 298
21 115 180
50 172 229
15 24 150
70 164 413
79 95 282
98 144 289
95 71 169
85 50 160
53 174 384
98 62 311
95 195 441
93 159 262
53 4 66
34 19 60
69 74 190
62 185 250
96 129 230
2 83 158
98 114 215
20 138 222
18 97 123
79 111 193
71 74 155
45 111 166
37 55 292
25 36 70
34 151 239
20 119 187
69 194 268
92 199 429
28 129 181
57 59 146
34 92 142
61 142 399
49 126 184
41 78 175
38 133 176
70 34 294
25 160 222
50 104 155
72 50 311
55 13 98
100 13 173
6 134 149
81 162 273
80 57 141
26 128 157
40 162 224
63 175 242
9 68 218
58 74 142
31 135 188
63 48 142
34 162 364
61 84 154
83 21 198
89 113 212
29 173 372
86 188 277
79 77 200
40 170 279
43 58 114
84 146 379
54 169 324
15 117 162
46 162 324
85 15 110
42 154 200
60 93 153
38 22 63
11 9 41
89 9 260
36 43 190
94 34 247
52 199 254
88 55 147
10 11 21
77 123 217
56 171 228
50 73 129
81 23 133
74 91 173
96 195 294
19 132 157
34 186 259
67 66 159
20 114 296
42 149 192
13 48 218
2 191 193
69 55 132
12 52 66
48 168 238
21 105 128
44 189 262
11 144 160
87 91 296
96 61 180
84 103 374
5 113 311
73 33 110
30 31 71
59 145 219
24 121 234
9 145 235
20 23 84
42 73 123
25 79 133
10 189 281
34 141 185
7 46 57
67 16 102
53 187 274
15 46 65
90 166 262
38 190 231
58 147 247
96 135 277
58 114 175
64 6 73
56 162 265
100 10 234
38 167 215
39 161 368
51 29 271
43 35 87
72 49 189
41 188 303
58 105 286
23 99 177
36 172 212
92 67 160
32 83 123
33 3 52
23 69 111
72 199 290
81 11 142
64 64 130
56 60 158
49 199 340
51 29 84
92 100 353
100 86 288
85 38 158
90 180 282
31 141 182
15 149 170
10 183 330
15 4 26
48 39 266
95 90 244
78 136 216
71 13 86
62 196 260
19 57 77
9 21 34
78 56 143
14 56 110
71 77 153
29 94 125
80 142 222
29 22 54
95 150 367
78 167 254
23 165 188
70 62 132
34 34 217
15 90 109
97 142 243
5 177 199
21 54 111
37 150 225
35 6 48
48 106 168
64 3 74
67 193 279
1 126 131
79 200 291
74 197 274
95 184 292
45 138 192
73 74 148
77 7 123
76 12 96
26 93 128
5 171 177
31 143 176
40 71 117
83 56 143
23 47 97
100 141 263
79 99 257
91 144 344
76 84 184
60 177 272
85 196 292
66 40 114
11 60 89
97 130 230
48 7 57
88 47 139
49 40 236
100 84 188
73 11 122
55 40 103
27 32 94
15 39 59
18 105 148
18 154 172
71 129 388
91 146 247
63 51 207
43 21 80
83 176 265
53 169 223
33 199 417
40 24 93
5 142 147
27 13 48
80 53 171
49 187 248
22 180 216
62 59 126
98 164 264
61 185 246
71 161 239
32 135 170
58 89 153
30 144 175
51 81 186
44 83 128
54 20 74
2 186 197
72 46 181
61 173 247
14 109 143
41 197 316
80 138 413
26 158 190
69 182 255
23 16 72
25 78 262
29 180 306
75 194 272
23 181 373
80 18 101
38 184 224
51 106 178
42 67 158
46 134 183
52 160 216
76 144 229
68 96 212
89 54 148
22 83 110
42 168 232
37 58 126
84 96 188
61 110 328
94 189 310
43 174 234
7 57 114
71 168 343
20 89 111
2 56 104
9 137 182
1 38 51
11 195 249
35 176 226
92 169 373
50 82 330
46 111 200
40 157 201
33 195 340
30 72 115
77 129 221
43 18 62
10 189 224
3 61 72
35 192 243
45 84 151
59 151 218
76 92 203
93 125 219
64 186 259
76 95 187
5 178 355
67 179 395
20 124 165
19 69 133
38 71 110
52 104 159
57 25 132
87 179 282
18 57 75
30 18 55
98 18 224
20 175 218
51 200 270
99 43 146
42 105 230
11 17 34
17 169 191
32 197 233
53 109 339
63 32 151
41 23 69
100 154 254
13 98 201
60 14 105
33 38 94
43 0 50
42 114 279
81 64 188
18 128 186
11 23 52
84 97 197
34 92 132
63 111 220
11 28 227
79 84 286
14 151 175
52 63 121
49 31 171
39 102 252
61 33 100
24 85 112
76 182 436
88 49 282
44 90 136
96 147 244
21 191 215
78 159 257
25 126 157
83 101 191
18 86 148
67 32 101
10 145 174
12 1 13
67 104 187
93 53 286
90 169 313
70 135 215
75 44 120
27 43 72
34 113 174
29 158 187
19 22 198
56 30 164
5 17 151
26 184 211
71 77 168
16 33 94
14 193 210
50 113 178
45 40 128
93 96 348
84 103 191
88 187 309
92 155 283
82 9 94
44 195 241
55 116 211
88 128 217
19 103 171
36 61 130
45 185 277
75 132 233
92 122 348
58 60 118
17 81 103
8 153 265
86 113 206
74 146 343
60 42 104
38 10 144
28 26 54
55 81 187
43 123 170
59 91 151
71 58 146
98 116 216
5 11 17
52 40 112
84 116 205
66 38 300
85 156 260
16 154 182
81 121 387
25 33 67
31 27 84
94 56 270
36 17 72
27 97 155
42 102 144
31 139 173
39 87 132
30 164 199
13 34 80
60 35 134
32 1 116
74 102 253
75 80 192
78 37 151
81 117 204
69 21 133
70 1 117
23 65 115
92 76 217
93 95 196
33 23 105
67 6 200
76 74 185
78 136 223
35 50 114
68 30 143
59 81 188
60 157 227
39 75 136
21 102 131
75 107 184
52 34 104
7 13 63
37 49 89
32 127 169
21 10 34
39 56 101
59 164 253
14 52 84
28 177 292
100 65 195
83 101 368
22 128 175
48 38 95
15 126 151
55 146 238
4 116 126
81 137 388
1 66 67
79 148 228
1 89 90
95 85 196
36 122 162
21 34 101
24 56 80
81 144 231
8 119 137
7 137 181
98 193 322
84 120 220
7 99 143
93 183 357
91 35 137
56 26 103
74 12 153
76 159 325
51 152 272
36 77 122
100 158 279
11 121 133
62 166 298
88 144 429
65 88 156
83 24 113
49 195 288
43 171 371
17 73 94
30 56 90
70 84 159
21 77 123
65 197 298
70 11 88
