740
16 155 179
7 98 109
46 70 125
96 29 129
25 23 225
71 42 129
68 98 174
91 146 252
15 122 144
25 51 166
40 7 157
19 130 158
68 7 274
27 121 310
5 135 182
31 19 57
9 39 127
55 183 241
63 48 120
20 64 94
6 114 130
85 31 187
86 37 130
26 62 98
30 198 254
72 176 324
38 91 139
64 90 194
57 183 240
90 92 215
2 31 39
37 28 67
48 148 229
29 55 111
74 147 230
52 39 91
19 140 178
54 127 231
67 189 305
79 190 291
31 156 225
35 120 170
49 16 90
66 7 82
89 101 277
96 63 164
92 28 125
14 128 147
5 188 209
20 85 259
64 13 86
33 93 188
39 3 51
29 191 228
62 0 67
46 162 218
1 83 247
35 88 124
71 143 220
99 47 146
84 28 113
70 148 258
95 146 249
44 35 84
91 84 182
96 135 263
40 181 237
11 93 178
78 8 224
61 4 71
37 109 148
66 168 239
24 2 90
32 93 159
93 141 260
52 115 172
6 66 77
37 54 121
63 109 187
55 79 174
87 34 131
26 163 222
39 85 129
56 24 88
77 36 117
21 0 122
23 103 156
66 27 100
74 193 412
30 8 235
64 135 338
62 116 206
65 190 275
81 102 275
54 172 371
17 64 119
90 133 273
56 111 253
22 128 156
18 27 86
1 133 134
28 196 228
72 33 107
17 50 71
44 98 146
44 93 168
21 48 98
90 67 169
17 7 31
70 178 251
32 153 198
1 80 145
60 169 248
64 185 257
14 16 67
75 56 170
15 84 102
39 176 222
78 100 186
9 166 184
46 175 256
45 23 72
84 17 101
14 157 297
30 143 219
28 82 115
12 54 159
67 112 220
17 167 278
61 182 290
62 158 226
39 136 177
74 194 271
14 148 198
11 198 344
47 119 193
55 24 85
27 111 138
43 31 80
3 95 183
38 55 177
96 61 169
10 189 386
74 8 97
5 123 131
89 22 152
8 171 325
94 144 271
26 20 48
46 71 150
19 37 66
75 73 151
33 28 107
49 146 195
67 119 380
10 160 186
24 185 218
69 48 132
95 62 206
43 7 81
89 71 172
33 34 218
5 177 229
68 65 166
9 80 119
9 126 181
6 68 75
76 7 127
50 106 156
67 51 124
49 95 285
9 110 127
87 173 264
50 102 257
47 160 255
63 122 187
10 124 139
63 145 214
67 20 88
39 133 263
93 63 163
28 27 154
9 33 52
24 68 110
67 85 154
27 142 248
91 70 168
38 97 144
18 99 124
37 84 124
14 54 70
20 53 139
18 151 171
53 129 194
5 111 204
95 178 283
40 143 190
93 75 325
49 7 59
47 101 228
58 13 101
7 18 72
21 160 208
34 45 81
43 48 99
11 82 268
35 23 177
71 91 180
78 42 247
15 30 51
90 121 221
4 101 280
48 92 144
48 149 214
47 99 241
8 170 282
41 56 107
63 157 248
1 67 75
14 68 142
41 156 231
33 164 207
10 55 104
85 134 270
75 69 151
28 155 206
27 54 126
68 166 282
53 81 141
13 164 307
68 171 288
19 51 114
68 111 205
79 26 111
69 34 164
54 102 158
34 176 214
38 143 256
36 90 136
78 149 268
6 72 104
28 110 147
40 70 152
38 35 176
46 147 207
42 8 54
94 86 182
61 30 105
75 119 286
45 170 253
4 129 250
78 51 130
54 113 216
68 8 84
46 96 305
12 13 54
34 123 179
37 126 192
13 1 16
25 170 224
89 106 204
42 18 106
47 110 171
62 176 288
60 192 262
8 62 71
98 200 462
58 54 270
99 66 206
93 180 300
48 60 108
55 62 126
24 18 179
43 192 307
31 0 40
51 157 249
25 159 186
94 15 119
32 125 162
85 6 95
44 121 173
56 54 116
32 12 60
38 192 272
37 69 110
76 68 153
40 28 130
87 118 252
58 40 132
83 200 292
35 102 187
62 185 247
22 187 275
2 130 156
13 145 254
25 41 111
81 7 192
6 0 27
11 190 208
41 71 156
79 117 204
58 110 200
32 141 177
18 2 25
21 31 72
22 55 99
2 153 177
55 94 149
76 172 414
15 46 85
8 43 85
4 107 115
7 196 225
37 21 63
31 190 223
75 200 314
60 158 262
78 18 278
80 52 182
17 95 147
9 200 223
3 168 177
7 10 169
67 140 242
8 113 149
77 197 291
43 186 279
21 175 202
75 7 87
85 92 200
18 42 93
50 91 170
12 29 45
41 163 207
64 37 129
38 177 298
94 132 264
57 67 132
69 39 140
100 187 351
90 149 359
11 74 113
32 116 205
14 18 176
48 2 150
4 75 113
13 168 185
97 200 463
74 110 216
41 53 109
15 124 237
79 157 242
14 177 191
73 198 273
91 193 399
84 72 195
81 61 159
93 7 123
25 198 338
12 138 271
86 34 158
14 70 257
25 191 221
27 188 220
80 196 287
98 56 163
98 53 343
12 43 137
74 171 258
52 139 198
24 120 177
13 55 237
82 71 163
93 118 234
94 146 244
30 3 41
35 195 270
54 38 291
8 138 153
58 58 248
10 161 302
49 52 117
87 22 114
24 147 304
11 83 195
47 182 265
86 198 287
97 65 176
68 74 149
65 167 235
78 200 285
76 73 176
29 126 161
11 91 143
75 196 301
54 182 330
57 101 171
31 88 137
87 154 247
65 157 269
15 115 136
8 168 183
93 96 198
25 134 205
7 140 155
45 21 73
99 3 103
14 28 48
95 191 315
51 171 232
75 72 163
87 64 154
92 37 130
79 72 183
73 35 135
65 84 156
7 62 69
52 76 137
78 157 239
95 178 473
5 196 237
40 76 117
29 195 256
18 29 59
63 169 408
51 157 212
33 30 78
84 111 226
57 42 125
80 9 94
42 147 220
18 76 147
80 156 358
31 95 129
35 60 183
62 181 264
7 139 305
15 88 125
33 183 254
8 26 35
69 172 281
63 79 151
90 115 208
6 114 149
52 164 247
37 167 221
57 36 93
34 8 82
87 159 416
18 194 237
95 194 328
38 47 90
51 76 134
22 25 68
37 107 164
75 96 189
56 86 176
26 99 276
26 52 140
1 42 92
25 120 154
67 8 118
96 44 271
63 150 326
55 93 178
55 179 283
79 185 266
45 188 237
21 91 122
45 179 224
49 94 297
46 136 191
79 79 161
56 200 335
27 182 210
36 104 240
92 170 263
14 51 65
15 176 281
27 159 192
92 83 196
2 185 196
100 74 207
53 113 185
81 98 305
20 1 105
67 56 128
76 154 382
11 88 106
96 31 129
97 168 308
91 16 275
63 20 84
60 16 83
76 146 273
55 120 224
63 44 242
95 6 263
67 40 109
77 146 390
30 99 240
62 162 267
70 65 185
64 131 325
40 58 100
31 61 92
16 69 258
68 175 408
5 188 237
24 58 93
59 36 175
66 129 195
81 76 197
5 99 152
30 105 180
11 189 206
16 63 84
3 27 141
51 157 226
95 84 337
87 97 191
10 143 153
92 125 225
83 41 149
46 130 176
41 159 224
73 134 253
17 85 121
55 128 187
68 19 103
80 16 103
48 102 160
67 109 225
5 100 131
54 51 210
78 64 191
71 146 250
19 84 103
46 93 144
29 180 216
68 80 151
93 118 220
37 124 163
28 129 195
39 191 235
30 2 82
12 120 159
60 157 297
73 160 238
49 111 170
83 0 183
98 107 226
80 103 286
54 111 169
20 1 30
31 40 81
71 183 261
5 64 81
38 33 94
62 47 168
13 41 104
54 31 98
64 5 104
88 55 204
55 178 233
61 77 146
69 177 296
24 150 347
2 43 184
45 52 98
61 59 126
31 88 177
49 93 152
68 168 245
84 39 131
86 90 176
65 197 287
88 180 389
8 139 153
91 144 245
33 114 154
8 43 53
5 136 315
67 50 164
74 173 339
27 200 246
33 168 201
13 197 303
92 4 260
53 33 94
22 192 234
50 117 215
52 38 94
98 104 380
1 174 188
6 67 101
70 119 190
65 64 293
100 27 132
3 89 103
51 197 315
89 20 231
85 39 164
37 108 155
63 180 253
8 66 205
54 104 279
62 2 100
39 51 243
41 59 260
33 197 253
55 131 342
77 66 294
43 95 147
36 7 91
54 188 252
10 135 263
60 144 211
83 164 247
42 190 264
38 41 115
84 1 219
74 12 181
36 115 160
20 124 187
98 182 316
4 43 57
66 34 114
29 140 179
5 3 10
23 128 224
26 142 211
35 193 267
7 68 82
30 58 92
75 156 236
65 156 354
47 95 152
70 192 271
41 127 206
16 24 40
11 52 94
63 142 287
85 59 158
15 2 107
37 70 110
59 3 72
3 42 92
60 128 190
44 25 110
44 13 161
80 119 392
21 145 196
13 57 170
62 42 264
81 139 251
90 50 197
18 13 57
94 166 265
4 154 164
16 65 84
74 71 192
27 119 214
4 129 140
42 104 152
88 190 321
70 179 402
99 140 244
75 131 226
66 188 267
75 188 268
27 32 93
16 91 173
4 27 31
72 83 165
65 170 284
75 25 110
34 6 229
7 48 57
41 24 69
39 196 242
78 44 130
2 192 217
73 26 105
77 40 118
93 193 289
30 46 180
45 177 242
32 1 64
48 10 160
42 54 101
64 117 190
32 109 189
64 89 155
8 40 98
78 70 157
59 10 133
50 124 358
77 96 223
76 51 171
66 51 141
83 61 154
32 130 356
40 37 103
38 151 191
92 111 210
63 60 154
69 86 180
14 15 67
4 128 178
28 107 250
66 179 433
7 3 186
54 56 135
58 55 265
66 3 118
6 5 26
92 149 283
4 92 98
38 64 125
7 40 76
89 118 233
59 166 235
5 106 221
80 14 118
71 157 408
41 85 137
78 111 229
10 91 104
2 21 98
45 200 255
37 180 331
57 124 257
4 169 186
15 108 141
32 154 196
75 113 208
100 168 449
65 179 251
6 193 381
