500
4 16 22
30 192 313
29 121 333
16 200 216
53 185 270
84 73 164
5 78 109
64 165 402
40 95 163
22 49 100
53 176 277
18 92 175
79 162 251
22 28 51
77 97 205
28 110 163
70 67 158
98 170 316
25 118 183
70 168 240
80 82 196
67 41 110
16 1 17
46 98 166
79 163 435
21 10 51
5 1 8
75 3 116
26 127 233
69 123 294
34 114 272
32 143 286
65 51 138
88 149 252
83 43 147
78 183 270
5 76 114
14 99 167
41 47 90
98 82 186
80 0 212
50 49 103
50 114 175
41 98 144
56 28 121
50 102 164
25 93 129
39 46 95
15 178 214
78 29 108
51 85 160
61 155 408
84 136 360
28 5 38
36 26 221
35 46 90
2 104 107
19 137 204
80 140 230
7 92 130
20 107 127
7 195 203
75 122 204
8 47 64
22 161 303
100 5 111
61 160 325
58 141 214
32 96 135
77 160 266
18 117 136
97 127 226
17 174 220
46 65 136
75 73 186
42 81 285
43 189 234
20 25 81
9 73 87
48 104 155
6 1 67
65 54 119
63 97 185
31 186 308
30 118 150
52 108 163
23 15 169
26 117 144
22 109 162
36 73 223
11 159 173
62 142 214
73 124 228
90 18 270
25 131 163
87 181 276
70 46 304
23 191 219
55 104 210
34 106 142
54 43 295
39 177 323
45 77 122
82 71 190
28 195 227
23 187 210
86 15 283
96 182 300
15 40 56
77 55 158
20 12 49
34 83 312
56 82 146
75 158 286
71 42 130
18 124 143
66 16 84
92 126 261
60 56 125
65 196 273
54 73 166
69 118 193
83 127 243
79 189 296
84 137 270
64 175 244
51 111 214
31 165 200
76 54 308
61 69 176
78 121 217
56 126 326
67 5 105
5 114 119
18 153 188
31 163 239
59 160 227
53 55 111
2 158 190
86 138 246
50 52 106
13 137 234
44 121 203
65 139 300
52 127 184
30 75 111
34 95 273
37 60 105
82 117 372
14 168 184
83 140 327
95 37 159
41 28 251
50 179 260
73 122 204
15 109 134
25 103 137
85 36 167
85 161 252
49 44 266
7 29 95
48 71 127
4 60 188
6 114 277
93 116 239
97 133 375
70 159 242
1 12 45
46 92 182
21 138 319
28 117 154
22 101 142
32 84 125
62 164 233
26 88 179
78 70 166
7 133 148
72 29 234
75 156 246
77 54 165
53 109 170
63 7 208
9 84 150
60 23 86
56 108 236
3 62 149
47 25 80
49 105 159
65 167 281
30 128 158
77 19 105
63 165 286
80 125 206
98 113 254
55 183 355
16 181 397
12 109 123
59 186 433
61 135 211
43 118 206
78 19 130
17 160 223
75 153 229
43 178 256
50 190 355
32 167 264
44 181 246
82 51 133
17 187 211
47 9 80
96 49 146
31 178 242
15 174 197
59 184 248
52 2 77
48 184 233
2 47 60
55 115 176
89 24 120
72 174 246
17 130 313
13 72 235
97 117 239
1 104 121
75 34 117
59 106 166
61 35 122
39 70 113
42 92 142
74 88 219
82 186 281
4 191 239
45 79 124
70 97 212
38 161 204
12 99 150
22 18 79
69 39 109
2 200 305
14 200 260
91 91 216
82 119 202
5 125 284
84 185 272
66 88 199
7 10 66
63 26 99
33 127 168
59 150 304
34 112 151
39 92 139
100 4 105
71 128 312
29 2 57
21 175 200
38 174 218
40 123 183
22 128 151
10 29 45
37 79 127
9 146 156
12 4 22
69 143 381
58 82 146
53 161 251
67 94 168
19 103 130
42 30 93
51 185 242
41 175 217
56 67 131
78 22 238
24 27 98
63 40 117
11 124 239
93 146 240
31 94 139
14 190 205
81 48 301
6 46 155
95 79 184
24 21 211
58 22 257
80 70 317
34 73 117
36 166 293
18 127 164
86 49 143
87 191 285
77 183 267
70 75 145
51 102 162
3 94 106
30 149 282
69 144 270
34 126 170
95 173 424
42 193 235
18 25 52
98 74 233
14 200 223
31 24 187
94 16 119
79 85 164
82 181 275
77 120 208
88 114 215
4 101 109
90 114 219
90 147 337
41 8 175
30 18 53
22 98 126
66 68 141
60 188 256
8 83 96
58 168 269
3 110 113
98 34 139
77 99 199
59 80 142
7 179 226
86 94 206
47 128 176
35 64 137
87 139 257
5 26 54
94 175 276
96 109 210
58 131 189
54 33 97
97 131 232
3 54 256
76 126 209
87 185 273
44 101 235
79 61 157
18 18 68
50 69 127
80 108 188
53 5 62
79 61 156
76 27 143
57 97 159
68 197 293
43 121 207
85 107 216
24 57 147
8 173 200
57 98 158
58 151 359
64 31 143
95 93 323
42 169 215
82 146 240
16 54 106
91 194 319
53 67 128
86 188 275
62 180 244
40 115 175
3 46 238
79 180 268
6 9 47
32 121 161
56 7 92
36 88 320
25 164 353
49 145 220
24 111 155
57 166 229
39 164 211
81 112 370
5 123 244
80 183 269
45 184 232
68 125 223
29 100 138
80 150 232
44 54 113
50 82 177
31 151 197
88 29 163
78 197 281
22 137 312
22 35 63
92 132 232
23 109 294
95 162 258
26 153 183
57 95 179
9 80 109
63 165 346
6 175 215
48 60 118
78 120 204
25 16 48
26 87 129
49 133 329
14 73 99
4 47 86
76 131 217
64 28 94
100 191 293
72 29 136
64 107 172
10 63 94
41 97 280
49 36 108
46 120 310
38 130 168
94 59 220
94 159 262
12 13 27
100 31 131
89 39 292
89 107 230
45 138 346
18 133 155
51 198 257
47 151 250
41 13 54
31 200 258
39 60 99
85 135 394
6 74 85
49 177 267
88 140 360
40 90 136
53 32 94
56 174 234
50 170 229
43 185 355
96 62 189
18 152 177
99 114 231
49 43 92
67 131 207
16 32 84
15 53 70
51 140 218
38 195 277
35 48 83
77 0 114
41 131 232
24 194 227
36 0 81
48 24 81
37 8 50
47 41 119
10 28 39
37 190 235
93 176 274
55 61 244
7 174 235
46 46 132
38 79 126
98 106 211
74 122 360
89 170 259
1 21 27
23 86 118
28 27 58
40 82 138
72 77 156
69 95 164
12 120 168
62 117 182
90 29 119
24 89 272
52 138 199
11 130 232
22 42 74
29 82 120
47 98 152
32 115 150
43 7 50
88 55 289
78 90 211
7 156 325
82 8 184
28 117 151
6 103 131
83 194 300
56 73 150
11 163 264
29 97 149
54 156 223
37 41 80
58 55 116
94 154 249
78 82 166
53 42 136
32 186 415
37 87 130
17 98 147
67 164 234
38 3 75
45 4 58
21 113 135
