60
46 6 52
18 129 256
30 58 111
66 99 184
90 117 216
17 142 163
71 34 111
3 52 191
68 161 248
12 140 152
9 60 78
54 128 213
20 82 299
73 180 361
68 77 323
81 94 342
43 41 123
5 40 52
60 129 199
4 2 14
68 185 423
19 94 236
83 197 287
20 50 251
7 0 17
89 79 250
84 180 291
54 121 181
36 135 209
53 35 110
35 56 96
96 45 151
14 96 289
89 65 328
44 180 231
97 39 197
89 177 461
11 168 316
58 82 160
79 5 121
57 111 217
66 26 195
71 28 108
6 90 96
92 121 401
66 56 139
57 148 208
9 162 171
82 83 170
16 197 220
53 36 97
95 189 291
64 0 76
29 152 188
27 78 115
63 128 191
57 141 245
89 171 262
93 93 383
45 34 103
