870
67 49 144
17 47 69
29 95 145
86 49 136
82 196 283
62 69 171
2 129 138
46 181 276
64 99 316
50 114 269
27 190 282
91 114 247
24 58 106
77 133 249
48 122 171
36 170 215
70 15 225
89 95 215
48 151 202
47 174 247
76 1 91
50 50 110
82 64 186
48 122 171
65 29 118
22 150 305
5 156 213
25 181 361
72 98 177
22 31 79
66 40 106
31 136 300
1 122 148
19 107 126
100 200 459
43 71 140
43 74 124
34 14 68
46 102 187
10 141 333
11 112 132
48 155 206
50 168 225
100 61 222
52 141 202
1 190 198
38 127 173
34 49 116
87 154 332
22 37 83
9 22 214
90 143 236
80 114 238
63 88 152
76 103 316
3 31 61
5 56 72
59 34 226
43 143 186
68 28 184
84 185 291
51 135 221
1 183 188
10 21 31
79 193 322
98 82 322
100 31 135
34 28 109
58 170 327
24 60 90
93 145 281
26 91 128
45 92 146
67 50 120
45 200 373
91 158 300
47 111 270
40 68 139
65 47 163
100 168 274
59 13 103
52 12 131
88 50 307
52 125 223
15 165 188
74 167 290
43 162 228
30 49 101
40 188 265
17 171 191
72 29 257
25 84 118
27 7 38
33 163 233
41 77 121
88 95 190
71 35 113
26 173 214
91 166 435
53 19 98
41 95 139
11 175 187
91 51 183
95 6 112
46 9 57
67 51 124
67 25 102
85 152 276
25 101 283
85 180 390
69 13 109
14 187 376
92 15 108
53 2 89
84 91 224
67 73 141
49 6 61
63 143 320
80 143 229
23 197 244
22 46 77
22 200 261
11 95 219
15 110 130
91 31 147
46 110 156
13 20 110
8 188 202
49 46 112
72 192 272
27 83 125
3 141 151
49 31 94
74 115 220
92 195 458
41 167 215
48 44 169
13 133 170
58 129 193
45 187 233
12 104 118
67 192 282
43 12 160
60 183 251
11 160 221
98 174 301
73 197 301
60 196 259
87 56 146
4 173 181
85 65 194
70 137 215
80 18 216
99 37 138
73 19 97
100 180 300
6 130 142
80 172 253
42 198 245
69 186 262
69 112 208
56 81 185
37 41 245
36 179 240
39 23 72
62 52 122
1 104 113
28 149 186
63 9 83
89 74 197
86 143 230
42 129 194
50 95 150
37 126 182
52 32 92
17 25 48
23 100 165
29 161 219
18 137 180
75 91 184
59 82 147
4 78 114
16 199 229
76 193 296
1 70 74
31 187 252
47 50 233
82 157 258
72 152 270
13 140 180
27 111 277
72 179 327
94 105 209
96 164 368
10 87 113
59 160 226
49 11 61
78 35 282
7 5 12
28 54 102
10 188 248
77 18 126
14 101 119
64 187 293
29 116 249
60 154 221
54 36 99
21 91 143
87 72 186
42 162 212
15 147 171
15 125 178
79 132 233
16 124 147
98 69 167
39 75 160
18 39 94
37 25 71
24 92 170
42 17 204
3 84 96
14 75 119
91 148 291
51 111 171
71 28 107
25 60 122
78 144 257
11 109 150
85 105 229
41 200 265
74 60 137
13 123 186
53 163 262
71 87 188
64 190 259
23 158 193
59 16 171
42 190 278
99 96 226
68 81 151
48 168 225
95 14 168
19 68 96
87 129 223
96 110 212
77 37 165
13 119 141
77 56 175
56 156 240
47 160 209
26 85 112
92 141 262
65 16 84
76 76 190
31 195 232
80 158 245
11 110 129
67 101 221
58 199 434
66 16 99
19 131 158
98 84 189
55 167 223
16 64 209
15 127 170
25 31 65
53 58 202
78 118 203
70 161 253
11 56 114
96 196 301
72 47 125
1 197 198
58 14 81
62 64 305
93 19 114
27 173 336
31 72 129
25 3 37
11 145 200
59 188 278
74 117 192
96 28 129
97 181 293
63 134 247
6 190 221
86 154 259
27 23 91
59 28 96
1 51 189
53 65 123
85 35 240
9 22 172
15 108 132
28 83 167
13 45 72
84 143 237
58 185 247
66 131 379
74 164 239
25 185 218
63 183 251
38 82 294
43 134 204
78 65 153
85 83 178
64 140 204
94 143 408
63 135 279
48 96 340
16 195 222
91 91 197
25 60 132
54 45 188
97 165 343
25 112 147
61 132 228
8 99 115
86 192 311
37 153 213
3 63 261
19 57 106
2 84 96
68 52 168
73 65 139
46 160 245
20 16 41
7 83 100
58 139 210
70 118 192
55 138 340
34 141 177
69 0 203
22 95 135
62 29 95
97 16 296
30 5 71
62 149 235
34 177 255
57 88 296
32 74 236
31 110 302
89 3 110
100 160 261
1 66 69
81 119 375
62 93 179
40 136 291
6 118 138
55 91 269
51 59 169
71 168 412
87 182 297
75 61 142
98 28 303
87 15 108
92 5 100
53 117 175
16 91 299
71 41 153
68 59 287
14 122 252
66 9 170
76 193 307
44 191 255
6 89 105
81 194 358
80 185 301
71 8 124
36 29 74
12 178 191
45 36 129
56 95 198
54 113 176
29 120 156
4 113 127
15 107 262
73 171 378
54 42 145
71 43 261
64 148 388
12 25 47
24 42 73
40 165 211
73 169 250
80 84 211
17 135 192
15 86 106
24 26 53
21 119 151
1 52 77
73 123 368
15 174 377
7 191 243
66 51 117
68 94 235
45 61 115
54 16 95
87 81 172
11 8 23
78 21 101
78 144 228
55 131 220
65 28 197
10 178 196
69 113 183
15 148 170
42 80 129
33 139 216
16 107 126
39 101 148
35 176 216
1 137 143
14 2 48
14 46 61
26 65 114
62 141 213
93 124 226
65 115 356
48 102 172
35 174 235
87 118 212
29 110 158
11 11 75
82 96 342
9 114 130
98 136 331
34 46 248
36 140 183
4 180 187
38 145 187
1 159 165
69 114 330
41 49 110
14 26 48
33 20 54
30 67 296
14 181 236
70 197 438
94 132 274
8 151 193
67 174 245
84 185 280
3 157 195
91 162 300
62 132 242
94 126 221
57 133 225
91 185 332
73 173 246
18 23 110
51 18 71
68 2 80
95 134 275
66 150 218
38 40 169
21 138 165
83 193 304
68 51 124
97 156 257
80 77 164
45 173 225
1 154 285
36 92 129
74 141 215
67 46 126
98 11 116
89 42 165
99 123 337
92 19 147
53 3 115
77 66 166
55 107 169
83 10 173
14 192 305
96 57 156
82 24 107
64 49 209
39 159 398
86 34 126
9 26 36
55 140 323
56 125 381
56 200 303
92 57 154
47 32 101
63 126 189
65 99 167
22 21 48
3 140 199
99 102 230
72 6 80
51 200 254
1 200 235
18 137 158
28 70 146
32 66 121
47 197 273
87 38 225
77 82 202
42 135 193
46 134 182
59 53 132
16 1 25
99 35 138
68 121 189
58 191 395
20 61 155
16 49 205
15 30 45
31 2 37
17 36 73
91 159 294
56 29 125
35 82 124
6 74 84
5 76 277
62 122 192
78 39 200
78 11 110
79 31 254
25 114 178
36 167 361
68 107 177
35 179 220
93 109 337
17 9 26
70 170 248
20 7 215
20 146 175
56 10 73
61 141 217
62 199 264
77 77 168
74 190 361
1 167 170
37 132 175
4 112 117
75 15 228
68 191 283
75 58 152
18 84 245
57 56 150
7 112 146
22 19 46
5 108 132
16 45 84
79 10 94
9 141 267
20 155 338
57 68 125
1 141 142
36 64 127
44 166 365
26 197 310
13 27 69
60 148 376
46 113 308
60 115 176
50 138 191
18 45 79
41 188 239
95 14 252
19 35 75
89 62 152
74 15 105
95 55 185
67 143 257
94 168 281
18 156 270
52 107 295
62 51 124
94 27 141
9 64 81
45 85 131
44 13 105
21 86 181
96 191 294
21 173 203
77 94 187
74 192 426
82 145 395
52 34 90
27 85 300
2 68 85
30 65 116
5 67 84
10 165 301
82 50 160
40 33 76
70 146 226
90 104 202
40 44 95
68 9 82
73 65 243
100 171 293
5 52 63
22 115 268
8 180 374
15 28 53
47 45 97
64 64 134
28 52 84
23 182 210
96 86 229
20 143 188
43 89 301
55 184 241
17 155 201
87 63 158
38 137 330
49 67 154
48 11 59
77 170 282
92 163 265
99 149 263
89 39 128
19 22 144
4 105 159
89 33 127
32 113 204
48 33 84
96 178 287
47 22 71
5 56 206
64 9 121
91 200 298
6 62 103
60 13 73
65 88 240
38 26 98
55 91 148
37 30 95
45 153 210
21 146 345
53 118 209
85 193 286
24 125 149
1 126 130
11 124 144
87 84 239
54 61 260
5 173 197
96 154 425
59 45 153
76 124 230
90 105 197
67 175 299
36 10 52
54 71 128
71 138 212
50 137 201
100 179 372
93 10 278
55 1 65
8 95 113
53 99 190
7 101 134
22 113 327
47 69 125
33 175 321
63 161 252
7 25 32
14 84 111
37 135 172
90 61 277
48 27 120
20 94 122
79 69 161
51 52 152
40 48 259
36 173 214
13 126 303
86 141 227
4 54 59
91 127 265
54 136 197
99 119 225
2 27 33
68 2 95
14 60 143
85 69 249
27 84 126
27 120 284
57 1 66
43 135 180
79 83 171
90 153 251
35 49 90
44 171 220
2 143 236
42 50 231
16 45 62
41 39 83
44 111 284
6 44 61
25 184 346
60 157 408
12 111 127
13 42 58
62 142 212
42 96 143
16 129 215
80 157 302
72 26 159
93 26 123
24 173 228
27 126 165
44 185 232
79 139 235
30 160 224
16 195 215
72 54 131
52 134 192
44 67 186
75 84 337
15 66 134
75 88 173
68 198 283
57 16 107
23 41 258
97 96 204
88 196 468
37 5 62
74 119 202
47 76 173
16 103 138
6 21 31
45 123 210
29 174 204
32 181 219
76 166 249
49 134 189
100 22 124
87 93 194
38 177 223
52 112 200
64 148 295
50 25 76
73 57 134
8 183 225
64 72 173
77 151 426
39 110 156
42 84 134
92 99 373
58 15 136
99 86 304
47 108 158
75 10 93
74 54 144
39 65 105
85 144 249
5 34 167
69 99 208
25 123 157
37 122 289
67 81 237
24 37 71
3 51 75
54 30 132
27 59 94
35 78 119
6 44 70
85 22 127
35 11 53
20 47 96
22 26 49
23 21 48
64 176 241
37 9 65
27 134 169
29 28 64
86 82 177
31 115 247
81 81 222
29 114 153
27 153 184
66 91 167
42 123 193
65 27 98
88 195 462
5 149 163
13 12 30
46 171 217
20 194 218
86 148 255
47 131 258
28 28 58
95 78 209
78 137 215
22 122 184
62 85 247
2 197 242
81 57 144
10 159 252
6 181 198
79 0 85
53 103 182
98 160 451
71 67 146
61 15 106
96 197 308
7 89 187
97 180 283
80 81 242
22 11 63
29 25 60
78 26 109
25 91 157
16 25 47
48 110 330
99 78 177
15 108 124
33 4 42
65 46 141
97 155 316
89 71 271
59 83 182
73 160 243
74 151 264
96 94 211
4 109 282
99 84 189
23 59 117
67 89 300
32 168 211
13 19 48
50 73 206
28 183 404
89 172 271
19 139 305
77 158 258
10 84 98
99 52 164
15 120 143
78 50 134
69 131 200
58 59 143
45 131 314
73 119 196
61 149 396
15 22 37
49 149 240
80 167 383
67 164 248
86 113 245
83 77 200
28 29 61
39 52 93
52 188 330
81 8 198
37 73 146
23 142 294
29 28 90
57 28 85
6 166 202
100 30 323
37 89 155
90 70 162
74 180 297
37 142 219
52 195 432
45 165 337
3 196 204
29 17 82
50 4 59
39 148 195
99 113 215
93 170 324
