940
44 198 267
68 4 155
77 153 267
49 164 275
51 136 191
75 49 136
71 56 129
45 107 158
32 87 295
93 50 177
67 29 98
7 192 215
16 88 111
84 19 112
40 115 168
2 59 201
95 56 161
40 183 311
62 62 130
1 186 202
5 100 112
42 127 266
82 25 112
13 41 58
56 2 93
28 45 266
35 69 289
56 85 179
84 21 110
17 192 218
17 65 86
94 44 147
55 29 84
27 119 179
46 74 152
85 7 212
91 142 412
14 186 204
52 30 87
56 150 322
55 78 138
66 7 77
51 46 107
74 174 317
38 63 140
54 176 267
90 191 291
13 176 198
35 133 361
99 100 213
12 131 205
93 112 230
1 83 98
90 74 169
10 57 177
34 53 132
90 0 102
49 91 158
80 150 279
48 104 159
15 71 136
54 132 215
99 100 249
32 93 287
63 103 211
25 142 170
12 182 327
72 70 143
88 119 254
86 74 244
77 134 214
34 93 174
6 26 37
13 53 112
23 143 168
9 27 44
11 16 34
92 115 212
17 81 142
37 90 129
82 143 385
20 86 110
68 180 422
39 178 250
67 137 214
51 192 245
43 50 180
39 143 187
16 163 184
82 1 114
30 71 106
20 4 112
62 55 127
72 118 197
63 176 248
49 128 226
39 198 286
25 54 88
24 62 89
86 159 392
75 149 313
86 192 290
11 55 80
7 191 206
36 35 72
52 184 243
58 64 138
80 113 335
24 105 131
95 60 164
37 164 245
19 170 199
100 46 152
56 25 87
39 191 236
76 57 241
11 132 168
78 90 173
92 50 172
13 110 161
65 157 226
15 112 128
10 91 259
23 55 266
2 11 131
24 11 35
93 198 293
55 185 247
4 47 91
13 63 119
32 43 82
76 72 196
69 6 168
3 15 45
97 0 152
89 135 253
91 179 289
92 24 118
14 107 137
46 16 85
32 128 293
87 26 116
86 160 269
56 29 86
35 99 171
41 102 151
67 162 229
12 147 163
7 68 201
36 133 175
37 138 181
11 25 42
71 190 285
14 91 284
77 35 170
11 122 140
82 129 256
46 73 145
7 186 194
80 149 262
7 30 107
52 143 197
8 14 48
56 113 180
32 141 306
18 66 204
70 190 260
66 146 224
36 198 242
96 172 294
63 137 390
83 152 236
22 71 94
96 141 274
97 31 187
76 188 337
75 25 104
96 40 138
64 10 76
69 2 267
24 23 52
26 70 124
32 152 235
47 198 255
72 110 220
80 175 291
33 37 73
79 96 180
67 28 108
67 156 287
53 156 239
23 115 147
80 154 269
75 70 157
91 141 235
29 34 246
13 176 277
49 123 173
42 105 294
3 186 195
3 63 137
33 89 156
28 124 161
98 60 263
10 116 132
97 199 344
56 127 227
88 162 259
64 131 214
76 197 319
77 132 229
23 182 208
41 186 362
70 183 345
20 197 393
19 46 83
84 192 284
88 91 364
9 161 179
2 10 177
27 111 181
43 191 243
94 88 185
6 89 98
71 165 364
12 175 191
69 134 235
74 126 215
66 72 142
68 1 94
17 141 181
14 8 66
1 120 268
93 141 310
77 172 278
75 136 264
2 32 44
58 154 374
41 22 83
11 47 67
10 44 65
15 34 84
71 12 110
15 23 39
10 64 80
98 125 229
60 168 341
45 80 143
77 169 332
56 81 150
72 166 408
91 149 426
41 58 111
11 170 188
23 166 193
50 136 265
85 137 322
91 105 342
32 133 175
94 193 445
53 74 159
14 163 181
53 149 344
10 91 139
11 176 265
46 142 278
100 16 123
43 53 148
9 97 130
10 35 47
12 131 154
27 67 100
89 183 374
44 189 238
42 59 159
81 72 184
23 80 137
62 45 112
94 67 164
62 185 274
15 61 100
8 52 147
13 121 202
18 24 165
32 192 234
18 35 96
8 96 129
34 162 196
85 135 376
1 148 319
12 177 208
99 69 168
76 174 309
32 63 119
60 37 112
73 191 264
39 23 216
88 140 234
83 170 351
84 28 251
41 49 93
97 162 308
32 93 254
39 194 242
72 151 230
90 29 260
76 86 162
81 149 236
50 103 162
21 149 177
44 70 122
36 167 205
7 5 36
79 141 237
25 167 224
38 136 210
7 79 110
47 140 218
64 107 176
11 158 178
21 105 138
52 94 191
28 20 59
86 122 273
55 19 74
74 13 240
16 44 61
7 103 210
58 98 178
34 176 218
49 19 95
62 125 197
91 57 193
31 56 238
87 104 198
84 26 120
96 118 247
54 42 128
21 68 131
48 68 123
93 125 227
77 195 306
42 175 296
6 69 147
95 38 141
100 147 262
42 154 259
91 200 335
15 19 39
98 124 295
38 87 148
61 54 234
82 31 145
59 102 169
58 199 260
84 29 121
75 174 416
54 177 236
11 2 161
71 105 276
75 22 165
35 101 149
30 91 128
92 89 190
37 174 259
75 199 308
19 180 212
59 40 156
14 96 138
69 195 308
73 178 447
55 28 91
76 93 177
58 141 209
2 167 361
72 25 100
96 151 257
71 164 281
7 99 109
46 4 136
73 195 284
48 58 115
49 89 156
27 120 196
98 150 263
64 183 362
48 0 78
29 111 148
85 164 384
52 98 197
86 5 96
72 67 277
13 50 68
32 160 201
68 86 184
22 61 86
51 154 402
17 116 272
18 185 205
65 40 108
28 190 228
43 50 123
43 100 145
20 174 196
14 180 335
16 62 113
34 36 127
9 66 108
21 59 121
30 53 268
33 41 86
56 82 140
76 121 204
99 165 264
5 190 374
74 19 157
71 107 188
94 169 269
65 16 235
42 3 80
47 158 376
62 31 100
26 53 81
10 176 189
46 5 223
45 149 228
45 71 136
88 151 274
42 165 399
77 167 251
66 135 374
25 50 82
38 46 249
66 74 182
1 17 21
68 78 148
15 107 131
15 170 226
49 55 108
44 164 235
93 51 243
73 131 212
74 89 171
100 118 394
55 44 193
32 74 112
66 153 221
3 167 331
41 145 187
3 133 153
26 167 237
47 64 145
39 128 175
47 178 292
57 44 111
25 15 40
32 19 52
90 57 188
56 127 225
51 125 176
49 128 186
21 183 232
33 12 68
92 40 139
21 183 242
7 166 273
11 59 72
26 25 96
69 11 135
18 75 140
73 9 112
25 128 256
75 185 442
65 128 274
31 10 44
91 17 182
14 46 65
18 148 273
9 126 137
49 197 273
91 34 162
74 157 237
98 22 120
39 76 311
76 170 259
4 175 223
63 140 250
67 142 219
71 160 236
3 172 206
8 168 266
52 174 286
100 148 255
3 44 51
90 46 139
4 28 63
94 152 256
99 83 220
46 91 144
87 51 140
35 45 186
45 16 70
25 24 54
30 161 194
87 65 161
76 177 256
45 95 158
57 35 92
3 4 198
93 154 251
17 198 220
8 142 151
40 58 142
54 189 251
49 5 175
82 151 269
75 64 171
44 52 101
52 144 390
94 124 305
99 4 104
100 183 288
20 90 114
97 30 165
93 144 240
54 85 162
73 32 289
81 175 302
15 171 195
2 190 199
25 27 130
31 20 55
94 30 150
57 124 306
79 118 218
98 187 287
82 3 112
12 187 201
14 40 76
40 79 126
52 180 237
66 137 203
40 0 40
11 93 145
43 160 213
94 98 198
23 172 200
89 168 278
1 45 96
72 87 163
89 188 278
8 54 112
5 176 242
11 9 24
41 172 229
98 142 408
89 121 225
68 199 275
40 170 214
59 91 348
85 24 129
1 92 129
55 43 141
23 7 34
44 137 185
69 151 259
92 164 256
56 154 219
74 99 177
10 194 209
43 20 63
39 136 175
84 174 305
26 162 193
65 180 281
3 139 150
97 19 164
3 130 135
60 1 63
92 69 161
52 123 180
18 44 67
10 32 48
84 19 174
60 31 267
33 0 36
57 33 158
28 176 249
68 72 142
79 42 166
82 200 287
69 86 156
33 45 107
16 85 125
14 157 178
31 92 143
18 172 196
61 114 178
1 108 212
77 77 154
18 189 207
31 9 50
12 131 149
43 115 192
30 108 163
91 32 173
23 181 236
44 77 203
50 41 96
33 125 198
40 13 54
45 59 110
35 41 85
27 38 75
93 185 366
92 38 136
86 36 127
26 8 103
93 190 292
76 78 154
7 199 233
3 27 32
61 170 233
75 119 209
7 112 121
94 63 159
80 103 204
41 100 144
51 193 254
97 65 166
6 161 198
32 67 120
90 184 282
22 76 108
17 120 174
9 91 132
44 121 170
79 65 151
80 104 359
88 135 230
86 174 276
55 125 180
75 179 255
40 179 227
67 39 112
63 20 130
93 77 176
63 59 170
36 98 139
18 179 233
35 69 131
77 163 247
53 80 281
80 106 198
23 113 142
30 162 232
82 55 140
11 148 196
21 196 230
62 172 428
98 135 235
95 178 296
17 113 202
65 12 111
11 1 13
32 106 142
71 107 315
93 72 206
58 167 304
68 79 330
96 37 180
63 25 222
17 81 124
85 196 302
60 105 192
53 183 246
48 162 211
73 169 251
58 94 159
67 124 209
17 105 125
88 109 197
13 133 155
73 141 214
9 186 197
58 69 135
83 119 203
78 121 201
38 101 176
48 12 83
90 53 235
57 41 284
91 199 403
46 156 317
87 193 301
5 74 81
99 180 284
44 19 79
22 164 287
81 38 172
17 46 72
86 156 244
12 180 192
52 111 173
70 166 246
32 69 122
73 51 163
55 154 300
32 193 229
34 185 228
93 110 209
5 36 140
39 167 225
80 134 241
42 172 295
80 15 135
26 44 73
56 134 371
3 74 165
47 137 207
22 159 207
34 3 191
77 124 202
2 5 15
62 109 193
46 42 100
98 78 177
44 15 66
88 136 226
8 96 120
45 83 162
96 123 329
38 175 228
93 70 168
65 33 105
53 28 113
43 185 266
45 158 228
18 96 168
42 99 208
25 34 171
76 94 196
38 174 314
43 151 315
26 32 59
32 118 172
93 115 211
30 199 294
43 125 253
95 159 256
28 146 182
12 112 172
44 4 145
32 171 211
97 62 209
16 195 221
52 188 248
20 169 354
80 185 393
52 158 333
19 81 108
48 32 106
37 173 219
52 104 161
43 111 192
27 187 242
17 182 203
94 168 265
33 84 140
92 166 282
86 111 284
55 1 91
19 43 64
76 181 290
71 96 173
58 139 364
2 144 192
15 110 251
22 147 209
84 34 137
44 174 295
10 191 207
3 113 188
97 95 233
73 160 234
69 89 168
87 81 178
93 110 223
47 125 175
54 109 272
61 87 151
33 188 243
57 15 118
37 15 74
78 48 270
95 121 226
59 168 234
96 158 255
50 63 228
57 49 112
29 151 272
12 123 189
25 27 63
6 11 17
10 166 189
71 63 139
59 47 114
32 156 193
3 198 230
24 16 43
68 174 261
29 114 146
94 197 301
74 66 232
7 139 270
49 151 208
48 173 241
86 138 230
35 200 240
96 39 137
60 150 218
25 7 40
61 71 265
77 4 84
68 63 133
20 10 45
57 144 208
77 53 138
79 159 240
74 7 82
97 49 151
95 102 210
60 84 182
12 5 22
90 47 201
66 104 217
24 126 153
85 125 401
27 158 209
16 37 55
93 184 287
21 144 230
4 42 51
100 40 163
91 197 397
64 88 313
14 13 176
14 64 218
38 29 75
6 66 84
29 62 112
16 1 25
62 0 234
5 51 72
58 111 198
40 4 46
33 74 144
67 147 237
70 143 222
34 157 228
75 68 207
75 75 154
30 194 389
78 117 389
8 9 76
90 68 205
8 88 130
3 39 46
99 127 229
91 70 167
39 143 312
87 168 255
89 157 281
15 157 175
77 88 167
82 146 247
39 126 170
45 182 255
62 80 214
73 66 310
12 121 135
89 11 109
56 57 120
3 7 58
73 9 103
1 167 213
42 199 386
9 75 85
34 166 217
54 90 145
81 146 234
36 86 131
64 3 88
64 51 125
11 190 218
49 91 150
31 91 168
2 113 176
30 135 281
93 10 107
2 15 39
19 32 69
16 139 175
42 68 142
12 139 152
75 184 259
20 161 199
3 195 231
75 97 173
76 175 279
88 21 275
16 178 219
18 50 84
15 8 215
62 36 102
92 94 195
15 57 73
43 93 140
24 33 91
73 64 141
51 47 136
5 84 253
12 5 33
57 41 120
10 41 55
95 97 233
22 1 191
31 76 108
70 53 249
26 79 110
93 4 97
77 189 268
46 16 239
21 139 220
41 52 108
23 51 77
55 63 118
38 92 132
32 50 122
45 114 188
