940
41 24 244
57 177 239
4 112 145
35 110 182
19 27 235
68 88 162
96 163 289
55 100 249
76 57 139
47 50 102
82 5 96
69 22 194
61 44 131
92 183 328
15 49 70
69 113 186
79 123 206
9 167 180
45 10 58
90 105 337
64 79 145
68 17 90
58 53 127
81 148 281
48 195 280
29 194 383
71 93 172
92 196 328
20 5 37
90 154 419
44 104 177
84 113 205
60 59 122
18 80 100
78 39 126
99 121 252
47 97 147
18 103 317
84 52 301
41 39 249
21 41 68
91 69 287
89 90 187
66 168 260
38 53 94
79 103 192
97 87 341
43 50 103
57 65 125
33 43 123
35 80 303
3 142 154
19 77 102
34 132 175
69 26 107
31 129 188
36 8 190
43 67 114
90 79 175
36 184 299
23 141 206
47 104 349
47 81 144
46 75 243
79 179 267
50 179 232
63 86 151
74 115 306
74 183 257
58 187 249
42 113 194
100 49 153
58 84 142
5 15 21
37 179 231
7 13 102
60 32 125
20 121 141
89 67 189
32 117 158
52 96 153
24 191 215
89 29 311
62 181 252
44 142 222
51 148 213
77 43 199
33 36 72
84 4 119
55 126 188
52 172 231
20 141 170
78 6 252
27 178 214
49 196 398
58 58 267
87 77 168
75 110 188
41 98 249
3 195 343
17 198 263
32 172 204
2 46 227
42 132 216
15 37 59
72 167 242
81 180 266
59 100 160
7 182 277
24 33 66
5 32 38
92 72 171
94 143 359
57 92 191
68 158 236
65 88 153
30 64 193
47 78 153
30 107 147
91 35 128
50 103 183
100 179 422
100 166 313
85 12 253
36 135 174
95 167 263
48 173 340
85 165 288
64 72 143
43 124 183
2 173 206
41 93 165
97 101 198
91 139 257
51 72 126
77 123 248
64 90 282
96 117 220
63 134 258
100 76 184
65 157 262
39 89 136
68 169 305
45 13 89
76 124 236
50 8 109
63 0 113
92 190 331
64 31 229
44 9 61
35 198 234
97 101 201
68 125 212
79 98 184
18 187 259
94 194 451
96 109 214
40 2 73
66 8 232
88 175 265
85 154 239
91 96 224
26 152 258
24 199 387
85 133 381
96 91 234
46 195 251
75 149 239
87 114 259
77 57 144
67 91 173
54 59 123
43 178 238
68 193 300
13 24 43
69 130 336
24 93 118
94 125 406
54 187 432
63 115 188
7 47 57
78 6 94
53 193 250
100 187 291
77 60 144
79 108 370
36 65 182
67 132 222
56 189 248
62 167 287
30 78 117
90 18 110
32 72 123
91 20 118
42 75 140
71 104 183
72 52 130
28 163 377
31 107 141
64 73 142
50 106 159
4 157 162
87 154 273
51 46 225
42 50 116
91 150 241
7 196 300
61 159 247
93 95 230
91 65 187
79 198 302
96 196 477
48 11 122
9 135 145
47 103 153
62 184 248
31 62 101
50 173 269
23 83 106
40 26 101
10 184 195
61 56 223
3 75 95
12 198 215
2 182 189
27 168 315
67 129 205
3 159 329
12 1 65
7 85 101
38 55 260
31 22 167
94 150 419
39 144 196
49 31 120
65 125 241
100 47 194
16 187 205
39 129 290
63 72 138
53 52 154
87 170 271
24 59 132
89 141 237
96 199 492
52 33 122
91 69 209
61 185 277
28 134 288
82 35 124
19 102 140
29 53 111
100 61 205
17 2 64
39 4 43
36 77 238
95 126 358
82 69 306
75 125 231
44 113 221
77 142 222
62 166 383
71 111 192
24 12 50
31 195 228
5 8 20
52 131 368
91 97 198
54 25 82
33 151 361
33 137 175
14 23 40
32 182 251
54 55 203
17 4 31
75 17 196
63 14 81
81 173 257
15 47 260
41 136 187
41 121 172
40 182 226
34 42 79
7 68 110
15 130 151
66 193 387
43 161 232
68 95 204
16 73 96
63 180 278
82 167 249
35 101 143
34 154 207
61 35 286
18 60 175
93 54 164
32 5 128
93 36 132
64 40 151
6 27 56
7 200 210
68 184 261
89 30 122
8 198 368
1 86 188
11 23 42
77 64 145
33 138 212
80 160 408
45 42 96
1 141 187
14 112 302
21 7 37
39 103 190
77 12 137
80 19 123
83 34 251
9 118 136
44 75 284
26 40 76
95 57 194
18 65 222
84 66 152
18 76 115
94 29 130
36 195 235
38 172 210
72 177 260
42 160 247
87 68 157
39 145 185
54 43 240
54 56 118
96 43 158
3 127 140
41 131 210
74 28 112
86 95 218
69 130 377
80 200 281
28 111 142
92 40 179
64 95 161
46 97 153
36 95 231
50 101 330
66 107 200
29 66 102
14 130 148
45 36 90
5 173 181
43 20 72
33 115 192
48 135 227
23 23 147
67 147 223
19 196 380
30 11 176
32 101 134
57 83 148
89 145 274
11 82 118
24 107 291
41 40 266
90 186 336
88 41 298
15 99 300
79 196 334
41 174 408
15 39 56
50 76 172
73 56 195
55 24 171
92 36 174
23 4 58
75 53 135
88 40 197
10 144 178
35 12 53
53 111 190
76 56 137
16 180 197
46 27 193
79 161 243
31 51 181
35 55 104
25 68 125
73 188 443
62 137 242
28 153 217
76 79 193
92 102 283
51 139 192
23 123 155
92 33 170
19 138 180
69 13 90
23 117 214
56 179 264
44 59 113
69 79 226
11 103 130
98 196 390
12 109 131
4 195 214
24 91 150
61 156 217
25 53 86
69 122 296
66 124 225
36 147 192
61 94 157
42 187 394
91 91 252
25 82 109
39 76 173
63 89 207
91 83 232
67 139 314
25 199 226
96 54 246
73 55 247
77 44 171
95 48 151
79 90 265
89 72 325
1 175 202
14 125 173
90 81 181
39 83 137
88 102 206
34 39 88
81 112 243
45 91 172
92 159 261
70 194 271
43 8 61
23 115 161
60 167 231
8 169 203
66 123 221
73 145 220
99 16 129
32 48 237
32 80 181
56 62 273
95 118 216
39 37 99
8 84 99
14 81 274
66 42 177
51 141 198
99 84 214
10 189 223
40 20 61
36 13 53
100 193 294
12 86 194
86 93 189
5 88 237
22 14 45
25 9 37
49 51 107
53 54 241
19 113 168
29 62 100
90 156 252
12 184 200
38 30 77
20 181 240
39 158 203
36 67 117
18 96 244
77 25 112
86 147 269
71 86 290
77 77 174
58 185 378
17 165 257
89 168 337
3 136 157
24 137 163
68 90 202
24 123 157
25 145 180
46 118 173
57 47 134
8 182 223
4 167 344
59 46 111
69 9 91
14 175 237
49 96 180
74 98 177
29 162 205
84 21 107
25 179 223
100 4 117
44 144 192
69 89 168
52 177 381
68 129 204
95 120 375
2 176 188
4 22 34
19 136 159
3 142 297
88 200 342
96 69 167
66 186 302
50 157 254
3 125 167
9 197 213
15 19 35
89 16 108
72 191 272
72 28 216
82 25 115
29 185 218
74 189 306
1 185 190
41 59 118
40 1 72
97 4 148
81 117 339
82 11 232
60 184 253
37 161 360
64 134 357
51 24 95
95 132 237
11 123 139
72 1 79
4 79 162
47 142 193
75 184 313
42 42 110
95 56 176
93 50 275
12 36 48
14 112 132
18 182 229
5 12 64
60 164 256
43 73 118
39 98 144
82 150 240
80 77 178
5 26 64
73 65 144
76 78 156
68 72 141
21 83 223
44 41 102
9 135 145
40 84 132
89 174 298
44 3 89
10 20 129
40 107 342
50 11 65
48 181 276
23 99 122
96 170 371
71 26 124
71 176 263
96 2 102
88 43 140
37 146 186
77 200 287
64 105 169
81 172 306
63 23 88
87 55 168
64 187 362
34 9 45
54 44 108
72 10 222
71 120 198
29 121 172
18 23 49
1 98 103
57 1 237
73 75 155
34 22 86
43 161 208
16 15 35
15 166 181
38 24 126
98 186 428
36 68 284
28 148 223
99 31 133
75 172 380
72 51 132
53 111 207
21 57 101
22 63 116
55 112 221
29 181 214
62 41 105
23 160 224
35 172 259
64 86 222
22 194 399
39 196 240
10 164 221
51 42 206
60 173 253
85 110 237
13 18 40
41 121 171
60 11 89
57 147 210
79 17 263
35 125 323
18 135 277
67 162 269
47 104 187
49 80 321
45 89 143
21 109 166
19 109 133
30 67 101
11 192 212
28 2 40
66 177 253
65 156 228
76 40 125
91 117 209
64 15 120
98 180 338
72 2 146
79 56 334
98 83 181
63 109 175
19 72 111
72 167 267
50 85 179
80 30 147
1 91 104
68 123 385
68 19 126
61 173 264
28 111 170
63 148 254
74 109 194
32 80 159
2 173 183
29 73 218
26 187 213
40 157 209
17 73 93
42 96 147
51 1 55
14 99 144
90 164 420
47 113 163
71 113 198
27 94 149
32 5 41
48 25 83
51 72 239
82 33 164
5 107 144
8 80 93
89 45 159
28 34 64
1 8 21
17 108 137
56 187 324
33 22 102
24 47 143
21 28 79
73 129 243
48 112 271
35 59 116
58 173 233
18 100 124
31 19 78
19 82 138
39 102 143
91 189 297
9 161 210
97 15 160
100 160 357
100 50 313
55 184 266
44 99 145
73 124 305
88 9 170
52 110 227
38 43 124
94 7 108
94 179 449
67 176 380
71 127 217
38 36 78
70 107 192
67 131 356
67 13 87
71 90 169
49 70 140
95 126 265
63 190 291
7 107 255
18 152 187
48 50 103
12 110 144
94 5 147
67 78 153
73 22 97
21 22 44
56 132 194
53 40 132
9 149 168
73 166 393
72 154 242
51 82 148
58 158 218
28 65 96
89 171 265
90 185 285
79 37 228
18 28 49
4 56 77
34 142 369
71 131 241
64 198 263
14 154 172
76 200 320
93 74 365
92 3 257
21 103 127
42 22 193
21 48 74
45 64 155
23 70 103
81 192 278
50 18 76
5 112 216
40 77 310
10 164 174
52 85 140
33 131 359
84 165 251
97 134 382
59 159 385
68 142 211
74 199 317
77 167 272
91 185 325
8 132 168
77 73 345
23 157 183
100 174 279
90 68 168
94 51 231
88 180 289
71 64 139
51 33 87
47 154 322
54 13 68
44 61 105
91 99 268
66 151 238
95 66 164
33 36 218
50 138 235
92 182 293
66 121 191
97 23 124
7 69 125
87 64 156
88 192 468
58 40 99
81 31 249
77 64 316
1 39 154
90 193 322
91 41 242
60 132 200
59 131 220
95 100 202
44 188 233
65 134 205
80 50 134
64 168 300
22 175 273
32 111 146
93 94 195
61 74 140
21 198 228
84 153 266
27 32 64
75 158 253
94 85 203
27 119 156
23 28 182
62 2 222
28 115 182
70 6 86
32 72 118
52 51 151
13 167 218
51 199 252
47 66 311
2 19 50
72 168 272
61 182 275
50 195 255
47 105 213
81 22 110
46 111 188
40 28 69
49 27 95
46 40 111
68 76 150
21 139 168
17 163 209
25 133 163
78 136 214
70 136 228
41 81 131
71 93 166
87 54 170
6 70 85
50 17 105
8 68 126
15 118 141
67 105 173
56 65 122
25 26 55
19 66 93
52 175 231
86 120 251
38 2 50
66 175 424
2 178 185
33 90 175
71 119 228
84 192 299
50 89 142
60 65 131
52 41 100
19 121 141
59 188 332
18 190 210
87 60 150
16 101 237
12 65 87
32 168 220
27 38 66
19 79 101
45 131 193
14 200 215
36 2 47
37 40 77
38 68 153
88 96 381
61 114 176
49 189 299
99 122 257
58 20 82
82 7 280
60 27 90
63 156 221
17 193 255
10 59 71
13 10 83
15 141 166
1 166 173
24 100 127
5 109 279
76 114 197
78 89 269
29 184 358
4 10 15
34 32 74
74 171 273
36 196 365
47 75 130
5 111 166
32 99 137
66 33 231
24 109 133
92 62 347
70 126 240
42 122 175
87 128 224
34 22 60
99 70 177
95 69 188
50 100 195
51 118 177
10 156 166
63 132 244
20 72 124
97 45 152
84 21 289
88 107 332
46 107 154
95 131 380
11 155 187
13 140 316
63 119 240
2 50 101
36 73 157
76 49 159
6 84 98
26 195 228
79 148 420
74 135 216
85 110 197
4 143 149
82 31 297
43 23 68
68 104 176
32 173 384
82 16 270
65 20 94
30 129 268
81 190 273
51 77 151
53 4 151
42 104 204
85 156 271
17 142 343
62 154 244
10 108 126
64 99 338
8 9 38
6 150 161
98 108 237
95 118 263
38 160 201
77 7 245
23 152 177
14 153 352
88 94 214
