100
23 5 42
15 39 157
8 7 162
90 173 268
54 164 235
91 82 198
30 60 92
54 186 346
1 200 214
74 163 242
1 113 131
59 191 263
24 36 70
50 0 54
94 199 306
50 158 385
71 138 218
93 102 305
48 143 209
63 123 197
45 78 128
35 160 265
94 50 149
47 126 192
55 110 175
86 129 224
76 18 96
56 157 376
31 126 264
60 78 227
55 57 193
67 176 246
13 153 306
98 14 269
46 74 124
74 56 133
94 165 284
12 174 234
15 87 216
91 148 242
32 53 99
93 95 231
46 84 135
37 151 189
72 13 107
50 147 205
88 192 281
87 26 154
82 24 110
21 168 202
43 95 147
98 90 235
60 28 130
2 0 8
19 116 150
93 35 133
88 148 246
74 120 231
17 19 68
46 74 121
23 134 165
59 142 247
19 141 172
86 72 200
44 108 199
36 65 262
58 174 251
6 29 36
70 87 275
48 56 121
47 45 269
31 28 59
9 199 244
6 187 198
85 12 102
19 33 65
14 181 203
24 58 272
74 57 272
68 146 214
82 108 240
83 132 328
61 92 332
76 4 89
66 83 167
100 142 277
50 150 202
90 155 245
94 65 167
79 108 203
71 152 395
94 84 184
37 114 337
11 164 204
87 180 276
57 39 98
43 48 213
89 141 421
83 74 214
71 155 276
