70
71 56 164
64 196 293
30 89 211
91 115 209
40 188 297
6 13 33
83 48 156
27 174 232
44 126 175
94 184 332
49 56 107
84 42 292
16 97 120
92 89 224
85 141 233
45 166 233
13 186 236
82 1 124
84 45 133
60 115 278
37 162 203
4 7 12
1 142 157
35 35 115
30 9 151
9 91 107
98 74 179
5 38 53
29 14 53
24 25 80
49 50 135
72 40 118
8 78 121
81 17 198
85 152 257
97 128 365
87 93 189
93 153 254
86 101 188
41 104 154
77 109 368
85 63 170
50 74 130
12 71 225
84 162 284
82 148 238
38 39 119
48 0 57
26 57 210
62 29 100
27 62 90
14 147 165
96 118 218
43 173 236
8 123 145
57 165 262
84 61 154
24 88 198
72 97 176
42 61 105
83 24 298
64 168 237
99 192 326
20 131 173
21 71 122
56 96 201
46 53 279
87 129 234
78 48 127
68 95 260
