220
27 172 202
66 28 159
51 172 263
92 151 384
23 5 221
32 90 211
86 74 183
24 198 416
87 123 216
68 129 199
67 173 320
20 139 164
98 49 151
76 37 291
12 129 150
31 27 62
97 107 295
25 138 171
87 110 207
1 144 153
61 21 102
66 123 195
36 99 191
46 43 121
13 54 155
4 194 207
15 45 62
38 29 126
65 47 248
20 12 62
85 118 272
6 163 341
52 8 60
75 63 138
65 81 148
47 41 273
25 108 203
92 146 271
50 50 131
13 192 378
48 33 87
21 1 24
95 27 137
65 163 323
93 104 233
25 90 115
90 144 252
40 115 167
64 173 239
19 171 212
41 96 148
8 116 132
38 159 226
30 69 141
16 181 199
8 81 139
64 185 420
7 118 182
50 188 346
91 49 152
84 15 104
2 182 192
80 65 153
40 167 216
25 180 245
9 190 206
78 62 241
38 116 235
98 3 179
42 133 181
3 173 214
72 164 407
74 128 242
42 20 178
46 194 245
62 97 160
2 51 101
26 115 145
49 45 103
23 56 107
62 174 241
9 129 145
80 35 161
49 92 148
75 162 272
36 64 107
3 36 171
91 159 297
1 113 314
14 22 51
49 58 191
51 88 157
16 188 212
49 17 73
63 32 212
70 162 238
42 13 84
70 69 141
90 143 237
20 37 131
63 197 267
17 84 101
3 99 210
74 82 160
19 92 272
41 70 117
56 129 192
77 200 320
47 147 297
42 47 94
32 185 231
95 37 156
95 169 287
28 86 142
66 139 337
52 196 253
37 78 220
34 53 91
24 26 56
72 197 273
96 85 265
66 123 290
56 104 325
73 4 87
98 169 326
40 17 60
80 115 195
55 49 127
93 145 241
62 180 250
71 128 201
6 99 298
48 50 98
82 1 93
64 45 116
83 87 196
31 87 120
69 118 187
12 43 239
67 154 362
98 95 242
9 11 66
75 17 104
49 32 125
34 162 370
34 139 174
87 52 146
83 172 265
81 43 130
58 176 417
46 156 230
51 99 284
83 3 156
100 200 313
87 188 415
100 119 248
60 191 253
55 178 240
93 98 195
71 143 241
45 108 163
41 94 180
62 3 69
5 26 209
18 184 239
15 91 301
79 93 174
53 126 185
14 117 167
95 193 297
31 112 181
46 112 288
76 86 192
28 84 115
26 88 174
52 155 211
42 115 351
74 21 134
60 72 147
20 16 117
46 129 176
2 22 31
67 167 236
43 69 119
44 154 314
37 141 191
38 62 148
14 176 234
50 74 135
41 104 166
11 70 117
56 26 174
51 23 186
11 23 41
50 121 182
51 29 110
79 76 160
57 133 195
79 29 144
50 161 211
30 67 110
36 72 132
9 28 39
49 115 208
6 36 47
23 76 106
87 167 259
58 149 228
7 105 163
22 7 32
98 78 189
33 121 164
100 149 274
18 178 362
7 66 131
60 124 383
61 165 240
11 123 143
86 25 245
18 129 178
