200
46 66 121
47 81 184
76 105 341
2 37 56
68 95 168
71 3 89
85 24 126
9 95 153
41 171 291
87 51 145
23 161 376
86 98 343
54 22 86
89 176 306
64 10 79
74 15 117
91 195 468
23 29 52
7 170 186
87 183 276
57 194 348
79 105 189
33 1 192
68 175 271
82 118 200
96 2 105
11 24 147
10 162 333
80 182 271
82 185 268
26 162 329
70 84 156
28 157 201
17 162 192
74 132 283
99 27 136
97 138 370
4 53 64
63 75 141
9 52 230
44 116 162
9 193 234
90 91 182
45 180 403
1 170 171
72 52 128
65 45 123
69 2 74
12 166 252
84 131 217
46 65 130
98 104 231
16 19 40
18 163 197
23 46 102
97 184 293
65 10 115
56 37 113
28 138 295
40 113 193
39 116 158
12 154 200
76 63 304
20 19 88
6 136 182
85 118 229
3 133 139
28 150 210
79 117 270
87 129 223
83 109 198
12 190 216
7 15 30
79 145 227
31 179 247
4 1 34
42 148 192
42 108 179
40 112 158
3 63 80
9 149 184
90 137 246
66 5 72
89 118 301
54 0 81
81 41 152
55 170 415
5 41 50
41 4 94
97 166 264
25 38 73
45 62 157
10 185 319
27 40 72
95 88 222
72 14 87
10 160 200
99 181 330
50 76 129
55 107 171
62 40 102
31 139 344
39 38 113
23 159 230
52 157 218
40 157 240
10 106 117
46 149 198
6 191 218
8 111 184
96 176 275
45 13 82
52 7 59
14 127 185
94 2 106
4 180 211
82 152 431
74 88 171
27 62 98
54 96 164
24 57 227
88 176 305
19 167 223
19 92 116
72 104 372
25 138 185
11 126 233
26 31 67
96 100 201
81 24 112
1 112 118
90 83 264
18 44 70
63 60 268
55 199 259
19 104 156
74 109 183
18 34 212
28 98 193
97 197 298
80 34 120
65 127 247
26 97 123
56 10 150
50 81 131
49 61 227
46 104 337
44 36 80
100 131 244
27 146 212
96 193 299
95 97 361
63 4 80
77 175 272
52 156 363
32 120 289
37 13 63
78 44 307
58 162 254
2 68 95
49 176 230
77 60 239
22 16 40
4 0 10
70 40 162
67 181 339
13 140 170
64 73 170
99 124 232
40 69 117
70 38 111
16 134 154
91 69 355
30 24 229
83 143 239
92 39 134
56 6 193
5 172 217
92 180 361
40 64 111
50 95 154
10 48 79
88 16 284
96 136 234
8 53 63
49 177 242
60 95 195
31 79 195
77 198 282
33 125 158
67 199 269
20 164 218
18 128 265
41 41 85
8 78 126
51 70 152
28 17 217
12 42 94
93 23 146
19 33 61
