550
64 68 146
40 29 117
93 113 299
51 75 132
64 167 276
94 80 245
46 102 156
97 27 128
97 64 248
61 15 113
26 183 222
62 78 225
95 44 145
57 127 376
5 32 69
42 2 76
33 139 199
18 156 267
12 52 135
35 109 163
46 144 199
88 139 271
77 43 232
32 58 93
100 79 181
83 13 102
32 32 120
5 128 228
81 80 162
6 2 187
36 17 86
76 33 148
70 50 234
5 3 12
28 187 408
16 17 190
73 2 81
45 50 195
70 54 272
42 97 300
90 71 163
88 64 296
51 114 181
65 138 224
27 116 147
93 182 277
50 157 235
34 69 106
20 146 188
25 32 57
61 181 258
5 52 95
13 188 312
69 182 259
4 130 319
76 88 181
32 60 113
60 28 241
67 185 265
96 76 181
27 41 186
43 77 137
94 21 120
8 141 159
21 6 35
14 59 75
26 149 182
19 189 214
57 132 194
82 82 171
75 123 207
27 134 207
12 128 213
94 126 230
14 69 221
3 69 212
90 39 136
61 12 80
24 191 218
84 77 205
50 182 242
7 64 79
17 5 22
87 197 434
29 4 40
41 142 185
48 100 176
51 81 172
44 127 190
61 34 178
23 185 211
80 125 210
82 22 188
28 30 66
50 50 231
89 25 159
1 150 151
55 47 273
54 187 395
18 140 167
97 80 183
92 107 206
38 38 99
66 18 284
53 134 188
73 192 352
71 127 199
38 141 194
43 174 395
70 152 236
37 177 219
70 22 99
85 69 327
100 24 128
31 138 173
65 122 190
77 118 205
3 48 234
4 98 128
30 191 224
22 86 155
1 4 10
67 161 243
96 68 171
60 33 94
10 57 73
57 78 173
27 15 69
72 40 210
6 6 14
79 22 115
60 161 236
43 73 126
73 180 258
95 80 184
51 4 69
29 134 167
96 155 259
74 2 82
54 138 193
32 23 103
65 80 150
74 175 254
50 143 200
32 38 241
91 57 148
62 40 110
59 197 274
42 150 199
62 54 306
97 84 207
3 140 152
16 38 103
82 87 172
75 132 238
65 140 372
26 114 183
94 82 178
21 8 62
37 200 240
66 64 135
29 198 238
38 86 135
18 102 186
24 142 312
39 190 420
23 146 236
47 176 231
86 100 190
41 99 145
54 140 267
21 31 100
69 139 213
93 109 238
75 168 248
56 130 186
1 131 179
94 21 116
99 98 205
30 97 152
70 194 272
50 144 210
26 141 189
85 107 195
94 34 251
5 180 319
98 37 254
95 21 126
65 120 192
99 125 347
78 15 130
97 125 223
33 197 237
5 149 196
63 39 105
5 7 25
76 126 202
87 93 197
85 12 107
41 191 409
99 187 435
67 122 189
96 46 152
74 141 265
69 133 231
77 6 87
31 41 89
86 6 133
4 143 287
27 16 116
41 31 73
62 149 280
6 46 53
82 89 194
46 194 365
6 140 191
84 23 113
44 155 242
79 144 273
56 146 353
15 153 178
15 25 160
89 70 177
77 91 207
47 180 273
62 134 205
85 109 200
56 44 122
67 55 125
2 155 178
65 196 405
81 51 141
64 103 189
36 135 171
100 155 385
92 159 263
87 13 237
74 197 293
40 26 115
51 199 380
68 73 149
46 38 126
68 188 303
3 155 165
65 32 107
97 89 337
44 149 194
79 68 197
88 118 206
69 115 216
1 150 155
96 183 326
14 72 119
81 23 153
37 35 82
37 141 226
21 99 129
53 119 324
51 191 244
62 9 78
39 74 116
55 149 205
2 2 52
32 71 104
66 161 236
93 36 150
25 144 174
18 30 89
12 181 284
6 32 224
85 185 279
66 15 94
36 107 184
100 62 165
39 103 171
82 115 367
6 9 24
42 140 261
46 15 62
24 189 221
48 178 228
40 177 237
52 60 204
36 50 98
77 113 220
84 39 128
28 43 79
36 132 178
28 110 288
88 22 216
29 51 120
7 132 269
82 191 392
16 132 148
31 160 194
24 35 175
1 60 151
50 170 275
73 174 247
91 165 256
94 175 308
87 24 117
95 67 163
79 2 210
26 17 55
25 40 74
41 97 187
65 72 142
32 101 139
26 144 205
38 32 248
12 171 194
41 47 121
64 126 194
17 84 118
67 95 165
71 136 218
12 200 218
74 121 243
86 26 115
56 35 99
14 62 87
37 134 190
51 175 254
79 118 200
10 101 115
78 160 312
91 16 157
88 57 170
47 141 193
80 123 207
68 53 215
90 129 223
84 139 223
28 197 231
11 150 201
23 65 220
61 66 137
67 171 251
23 146 207
35 0 52
26 117 147
24 101 161
11 162 241
49 139 287
34 19 61
38 87 151
73 80 158
23 2 30
27 9 209
67 158 389
7 52 173
18 168 235
43 191 332
44 162 228
42 57 125
70 115 214
38 53 221
75 39 123
76 11 196
12 187 214
34 189 405
7 189 390
94 39 142
17 139 166
54 46 105
35 43 86
71 185 265
25 53 252
63 77 151
92 98 234
47 41 134
55 200 439
100 94 218
44 14 64
57 138 195
83 168 282
49 93 163
54 145 303
4 25 52
89 18 122
29 51 80
72 54 153
84 103 273
17 93 119
29 11 65
95 13 110
18 180 361
57 93 151
21 59 83
57 195 279
93 132 259
81 22 107
23 62 109
10 21 40
90 98 221
44 95 143
53 170 230
50 153 242
46 1 129
42 0 45
72 185 257
98 67 318
33 91 168
55 109 181
25 3 33
17 148 217
84 104 194
100 39 154
77 0 80
43 84 141
73 34 118
73 131 248
8 163 217
7 88 102
99 61 168
82 102 220
21 29 86
94 53 319
36 127 171
98 115 220
13 187 207
82 117 249
2 35 169
66 150 258
17 175 193
98 99 230
56 83 163
6 194 202
21 69 103
17 172 194
17 89 113
43 64 266
91 82 174
25 3 29
76 56 162
32 107 331
79 146 231
81 33 151
84 19 162
55 153 208
76 83 357
92 69 171
72 198 284
18 20 41
52 105 191
75 101 196
98 144 311
81 55 167
26 76 104
56 101 159
100 200 378
34 142 177
79 139 411
18 48 66
1 136 144
25 96 123
77 22 106
41 79 152
1 86 137
4 133 311
65 37 135
99 75 179
17 36 65
5 48 208
87 104 220
50 30 124
17 103 128
32 180 262
75 138 353
95 38 143
99 165 264
86 103 189
79 187 288
22 36 58
5 73 124
74 170 325
47 152 205
72 119 222
8 165 183
34 72 110
57 140 202
60 5 104
15 170 202
29 172 349
74 112 188
52 97 281
53 139 388
82 174 258
60 16 83
28 23 74
89 147 250
75 183 296
8 10 24
37 191 229
24 24 62
81 127 239
24 93 218
55 177 235
14 113 128
65 186 279
81 37 124
12 91 108
28 69 117
45 165 214
73 30 123
69 24 93
92 75 217
75 170 282
35 180 243
89 102 198
19 113 146
90 179 278
43 14 60
67 192 436
81 196 442
86 18 134
7 120 152
7 152 166
37 115 154
48 191 394
8 192 204
18 16 83
63 58 192
2 160 300
46 21 81
22 163 221
56 159 220
25 127 173
55 127 192
60 35 259
57 168 275
69 103 173
26 116 192
10 148 241
61 145 215
33 136 173
57 131 197
8 38 239
23 177 262
73 189 270
5 47 58
28 138 189
18 199 227
8 80 90
95 163 307
66 102 201
80 68 197
32 5 82
32 25 137
