760
56 95 157
10 59 126
85 38 165
43 101 266
82 106 194
45 56 134
14 16 204
98 49 149
74 157 240
98 122 230
89 60 159
12 101 119
51 56 114
47 27 75
48 126 197
57 36 137
63 200 438
44 146 216
16 200 220
54 101 159
41 28 104
97 14 116
33 80 182
39 160 228
40 128 176
54 127 188
8 33 41
38 89 128
77 200 450
40 35 83
7 15 146
52 42 137
36 46 90
46 34 83
37 185 232
56 83 154
94 150 432
79 15 104
16 67 269
15 147 179
49 3 177
81 6 246
71 143 214
44 3 167
29 194 343
15 50 191
28 70 98
92 54 191
85 156 277
45 102 150
9 95 150
20 19 82
21 56 87
82 49 139
37 11 53
18 143 199
9 182 198
19 46 108
48 173 383
70 65 178
68 67 151
33 3 89
96 174 301
100 77 197
3 118 126
13 32 116
7 10 205
85 139 306
3 189 201
16 42 82
16 164 184
83 45 129
12 32 44
34 144 200
5 40 73
56 179 262
23 169 199
70 75 150
72 157 236
34 62 104
47 8 61
47 196 276
34 134 361
38 191 235
29 47 178
23 49 85
39 131 216
84 154 244
2 142 184
10 19 188
51 126 199
50 90 189
87 8 104
38 113 155
74 36 113
41 99 183
36 117 158
82 66 160
63 83 152
8 64 80
80 138 234
46 29 77
24 103 139
27 179 261
87 192 440
74 28 241
38 19 66
43 197 288
8 173 189
67 70 179
14 91 145
4 29 40
64 126 196
92 136 318
75 57 139
75 100 217
5 176 192
59 9 210
39 142 323
95 91 193
6 95 105
36 65 229
9 149 166
35 152 189
85 48 189
17 9 47
14 8 63
43 124 175
92 13 138
55 35 96
65 141 211
53 67 154
39 72 176
39 50 89
8 95 230
100 3 134
79 31 130
54 183 239
64 40 141
100 128 234
46 181 240
65 88 192
67 110 221
88 18 110
75 100 185
21 103 158
86 189 284
48 5 92
36 99 163
56 165 407
44 163 243
20 99 119
73 182 369
79 12 178
38 191 411
52 107 236
95 23 127
20 26 80
13 182 217
59 179 256
2 198 201
18 55 81
85 53 147
68 162 252
30 156 372
53 40 98
36 165 211
68 16 222
84 25 120
93 161 260
4 105 115
97 69 211
9 88 145
99 69 315
52 127 183
41 167 383
60 109 240
1 23 223
99 76 265
4 180 205
99 12 117
16 155 212
44 66 110
72 197 343
60 47 155
30 15 48
77 137 309
14 85 127
39 56 97
33 178 391
71 5 114
23 150 353
98 176 313
28 98 133
70 96 288
61 192 264
32 175 216
50 173 272
43 131 191
41 81 139
9 29 41
36 174 329
46 107 168
12 77 99
54 117 179
80 76 325
56 54 249
65 29 95
58 197 358
3 178 184
34 73 163
26 117 279
47 64 224
54 136 204
99 48 153
72 102 181
10 116 259
53 8 123
78 120 207
54 149 355
13 167 291
88 171 290
66 163 307
99 55 164
65 31 101
77 12 100
2 96 120
55 121 185
7 152 160
86 103 233
20 195 252
5 145 155
18 191 223
38 8 50
100 142 248
1 80 126
36 149 191
89 118 250
13 60 105
10 30 85
3 146 213
5 81 169
55 155 255
58 42 184
42 3 94
81 147 252
48 62 120
96 163 269
64 114 180
88 102 193
11 77 98
4 135 183
88 80 186
35 79 292
94 7 102
51 195 255
70 56 160
92 12 131
52 53 144
29 93 130
81 95 204
20 163 190
75 96 178
17 118 240
47 74 152
33 21 159
35 85 291
70 30 104
3 162 189
53 32 90
92 33 168
2 3 43
86 164 288
85 25 309
61 149 255
33 113 146
15 99 291
56 108 177
76 6 82
41 122 209
75 170 248
13 89 105
60 5 84
3 179 188
32 85 267
5 44 56
85 187 272
49 177 413
5 136 143
30 5 35
91 31 131
46 129 176
69 156 271
73 87 194
11 189 226
41 148 372
50 192 344
46 70 155
93 28 124
61 121 209
97 183 288
99 66 200
92 21 123
6 73 84
53 134 308
88 57 173
65 100 167
45 141 224
100 72 191
22 152 177
48 193 248
63 22 128
56 186 270
35 186 226
66 62 157
98 31 316
12 50 62
39 53 101
98 89 194
90 87 177
52 117 175
23 19 85
98 154 272
13 200 221
3 134 140
77 49 266
38 122 304
96 12 244
30 132 166
64 199 271
19 68 92
2 161 305
39 0 89
28 199 235
12 165 180
27 127 176
4 13 26
45 85 134
68 73 187
2 97 107
25 24 95
68 119 354
1 31 60
63 54 141
7 88 270
56 192 258
96 159 255
51 137 243
74 48 150
49 47 183
93 16 208
100 79 313
5 155 315
31 151 203
59 25 278
91 162 257
68 63 231
15 54 75
90 92 191
56 81 140
83 22 140
70 29 109
5 71 200
26 82 126
76 29 108
15 8 25
71 126 198
31 76 298
60 129 199
73 6 168
43 195 284
63 17 130
29 123 198
4 101 108
66 119 336
95 137 238
70 66 300
28 16 86
65 155 239
30 145 351
32 197 230
64 87 236
54 90 167
7 168 217
85 120 209
11 130 155
2 81 91
95 7 103
74 73 194
87 177 337
81 198 287
40 190 235
15 174 197
100 190 328
66 119 193
83 108 221
87 185 306
13 128 144
74 24 123
95 108 207
70 30 182
37 163 397
93 106 209
19 141 281
35 187 227
6 47 161
82 174 400
31 151 287
62 119 275
91 5 103
39 195 257
88 148 238
65 80 147
45 152 197
60 96 162
50 192 250
65 54 141
55 197 426
31 62 102
97 167 271
56 53 151
83 101 215
24 128 157
9 97 110
62 136 222
19 157 194
98 58 351
16 125 231
65 40 114
91 88 329
90 56 146
14 164 181
8 186 227
41 81 125
21 13 217
78 161 271
45 76 142
63 190 438
77 55 158
100 27 134
35 10 52
83 54 186
79 131 240
85 15 112
61 13 114
96 3 99
93 10 110
1 32 39
18 10 36
66 174 322
75 177 351
79 138 353
84 117 247
63 173 242
54 24 122
73 42 127
100 8 127
5 138 147
84 121 205
94 184 433
68 168 264
79 56 172
15 160 183
67 107 228
15 115 136
57 62 121
56 188 434
28 50 85
10 48 205
74 138 333
3 191 292
52 168 226
34 143 182
96 5 108
98 140 239
30 183 263
55 68 147
85 12 100
67 83 335
71 44 135
50 73 148
34 152 219
23 200 245
33 137 180
17 5 102
70 15 131
71 43 292
18 148 261
26 24 86
35 136 194
9 78 94
58 158 224
8 120 135
19 103 136
48 89 183
5 199 208
86 29 139
77 48 129
13 154 174
35 116 328
98 170 385
89 144 253
98 52 157
23 63 132
24 91 124
90 55 188
88 125 405
71 189 307
39 154 200
12 53 97
99 133 268
41 45 138
52 172 227
84 2 239
60 125 195
15 15 115
16 44 178
32 178 240
13 7 24
15 174 218
26 132 159
94 50 150
54 132 219
55 41 104
3 146 172
62 50 129
87 62 165
65 104 170
92 90 204
31 75 244
67 27 150
86 96 188
5 13 18
30 139 209
31 136 180
30 21 154
41 184 230
54 151 209
90 14 108
47 3 50
92 34 174
4 2 7
95 79 195
22 182 292
10 156 233
75 13 92
63 80 148
33 72 224
86 163 277
35 60 155
58 117 359
1 59 212
53 114 177
87 151 272
95 127 223
15 48 112
57 134 295
90 87 178
22 113 301
80 157 258
1 141 232
11 39 60
36 190 234
10 24 37
30 0 39
95 140 240
10 63 74
91 95 306
55 186 275
54 141 197
88 191 313
76 77 177
20 199 269
42 200 245
68 163 232
51 188 312
95 51 155
75 18 101
55 36 97
7 121 250
30 37 76
71 37 158
71 198 270
22 43 74
13 145 164
28 45 112
66 6 73
21 160 190
42 27 72
1 87 94
48 196 282
39 77 119
87 16 105
83 97 186
70 131 209
82 153 303
77 1 267
97 61 167
57 0 173
83 100 183
4 131 211
49 200 256
77 125 203
15 129 155
81 34 295
70 152 259
67 115 336
41 175 222
64 97 170
63 32 115
88 40 129
75 100 209
66 161 273
71 115 233
36 197 237
24 12 43
67 15 124
9 109 131
17 0 53
15 128 143
52 132 184
9 187 327
24 36 141
7 34 78
43 170 312
24 196 220
95 17 136
68 174 242
25 12 78
42 136 207
27 123 293
66 166 326
97 187 479
21 196 407
84 35 122
52 131 183
34 135 219
3 69 82
92 72 243
39 60 180
92 55 161
13 4 64
50 110 167
62 72 215
79 15 114
71 62 328
85 126 382
1 156 166
32 170 209
79 145 225
47 125 173
66 187 338
14 54 75
82 158 404
33 148 185
82 11 142
52 153 212
61 124 192
65 114 208
100 190 339
39 160 244
9 115 165
4 3 9
18 107 126
15 133 336
63 200 271
18 163 296
46 183 239
90 120 212
9 108 117
25 111 183
50 115 173
74 175 253
93 43 146
78 119 313
46 6 60
70 155 249
47 42 130
6 138 160
49 4 57
83 144 231
80 112 200
99 49 332
65 38 142
49 4 63
29 119 156
81 165 272
39 28 265
35 127 316
93 127 307
52 21 77
85 51 145
43 72 125
33 190 225
81 106 194
95 156 388
22 86 118
73 140 374
12 41 177
5 22 70
37 139 330
32 106 175
86 124 212
62 148 224
62 37 126
61 179 418
40 168 210
64 177 273
22 146 196
40 122 243
51 12 74
30 96 133
6 175 190
71 131 233
2 64 67
50 40 225
62 113 341
84 158 246
59 122 230
58 86 295
85 93 180
61 50 115
63 88 334
25 113 140
25 129 349
67 189 298
10 48 234
15 52 209
62 186 273
23 134 322
78 70 154
4 82 86
35 140 222
15 54 73
49 31 87
92 171 282
39 98 142
14 49 128
52 85 215
97 98 198
12 191 219
31 49 86
15 0 23
15 73 92
2 128 134
59 46 129
45 31 194
13 63 126
79 96 214
36 141 180
8 79 92
85 144 238
94 122 230
86 109 199
55 167 256
62 149 220
80 182 268
6 44 69
99 137 279
43 27 72
