990
48 165 258
3 12 23
22 10 35
48 128 185
78 195 292
42 28 98
37 121 295
81 69 154
65 5 116
46 181 236
97 31 146
50 173 271
90 57 175
93 4 180
50 115 174
28 82 110
19 170 325
65 96 188
73 191 296
62 123 220
57 27 85
39 41 100
82 98 221
60 9 99
97 22 152
5 199 216
37 44 245
4 190 203
66 168 260
40 14 61
12 7 108
80 34 149
80 132 236
79 184 266
23 20 57
45 5 200
84 96 240
67 171 272
16 181 204
100 16 130
24 60 118
22 70 98
60 34 96
21 130 160
41 20 144
28 111 282
83 173 262
83 111 241
37 61 152
23 140 168
11 145 190
42 67 111
13 54 81
59 54 118
70 53 144
19 107 129
6 114 319
99 102 245
74 134 252
96 98 212
55 33 91
44 84 139
77 194 319
25 2 74
77 10 95
58 13 244
63 111 356
15 102 120
72 5 82
81 23 111
58 120 353
18 128 146
9 178 231
45 53 296
41 85 132
49 41 252
44 51 239
41 162 210
2 181 337
88 9 113
2 184 193
42 52 108
72 7 209
84 115 363
53 3 56
52 63 124
80 162 252
18 43 67
37 20 178
95 190 309
49 118 177
56 95 189
12 148 286
62 48 299
54 99 164
24 7 39
83 150 273
64 44 119
46 14 189
12 108 167
24 198 271
69 150 259
10 104 236
94 188 287
43 176 265
39 45 93
79 149 413
22 153 183
59 85 303
98 137 373
16 108 171
30 78 114
100 145 246
24 191 218
23 144 191
70 177 281
60 3 188
49 160 398
91 165 326
95 123 397
18 41 136
43 122 173
6 186 353
45 147 235
46 175 230
3 171 203
7 15 92
79 44 150
48 149 204
31 78 202
60 119 186
28 113 160
29 8 61
86 191 294
52 47 142
1 69 106
72 155 232
83 148 244
100 37 145
31 134 193
4 122 153
97 7 250
83 83 169
100 48 172
45 106 160
79 10 96
71 15 268
18 82 109
65 159 287
72 127 203
26 21 56
58 95 162
94 25 119
72 84 158
25 62 224
91 15 129
13 134 186
10 101 111
18 132 162
87 39 303
9 189 375
76 148 256
2 16 26
26 147 182
97 148 248
87 44 141
19 1 29
84 111 245
89 74 168
57 179 253
59 179 279
46 65 261
58 180 410
42 174 354
14 192 209
59 123 260
75 70 151
41 100 160
8 127 179
6 45 58
61 158 376
39 107 328
7 86 141
43 5 177
44 19 166
33 56 212
67 75 152
21 94 124
36 40 200
99 186 405
54 123 222
77 134 214
87 87 192
20 38 100
46 71 124
17 101 187
37 36 74
23 180 207
83 188 366
81 65 185
50 61 124
40 47 91
93 91 287
94 151 254
12 169 216
79 36 175
54 48 105
41 134 182
60 64 124
90 109 284
94 132 246
84 133 264
60 109 193
71 156 231
73 131 236
86 60 152
16 31 51
28 94 224
10 148 303
47 194 416
56 133 335
46 107 317
63 1 65
38 61 137
97 101 338
1 80 98
27 7 38
48 117 204
91 98 333
70 190 262
80 131 232
38 13 208
34 134 178
44 98 155
66 96 163
34 164 202
9 193 252
7 85 112
29 154 222
36 48 90
13 147 182
96 7 147
33 28 70
31 17 171
20 127 153
72 15 94
2 2 5
12 185 206
38 176 357
68 102 210
46 83 164
81 97 235
41 2 66
12 164 185
100 107 357
62 111 190
1 8 28
71 104 333
78 47 134
50 137 193
38 70 121
63 156 297
50 161 242
99 152 260
46 189 244
60 60 122
67 112 229
53 36 94
56 83 149
54 150 206
53 155 214
92 0 99
78 188 276
57 164 234
89 171 286
23 71 102
45 29 77
89 35 134
2 1 4
99 124 262
13 20 40
7 97 114
14 67 84
99 136 242
51 53 105
30 155 189
9 40 198
90 114 210
72 2 78
66 184 278
33 153 216
95 37 169
69 19 129
15 39 55
10 193 214
97 97 197
89 13 132
77 192 316
60 24 88
16 128 154
70 123 319
71 76 151
96 85 181
14 162 185
22 79 273
72 146 309
50 141 237
4 72 126
100 116 229
48 169 219
76 152 238
15 91 107
46 118 181
81 42 126
74 93 176
3 56 72
17 115 195
61 192 261
92 117 265
78 49 184
43 160 220
60 28 92
72 45 291
62 60 139
17 179 200
38 160 308
48 54 105
30 192 264
86 74 167
34 69 192
24 31 63
97 179 286
94 88 191
31 120 172
4 43 165
96 34 276
33 93 138
5 115 283
35 79 121
59 109 208
19 65 251
34 164 205
23 22 48
49 199 254
58 63 121
62 31 183
68 149 222
40 71 164
91 39 135
41 65 107
63 114 194
24 57 90
14 56 70
87 94 228
38 81 157
1 28 204
82 109 209
98 64 211
98 74 191
62 31 125
51 116 175
65 192 261
98 42 200
32 119 312
31 28 219
71 173 399
63 138 391
68 120 360
68 185 259
86 124 300
90 48 148
84 199 304
43 103 337
81 159 283
88 133 278
50 9 64
28 96 169
90 3 111
80 52 137
44 77 126
54 11 67
50 53 194
89 65 213
29 12 43
40 20 145
68 156 389
2 23 29
11 128 251
6 138 333
70 175 245
5 116 126
62 3 80
9 137 155
83 25 137
21 134 163
46 69 252
99 107 256
11 2 166
59 108 208
61 178 244
43 71 145
61 166 234
94 129 370
82 89 243
11 18 60
64 13 106
33 98 283
34 18 57
56 25 199
80 198 313
45 162 211
93 185 285
22 6 73
71 28 298
60 78 165
38 82 158
91 19 120
65 169 236
6 133 149
57 180 237
42 194 269
90 200 295
93 168 263
29 169 201
93 112 210
70 197 408
39 52 185
66 196 285
91 82 266
62 178 254
89 61 185
86 24 115
8 61 123
36 173 219
67 0 182
22 176 243
92 113 219
39 39 82
35 57 99
25 145 175
79 39 133
60 55 123
50 106 168
70 119 219
43 171 233
31 41 105
3 198 320
8 141 197
80 144 237
22 147 173
44 105 164
100 161 282
56 112 199
38 12 55
94 78 322
32 29 107
85 31 116
69 22 92
3 41 53
33 47 112
92 25 176
53 188 244
71 59 176
15 147 171
6 157 163
6 135 141
18 32 60
42 151 309
78 40 154
80 181 405
17 15 71
30 152 184
32 132 174
22 179 209
96 51 156
73 148 221
68 116 185
63 84 150
27 189 217
83 32 162
82 41 125
84 67 274
66 116 219
64 89 282
11 157 277
42 180 329
14 74 220
75 188 272
2 48 69
32 162 389
57 6 71
46 196 247
44 32 200
64 36 102
97 165 304
81 164 246
4 2 8
8 19 27
19 146 166
38 153 194
74 30 126
51 75 255
67 46 115
49 84 311
76 160 420
28 127 173
35 122 157
34 88 157
53 14 81
31 98 234
4 134 162
91 27 191
82 92 187
66 199 280
80 24 154
100 129 345
55 158 249
10 86 121
32 23 81
47 20 68
36 56 111
73 14 95
24 113 303
7 179 225
30 44 239
93 137 256
83 11 100
34 152 186
37 45 89
8 88 101
39 1 69
35 39 257
98 115 245
48 149 199
18 124 144
59 45 181
62 52 117
56 187 292
93 70 170
30 104 185
50 185 283
31 196 319
46 0 52
80 54 141
95 150 250
47 18 73
76 26 195
44 32 82
15 12 30
30 70 105
4 150 239
58 90 154
52 63 278
41 126 172
34 162 315
34 50 84
44 8 138
56 45 110
36 54 130
55 199 287
64 169 344
4 184 197
14 60 248
24 117 148
75 18 117
31 35 69
71 160 268
21 50 77
8 2 152
9 76 104
51 163 237
75 90 172
37 122 168
53 119 217
54 49 144
76 154 357
2 152 162
66 124 198
2 160 180
75 175 260
85 170 425
55 37 116
44 91 164
94 81 204
36 135 172
37 96 137
14 11 29
56 101 246
63 53 125
12 153 169
94 190 286
31 174 212
20 22 44
78 16 103
41 168 213
20 162 304
59 96 269
37 114 294
76 197 428
100 177 327
93 129 382
84 148 232
92 35 159
1 14 18
84 32 117
90 159 404
93 24 118
82 0 88
31 137 188
32 105 172
37 162 226
39 104 172
14 13 50
3 135 140
48 21 233
66 58 158
69 112 299
45 104 180
86 162 285
77 24 146
45 12 250
95 72 217
69 96 199
65 97 202
41 93 165
7 61 90
81 113 230
52 166 224
44 148 387
66 66 242
40 81 159
61 39 139
22 160 189
12 4 41
52 69 307
71 127 353
36 135 173
100 0 104
24 42 69
69 5 165
73 122 197
45 52 134
17 10 55
90 41 131
90 134 261
97 43 140
74 163 280
59 165 251
22 96 193
45 195 397
64 74 145
63 40 235
19 108 137
36 159 355
28 199 228
99 67 295
37 28 67
13 149 179
58 181 241
77 18 104
49 72 122
79 53 167
50 154 214
37 146 190
21 86 113
91 89 183
20 108 132
37 168 341
99 15 229
28 69 103
86 164 286
78 188 422
65 178 260
66 160 236
68 188 281
27 114 169
71 123 224
7 39 78
10 141 169
93 109 209
84 108 223
45 182 231
75 36 130
72 9 85
58 197 258
59 137 209
64 99 163
57 81 257
81 31 114
26 166 201
46 100 150
35 17 71
65 129 315
79 71 171
52 62 258
11 163 193
12 20 40
40 85 167
64 128 390
11 66 105
80 117 200
26 143 249
93 33 279
96 33 132
60 151 351
11 6 131
42 199 267
68 118 195
4 178 261
100 138 238
6 194 205
16 6 65
98 24 131
35 70 256
98 118 309
67 83 335
56 26 87
76 132 213
72 199 277
77 174 415
1 133 138
63 140 213
18 166 185
88 191 284
5 122 131
52 78 245
26 156 190
71 43 155
76 110 316
85 133 249
15 94 109
5 164 240
41 85 128
100 54 349
8 109 162
27 61 107
31 197 268
48 22 97
1 50 84
97 64 197
34 0 34
5 32 178
21 71 101
27 116 151
74 125 202
94 28 155
18 64 206
98 178 284
94 67 169
81 73 159
53 118 173
17 146 194
33 26 144
88 107 253
2 101 211
72 56 165
49 118 176
79 112 218
25 121 146
95 164 259
35 149 193
89 82 198
71 133 243
99 193 333
14 63 79
65 132 321
11 26 46
55 53 126
81 13 148
92 32 197
47 50 101
69 2 76
91 67 168
14 131 229
41 172 377
76 80 200
22 133 211
28 74 111
99 169 455
4 60 78
23 14 169
22 52 104
55 49 263
41 89 327
32 25 64
10 131 162
38 60 104
29 109 145
5 23 33
43 25 192
7 124 178
23 113 139
31 143 212
45 74 142
25 44 73
10 7 24
69 10 179
50 64 124
30 151 230
80 37 120
49 14 72
24 74 122
38 91 234
10 14 124
32 198 336
76 195 309
50 42 271
71 100 276
84 30 115
21 179 364
1 189 194
9 143 185
66 51 125
99 50 150
81 87 261
20 108 137
36 92 228
29 179 222
7 124 163
26 189 221
27 191 239
90 5 116
57 82 147
95 23 124
33 103 157
62 47 133
85 30 163
47 37 87
64 136 350
25 200 272
6 36 207
3 192 198
24 89 113
4 100 128
100 16 119
51 89 167
90 78 173
90 7 146
23 190 262
3 56 213
47 5 53
13 64 78
3 88 102
55 41 105
23 95 128
54 20 75
44 116 160
14 19 140
9 58 68
44 16 244
63 196 351
44 163 238
71 185 324
92 141 282
45 12 85
48 102 263
60 186 249
17 104 131
11 142 157
47 172 222
41 60 122
68 129 224
39 112 272
68 26 103
19 113 170
27 188 257
10 77 97
26 39 228
36 157 365
93 158 256
69 155 416
95 84 317
17 106 263
47 136 286
86 21 110
29 134 325
76 122 220
61 63 256
22 189 222
14 170 279
58 75 317
35 163 265
16 165 228
33 99 136
12 101 140
64 76 149
64 53 216
8 142 181
31 121 157
74 48 296
70 175 274
79 114 368
8 193 201
30 56 118
58 68 146
35 64 101
44 42 92
6 144 250
70 39 137
20 160 198
91 100 197
90 130 221
100 181 284
91 52 237
6 133 143
69 192 271
86 12 285
94 175 275
93 55 275
95 65 163
3 50 62
37 147 187
41 95 193
60 197 306
81 28 113
31 165 212
52 68 207
74 119 197
46 189 236
88 88 180
67 133 200
84 156 240
63 45 139
13 124 137
83 107 270
88 51 140
5 83 287
42 138 186
89 19 210
47 7 87
28 15 237
32 156 354
85 21 108
94 92 219
52 44 132
79 155 243
14 193 271
7 141 156
87 80 243
15 129 157
31 176 214
11 122 168
57 55 233
47 111 259
34 11 51
7 121 237
27 63 115
99 95 239
70 155 234
60 156 221
32 81 113
43 27 71
29 165 227
57 191 297
43 188 231
86 165 261
15 92 301
68 65 162
1 150 151
7 78 88
39 195 239
16 135 192
9 117 229
98 93 320
46 56 272
7 134 184
98 173 281
29 124 159
65 96 191
93 164 258
19 157 296
38 88 154
31 113 152
3 81 162
6 97 114
77 153 261
74 152 264
11 137 153
33 58 107
6 133 216
1 74 76
45 162 216
57 8 82
47 193 289
70 62 142
19 156 297
55 143 203
16 8 34
15 162 182
50 144 223
