220
27 96 123
52 37 175
27 33 188
44 122 196
87 62 157
62 126 193
77 130 310
30 119 254
98 91 289
10 90 103
81 173 350
16 108 157
74 12 94
5 86 116
38 101 292
36 111 182
32 136 169
8 57 85
18 122 197
94 161 261
41 172 227
17 182 199
65 54 126
20 110 259
64 8 131
15 86 141
13 191 206
56 72 137
99 91 191
7 196 212
11 149 314
14 86 113
75 148 232
72 129 204
72 109 227
85 137 224
52 3 158
44 84 177
27 17 72
17 125 166
21 109 225
70 121 223
77 26 105
27 85 115
20 31 52
61 46 113
46 63 113
33 72 301
88 112 202
65 136 208
13 105 127
8 105 147
21 164 192
88 24 171
21 187 214
4 53 64
27 74 109
90 96 190
15 20 36
45 48 127
66 110 219
15 79 99
88 84 293
50 77 176
89 200 300
79 126 293
30 105 139
84 116 381
40 42 83
54 62 152
42 5 142
25 170 221
3 42 184
80 49 129
67 126 360
33 170 224
34 194 247
91 82 323
93 173 272
78 22 119
69 25 141
42 124 171
97 126 299
13 196 216
12 10 64
35 13 61
45 145 192
37 164 209
50 135 256
45 132 181
19 145 297
23 152 181
5 100 248
81 95 240
77 170 273
48 159 350
62 149 217
86 4 166
94 194 293
89 75 288
76 67 150
78 69 269
26 187 221
5 88 96
32 16 56
31 3 40
43 139 232
52 99 156
89 7 113
89 57 333
84 56 176
11 150 211
91 195 289
79 164 248
61 156 226
49 169 227
80 54 164
3 64 70
58 138 201
67 59 130
71 145 218
6 9 195
33 173 235
59 186 246
47 14 66
91 116 243
75 58 136
42 114 190
79 111 232
40 42 82
66 150 318
54 11 250
49 91 163
80 83 164
73 82 157
93 6 104
4 79 88
3 146 162
27 80 115
79 15 102
78 98 185
28 118 193
24 68 126
94 187 281
22 72 103
3 85 88
74 175 253
62 32 98
59 167 236
63 161 234
83 54 252
100 109 220
36 73 109
18 187 205
13 89 103
55 33 122
42 18 62
100 102 247
1 137 144
27 11 187
53 151 213
72 141 412
11 3 50
78 51 179
58 160 231
90 95 342
65 114 188
67 10 117
22 35 199
8 47 175
44 17 111
37 12 95
25 10 42
48 5 100
32 48 190
55 81 155
54 133 211
41 83 136
97 181 460
47 138 189
14 110 126
28 38 75
22 61 92
15 179 221
28 99 262
52 185 346
48 78 307
80 5 121
62 95 302
44 86 177
73 30 108
51 164 227
59 15 213
65 96 164
60 97 161
3 155 207
65 18 85
31 121 236
57 44 101
100 58 322
61 55 143
53 193 251
42 168 212
12 168 266
53 130 219
54 132 235
57 52 115
26 197 386
8 0 17
41 165 393
7 173 209
78 117 229
71 79 157
83 43 167
63 40 267
5 157 178
7 195 202
3 77 251
42 83 128
33 169 203
