780
58 120 357
76 46 123
93 188 317
66 134 311
66 92 162
95 6 126
56 147 248
59 152 260
26 117 150
44 112 163
65 124 199
77 70 197
43 129 195
46 116 206
45 135 213
9 72 230
92 83 180
86 109 198
29 113 146
18 21 107
28 28 94
59 94 281
29 114 147
10 11 22
94 53 246
77 19 102
66 73 269
7 5 52
1 7 90
17 75 130
89 33 146
37 167 206
96 91 190
75 102 190
53 174 402
75 3 186
63 197 281
66 22 122
26 159 215
88 4 93
1 184 344
89 13 110
76 132 228
23 42 208
99 67 171
5 197 222
88 190 421
3 141 167
83 99 210
59 103 164
3 86 97
87 79 345
93 143 261
56 108 364
34 78 192
58 2 118
72 178 353
92 118 212
52 29 84
35 65 146
62 119 216
92 27 217
21 31 168
62 107 179
54 123 184
79 26 172
75 20 104
27 176 212
66 70 143
35 20 55
68 79 170
4 181 188
92 77 219
54 123 218
68 45 133
95 31 144
21 162 192
90 72 164
50 89 141
12 10 22
60 97 162
95 147 245
36 199 283
88 106 370
61 163 231
37 88 134
8 197 245
91 70 165
35 2 45
5 72 122
42 154 234
84 114 204
18 130 171
47 104 156
77 60 147
8 6 22
52 121 179
71 85 165
85 107 240
20 111 207
18 137 219
69 106 175
100 186 295
81 68 164
55 117 335
93 50 277
80 174 258
63 86 159
8 175 223
26 10 45
61 165 241
82 72 164
70 67 161
61 52 183
57 30 97
36 176 214
68 38 118
21 170 241
4 3 10
13 143 194
71 197 275
29 40 112
46 188 254
84 28 201
94 69 163
52 89 168
31 106 139
23 142 187
59 22 199
66 111 186
14 128 147
8 116 134
73 144 291
13 96 283
71 64 185
26 136 165
96 97 238
75 140 264
47 138 205
38 132 176
77 60 149
61 19 243
55 12 89
51 36 97
34 41 104
98 196 320
66 171 407
95 118 260
54 117 172
17 143 161
74 86 270
50 59 118
27 78 122
73 176 293
70 172 281
54 79 135
44 182 232
3 135 189
82 74 163
38 24 64
85 57 236
67 27 131
71 172 260
72 36 109
19 93 119
92 97 192
68 182 445
5 52 105
22 133 350
66 3 74
99 20 129
35 32 76
3 120 172
13 74 92
47 173 301
92 76 174
31 125 167
17 151 206
74 28 105
80 76 192
11 166 349
3 100 198
8 74 234
70 137 309
68 51 127
18 127 147
71 86 158
99 141 247
89 109 205
36 5 80
19 22 147
53 103 160
29 173 228
34 40 79
75 122 200
29 57 87
75 170 291
48 99 165
54 153 211
98 148 254
60 174 375
26 10 37
99 61 175
73 21 148
26 44 86
5 71 86
85 43 130
73 116 382
4 6 58
55 39 120
14 128 149
94 164 292
5 16 38
42 187 300
96 167 264
69 21 208
22 200 222
70 16 86
91 130 235
54 74 134
90 184 278
22 6 72
82 5 255
57 12 69
89 61 153
24 159 187
87 36 129
67 146 219
21 1 58
62 161 415
34 65 285
10 71 104
93 194 297
97 12 140
47 30 80
95 104 200
63 14 95
80 174 261
11 4 18
78 32 118
24 63 133
97 34 153
44 127 330
9 104 271
71 71 154
15 166 215
74 35 110
21 191 352
45 176 221
99 25 126
40 114 184
66 10 111
58 45 108
73 156 236
66 161 231
50 187 420
37 137 191
92 148 246
4 142 154
7 68 102
77 156 429
78 174 279
12 147 165
82 3 88
23 9 38
68 112 182
15 195 387
84 8 273
48 7 94
49 82 137
1 157 294
33 75 112
35 175 255
19 111 180
90 75 168
8 10 183
91 72 172
78 121 212
6 157 223
63 67 227
60 128 296
60 39 111
69 78 155
12 111 312
92 51 186
96 61 160
30 90 144
33 71 144
84 190 278
7 107 235
20 47 165
77 122 229
91 43 174
52 56 110
32 8 46
14 74 136
69 113 192
22 32 113
54 46 117
86 105 267
54 65 152
54 112 167
38 140 181
17 33 71
46 171 225
7 74 103
30 95 219
37 65 261
70 25 97
20 100 121
13 10 72
89 59 149
60 68 171
40 73 154
99 133 319
27 100 128
20 88 205
10 182 193
51 39 96
4 106 223
71 96 167
18 14 82
38 76 171
45 27 76
3 175 189
77 110 246
41 50 274
22 168 373
89 123 215
49 41 90
94 48 158
17 186 319
80 157 244
88 106 238
52 161 219
44 102 177
77 170 249
46 24 71
75 84 200
18 50 110
40 94 197
98 159 259
29 175 215
22 30 73
14 72 86
70 192 455
93 52 152
11 147 314
18 160 183
30 78 114
93 22 122
32 51 85
41 110 181
55 154 215
3 0 5
64 31 144
15 118 136
4 144 149
84 139 345
59 74 187
29 195 266
95 199 331
67 187 258
87 29 121
4 185 194
48 181 266
74 46 128
67 79 150
53 146 200
70 46 122
6 45 53
50 186 237
42 159 396
96 143 266
74 75 265
75 195 275
69 172 271
25 62 136
24 32 99
18 42 82
82 183 340
11 197 218
82 148 386
33 159 198
50 56 146
1 81 192
77 57 282
86 90 369
22 33 63
98 26 129
92 50 227
30 113 143
37 74 116
37 159 262
7 113 151
20 44 72
48 26 83
26 174 319
52 112 179
25 22 102
21 66 88
28 40 72
81 8 114
50 185 279
19 126 149
92 142 263
29 121 152
14 116 139
91 55 151
16 98 285
39 121 168
34 54 90
48 20 115
79 188 271
86 79 216
60 32 113
81 136 218
59 179 245
63 131 202
34 77 120
55 90 253
19 52 100
20 45 71
73 142 222
76 19 152
56 91 191
80 40 130
90 74 164
30 93 129
78 126 206
35 172 214
36 0 40
69 125 219
87 76 171
52 116 251
82 129 231
88 30 311
3 55 79
39 119 158
31 132 166
83 91 225
92 170 296
16 170 189
9 6 17
97 163 295
74 66 140
76 141 343
25 3 38
20 93 248
69 199 390
9 38 115
68 78 191
49 121 180
11 60 260
29 136 195
78 109 226
80 92 175
28 24 99
94 82 195
29 90 123
44 129 209
45 159 204
85 14 184
73 58 131
98 199 388
59 141 210
96 116 229
68 129 233
92 33 152
64 22 98
22 9 142
55 182 272
63 108 305
94 41 175
21 0 26
33 111 144
21 20 64
4 37 43
66 53 125
7 22 48
47 55 107
26 52 84
48 186 236
24 177 247
99 165 313
94 79 181
44 108 244
91 75 169
46 143 237
40 91 141
39 125 170
26 172 202
12 37 75
48 30 84
85 176 300
98 86 316
15 4 84
68 65 262
77 111 309
4 198 232
24 34 93
55 58 184
82 30 141
13 8 66
58 114 264
32 27 61
49 95 188
86 190 455
80 54 140
9 195 273
67 60 134
43 189 241
2 192 228
11 91 209
8 155 179
64 132 287
28 18 47
6 19 33
30 80 119
70 155 314
18 187 232
23 54 101
96 197 325
94 186 311
10 53 69
68 198 315
75 69 174
45 59 109
36 63 133
74 72 149
32 90 124
30 37 73
80 137 226
75 125 207
21 173 201
26 134 164
61 187 286
83 80 192
43 41 182
99 2 107
80 131 354
100 41 151
49 84 161
82 121 210
31 112 223
17 158 208
31 0 37
24 17 43
28 40 76
88 166 254
39 133 286
67 103 179
20 123 153
1 74 103
54 54 156
30 11 56
90 131 251
57 106 275
45 179 268
58 131 242
51 193 253
42 26 204
62 137 206
82 53 169
56 80 145
41 134 185
79 183 263
76 176 261
52 118 178
69 20 127
89 80 176
62 89 185
27 94 164
88 139 228
47 121 182
16 140 160
4 146 160
74 98 348
67 89 198
20 146 240
67 50 121
19 133 326
74 193 285
49 10 111
63 177 241
17 146 163
84 187 281
77 61 304
13 54 71
74 39 119
8 173 213
54 31 189
86 151 415
49 197 295
88 16 121
27 79 241
48 186 236
36 107 269
93 186 281
94 122 271
85 45 206
76 155 234
95 118 241
70 151 374
34 5 44
6 41 65
27 200 234
76 111 238
22 142 231
69 108 214
7 183 204
6 164 328
90 95 186
61 167 234
40 98 148
37 120 261
80 171 258
84 168 290
19 100 142
10 178 289
26 88 117
49 34 86
56 48 130
100 13 123
36 42 108
83 89 180
77 155 250
57 89 160
76 114 238
8 115 159
92 114 250
44 24 74
64 55 162
57 156 260
82 9 223
72 5 118
13 138 153
65 127 307
11 55 163
58 44 108
82 46 135
43 154 214
49 132 289
4 195 205
80 94 183
22 142 166
51 42 263
29 107 332
85 178 307
35 41 119
71 85 163
32 156 304
11 16 30
54 148 203
94 176 270
93 20 119
95 124 223
2 170 196
36 26 100
73 162 250
13 115 265
68 183 258
95 185 405
14 192 214
79 17 109
29 139 247
91 148 288
29 45 74
93 75 199
77 4 94
44 138 334
18 35 81
28 161 295
54 111 187
75 133 330
44 42 96
55 138 204
74 51 222
39 131 188
98 30 294
69 151 239
87 40 209
3 135 145
62 83 243
79 159 244
20 115 160
97 171 309
92 67 169
1 111 166
2 79 90
2 127 207
96 72 173
11 190 301
35 20 63
21 48 75
87 111 367
53 31 93
88 90 209
29 135 168
65 33 133
41 31 122
25 192 224
8 143 196
58 171 243
100 53 178
66 148 319
5 149 186
71 99 199
5 175 347
30 168 293
25 109 136
43 21 71
96 199 312
99 54 157
7 10 29
33 199 240
45 197 252
77 186 361
96 121 281
81 197 278
46 104 155
93 115 352
10 64 110
20 149 172
59 29 109
87 70 220
70 159 239
68 158 234
91 27 126
95 167 296
54 200 265
65 23 98
66 101 189
5 79 90
68 150 221
41 12 162
23 25 50
66 154 334
76 64 146
3 87 128
82 166 250
4 55 179
33 191 368
98 197 326
13 34 53
20 192 343
95 162 435
49 136 338
26 158 220
59 62 127
37 116 305
64 162 396
12 190 212
87 148 243
35 180 221
99 167 314
34 88 278
48 95 153
14 157 194
7 79 201
28 79 109
94 81 176
96 130 235
57 142 205
59 114 183
97 26 152
94 32 126
36 9 49
73 159 233
40 179 361
90 21 256
64 87 164
46 81 240
80 137 227
49 26 93
59 47 112
21 38 62
37 44 81
96 49 157
32 71 132
