730
77 120 197
30 184 221
99 66 168
34 113 183
23 67 278
26 124 156
76 198 293
67 49 124
63 155 261
100 142 249
72 3 91
88 41 136
67 48 146
68 44 238
68 48 118
8 29 197
53 166 253
57 54 115
30 134 324
63 109 172
57 198 328
91 142 236
19 53 113
52 65 265
28 71 109
46 134 336
98 161 263
72 189 270
85 41 150
7 152 289
7 161 170
98 51 292
9 85 133
49 188 284
12 19 79
44 75 119
78 60 148
29 11 232
55 167 238
83 25 145
68 169 341
48 40 158
14 105 155
54 19 191
73 45 254
50 63 154
22 183 206
84 102 269
3 85 129
98 47 151
100 164 294
34 160 243
51 20 71
31 159 272
73 130 233
62 122 206
18 171 199
9 111 166
85 127 223
48 35 94
33 42 275
44 109 173
92 134 228
99 20 128
89 131 254
98 143 283
46 88 137
10 72 88
86 33 124
10 158 178
12 23 38
86 50 149
53 156 361
23 128 183
95 8 104
62 15 85
68 147 217
68 21 92
92 128 235
74 182 298
71 79 159
11 21 47
57 150 216
24 63 130
100 131 273
2 155 308
47 110 160
77 10 94
91 5 96
64 174 401
2 140 213
72 33 148
86 188 342
20 11 78
32 126 302
85 20 114
37 45 169
41 76 126
3 129 242
88 75 200
96 185 288
75 182 260
83 192 275
36 10 55
19 120 322
61 99 161
3 160 348
61 93 163
77 27 153
47 100 255
31 88 157
63 168 232
74 73 151
29 142 220
41 191 311
80 139 333
45 63 112
95 91 189
95 109 236
60 123 192
10 83 131
84 44 137
97 182 449
42 79 153
78 136 217
47 118 178
92 195 436
94 63 159
55 182 238
98 40 166
49 171 224
55 32 117
90 199 291
74 117 196
17 91 111
59 126 194
93 175 305
5 71 267
71 58 146
92 135 375
46 177 354
20 159 195
44 34 131
87 101 195
9 7 116
75 105 185
59 183 245
75 5 89
87 157 247
45 151 203
15 69 235
9 28 200
88 144 367
9 156 165
61 71 132
76 144 224
76 53 135
88 92 186
6 191 201
7 50 101
100 1 122
61 19 129
57 173 249
75 74 290
57 104 201
46 133 229
17 92 123
61 118 213
45 98 161
9 163 212
78 67 193
7 194 211
50 48 98
19 51 70
30 133 203
23 73 96
37 24 68
16 181 280
59 161 237
84 90 176
47 160 209
57 85 306
15 34 50
45 91 318
93 140 238
83 64 155
46 162 241
47 140 188
85 92 222
62 171 413
7 82 89
70 16 275
55 198 261
16 177 222
61 142 204
44 152 206
37 142 188
46 93 142
49 191 263
60 186 255
45 196 254
96 62 165
28 36 107
77 77 196
44 4 49
37 108 146
30 179 228
55 18 93
65 16 91
77 83 197
68 80 173
91 129 248
56 132 233
90 170 267
73 148 259
92 69 173
85 82 173
68 5 92
28 39 160
33 118 314
58 198 297
29 180 212
70 67 146
70 194 269
37 98 153
53 90 157
99 154 256
92 31 133
86 25 261
30 70 182
51 41 102
44 70 132
59 50 299
84 87 224
48 100 148
13 106 127
68 178 247
61 118 224
18 146 311
49 13 152
73 8 107
51 43 104
42 88 233
71 51 132
25 84 117
25 80 257
39 97 169
40 16 62
1 184 196
26 114 141
72 63 144
63 198 269
92 133 244
12 10 164
25 57 117
48 153 247
20 4 29
60 161 251
38 179 273
87 199 289
3 168 171
74 72 190
94 111 212
74 125 319
73 145 220
14 84 166
62 136 207
43 11 60
31 148 227
85 193 284
83 104 190
95 169 271
37 69 108
15 169 195
89 24 143
29 46 80
21 142 321
66 89 185
86 119 223
81 105 189
96 187 286
33 155 253
93 46 156
89 69 181
19 182 251
30 93 153
73 72 167
28 191 320
24 9 76
49 193 243
89 109 389
76 1 106
7 42 64
39 26 66
87 50 137
98 5 146
40 123 331
98 149 361
92 51 175
52 15 70
36 25 106
45 138 230
100 78 260
59 193 265
11 66 84
22 140 181
22 177 337
67 150 217
100 29 139
100 81 184
54 180 234
69 187 297
30 78 134
85 58 234
13 46 152
99 54 308
19 22 43
50 197 296
55 185 246
55 52 181
54 151 205
32 186 257
81 109 227
90 26 281
100 112 217
14 43 222
41 140 195
25 141 211
14 152 169
28 27 56
25 148 231
22 62 89
85 78 172
58 107 169
46 51 110
22 79 105
55 73 234
69 166 257
100 159 264
65 1 71
50 196 332
55 141 394
32 12 90
72 28 274
19 157 176
86 176 263
4 34 96
38 112 290
89 95 379
6 175 250
54 80 144
5 106 166
78 69 184
94 183 399
45 26 182
18 92 124
15 148 188
95 142 245
69 5 111
50 72 196
33 82 116
70 79 153
86 192 278
38 162 380
19 65 270
87 30 240
18 31 99
19 53 85
70 176 247
26 42 89
75 197 272
68 85 155
85 1 91
95 111 220
21 111 152
80 35 165
68 54 125
45 155 210
63 6 73
18 42 66
85 130 252
30 173 237
80 180 266
61 191 290
24 86 157
18 115 186
90 109 237
47 26 170
6 15 26
82 98 211
47 74 125
86 128 252
41 17 65
60 61 262
27 153 181
93 41 143
8 175 194
54 176 231
10 78 129
91 164 261
39 55 99
66 46 115
31 67 101
85 93 180
99 140 285
74 111 185
18 185 211
13 154 205
37 158 214
17 35 75
50 184 273
59 36 138
10 151 161
23 190 220
32 90 149
43 187 236
8 184 324
100 199 303
51 125 186
28 18 221
47 132 229
31 155 189
80 194 284
84 177 407
68 1 98
94 38 138
29 45 239
21 88 112
16 145 186
98 75 174
95 155 271
58 133 218
45 86 140
49 110 160
57 186 313
28 53 113
47 44 100
20 79 104
41 178 261
79 40 227
18 154 178
62 14 82
96 149 283
17 118 320
89 78 170
33 68 116
26 164 228
25 69 137
3 62 67
77 24 106
89 110 199
90 81 171
58 155 223
25 117 211
41 127 171
67 163 269
85 49 138
79 181 262
84 134 230
13 27 164
92 134 228
30 106 142
34 57 105
37 9 54
94 54 246
53 114 169
33 112 149
35 197 236
48 40 164
71 65 150
2 100 103
2 48 51
59 15 81
10 127 201
68 113 264
19 12 33
56 179 242
72 143 232
47 153 306
23 41 71
70 200 295
5 66 74
27 188 244
82 51 141
51 26 83
97 140 238
27 22 53
19 166 218
7 200 208
73 30 113
14 143 174
81 96 186
4 27 37
17 147 166
86 135 231
26 90 141
35 119 228
31 184 222
4 104 114
8 168 202
30 2 40
100 46 338
55 69 238
48 137 207
4 10 14
54 124 327
59 195 390
80 142 263
78 134 225
86 190 281
32 79 268
83 198 281
20 35 145
7 48 60
23 18 47
5 29 50
88 127 218
99 121 244
76 103 189
42 174 225
10 117 147
77 95 174
2 154 163
67 118 266
76 156 240
37 56 99
65 191 275
81 5 113
51 191 256
85 120 212
88 175 263
19 131 163
51 176 233
66 5 93
13 6 24
8 141 209
76 110 199
10 185 201
63 139 212
6 53 59
47 23 250
52 102 155
44 81 125
20 170 197
5 29 71
32 179 336
67 149 369
91 179 277
95 147 259
44 116 185
11 158 179
73 193 274
71 23 144
11 153 240
43 82 162
12 138 153
21 45 69
70 4 90
82 68 154
44 109 160
82 93 300
35 105 169
45 56 103
98 187 291
83 48 224
43 199 260
72 21 96
17 150 177
61 186 247
1 136 226
81 91 216
45 143 188
68 31 105
32 115 186
40 94 139
37 139 178
3 151 154
63 122 294
13 38 60
48 126 183
72 42 122
93 181 292
55 115 173
44 181 262
27 81 110
15 34 54
12 145 166
30 48 124
94 135 406
30 123 156
2 166 169
36 90 261
93 123 238
18 155 197
95 44 180
84 35 135
69 126 210
13 14 132
88 184 469
83 105 195
89 93 191
88 14 110
8 143 151
71 152 241
22 195 220
98 90 188
44 3 90
34 105 180
77 38 120
52 107 178
91 106 212
85 73 159
49 62 298
59 44 192
20 82 162
81 174 257
48 127 209
21 89 114
37 32 77
64 146 212
5 2 58
39 100 185
83 67 168
52 183 240
14 46 191
32 138 174
65 133 202
46 96 165
89 3 253
12 142 163
98 120 243
27 40 109
38 145 214
93 140 239
15 57 139
81 33 115
66 126 203
50 180 374
16 118 220
60 138 216
25 109 141
14 120 206
41 142 211
96 145 362
53 42 95
34 127 185
37 6 64
16 199 280
95 48 190
19 46 66
57 179 382
8 94 167
73 131 229
57 169 250
55 59 124
43 188 278
75 177 256
14 193 372
6 12 61
84 35 263
69 102 249
74 177 334
58 13 196
19 99 124
3 56 63
44 29 82
34 96 139
48 14 62
82 171 256
22 159 187
66 176 248
36 100 155
97 36 159
42 126 204
6 152 187
91 71 261
14 185 200
81 31 117
48 149 197
13 124 146
59 198 265
1 118 305
34 30 178
6 180 189
66 146 231
10 3 23
97 80 180
26 114 150
94 83 196
56 172 277
37 72 117
80 177 316
84 70 176
69 183 286
67 176 250
72 86 322
29 16 245
60 109 173
32 61 111
54 198 259
27 126 163
36 78 132
97 58 155
41 41 88
42 28 89
62 177 242
13 14 37
93 152 385
91 121 217
78 185 286
1 119 283
12 78 113
67 188 281
91 83 190
42 112 232
23 10 190
43 15 65
65 60 148
78 47 131
76 155 429
3 64 92
82 75 161
91 106 199
25 170 233
3 142 212
81 107 244
45 171 242
36 100 142
71 20 98
59 81 177
