50
47 72 204
53 158 251
68 106 181
96 160 321
26 80 173
78 36 118
25 194 220
21 57 252
10 82 101
51 111 240
41 130 171
33 128 169
78 58 140
80 68 317
6 44 77
39 11 50
18 51 111
54 141 203
95 172 274
81 147 234
76 159 244
49 168 258
60 8 76
44 168 256
30 0 60
15 17 53
78 36 135
43 74 163
22 85 154
39 168 215
89 31 138
63 106 186
81 141 387
63 167 235
90 4 104
48 135 355
60 116 180
41 72 147
27 107 174
92 35 249
53 119 215
2 104 138
33 159 194
35 72 120
71 11 89
87 25 151
93 8 108
99 190 331
99 132 321
52 42 96
