840
66 82 157
39 145 193
89 129 223
61 116 227
57 68 187
27 114 149
37 133 178
8 184 209
22 160 184
74 51 130
32 118 187
5 178 189
49 87 172
42 87 129
88 58 328
51 180 245
64 28 97
58 84 292
71 18 94
32 58 107
58 20 78
54 96 150
3 27 64
5 35 47
54 36 100
53 133 305
12 82 102
65 187 302
29 143 200
67 196 269
94 161 285
8 181 197
37 128 362
28 178 366
87 39 139
59 103 187
39 45 103
25 77 142
65 168 257
18 3 54
58 126 187
89 165 265
95 74 339
38 107 191
76 35 120
96 42 145
34 108 207
6 21 33
20 157 186
64 35 114
10 150 167
74 133 237
58 14 117
43 139 183
57 176 239
20 5 35
79 164 245
17 40 217
42 40 276
86 38 158
49 83 163
93 122 218
32 4 45
18 112 133
37 103 144
18 157 317
92 179 279
17 34 59
27 147 210
56 25 88
45 198 252
7 110 234
96 54 155
93 67 164
93 153 344
95 104 318
32 199 274
5 92 290
61 4 73
4 16 28
98 0 131
21 93 162
93 105 249
49 50 109
26 19 206
54 160 241
73 92 166
83 179 271
37 173 216
93 158 255
11 148 282
65 20 129
66 175 243
17 59 82
82 96 196
19 42 163
81 45 253
33 3 79
10 188 204
48 51 104
2 40 79
22 131 313
21 121 180
68 43 112
79 28 127
59 162 247
23 84 167
100 56 195
91 174 309
65 52 126
55 99 319
84 167 286
26 76 105
33 160 195
84 27 181
31 73 111
74 199 292
97 137 281
67 78 153
88 41 215
43 171 219
8 88 98
66 147 216
10 115 255
39 144 279
59 0 176
59 143 240
36 112 150
98 175 275
92 52 165
50 91 145
82 167 250
57 129 221
33 183 228
29 150 189
80 107 365
17 150 219
44 8 95
40 161 318
55 3 125
53 35 262
15 134 199
90 122 218
56 161 239
65 176 251
96 73 252
6 16 29
14 103 147
13 43 81
57 169 227
90 95 187
52 24 119
34 137 173
7 4 58
14 30 88
63 150 217
22 177 206
35 95 163
41 43 87
56 76 165
14 118 135
67 156 227
60 102 168
55 181 283
45 3 74
71 137 239
39 15 118
48 199 424
64 43 206
39 158 222
64 69 155
27 64 127
7 136 179
100 112 221
44 164 235
73 153 250
28 194 255
12 48 109
79 30 118
18 154 201
68 117 190
52 152 231
83 27 148
45 171 257
82 142 226
8 158 170
36 18 216
29 37 83
77 87 212
80 13 106
24 29 61
21 174 195
97 8 228
7 24 57
1 129 196
86 96 192
92 119 215
83 135 228
29 37 75
89 171 261
81 83 198
94 68 172
23 118 149
82 178 368
76 61 180
71 99 311
56 75 170
90 174 338
8 123 135
57 145 220
7 53 68
66 136 207
58 196 290
45 36 95
21 129 191
73 53 130
18 164 226
16 105 148
89 130 245
56 180 239
80 33 304
38 121 163
8 138 159
66 135 202
74 193 273
66 43 116
76 118 354
52 6 115
75 6 88
7 2 9
12 164 212
11 2 17
26 22 49
64 118 185
20 181 209
99 152 265
21 7 102
38 106 170
23 88 213
61 61 152
28 113 316
12 28 70
89 34 124
14 21 65
64 141 220
60 9 74
36 111 215
58 200 262
70 39 210
83 173 397
32 106 330
35 43 85
15 55 104
44 87 229
82 185 331
18 142 206
62 81 162
57 62 259
85 195 295
21 169 299
4 20 103
55 195 254
73 48 127
96 47 160
74 83 167
23 35 220
10 131 306
35 188 223
68 88 189
3 157 164
49 158 252
7 180 189
73 8 118
84 6 214
8 126 134
23 105 163
29 134 206
88 98 194
54 199 264
55 66 129
37 188 231
76 139 243
16 4 166
30 125 305
81 140 339
90 89 335
95 122 227
12 139 154
34 11 80
40 137 190
63 62 135
34 160 275
32 94 156
39 23 109
9 179 197
90 146 258
16 59 75
26 168 306
68 182 260
79 19 101
73 52 322
21 85 144
83 34 149
6 191 207
71 148 316
75 74 157
68 145 238
4 71 132
86 55 262
76 58 151
81 112 193
6 155 264
59 172 266
84 63 331
52 107 236
72 199 276
9 34 120
72 85 161
40 196 240
43 157 207
1 118 197
18 183 244
95 181 322
57 157 294
38 151 323
35 135 324
7 70 77
66 87 186
22 16 45
12 186 230
18 157 181
84 150 259
100 109 258
29 179 299
89 166 264
28 66 100
86 68 163
21 117 179
58 138 201
84 160 440
69 11 84
27 180 229
31 46 85
3 83 184
58 147 220
54 7 71
4 98 112
36 46 249
21 71 109
20 153 285
14 119 141
88 8 97
17 45 106
78 27 184
64 127 329
27 28 152
97 161 284
98 77 177
93 65 188
44 8 207
84 150 237
62 65 140
96 139 272
10 158 188
26 70 98
69 65 149
41 91 268
76 113 201
93 54 302
41 100 167
33 46 229
34 104 178
59 2 70
75 78 186
36 7 83
83 109 221
72 48 141
41 166 327
69 50 161
86 81 174
64 52 132
12 76 98
12 118 178
47 10 60
1 17 44
49 124 177
86 166 379
89 180 273
74 175 408
83 56 139
12 182 270
34 189 223
56 93 160
15 173 204
84 63 232
70 30 144
58 131 190
56 43 248
29 198 268
12 116 156
44 137 184
93 40 141
38 196 234
41 67 128
32 140 309
70 156 231
55 24 81
7 86 93
77 109 258
34 139 176
86 15 103
88 25 132
67 103 191
25 177 207
27 101 128
18 121 147
11 50 88
18 29 222
61 193 259
13 130 148
17 113 177
82 60 317
97 63 310
53 119 174
85 120 251
68 192 451
78 144 377
85 200 330
58 57 121
72 4 105
86 56 148
2 166 173
89 7 270
89 85 183
52 128 184
69 89 206
65 134 208
37 165 401
83 124 361
10 90 102
69 179 325
8 151 169
44 61 106
1 144 148
84 48 150
74 197 387
49 74 133
94 193 369
29 91 271
51 130 186
64 81 147
3 106 116
89 137 290
4 124 136
62 50 226
94 46 149
21 23 55
61 177 244
10 50 85
47 132 198
96 157 260
63 124 188
59 192 285
73 107 190
23 171 210
30 175 211
9 190 200
10 151 165
72 30 201
98 149 386
81 74 307
35 51 139
77 159 267
81 121 229
84 176 318
5 45 70
25 105 139
96 184 323
16 185 252
31 5 65
46 120 166
16 33 57
8 74 83
95 27 125
84 199 286
66 78 148
69 134 333
89 74 348
12 121 141
87 18 108
79 134 267
10 191 312
6 60 67
14 158 180
14 156 176
12 44 61
31 53 87
55 105 166
74 175 285
23 72 95
37 196 278
32 166 204
47 65 168
45 163 266
25 124 153
72 98 174
32 68 127
7 142 149
27 83 116
82 108 239
97 1 108
48 122 290
67 171 241
39 135 189
91 41 197
7 200 239
20 172 194
82 34 120
15 8 53
91 63 176
71 86 162
34 144 352
72 76 148
36 135 213
85 21 110
11 151 172
58 115 174
55 91 155
24 188 214
22 55 274
22 71 163
73 147 225
18 78 140
60 21 116
88 195 289
16 1 151
45 110 349
20 70 238
23 100 130
95 94 233
8 180 223
1 145 316
37 27 84
41 108 293
41 189 277
47 158 244
62 129 201
26 132 244
28 180 211
19 173 282
33 122 176
23 49 77
62 145 247
33 60 97
48 115 166
69 181 257
85 79 170
28 17 57
51 186 243
78 46 265
72 113 192
94 186 323
34 26 224
25 64 172
29 141 171
96 101 206
40 6 110
98 42 268
95 179 358
44 10 245
14 65 110
3 176 182
27 44 77
1 46 90
30 78 129
15 134 327
24 154 210
20 3 27
29 45 83
36 150 198
40 41 121
18 38 105
79 0 89
95 63 166
29 7 229
59 101 163
83 5 245
7 149 200
66 121 199
55 9 72
35 79 118
33 179 239
19 63 90
71 89 163
81 179 403
94 150 341
51 154 206
47 6 63
89 123 216
81 162 286
37 26 72
11 126 185
15 75 95
39 127 175
76 150 233
47 17 158
40 136 179
80 109 196
99 138 344
68 103 181
36 107 244
99 147 246
3 70 231
76 37 122
99 9 238
34 15 53
85 142 231
43 6 54
17 47 103
96 193 294
3 10 22
6 110 165
37 167 214
93 76 170
54 187 251
91 0 91
61 193 328
5 177 285
29 18 72
6 110 158
29 1 99
83 99 207
74 115 196
40 103 152
7 68 75
68 126 221
73 73 259
34 121 265
87 93 189
19 56 76
87 173 298
87 59 307
24 114 141
93 7 137
20 77 207
93 147 247
10 42 59
91 25 122
82 162 251
93 57 159
72 43 159
1 39 77
53 117 176
64 60 181
49 128 180
35 2 52
88 131 225
43 158 296
38 34 73
87 168 305
66 154 395
12 174 196
25 181 211
83 148 325
6 182 195
58 161 224
78 97 271
56 58 120
22 16 220
49 64 159
66 62 138
14 35 127
46 176 375
71 34 297
54 51 108
22 4 47
45 96 190
30 180 363
88 18 256
46 15 187
47 22 114
55 10 75
66 59 151
56 40 97
3 151 195
95 109 205
27 55 88
67 128 229
20 31 55
56 149 207
28 173 201
75 33 137
70 42 122
45 168 381
34 131 171
67 48 308
88 186 462
23 126 292
88 10 216
82 30 125
61 84 184
73 110 313
67 16 168
29 157 193
5 108 306
80 1 83
10 29 44
1 40 76
25 29 181
60 112 179
93 17 117
12 44 182
63 31 269
63 124 284
53 119 177
68 180 289
29 163 356
69 96 175
68 200 289
43 140 186
14 2 20
18 186 246
95 46 175
37 31 76
94 6 108
89 57 148
64 178 246
14 24 88
76 49 201
77 138 393
76 126 244
8 88 109
55 16 76
53 146 203
79 138 220
27 44 186
25 153 223
51 164 256
35 14 184
93 14 107
66 58 264
8 12 45
81 144 256
18 65 234
1 162 172
8 57 169
6 112 119
28 32 92
10 192 288
17 175 261
25 73 100
40 81 314
56 7 67
70 139 213
3 5 194
51 87 186
71 80 162
40 193 234
67 19 97
3 160 259
32 165 206
43 94 305
75 82 160
24 171 196
90 166 260
17 184 207
93 103 247
3 78 119
53 113 199
41 79 247
50 100 287
1 106 151
41 4 45
15 178 361
96 13 219
5 160 171
48 147 203
48 185 269
76 65 177
3 25 72
87 140 275
14 3 173
51 140 197
9 145 156
35 172 324
99 66 204
76 199 411
34 54 94
96 134 233
50 95 145
22 112 169
58 7 88
8 109 122
26 163 197
68 87 157
85 65 249
47 165 221
63 59 161
88 146 365
57 69 142
70 188 293
5 92 125
95 63 164
3 108 133
91 51 169
68 113 207
81 132 321
90 31 131
20 87 107
86 131 376
2 137 159
69 133 364
62 91 153
40 168 326
85 197 309
28 173 392
23 122 178
48 22 169
39 110 152
68 172 275
81 182 287
74 81 158
98 142 256
30 53 92
65 194 268
85 73 323
61 195 289
19 188 220
40 172 215
44 29 106
93 85 285
66 31 118
56 174 234
92 182 281
3 195 211
37 189 227
55 13 71
51 122 173
62 159 383
54 56 148
