180
52 76 164
69 173 280
39 152 231
51 144 348
55 6 164
54 51 142
95 187 381
50 26 118
73 168 438
100 189 289
15 188 233
25 71 234
41 156 207
52 160 213
34 120 160
33 19 60
92 185 278
23 151 192
83 198 426
39 45 146
58 175 258
99 3 203
67 80 189
57 194 261
20 106 144
19 175 196
93 196 299
41 171 212
28 176 205
58 79 141
9 108 209
72 57 145
27 24 66
35 17 119
14 173 207
93 130 260
71 30 105
34 98 135
4 166 195
8 31 77
78 149 260
96 39 138
20 91 113
32 77 119
70 189 260
55 119 182
80 105 244
61 139 243
77 161 385
23 130 164
54 65 137
42 170 212
23 16 64
30 72 104
82 164 256
100 143 247
59 131 193
56 76 280
17 174 217
13 92 123
72 3 80
92 183 312
21 153 195
46 137 345
13 165 290
97 188 286
10 65 250
7 23 30
9 72 140
21 69 97
34 40 96
15 65 94
33 196 273
8 28 39
45 78 233
81 6 250
62 31 99
21 94 278
92 8 107
43 163 328
17 94 126
96 22 290
17 115 143
99 75 193
84 86 194
31 170 202
40 129 190
59 22 173
42 22 128
3 142 175
94 170 268
3 8 155
59 49 128
1 49 197
72 170 263
98 46 162
82 170 418
37 74 120
46 186 256
45 177 234
55 110 178
84 181 415
42 12 249
81 14 100
67 89 181
80 159 239
95 65 168
84 23 128
6 142 188
53 102 252
60 20 86
64 93 161
43 109 162
68 86 192
23 44 72
61 156 298
50 185 430
33 52 149
59 135 195
15 3 206
86 69 172
79 186 266
86 27 115
87 158 419
70 7 210
21 137 160
100 187 296
74 54 140
55 193 408
87 143 263
46 130 186
43 98 206
59 4 136
55 168 349
100 8 171
27 133 219
96 54 156
38 50 96
95 137 397
17 70 93
67 21 110
4 121 126
74 171 282
34 32 70
35 107 168
15 93 269
77 56 263
10 79 137
38 107 189
89 200 291
92 147 245
10 176 298
38 31 77
87 168 291
49 191 272
59 89 185
95 120 238
7 42 77
1 75 140
20 95 151
30 140 195
65 139 385
100 18 122
22 192 346
19 168 192
3 167 194
10 168 273
34 90 151
87 25 151
9 54 118
45 115 206
24 91 302
20 109 130
27 13 68
44 44 113
75 20 263
24 199 229
100 51 165
82 179 428
66 95 170
