980
77 148 229
12 62 80
7 196 240
10 137 197
71 13 127
49 43 251
52 145 206
22 200 355
69 147 263
81 135 261
27 135 279
38 29 68
74 47 125
62 141 378
16 190 224
38 192 274
59 128 231
74 70 319
85 154 259
42 25 205
32 184 354
35 135 202
100 29 175
76 67 144
21 176 230
71 145 226
62 153 411
11 84 141
51 35 108
49 119 177
36 41 257
97 90 191
43 39 84
13 2 211
69 189 260
99 90 194
64 43 114
81 79 190
82 46 128
11 106 123
11 104 166
31 164 200
54 93 148
41 22 82
99 177 299
61 44 131
23 158 190
95 117 244
39 192 257
71 162 327
82 195 304
27 74 102
55 63 157
77 53 136
23 137 175
18 102 161
58 185 243
19 146 212
35 121 165
50 5 58
50 51 185
65 198 266
28 175 318
97 195 299
2 14 22
10 163 178
12 104 197
47 154 204
41 23 69
28 79 110
68 112 182
97 96 208
33 125 171
76 56 169
93 171 340
64 186 389
35 197 235
58 69 205
2 172 183
67 143 238
75 12 110
53 112 166
60 164 267
97 101 202
71 72 161
32 157 192
49 96 164
9 191 210
58 95 162
64 40 110
91 159 289
81 40 128
66 198 269
77 174 283
94 70 238
73 87 160
49 128 178
28 167 220
40 17 61
43 47 99
84 106 198
13 68 90
49 3 57
6 14 20
72 148 364
70 134 347
72 8 128
37 28 113
96 138 278
65 195 268
73 81 189
5 70 87
67 163 242
9 139 169
55 53 287
51 172 250
41 61 229
43 129 181
40 101 143
78 2 117
15 162 178
41 102 152
42 119 282
8 71 86
73 80 159
87 187 329
31 55 111
3 78 100
56 34 111
60 90 247
65 83 168
84 62 152
54 76 161
15 110 167
5 61 140
7 36 75
84 91 184
23 178 201
24 165 196
86 115 209
4 157 193
64 34 240
43 178 300
6 132 202
39 154 193
50 116 214
2 65 99
65 99 196
45 97 209
61 82 151
4 104 209
62 192 281
48 106 325
3 195 205
57 46 225
87 128 242
98 116 327
28 72 228
6 198 211
91 159 254
38 9 176
93 156 256
36 192 237
87 130 221
46 160 252
22 0 47
63 69 154
99 186 465
49 177 255
73 167 264
99 83 308
28 54 82
18 132 217
98 157 292
96 131 326
28 25 143
2 123 157
66 71 230
38 75 127
31 58 95
37 134 216
62 63 148
86 168 367
26 195 221
22 68 197
78 132 244
56 116 358
7 156 163
81 200 462
97 81 179
21 146 344
80 38 130
70 22 98
80 70 160
90 90 331
51 74 142
8 50 208
26 88 229
16 140 161
76 30 154
46 67 140
3 8 71
59 76 139
96 163 289
22 161 212
58 4 92
48 161 372
35 6 88
50 132 185
78 102 187
82 163 349
43 74 123
2 100 108
26 2 32
76 98 193
82 143 342
37 167 286
78 62 150
42 81 142
39 24 80
54 106 192
51 134 232
32 116 166
94 98 200
67 1 69
64 39 125
83 166 249
88 132 223
93 195 442
88 187 276
48 3 59
64 12 80
40 131 180
51 47 106
87 138 226
68 82 187
33 53 93
62 7 80
2 135 158
82 11 114
96 137 282
47 80 134
17 33 53
78 51 139
32 161 321
52 11 69
100 23 180
22 69 92
41 69 128
21 166 213
24 146 176
78 190 276
41 93 158
1 141 146
19 176 238
79 25 179
100 144 245
17 5 31
28 122 182
41 187 277
14 158 180
20 95 218
6 18 52
29 28 58
72 92 280
99 89 352
43 195 278
8 157 206
29 78 127
42 189 379
58 25 83
20 34 139
12 110 160
6 126 176
73 126 206
79 173 269
98 54 155
56 54 127
81 109 199
79 29 253
50 18 220
84 42 144
58 31 95
92 149 281
48 108 350
52 67 119
20 196 277
43 9 146
26 167 258
41 169 249
93 24 127
29 197 228
32 123 319
6 171 256
8 81 127
70 195 271
83 87 209
16 12 134
67 177 249
33 33 133
79 4 112
54 190 245
17 12 31
91 102 193
10 86 106
93 124 235
3 118 138
40 177 384
41 192 286
30 95 135
63 177 261
68 157 226
42 31 75
34 93 153
13 98 131
1 79 139
69 119 238
34 56 254
96 142 241
51 148 272
37 45 83
84 114 295
12 90 134
89 64 155
16 57 178
91 57 156
58 196 337
89 143 362
16 92 114
95 149 246
22 12 63
9 27 45
53 97 156
46 163 219
64 195 259
47 87 166
58 171 236
87 122 248
78 180 264
69 77 163
73 90 326
98 129 235
88 186 312
86 190 412
13 153 206
45 110 319
39 164 207
16 118 172
97 163 280
48 9 250
77 137 215
49 105 189
5 200 231
15 13 100
98 188 325
80 68 155
40 49 239
100 5 113
5 80 89
47 51 148
45 84 219
58 173 233
99 57 166
51 24 229
1 100 185
39 148 232
57 6 68
61 178 255
50 194 346
67 88 157
19 149 181
69 186 304
1 151 163
7 197 204
27 182 402
33 105 188
32 5 44
71 174 269
81 22 302
85 30 237
64 170 240
46 45 94
71 72 149
1 57 118
94 31 168
93 151 245
36 152 230
50 99 151
95 22 148
97 109 238
94 66 162
62 75 140
74 45 258
13 72 109
63 126 189
30 189 227
1 174 185
40 192 242
57 164 341
49 98 150
55 68 129
63 149 215
36 89 125
10 15 34
93 37 242
71 81 301
50 176 398
76 144 232
81 199 292
94 32 150
5 16 53
96 124 356
52 73 131
3 179 320
52 114 173
96 82 192
37 185 224
29 68 212
19 160 202
95 198 317
62 156 327
94 129 241
73 43 150
89 140 237
47 191 242
20 165 196
93 156 262
93 175 316
77 170 253
3 197 205
38 114 305
73 39 122
85 129 224
45 142 224
72 157 239
73 107 214
39 105 150
28 166 272
82 98 184
97 162 301
86 39 130
43 14 57
63 44 110
33 100 142
23 179 210
26 139 363
93 174 274
73 48 130
86 126 219
77 68 264
2 108 131
6 18 32
28 18 68
49 197 416
55 47 103
56 27 90
11 19 40
57 185 274
78 156 235
100 98 377
63 166 240
5 83 124
33 101 175
97 125 266
21 145 170
70 14 123
82 121 230
7 192 227
83 71 154
63 104 181
16 134 159
1 193 201
27 168 222
52 6 99
63 10 111
1 50 55
84 197 454
81 97 187
29 150 186
16 7 26
3 166 304
84 137 222
73 138 216
28 31 246
28 51 79
12 80 96
60 79 206
42 46 250
52 196 263
91 125 253
46 154 213
51 137 310
72 95 177
4 134 146
99 74 176
98 9 110
45 143 191
71 10 104
62 130 199
79 40 151
29 78 277
77 113 191
82 143 235
95 54 150
2 152 193
37 31 77
69 137 210
7 195 216
75 70 148
20 102 272
43 183 260
38 165 214
47 44 93
86 39 135
20 47 77
57 133 221
39 156 197
84 95 221
8 60 78
50 198 257
50 131 188
8 192 204
96 45 150
17 87 187
82 91 178
57 29 121
54 37 93
42 28 168
68 174 275
13 75 91
62 28 225
23 178 216
65 129 197
26 90 117
96 71 305
44 26 79
74 190 266
86 113 247
13 97 247
88 49 138
59 31 100
46 155 227
29 14 49
87 156 245
21 98 160
91 94 189
24 127 170
78 44 246
52 12 68
1 89 223
30 121 153
97 172 273
55 180 245
44 182 233
53 184 433
27 139 166
34 140 176
53 88 144
2 61 91
52 128 188
61 40 103
50 152 224
71 104 190
39 163 248
38 67 139
66 68 142
44 5 197
81 77 201
38 124 341
83 81 172
5 10 21
68 53 204
14 108 147
93 118 218
65 113 223
16 58 109
93 38 134
15 25 73
36 9 83
11 33 94
26 2 203
98 60 164
100 70 207
97 131 270
77 154 233
93 95 217
48 130 208
94 144 273
100 29 143
54 132 330
82 162 250
31 45 78
66 48 175
54 153 207
20 47 105
100 16 121
36 126 172
98 96 195
31 157 188
23 111 141
67 39 111
67 58 157
72 10 92
5 78 103
28 18 221
93 51 274
4 81 91
67 149 328
58 64 179
81 160 379
23 119 167
57 184 435
88 48 136
13 92 119
90 172 302
8 140 149
77 187 278
50 2 137
56 122 180
44 178 230
30 193 290
47 39 90
66 55 129
60 160 224
50 50 105
23 96 140
33 116 152
8 58 79
5 92 102
46 194 254
46 124 315
4 92 109
66 158 237
54 147 217
88 96 356
61 184 313
94 200 466
46 177 251
82 34 121
30 47 107
91 59 157
14 88 105
90 108 210
33 138 261
96 179 275
27 48 122
98 34 137
58 196 431
34 167 218
83 47 317
34 62 106
51 5 144
95 57 159
97 143 260
3 162 171
18 183 205
22 89 111
81 16 98
94 175 272
40 84 157
85 13 240
17 108 139
72 26 183
27 196 231
12 176 196
40 146 206
19 96 122
77 179 367
78 163 277
98 44 278
9 102 124
24 48 80
50 91 172
62 78 176
63 24 92
48 75 165
41 129 218
97 146 244
39 95 138
45 180 228
93 95 333
97 65 242
49 152 208
85 134 240
92 142 243
46 50 104
32 197 236
30 90 127
34 97 190
10 98 117
15 46 159
17 99 213
38 95 157
64 124 195
27 153 303
62 62 169
83 42 290
3 186 189
62 52 127
80 32 112
1 197 208
27 50 92
45 140 220
52 30 92
46 69 122
70 196 267
21 170 221
27 106 141
47 103 271
59 133 339
29 29 68
92 104 280
41 5 79
70 112 211
53 102 185
28 143 185
68 85 162
72 196 277
19 33 142
7 115 166
2 4 165
82 130 277
94 170 300
89 88 182
24 134 189
52 75 154
22 50 263
72 91 273
25 0 69
37 58 103
74 111 211
23 193 220
91 47 186
95 120 263
55 184 246
57 191 441
94 131 261
43 57 104
78 192 354
74 56 175
63 20 94
41 49 160
79 110 198
48 105 179
88 131 233
71 175 260
16 181 339
88 80 178
1 149 153
20 112 138
25 79 250
79 56 226
66 197 270
71 99 170
52 18 76
62 67 140
83 126 339
57 135 327
68 165 390
79 18 103
50 187 246
56 142 228
87 55 178
98 184 288
21 42 179
11 111 147
47 165 213
39 96 313
76 75 315
27 153 217
14 20 211
20 125 162
92 161 261
71 183 294
77 168 265
20 181 205
23 80 219
46 74 127
29 150 305
9 2 25
38 183 325
75 67 190
81 180 277
86 79 168
56 63 146
63 159 229
1 140 144
48 47 171
61 89 172
45 101 152
43 126 177
28 173 217
21 53 130
31 159 198
100 73 183
67 181 251
43 83 231
64 51 306
30 191 224
93 138 366
66 148 311
15 46 80
24 44 86
18 136 204
37 53 130
94 57 348
8 129 269
20 18 84
83 179 271
21 86 167
70 52 166
17 181 361
57 109 287
58 34 98
32 70 144
48 23 73
79 73 170
47 138 218
21 50 81
16 117 143
73 77 183
27 24 80
9 60 71
53 56 148
92 90 221
49 103 198
29 108 141
64 106 173
60 84 192
83 0 118
25 176 209
52 123 179
60 169 411
24 129 159
84 148 269
10 102 120
33 97 138
24 58 88
92 83 245
42 58 120
55 183 238
20 55 79
8 143 196
54 171 233
90 35 172
5 148 161
20 51 85
67 176 247
10 120 171
14 63 110
28 24 59
30 95 131
49 199 279
60 150 220
64 29 147
81 83 164
17 176 210
55 184 239
75 131 230
49 29 79
41 56 105
98 197 314
44 195 288
73 102 207
68 178 375
96 113 382
23 147 301
83 27 114
26 88 297
69 171 247
75 77 157
18 116 142
63 44 112
81 55 334
17 129 219
76 173 268
19 197 309
3 19 30
78 16 102
49 196 384
62 129 196
7 58 172
97 121 225
34 128 258
29 145 182
14 34 58
77 101 182
2 194 199
20 93 119
50 114 258
78 52 221
5 191 324
26 188 223
48 137 234
52 50 103
76 51 128
16 131 151
35 28 88
83 45 175
90 87 203
64 94 228
32 54 92
81 43 132
27 24 61
47 135 295
78 32 120
60 159 239
94 106 293
52 123 200
27 31 75
38 170 216
50 35 95
44 122 176
56 59 124
87 28 288
50 162 389
57 20 127
2 44 76
5 171 222
17 29 92
33 182 316
14 84 241
89 144 333
54 130 223
79 2 111
35 66 109
56 192 248
63 47 119
42 46 118
21 191 220
99 44 149
86 134 224
65 134 279
46 47 143
86 100 350
26 111 186
33 165 206
76 171 260
84 196 286
80 165 293
80 79 179
94 163 428
63 87 315
96 18 148
74 102 267
41 97 158
83 55 184
95 197 326
34 54 98
40 191 280
21 188 214
19 109 295
51 66 127
59 13 137
32 126 163
73 69 181
40 129 177
26 164 197
62 131 341
72 6 93
99 57 160
68 2 70
84 77 164
96 84 214
79 87 316
64 193 297
20 160 180
65 157 230
99 198 331
47 50 137
96 197 306
76 8 89
73 2 108
8 120 129
18 105 124
100 121 293
97 91 296
18 141 169
3 188 267
29 67 106
