280
79 87 215
32 171 218
49 59 110
85 101 341
30 192 226
52 39 94
27 72 104
98 47 148
78 197 277
52 153 209
26 180 289
38 96 183
44 32 113
8 146 187
14 33 47
39 189 239
72 76 185
29 133 185
65 54 124
76 3 86
16 77 202
58 96 155
45 23 137
100 12 121
86 86 178
32 158 301
81 0 86
25 165 291
70 58 163
72 14 157
52 31 89
14 53 123
33 93 130
26 91 125
42 95 138
77 199 289
53 54 189
60 168 248
73 158 231
8 131 160
98 14 247
12 11 161
22 41 70
34 152 221
54 47 125
13 92 114
19 80 175
59 108 168
39 12 77
16 80 134
41 116 163
29 2 36
82 171 256
96 95 271
21 86 163
65 176 271
100 111 284
9 4 33
65 88 168
30 35 67
46 133 252
91 53 145
90 9 266
26 114 158
10 57 76
80 161 255
49 113 360
49 125 259
65 102 175
53 83 264
12 6 76
7 145 174
25 23 222
66 108 181
32 197 277
38 62 146
86 32 317
51 127 202
70 23 137
50 186 244
20 186 206
28 60 94
45 25 79
45 165 279
33 198 237
50 150 291
1 7 15
25 62 94
54 143 231
82 7 185
53 90 148
7 55 71
64 39 113
11 70 81
1 188 196
70 175 252
72 36 156
80 11 137
95 158 260
33 141 199
59 127 204
86 165 265
11 24 44
53 45 143
80 98 185
98 64 262
43 192 239
36 110 327
100 158 265
10 193 221
86 185 359
35 129 192
95 111 206
50 166 234
89 38 264
92 131 246
80 157 283
65 175 269
88 91 233
30 82 142
62 149 215
8 179 211
22 152 175
22 190 279
78 195 288
17 188 206
61 50 117
10 4 35
40 161 328
95 29 172
66 39 112
80 118 365
36 136 206
42 55 258
71 106 189
67 138 216
10 158 241
50 39 284
35 146 259
84 127 218
56 122 210
30 36 80
38 36 106
29 197 261
40 45 138
79 116 201
30 36 75
58 98 164
38 152 199
4 147 192
61 46 128
26 3 33
77 81 186
30 183 220
74 29 212
66 197 287
42 157 205
77 40 240
29 21 67
93 120 217
15 6 111
50 78 145
24 71 96
29 151 187
23 38 101
97 46 272
3 14 20
14 136 190
77 40 132
49 110 264
47 195 243
44 42 149
49 25 166
74 22 105
39 76 124
97 137 235
16 75 99
46 52 103
16 20 218
47 189 382
25 30 61
19 158 335
1 62 66
48 56 149
46 152 204
93 116 346
97 24 121
96 113 228
2 29 32
41 140 218
21 159 211
85 132 255
94 60 163
79 134 218
1 47 51
60 195 363
10 181 305
39 91 207
62 178 244
86 87 228
90 5 102
55 22 85
46 155 327
77 122 223
78 146 235
30 69 119
80 180 281
40 80 283
50 41 106
96 114 234
52 68 127
80 2 107
40 135 178
100 126 226
77 47 132
100 84 194
89 193 457
26 182 363
15 82 177
65 80 308
90 37 157
74 109 334
52 72 127
47 13 251
66 86 236
93 41 165
9 172 289
99 187 290
43 2 89
90 86 258
14 77 93
83 19 162
62 116 186
69 126 197
5 100 105
76 5 85
64 53 123
41 141 197
96 31 154
33 108 151
11 152 263
62 22 93
62 105 175
6 123 154
56 44 204
59 177 260
87 164 368
78 198 427
91 89 199
20 134 167
93 133 270
61 18 83
48 112 248
83 189 308
20 154 180
51 38 91
7 48 240
6 192 198
37 25 105
26 87 117
48 52 150
56 20 84
74 200 401
91 189 333
95 56 189
5 43 122
19 196 215
90 131 224
65 110 177
20 102 131
88 182 278
77 89 175
20 88 122
87 14 170
95 27 296
42 127 178
58 57 124
35 189 243
67 146 223
84 111 197
