490
98 132 337
4 89 270
71 167 252
56 199 266
83 84 168
64 180 288
41 41 102
64 159 253
72 60 293
76 61 290
47 37 89
20 33 59
79 90 180
91 74 210
41 27 219
99 72 171
25 98 145
98 92 191
67 194 420
16 116 230
17 153 173
91 101 217
27 171 206
38 62 105
13 89 138
66 106 195
4 197 239
24 137 177
15 165 189
49 124 177
25 160 185
69 30 141
91 90 186
30 165 240
49 122 173
7 53 60
11 13 51
82 114 220
67 116 309
34 65 101
28 85 122
61 69 130
74 94 171
37 38 91
70 114 190
35 92 154
44 128 222
35 54 106
53 98 171
82 119 245
24 3 110
74 80 156
77 61 250
40 55 96
85 54 146
85 185 271
34 56 95
62 24 126
37 138 180
58 121 199
93 70 194
65 114 180
74 141 371
89 161 279
93 165 288
41 29 88
17 56 82
25 19 243
27 72 107
38 185 243
43 142 229
64 59 213
97 199 343
71 93 206
57 17 111
62 148 228
47 164 220
61 13 77
37 8 63
34 9 44
61 161 232
44 48 116
8 117 142
49 195 376
46 148 195
97 152 252
61 61 153
89 172 431
22 58 152
9 196 239
78 98 267
23 6 168
87 41 136
31 167 218
25 123 152
72 34 142
49 126 179
52 179 235
18 25 52
68 23 96
7 135 175
57 102 165
72 31 290
73 44 267
57 155 216
67 88 200
62 132 194
60 46 107
5 130 258
22 187 217
21 92 120
69 1 89
89 2 92
81 122 250
90 79 209
90 39 151
55 54 113
100 39 180
98 193 314
37 12 99
53 106 325
52 135 192
43 77 224
35 96 245
100 188 384
45 8 144
78 84 184
95 190 318
71 148 220
68 86 159
34 14 58
12 55 73
65 2 99
14 39 178
1 83 111
7 102 119
75 158 279
14 48 67
9 78 229
79 183 269
59 122 182
32 111 152
82 160 389
81 22 145
87 133 224
37 159 201
41 56 176
62 178 247
3 163 166
79 151 392
26 65 91
56 40 123
3 39 146
70 85 200
55 116 175
36 127 175
39 86 165
50 138 190
84 85 169
98 158 263
85 109 232
59 159 336
77 44 128
37 50 250
69 25 97
75 189 273
12 114 175
20 56 122
49 33 83
9 34 185
100 151 253
87 5 99
19 184 204
61 159 225
98 34 190
3 0 105
57 123 187
95 12 155
2 174 186
48 124 173
72 26 108
47 64 120
20 56 78
13 133 155
36 6 66
57 172 239
48 159 221
21 37 60
51 138 227
55 92 156
51 130 381
70 116 193
68 44 132
16 82 269
34 0 49
12 33 128
76 27 113
14 40 93
18 60 78
45 92 207
57 20 79
26 95 128
43 186 411
36 149 201
57 139 196
67 200 298
92 185 288
13 44 184
1 185 199
1 85 101
14 148 320
21 179 217
82 46 144
96 130 232
78 89 198
38 78 146
24 83 262
22 44 232
28 178 206
75 23 145
81 67 224
11 92 144
74 0 84
15 108 132
44 102 153
35 38 83
76 83 159
84 28 122
24 91 123
49 138 203
40 84 255
1 13 27
47 41 101
83 154 238
63 114 201
44 190 238
99 3 116
91 134 368
28 25 59
85 43 158
40 29 100
71 128 391
88 184 279
73 132 208
99 112 216
77 66 148
40 57 127
76 14 121
60 98 322
78 110 205
23 13 41
50 34 141
4 13 25
37 168 213
60 127 204
41 12 210
35 125 162
96 134 231
19 56 76
67 162 235
53 156 272
92 92 185
46 146 202
65 73 143
45 141 197
12 112 132
1 114 119
56 142 239
42 183 241
52 25 84
62 43 291
8 71 83
40 76 126
11 12 33
40 59 141
98 160 339
9 171 209
44 167 246
20 73 100
40 192 236
16 25 48
89 139 261
94 142 270
51 175 262
88 191 282
58 30 92
92 34 133
83 7 117
97 146 264
19 49 123
17 80 146
93 37 131
5 4 148
45 139 208
77 88 357
39 169 209
42 25 75
77 129 336
94 117 212
50 61 144
32 108 145
49 120 243
95 88 212
26 117 174
61 167 267
12 74 94
16 112 159
27 112 241
1 116 124
69 91 163
32 166 308
74 74 185
22 152 206
96 1 107
54 48 104
69 119 241
38 27 107
12 180 201
61 150 353
93 54 164
74 100 178
27 185 403
25 5 38
76 124 204
70 163 314
42 119 164
92 199 311
41 166 356
16 113 153
58 119 177
46 146 358
84 16 103
19 172 197
8 197 211
73 164 237
59 136 200
97 81 183
18 150 246
29 40 102
87 35 131
74 64 141
59 91 261
90 21 119
74 55 258
21 101 131
13 8 54
16 126 152
36 23 85
78 161 328
33 125 158
57 92 171
72 186 378
51 43 96
91 200 300
14 16 77
43 119 163
48 120 205
44 46 95
76 136 218
27 120 347
9 11 60
60 100 298
43 29 78
93 66 162
80 150 297
9 39 54
52 178 236
60 26 172
42 159 235
37 108 329
49 76 126
90 95 195
69 140 235
38 198 240
60 192 422
87 88 218
52 166 377
47 150 239
17 148 328
15 81 106
19 0 59
1 35 39
88 86 190
75 53 135
46 157 210
10 31 146
55 59 203
53 126 183
82 186 405
65 141 222
90 178 269
65 168 370
100 135 244
99 67 173
11 12 31
95 68 186
21 173 278
21 19 44
85 106 319
69 2 74
23 43 92
36 187 232
87 159 253
87 182 297
64 152 216
46 100 186
88 122 320
51 191 244
82 99 315
51 142 197
72 16 97
38 176 247
13 25 58
68 162 263
57 124 185
87 155 434
32 147 194
91 34 163
72 198 274
43 10 75
38 149 287
17 20 39
4 29 76
89 10 155
8 44 57
89 1 116
7 36 237
24 95 239
6 14 28
28 23 133
63 112 261
88 2 96
55 39 289
37 98 248
69 185 264
76 98 199
1 90 91
69 129 206
70 40 124
49 49 105
57 16 83
76 69 149
69 111 336
98 77 357
5 113 118
85 87 173
11 164 201
94 144 274
94 135 279
91 9 130
47 90 168
92 195 337
89 22 161
70 12 177
23 123 146
74 107 206
69 39 112
49 107 162
82 172 256
67 74 147
41 130 171
5 168 173
89 33 131
36 198 260
89 72 299
42 163 212
76 50 134
19 85 228
75 106 186
24 155 317
75 157 278
43 141 191
69 198 275
95 47 335
44 140 209
61 181 251
90 180 371
23 142 169
32 3 148
41 35 77
23 101 127
79 0 214
78 62 323
7 162 317
54 105 167
95 105 308
20 72 140
18 51 82
44 76 130
20 91 141
