190
73 6 103
45 63 177
13 155 244
34 153 195
87 176 304
35 15 70
38 90 129
43 48 91
98 2 105
24 93 212
44 182 228
11 153 170
47 148 218
28 67 125
14 181 203
52 128 226
92 57 155
97 194 291
88 105 193
18 172 198
64 103 337
91 77 202
52 181 271
75 114 202
68 37 153
38 10 233
39 101 172
9 71 123
40 159 199
37 45 125
21 193 256
40 194 243
25 117 330
11 72 219
79 24 229
1 3 12
18 106 147
3 163 171
9 183 197
70 142 216
33 186 261
93 119 214
41 5 50
29 86 120
87 135 234
72 155 238
31 99 138
20 118 144
22 101 125
3 110 122
70 138 208
94 135 407
61 125 186
84 154 245
32 116 194
69 126 234
96 30 141
57 149 206
99 22 142
38 181 229
1 54 64
37 16 61
45 97 151
88 66 182
72 197 275
59 149 211
31 38 115
81 48 138
7 42 225
4 49 188
10 132 317
63 195 260
92 46 140
38 19 166
8 179 313
81 71 225
18 123 229
10 15 34
2 128 175
69 177 246
59 146 209
11 140 158
88 197 344
40 60 109
15 71 135
47 131 186
85 128 262
65 198 270
55 180 238
38 164 233
29 161 196
77 147 263
24 180 314
2 175 211
27 44 76
33 50 86
37 73 179
25 85 136
59 103 164
97 3 111
78 3 82
93 191 322
53 3 142
3 160 173
31 106 139
64 103 329
87 7 114
25 157 354
23 84 141
61 10 195
11 171 360
79 63 170
43 179 248
31 131 244
59 10 71
21 111 264
65 132 231
71 152 243
62 30 94
98 59 177
97 179 287
32 124 166
37 153 223
74 71 262
20 0 197
9 175 350
5 0 6
29 70 164
46 121 221
32 122 320
14 174 337
52 113 174
15 194 217
70 124 198
83 132 222
48 23 102
2 101 110
62 4 257
8 74 98
9 17 32
60 82 148
46 177 259
32 59 93
20 197 221
85 193 311
75 170 287
44 163 247
58 1 106
91 72 225
41 81 151
100 172 279
86 43 167
79 21 136
31 145 184
63 50 114
51 111 278
61 146 236
4 49 58
5 74 95
88 133 385
59 115 177
56 144 208
25 54 118
75 38 117
11 25 72
77 6 193
38 28 148
19 195 214
21 73 95
36 75 140
27 135 327
24 20 207
47 8 99
67 153 222
32 3 130
54 176 267
50 130 180
95 122 219
86 191 343
64 107 181
78 68 195
82 196 285
80 91 177
27 10 71
75 87 193
85 158 252
55 28 217
38 61 237
16 125 191
27 132 206
