840
77 107 199
86 84 173
2 89 103
66 56 153
58 195 345
75 29 157
78 94 175
16 69 107
78 3 192
27 48 123
8 114 241
83 8 99
87 43 170
45 124 240
93 189 284
41 12 125
72 136 296
41 191 397
78 2 112
100 69 212
76 156 237
64 66 147
76 62 139
20 3 36
18 108 163
44 32 106
52 24 249
77 139 274
56 41 143
73 136 219
89 101 300
95 111 207
36 42 79
68 145 213
97 33 135
44 83 141
69 144 224
96 113 215
40 80 145
99 154 261
55 81 150
11 44 232
32 31 223
92 114 214
63 147 332
39 42 86
13 156 187
76 30 125
14 128 150
23 94 123
52 154 208
12 158 202
15 170 186
21 12 60
11 44 72
13 175 189
45 146 344
73 197 438
69 40 119
66 79 153
15 68 92
57 165 339
94 64 166
99 13 135
34 44 85
11 138 335
5 162 168
92 58 157
19 28 53
46 131 180
20 162 190
60 21 103
69 160 339
17 62 122
68 59 279
91 53 192
77 74 162
51 27 86
69 136 210
94 193 296
79 45 135
17 40 112
89 110 205
90 188 282
4 99 112
15 31 51
58 16 85
23 100 160
18 67 92
71 168 262
32 179 247
83 150 240
28 102 249
28 36 94
43 66 119
25 131 161
54 162 225
7 42 96
27 164 195
3 50 67
1 16 30
86 122 210
76 172 266
12 154 180
92 107 207
84 25 257
95 59 200
54 114 216
49 182 239
11 129 172
45 200 248
18 130 156
36 48 101
12 147 159
63 79 152
38 131 177
74 5 89
67 192 422
17 96 115
71 48 192
100 118 394
47 120 172
57 90 245
36 58 132
5 22 29
40 117 161
74 46 129
6 169 218
8 104 158
8 121 176
15 146 170
5 51 76
26 111 145
81 191 356
77 65 303
19 144 173
21 6 27
49 77 130
29 141 170
72 109 218
46 184 232
77 99 375
38 14 229
94 190 305
93 90 185
43 111 161
31 190 271
24 125 152
22 95 163
99 79 262
17 137 154
47 100 166
87 106 228
82 164 263
47 57 109
10 44 60
16 155 221
99 8 117
16 166 195
22 101 123
42 19 63
99 29 133
1 80 127
18 97 122
16 147 359
23 85 109
9 99 109
91 45 169
24 165 277
39 135 198
30 124 162
83 120 224
69 99 169
75 88 164
70 49 122
23 48 78
24 80 107
72 42 125
60 150 247
81 109 194
20 165 219
36 82 124
1 196 203
17 75 258
98 149 278
73 46 152
96 189 299
72 168 400
38 14 61
10 76 97
86 177 282
40 174 358
13 122 138
15 92 111
75 119 200
58 130 297
79 170 255
99 38 137
76 32 152
2 13 40
2 12 160
40 98 183
81 173 258
8 46 61
3 9 85
69 133 243
100 109 229
20 187 207
48 101 195
63 159 232
56 33 104
86 85 330
18 173 223
80 130 239
18 64 216
97 103 208
49 155 379
66 77 152
21 1 25
61 41 106
17 97 120
9 55 131
38 93 142
24 191 404
43 99 155
50 39 187
7 48 60
22 2 24
77 28 112
68 41 110
53 143 198
66 134 270
60 129 198
62 187 294
89 145 279
72 58 137
95 45 309
92 86 178
85 45 140
87 43 186
39 141 213
16 68 88
24 152 183
74 147 222
58 121 257
65 165 250
14 87 115
72 196 270
74 97 193
91 193 289
74 38 112
22 24 89
10 141 198
59 122 187
17 155 191
98 101 244
81 74 189
6 1 16
21 61 89
18 91 109
47 71 121
57 14 73
67 196 269
79 23 263
23 181 223
33 138 204
28 48 81
90 95 206
4 93 102
57 10 96
52 118 365
50 11 66
99 121 236
76 142 226
49 53 103
77 146 224
49 150 199
89 91 329
76 88 171
88 22 118
2 57 80
92 73 169
82 5 179
43 12 65
27 113 336
95 135 388
71 154 225
20 116 151
3 1 102
76 10 91
17 169 195
7 153 283
11 93 113
26 109 152
55 137 193
17 199 255
28 14 52
82 82 166
55 12 104
29 143 174
75 98 325
31 23 86
97 157 285
64 12 109
82 4 96
72 146 362
70 80 344
18 29 55
12 20 38
89 100 189
35 60 275
33 184 255
33 56 98
7 150 157
89 33 146
3 27 45
20 115 138
39 0 44
95 186 348
32 72 108
77 23 122
88 13 111
11 149 190
74 131 220
37 20 86
9 70 86
84 4 98
17 14 192
94 153 251
93 173 271
49 116 271
87 119 226
60 32 119
89 194 288
1 139 143
96 32 303
10 99 187
43 200 244
79 15 104
50 183 382
37 133 170
84 153 259
8 178 303
60 69 132
46 83 133
82 99 182
45 93 177
75 145 225
99 42 279
20 26 51
26 32 96
63 183 295
3 14 36
73 20 115
76 92 193
32 65 154
17 106 214
64 142 210
6 51 59
32 81 144
82 90 172
66 118 342
100 10 137
10 80 93
25 8 42
65 115 218
70 138 214
58 82 148
58 89 195
8 14 91
9 16 32
29 142 173
9 8 32
2 45 198
58 190 253
94 19 299
18 77 96
64 160 233
30 99 140
92 195 294
47 106 230
20 81 132
39 165 230
25 181 232
34 124 164
98 92 194
10 85 97
58 86 161
15 75 145
31 160 339
82 35 132
35 78 115
80 137 366
9 23 78
98 22 148
21 32 96
47 129 186
88 63 158
24 174 203
19 193 212
98 27 168
19 31 91
4 47 151
23 69 127
46 40 118
71 55 129
36 94 130
93 50 169
11 133 189
33 156 224
59 188 250
85 192 376
2 190 248
96 181 285
96 59 162
13 12 51
81 101 183
30 115 148
56 189 266
15 178 317
14 84 107
38 135 219
14 175 190
52 100 184
100 14 178
22 184 208
23 10 37
58 28 86
26 196 355
5 20 32
97 135 267
79 29 187
33 198 381
36 177 237
72 180 276
45 153 199
21 124 149
52 26 213
9 26 60
64 142 213
10 37 51
35 164 293
47 169 253
39 163 314
48 9 164
34 153 187
92 17 135
53 125 216
79 161 375
96 106 225
30 156 187
29 78 120
63 69 140
71 35 128
11 15 59
26 158 193
19 168 197
74 4 78
2 48 157
25 30 61
42 5 91
11 123 160
5 115 182
67 118 190
49 14 245
25 76 163
95 60 182
92 27 130
27 112 141
76 158 285
82 13 124
66 80 155
7 144 168
31 1 186
80 117 370
62 90 203
84 52 152
44 19 95
34 81 167
30 98 201
55 175 233
64 45 119
19 26 92
45 6 89
78 93 174
12 45 60
49 178 416
82 141 373
28 109 138
96 144 275
13 0 81
100 142 385
73 198 273
81 164 251
85 162 345
10 146 164
50 92 156
96 10 113
12 81 210
1 21 27
16 169 298
27 27 64
24 31 58
81 194 289
69 30 231
67 49 140
26 145 350
2 62 74
29 164 200
31 21 92
24 146 188
37 90 174
44 126 184
94 136 327
86 30 118
44 27 71
87 61 157
9 198 212
6 119 128
67 171 346
46 1 53
100 14 117
92 87 280
49 121 176
62 156 224
42 93 140
94 182 276
42 148 226
38 20 97
53 87 223
94 4 178
96 180 464
48 35 93
39 64 110
3 25 129
27 11 48
73 123 204
23 64 95
16 166 292
84 20 136
42 129 276
41 131 200
81 172 259
99 114 386
26 83 116
53 6 59
76 154 258
69 93 191
63 89 155
23 200 223
5 38 89
68 47 163
9 177 187
59 136 201
7 114 167
93 77 216
51 190 325
63 130 323
73 85 186
19 65 244
90 26 121
75 49 146
34 130 264
35 152 195
25 171 197
11 143 203
42 30 74
43 111 269
17 111 229
62 29 275
53 187 290
26 176 212
86 181 337
42 152 202
88 110 351
33 8 231
17 28 87
67 168 244
36 197 265
2 123 131
95 13 113
33 51 94
81 156 366
63 141 208
29 101 130
87 153 245
37 60 98
11 97 116
89 108 251
21 132 162
88 105 217
16 120 177
9 102 140
81 33 120
45 94 278
20 64 84
58 30 113
99 40 275
5 75 196
70 91 168
60 14 80
9 161 177
4 75 105
56 16 94
26 23 159
80 64 168
50 113 184
1 50 95
18 52 111
30 138 307
52 20 73
96 42 176
71 25 130
19 125 236
57 52 194
32 143 175
58 20 112
64 43 116
84 45 206
55 97 158
26 99 134
95 165 406
5 138 324
74 6 103
56 121 225
53 74 137
29 37 98
37 111 150
64 63 133
4 194 212
71 186 389
47 30 222
79 51 151
12 54 106
58 169 231
40 140 198
39 69 116
92 46 325
62 134 206
100 128 350
6 27 36
7 175 184
54 78 157
67 76 149
95 145 413
43 92 178
67 132 315
83 143 230
44 77 278
90 10 290
22 194 219
35 126 336
15 1 186
70 87 158
70 104 210
29 60 138
95 118 215
72 113 195
67 74 184
35 31 162
63 181 252
60 198 436
37 200 238
79 18 102
9 135 147
75 29 114
85 60 152
17 66 100
10 24 71
94 32 132
64 31 274
83 149 232
55 6 106
27 156 192
37 56 134
30 174 213
43 128 198
53 17 74
43 134 179
23 77 108
51 107 291
90 103 284
93 50 152
67 182 284
62 142 379
28 146 260
5 126 180
18 124 143
77 195 289
70 15 150
9 198 210
86 18 193
85 50 137
44 32 80
87 10 104
52 88 171
4 186 201
2 121 125
84 169 428
57 79 148
73 190 282
4 21 178
28 25 61
55 96 177
56 145 267
67 105 174
25 26 83
64 20 89
86 80 173
62 24 96
55 62 127
63 186 439
43 51 98
94 195 295
26 90 118
19 112 181
6 149 195
94 179 274
50 77 154
85 73 196
60 199 308
25 112 144
82 53 135
57 72 146
61 66 188
31 192 402
59 49 141
31 194 262
89 13 144
78 91 170
80 157 273
74 77 216
6 134 143
71 32 149
68 184 448
38 156 196
19 79 106
89 197 304
30 73 112
22 48 96
8 176 193
95 120 256
54 12 69
61 197 274
29 103 166
55 125 183
41 67 253
62 1 228
14 18 59
67 70 231
43 195 239
10 94 104
68 139 386
43 189 394
9 183 332
13 33 82
6 176 374
66 127 209
76 4 84
17 158 183
17 108 288
23 8 37
8 85 99
31 196 235
69 113 232
100 109 209
31 53 101
73 74 157
51 134 188
27 60 91
61 15 82
87 8 112
66 86 170
63 186 295
92 159 261
1 17 18
57 174 236
13 3 63
7 195 208
85 152 243
68 127 202
98 0 148
78 48 129
58 79 137
66 188 262
53 48 121
70 98 235
43 81 131
70 51 129
81 77 161
86 59 187
44 37 103
89 44 212
13 182 218
6 53 64
32 145 180
52 100 162
72 199 313
35 152 193
27 31 93
63 100 202
42 99 277
86 79 175
98 83 325
76 38 148
14 148 169
35 32 109
51 162 247
59 3 63
34 137 189
100 175 310
80 2 91
53 113 170
16 23 41
31 64 96
16 36 243
100 126 234
89 101 193
73 139 215
46 113 164
66 190 454
56 33 220
13 192 248
91 165 261
57 86 220
58 54 119
80 160 301
12 176 383
27 155 215
51 169 268
59 133 241
1 187 196
15 5 28
8 72 85
12 39 57
1 199 233
57 124 183
90 24 193
82 88 178
44 17 92
