890
81 2 106
38 103 144
51 129 183
81 147 232
3 130 198
72 58 177
98 30 158
7 102 249
9 108 153
24 42 83
39 29 98
42 93 145
52 48 204
24 34 112
2 156 165
91 42 279
76 86 330
70 47 308
36 76 120
71 70 144
27 45 76
86 159 280
13 79 97
87 101 194
75 47 123
54 19 122
18 75 130
94 57 152
48 1 149
99 26 127
16 110 258
77 196 288
48 79 132
24 63 123
89 74 172
7 15 159
16 92 111
17 122 321
10 37 49
60 74 162
54 89 186
59 89 154
6 109 122
77 92 320
81 16 128
52 106 345
49 27 79
76 180 258
79 95 346
17 150 167
61 179 249
85 178 265
70 160 235
39 73 116
40 133 178
81 100 194
4 26 32
48 48 123
78 80 280
92 27 234
1 10 49
25 171 371
26 125 171
19 45 98
18 58 198
68 149 219
98 113 375
73 191 460
61 31 95
73 173 252
98 104 395
11 14 26
83 1 244
96 22 175
1 161 256
62 179 246
78 81 195
9 84 135
32 40 241
79 57 140
32 72 287
98 162 270
6 150 166
8 129 160
99 146 286
2 94 135
49 32 126
73 35 111
49 167 220
39 57 98
77 127 226
76 67 152
98 145 344
25 188 303
27 64 99
42 165 265
54 120 176
83 135 262
36 66 136
96 59 165
73 77 152
35 100 141
10 27 45
2 139 318
10 39 59
67 85 162
16 175 240
66 91 157
98 10 288
47 150 202
71 121 214
15 54 83
27 137 234
37 59 137
41 165 206
27 83 293
52 168 259
13 40 85
95 161 256
52 85 180
63 0 80
19 108 132
19 96 159
6 131 137
60 154 248
70 156 283
82 76 159
65 14 161
32 34 111
94 143 400
34 104 246
54 64 140
44 185 272
96 169 429
81 143 314
67 25 122
95 64 204
63 193 259
66 145 249
78 118 198
10 88 132
9 49 66
8 113 206
89 94 193
27 40 104
44 53 176
21 102 270
25 164 192
7 104 144
21 111 142
82 177 307
72 128 244
86 138 227
100 58 168
8 84 92
87 143 238
84 1 94
81 151 295
40 167 299
51 192 248
83 170 292
11 88 104
24 141 173
18 71 100
12 160 243
30 57 126
34 55 100
25 29 79
71 125 200
17 129 153
40 54 138
61 23 164
77 144 270
1 83 217
66 18 125
47 43 96
76 33 110
97 20 162
31 49 84
82 25 109
52 75 131
23 198 226
83 104 205
39 2 46
83 162 255
66 127 197
78 178 333
14 145 195
95 192 306
45 116 318
54 95 308
99 87 221
87 100 189
12 7 62
100 66 171
11 102 158
65 5 102
52 54 135
85 108 367
41 109 198
18 0 64
17 172 214
24 5 77
53 111 171
100 57 161
13 84 131
74 8 105
83 60 185
25 125 240
69 54 127
11 181 284
44 88 257
26 164 192
45 175 251
99 85 217
91 123 245
37 42 79
87 11 102
40 15 124
65 46 151
43 96 141
77 104 188
13 161 307
18 98 123
71 52 226
63 199 270
23 93 125
87 26 123
19 16 69
28 125 159
62 199 265
74 106 187
97 113 218
58 89 150
76 79 160
81 195 456
90 60 159
8 17 172
13 68 272
72 27 274
19 175 366
97 141 243
11 5 20
23 62 93
75 109 200
38 197 279
53 53 113
92 62 289
79 135 251
51 29 82
9 49 59
39 33 269
71 25 114
8 77 91
64 148 226
15 162 181
71 176 400
6 44 148
4 200 209
70 151 225
49 121 294
27 119 257
53 55 118
45 135 274
79 117 204
60 5 99
77 19 102
55 22 268
32 78 147
88 198 326
86 15 101
66 77 285
33 111 151
58 142 218
80 42 124
66 161 384
76 60 144
35 136 171
88 22 238
68 169 242
38 141 309
41 77 152
94 100 371
62 88 163
38 162 202
14 36 74
57 98 211
98 185 415
55 36 101
80 167 355
69 83 152
77 126 226
73 85 160
20 40 70
30 182 217
74 43 121
52 119 175
20 178 294
60 58 250
87 101 220
23 127 152
1 144 146
28 197 228
70 1 85
7 68 84
25 138 171
99 155 267
74 108 223
82 52 165
89 151 285
16 26 45
68 85 164
91 20 118
42 33 95
77 43 167
18 12 37
34 188 257
17 177 195
44 177 231
68 60 209
63 191 264
13 170 191
79 116 204
29 92 159
42 64 110
61 134 195
34 191 421
87 102 343
87 57 163
43 112 201
27 48 76
55 0 61
65 112 328
92 86 367
63 21 97
41 163 245
60 187 340
62 76 146
77 55 138
75 115 194
98 200 308
65 109 190
21 200 228
83 71 339
55 36 95
67 27 159
7 157 188
88 53 216
99 12 119
11 119 132
12 152 180
57 95 181
22 173 242
57 51 115
93 83 358
28 90 123
23 78 193
88 101 193
20 120 143
10 141 340
97 115 214
33 118 158
34 137 178
84 167 266
31 194 263
63 90 191
61 51 129
29 64 258
99 2 102
64 186 250
35 89 159
34 161 208
90 179 340
91 134 275
78 87 173
57 98 187
26 122 178
85 40 136
31 167 234
32 88 160
56 80 226
94 142 263
99 137 271
46 138 189
7 126 150
62 36 109
46 117 167
97 22 129
97 170 268
100 173 276
83 13 256
82 57 144
16 99 149
17 95 116
35 53 98
67 30 104
63 197 366
37 59 109
97 26 267
33 153 192
38 25 201
42 157 324
96 50 186
84 182 307
36 28 107
80 1 127
81 5 98
65 113 185
76 129 208
11 95 129
95 101 220
61 131 197
90 125 265
28 149 222
43 173 230
59 197 265
65 64 165
51 73 157
40 60 114
14 58 208
58 41 101
69 25 142
18 65 196
57 69 170
89 53 148
11 130 164
68 144 214
9 78 112
72 54 128
16 184 210
96 53 183
22 154 177
23 15 54
20 79 101
34 154 223
34 50 84
49 26 102
11 112 146
12 179 201
43 67 120
4 7 32
81 81 327
75 109 190
7 176 332
78 135 279
29 136 166
62 125 194
70 149 227
10 26 38
46 17 70
55 110 169
69 70 139
37 189 255
34 25 84
25 120 152
64 154 225
9 121 144
37 66 111
19 102 128
53 83 155
17 107 173
35 49 103
18 7 48
51 93 184
84 114 212
19 179 204
73 95 196
30 120 157
39 12 56
95 16 111
32 139 171
64 96 178
68 139 229
54 97 160
11 167 184
84 159 339
21 131 166
77 96 179
9 120 237
38 156 367
45 183 272
73 92 214
22 112 194
26 89 125
91 197 422
14 142 267
45 99 181
45 154 247
37 9 84
3 74 120
76 83 166
30 8 205
53 80 180
23 141 201
56 77 163
35 25 153
98 108 216
79 94 177
69 191 266
73 197 278
59 167 226
93 164 430
71 173 280
80 49 171
17 137 163
12 152 171
89 35 133
83 49 254
88 27 134
30 166 237
29 39 123
99 35 138
30 2 38
5 129 152
43 131 183
91 179 416
10 184 194
51 28 89
35 114 284
58 158 237
64 17 117
18 41 60
93 153 251
46 12 107
99 50 184
75 146 264
56 161 217
97 13 118
58 3 62
69 39 114
2 45 85
61 137 238
66 157 233
30 20 54
27 179 206
77 21 106
9 122 156
65 12 125
20 102 132
64 123 211
71 52 130
41 143 184
39 125 177
34 50 130
94 14 116
3 147 187
42 187 349
90 131 231
30 182 236
67 93 169
39 147 292
36 200 260
96 145 247
63 142 229
79 149 265
97 173 296
54 69 190
73 39 112
82 129 318
28 181 311
71 179 260
26 81 111
62 36 200
85 20 140
65 145 214
57 44 108
95 100 229
76 195 296
53 29 114
7 114 132
66 46 112
8 49 174
97 9 115
57 144 208
33 6 104
33 132 307
76 124 247
48 160 209
39 132 368
26 69 143
99 150 297
45 6 132
36 199 241
39 195 239
93 167 260
43 118 185
63 160 305
22 137 164
96 24 124
10 179 191
15 178 201
74 144 220
68 67 179
50 12 112
23 183 329
92 12 109
47 20 74
43 86 159
52 118 179
11 105 244
90 178 366
74 4 83
81 98 189
25 111 157
26 6 36
71 83 257
48 14 65
20 151 180
21 102 130
56 77 139
77 90 247
1 134 272
55 89 194
28 28 74
58 30 263
95 48 174
12 156 175
34 161 216
85 75 161
23 8 65
74 137 250
53 31 91
8 155 173
60 55 118
37 51 252
87 31 297
45 16 70
26 83 120
58 15 76
47 59 133
64 117 188
64 175 255
89 172 288
7 106 122
26 42 118
73 118 191
85 190 311
24 141 324
100 158 357
38 6 89
18 10 193
77 93 173
36 163 392
14 61 153
73 173 257
53 56 205
49 125 365
93 126 225
26 97 150
72 119 191
19 171 220
36 86 161
10 144 162
94 14 153
16 68 103
89 8 98
56 147 204
82 180 270
32 153 377
99 165 268
99 151 390
81 96 202
32 126 335
78 190 342
70 62 150
52 73 142
8 31 60
44 65 111
83 186 274
51 21 261
85 54 147
19 41 191
22 60 129
90 173 280
92 140 239
59 121 189
85 57 146
23 35 88
81 19 121
88 14 254
38 66 109
29 21 51
77 116 202
38 14 99
82 81 198
81 176 449
84 29 120
83 154 243
52 145 205
7 46 74
20 192 367
4 107 142
63 77 145
9 144 175
73 176 255
21 194 220
18 65 89
91 166 261
75 133 215
42 77 287
12 139 320
85 23 263
32 170 284
36 81 156
83 33 126
35 46 88
9 63 81
86 53 180
40 187 328
97 158 256
93 62 205
41 124 176
66 186 253
87 30 125
74 168 243
57 156 218
46 97 152
58 191 337
38 60 116
53 4 108
58 111 173
13 85 129
81 88 181
47 146 194
34 9 74
17 25 46
33 191 398
20 127 245
76 147 230
14 42 59
17 5 22
21 11 41
44 116 163
59 199 267
19 17 39
13 132 194
52 178 239
1 22 29
27 176 297
34 125 200
73 101 310
32 87 120
49 107 273
86 15 134
6 123 187
28 146 174
10 143 155
28 64 113
69 129 368
20 62 100
64 35 135
7 31 58
88 53 341
24 0 28
34 4 41
91 164 257
92 108 205
40 26 232
16 195 302
71 93 174
29 6 41
49 111 208
79 112 208
60 115 363
40 85 317
83 12 104
15 118 137
86 41 185
78 57 137
16 125 312
83 189 287
53 147 238
2 184 231
1 102 180
40 126 176
82 128 211
42 138 186
65 121 196
37 196 236
97 115 266
9 127 136
92 144 256
39 108 176
91 52 144
20 113 135
21 146 190
52 83 153
81 102 183
90 40 157
88 108 340
66 126 247
18 91 112
48 96 165
75 141 261
51 38 94
97 80 347
61 52 140
14 16 150
53 118 173
61 191 292
8 23 60
64 146 220
91 128 226
69 187 275
12 45 102
14 151 170
70 25 105
89 174 277
16 197 247
98 79 199
79 23 148
95 47 143
63 190 262
56 142 201
7 186 213
81 112 277
32 117 149
69 62 135
8 190 198
88 63 197
81 200 314
81 183 270
42 20 100
69 200 276
81 5 129
49 16 262
37 103 174
40 32 75
95 176 281
29 61 188
93 79 208
64 168 244
19 34 251
97 77 309
94 10 112
36 0 55
21 11 43
93 146 405
33 192 232
38 187 235
53 92 156
40 35 128
64 33 143
33 49 255
88 105 286
54 119 185
4 21 59
61 169 237
68 15 91
21 48 74
61 58 152
74 111 278
26 16 49
14 140 162
73 35 258
50 33 88
59 147 220
26 66 96
22 101 133
38 6 53
11 101 278
51 3 102
7 39 50
21 165 222
92 31 123
70 100 200
28 11 44
43 13 212
84 73 158
91 135 377
33 143 192
56 65 253
12 63 145
27 151 200
54 56 129
95 62 162
11 124 252
38 7 177
38 198 407
22 109 152
78 90 226
9 127 186
30 48 86
37 140 206
61 53 242
56 43 109
16 189 245
84 193 279
34 198 252
28 24 54
