210
24 158 192
93 43 140
89 39 130
11 3 20
51 2 81
8 155 213
87 76 304
45 57 136
1 125 280
97 194 335
63 50 118
90 91 191
47 92 206
62 106 187
91 13 286
8 73 82
16 148 173
58 156 271
82 152 237
99 74 183
46 75 131
8 53 62
87 46 225
99 22 121
71 73 165
29 6 39
33 109 158
52 133 187
85 75 169
75 170 291
73 82 171
18 152 215
23 140 172
4 141 146
94 5 100
34 132 312
19 30 208
58 114 173
3 125 170
92 2 128
56 172 260
64 45 285
47 189 243
20 156 185
16 137 154
67 163 233
60 60 316
17 152 198
35 117 153
7 7 14
88 1 139
28 32 63
74 164 267
17 101 126
34 161 201
42 20 79
48 24 163
42 141 206
46 79 145
30 11 50
57 159 253
74 48 128
59 91 152
12 179 198
55 80 144
34 187 356
57 178 271
57 87 147
28 10 39
72 12 118
24 32 120
53 87 142
47 85 138
97 15 220
25 66 201
3 196 249
61 182 269
21 5 150
76 33 123
54 13 81
98 53 194
78 169 251
87 164 252
31 173 209
38 188 253
87 72 162
57 127 306
51 99 166
18 193 227
39 13 106
82 53 138
44 82 261
70 20 154
70 131 333
50 80 138
81 192 472
22 123 343
74 71 149
6 76 88
47 78 149
97 187 348
95 159 254
78 34 158
42 64 109
83 23 110
94 149 426
54 104 334
31 111 157
94 123 220
28 131 188
67 2 116
77 84 170
65 4 75
18 40 93
11 30 62
19 191 284
23 115 148
16 98 153
31 185 254
37 173 241
57 19 84
59 195 345
38 25 91
76 100 353
77 22 254
40 20 127
89 41 132
36 113 155
18 163 228
13 12 57
12 8 26
89 58 155
87 78 166
87 11 247
70 64 280
24 184 221
28 123 155
43 137 182
30 60 110
42 89 141
100 194 452
45 10 81
75 119 291
65 166 287
83 140 226
73 52 246
2 137 172
73 184 406
73 38 155
67 26 136
5 21 34
58 79 138
5 128 182
31 85 311
62 3 174
26 72 159
95 118 284
34 108 180
70 27 103
60 68 130
81 89 176
68 0 77
71 1 105
98 106 204
69 147 249
95 56 168
2 139 173
11 166 365
22 167 239
97 113 219
87 49 139
1 64 73
24 136 255
100 83 187
9 39 55
31 133 190
70 89 165
26 93 125
90 200 467
70 49 240
66 49 139
84 107 196
53 170 309
15 186 236
14 24 40
8 23 33
30 114 272
66 65 311
34 89 225
63 25 241
91 199 317
74 46 125
85 156 290
20 111 138
42 25 67
1 46 47
75 69 151
36 166 222
77 46 295
17 96 121
22 116 144
20 53 73
18 186 253
75 190 314
48 40 130
78 138 244
29 180 214
35 195 274
73 93 176
17 98 141
