790
58 170 248
79 65 153
24 173 198
2 111 139
37 5 49
74 70 152
77 6 109
28 52 119
69 86 160
99 9 114
59 98 157
59 137 396
66 137 204
94 15 155
5 193 248
2 82 91
26 61 88
70 55 151
15 153 203
39 32 138
30 153 209
98 147 309
22 32 61
93 166 393
92 170 264
21 135 164
2 174 179
59 187 274
30 100 153
35 93 128
66 12 103
72 35 131
12 161 214
33 144 239
89 84 270
70 10 146
37 143 223
27 74 197
93 83 367
51 68 168
97 189 336
36 146 185
81 188 301
55 91 337
72 36 124
43 54 136
61 165 422
71 148 394
36 115 153
10 88 130
3 7 40
21 40 94
54 71 132
81 21 105
80 113 194
44 139 191
88 18 111
54 114 174
26 42 76
3 148 151
83 134 251
1 6 114
32 180 254
71 3 90
33 44 112
56 67 167
76 28 106
100 159 290
35 93 296
57 142 203
35 99 135
75 172 256
15 107 138
53 105 254
20 177 205
11 173 219
15 31 144
55 56 115
3 162 172
84 84 316
32 184 237
2 19 26
43 58 107
79 53 222
61 11 124
62 132 298
41 178 222
87 28 115
39 138 185
81 141 244
3 186 340
29 23 55
26 101 272
45 18 68
6 119 139
28 86 117
81 174 264
28 59 278
3 199 252
59 95 187
61 76 310
57 94 151
17 97 118
50 182 241
9 32 50
36 67 110
69 68 215
86 55 147
41 164 383
5 191 246
21 172 194
37 55 133
14 140 158
26 154 364
19 32 59
38 113 340
38 90 134
94 57 153
25 119 181
6 119 163
44 200 252
78 145 379
66 174 262
4 178 204
16 22 140
67 124 228
78 121 246
11 151 166
55 92 157
54 20 92
42 118 300
89 146 254
59 65 271
55 80 169
93 164 262
45 103 253
66 19 131
98 194 321
13 14 218
72 183 351
93 62 156
61 150 215
62 31 119
80 44 282
22 5 103
1 171 209
64 102 190
16 53 74
100 40 273
98 8 113
68 174 322
49 32 260
12 115 142
37 120 163
38 99 164
40 41 197
30 130 210
7 59 68
38 170 255
100 193 297
27 137 253
77 126 236
81 89 298
89 56 153
36 26 94
59 200 263
39 181 227
43 46 104
6 90 104
13 184 224
73 67 165
45 119 191
97 178 284
39 160 200
78 159 240
68 35 133
30 19 168
60 145 222
96 153 264
17 139 165
43 4 247
85 72 204
52 26 94
86 185 289
14 124 142
75 13 120
61 154 218
90 31 124
84 117 247
4 198 211
43 166 384
12 183 200
58 118 176
12 141 196
70 121 210
89 124 230
97 133 267
81 137 396
45 47 94
14 106 130
90 141 236
52 139 223
39 108 183
18 169 193
61 48 149
80 127 343
19 94 113
76 18 101
42 17 81
88 35 241
93 107 210
77 12 137
2 119 122
63 48 188
66 94 164
35 83 126
43 18 236
27 55 129
92 92 192
97 74 178
87 74 164
92 9 143
56 166 228
37 119 206
94 76 175
31 62 169
47 90 194
36 15 76
2 52 243
69 132 206
24 197 286
28 65 242
47 17 194
47 166 213
19 165 276
65 139 379
68 199 294
49 141 209
87 192 304
89 139 228
18 66 104
48 131 179
47 160 279
36 77 120
12 92 108
89 170 364
12 169 215
80 49 138
95 31 129
52 58 272
54 176 238
85 21 155
56 13 164
64 125 191
92 186 309
67 176 320
79 40 296
51 86 299
15 31 64
80 134 218
87 35 223
1 93 117
85 182 291
85 104 195
83 73 157
66 172 426
98 12 133
37 97 164
53 124 178
21 68 93
47 174 328
90 130 411
59 80 181
76 163 294
70 39 137
100 188 296
15 7 94
77 182 299
98 175 368
1 99 124
68 186 283
73 89 169
5 15 208
100 174 277
44 41 88
99 63 167
48 35 96
5 129 153
62 135 203
35 200 261
43 20 104
10 124 138
7 63 76
83 133 218
96 136 237
92 83 212
8 100 146
12 5 67
29 1 36
89 31 128
93 90 183
34 143 204
87 140 235
57 200 302
73 63 152
87 100 364
62 103 177
27 99 186
5 73 266
32 194 287
7 87 95
69 82 156
40 10 117
28 84 112
11 84 137
28 172 232
2 21 45
43 186 237
88 25 232
75 101 176
38 131 184
17 30 65
88 185 286
18 110 128
47 113 160
95 27 131
35 103 260
51 165 246
9 25 63
28 57 105
28 42 114
37 90 279
77 92 189
69 124 242
96 21 203
69 49 162
37 32 267
53 82 234
54 101 189
62 78 140
85 195 280
32 180 219
26 136 199
14 151 178
28 67 155
63 118 185
45 6 249
20 67 215
25 68 218
78 75 172
75 173 253
67 97 193
71 26 103
51 66 169
28 16 232
98 98 252
71 57 136
4 183 202
62 184 248
91 98 217
17 151 194
86 197 305
28 9 44
22 129 182
44 32 83
56 75 153
51 168 247
96 1 100
9 155 171
49 17 119
9 30 81
62 47 111
18 5 25
31 14 46
42 105 176
54 89 144
46 20 74
10 132 159
60 47 111
47 113 172
58 165 223
9 112 197
72 81 154
25 28 197
77 194 276
63 27 90
22 5 37
41 42 88
47 44 97
2 154 159
39 192 281
93 1 118
91 102 193
27 179 211
41 132 216
10 92 222
90 32 122
5 192 393
4 10 19
72 85 160
16 180 198
44 48 103
46 125 180
75 162 267
36 155 228
63 118 205
67 149 226
55 187 259
59 160 219
33 25 58
36 71 116
25 124 149
100 125 228
36 145 195
83 97 184
7 31 71
14 86 133
36 180 254
34 100 137
6 11 157
14 145 166
93 111 211
54 187 284
60 53 159
18 32 66
100 6 107
59 65 131
78 88 171
69 114 188
73 44 119
31 120 309
9 41 60
59 19 78
65 44 117
90 84 174
46 77 126
51 89 243
27 102 262
17 101 123
19 158 312
46 171 225
69 14 173
74 198 296
92 110 225
24 163 261
17 100 124
38 26 83
69 32 149
62 116 317
45 146 310
10 75 87
41 90 148
26 60 129
73 121 251
93 67 164
76 158 244
59 127 341
82 176 444
63 82 319
63 154 220
92 148 249
19 173 199
74 40 142
42 2 80
39 58 222
86 24 113
14 110 148
51 130 225
39 27 66
94 2 117
87 73 169
77 155 248
94 36 133
68 92 168
100 57 246
3 11 49
6 89 98
97 187 393
100 59 204
42 100 179
41 0 50
46 77 163
4 41 157
88 1 257
63 24 96
49 169 333
17 42 234
60 69 130
19 83 111
54 132 229
92 113 212
16 169 187
31 148 181
15 193 324
71 79 152
52 95 182
82 200 287
78 11 90
100 73 176
28 142 177
63 165 235
38 130 176
57 159 221
34 70 130
14 142 160
51 147 201
7 132 147
82 50 163
66 164 233
28 131 313
63 72 135
92 22 163
72 53 162
35 144 183
48 118 214
1 178 182
87 169 284
69 167 244
95 188 308
44 108 158
98 130 234
58 193 259
34 84 144
67 112 192
52 39 100
62 186 420
12 81 98
51 152 266
68 154 235
28 14 71
65 109 218
11 60 172
14 198 221
68 99 219
6 129 143
66 181 248
16 85 111
2 100 106
52 2 92
99 179 285
50 166 235
10 15 29
2 74 77
62 36 127
21 146 217
57 133 219
91 31 184
38 191 230
100 86 224
24 174 204
79 119 236
37 192 268
64 124 231
11 74 259
77 116 244
44 142 186
2 32 49
91 127 218
99 72 181
73 64 137
11 48 94
2 89 195
8 105 270
64 140 239
33 145 190
89 185 284
83 126 214
74 69 183
91 38 163
83 10 95
97 190 288
29 117 189
57 168 228
48 88 140
71 145 216
91 186 280
7 118 131
7 94 103
63 129 193
43 123 175
97 83 187
20 47 74
10 194 214
47 32 179
95 99 244
23 14 215
39 97 138
50 82 133
60 15 91
8 36 106
59 71 216
31 32 70
43 64 214
71 168 264
64 123 196
59 197 326
40 143 211
74 70 264
11 109 129
23 79 166
39 110 161
41 83 124
41 78 285
80 110 192
40 156 205
62 130 202
30 42 79
44 89 135
54 106 167
36 90 261
16 130 283
12 0 127
35 190 229
9 190 236
10 183 197
63 163 296
4 119 135
21 48 116
69 12 102
13 161 228
41 33 84
16 165 363
16 148 174
30 72 200
8 6 85
75 135 218
39 142 184
58 176 257
33 58 138
49 112 296
69 88 187
81 22 113
92 37 139
33 112 239
17 31 49
98 189 292
34 181 288
48 3 55
92 49 151
36 119 241
40 166 217
96 176 273
79 39 119
37 103 151
31 154 191
44 165 218
99 145 385
67 185 319
30 31 191
53 186 398
2 166 183
42 109 151
70 22 257
67 182 263
37 133 212
98 149 381
57 197 310
63 142 251
80 96 226
38 149 327
78 38 118
26 192 232
1 31 185
97 153 253
95 164 301
26 94 302
11 17 116
65 108 176
18 185 221
45 47 101
71 84 178
89 100 218
77 192 306
19 175 360
91 82 204
88 157 255
14 148 179
84 0 153
11 54 69
1 39 68
6 104 115
15 79 284
59 171 240
59 114 182
65 69 270
66 18 93
79 199 310
24 34 114
58 154 215
53 20 96
5 43 227
75 97 318
53 126 208
56 56 113
50 108 166
34 159 200
90 188 296
69 65 139
23 67 175
99 63 210
30 166 208
83 2 86
45 14 82
20 5 33
42 186 242
100 181 307
62 44 129
71 43 128
39 92 176
82 8 134
5 73 81
61 105 209
66 153 238
14 94 126
28 192 303
11 143 163
97 89 201
53 188 440
78 52 213
38 93 161
13 143 160
49 177 411
92 75 208
39 152 197
87 46 166
46 138 261
1 0 131
24 131 193
14 94 114
56 186 376
15 98 121
11 160 177
39 90 150
5 30 164
97 79 177
56 31 155
33 116 152
80 158 241
3 200 312
23 41 64
19 32 58
72 136 209
56 31 107
22 7 124
39 157 197
81 17 118
14 187 306
14 170 191
14 153 175
41 31 85
58 90 148
47 45 247
11 64 82
14 200 335
17 78 103
23 39 179
21 132 288
87 21 135
92 137 233
30 185 216
20 172 196
24 152 182
60 137 207
41 179 360
92 148 276
71 54 158
87 102 189
8 187 355
51 143 298
20 143 228
80 130 218
32 171 245
28 148 234
22 162 210
41 193 243
86 182 276
95 32 292
43 145 233
90 134 259
25 126 157
37 69 111
64 69 136
44 161 345
29 88 126
8 136 149
70 42 139
13 118 143
19 81 190
59 16 87
77 19 139
