1000
35 143 188
32 146 219
9 107 258
51 11 70
34 143 203
50 158 216
97 192 312
81 15 186
52 125 178
27 143 173
16 182 390
35 200 415
72 74 153
2 196 217
59 195 255
81 116 206
24 190 345
34 106 296
70 88 168
51 9 153
25 7 32
14 46 62
94 47 251
79 130 251
29 132 162
92 56 179
84 106 211
67 93 162
14 108 131
43 110 178
43 150 358
29 198 271
27 111 154
50 12 75
30 129 202
40 113 162
11 143 196
96 144 241
16 59 115
76 124 214
66 46 137
35 185 310
23 40 209
100 134 281
12 106 162
79 119 382
84 196 304
15 117 135
95 180 277
40 34 117
97 164 270
45 144 214
60 22 99
10 70 108
25 65 127
27 0 219
17 14 57
23 76 100
19 138 191
10 198 216
98 66 323
44 77 126
13 195 229
14 7 39
15 46 69
66 20 281
63 39 104
64 80 194
79 197 337
39 192 249
4 146 276
10 59 70
69 8 104
44 51 107
7 67 81
37 55 180
10 113 159
27 99 145
32 122 154
72 109 189
39 177 223
26 186 263
92 19 118
22 125 147
25 66 104
17 86 144
24 65 92
86 157 314
88 176 271
90 35 289
100 36 146
78 98 183
1 182 183
52 33 104
78 172 334
21 111 172
6 38 48
42 180 352
77 23 140
95 28 128
76 135 213
12 170 334
8 15 36
40 49 263
79 165 396
26 109 265
9 163 307
53 189 388
74 162 329
53 24 77
4 26 152
9 64 110
30 149 318
81 36 120
22 161 226
55 52 112
64 54 315
72 163 410
53 83 145
44 124 215
95 38 220
6 146 167
47 54 102
84 107 322
55 77 135
57 123 185
13 114 134
68 108 332
52 30 108
8 120 135
11 22 39
71 121 240
28 189 230
90 10 205
78 34 121
15 54 69
89 70 162
78 95 178
42 151 194
16 141 199
74 182 420
62 138 208
58 75 141
100 95 271
93 15 141
75 94 175
27 1 36
65 111 195
74 60 136
42 142 195
25 0 54
80 108 210
74 77 196
17 158 178
99 100 296
17 6 96
70 125 236
38 101 326
31 175 258
7 145 172
63 31 135
37 74 120
90 139 372
56 131 220
73 43 166
4 183 188
48 97 185
14 65 192
24 92 117
90 153 413
22 87 120
10 125 332
37 4 74
71 143 214
59 87 154
98 5 178
53 92 162
78 113 232
13 115 194
31 25 180
19 114 136
29 183 240
1 19 21
62 79 143
57 5 65
14 107 129
16 25 65
25 117 153
13 164 243
31 61 135
79 36 122
69 155 353
73 141 225
56 19 224
80 21 111
42 198 244
62 28 104
15 124 146
100 80 249
46 186 237
32 82 119
2 12 48
7 77 94
58 175 373
5 88 97
82 75 207
32 73 241
10 21 31
84 95 260
61 56 118
67 81 160
28 157 364
71 113 184
99 53 166
19 118 145
70 170 280
58 112 214
81 164 249
71 133 210
59 35 128
94 25 129
9 8 26
17 83 186
68 46 120
72 144 363
59 178 246
29 125 264
11 90 138
54 55 153
86 135 389
49 16 77
92 100 238
60 141 235
9 52 64
18 79 181
45 44 97
20 26 50
8 193 374
83 66 151
36 135 171
44 109 165
65 139 208
5 29 41
58 137 293
10 77 98
29 119 259
20 129 349
28 53 81
90 45 145
56 163 220
15 21 134
47 159 264
6 195 207
13 133 152
10 93 120
47 9 66
88 71 160
24 115 215
23 9 80
24 94 141
66 189 339
7 184 286
70 200 274
88 159 410
85 52 307
2 56 59
49 8 100
97 148 290
75 141 258
5 178 185
87 13 208
44 131 214
4 88 183
46 44 129
43 127 176
73 196 295
52 127 183
56 111 172
12 169 278
66 193 261
20 64 88
15 112 152
54 5 59
21 121 145
11 139 168
21 128 275
46 103 150
81 90 175
28 113 217
41 10 139
69 20 91
92 120 218
26 51 164
4 94 108
48 105 159
87 109 205
19 135 203
75 164 271
87 32 311
86 137 226
10 134 280
95 191 330
80 163 246
21 148 173
60 29 95
91 7 101
47 155 211
3 151 183
12 188 242
36 49 95
100 20 126
49 29 88
55 1 252
47 150 215
73 27 104
90 85 180
56 109 344
43 162 207
62 133 291
64 37 149
49 40 110
41 42 200
55 67 148
17 180 206
77 147 348
98 0 105
2 156 183
93 72 190
81 164 253
23 174 208
50 199 259
2 160 335
39 198 259
33 62 101
83 58 144
77 162 280
43 159 207
81 114 272
76 33 156
68 147 368
77 130 237
6 118 164
55 163 220
72 96 172
47 130 216
54 72 156
36 44 230
26 107 149
28 107 141
60 168 258
13 33 51
77 186 264
31 151 335
95 151 263
64 128 306
4 14 19
70 34 124
57 197 276
87 59 154
57 193 296
6 114 141
76 94 263
29 138 170
78 35 155
73 142 237
65 107 338
2 91 119
70 75 155
2 159 166
98 31 190
2 88 95
6 181 196
72 136 222
81 138 223
58 13 76
47 84 224
50 190 249
80 69 174
34 135 207
48 50 195
81 187 387
55 139 355
75 165 272
21 39 189
50 114 212
66 20 87
55 79 169
12 5 23
63 64 127
17 111 328
22 123 150
26 138 169
27 107 139
57 72 152
77 161 278
50 112 199
37 185 311
23 67 101
10 55 140
75 136 233
48 129 234
92 14 138
55 48 107
74 53 228
68 23 127
43 153 205
11 81 121
10 42 54
82 32 118
6 58 185
48 18 187
44 43 107
74 147 230
52 142 201
38 108 227
61 55 126
96 168 293
59 77 136
59 94 198
69 1 75
9 26 38
6 69 77
2 140 145
30 74 140
64 191 264
85 135 320
90 186 365
64 157 262
49 58 285
59 39 113
2 136 164
55 13 72
39 101 169
94 196 332
14 24 79
80 91 359
34 52 92
51 119 196
47 12 61
72 150 257
82 148 266
54 86 281
78 186 343
88 48 141
12 44 133
54 186 246
92 5 132
42 131 203
60 148 255
85 48 136
23 81 106
19 55 101
74 81 270
59 139 208
89 140 239
24 93 137
48 86 267
78 172 292
87 166 261
85 171 347
66 57 131
53 114 212
6 158 164
12 192 241
99 153 262
40 160 237
3 39 52
35 53 93
95 81 177
37 74 112
77 72 289
48 111 162
44 189 362
5 71 259
11 31 129
90 194 397
18 63 84
27 84 156
91 55 170
28 31 62
51 110 168
7 61 142
50 46 214
24 49 82
33 82 123
46 42 98
10 150 215
68 4 122
34 157 193
38 31 69
5 18 38
36 131 167
21 27 76
62 115 209
94 143 422
96 49 146
90 188 288
6 64 91
94 150 244
47 120 176
96 182 326
65 39 107
97 146 249
63 175 382
45 193 252
74 106 270
2 100 129
12 146 169
72 11 230
93 21 118
3 162 185
61 61 123
6 184 190
50 151 204
41 50 96
85 152 421
29 4 64
48 13 109
84 167 256
5 7 19
99 107 214
45 170 218
53 20 152
30 84 124
25 5 32
48 94 144
15 118 136
27 168 222
22 94 299
83 181 274
5 66 143
82 90 226
31 104 136
2 199 224
51 190 247
54 172 266
30 130 163
32 150 224
90 187 282
36 181 223
91 137 228
6 185 239
94 182 280
38 72 112
14 35 211
51 159 216
79 129 404
82 103 268
45 186 237
42 199 245
62 87 151
52 196 298
8 41 94
5 98 155
87 156 251
49 93 222
94 12 110
33 161 199
80 0 85
7 154 166
95 152 275
7 3 23
28 88 185
72 97 193
97 96 358
4 119 129
93 146 240
97 155 256
40 39 107
38 61 132
95 155 252
49 79 132
51 120 172
55 82 291
75 50 154
20 159 207
76 113 192
71 102 362
95 116 211
88 96 336
15 119 137
19 0 157
31 45 105
73 41 116
81 134 252
60 42 300
89 46 148
23 99 129
36 173 219
18 22 153
28 36 73
69 164 250
16 73 91
7 16 35
48 125 180
60 173 311
14 173 384
100 63 204
17 95 154
55 103 167
46 121 173
22 98 135
87 200 295
30 83 122
42 162 268
81 182 460
65 107 215
35 146 184
52 105 199
46 36 91
27 166 193
60 138 244
7 97 110
23 124 154
66 195 309
51 20 77
50 132 197
77 116 223
6 138 173
10 121 199
33 6 47
77 1 263
43 58 117
61 198 432
5 137 167
94 33 298
30 5 71
53 115 168
67 49 228
30 21 170
20 125 192
44 177 327
97 92 191
72 172 252
1 31 122
87 31 127
21 46 157
41 102 158
81 111 195
45 102 154
32 185 222
69 91 190
62 64 155
59 32 106
53 117 174
60 82 250
65 188 258
38 24 161
74 46 121
77 79 165
16 190 210
33 33 73
33 12 157
83 189 467
91 48 289
75 26 128
25 17 48
2 87 248
57 17 228
86 65 158
22 4 75
37 11 52
72 191 266
34 55 95
17 55 77
50 146 240
1 181 271
39 102 150
85 18 109
26 53 270
19 12 185
81 165 313
10 28 145
97 128 265
49 99 191
17 141 164
22 177 238
77 48 127
20 28 54
20 31 52
65 11 78
81 65 294
67 113 186
11 157 289
83 48 134
33 186 222
81 185 282
9 174 193
61 113 342
54 200 297
40 99 317
93 175 465
99 140 285
35 155 222
99 102 204
51 68 122
57 153 210
80 128 210
28 140 177
33 156 197
88 153 418
56 123 182
29 59 270
46 168 395
58 164 395
21 74 104
81 2 91
24 43 74
97 79 185
59 191 319
77 173 294
88 5 100
17 180 300
66 15 91
3 112 121
4 137 291
23 162 195
68 36 112
25 2 34
8 9 67
76 165 242
64 175 284
77 146 257
9 93 146
25 1 30
47 14 69
96 113 326
8 53 69
25 168 203
11 199 212
50 171 413
80 37 133
70 179 294
34 158 197
97 1 234
88 66 227
75 175 416
7 25 54
35 98 143
33 116 194
27 2 97
15 188 240
11 165 177
10 22 52
69 174 252
56 37 290
16 35 53
65 170 431
76 99 186
92 78 324
95 155 260
31 144 184
97 19 124
73 158 414
87 92 358
53 111 168
14 95 109
98 37 138
12 113 132
29 178 217
80 67 186
17 111 253
82 32 267
59 198 302
84 0 110
71 61 167
21 89 126
30 69 126
59 145 208
51 137 219
90 69 165
59 141 203
14 159 245
35 84 126
52 109 186
98 177 277
16 53 70
28 152 188
9 56 103
3 52 173
90 187 298
12 186 267
55 177 242
78 13 118
87 117 245
7 56 101
92 183 351
30 192 224
56 54 117
11 4 71
35 145 300
20 149 289
82 47 129
37 193 236
79 1 188
35 194 236
78 59 173
89 78 280
43 166 210
77 163 246
82 197 317
35 108 165
15 127 146
30 36 75
15 69 93
31 61 141
89 101 205
53 188 311
5 91 121
49 120 193
90 29 156
5 33 86
82 150 243
32 153 190
63 1 71
22 116 143
23 68 96
5 164 329
10 175 192
9 74 129
77 72 335
14 195 219
42 161 379
18 150 211
8 148 160
41 164 214
38 63 134
38 105 178
83 87 174
78 158 366
35 117 294
57 76 133
65 144 251
82 44 161
81 113 197
29 2 38
62 9 84
98 15 284
20 57 92
44 24 123
54 186 265
40 132 212
73 63 147
29 178 358
52 123 267
66 169 264
75 55 188
88 0 88
12 68 80
19 157 194
33 13 53
98 144 306
56 12 95
24 140 170
99 94 376
53 59 153
76 15 135
42 76 150
32 99 134
78 59 173
37 161 202
98 193 301
6 161 213
38 142 186
72 105 183
4 107 140
15 4 27
3 190 197
60 155 225
23 138 262
6 182 188
30 72 181
26 30 225
50 101 174
30 170 248
18 122 149
85 28 176
76 32 287
63 114 182
54 68 134
97 64 169
91 193 431
93 25 310
70 134 398
6 27 39
92 109 208
1 90 188
99 27 146
71 158 258
5 32 40
85 108 199
66 77 162
10 3 14
47 195 387
69 194 383
22 167 216
79 57 140
60 194 348
86 180 288
68 179 253
61 56 126
8 119 189
71 56 172
39 134 348
48 192 244
56 195 279
25 133 165
92 67 194
51 29 83
55 122 198
52 95 150
91 25 146
73 25 108
19 68 246
86 42 132
24 107 133
41 70 113
40 80 120
28 69 220
85 71 164
90 28 159
94 2 182
41 133 222
31 80 120
100 121 225
46 146 197
55 129 208
19 15 40
1 48 59
67 40 244
98 160 264
24 130 196
70 75 152
37 77 126
36 40 114
21 139 202
37 120 165
89 27 157
67 160 261
60 151 271
94 172 274
36 50 272
38 13 85
39 83 144
49 99 151
77 91 170
2 128 134
57 99 204
93 46 266
37 85 149
72 93 175
8 122 143
2 143 152
42 111 186
54 137 197
96 183 401
4 72 80
43 115 189
98 122 245
67 116 186
43 119 171
27 102 141
46 148 263
86 11 142
79 194 369
19 177 284
18 152 180
39 97 194
45 196 274
87 160 248
23 21 80
74 86 170
13 172 193
51 177 230
59 104 163
51 132 211
97 18 145
48 115 327
94 58 152
60 73 138
81 120 238
1 80 98
17 195 218
100 51 198
44 189 237
75 164 239
40 192 349
97 69 194
47 55 104
51 11 89
50 190 328
96 130 411
70 43 151
55 0 55
13 6 25
28 176 204
3 19 49
70 200 273
38 165 204
14 191 253
