870
35 40 248
85 154 281
42 134 211
3 64 77
92 26 118
62 137 210
87 100 214
30 199 243
32 82 119
58 15 115
64 183 256
46 196 281
40 69 116
71 122 352
15 77 104
53 33 148
35 134 214
44 174 225
47 88 151
47 179 272
28 142 254
84 130 255
98 186 322
10 103 127
10 159 176
89 19 114
59 75 164
66 170 245
38 46 94
58 140 389
8 131 143
6 11 200
26 14 42
52 113 183
89 75 214
7 120 139
56 191 253
80 123 226
49 101 153
6 20 67
76 74 243
24 91 120
78 171 249
68 102 170
52 167 221
11 149 165
2 63 197
98 46 152
78 25 221
24 24 89
98 48 283
69 89 174
46 79 143
11 122 138
5 67 78
41 136 248
86 170 262
75 80 163
57 41 106
19 119 298
75 181 260
93 100 193
78 117 329
67 165 234
37 121 192
10 121 148
69 132 205
67 38 228
42 67 144
82 122 265
25 150 188
25 187 278
82 200 445
56 183 370
9 198 216
57 128 267
83 51 138
15 131 181
88 192 287
71 67 147
43 63 108
39 197 250
91 187 295
47 184 273
6 52 87
98 52 159
36 186 393
75 47 124
50 29 92
13 93 113
15 111 216
25 117 188
80 121 243
15 178 197
98 39 142
73 173 361
98 57 164
70 55 126
48 126 174
9 67 275
89 26 124
36 21 61
50 161 219
54 144 279
89 187 276
44 179 253
48 186 280
26 83 119
53 63 140
50 193 260
5 164 176
42 22 75
3 25 77
10 28 125
99 153 410
11 3 43
55 117 173
3 17 47
51 179 266
86 112 211
25 11 41
3 127 131
30 171 208
7 128 135
20 147 179
94 18 119
54 99 278
78 183 281
13 139 221
1 45 56
47 152 296
65 173 252
83 127 289
44 141 254
92 71 309
28 147 243
63 199 280
81 146 271
40 177 339
55 38 139
65 18 94
56 168 259
17 184 225
36 142 199
13 128 222
63 140 208
74 81 158
23 56 202
44 38 87
2 0 25
24 164 247
95 162 267
15 25 77
19 173 232
100 76 183
37 30 104
99 28 132
85 178 272
56 25 165
38 113 153
68 120 276
25 92 119
25 150 184
41 182 235
97 157 357
15 142 224
81 88 286
69 102 185
10 141 184
14 49 74
98 65 182
30 154 322
40 27 72
64 29 109
13 150 166
37 187 236
35 1 40
85 193 320
66 184 260
63 94 189
45 111 298
4 87 133
30 196 412
5 70 90
86 133 340
50 43 103
14 93 129
42 111 164
15 127 148
65 105 197
26 153 186
4 194 356
80 25 125
5 0 34
24 26 92
88 88 182
49 19 76
31 36 73
75 5 263
35 195 235
69 13 86
59 4 197
75 133 238
64 198 267
60 33 99
28 11 49
67 136 350
88 82 227
25 81 114
52 152 207
47 160 211
27 134 164
90 127 224
77 159 382
84 126 213
45 125 184
31 30 216
83 64 177
16 177 196
24 96 163
88 4 213
10 61 210
52 120 181
69 46 279
27 59 90
40 98 153
40 6 55
9 195 231
62 171 261
12 7 104
69 72 147
8 127 167
31 106 216
60 188 306
50 119 225
66 186 264
2 63 70
82 177 458
95 49 333
27 33 63
33 157 195
43 63 135
95 99 204
9 136 189
19 35 57
83 161 265
75 198 303
55 32 192
91 124 220
48 81 129
39 137 250
71 52 131
73 139 218
67 198 302
91 188 288
44 34 110
18 126 199
5 113 127
91 148 247
77 157 243
68 145 216
85 40 198
4 46 99
87 194 326
85 154 270
13 160 180
21 147 174
31 59 192
43 115 158
71 195 276
92 69 230
86 47 324
11 111 169
31 125 156
31 2 37
60 43 116
21 95 125
81 1 91
19 180 200
33 60 97
41 147 221
25 166 370
99 50 152
28 134 347
51 105 285
5 171 337
54 50 233
21 43 184
97 144 341
12 98 277
7 54 71
94 188 284
30 157 187
79 172 259
61 26 115
8 118 146
32 85 147
9 92 104
91 168 264
5 77 88
9 91 110
11 60 220
18 188 313
94 125 228
39 91 159
96 167 268
79 46 130
45 115 165
95 108 226
9 81 137
89 65 185
45 183 260
86 121 257
23 171 383
24 53 98
91 172 272
59 149 218
72 92 212
8 22 37
51 101 155
89 177 269
37 97 322
66 67 137
75 131 254
2 36 73
6 161 323
16 149 179
37 24 172
72 15 230
73 73 151
100 0 147
50 179 286
33 165 203
59 161 226
35 17 84
51 119 171
38 91 167
80 3 90
22 73 105
100 158 263
46 40 86
12 200 265
95 43 172
97 103 228
12 132 146
82 67 344
67 5 77
12 29 50
42 51 94
75 181 340
41 106 164
65 123 243
22 70 95
42 51 192
46 89 135
97 43 146
30 47 85
84 114 201
70 120 366
29 2 38
31 99 140
31 112 144
64 39 279
69 171 344
83 10 207
26 151 179
93 113 239
3 43 134
25 63 104
100 125 226
87 77 166
45 51 97
42 200 354
14 117 153
41 121 178
20 12 142
16 169 211
3 35 74
4 121 125
6 194 205
71 40 114
31 131 167
7 130 169
82 44 312
75 73 171
3 174 180
58 181 283
64 190 450
54 21 80
69 16 99
5 116 204
86 72 201
56 97 158
20 3 57
66 140 299
50 95 185
71 149 341
40 35 91
60 187 261
26 181 351
1 63 107
30 110 174
36 49 90
40 183 225
65 175 262
63 91 160
30 197 268
76 109 195
36 113 173
15 76 256
16 36 90
70 189 298
76 6 84
17 25 45
72 142 215
71 97 204
48 105 163
96 105 210
97 14 123
79 125 205
24 139 331
45 102 147
92 103 200
8 127 162
94 135 303
27 31 92
16 42 65
6 114 144
38 154 231
58 150 215
94 193 301
97 5 111
39 188 407
41 23 72
23 166 199
19 106 125
93 61 241
46 30 80
47 11 62
5 72 83
10 46 60
64 60 270
2 135 170
3 118 140
19 9 212
61 168 233
100 81 189
71 68 151
83 67 180
24 137 210
25 66 203
67 28 178
54 139 195
73 160 237
9 171 365
55 131 189
26 183 218
34 90 128
28 12 43
37 145 182
24 22 68
7 24 119
72 169 250
1 81 227
64 42 114
37 174 256
59 99 335
69 185 259
95 42 144
48 118 170
8 65 81
31 167 234
27 147 176
58 124 192
91 138 267
77 135 347
97 73 174
50 91 179
51 130 193
37 4 229
47 139 226
88 186 275
65 131 392
43 51 230
62 133 201
33 191 259
65 193 298
88 91 191
10 46 62
16 72 112
58 32 178
47 72 302
58 192 251
86 24 139
76 143 245
82 134 254
94 172 287
26 27 95
37 2 111
4 103 128
22 78 100
45 172 331
85 150 245
74 25 100
54 70 196
71 136 226
15 191 375
12 106 121
38 74 135
33 10 190
57 78 179
5 132 137
74 94 177
73 141 219
81 14 101
62 152 266
28 70 100
39 107 328
9 29 74
1 152 159
40 91 249
34 140 180
48 115 163
15 156 175
33 175 217
20 160 190
75 80 201
40 100 190
19 108 250
44 41 122
77 196 281
2 177 266
63 156 261
5 170 178
58 24 97
19 16 44
76 160 258
91 122 221
55 154 212
25 157 297
31 134 205
97 61 160
75 182 262
88 183 281
2 108 146
6 31 42
46 101 147
60 78 194
8 172 304
49 139 227
17 159 350
2 60 69
95 52 184
39 127 208
83 14 103
83 159 251
54 58 116
94 153 296
93 164 301
25 156 354
54 167 225
12 155 205
33 37 233
48 75 123
28 116 159
3 136 139
88 184 294
29 164 195
56 107 167
93 181 316
71 6 151
57 124 230
9 129 138
34 164 245
77 88 174
89 48 285
34 35 76
80 30 310
58 119 213
30 24 59
75 60 324
39 77 135
32 102 141
31 175 207
83 87 179
20 64 90
25 73 103
9 107 249
18 186 206
47 29 131
6 94 144
9 119 168
39 25 111
43 82 229
68 51 121
80 156 416
52 2 76
64 157 259
47 57 111
6 144 175
59 134 204
90 191 298
64 117 221
97 128 227
47 28 115
26 56 84
32 197 251
18 133 198
91 38 135
2 184 186
45 94 296
74 15 138
11 176 189
4 44 99
98 21 136
63 121 372
1 70 77
30 92 131
5 195 237
61 2 64
33 33 73
68 58 146
6 110 117
62 124 218
6 34 50
38 114 174
43 122 170
53 8 103
22 106 137
64 193 306
36 165 205
36 73 144
73 19 97
91 166 305
1 168 176
86 119 244
71 160 371
13 162 196
9 77 284
58 111 170
84 30 156
79 108 224
99 26 213
98 95 232
71 190 262
90 35 215
78 36 144
64 166 313
65 105 210
99 61 170
40 158 235
42 24 230
94 2 104
37 102 147
48 100 151
94 175 279
17 189 322
30 87 148
27 114 143
18 95 159
62 179 245
30 155 192
82 35 140
30 138 217
93 137 239
2 17 183
57 73 141
89 170 420
86 97 196
95 154 270
75 23 102
13 17 52
92 192 453
25 83 108
97 78 181
55 15 243
38 48 93
54 135 198
77 80 162
90 37 203
14 101 144
41 149 194
21 26 49
7 18 60
99 160 268
62 149 215
35 180 306
31 153 292
57 102 165
66 75 186
53 145 202
23 0 61
73 114 262
83 83 166
97 76 179
55 141 387
45 194 246
20 143 179
79 17 122
12 36 53
80 11 129
59 75 309
23 68 128
30 41 141
35 111 154
93 184 324
78 121 208
92 83 225
83 56 150
96 5 112
87 0 95
25 140 188
26 6 215
49 190 265
69 81 168
13 13 206
28 44 115
16 76 100
54 84 138
93 170 289
26 82 111
27 195 365
17 175 192
43 30 81
7 19 30
28 26 209
22 151 284
26 173 280
5 84 120
17 157 354
56 92 156
85 132 333
91 119 237
5 73 238
71 23 99
75 22 103
79 97 364
44 191 244
50 182 259
51 133 184
60 126 194
2 108 112
33 77 306
67 180 278
44 84 268
49 156 209
68 122 195
81 155 246
20 116 149
47 27 115
4 149 339
55 143 198
12 113 134
59 185 330
82 171 277
22 47 93
41 8 93
73 199 451
70 190 273
14 57 72
5 72 83
8 56 203
23 25 58
51 57 111
77 163 248
83 97 194
40 155 202
1 25 78
74 154 231
14 81 145
87 9 110
58 178 244
70 77 185
78 41 313
17 185 209
12 88 103
84 69 153
40 118 158
25 144 189
9 93 113
49 61 160
37 167 376
46 7 90
2 58 94
62 140 211
1 181 185
48 105 181
8 47 60
82 9 101
54 115 293
54 91 320
99 1 104
26 176 211
23 72 169
45 11 237
78 125 242
32 13 52
77 111 208
33 12 73
33 7 132
10 196 207
35 64 163
6 41 210
90 100 199
14 182 294
76 145 224
93 90 190
75 102 187
73 138 234
90 82 180
15 111 233
35 73 115
45 185 245
27 82 157
61 176 262
19 89 119
9 149 182
98 31 171
60 174 277
32 89 128
8 173 210
51 71 130
60 102 295
95 167 287
33 164 210
53 9 88
54 147 392
38 123 170
3 63 163
95 54 161
7 164 175
27 23 60
14 132 146
92 34 133
34 183 260
51 136 202
11 150 181
45 18 67
73 141 219
69 155 227
95 174 269
88 6 102
58 200 359
96 121 218
22 5 33
91 63 306
95 82 177
65 83 153
85 94 186
7 1 45
63 130 202
87 112 202
48 112 194
97 79 177
20 43 95
52 13 65
37 126 166
30 96 262
16 130 250
62 70 139
34 171 206
39 28 110
56 99 182
99 89 224
48 96 192
48 0 57
23 15 46
72 42 130
51 193 252
13 12 32
