620
92 153 440
22 161 185
96 117 218
89 165 263
53 41 99
50 190 282
87 19 109
4 35 46
4 197 206
82 189 360
3 178 183
51 190 290
93 9 107
19 170 213
19 58 80
30 172 264
92 57 261
8 85 103
50 36 94
33 120 158
37 197 234
36 125 271
79 131 334
70 109 186
22 151 180
23 196 224
58 161 219
4 62 76
95 149 430
20 65 127
70 139 215
34 49 89
7 151 167
5 59 146
98 199 305
98 25 222
92 72 174
56 119 274
36 189 233
63 185 289
56 82 179
99 54 199
19 137 156
66 135 211
47 171 224
11 25 85
14 79 136
92 179 291
35 141 182
4 32 48
6 55 115
56 130 291
35 169 212
99 116 231
77 67 154
87 199 291
49 50 109
57 72 132
96 21 148
80 132 212
58 110 179
9 51 117
66 67 213
7 170 211
77 185 267
85 35 122
61 95 162
41 172 341
9 69 87
46 53 153
79 95 178
66 138 279
100 98 212
37 111 185
90 97 188
78 32 119
73 121 196
86 200 318
57 73 179
39 197 243
98 192 308
6 153 184
11 58 102
40 106 149
11 3 177
13 196 230
42 200 436
97 92 199
93 79 189
27 48 97
85 160 313
94 1 240
59 91 150
44 153 198
8 52 65
51 4 83
42 47 229
12 68 106
10 164 187
11 12 47
42 42 85
52 4 59
1 76 79
25 53 81
32 98 261
54 154 216
57 104 165
41 132 192
60 134 370
40 176 242
50 162 217
26 5 196
87 10 222
56 78 167
41 101 145
2 68 75
94 24 246
14 70 93
93 100 375
23 128 164
30 14 49
53 98 169
63 187 295
16 142 208
36 140 178
36 44 93
34 134 234
20 5 103
84 124 214
27 46 73
62 161 338
7 34 228
83 25 117
37 123 176
93 93 196
22 37 68
54 30 151
83 2 105
16 84 129
82 102 187
54 88 188
11 26 230
64 110 181
72 47 161
11 176 223
20 91 115
50 84 153
31 165 203
50 27 87
4 152 186
47 22 243
80 39 258
62 9 78
52 42 94
61 166 427
29 62 92
13 170 233
67 110 190
6 189 360
34 78 119
74 56 325
61 120 242
50 80 139
63 116 187
84 149 237
44 146 190
52 197 255
45 37 83
65 161 229
78 171 251
60 122 345
9 101 148
32 77 187
88 54 147
52 134 189
43 194 292
91 143 259
12 200 214
37 99 287
19 104 149
59 180 240
26 193 235
53 155 293
77 145 254
93 153 332
92 24 119
79 15 125
31 157 235
93 60 338
81 111 200
39 185 369
28 196 415
36 139 213
79 10 90
28 149 196
95 15 141
73 139 222
39 124 223
89 68 183
72 21 215
53 20 115
25 77 131
71 67 139
68 94 163
60 132 221
30 60 234
17 26 86
53 112 237
93 35 305
51 108 159
87 198 292
36 71 297
53 87 144
40 73 120
64 84 288
28 19 237
34 131 173
17 22 70
25 164 226
92 153 332
96 6 110
88 62 152
69 96 168
4 163 214
31 183 214
88 26 124
4 32 86
33 154 366
28 77 114
20 91 197
30 128 167
59 92 204
87 147 236
36 41 254
52 198 252
7 7 26
86 187 282
19 196 215
9 37 198
54 27 87
2 22 160
31 9 46
38 139 200
86 106 246
9 33 208
67 73 166
60 179 416
56 168 406
67 82 172
43 6 87
56 35 115
46 141 204
10 91 105
67 60 179
83 79 165
12 41 53
68 47 162
51 94 154
55 31 87
65 190 289
38 125 208
61 55 140
83 143 235
83 46 130
80 34 285
4 48 93
27 140 188
30 192 228
37 180 220
60 189 279
36 154 321
74 183 260
98 133 238
25 150 242
95 68 203
77 40 118
75 158 247
34 134 174
34 3 162
34 95 188
27 41 146
67 73 273
59 131 376
82 165 251
56 26 191
87 17 112
47 37 86
46 195 244
78 12 133
34 189 232
97 111 218
69 161 239
96 102 227
7 80 97
41 16 87
17 30 51
6 168 218
86 109 217
67 55 158
29 27 130
77 89 216
38 173 218
8 63 105
98 151 405
93 10 203
6 184 341
44 148 290
25 98 132
71 172 275
24 112 138
11 60 78
42 173 220
51 64 209
85 11 100
40 84 155
18 133 313
12 190 204
65 126 322
57 131 387
82 62 237
15 61 116
98 126 337
81 72 163
92 193 478
25 35 210
13 90 104
18 58 82
27 95 130
53 122 209
57 137 204
84 121 214
84 44 150
8 150 358
53 92 300
82 73 176
84 61 154
81 175 316
99 168 272
80 158 239
10 114 129
14 172 254
45 99 146
67 131 247
68 49 122
90 165 277
85 159 292
66 170 237
7 118 150
67 90 163
88 11 121
7 149 177
12 55 68
62 15 79
44 132 180
97 5 103
45 49 134
7 38 172
30 184 237
63 71 328
5 11 25
85 169 394
51 118 192
44 18 217
68 18 124
34 36 70
20 46 98
40 128 177
18 153 178
60 191 270
90 145 235
56 132 235
32 72 126
86 36 132
35 193 231
86 163 296
64 195 264
70 13 90
44 77 149
29 71 107
94 109 213
1 92 141
67 147 242
74 133 394
37 31 148
25 186 224
32 159 385
45 81 152
81 81 172
66 143 219
53 77 137
45 163 248
31 25 159
49 144 194
22 28 246
17 175 234
68 45 212
50 72 132
54 30 92
44 185 378
26 51 199
84 159 390
36 51 94
68 162 272
33 98 165
46 46 118
54 106 204
72 125 203
98 51 269
22 23 245
50 66 138
94 59 290
5 134 143
79 14 115
20 127 289
4 125 281
14 163 223
81 136 293
16 41 87
31 54 86
81 36 317
28 184 214
83 70 222
40 109 164
23 116 148
76 113 386
56 114 211
95 60 157
64 74 142
33 86 165
96 97 201
27 111 170
45 31 80
80 65 157
88 88 184
24 17 48
95 11 223
25 27 83
7 35 56
35 88 173
37 135 175
55 18 80
64 56 120
54 111 165
51 52 113
38 47 132
86 127 248
27 110 146
63 0 162
62 136 198
88 84 205
45 39 120
95 15 118
40 162 203
26 21 54
17 47 68
22 123 149
70 141 331
16 188 304
75 110 200
12 57 156
1 100 157
71 122 373
6 36 45
5 142 186
20 15 43
62 131 196
41 11 52
51 186 249
33 132 305
100 94 213
40 189 229
84 18 124
70 74 144
49 22 91
45 167 274
43 139 187
97 192 442
93 171 345
20 177 206
20 197 252
73 150 258
97 145 252
42 86 163
5 190 379
87 194 309
43 7 241
76 100 178
93 77 212
7 157 205
30 48 116
53 56 118
85 188 277
13 18 58
86 171 265
71 71 175
97 21 171
74 50 146
63 184 255
19 173 343
31 9 78
69 147 277
79 115 202
16 161 360
16 162 219
98 38 142
99 1 107
53 184 248
35 11 48
21 105 126
3 163 166
2 26 37
72 187 296
65 9 174
67 169 246
92 43 185
20 19 45
57 192 253
12 5 125
38 152 217
31 144 245
84 189 318
82 75 344
71 68 173
49 81 140
62 120 183
30 100 210
81 98 222
41 50 98
72 13 92
53 129 204
50 167 229
69 32 111
45 9 90
1 17 39
55 182 247
81 83 167
23 12 94
73 199 273
75 37 213
91 176 410
22 141 172
17 30 57
18 93 119
100 157 295
8 7 160
96 106 376
80 59 148
33 18 58
71 46 275
36 113 163
86 20 114
81 196 278
87 142 231
19 174 225
69 178 256
24 94 132
56 131 193
21 191 246
41 59 145
99 162 378
31 195 235
7 147 196
17 102 139
38 1 49
71 193 265
31 140 176
40 69 147
21 134 161
50 100 155
85 89 221
51 95 161
22 131 159
76 62 287
54 115 171
6 63 90
70 157 235
78 33 309
17 130 155
25 152 197
98 180 278
47 40 126
2 158 219
37 184 231
10 70 139
59 178 304
14 174 197
71 120 198
70 106 206
88 55 144
56 70 142
36 97 141
88 20 117
75 58 138
44 23 232
44 99 146
25 25 54
93 42 181
85 53 182
32 183 412
30 54 119
100 190 330
31 126 163
18 112 133
77 195 295
12 155 248
22 21 44
30 126 196
49 129 217
48 57 106
98 84 185
27 120 188
35 18 73
40 180 261
30 192 370
90 71 296
86 29 280
37 35 85
49 141 321
56 187 244
45 65 148
