470
60 43 110
4 52 86
74 138 356
53 7 70
7 155 171
22 146 169
9 20 38
65 89 164
93 138 259
7 33 50
95 90 194
82 73 156
62 194 259
34 17 60
57 51 145
81 38 121
88 135 261
76 180 327
100 102 284
22 117 186
84 101 293
54 74 307
33 127 165
92 33 174
38 190 228
97 199 371
80 42 132
89 145 277
58 192 286
2 78 82
18 118 174
62 12 79
80 72 156
8 137 149
7 151 173
60 116 186
100 61 170
61 97 158
43 5 161
35 1 37
57 77 138
82 35 126
57 26 128
20 118 147
11 95 108
1 91 101
21 189 284
62 16 85
10 136 151
63 6 72
10 155 170
46 159 211
54 33 286
15 27 46
9 84 259
100 47 148
94 151 246
78 41 231
34 109 171
88 101 220
75 179 259
63 34 149
20 28 68
59 28 103
27 10 79
85 71 163
3 64 82
21 93 158
63 179 310
63 109 178
27 43 82
58 172 309
68 36 237
23 174 229
63 191 263
74 55 176
55 176 257
14 88 294
36 108 151
100 186 307
33 107 202
54 181 280
89 111 204
26 107 145
99 48 210
68 38 109
89 187 292
93 16 109
6 167 223
67 3 72
89 4 251
16 119 146
97 76 364
21 47 70
77 79 160
97 70 213
6 63 97
47 97 155
34 149 223
60 132 215
93 16 110
40 76 166
6 48 100
12 154 356
58 200 338
87 87 176
15 68 124
62 147 229
65 117 186
97 35 140
82 121 213
36 126 166
55 30 274
44 176 228
35 179 222
12 103 122
12 17 79
5 27 42
45 40 91
55 199 259
82 53 135
12 64 102
15 114 188
17 37 58
52 107 166
8 180 192
25 80 145
3 190 199
52 89 278
24 0 184
88 8 103
28 178 213
24 43 70
86 58 150
95 90 192
75 191 266
48 177 384
56 15 125
20 170 210
89 97 268
17 42 90
38 154 293
75 115 216
55 5 64
63 155 227
50 40 91
3 172 185
48 176 411
64 11 124
81 38 125
46 133 225
10 5 20
10 37 206
60 7 237
32 179 211
18 147 171
55 19 115
23 87 120
82 194 321
95 15 119
85 77 171
43 192 251
77 153 236
60 53 174
81 23 150
32 13 125
45 118 167
57 18 80
99 121 221
40 9 206
66 142 208
5 87 136
48 199 249
99 160 261
72 193 277
38 179 265
82 90 214
49 108 257
54 149 392
80 134 372
52 149 250
58 172 231
76 99 201
29 173 222
91 174 302
28 196 225
52 15 176
50 35 178
9 166 205
58 68 161
15 92 111
22 95 164
26 169 195
17 42 59
34 9 50
1 151 348
14 164 300
23 75 126
30 159 198
99 91 225
12 159 192
30 66 140
15 160 302
33 155 196
21 10 54
60 56 124
62 123 191
10 68 81
38 40 119
70 171 247
24 167 234
70 93 164
44 59 118
78 146 252
68 57 306
97 186 310
23 53 115
31 152 350
71 49 168
73 119 200
81 0 81
93 26 132
96 132 228
2 11 19
44 88 182
56 92 164
49 15 111
100 176 282
13 24 79
100 188 398
25 144 172
70 22 209
11 94 259
59 134 202
91 127 376
74 131 211
51 82 254
3 169 193
2 134 307
38 72 158
89 59 149
36 6 46
44 122 279
43 45 114
28 127 305
27 194 257
29 51 84
91 57 303
37 96 312
40 158 213
28 114 172
91 34 244
21 27 133
55 131 236
85 35 160
72 197 277
10 73 87
49 32 266
30 134 170
2 9 26
64 38 106
89 156 299
36 72 109
69 132 220
29 57 113
73 79 197
79 189 349
93 48 143
54 174 272
84 86 175
4 31 76
91 174 396
59 31 91
5 197 237
62 41 121
68 120 194
36 162 206
17 113 132
79 2 89
69 26 99
96 162 260
62 187 255
92 141 240
54 120 180
82 176 276
50 122 215
82 92 180
24 4 66
93 153 303
37 24 72
79 90 169
94 132 232
61 138 248
80 3 267
32 81 156
96 70 178
93 197 297
9 17 221
66 189 291
22 4 50
15 95 115
76 25 284
37 132 174
11 60 233
21 70 133
94 147 244
62 99 198
54 12 70
54 13 69
93 130 291
65 28 103
50 92 203
83 173 261
23 18 156
72 63 314
42 111 157
89 155 245
71 142 218
27 109 221
59 72 141
56 30 90
59 98 187
60 75 264
41 114 258
32 197 255
27 39 76
49 165 216
36 137 195
99 155 353
33 64 246
48 71 135
65 197 301
90 60 215
31 158 200
22 137 173
45 55 159
29 178 214
42 155 221
67 10 83
41 16 174
20 85 109
49 173 231
87 45 136
66 158 266
92 101 194
1 95 142
76 80 189
80 132 237
93 189 286
42 131 181
86 147 242
15 171 194
94 158 257
64 185 283
72 19 113
82 77 195
29 60 264
30 152 184
95 16 281
38 33 91
14 44 61
67 15 90
22 148 179
4 117 158
47 36 104
74 36 118
14 25 65
29 56 92
79 11 120
34 107 149
69 101 172
52 51 156
5 35 166
8 46 71
12 6 65
4 57 86
53 51 104
4 82 166
18 42 78
76 28 109
75 127 229
82 199 292
37 111 239
69 62 133
35 78 117
77 192 425
15 46 74
94 40 173
7 44 56
1 93 135
2 173 274
29 101 162
64 62 303
27 148 357
93 171 267
91 88 216
77 86 171
10 134 150
56 136 201
85 177 277
70 5 118
86 16 119
67 96 236
53 135 269
47 123 178
14 147 163
56 101 187
82 27 130
66 78 222
19 130 184
11 164 179
30 100 193
23 98 257
51 57 259
93 176 295
97 59 164
63 87 150
80 86 193
47 72 316
3 111 127
85 132 344
96 39 138
3 52 67
9 185 241
55 155 224
90 175 284
13 54 179
77 126 332
68 183 254
77 79 199
34 196 377
61 68 130
96 149 442
30 157 196
86 114 233
63 34 280
42 75 118
79 77 156
70 136 214
75 65 170
12 195 209
93 92 241
6 89 239
99 147 388
26 69 95
63 188 253
91 137 235
46 18 67
33 68 110
3 42 183
92 122 332
55 27 261
75 126 210
64 60 263
62 133 227
57 94 346
59 197 316
87 173 275
82 115 203
88 7 225
59 43 152
70 10 103
41 85 134
57 200 288
28 97 261
52 44 117
82 87 176
55 71 166
74 172 258
17 154 173
