140
75 100 178
2 36 42
53 93 152
17 151 302
97 94 243
51 115 193
72 145 218
77 76 163
89 115 244
27 87 306
77 51 136
94 15 305
54 58 138
99 112 239
10 87 118
73 117 287
11 30 45
66 81 160
24 146 283
17 142 159
19 130 244
26 182 231
45 184 259
65 34 100
20 170 197
52 114 167
87 99 202
80 147 229
87 144 260
65 54 125
57 97 276
52 166 243
56 58 143
52 179 241
57 92 149
90 148 248
46 123 170
12 3 178
7 125 172
30 15 57
21 130 167
68 96 337
21 37 66
50 103 157
63 142 309
31 128 168
90 109 225
87 193 314
54 8 115
8 190 345
1 52 56
5 44 76
27 45 78
59 179 238
33 23 185
52 102 165
53 18 72
62 117 184
35 54 96
28 123 181
23 200 322
4 48 57
63 108 221
82 93 178
20 173 240
70 70 146
99 96 260
74 97 185
15 176 335
7 121 133
57 177 430
6 139 153
42 87 171
76 191 270
58 74 135
40 183 267
91 101 319
44 197 251
96 178 294
24 157 205
71 98 174
28 23 58
50 82 163
17 29 157
53 9 67
32 162 233
38 113 175
55 33 123
29 200 232
73 165 248
51 6 81
70 32 170
90 143 248
70 112 222
19 134 163
31 58 133
44 86 167
48 19 75
83 108 301
98 18 232
38 107 158
51 86 144
34 46 86
50 19 149
30 112 181
46 127 215
76 40 170
77 21 99
96 34 316
49 21 192
24 44 73
26 135 167
54 10 70
93 117 213
91 90 191
7 108 275
11 117 162
95 136 368
67 47 121
53 80 144
79 178 258
80 51 262
82 131 221
54 160 223
5 173 191
14 20 37
33 56 91
27 181 230
34 74 130
1 50 213
37 173 213
15 194 217
57 158 231
92 36 193
66 150 236
42 2 165
66 158 225
44 172 262
30 177 207
59 49 126
