990
71 13 131
8 82 252
99 49 153
44 42 87
58 83 151
13 35 51
51 129 188
54 181 261
12 136 315
15 194 253
83 166 255
75 138 354
64 10 76
37 85 125
49 141 217
78 92 293
4 98 102
53 99 199
58 142 250
12 33 52
86 99 194
5 129 141
13 185 199
94 148 266
67 95 166
2 109 142
77 24 272
27 152 202
7 129 172
77 47 225
39 54 126
30 123 190
26 107 141
55 59 197
92 146 395
98 84 188
51 185 323
69 108 318
10 165 190
47 186 277
20 101 123
30 110 282
95 173 358
20 72 98
58 138 242
56 196 258
46 84 181
37 68 112
82 119 210
82 190 403
23 26 136
84 60 151
30 152 211
61 82 285
14 94 157
7 174 182
9 75 84
79 109 324
30 92 147
94 165 268
66 28 115
82 32 121
38 59 139
63 65 138
74 18 117
42 23 133
64 14 101
78 175 262
36 113 186
43 3 48
81 147 391
46 6 52
18 193 311
92 70 167
69 137 227
97 86 230
58 114 182
47 5 79
91 189 298
3 138 180
80 111 238
46 96 165
14 198 212
5 60 73
55 179 239
96 126 226
15 47 244
14 7 41
83 20 152
9 136 329
30 71 102
52 77 282
47 8 82
10 146 334
18 84 104
74 195 279
59 87 175
53 7 184
65 52 158
8 173 206
18 93 119
63 54 127
95 163 308
72 45 122
68 142 220
52 120 176
65 37 198
50 60 117
37 187 234
46 126 181
59 161 222
77 133 236
82 49 180
97 127 252
86 18 110
93 88 358
64 34 98
98 52 309
93 27 287
47 103 166
76 56 206
94 200 297
33 72 111
36 1 131
25 198 227
62 141 211
77 36 238
34 45 170
85 119 282
25 159 190
75 44 119
64 117 215
69 28 277
43 41 267
25 31 94
34 179 304
11 126 323
58 63 306
85 125 244
39 8 80
11 96 128
55 129 229
83 176 265
22 143 308
65 129 387
94 82 257
61 71 135
42 17 81
10 150 162
62 71 179
3 13 22
27 170 229
33 5 168
76 108 196
26 27 55
79 44 127
47 118 174
48 78 166
74 175 251
7 125 144
83 153 248
30 173 303
31 56 93
22 60 182
26 148 200
69 111 364
42 59 277
81 25 112
48 170 262
8 137 155
94 65 202
50 193 243
61 18 111
29 172 201
47 140 378
84 170 370
2 145 149
6 34 50
2 22 48
85 9 104
18 138 156
37 46 84
59 47 109
81 4 92
23 87 116
44 147 193
78 109 364
85 149 265
61 156 264
74 113 190
95 118 222
88 137 226
86 106 241
36 179 361
79 71 211
94 67 173
41 134 184
95 184 281
87 196 287
12 82 143
37 105 172
66 65 131
73 116 235
95 156 261
31 171 204
18 60 102
51 45 98
18 192 273
50 198 290
97 47 154
33 183 228
30 81 111
51 189 322
22 127 157
42 141 187
88 129 359
94 24 134
4 71 80
82 135 262
84 62 314
17 13 37
89 82 204
76 200 278
89 157 267
22 7 223
90 42 291
19 52 78
59 86 166
55 147 209
10 106 119
27 16 85
89 167 266
81 43 276
28 31 140
53 106 303
68 45 114
30 5 39
78 4 160
68 172 264
7 151 205
7 87 116
93 160 400
69 141 217
19 152 208
85 26 112
34 80 121
88 148 254
35 172 254
72 165 313
6 169 293
77 123 240
97 137 330
70 125 224
18 134 266
29 69 258
2 112 123
35 15 68
10 157 167
81 127 248
11 65 114
28 30 122
19 145 170
22 138 189
39 95 136
7 189 209
20 167 196
29 156 190
73 199 447
85 197 283
82 151 236
75 191 267
91 166 259
65 54 119
1 60 133
38 117 156
95 29 168
36 188 224
34 39 73
39 100 180
69 139 210
13 33 61
56 10 111
63 64 148
59 126 190
62 29 100
72 88 160
62 137 206
44 78 127
10 108 183
61 175 246
51 55 108
1 150 219
12 175 251
35 81 154
13 34 201
13 114 158
33 183 317
32 24 160
73 189 270
14 158 369
71 28 138
82 66 260
24 95 124
15 61 106
63 97 191
96 109 205
67 107 306
31 109 153
15 116 155
90 12 106
6 69 236
26 47 78
47 47 96
90 144 249
62 153 222
93 64 163
58 104 164
43 163 358
91 133 253
85 33 127
58 97 171
26 98 125
95 131 235
75 162 239
72 90 221
84 110 197
19 62 109
71 134 212
39 170 232
54 130 186
31 190 285
91 188 313
6 62 73
30 160 232
38 36 94
20 72 96
23 108 219
87 38 265
59 16 141
28 179 210
99 13 121
41 92 188
74 25 265
22 179 211
73 99 214
76 95 325
55 76 292
64 118 208
29 199 302
53 8 66
76 152 229
19 155 303
40 46 92
4 131 154
91 194 324
61 163 327
34 164 239
52 40 100
38 198 284
83 108 248
72 149 237
86 54 180
98 118 273
4 181 190
89 182 276
65 137 204
7 112 121
14 145 208
86 81 172
37 49 123
97 50 266
16 28 44
81 125 228
70 15 94
84 196 472
62 143 223
96 63 167
56 60 117
41 82 167
43 151 201
79 196 313
45 172 225
12 154 171
90 4 133
57 162 254
34 69 120
42 27 82
17 2 154
75 109 194
25 62 245
43 91 134
24 130 202
4 101 108
1 16 117
19 182 204
96 181 286
22 77 104
85 158 246
66 197 438
83 138 230
75 7 205
33 98 154
38 17 163
80 130 219
52 184 435
12 24 43
86 151 273
26 58 115
82 169 255
29 131 184
22 116 140
60 81 166
62 158 228
41 187 400
14 135 183
76 10 242
2 119 130
41 189 268
35 188 224
30 40 71
57 141 214
79 89 205
60 191 340
100 31 134
86 29 136
12 141 158
98 7 235
13 27 48
4 38 173
50 54 113
70 83 160
93 52 145
96 143 246
91 143 287
37 191 294
62 171 405
39 71 259
6 54 107
23 118 150
3 54 101
73 36 133
32 93 325
10 144 163
12 9 162
20 50 212
94 139 387
17 198 352
61 73 179
40 198 247
67 187 428
73 24 108
30 46 213
2 143 154
70 158 238
59 129 250
15 104 129
78 80 246
28 79 112
95 86 184
8 182 204
25 7 64
87 103 239
98 36 307
55 141 387
64 16 84
18 52 222
39 154 233
64 20 193
86 141 231
57 199 264
22 177 209
21 191 247
98 193 375
92 56 164
2 107 109
40 178 226
21 12 41
78 195 273
29 129 222
33 86 154
79 39 144
80 191 316
31 48 114
10 66 87
15 77 248
99 90 190
33 136 193
100 8 139
58 19 163
50 13 86
78 51 150
97 190 290
82 76 166
36 92 193
74 67 186
53 31 120
28 82 113
65 76 166
96 34 134
36 120 163
98 104 212
45 141 192
15 194 214
35 193 399
12 176 195
8 139 154
40 166 209
38 170 267
82 180 272
21 106 150
21 39 204
70 78 153
11 84 143
66 52 244
29 105 134
97 87 188
5 165 175
80 67 194
13 50 106
21 157 181
52 174 321
76 25 108
89 162 284
37 91 136
23 164 187
43 6 73
18 23 49
18 192 290
4 108 162
68 6 86
52 151 378
38 36 262
91 198 291
17 111 267
53 33 124
41 136 187
95 38 135
41 34 259
86 147 281
16 109 126
89 125 238
44 189 275
18 85 125
71 72 144
16 71 94
47 182 234
42 94 207
46 101 153
32 28 66
54 138 198
92 142 328
35 45 82
35 127 249
3 127 249
10 151 164
65 56 122
66 108 178
29 57 133
80 50 177
66 191 299
34 5 219
84 0 94
32 68 102
81 182 306
35 81 226
71 133 220
74 104 182
15 112 276
39 38 117
56 127 190
22 88 119
90 40 163
22 144 216
95 122 326
62 161 230
96 37 136
40 189 276
98 146 245
67 82 155
25 14 88
93 118 214
26 13 70
12 115 304
58 186 254
47 91 140
13 127 141
46 106 152
24 198 406
47 23 209
1 187 195
2 20 60
67 67 225
17 196 399
50 6 58
7 34 50
52 131 351
68 8 106
45 178 243
19 30 217
48 21 74
39 74 114
41 9 74
13 8 105
87 16 303
2 47 159
7 132 147
30 168 280
26 79 111
8 15 115
87 109 212
49 64 159
65 127 233
33 138 177
46 53 113
90 5 101
13 200 220
19 92 117
25 152 220
31 51 93
50 83 168
30 55 93
66 189 337
93 97 271
72 87 162
76 184 297
81 59 144
70 188 302
19 21 42
56 162 257
78 75 195
92 65 161
38 190 262
45 72 139
22 187 243
68 16 86
41 108 199
90 151 246
53 29 126
7 98 110
13 134 151
13 172 200
44 179 228
52 155 213
74 177 402
50 152 221
23 46 96
92 53 155
10 145 201
55 14 71
56 93 178
94 21 128
62 38 116
100 133 269
11 177 225
33 83 120
54 200 413
3 163 202
52 51 135
90 97 194
14 186 205
37 26 83
38 14 55
67 19 215
82 20 159
38 150 254
51 51 123
88 29 155
45 125 189
72 109 317
53 89 146
12 121 148
92 175 269
2 124 172
13 136 154
68 133 207
41 35 146
64 86 342
57 7 66
19 191 389
33 120 161
88 188 285
17 137 307
40 36 125
89 47 154
88 90 178
50 194 257
63 108 192
99 190 447
11 164 197
54 26 253
69 30 105
76 116 390
35 198 273
48 25 73
54 81 140
33 124 198
38 130 256
83 11 94
42 35 105
54 9 90
74 57 150
10 152 166
41 69 120
65 50 257
80 105 191
1 18 197
26 154 216
67 126 236
38 73 274
61 153 258
23 136 341
88 182 271
100 150 253
54 40 108
37 41 105
31 97 142
88 142 235
25 191 225
84 67 317
74 176 358
26 142 188
87 139 261
14 47 67
99 197 352
35 27 243
41 84 131
2 146 148
41 108 154
34 166 317
13 173 187
57 73 130
70 185 298
61 138 221
34 37 80
97 139 243
21 174 241
45 194 346
61 187 341
38 65 108
72 170 251
33 180 246
41 110 238
13 158 177
15 170 219
62 68 137
6 35 43
95 199 300
4 158 312
4 26 31
36 3 87
40 32 89
67 134 203
22 28 56
28 117 162
94 90 184
1 72 75
91 28 123
2 2 12
70 64 137
8 192 234
65 75 189
23 32 188
74 0 82
92 56 160
90 21 201
49 97 153
81 139 405
98 49 251
65 148 259
100 114 239
11 177 218
72 172 290
44 166 216
88 98 364
18 118 143
66 37 177
85 133 257
15 191 253
92 126 260
12 84 243
70 125 327
14 4 28
38 138 182
72 0 146
79 145 225
33 130 164
3 5 13
57 25 174
42 122 264
49 115 174
27 47 98
64 145 211
63 61 124
54 164 225
91 160 275
86 31 120
49 15 65
35 107 148
11 184 195
90 51 313
50 26 90
72 98 191
38 154 219
84 96 233
97 128 253
6 36 62
75 102 294
40 171 214
56 96 156
48 195 251
47 68 269
87 44 161
41 52 98
15 189 260
92 115 230
42 17 80
54 39 94
17 89 126
44 129 319
23 117 145
57 59 123
98 156 263
24 75 188
17 15 153
73 62 272
49 100 158
12 92 238
35 198 253
70 146 226
78 66 187
14 191 356
43 95 145
51 141 196
66 167 279
75 119 195
21 196 237
75 64 226
71 102 175
98 43 149
20 173 318
39 111 152
76 30 139
15 21 45
27 144 177
92 101 198
40 31 135
17 180 246
66 116 188
7 85 110
87 71 158
85 125 220
91 27 137
89 17 156
57 22 89
62 200 272
95 119 410
93 82 260
67 3 199
60 127 198
20 163 198
17 61 84
12 181 232
73 197 280
7 90 164
69 83 162
4 130 323
79 32 139
71 57 128
6 148 315
51 40 121
47 97 147
90 14 140
51 178 241
50 32 101
52 54 108
28 98 281
20 26 50
59 154 336
76 191 441
82 141 228
18 43 108
9 112 128
75 104 337
84 15 236
59 181 245
6 111 221
1 156 158
57 132 220
9 105 261
78 135 395
67 34 123
48 45 119
14 90 110
72 139 217
50 183 337
57 45 108
66 185 291
56 120 280
11 155 172
90 169 290
79 65 147
31 83 123
59 4 66
88 74 168
34 134 335
67 4 75
64 186 377
45 22 207
11 175 211
47 158 254
75 179 256
90 126 224
7 184 192
59 173 259
34 16 59
54 138 326
10 40 62
72 178 260
72 159 258
3 18 24
13 184 206
73 86 241
95 124 244
70 68 220
39 151 190
8 150 245
71 116 192
53 153 266
61 196 259
53 151 207
51 56 181
15 101 270
43 116 164
15 104 293
59 177 278
33 75 296
27 129 194
13 65 85
80 116 393
11 67 101
100 177 278
98 191 453
83 122 210
97 87 365
82 63 293
91 11 288
32 171 203
66 128 194
95 73 180
19 178 200
85 16 275
85 142 250
28 131 321
69 7 79
35 189 325
50 80 158
67 165 252
32 5 40
73 81 162
80 94 367
6 124 224
37 70 295
41 95 328
31 91 174
8 163 243
43 8 75
28 80 286
90 147 248
34 89 170
31 102 137
41 9 178
85 50 135
51 125 183
30 9 165
93 135 232
98 47 239
84 163 249
47 38 94
54 137 215
100 115 321
90 166 262
21 198 226
57 90 160
94 155 250
46 92 240
25 9 127
19 146 177
94 56 153
93 136 260
32 53 275
