370
53 147 218
10 110 125
60 155 227
44 131 203
48 30 80
100 156 261
30 149 179
83 58 297
58 126 341
63 16 159
74 51 130
47 15 161
85 183 271
18 36 67
100 26 222
87 113 236
67 182 253
19 28 49
60 143 228
89 59 155
96 177 297
62 108 171
72 32 189
53 190 250
38 55 115
73 99 311
37 150 208
35 22 60
87 0 214
71 80 152
89 22 156
61 78 144
66 127 211
93 11 113
81 133 219
23 113 137
13 18 79
84 10 164
13 54 77
83 101 214
12 105 122
98 169 460
89 8 100
75 81 157
39 91 152
45 172 351
10 53 154
46 14 67
49 38 121
17 179 206
98 22 125
49 196 294
11 99 285
4 122 295
53 166 310
80 95 226
33 132 186
29 117 157
41 192 235
78 62 186
44 151 214
28 187 237
98 98 232
30 175 208
54 79 140
35 200 393
96 131 404
72 100 204
76 57 159
100 128 236
1 14 141
10 122 140
10 69 92
37 142 373
11 138 159
72 62 293
79 107 217
5 154 171
91 154 254
62 13 89
43 28 81
54 12 67
99 33 173
30 54 136
17 49 80
40 141 203
2 115 248
82 131 370
14 114 171
17 163 227
95 142 253
34 1 41
42 41 210
47 199 411
22 160 220
84 27 177
11 186 201
53 112 238
20 81 101
76 80 295
17 96 208
34 91 154
57 166 228
5 112 127
37 130 355
67 47 122
33 167 215
31 118 155
89 87 176
28 142 176
82 27 115
69 149 262
98 82 226
5 6 174
15 51 72
87 29 122
7 196 315
7 44 215
71 25 96
6 175 190
24 99 162
97 78 206
22 143 338
5 111 227
13 62 214
73 95 178
2 197 200
38 53 117
51 21 191
38 123 186
18 163 221
31 49 80
87 85 304
28 187 367
96 97 289
49 120 213
83 181 270
79 176 278
37 175 220
84 184 320
88 62 152
32 30 71
12 136 148
51 188 315
74 15 112
17 115 140
67 137 206
81 138 242
34 170 213
33 189 251
57 173 273
44 50 158
12 20 69
55 133 204
26 49 91
52 46 108
9 194 212
59 184 253
96 29 231
88 55 171
39 107 149
66 93 168
34 46 93
24 176 204
24 30 54
36 3 69
28 56 85
23 113 143
31 58 99
96 72 214
47 68 230
83 51 141
10 137 243
36 151 232
54 41 127
38 159 199
63 6 71
88 108 214
87 59 168
56 110 205
96 88 225
71 132 243
88 88 222
39 130 210
58 49 122
69 137 397
21 63 154
72 90 163
11 80 91
40 8 72
37 108 146
72 34 123
75 192 423
48 32 84
65 165 245
47 111 202
25 162 220
69 147 230
58 76 159
96 89 192
92 45 164
30 50 135
8 42 141
4 36 65
89 195 299
17 166 205
39 104 146
68 177 251
92 192 418
69 28 284
76 160 241
28 22 59
57 119 179
31 200 237
27 11 69
97 173 291
86 143 233
100 87 224
27 27 83
70 118 196
16 72 101
48 66 147
43 16 65
70 113 321
9 50 196
54 57 125
60 140 204
33 62 123
88 165 396
28 53 108
77 172 257
12 129 171
46 189 252
85 85 191
31 35 112
20 37 135
77 127 207
72 5 85
33 166 209
58 37 112
71 110 188
85 36 285
32 50 141
49 29 93
48 52 108
100 162 286
73 95 182
49 73 123
57 180 397
41 52 130
43 121 172
95 40 145
42 80 165
80 52 209
91 140 234
37 121 167
80 126 215
33 200 262
23 90 163
67 141 222
46 146 196
41 120 264
18 1 149
72 167 439
63 92 163
53 161 258
94 78 206
95 29 280
73 89 182
39 183 232
13 80 150
13 173 193
58 55 162
68 25 102
62 9 72
46 113 184
53 171 266
46 58 107
94 26 124
8 48 61
47 22 89
21 119 147
46 74 160
92 27 119
48 168 218
27 136 355
29 60 120
94 72 305
58 114 201
46 146 201
14 116 163
6 102 131
4 184 301
40 52 131
23 135 158
69 40 116
29 0 37
70 149 279
39 31 108
55 166 232
35 162 296
61 83 154
39 20 78
24 25 73
71 46 165
60 70 135
37 195 339
54 104 166
72 141 251
56 92 271
25 139 197
32 0 38
70 135 252
63 102 178
30 97 164
6 123 130
59 192 283
81 60 190
73 167 384
16 108 199
93 0 93
22 30 59
7 163 266
54 50 197
22 57 109
91 87 185
79 36 122
39 181 395
18 164 222
88 182 274
54 116 255
24 178 203
99 57 244
79 108 212
96 198 297
82 33 120
4 150 268
83 185 303
75 153 238
16 9 138
16 45 68
76 87 167
48 142 192
13 175 220
85 35 306
15 116 139
76 65 152
93 126 219
94 143 242
64 132 231
18 123 164
62 106 275
82 129 347
95 52 157
65 10 166
62 83 248
52 110 208
99 64 163
39 4 204
46 7 88
54 170 228
25 144 199
45 152 269
87 42 168
55 102 164
45 151 274
26 58 101
20 120 182
58 1 59
11 9 28
