620
41 151 319
66 136 234
63 37 100
43 189 269
78 90 170
86 90 178
19 196 241
25 133 326
85 58 155
51 35 132
52 91 151
65 11 114
71 114 190
4 97 179
13 181 251
6 115 131
95 103 206
13 134 328
13 122 136
77 72 184
98 114 270
58 151 257
33 71 147
96 163 381
8 169 186
21 74 101
98 121 264
19 183 233
71 60 133
27 133 201
50 199 273
4 188 343
18 121 156
63 146 218
69 45 126
5 106 137
19 85 111
71 164 282
62 192 303
65 60 171
21 80 140
62 120 223
87 125 234
28 125 183
99 150 296
3 17 55
45 65 116
21 72 98
85 96 221
3 56 106
23 2 63
27 160 237
96 145 283
91 73 171
38 80 160
22 45 74
65 42 111
14 41 69
74 4 211
86 53 255
23 63 86
10 60 118
61 184 250
55 27 147
63 139 208
48 76 134
31 75 187
7 186 337
47 93 258
61 108 324
92 177 312
56 194 338
34 83 125
7 8 42
55 64 199
32 157 229
11 86 109
62 30 178
100 160 264
4 39 51
74 58 137
69 11 87
55 199 440
48 39 96
35 104 141
56 56 132
37 142 188
8 160 177
40 153 304
92 120 230
43 77 121
30 1 73
13 197 312
91 193 480
32 180 239
83 184 285
15 63 89
28 58 94
94 179 277
87 195 355
27 39 68
60 55 132
100 187 290
77 154 270
5 87 116
34 173 296
100 113 224
31 80 136
3 191 379
57 149 215
6 51 65
2 87 105
53 174 273
42 78 129
2 49 51
17 91 112
40 77 117
27 68 98
79 195 277
9 121 132
43 176 253
95 176 314
53 51 132
76 78 222
64 29 123
69 141 326
69 152 268
78 31 156
63 188 256
89 82 215
7 129 141
66 192 258
64 162 286
51 138 199
41 52 135
60 166 227
36 49 89
51 116 176
96 98 304
24 31 191
78 10 89
29 195 398
68 75 164
32 194 231
71 155 242
63 93 156
44 138 231
23 43 67
77 53 244
31 99 176
29 75 104
6 103 109
68 17 87
23 194 300
75 39 122
49 91 161
82 125 366
54 114 177
67 17 119
76 158 288
41 41 221
42 174 243
66 165 236
8 35 119
39 121 210
46 169 349
53 120 215
3 27 73
71 156 249
7 41 63
81 110 224
92 177 286
65 105 207
34 137 366
27 90 117
43 51 279
72 103 272
22 198 257
82 1 115
100 194 364
62 22 84
79 104 193
58 86 168
20 59 115
12 43 59
3 164 175
64 14 81
35 32 146
24 123 259
18 168 206
72 57 170
55 67 305
26 30 159
5 61 93
58 127 221
19 18 39
51 24 75
13 109 122
32 107 278
63 199 276
65 67 181
10 86 114
34 166 225
16 139 312
99 65 235
51 65 118
14 110 186
2 134 261
2 58 68
93 56 181
14 45 143
2 142 150
56 38 103
47 138 229
17 38 63
52 41 248
15 194 227
86 11 133
73 112 191
30 47 78
52 195 253
4 180 185
69 50 143
81 60 141
96 8 104
76 114 242
71 21 102
69 113 184
57 134 234
63 132 204
90 150 306
83 9 97
99 64 208
85 147 261
26 173 206
24 57 218
57 139 197
27 147 177
91 166 289
65 128 195
88 169 264
29 140 204
3 106 229
100 29 309
97 196 319
29 3 34
16 180 208
45 22 116
92 120 294
3 40 52
76 46 288
29 91 131
35 182 243
86 165 276
99 37 146
14 128 172
98 110 231
97 110 210
42 160 230
42 46 98
56 80 173
99 106 210
85 177 284
80 23 108
40 32 219
93 65 194
38 59 144
3 27 73
27 71 137
91 199 339
35 90 134
78 172 282
68 31 208
79 181 267
33 106 312
5 136 250
4 134 152
27 89 123
94 94 229
95 72 257
16 0 48
91 191 315
43 21 68
5 21 187
44 109 161
10 4 14
27 136 330
32 195 245
94 107 229
27 192 241
31 54 91
63 75 143
81 175 266
26 30 56
59 164 315
60 51 115
37 127 171
62 157 221
15 160 182
65 148 245
40 39 84
69 177 414
9 145 193
71 26 106
68 10 162
17 55 104
28 16 88
77 148 232
63 1 69
27 90 125
97 78 257
100 109 217
53 2 60
61 147 209
4 30 44
4 104 158
81 82 268
31 55 123
18 136 177
87 1 94
64 67 136
50 144 199
66 128 199
89 75 205
30 54 138
40 41 85
78 137 223
52 30 111
78 193 320
82 109 195
40 16 213
38 65 108
6 198 220
30 179 211
37 193 321
31 118 199
52 126 187
94 156 252
38 180 409
78 6 99
91 161 300
15 17 52
35 178 224
2 7 112
10 194 206
18 86 138
97 166 273
64 62 166
29 157 211
50 154 242
51 76 130
92 162 303
88 23 119
15 19 191
71 148 229
87 73 173
65 195 453
27 63 102
73 122 196
82 135 227
74 112 195
69 170 276
40 47 136
56 88 260
55 142 239
17 194 312
20 27 89
46 9 64
22 59 82
14 194 239
61 189 259
61 196 331
29 54 148
76 10 134
22 70 100
60 198 337
55 47 160
93 187 296
82 108 190
50 170 223
82 39 144
90 56 190
82 12 99
11 93 106
51 34 130
24 54 126
29 154 197
60 18 111
70 61 156
73 74 325
23 162 190
65 155 354
48 121 173
17 107 130
87 156 249
16 40 98
24 154 185
54 88 330
48 191 239
60 21 86
78 20 122
65 185 261
44 133 218
18 81 109
95 196 292
63 200 301
40 93 139
47 39 105
63 79 320
49 20 119
50 117 187
38 9 65
83 49 169
33 166 199
64 122 362
89 178 421
8 199 263
16 115 222
4 21 27
73 71 174
94 80 184
72 98 235
10 187 204
79 20 107
1 5 69
37 100 140
79 163 242
45 126 346
92 63 268
82 79 174
22 111 133
81 54 156
68 52 313
85 134 338
69 111 187
60 181 280
8 132 162
23 135 167
20 82 131
69 74 225
19 26 225
30 152 185
34 173 240
23 131 316
84 104 368
77 10 90
25 154 376
67 8 77
19 150 176
70 140 213
57 22 98
48 138 189
67 165 232
11 17 73
17 98 238
71 90 259
64 142 206
87 188 285
91 195 308
37 94 229
67 14 232
98 144 242
62 156 266
8 195 233
38 106 245
77 165 260
2 198 209
45 138 352
6 175 280
16 16 100
40 126 202
59 154 223
45 32 122
32 153 200
27 194 359
21 187 225
96 130 367
87 55 152
70 65 145
92 49 319
9 93 120
41 71 112
51 200 252
92 136 236
15 159 181
44 147 194
27 158 210
67 29 104
68 72 141
27 153 183
91 38 137
56 90 194
6 85 94
95 178 279
78 185 271
57 8 75
91 90 196
59 41 150
73 32 109
84 182 291
63 94 356
33 156 194
49 142 380
4 77 90
48 23 105
100 20 161
90 16 114
14 82 267
36 25 88
66 136 220
31 153 212
36 63 109
93 53 337
42 175 231
39 151 192
21 15 232
89 54 156
38 125 174
73 43 157
67 125 230
54 118 220
53 1 235
32 64 106
25 61 134
89 179 306
86 115 250
31 83 139
63 100 269
73 99 177
52 194 246
86 94 191
16 82 157
16 37 90
53 133 192
80 36 117
56 131 196
53 166 361
88 127 228
22 186 220
47 71 134
76 123 371
85 183 284
28 8 227
71 149 223
11 183 293
87 65 187
54 195 282
66 98 196
45 77 259
74 51 238
21 56 220
2 99 148
43 82 126
74 20 134
14 146 308
75 116 200
3 144 151
11 104 128
96 174 277
42 24 82
80 4 129
72 102 207
5 103 112
8 63 189
84 2 113
83 51 142
9 10 59
15 46 104
19 152 175
35 150 189
74 9 91
4 182 194
87 30 248
67 17 159
42 64 191
26 98 171
26 68 140
65 34 104
22 140 182
69 155 252
45 130 179
22 144 169
89 185 294
28 197 256
37 65 124
5 103 181
78 8 86
20 174 236
84 87 212
87 31 252
41 199 262
17 29 112
70 21 124
77 152 252
41 139 180
39 29 103
22 71 139
19 100 247
99 171 313
24 101 171
44 92 143
82 38 129
71 162 241
71 198 384
56 25 117
25 61 90
40 153 200
46 37 89
5 18 52
82 5 125
3 35 124
89 185 275
85 45 226
55 2 74
57 120 219
44 33 77
82 107 190
17 145 176
7 39 156
87 171 456
