810
90 97 322
54 109 174
100 56 205
13 164 182
63 68 285
3 83 179
6 50 250
19 197 224
76 197 273
12 177 212
51 43 98
74 27 103
18 161 204
36 147 205
85 163 250
23 100 168
11 20 64
17 150 292
72 154 277
35 25 70
30 59 98
45 174 233
8 26 75
19 193 255
39 137 362
57 69 127
92 72 224
38 1 44
70 5 81
86 104 194
17 187 204
11 18 30
65 15 125
35 68 108
28 160 236
33 52 100
95 19 120
58 85 202
97 34 137
88 135 227
65 98 166
88 116 224
14 9 85
5 51 62
82 164 253
63 3 72
41 67 144
62 194 374
62 128 311
8 26 49
4 82 147
90 8 129
62 72 275
32 34 111
9 183 192
74 157 236
72 106 195
35 90 133
23 44 85
68 120 219
34 94 224
72 147 356
67 100 278
20 129 156
51 108 159
41 200 256
82 89 218
20 5 34
95 75 180
43 5 49
35 45 119
98 59 164
13 163 188
94 105 360
88 176 309
29 44 80
81 54 185
87 56 146
17 176 371
25 178 211
97 186 309
75 167 244
31 66 98
8 34 47
56 195 257
75 109 324
2 23 30
64 12 210
49 182 236
90 11 299
11 155 187
12 65 168
72 136 309
98 199 297
90 68 167
9 40 82
8 125 137
73 178 387
72 189 268
49 147 199
94 126 234
21 60 232
48 66 152
50 54 228
60 167 228
62 164 265
67 158 228
19 38 193
54 186 245
28 41 198
9 32 68
80 171 292
54 62 250
60 56 173
57 100 331
79 145 370
75 151 235
28 112 290
43 200 250
58 52 122
48 28 193
42 101 307
86 6 101
16 43 217
64 116 190
19 28 198
40 53 94
31 56 120
83 40 166
84 171 286
21 195 409
96 49 186
32 122 157
77 51 144
50 149 208
28 185 260
11 126 140
99 157 280
27 79 145
42 95 142
98 106 364
48 133 367
22 38 62
72 26 99
93 128 222
43 147 307
29 29 67
84 194 374
75 141 264
13 175 281
6 117 306
8 151 164
63 68 154
60 36 97
95 171 267
17 121 159
94 18 249
98 154 258
83 173 272
17 65 89
59 59 145
87 54 148
25 98 173
80 105 195
24 60 93
35 102 142
7 82 93
88 198 330
26 65 133
17 88 265
49 112 204
64 195 276
1 104 107
28 25 53
15 134 275
1 174 205
28 95 168
7 12 29
55 21 83
15 127 148
75 55 140
36 94 134
35 197 238
24 115 147
93 69 176
32 1 39
28 176 353
5 192 240
81 1 227
61 88 150
29 149 271
54 199 262
14 191 218
50 191 245
46 174 227
89 199 323
63 82 334
35 14 55
83 47 140
39 123 351
61 34 132
24 97 124
1 99 192
92 188 281
64 103 346
66 35 115
68 180 312
25 66 133
44 118 162
25 39 209
17 180 223
8 128 137
89 79 327
8 125 176
68 1 71
49 152 231
60 173 239
26 97 168
20 193 216
51 3 107
100 28 164
51 23 82
79 147 232
85 47 255
18 97 119
20 72 97
99 128 302
31 15 82
21 120 274
22 199 226
3 158 162
84 136 250
14 167 182
39 193 411
20 42 93
28 75 112
50 137 210
24 60 90
82 73 248
92 116 330
41 165 214
54 174 389
38 107 193
23 104 130
37 121 343
15 102 143
27 50 86
10 91 290
26 51 254
80 82 164
72 67 170
77 148 227
24 21 74
32 199 238
7 1 11
5 175 300
14 154 302
69 188 266
77 119 216
21 183 235
38 101 254
34 42 86
18 184 370
41 147 228
55 96 163
94 40 187
48 24 268
25 50 114
34 200 240
19 192 379
42 19 68
27 184 212
42 168 253
85 87 173
2 71 85
35 54 90
57 88 271
55 81 275
92 53 145
60 189 249
76 151 243
25 193 250
84 110 201
32 143 176
27 75 262
25 181 208
55 52 208
75 36 264
24 78 106
91 141 338
60 118 186
59 51 114
56 144 207
27 34 192
35 142 280
48 40 110
73 84 163
31 94 155
2 188 195
94 106 278
30 132 169
44 85 165
72 181 438
63 85 152
58 98 159
64 111 175
72 166 253
41 145 196
97 115 368
26 133 182
27 89 119
55 10 70
50 94 148
81 90 207
30 180 380
7 67 79
12 138 177
55 85 237
26 120 154
92 25 138
91 92 185
5 41 218
6 58 174
25 180 212
71 171 274
20 95 139
72 58 130
32 61 101
49 164 316
3 140 175
48 106 227
9 106 228
87 104 191
91 33 315
28 78 214
7 99 108
50 75 179
32 149 183
31 99 154
78 168 272
71 29 149
64 2 75
26 194 232
51 4 59
98 29 184
92 43 137
67 18 95
40 106 147
37 77 114
41 112 168
55 180 265
76 29 119
76 106 186
65 113 201
16 150 166
69 4 82
21 55 87
78 166 270
41 29 78
76 158 377
47 26 77
3 157 166
45 126 202
91 29 143
60 27 205
10 166 224
58 192 253
34 23 107
7 12 20
58 50 293
68 182 340
94 84 280
2 68 264
73 124 203
23 178 206
69 114 192
81 33 119
19 185 213
94 100 258
6 13 29
85 6 91
59 153 222
20 42 104
8 58 71
43 111 203
53 48 107
49 109 164
18 82 100
4 127 172
58 66 128
32 186 409
45 96 144
31 30 225
25 74 104
57 160 219
44 76 262
76 7 141
56 41 101
22 116 139
22 30 56
48 116 180
69 57 126
44 101 153
67 114 191
81 172 296
34 133 174
97 24 129
82 186 297
69 11 90
26 158 198
42 47 94
17 163 189
36 187 390
89 3 100
34 172 387
29 192 224
63 177 245
83 120 226
47 15 248
54 136 196
35 45 90
11 122 134
88 54 318
87 108 197
63 169 400
56 26 86
74 102 183
72 17 130
27 45 196
31 133 283
27 168 222
20 189 211
78 134 412
71 80 345
31 188 262
33 58 134
53 47 108
3 63 72
25 110 220
2 183 226
31 4 207
1 129 135
81 125 211
73 190 363
18 192 308
94 182 282
47 74 124
44 46 125
18 46 90
29 99 139
53 138 195
58 154 218
69 137 216
40 149 196
9 78 87
83 11 252
59 197 377
63 39 129
69 98 183
100 12 133
92 80 220
54 56 111
74 111 347
79 117 368
33 88 122
83 76 167
43 12 82
66 138 244
42 60 108
51 79 213
92 179 307
61 133 356
58 103 189
81 121 212
38 20 75
3 112 131
54 117 369
38 89 127
76 51 137
66 131 234
24 19 48
14 159 179
24 103 135
11 29 43
36 161 200
44 36 215
36 118 155
46 87 226
44 46 221
28 67 104
86 28 114
61 81 335
100 196 322
80 139 257
91 5 99
1 62 224
34 190 230
74 188 372
45 45 195
79 86 186
5 17 25
63 158 255
89 170 268
68 94 166
39 88 132
61 144 396
22 117 139
21 105 127
91 42 200
27 97 323
71 106 184
57 123 275
91 86 179
18 120 146
21 138 169
92 121 246
63 176 280
49 184 306
97 196 296
9 89 99
43 33 79
99 190 293
1 172 204
40 124 178
84 75 162
93 66 160
49 169 374
83 197 317
69 2 97
54 120 189
34 130 172
48 40 101
78 48 163
96 77 190
46 110 263
5 31 80
30 129 161
95 146 260
35 84 119
19 109 229
39 161 200
83 93 214
79 156 244
31 0 184
58 172 390
76 39 310
30 110 161
96 104 202
26 194 377
2 101 130
100 73 329
87 99 219
82 13 275
14 181 202
96 184 327
87 186 318
42 86 240
75 172 248
86 89 205
52 4 61
46 7 55
26 94 124
35 152 237
85 72 199
3 50 62
22 8 34
79 171 253
65 179 246
89 44 241
36 177 232
74 157 241
37 29 244
98 52 335
24 12 49
43 8 58
4 99 106
80 71 179
26 135 163
17 83 281
5 157 169
76 92 197
33 92 302
37 25 68
90 116 216
47 17 121
39 86 129
57 147 323
26 179 207
31 8 43
95 163 390
72 32 115
40 46 106
85 55 323
32 121 153
71 54 269
18 140 305
62 178 243
33 44 80
48 77 128
83 140 326
20 34 210
57 69 161
45 33 198
35 128 167
88 177 319
86 38 130
20 0 204
35 172 336
86 90 181
69 143 253
16 127 165
53 156 358
6 135 142
78 62 147
78 173 253
18 10 173
50 58 158
98 100 200
26 138 208
62 41 129
12 39 57
81 136 369
19 50 69
54 84 152
100 103 209
16 17 34
71 37 173
79 54 320
69 151 242
16 7 28
59 111 235
17 120 155
99 82 363
67 118 194
34 124 165
25 40 159
9 191 236
36 10 53
91 0 120
79 168 273
45 26 71
58 84 145
93 79 181
98 42 296
65 24 147
87 68 221
10 158 175
33 179 218
74 148 249
3 15 28
45 91 222
70 125 245
38 153 327
70 200 270
10 136 175
56 6 171
84 38 125
12 21 41
42 128 202
69 137 220
44 172 225
82 84 362
51 196 252
72 170 261
12 180 202
22 63 217
100 39 141
43 156 202
15 90 292
36 64 229
18 23 47
43 178 334
10 189 204
90 41 314
83 79 176
86 36 126
32 36 240
64 173 240
72 157 254
20 76 97
3 144 249
20 67 102
82 183 273
16 5 36
18 125 164
85 127 246
29 199 380
42 176 407
68 116 187
100 182 284
57 166 232
58 135 202
69 13 277
77 73 153
65 172 385
66 57 166
94 86 345
63 95 274
7 83 138
55 73 136
44 6 95
87 116 242
3 170 178
51 32 127
18 132 177
8 181 261
24 151 202
79 161 242
87 164 386
31 47 80
93 3 143
70 139 220
60 49 156
90 50 177
1 98 129
32 66 145
39 6 55
25 3 48
74 178 266
58 58 274
37 157 284
53 13 108
47 183 243
78 168 253
43 102 155
91 17 138
79 190 310
14 29 55
89 141 300
59 99 164
22 94 150
74 172 305
50 23 82
61 32 99
22 91 130
85 181 459
48 193 268
82 84 170
70 43 126
13 38 54
9 195 208
64 192 349
47 183 243
61 124 188
70 25 104
9 132 174
44 194 282
15 82 125
51 29 128
91 9 199
23 112 302
65 59 126
4 184 194
12 151 207
95 189 299
15 17 136
62 166 312
5 1 45
97 162 287
48 14 80
40 43 105
73 190 309
4 119 131
69 65 299
19 89 162
91 32 130
1 112 113
84 178 267
56 107 275
35 198 239
1 156 235
14 167 268
78 38 120
36 197 246
95 65 170
50 97 157
60 144 211
35 113 157
44 160 226
79 92 181
39 113 156
59 5 64
40 121 280
75 81 238
55 152 213
53 31 226
26 19 150
45 50 108
23 124 159
24 56 130
90 199 310
50 145 213
75 198 303
61 34 105
45 32 121
37 11 76
46 27 83
6 180 198
48 54 202
11 180 214
13 163 178
4 29 38
66 48 116
25 9 60
70 40 118
3 89 150
28 175 209
77 99 214
91 170 298
14 117 152
