410
70 120 339
3 48 91
37 56 103
72 12 208
71 17 160
95 94 337
10 97 128
9 173 185
81 140 249
59 48 116
31 140 216
13 137 155
12 30 156
29 43 76
72 148 229
31 65 279
8 100 287
92 48 141
33 21 79
75 90 167
3 54 124
16 0 45
4 65 78
60 120 302
55 195 253
44 142 368
86 199 344
45 191 243
25 182 225
18 13 183
59 86 155
81 89 177
5 54 72
12 30 46
81 100 184
26 152 197
15 178 305
75 64 248
44 118 162
99 96 362
58 147 207
29 72 102
6 188 195
65 55 165
23 111 140
70 191 277
88 20 299
12 60 74
32 132 166
32 48 141
23 148 176
69 19 106
90 12 108
76 129 300
37 112 158
24 122 147
10 48 130
85 6 114
18 60 84
75 173 251
83 198 281
5 75 90
96 96 210
8 128 191
57 128 212
50 28 83
40 148 194
53 170 256
34 153 194
19 103 148
2 124 149
100 88 228
5 2 17
69 164 362
44 149 333
8 164 211
86 13 200
41 45 104
40 194 282
71 176 282
91 91 185
43 28 79
14 26 122
10 188 212
8 73 98
65 37 112
46 157 289
74 187 272
36 174 317
58 52 202
47 122 304
25 156 272
71 15 112
3 166 184
79 30 129
21 7 32
11 73 89
29 154 187
46 71 205
70 52 123
42 173 300
12 113 133
51 20 118
82 9 167
6 9 23
83 166 250
80 12 99
25 18 208
26 66 215
77 20 223
11 106 124
25 112 165
49 172 254
81 79 160
42 97 328
97 178 342
41 110 158
59 95 198
12 1 22
81 37 129
82 163 287
56 87 289
88 75 185
90 184 419
48 143 252
53 173 263
58 92 209
77 6 86
42 181 324
41 183 240
13 103 117
89 131 246
71 75 154
12 37 165
57 53 159
69 112 195
35 176 253
34 4 116
38 119 161
73 107 216
31 150 363
86 42 150
45 53 106
3 128 284
28 188 223
76 24 103
41 176 240
8 190 397
74 109 196
76 44 130
53 15 69
75 56 140
10 22 219
21 179 249
52 49 125
1 42 54
27 177 207
1 99 106
47 106 153
41 168 282
53 77 180
66 189 272
86 176 266
77 184 301
62 196 269
9 44 93
92 195 297
64 192 276
81 165 274
67 14 86
20 88 116
26 182 213
28 2 65
16 37 59
43 2 83
94 128 224
30 114 153
25 134 208
23 155 200
66 136 325
5 44 193
95 37 142
50 32 169
60 193 261
46 166 239
1 28 68
92 13 112
1 28 36
43 123 298
11 41 60
28 27 57
53 43 111
86 170 290
89 198 442
60 77 149
58 92 156
84 80 325
80 168 248
94 168 270
41 150 216
79 65 194
81 19 106
3 76 122
35 97 173
5 139 167
86 183 393
75 65 286
12 56 68
79 0 82
90 40 134
88 168 303
59 79 222
48 3 52
87 85 179
8 134 197
74 110 367
56 152 281
69 29 103
35 74 216
27 153 189
60 189 283
65 111 177
38 107 330
6 144 151
85 50 139
53 182 237
53 193 316
49 99 158
34 134 192
74 184 263
58 8 253
16 168 229
96 112 406
31 20 61
10 92 143
74 62 142
36 162 205
63 161 257
71 63 260
94 133 246
82 145 240
23 169 301
30 118 256
72 47 120
31 199 235
34 41 79
53 62 259
47 52 220
57 51 114
72 106 185
94 71 326
28 113 143
95 184 295
67 47 215
15 109 192
42 71 123
58 94 160
14 184 311
84 171 321
93 193 423
78 35 116
22 51 135
25 13 45
31 36 116
56 82 141
53 152 207
27 100 251
16 113 135
18 39 59
69 198 268
60 30 101
21 90 292
42 79 166
51 153 252
78 158 399
42 62 142
30 106 170
51 186 242
12 88 220
9 116 125
53 145 238
57 56 137
66 69 227
64 134 305
57 165 346
68 181 258
69 21 93
92 198 301
38 106 157
76 48 279
7 162 187
60 41 104
40 143 184
51 26 84
83 158 245
2 178 371
56 59 124
77 78 194
23 179 204
34 87 139
81 101 208
7 153 168
33 151 221
75 6 84
30 160 205
11 183 195
5 1 106
20 80 130
92 174 276
25 95 125
1 12 23
24 5 32
72 146 237
69 171 257
65 94 162
63 94 187
7 0 13
32 14 64
70 142 221
79 161 276
1 66 72
91 174 267
7 153 170
30 135 193
78 127 251
72 144 225
41 116 157
32 35 113
76 171 421
86 108 238
25 184 245
88 61 348
8 90 204
74 164 270
13 34 55
62 131 355
44 170 340
40 22 64
19 69 92
18 115 142
70 2 82
21 51 111
95 90 206
69 49 153
64 196 330
40 138 181
9 129 148
54 4 68
7 52 194
4 44 81
96 145 380
1 66 90
30 119 150
8 179 359
89 61 200
1 62 67
84 17 105
57 98 155
19 85 128
39 101 141
11 15 31
96 125 221
33 18 139
54 99 163
66 192 364
42 38 80
84 87 175
72 184 337
9 182 331
93 135 248
38 31 69
50 93 213
87 123 214
2 189 215
71 50 121
19 50 251
39 65 135
24 77 111
31 77 124
53 41 103
8 69 267
19 107 126
10 188 200
45 196 367
64 50 129
49 189 239
64 9 75
93 39 141
75 50 134
27 91 124
18 93 268
41 179 230
58 179 266
31 58 99
61 64 126
44 168 213
62 119 190
18 185 223
64 75 171
73 189 418
39 68 147
52 160 213
77 181 260
88 16 154
1 139 152
72 178 258
3 73 93
12 182 217
47 145 235
23 81 111
