120
80 83 172
52 196 249
1 135 144
31 154 223
19 43 189
21 151 358
55 95 187
97 80 199
27 60 94
83 9 99
29 52 116
42 67 159
41 171 344
57 61 121
34 68 148
37 18 62
29 50 127
77 86 166
55 118 183
100 186 291
34 167 393
19 146 175
44 189 243
47 11 68
69 98 199
69 9 82
63 69 132
36 24 69
2 199 278
15 103 121
75 147 316
45 73 178
2 66 73
43 200 247
46 190 275
16 200 226
1 132 176
70 29 104
60 115 184
61 191 305
77 141 331
7 131 180
56 183 417
93 89 192
63 107 171
22 170 259
66 180 259
59 177 393
59 173 232
20 95 148
5 146 152
47 110 165
18 74 93
44 98 145
35 174 216
100 176 288
80 95 327
13 42 187
43 71 298
12 76 91
87 157 258
11 12 75
100 53 161
92 162 302
30 119 159
81 20 111
92 177 292
82 153 240
12 107 125
63 175 248
97 124 227
76 135 304
41 12 57
92 191 438
21 41 99
63 50 123
15 135 151
27 129 159
74 33 132
41 192 234
38 123 170
16 197 291
51 87 226
54 148 210
40 60 101
95 136 393
99 8 171
36 120 196
31 42 80
37 192 254
10 162 197
84 101 185
84 144 233
38 119 163
17 143 181
65 87 162
35 23 96
100 35 136
68 96 316
55 195 252
55 171 232
58 141 205
13 128 230
96 21 271
57 176 289
16 90 228
85 179 264
13 60 82
9 158 329
38 196 236
9 149 285
76 43 176
64 98 162
40 72 272
79 163 247
33 99 140
57 121 199
8 58 68
87 137 266
55 58 158
