850
37 197 386
7 64 76
75 124 212
65 173 363
94 20 290
44 75 228
50 184 265
78 158 241
43 141 190
84 150 248
13 154 168
35 174 237
81 90 182
6 28 41
55 23 87
89 90 179
33 122 155
47 157 394
88 122 259
55 118 302
94 122 219
3 81 87
52 15 72
79 53 140
52 86 146
93 184 287
84 191 275
15 180 346
89 126 263
3 41 166
90 21 278
1 87 241
73 40 115
74 9 106
75 108 275
18 75 103
65 59 142
80 178 269
1 22 28
58 4 63
62 30 120
21 44 115
17 106 282
78 39 177
38 186 245
3 144 170
50 35 98
43 47 97
40 167 254
93 166 266
67 45 257
54 181 242
9 132 143
66 41 123
81 41 165
81 48 130
71 172 286
35 185 221
55 47 102
57 4 61
88 20 131
61 114 177
53 171 264
60 189 249
39 121 162
14 83 238
88 85 193
1 80 84
81 61 311
50 135 216
51 196 274
7 169 310
65 106 171
93 128 226
38 33 77
63 182 294
6 4 45
62 1 110
94 84 296
41 186 276
80 128 218
2 173 178
29 11 240
19 100 232
72 183 290
67 154 230
36 59 127
17 128 152
14 152 215
6 139 310
88 141 329
61 113 183
21 80 266
5 64 106
11 21 198
72 142 380
29 85 257
8 55 83
82 29 119
43 79 134
82 13 103
38 79 118
67 81 152
97 9 277
43 187 231
7 41 64
34 26 70
44 57 289
66 55 133
67 136 342
100 151 419
40 77 299
58 144 312
17 76 138
42 153 203
56 74 134
88 60 152
50 48 98
12 113 162
28 88 279
32 71 112
100 9 131
31 184 262
8 40 57
20 25 46
6 135 341
93 9 277
22 185 311
80 98 187
5 135 164
29 41 74
16 120 144
28 169 200
2 80 85
46 146 221
66 22 209
91 182 275
99 8 154
72 63 135
9 100 119
78 97 212
26 148 177
53 193 316
62 0 66
48 117 173
12 23 221
19 196 227
72 114 358
6 96 155
31 173 248
23 56 79
8 31 76
3 144 252
61 96 258
92 117 210
4 59 63
61 36 272
45 162 255
25 190 243
1 89 241
62 98 169
83 6 167
84 118 226
23 198 393
10 170 257
61 136 327
19 93 119
46 35 86
66 109 337
94 67 225
12 46 84
43 104 166
21 188 211
41 45 253
91 132 247
75 64 181
64 27 101
63 27 136
11 195 390
33 79 148
96 181 285
15 40 93
19 91 239
87 198 368
79 31 139
65 142 397
70 102 193
15 60 92
2 92 103
57 74 307
48 174 232
27 111 337
4 171 182
72 113 210
32 8 116
4 116 149
11 113 142
47 108 200
23 184 210
23 64 121
28 23 72
90 158 295
32 122 170
90 48 174
79 194 289
88 135 331
72 30 125
90 179 273
77 20 106
95 114 306
35 96 297
2 78 100
55 170 248
80 61 148
7 66 98
28 17 86
41 58 264
98 145 346
58 164 269
94 48 147
85 66 161
7 110 122
71 26 99
1 18 81
69 83 161
2 79 87
69 168 274
32 9 98
50 60 250
33 96 202
99 199 299
88 94 223
85 148 234
4 197 207
62 24 93
42 89 295
19 112 178
34 178 217
47 131 274
100 133 246
44 32 254
83 26 113
44 66 213
27 21 85
31 33 68
82 49 252
66 78 167
22 135 250
83 94 178
33 81 237
14 2 197
98 62 170
96 129 226
91 54 147
57 35 115
98 6 257
20 93 236
23 152 193
9 143 156
58 163 250
23 150 283
50 178 233
37 54 91
76 167 294
36 72 112
52 84 213
5 143 149
26 176 227
26 132 199
4 24 72
23 188 259
22 8 146
26 87 113
25 97 138
19 71 93
66 109 365
82 21 119
53 153 255
76 36 275
8 160 171
86 151 247
9 143 202
58 83 144
11 37 232
59 114 223
11 0 171
34 128 165
25 48 118
27 26 58
55 12 72
14 38 57
96 149 249
40 154 244
55 68 164
74 113 193
35 24 134
36 57 103
39 165 240
14 130 180
51 128 193
11 48 63
51 98 167
44 177 366
86 63 156
95 178 290
42 32 99
65 47 115
72 108 200
86 12 205
81 44 152
27 155 229
42 79 123
73 185 263
24 86 307
86 58 153
15 28 100
22 101 132
62 102 173
12 131 148
7 36 47
71 192 272
60 106 201
16 14 34
1 148 176
26 61 87
54 130 324
34 168 202
5 40 81
90 65 282
27 187 401
26 78 159
16 195 256
15 73 106
56 22 116
50 84 166
99 108 216
98 109 256
24 73 104
64 70 134
10 171 187
86 197 291
43 5 59
34 172 212
13 30 48
57 51 115
52 87 146
64 34 103
33 64 103
6 4 13
94 171 286
39 58 140
32 101 133
73 5 204
62 44 114
1 57 58
16 180 304
81 12 116
26 114 143
82 62 144
27 99 128
71 105 210
43 141 189
77 158 244
43 26 117
82 27 122
72 48 220
78 88 170
71 27 137
8 0 73
34 64 145
48 196 252
8 1 19
98 176 328
7 77 89
25 195 308
33 142 238
60 88 153
96 83 221
34 27 225
7 156 186
71 133 231
87 54 171
40 74 171
33 65 141
51 95 272
4 151 162
60 189 257
12 52 99
62 176 251
7 32 50
28 19 53
3 25 172
56 35 92
48 149 396
6 37 231
23 104 153
43 188 235
64 63 159
31 101 152
48 60 144
43 160 243
84 109 198
13 0 34
67 1 75
6 91 117
46 192 265
94 72 187
56 41 147
61 88 156
42 96 218
53 65 127
79 140 410
14 142 158
1 109 144
65 102 261
46 43 190
63 69 140
23 189 371
76 99 292
13 165 261
55 179 265
73 6 226
62 111 175
10 162 222
78 11 96
53 196 294
83 158 268
90 160 436
86 64 204
1 2 47
44 132 176
18 72 199
75 107 381
36 66 104
91 76 320
52 23 79
82 98 217
14 121 234
41 65 111
75 89 172
76 145 229
65 99 172
33 100 263
47 70 154
88 26 290
37 158 210
45 52 138
35 29 65
69 5 262
86 17 140
70 4 119
23 152 242
7 76 83
97 58 160
97 148 277
78 64 194
2 1 22
59 54 115
15 44 83
55 29 125
53 160 221
70 125 196
83 85 169
99 165 270
87 39 128
10 32 43
86 99 220
22 40 73
55 23 133
79 48 281
91 42 183
40 161 254
29 37 117
88 73 210
8 170 195
34 71 229
65 68 327
32 18 95
79 107 295
93 143 246
98 156 386
26 118 325
47 28 80
10 177 192
61 5 239
64 165 239
92 20 114
57 125 192
91 105 391
55 19 260
57 20 79
57 158 217
64 179 286
11 25 206
85 55 187
40 94 144
58 180 261
42 77 122
78 71 199
17 111 146
59 45 114
2 92 99
29 144 177
34 178 243
95 183 287
65 106 256
31 141 184
86 171 266
8 199 207
48 144 193
3 38 113
79 136 369
41 12 159
61 159 230
29 76 126
63 69 144
64 160 263
36 118 197
77 138 375
11 79 276
6 96 130
53 162 219
19 135 158
42 35 91
71 101 199
80 22 112
11 141 172
38 40 242
79 2 202
17 4 77
80 18 104
25 165 262
82 168 262
81 88 215
72 128 395
59 155 224
45 70 230
83 31 116
75 159 399
85 103 224
37 45 83
4 132 145
2 73 81
7 172 223
28 145 295
84 197 362
97 142 250
31 111 146
62 146 226
52 80 142
3 25 34
60 174 237
4 87 173
75 177 262
55 160 219
28 69 131
76 58 151
99 141 278
4 26 37
31 118 149
64 47 117
19 66 85
1 175 238
12 19 90
45 92 300
94 100 196
37 26 210
49 188 238
14 114 138
48 119 269
20 162 186
53 61 126
58 21 86
53 44 99
34 170 369
42 31 230
44 49 186
26 158 189
6 60 100
69 177 262
1 69 75
43 197 290
64 88 163
25 107 287
96 1 106
89 40 314
69 144 222
6 190 229
27 44 205
89 137 231
80 88 345
9 6 30
82 135 217
51 41 170
36 176 228
68 103 179
13 89 102
25 37 77
75 144 222
18 138 335
57 188 443
92 145 310
85 69 185
76 49 170
78 125 203
26 157 193
92 177 300
10 121 141
78 1 86
26 18 58
40 76 119
28 129 304
97 123 225
7 150 269
50 109 181
50 52 169
19 34 191
87 65 155
48 81 252
54 61 121
69 62 150
62 29 93
38 149 254
25 144 195
76 132 250
41 91 137
62 26 96
47 110 198
11 79 209
97 148 345
71 67 150
16 61 104
98 160 274
86 141 236
10 56 67
7 45 246
26 95 132
95 167 265
30 158 238
87 34 125
23 118 160
46 47 107
39 29 72
34 29 75
50 35 89
87 45 159
50 96 307
74 169 253
25 113 168
16 171 215
49 79 195
5 158 258
65 47 145
67 64 134
90 5 131
11 199 232
97 99 218
82 80 186
54 39 124
94 196 316
87 105 235
68 180 289
95 112 207
94 144 388
56 31 92
82 115 256
71 163 249
11 25 42
49 124 204
90 151 326
40 82 158
15 188 314
34 188 336
85 182 301
12 155 175
12 178 233
86 135 264
60 46 303
65 55 130
20 10 36
77 169 253
50 115 167
34 75 129
29 42 77
28 77 226
68 17 102
39 31 182
64 200 451
78 39 124
88 131 365
33 71 141
14 28 49
51 106 194
50 8 95
46 185 234
84 158 268
57 56 244
79 142 237
15 126 171
67 29 255
80 110 324
36 133 175
71 126 236
96 142 359
98 41 142
65 50 155
65 57 126
13 8 31
61 9 78
12 29 49
62 196 451
81 186 274
47 23 95
88 183 280
45 55 267
37 183 221
98 91 333
14 75 93
32 58 99
15 173 188
89 45 143
27 104 139
55 30 140
71 107 360
47 80 220
47 102 167
72 72 277
34 56 138
38 108 154
58 196 387
27 119 152
64 90 154
34 161 220
1 40 69
82 125 217
72 44 283
29 124 179
10 65 227
46 156 272
28 61 133
98 4 300
49 183 235
40 69 136
32 41 228
12 25 82
63 2 69
87 40 177
25 15 40
10 139 179
42 181 307
88 76 170
53 1 71
97 31 155
35 69 104
48 96 151
31 64 109
62 20 87
1 182 187
22 193 255
91 28 295
98 26 130
76 198 374
90 189 302
12 109 161
21 84 110
40 120 162
33 34 237
3 97 108
13 82 96
63 27 256
63 85 267
3 67 71
63 95 186
76 149 388
66 145 256
89 32 124
35 29 64
11 129 140
48 107 187
81 172 257
50 196 288
83 146 236
32 143 178
80 101 207
25 152 191
33 118 299
36 21 72
40 103 268
84 179 272
37 112 172
16 153 170
26 101 130
17 14 41
49 43 98
1 67 164
31 113 208
10 5 22
33 168 237
37 66 115
15 81 134
15 41 62
61 24 120
22 68 208
56 18 82
21 23 91
90 184 278
88 22 133
20 178 294
77 198 275
11 53 65
100 39 149
40 167 382
80 160 241
44 194 373
28 200 230
1 130 193
23 166 231
91 48 140
18 184 209
53 34 227
78 19 106
19 41 69
48 35 115
33 18 247
4 129 152
14 157 205
25 3 50
39 26 138
5 51 190
20 182 215
47 162 211
84 169 275
12 191 235
67 109 221
98 138 249
39 69 117
42 53 102
37 65 109
13 148 196
50 127 218
88 154 418
2 117 124
59 23 109
88 177 315
12 64 95
86 145 413
87 94 184
45 172 226
64 94 163
27 179 216
