50
99 44 151
84 156 250
92 87 179
96 86 229
10 163 180
89 36 132
65 169 242
83 78 204
14 95 109
26 31 66
50 148 201
37 135 176
24 36 63
40 35 80
68 69 160
14 164 184
66 131 385
31 55 87
64 55 139
98 184 292
63 170 242
80 134 244
45 122 168
20 146 213
84 29 260
52 105 182
28 94 225
17 136 201
71 79 184
5 120 242
7 7 19
74 32 109
80 121 202
53 22 76
83 92 179
90 183 282
80 62 145
88 182 270
75 27 112
87 74 168
29 47 80
32 196 246
82 8 92
9 30 41
99 138 295
96 119 225
56 121 227
47 76 125
19 139 169
80 92 194
