850
23 176 200
93 119 331
95 182 283
52 70 204
23 92 214
4 69 106
5 151 162
65 169 267
93 26 300
55 20 88
36 22 80
33 175 245
79 71 150
99 192 325
71 124 389
61 154 259
56 97 184
15 146 317
97 176 274
92 194 288
72 78 177
83 62 155
92 148 248
72 110 192
67 57 133
70 70 146
49 100 154
10 184 196
56 22 90
73 83 164
56 6 104
51 56 110
16 138 167
40 64 116
27 21 48
34 129 220
18 22 50
72 56 168
27 88 146
51 104 239
86 73 236
80 170 308
3 99 131
20 167 190
62 50 128
55 80 159
79 105 239
51 46 108
3 39 81
93 22 139
54 97 346
39 136 184
2 128 174
56 35 95
11 33 54
99 163 268
48 47 103
21 9 37
72 174 287
93 76 232
70 135 392
77 27 112
80 68 153
44 158 207
13 51 177
95 67 172
26 134 192
41 58 99
100 24 136
47 108 156
35 174 246
87 135 290
96 165 309
33 12 67
45 94 162
100 10 110
27 119 150
34 184 224
6 142 177
50 176 396
19 150 220
2 75 87
99 63 355
45 48 293
100 27 317
11 171 186
75 177 381
36 37 74
1 0 7
32 158 200
93 74 222
24 176 282
78 28 237
66 191 273
41 165 208
58 18 86
64 41 113
15 199 247
21 127 183
78 120 337
15 11 27
80 137 267
44 15 66
53 56 112
18 169 204
93 84 262
21 156 181
39 74 152
99 18 124
72 142 408
19 77 200
3 135 139
34 179 247
59 13 181
66 124 248
77 17 288
44 134 181
63 152 217
79 55 135
63 70 137
50 23 81
3 20 23
6 188 200
48 141 198
10 155 269
68 61 263
6 180 193
38 60 103
52 20 94
11 130 191
69 183 259
57 65 310
75 90 317
48 106 174
34 141 177
43 156 206
25 77 104
28 32 81
57 195 281
52 52 149
41 105 150
83 29 270
61 98 169
94 60 179
63 186 250
34 26 227
44 58 292
66 32 121
4 9 16
33 146 205
78 123 220
57 122 227
75 41 126
52 199 386
96 105 245
55 104 229
5 86 91
81 130 212
84 110 278
36 114 280
60 134 304
85 101 189
65 190 259
19 64 144
28 191 221
44 182 227
81 126 241
2 165 172
37 54 95
8 3 182
62 16 119
64 161 326
26 136 165
77 17 97
55 49 135
86 174 302
19 157 304
88 130 250
93 174 297
44 177 230
19 19 47
72 59 178
91 196 315
17 52 165
6 145 346
50 90 147
80 138 223
86 109 232
18 9 27
67 31 109
25 74 105
8 177 244
17 185 264
26 72 146
86 23 118
52 87 170
56 154 239
92 166 290
57 150 217
61 153 262
20 185 239
36 60 110
37 171 224
22 80 106
88 70 328
53 191 247
41 78 189
56 190 416
64 112 210
52 126 180
6 97 109
98 66 168
92 109 252
63 182 259
61 99 178
1 71 127
1 20 24
30 54 91
59 86 181
68 121 307
56 107 183
78 83 178
96 69 316
54 88 167
18 55 82
64 178 247
50 82 256
53 187 277
72 154 228
92 56 236
37 124 165
74 141 250
23 102 289
42 47 142
10 4 15
47 105 311
65 127 215
3 73 80
7 160 181
55 74 235
33 152 192
1 144 183
57 36 246
29 89 129
99 182 283
32 130 251
19 80 106
85 54 142
81 165 401
5 138 171
76 20 102
69 30 102
45 116 215
56 104 354
77 30 111
22 103 130
78 182 290
28 146 244
20 155 181
14 59 167
12 70 83
57 168 396
4 115 128
12 49 100
93 119 216
63 131 198
98 69 182
77 107 187
55 54 111
36 199 280
62 139 207
74 87 162
98 175 279
68 4 79
4 98 126
56 73 143
78 3 92
87 67 251
46 162 209
100 107 247
5 193 205
95 139 285
41 34 77
54 3 176
27 119 290
14 133 149
17 200 232
8 165 269
46 170 219
62 86 231
80 2 90
60 188 273
100 55 159
22 111 180
66 24 91
28 51 87
13 111 273
83 196 441
56 6 80
98 136 237
40 66 155
80 129 231
30 184 258
73 64 140
41 58 130
77 145 232
98 199 418
82 174 405
3 15 20
32 146 178
85 62 150
63 91 298
67 60 170
55 123 353
62 140 299
65 131 196
50 10 125
78 123 228
68 86 179
83 79 260
21 10 50
61 75 185
21 178 243
87 173 285
12 38 92
49 136 289
10 179 201
80 88 187
11 176 196
4 65 95
88 163 310
17 90 213
71 189 269
76 173 256
38 136 218
31 89 128
45 38 138
80 83 164
11 161 181
8 170 178
85 42 137
70 146 409
71 126 237
85 2 95
17 48 66
76 187 288
83 2 107
38 48 86
43 52 127
59 13 81
69 43 113
46 195 274
55 104 161
2 18 44
36 155 205
2 28 211
79 30 151
98 8 222
68 22 96
72 161 326
72 11 152
97 199 303
55 10 73
74 157 365
13 151 275
92 52 344
2 68 109
99 117 220
24 160 194
39 89 170
64 33 121
90 33 142
25 92 119
43 135 178
6 148 159
94 102 199
54 52 264
33 17 170
17 128 189
37 152 197
85 187 438
30 164 291
74 65 148
5 174 327
75 110 189
1 32 36
6 17 44
32 99 134
2 72 88
89 128 223
43 16 68
8 123 156
87 120 321
14 197 321
34 49 94
25 56 83
17 142 191
57 165 232
29 68 107
72 177 385
2 185 216
40 135 184
100 121 224
50 51 103
91 179 308
28 132 207
48 155 216
52 160 243
5 14 35
37 190 420
25 121 153
42 101 284
92 157 379
86 136 414
9 44 61
56 105 171
27 10 89
98 68 180
20 116 284
12 110 140
43 197 250
97 162 375
6 197 367
80 90 180
8 22 37
63 184 409
18 85 124
90 144 244
61 119 202
49 69 147
50 45 115
65 135 204
60 86 155
99 122 230
5 60 102
38 30 188
97 161 265
36 16 70
17 100 119
67 116 188
83 78 170
26 34 79
49 88 153
18 33 51
83 181 270
54 42 96
40 49 102
54 7 67
28 195 247
11 89 136
95 27 275
45 197 356
88 112 200
85 61 161
28 18 52
95 17 125
44 127 173
30 178 253
20 165 194
34 159 200
81 94 308
49 17 66
80 177 257
99 70 171
1 113 122
73 5 124
95 194 289
10 67 111
59 59 127
31 5 41
36 166 227
47 161 217
1 27 51
48 181 255
57 16 82
94 89 309
3 15 56
12 10 25
67 170 246
53 183 285
5 31 46
56 133 277
29 168 204
29 170 211
49 80 132
14 65 89
67 156 290
76 180 257
54 94 151
53 20 112
62 184 254
35 144 323
52 81 202
28 3 31
100 10 137
16 40 244
80 72 172
69 118 189
83 105 190
77 183 270
100 195 342
99 65 191
61 24 125
5 154 261
11 190 225
71 16 287
30 136 179
96 194 294
28 61 94
90 54 270
44 153 204
1 100 150
81 122 289
58 74 142
31 173 205
46 97 312
57 13 227
91 62 346
84 23 155
56 32 97
100 41 176
21 135 157
42 147 389
82 16 104
39 21 107
21 22 66
97 101 211
27 124 318
69 155 231
90 31 214
26 151 184
99 110 318
22 83 125
91 6 107
50 109 160
16 168 330
63 79 152
1 174 196
52 188 331
100 152 379
30 56 93
24 10 73
13 106 123
81 193 282
27 80 235
65 137 208
42 185 228
87 180 274
44 145 239
70 40 111
77 148 232
5 148 189
21 100 125
46 38 97
7 170 179
94 148 244
68 142 212
38 119 186
38 184 249
12 75 89
30 69 108
7 136 177
32 46 162
12 69 127
54 42 268
77 122 199
78 5 97
4 35 65
8 3 17
38 46 246
91 7 108
3 197 231
12 48 67
23 171 200
55 178 354
35 84 125
32 158 299
3 97 104
65 85 227
74 164 302
20 99 134
89 78 171
65 167 326
96 149 282
10 171 190
69 57 132
47 149 202
86 165 359
72 85 183
37 20 65
49 131 189
93 33 132
14 95 114
97 158 265
5 169 175
93 63 165
89 52 153
79 6 120
72 38 210
48 118 166
66 188 257
71 108 378
2 7 15
47 136 317
72 136 237
3 149 184
47 63 277
36 156 199
17 93 144
79 10 109
29 150 203
71 145 226
22 113 139
32 145 186
95 103 229
66 164 235
67 34 283
7 96 142
96 197 301
58 194 259
85 4 93
25 3 28
22 151 324
67 7 197
59 20 142
12 82 103
94 194 317
6 105 130
11 160 216
13 200 259
71 60 141
52 125 183
97 19 122
38 88 134
2 118 161
3 200 231
23 195 218
44 81 134
80 28 147
67 21 117
14 194 246
71 17 92
14 14 174
6 122 144
51 109 165
52 108 165
33 89 197
48 135 198
29 174 231
88 102 190
50 34 241
8 28 170
86 167 300
97 82 183
84 161 246
90 155 290
69 160 262
42 6 55
97 194 307
32 20 126
32 173 236
6 93 102
18 109 129
99 168 463
53 186 246
38 108 201
27 50 88
10 41 58
98 141 268
65 194 265
89 161 417
63 125 188
48 75 127
38 91 139
16 153 210
57 180 244
71 38 220
35 63 99
60 165 322
6 57 73
67 121 218
29 140 170
71 170 286
70 22 134
8 153 165
99 143 257
75 10 91
100 30 323
58 3 108
60 40 215
62 58 123
35 96 196
91 183 322
10 110 213
85 14 142
14 173 197
7 21 111
71 4 252
33 83 278
39 88 134
14 35 56
16 4 62
65 119 225
39 2 47
70 72 158
77 5 90
5 112 119
95 135 263
51 181 276
75 3 93
15 120 234
61 6 69
79 111 192
90 118 244
12 167 274
98 33 156
69 62 143
15 149 344
93 94 366
11 154 166
11 10 23
59 9 152
22 159 311
33 179 262
55 189 344
53 86 158
70 19 89
90 158 254
97 150 325
89 71 302
64 67 131
86 118 251
98 150 257
48 67 125
38 179 221
85 123 231
14 160 181
66 98 191
95 105 213
77 177 257
99 155 413
66 142 211
74 100 178
50 74 308
84 100 209
70 137 372
1 113 120
100 108 215
48 49 114
75 161 248
24 29 95
62 95 172
42 39 84
11 108 124
98 190 397
98 33 131
12 11 47
31 196 395
48 142 339
17 5 48
82 65 182
74 77 156
28 59 102
49 125 178
84 157 250
70 128 242
72 160 233
20 100 191
68 2 75
16 191 316
3 165 204
56 64 129
79 134 229
88 69 332
2 184 273
48 178 267
40 68 120
82 105 227
78 18 101
62 196 265
45 197 311
74 52 127
30 73 158
7 89 106
32 55 150
95 45 177
51 121 358
7 102 110
87 123 392
87 112 226
15 156 218
42 148 199
91 139 259
85 82 292
82 64 195
100 196 318
32 142 187
15 194 269
50 8 86
69 92 198
76 42 210
34 73 116
70 157 234
69 117 221
56 102 348
22 87 118
97 69 173
62 146 211
10 87 104
30 56 91
100 83 187
51 51 139
9 119 145
65 138 204
68 63 152
75 66 188
69 144 260
25 24 96
99 88 209
87 127 218
12 2 17
52 135 192
17 68 271
21 68 95
99 75 234
81 27 109
94 39 143
11 29 46
21 197 222
99 70 199
92 89 184
32 74 192
27 19 52
18 105 271
90 41 180
1 145 220
71 94 175
23 170 203
1 100 183
83 174 267
59 2 87
17 115 314
30 25 63
53 58 126
75 125 248
85 132 329
89 190 310
47 133 195
79 159 270
16 138 189
