770
2 191 197
53 93 147
90 44 259
76 192 277
25 80 115
69 133 298
17 113 173
81 122 207
69 133 205
92 160 257
30 163 302
12 39 52
23 30 61
39 44 112
8 53 108
9 120 327
50 4 57
49 98 151
66 104 170
94 149 301
27 23 236
57 194 279
40 24 96
83 101 187
12 107 148
95 45 146
66 183 423
78 175 294
94 185 288
95 57 156
89 44 212
31 173 206
52 13 244
31 15 63
14 197 219
58 56 119
82 145 253
24 71 131
34 168 212
36 170 218
74 36 116
87 83 344
85 116 234
43 133 184
47 94 147
49 152 230
77 75 154
93 144 284
91 145 382
82 16 104
64 47 139
78 160 250
87 168 256
58 49 255
64 184 249
3 51 160
3 152 205
13 111 131
7 115 146
3 80 213
77 63 233
35 172 224
29 7 185
8 87 176
79 63 301
10 103 124
36 128 252
52 81 140
92 34 128
10 61 233
28 126 294
45 115 166
62 3 166
27 1 38
42 56 108
21 114 173
71 126 241
30 120 158
31 51 82
35 79 142
55 114 170
52 103 155
55 190 271
47 78 204
48 16 138
75 151 236
36 102 184
62 2 254
95 149 293
8 186 372
12 111 151
46 24 92
22 38 103
85 113 202
63 34 242
88 155 264
48 82 136
68 139 249
59 147 211
48 62 110
10 177 235
28 72 104
9 125 144
63 73 236
50 24 82
98 47 155
88 24 125
67 128 324
95 62 174
82 21 145
88 43 158
45 121 172
88 196 332
13 144 160
35 34 210
88 92 184
79 121 227
18 80 107
71 86 218
24 176 201
62 5 70
5 93 142
67 47 163
26 58 232
80 109 198
5 142 180
74 59 195
29 183 222
52 133 231
16 99 248
34 170 349
70 158 265
45 121 200
21 15 36
69 42 273
91 38 130
19 0 130
75 4 237
99 72 210
93 147 248
31 116 155
58 20 107
13 188 209
1 36 66
71 169 245
14 168 188
89 80 175
76 118 197
35 22 63
87 18 106
82 39 141
4 39 62
33 52 282
46 192 361
43 141 193
96 99 202
88 65 163
73 89 177
57 38 104
33 133 170
91 98 229
49 71 153
14 151 186
91 72 170
29 72 246
89 109 234
81 200 282
27 17 63
60 148 373
30 90 125
23 123 336
32 63 99
32 27 65
96 35 132
41 31 194
40 157 201
27 169 236
81 143 231
26 78 152
29 185 246
48 163 243
14 87 109
99 189 297
78 105 191
85 85 208
50 54 104
28 12 130
62 53 124
45 51 104
95 28 139
45 91 141
60 101 176
76 16 120
78 22 155
7 5 44
60 159 225
18 173 312
46 173 224
18 105 126
68 49 125
35 173 215
42 181 232
72 111 192
91 195 292
80 133 220
13 11 29
86 135 265
78 128 236
83 22 105
28 101 142
29 24 63
76 9 135
3 92 138
22 106 261
90 107 200
78 4 119
83 189 281
4 38 47
14 25 43
30 62 138
97 118 250
19 163 186
56 140 255
48 32 230
59 87 182
63 40 119
65 105 311
38 69 250
96 59 155
60 78 144
55 50 115
14 123 172
54 42 102
66 14 127
4 153 193
91 34 127
33 110 152
40 168 383
28 2 37
98 110 256
64 132 316
94 5 171
32 128 200
10 117 159
59 25 238
59 171 268
19 150 218
21 200 228
87 142 265
52 187 241
53 71 136
60 176 244
77 127 224
44 56 105
6 37 107
33 145 187
60 103 167
96 114 280
69 181 370
28 178 212
47 18 107
68 111 371
17 75 256
59 70 136
56 138 199
75 31 155
98 39 171
52 29 242
46 170 380
38 40 83
5 78 116
48 20 219
97 146 288
91 113 210
22 136 161
65 172 250
34 189 273
66 127 200
68 37 130
73 8 89
32 144 217
33 59 96
64 200 272
71 101 173
37 116 167
72 1 107
52 96 314
56 12 129
51 158 210
64 198 272
92 199 319
47 91 294
43 1 54
91 137 260
39 107 296
42 129 171
73 24 97
63 113 176
37 62 167
54 55 230
38 114 189
33 4 87
39 0 71
46 82 139
4 191 196
39 67 106
22 6 189
84 80 215
4 37 176
54 168 344
35 57 278
22 32 221
69 73 279
97 142 248
78 176 257
39 4 52
1 153 164
91 46 144
53 65 221
3 159 211
26 113 156
80 35 271
61 161 227
82 161 248
90 142 245
99 55 161
20 113 139
8 36 53
39 142 362
43 48 91
14 16 40
94 47 153
84 61 187
43 168 387
62 11 264
44 105 175
24 63 109
69 31 131
94 65 173
16 52 73
80 105 195
9 81 98
89 107 202
7 72 89
99 26 149
65 73 158
90 16 114
96 178 324
78 76 318
36 103 139
14 36 72
32 49 88
53 46 103
67 160 247
35 80 220
53 110 169
18 115 158
29 101 176
19 90 125
65 177 260
28 81 122
44 91 141
64 29 261
94 147 260
87 96 183
64 109 280
36 32 199
2 155 216
80 148 332
79 129 359
18 15 40
72 148 230
48 21 75
67 113 344
47 149 242
16 198 234
48 49 263
94 49 146
55 53 167
59 37 131
10 121 140
15 8 32
36 62 284
59 179 247
81 157 246
49 14 108
45 3 55
5 164 175
86 2 92
98 161 367
99 4 110
29 171 225
25 118 152
56 37 101
91 100 199
25 155 181
4 131 190
25 74 106
50 102 155
24 41 102
53 10 262
76 91 210
56 57 302
55 29 101
2 121 160
58 178 239
72 106 225
15 151 168
21 98 127
100 179 416
21 151 205
14 119 141
61 105 172
35 108 204
56 62 264
50 200 344
2 42 70
28 84 260
34 54 96
57 41 203
93 85 213
52 118 255
9 119 139
80 38 166
35 45 82
64 41 110
12 29 44
27 160 190
11 129 145
2 49 251
58 12 71
48 101 150
10 179 221
77 78 181
19 140 207
11 167 219
19 24 43
23 127 157
85 56 146
45 3 80
54 178 261
37 65 109
11 46 68
61 143 208
8 156 165
6 30 228
78 15 98
6 64 72
35 157 261
50 134 187
60 38 164
58 61 136
94 111 251
46 133 192
38 17 69
68 103 364
91 165 258
60 158 366
86 95 191
45 58 113
63 185 305
83 163 256
42 156 241
93 182 285
25 106 144
57 182 247
49 115 178
3 113 232
85 147 239
24 24 164
45 82 135
16 132 276
33 133 166
49 174 264
43 200 281
34 5 219
60 123 203
17 38 250
25 147 180
61 80 141
27 165 370
20 75 141
81 56 147
47 122 172
4 54 58
31 167 208
83 64 180
55 179 280
30 148 179
77 118 225
85 14 104
57 38 139
57 126 199
89 109 235
76 136 244
18 54 78
48 86 181
78 163 248
1 179 181
20 188 322
99 112 222
91 106 253
45 70 120
2 152 182
59 186 250
39 63 231
81 82 311
54 105 210
36 199 296
16 110 132
12 100 120
41 146 191
27 154 182
95 37 217
76 75 168
25 162 197
38 194 313
91 32 195
62 35 157
53 31 97
18 40 98
67 184 376
41 146 187
24 16 87
46 51 102
29 29 68
56 113 190
75 184 259
70 40 150
20 57 113
73 77 154
68 122 271
100 54 295
7 42 96
60 126 347
19 102 146
50 146 205
11 110 121
87 78 258
58 147 208
50 36 91
63 179 310
91 163 255
66 73 176
40 157 198
69 63 132
76 47 187
69 37 112
90 191 289
79 30 140
2 8 50
71 6 79
32 38 233
14 153 194
7 29 38
54 8 108
26 140 194
40 9 140
47 76 132
90 171 300
2 50 77
92 148 247
8 177 218
62 13 105
32 68 111
84 23 196
70 105 203
55 61 137
67 91 161
75 195 299
6 142 279
97 47 339
58 101 167
31 172 203
89 56 177
83 140 233
51 135 195
34 69 106
90 39 164
42 92 138
44 200 249
76 109 193
99 148 402
16 175 211
65 109 198
32 137 247
12 98 113
15 79 95
85 186 275
56 71 128
54 31 117
84 108 240
71 16 93
21 178 238
86 69 171
30 40 121
28 195 224
54 162 267
12 145 235
65 71 143
74 45 128
24 67 210
80 87 191
59 190 409
56 75 138
92 56 150
13 88 220
6 36 52
15 133 155
8 189 198
95 60 341
79 32 115
4 42 75
50 196 399
29 115 154
31 13 146
78 64 167
83 103 376
26 37 239
24 138 168
31 79 114
60 156 221
73 114 196
26 154 315
7 172 323
25 186 250
13 19 168
20 158 184
24 33 58
81 106 192
75 181 293
69 155 260
38 88 213
31 111 142
85 81 167
88 119 214
50 29 81
77 61 252
79 127 213
18 68 92
89 76 240
83 66 309
15 122 171
10 41 51
57 150 402
20 56 210
88 110 363
2 55 63
35 147 353
19 148 192
80 160 255
90 74 165
62 196 291
98 94 217
10 160 306
16 112 138
32 194 235
82 142 270
30 172 233
72 116 369
45 25 137
91 170 288
100 43 193
85 123 217
35 66 110
87 78 196
88 4 101
40 108 148
82 166 287
82 92 182
43 158 202
57 147 376
88 157 259
49 73 162
26 154 181
14 167 306
30 61 134
86 137 223
43 95 161
89 12 105
82 32 263
90 35 171
98 20 122
95 13 269
94 9 105
39 24 110
82 98 184
60 7 75
23 62 93
84 169 254
78 124 377
68 188 259
13 51 111
32 48 97
88 196 298
3 198 205
52 98 178
67 116 195
52 102 223
45 107 157
42 184 272
92 76 201
65 12 81
53 184 364
62 47 136
27 139 285
13 33 50
5 176 184
53 146 209
86 124 297
36 80 161
1 167 170
49 83 139
88 158 374
14 54 239
36 123 185
36 115 153
69 38 109
95 138 238
19 62 126
7 153 189
11 99 188
4 12 46
75 172 253
10 144 222
50 10 202
25 73 101
11 64 76
8 107 313
5 166 172
92 80 283
74 94 170
63 4 77
71 77 163
21 156 188
96 157 259
55 4 60
35 60 97
82 117 256
76 49 280
30 169 236
61 115 205
4 7 162
84 177 264
100 100 379
71 55 152
92 152 261
54 186 408
2 86 141
78 9 192
17 170 362
53 32 93
1 164 184
16 80 124
81 19 102
47 193 247
86 25 118
1 52 66
67 10 266
28 36 157
5 74 82
89 66 168
27 22 86
16 183 224
56 107 179
3 78 100
42 40 109
74 108 342
17 86 121
53 161 260
