750
4 90 95
12 95 178
32 21 64
61 164 326
50 114 281
99 186 293
72 173 248
50 64 116
43 176 259
32 46 116
58 96 157
59 108 175
78 114 196
83 117 238
34 160 200
10 130 146
3 30 34
2 179 374
95 116 345
72 56 136
78 10 270
48 43 127
65 50 119
96 121 236
51 189 278
59 152 333
63 142 307
95 198 303
4 139 144
33 70 238
58 44 150
77 29 119
13 150 168
83 21 131
39 62 102
40 94 163
61 61 163
95 90 219
77 170 380
60 135 245
75 17 219
68 140 223
48 2 101
81 163 254
18 77 247
22 19 85
55 14 71
91 197 418
85 158 246
99 198 397
37 77 122
77 147 236
97 44 142
98 58 214
43 91 299
18 168 381
55 84 148
64 119 253
37 47 85
69 19 90
27 2 38
19 43 94
19 44 251
67 193 298
59 23 85
61 84 146
62 89 351
4 84 89
14 199 239
82 23 113
30 119 186
2 90 111
73 153 270
72 134 216
2 29 143
92 184 278
76 64 308
52 180 239
13 37 146
17 151 169
28 91 137
57 101 181
37 62 109
94 40 269
5 112 122
28 45 73
8 65 81
96 106 215
95 46 268
69 174 286
59 160 287
89 48 139
77 145 230
20 36 81
4 50 63
13 124 143
1 107 132
37 172 209
14 64 96
4 40 44
80 71 160
18 109 162
89 183 305
95 126 289
81 22 109
69 181 279
79 132 213
61 68 319
95 79 179
55 177 369
68 195 309
31 67 101
99 72 255
49 12 172
76 193 283
74 155 236
80 59 146
48 81 156
100 166 276
90 98 198
39 159 199
39 145 247
68 64 143
57 95 155
29 190 243
40 30 118
38 24 201
60 86 152
39 71 134
10 11 55
6 174 292
71 152 226
28 25 167
67 28 103
29 42 83
50 14 162
10 158 175
45 172 224
58 64 131
44 118 170
90 9 117
50 190 246
21 97 123
21 158 375
100 50 156
79 27 306
95 111 208
71 190 273
69 6 92
3 26 53
66 144 217
45 177 238
91 65 186
1 15 51
9 184 388
26 57 120
37 82 147
77 115 234
26 0 34
58 23 274
73 111 185
55 48 189
36 123 232
19 8 76
32 162 227
19 45 114
62 181 245
84 145 275
82 169 318
53 1 138
6 155 306
3 140 154
69 150 235
95 65 263
70 157 234
54 157 228
100 151 263
65 130 200
18 43 87
38 56 113
33 79 121
35 173 209
57 190 366
49 16 73
26 68 141
55 127 186
89 152 248
44 59 112
52 21 239
78 116 214
17 17 79
29 60 287
19 60 110
42 199 394
31 80 112
69 70 248
72 142 251
24 52 84
37 116 161
33 7 96
1 108 115
59 192 251
49 71 130
75 151 333
12 37 133
23 78 122
74 185 261
28 2 83
7 142 333
77 188 274
87 200 289
89 153 242
34 25 70
44 2 96
30 15 47
26 140 175
53 80 145
28 34 85
53 165 253
40 124 214
34 33 185
62 18 80
43 189 265
1 38 63
23 192 215
4 148 153
18 109 132
17 102 157
34 99 162
49 178 230
47 135 189
98 23 156
65 78 143
77 108 332
38 70 154
48 110 161
67 55 316
16 12 29
34 99 145
76 36 115
96 141 280
96 128 273
19 141 184
58 84 184
60 10 244
13 72 88
95 104 205
62 30 140
16 54 117
90 187 324
16 125 164
36 66 142
27 6 74
23 48 91
73 43 119
36 64 103
88 62 153
60 70 203
55 178 400
63 40 115
34 33 81
60 48 287
73 155 257
94 19 128
1 124 142
97 167 270
18 13 35
19 181 229
69 200 413
38 177 218
29 157 186
61 52 122
12 149 168
28 44 72
14 117 160
44 124 191
84 84 169
39 109 184
79 9 94
2 140 178
79 120 205
16 78 100
52 114 176
18 72 96
89 49 144
32 31 101
51 144 239
45 52 101
81 170 335
55 184 241
95 111 230
17 82 229
98 47 145
2 78 125
11 182 202
45 119 227
45 136 188
12 62 78
75 47 144
17 182 378
67 66 209
14 58 78
53 11 245
45 55 215
11 162 186
99 87 281
75 58 155
8 52 86
28 196 231
88 77 171
51 9 61
13 199 214
27 139 172
4 98 111
36 74 111
61 11 78
69 22 181
74 154 334
59 175 264
67 134 244
94 135 235
16 189 208
45 63 140
70 47 165
47 2 62
64 27 110
48 34 102
67 146 302
47 49 214
37 113 197
3 0 5
85 106 209
54 12 68
42 63 172
34 196 231
42 65 107
96 1 232
26 29 65
63 69 273
14 34 57
22 14 46
15 123 157
31 135 201
95 35 201
3 184 189
23 139 165
7 5 20
78 104 219
5 144 206
96 176 298
94 152 255
8 198 242
83 30 142
45 105 333
25 43 68
94 15 116
52 62 248
13 59 129
48 109 195
21 22 116
18 7 35
73 50 124
97 20 151
14 200 220
60 17 87
9 169 206
76 139 282
55 113 182
5 112 135
7 50 93
11 127 181
89 74 270
6 115 152
59 18 203
12 166 351
22 21 44
10 59 106
91 123 221
39 81 288
95 129 244
4 27 126
10 135 184
81 73 164
90 162 272
51 111 312
12 172 190
11 60 191
84 83 298
67 152 259
94 100 203
29 6 58
66 69 135
81 28 113
84 141 230
58 136 313
38 129 193
95 98 223
54 39 95
43 124 172
99 37 184
84 56 172
74 112 354
91 114 246
93 65 160
32 39 121
78 147 258
71 25 98
67 149 399
90 51 158
2 179 184
52 108 162
37 155 199
36 159 229
75 126 217
67 5 206
37 168 208
24 143 243
16 158 178
58 164 224
39 13 136
33 78 213
10 158 204
26 21 159
60 181 269
96 103 241
94 161 368
24 157 293
12 74 96
91 9 174
58 16 80
36 9 53
23 120 145
81 2 253
75 81 162
91 128 233
28 161 209
1 82 85
75 196 276
51 126 182
44 198 289
62 100 165
91 178 271
46 200 248
44 55 102
94 193 432
35 29 74
71 54 210
75 103 181
47 36 112
48 1 49
50 174 244
64 110 179
65 158 262
89 124 217
34 62 102
10 66 76
84 147 295
19 96 159
97 104 210
11 73 88
8 97 280
5 74 82
14 126 184
41 125 175
65 75 143
88 17 129
43 175 227
21 112 142
52 150 293
88 7 208
57 116 247
28 117 154
84 124 351
90 37 176
50 69 154
54 198 254
15 69 272
33 133 188
86 181 269
96 20 135
36 187 282
75 194 307
86 189 296
90 24 241
23 13 58
57 197 366
79 141 225
95 121 378
86 66 339
70 137 223
71 87 200
36 79 194
89 62 300
65 126 198
99 176 281
38 59 191
82 136 269
100 113 222
28 49 81
1 27 48
87 136 228
14 196 294
15 123 141
31 144 176
65 34 118
79 161 279
17 112 170
53 200 297
58 39 99
58 106 244
12 182 218
71 17 91
56 85 141
93 184 280
10 56 71
10 31 63
15 199 244
38 83 130
27 124 152
96 19 151
76 77 154
7 95 138
74 164 246
57 86 281
45 196 247
100 128 262
40 89 138
38 60 193
57 110 199
65 138 247
59 173 272
54 16 197
35 167 202
17 62 120
8 79 125
56 14 166
95 138 250
10 83 141
3 153 165
46 142 289
44 39 218
48 188 247
47 62 135
18 48 71
11 12 138
92 128 381
71 89 257
41 36 110
67 30 106
56 76 140
5 34 65
41 24 67
90 43 139
59 0 59
61 38 99
74 178 254
21 126 187
50 105 215
34 152 210
31 38 74
54 129 223
100 39 263
34 193 379
35 165 208
44 35 106
100 151 258
56 90 188
49 56 215
73 55 154
85 136 382
97 171 307
19 180 231
74 127 233
5 127 141
81 94 176
94 22 227
44 200 317
57 34 116
32 86 150
10 14 26
35 114 150
34 118 250
98 68 177
63 1 65
85 143 234
96 180 282
8 29 70
37 44 81
47 21 181
38 8 49
97 23 232
92 30 130
8 14 183
31 111 233
56 38 95
40 186 268
45 187 235
72 122 196
14 60 244
89 88 202
5 65 77
1 35 42
34 131 336
33 33 111
67 91 327
63 190 260
64 171 264
10 3 54
61 127 191
34 107 243
18 189 241
61 40 136
100 109 339
87 175 267
48 200 441
26 129 194
34 97 300
46 164 257
100 12 122
70 181 274
67 3 75
65 12 117
62 82 170
93 161 297
60 78 144
27 82 119
38 14 57
19 177 197
60 121 212
51 130 197
67 89 162
51 192 253
9 52 187
97 44 151
67 113 186
12 20 33
84 77 166
24 36 64
43 106 243
16 167 214
55 2 63
39 21 79
47 25 236
88 44 165
27 136 163
52 72 132
37 142 185
28 162 206
74 136 217
28 126 193
20 155 191
56 90 214
92 182 286
44 151 199
51 69 144
66 117 306
94 164 259
42 10 94
48 171 414
43 108 157
79 20 100
77 100 197
92 61 267
17 64 116
28 118 243
1 123 131
36 8 136
44 109 182
92 131 260
6 84 135
74 170 244
27 169 370
24 106 140
67 196 320
58 198 256
86 25 119
55 77 134
8 153 164
2 38 44
54 102 166
99 64 270
20 32 191
97 168 271
32 99 154
30 22 52
50 135 368
39 39 81
40 71 154
6 51 104
41 132 211
4 66 115
9 175 187
14 85 106
48 46 104
26 50 80
29 137 194
65 3 74
50 168 222
78 44 124
1 1 10
44 47 99
61 110 176
31 107 185
81 6 105
94 143 245
69 6 79
79 59 188
10 142 160
61 142 308
62 29 93
22 76 132
86 73 195
74 36 305
9 29 146
86 124 212
41 106 154
88 14 107
99 87 226
52 114 239
60 41 203
21 79 107
21 161 209
35 64 106
22 8 51
90 64 154
39 3 90
24 0 30
60 23 150
50 157 216
91 111 290
65 26 127
84 176 268
90 164 268
60 52 112
63 186 257
86 16 104
69 73 165
32 175 404
28 156 193
49 43 220
52 101 154
71 134 205
96 108 205
25 46 245
61 31 286
55 197 256
8 18 28
67 178 263
95 155 352
36 63 125
