250
85 127 218
19 89 117
85 30 309
48 160 220
37 157 195
62 67 160
48 124 172
71 47 125
87 32 159
71 110 191
73 135 248
72 110 197
57 7 70
50 96 183
18 40 104
45 167 221
86 181 269
32 129 225
6 16 56
96 47 153
13 78 286
86 89 197
12 180 194
79 122 381
23 118 189
60 143 211
76 38 213
94 165 270
4 1 45
58 79 192
26 29 70
34 192 238
32 119 161
96 31 137
48 78 135
99 85 198
4 82 94
86 138 330
66 82 177
87 184 274
76 53 309
37 141 215
47 22 81
14 69 87
67 153 265
39 161 294
4 123 166
64 65 138
3 153 268
22 71 93
45 36 88
100 16 119
47 130 179
100 113 215
31 143 176
7 112 213
38 65 106
87 126 250
95 155 254
17 37 61
41 62 143
78 172 280
92 49 159
30 4 43
25 64 288
22 47 85
78 117 222
99 195 303
55 126 224
29 165 240
47 41 98
76 107 299
8 184 206
16 59 81
86 82 177
32 36 68
9 111 216
88 165 280
68 122 192
72 46 148
92 15 206
94 144 437
66 191 287
80 122 254
27 156 192
76 30 133
28 183 216
2 137 188
55 57 126
60 172 272
18 51 116
16 73 121
42 159 209
69 148 218
36 19 161
30 136 172
60 54 129
80 164 244
10 25 45
86 41 135
21 134 188
73 84 265
17 166 374
82 59 149
62 196 308
11 147 164
48 21 253
64 88 157
18 15 38
14 98 214
62 35 103
39 107 176
50 69 169
15 56 121
84 167 259
76 31 119
47 181 399
91 87 181
88 106 198
65 2 108
59 60 119
88 70 208
56 177 235
47 91 148
38 126 164
36 185 226
3 5 169
68 154 223
63 100 170
45 147 192
65 9 108
35 1 41
33 140 223
26 165 216
92 91 229
29 88 118
87 87 202
57 0 78
80 113 208
86 131 249
56 0 128
88 55 148
66 129 240
72 183 272
15 111 184
83 168 298
32 3 138
7 187 200
97 125 321
91 16 126
44 90 171
84 55 147
18 122 187
86 42 132
20 178 203
20 104 253
69 111 228
100 92 347
98 47 299
87 19 271
25 75 244
23 56 226
28 185 243
88 10 102
10 56 71
74 152 232
45 128 177
38 55 226
17 148 172
14 168 366
76 32 109
13 171 186
47 115 169
2 101 130
54 176 296
7 154 254
65 161 234
6 91 172
72 28 289
58 172 327
27 47 102
57 165 324
44 171 279
23 133 165
1 63 113
100 161 319
83 121 286
17 165 207
64 166 289
23 100 170
80 174 261
91 151 413
88 36 266
86 152 244
63 196 439
67 166 272
53 12 89
40 73 299
30 59 97
21 15 40
21 104 125
47 33 89
42 77 167
32 101 142
42 69 152
96 200 330
66 186 255
39 129 176
8 166 190
7 195 202
78 154 240
100 3 103
46 142 194
83 14 128
12 125 143
61 5 70
64 83 162
84 83 168
18 92 110
40 52 191
47 173 336
75 178 263
91 198 293
25 20 136
5 46 71
54 67 207
61 165 233
95 50 184
63 40 134
48 42 189
50 21 86
98 43 332
16 30 52
71 122 203
48 44 101
93 152 295
16 24 62
75 4 85
84 85 194
64 69 143
65 120 366
80 153 239
37 80 155
17 117 183
15 89 140
93 140 265
86 72 223
54 65 168
93 176 272
61 79 150
