620
80 159 242
74 118 233
38 97 138
14 187 370
7 0 17
58 52 135
22 129 158
94 0 118
75 191 278
56 129 279
82 178 279
77 17 142
16 80 101
80 149 402
22 105 144
72 121 306
85 82 198
75 9 108
76 16 217
53 142 202
36 149 324
28 52 90
81 108 192
81 53 134
85 124 228
89 139 269
1 49 178
43 96 162
73 122 256
62 6 93
44 69 120
83 33 151
2 68 113
76 112 196
74 0 232
6 9 20
6 23 207
29 126 173
47 151 199
37 10 80
83 1 86
55 26 184
87 168 256
35 156 193
57 98 257
97 74 180
46 177 225
71 164 302
72 33 114
79 107 196
56 65 157
87 6 132
90 52 267
49 73 198
50 148 204
55 31 184
66 126 207
63 163 305
38 85 312
46 174 228
52 131 185
13 173 376
21 100 128
65 94 160
49 41 99
10 193 208
97 183 470
89 38 161
55 185 351
52 145 206
43 179 229
73 57 148
46 90 149
78 46 158
40 141 190
51 147 199
20 161 374
49 142 308
46 34 127
87 89 212
67 59 128
4 167 186
89 187 310
33 133 192
39 33 178
16 13 41
84 177 303
18 170 328
89 46 136
1 115 274
46 144 212
46 48 102
52 72 152
11 15 67
91 132 223
58 113 173
18 91 303
34 178 310
38 83 123
92 105 327
39 70 110
10 164 178
25 78 105
67 6 256
91 51 142
57 146 207
62 113 182
25 152 180
11 46 61
39 51 91
39 85 138
95 37 141
21 103 168
15 21 46
46 99 187
60 0 72
10 111 160
84 7 148
22 192 214
66 16 90
2 155 196
76 138 281
85 170 262
92 46 168
24 108 142
87 147 238
67 168 245
50 147 206
13 163 318
4 57 61
43 14 75
46 102 215
13 169 283
72 18 114
35 151 236
21 39 74
58 154 376
18 22 208
47 51 100
29 140 169
91 125 253
8 116 134
30 150 192
94 101 392
81 116 200
86 177 306
38 189 236
21 189 213
34 113 156
31 78 147
100 56 164
65 55 140
33 194 378
72 54 127
91 30 128
80 147 231
58 96 196
100 190 329
78 166 244
37 101 153
33 74 108
80 52 135
71 48 119
4 44 53
86 199 292
58 144 209
11 118 147
35 77 207
64 116 194
21 113 207
62 185 251
27 176 381
72 124 202
83 168 354
39 129 294
54 11 186
97 98 203
7 5 15
96 87 195
94 46 179
48 142 216
82 82 186
73 27 249
47 91 143
8 50 108
83 42 131
77 43 156
4 194 203
82 122 228
8 123 191
53 145 198
89 82 177
5 74 83
86 46 139
31 170 209
16 5 55
43 155 208
51 184 241
37 200 245
83 186 444
6 154 167
43 105 319
98 103 353
95 19 280
49 57 125
31 25 94
76 60 137
66 188 294
19 131 158
25 114 146
6 110 134
49 13 72
22 43 70
8 86 104
25 48 73
64 5 70
96 29 129
41 6 139
21 142 172
82 93 179
74 199 309
63 96 168
68 169 244
71 152 299
9 180 196
17 198 229
52 183 391
55 96 177
74 133 208
4 122 134
30 106 198
17 111 173
90 187 282
21 172 197
48 182 410
55 32 118
34 61 97
18 197 245
16 172 338
68 74 188
99 148 253
10 18 212
93 42 192
42 77 123
8 42 62
46 112 313
66 76 144
83 132 255
13 86 199
44 161 227
44 46 206
57 78 135
73 111 343
29 134 163
83 48 169
66 160 389
15 98 114
14 114 134
76 43 127
13 174 233
57 100 315
6 48 61
79 55 147
29 129 219
61 65 135
33 3 42
37 16 61
75 88 170
52 93 161
1 88 287
80 124 210
39 35 94
21 100 264
45 4 221
12 186 379
87 22 114
50 137 190
45 197 306
35 115 192
84 110 204
8 107 299
75 71 190
76 83 169
30 58 218
54 78 150
69 135 390
79 182 271
54 103 157
86 172 359
87 149 249
26 168 238
78 93 218
77 134 237
61 44 112
95 154 423
29 40 117
57 91 334
23 28 126
61 102 164
12 100 262
4 25 44
77 127 356
87 153 248
99 85 247
96 65 185
74 74 187
81 65 154
55 84 179
84 197 284
33 157 196
62 78 197
91 41 174
62 157 222
11 113 131
1 105 209
97 181 282
60 35 123
79 133 217
57 195 284
41 195 247
13 54 67
35 29 72
40 13 56
20 81 137
21 29 55
99 86 217
6 37 54
91 139 257
21 46 171
63 109 177
67 144 221
52 176 231
26 128 182
74 91 169
69 60 173
23 174 242
50 39 89
76 143 259
29 60 118
54 145 301
11 196 245
45 42 137
81 56 314
62 98 167
72 146 287
34 197 239
81 174 258
69 198 300
3 199 243
33 41 77
58 103 295
29 29 241
45 87 318
21 14 36
61 112 219
87 39 130
30 169 249
95 30 131
99 115 223
2 39 68
45 86 155
61 47 135
39 132 204
42 55 100
41 163 324
47 58 168
52 144 205
75 64 292
19 69 88
48 162 220
69 42 185
84 13 104
84 68 152
60 100 170
72 131 204
75 114 304
50 199 251
30 22 59
56 26 83
58 19 81
58 136 228
11 97 162
40 165 253
38 159 220
14 2 126
59 153 375
98 192 460
74 17 117
3 87 117
37 49 93
12 193 254
58 85 173
19 25 219
89 45 158
100 61 161
68 174 416
27 179 223
79 94 173
95 161 409
92 109 201
20 95 283
52 7 62
16 10 114
30 25 92
16 113 155
35 158 285
76 192 296
6 70 84
50 168 254
23 83 123
79 113 227
8 16 144
80 106 233
95 76 174
89 112 202
99 54 155
73 148 228
80 122 202
57 40 133
71 159 247
62 86 153
18 144 186
96 95 381
28 110 152
11 100 305
57 2 94
83 125 326
25 58 126
37 68 136
45 124 175
25 147 172
21 14 51
63 145 209
89 155 255
17 85 210
72 83 156
72 142 283
40 189 231
33 57 111
13 13 33
89 116 208
79 70 312
68 82 260
21 186 216
32 85 140
86 11 134
44 182 234
40 88 157
78 92 272
41 51 180
20 188 209
2 128 140
53 147 252
68 181 381
72 195 318
81 105 187
43 110 153
24 49 80
75 55 164
66 98 186
29 171 246
66 28 107
36 62 139
76 134 297
48 166 318
82 160 261
7 13 28
31 42 109
45 103 150
35 127 168
83 96 310
7 65 78
20 5 31
22 176 201
18 116 139
92 55 149
77 37 304
29 62 235
61 112 173
75 116 228
95 72 363
54 159 256
97 101 229
3 3 8
94 13 109
58 166 238
73 86 162
47 78 155
97 109 235
59 159 414
25 102 130
50 143 320
26 3 42
40 127 177
46 52 102
79 169 370
96 178 350
9 48 61
3 75 128
94 184 283
93 122 216
84 179 323
28 135 170
75 78 180
90 194 284
47 153 270
66 193 262
12 100 157
93 174 314
33 59 263
48 47 102
93 29 124
20 113 140
28 18 51
28 89 161
69 52 154
98 118 218
30 32 63
87 170 265
81 28 192
96 7 107
5 176 331
4 52 63
69 103 176
84 37 128
82 89 192
97 133 235
84 188 273
95 103 246
59 198 266
49 151 220
86 130 221
14 73 95
88 87 175
75 153 230
34 123 160
76 163 252
47 37 167
98 131 255
87 10 131
54 103 166
46 109 157
99 178 451
98 25 173
49 156 210
25 83 264
64 199 332
18 116 139
85 135 234
22 121 152
2 195 204
94 63 157
51 9 249
11 175 210
81 54 141
18 158 176
34 30 187
86 31 207
35 17 86
84 85 181
41 12 53
68 113 193
55 149 213
93 35 163
81 196 285
46 5 61
35 27 100
26 164 209
28 32 258
16 191 250
49 65 237
87 75 173
24 71 95
97 150 248
35 131 177
29 101 275
42 29 81
8 50 58
36 7 73
20 110 140
60 124 200
29 199 255
33 59 125
76 35 115
76 7 99
93 109 253
19 89 111
35 63 106
93 104 199
68 164 240
18 189 217
72 123 197
76 98 178
48 31 166
18 45 72
4 150 154
92 131 249
31 141 180
43 137 185
20 79 99
2 189 278
20 84 232
21 196 306
65 134 242
4 159 294
15 57 94
49 29 257
92 75 269
49 159 214
77 95 191
8 94 256
19 6 103
35 94 138
17 35 62
15 43 76
53 70 278
39 113 240
33 4 38
20 163 185
60 140 210
