470
59 48 241
84 99 214
39 59 100
72 187 271
13 182 200
51 148 364
13 118 136
1 39 195
5 35 59
79 113 202
39 28 107
78 83 169
59 135 225
82 84 179
63 102 172
68 14 120
64 87 160
12 81 135
67 92 228
98 64 178
13 86 250
34 43 86
59 120 264
97 7 111
20 77 234
33 56 182
100 156 272
50 60 111
12 16 37
42 56 189
97 153 300
14 162 182
46 150 203
54 70 126
43 172 259
50 53 106
33 64 106
4 129 138
30 30 175
89 140 229
26 0 28
62 110 184
82 141 388
24 173 200
78 122 385
76 179 258
11 168 196
64 96 286
15 84 117
98 30 275
87 156 353
18 126 152
13 164 341
92 190 282
45 16 61
82 100 209
84 91 203
55 40 103
23 99 177
23 107 131
5 0 44
84 81 176
47 0 185
59 13 217
93 15 115
54 30 176
24 28 53
35 50 245
86 126 222
85 135 269
73 35 110
34 82 240
53 91 344
72 63 136
68 85 177
99 14 264
12 32 49
35 2 46
74 3 77
16 75 101
24 79 131
19 157 216
95 45 247
12 74 88
60 46 132
75 5 229
44 166 219
76 123 243
32 171 248
56 168 225
13 7 23
59 6 74
15 80 199
72 85 159
22 101 167
79 21 257
72 85 159
31 24 59
27 71 112
85 14 115
18 130 273
99 188 293
1 31 206
65 63 133
15 40 57
43 89 142
50 81 176
1 176 182
83 112 210
97 106 204
94 167 449
20 74 201
56 174 363
13 107 142
46 182 243
68 125 219
8 119 211
25 49 117
23 71 143
44 73 122
96 101 225
1 7 197
39 132 174
68 19 100
98 145 401
7 188 205
7 109 116
41 39 85
6 118 125
71 68 177
7 132 187
13 7 48
50 97 180
1 6 112
51 149 322
94 192 289
66 14 84
43 132 205
10 34 45
27 41 109
81 10 92
67 16 129
3 29 32
5 122 139
59 130 191
83 50 166
9 146 171
36 127 173
100 24 142
76 58 184
88 65 195
77 161 273
75 5 102
38 199 285
22 9 63
10 77 105
26 177 252
84 105 229
2 47 95
28 61 139
73 1 129
59 25 117
2 96 102
37 23 66
33 126 194
72 47 232
28 73 110
29 52 89
63 193 281
29 199 380
3 145 209
29 160 197
84 199 285
90 173 268
25 147 182
37 166 211
24 198 232
89 90 320
50 197 277
89 135 234
53 197 275
40 85 127
47 144 342
19 113 143
92 21 130
55 99 179
13 14 36
1 59 79
75 103 188
98 77 185
33 32 67
10 159 176
20 190 233
50 27 179
70 131 207
21 150 236
64 187 259
3 197 327
16 6 29
42 90 138
52 86 161
44 92 143
42 53 265
49 125 205
23 128 151
22 38 246
58 171 248
81 114 196
93 173 269
14 21 219
55 104 165
86 106 197
2 113 147
34 135 171
9 85 101
43 28 182
22 127 165
1 188 311
1 12 15
51 168 265
22 116 139
20 192 218
18 131 242
4 106 114
32 47 87
76 89 347
23 106 130
84 22 172
47 174 226
54 132 200
53 45 129
1 109 112
39 115 196
87 7 114
11 94 233
70 198 271
65 57 322
67 21 97
48 99 150
27 175 215
91 112 367
43 102 252
18 60 78
72 41 142
52 3 188
5 5 15
6 123 135
61 87 297
51 55 112
9 150 183
28 191 239
67 109 184
23 16 48
37 59 266
68 155 233
73 79 301
21 196 261
60 78 167
91 186 449
57 78 136
98 73 172
100 28 302
17 120 154
81 152 311
91 61 165
52 125 361
23 132 155
65 135 213
63 70 134
51 137 190
65 167 233
88 122 213
49 163 218
44 198 274
37 82 181
3 78 161
90 131 221
11 82 94
67 112 360
50 177 236
52 98 188
99 103 310
19 13 133
55 9 98
79 34 129
53 51 115
50 130 180
92 22 117
49 198 250
78 31 110
58 127 186
6 31 107
45 89 155
13 67 139
28 45 119
51 20 116
31 36 109
7 102 246
8 199 212
24 22 75
6 126 133
49 54 106
85 183 271
29 22 53
62 117 179
51 190 270
66 4 76
4 114 163
91 39 134
88 85 196
45 10 99
19 199 220
57 140 207
23 42 65
76 74 174
55 88 249
31 117 172
61 199 287
55 119 182
17 126 335
72 163 285
33 189 265
36 132 207
51 94 181
40 47 132
48 50 225
55 145 203
45 189 235
87 93 181
36 77 254
26 104 155
5 98 119
83 125 213
14 162 239
25 141 247
46 0 225
80 175 263
15 160 178
27 119 150
73 10 122
29 179 215
61 133 200
50 160 211
74 120 197
22 33 65
28 38 69
3 92 100
99 175 279
21 117 140
35 38 90
21 116 166
70 63 153
79 20 185
57 54 198
19 23 86
68 45 147
9 176 237
76 9 242
10 7 24
11 23 37
25 61 89
43 101 150
37 200 259
1 18 173
30 199 231
58 57 145
39 177 220
7 198 211
51 154 299
34 110 283
22 197 236
83 51 136
75 172 251
65 137 214
49 164 404
53 130 190
26 44 99
20 50 267
88 159 280
17 102 158
63 110 306
49 27 82
71 70 226
32 88 271
73 163 354
79 143 226
77 88 194
30 184 411
19 185 230
17 62 124
33 99 138
96 94 195
65 46 113
62 119 190
81 111 198
57 87 213
16 158 203
73 24 99
42 198 334
88 111 232
83 193 282
7 37 51
34 132 198
42 192 245
79 167 251
18 35 57
93 159 270
18 133 279
58 190 254
24 167 197
98 152 356
56 53 308
78 176 296
16 188 206
24 30 158
79 4 96
60 140 316
75 142 222
100 82 202
3 173 225
29 185 219
42 145 207
53 191 249
45 177 259
39 80 301
49 131 181
85 179 266
14 33 78
81 34 155
40 35 83
89 128 217
45 6 134
33 148 190
19 169 191
74 26 100
46 162 218
73 116 194
42 79 171
65 198 379
52 51 113
81 131 216
84 199 319
80 105 191
90 146 242
81 30 266
36 139 194
91 111 251
83 67 315
19 151 206
48 127 197
76 94 248
49 32 82
66 142 277
87 79 170
47 93 217
96 77 187
36 184 227
73 168 322
43 64 252
57 121 187
56 63 123
28 1 37
9 150 163
99 126 317
45 15 162
65 179 334
96 100 357
44 16 84
46 94 143
87 43 187
