670
62 37 128
63 100 294
57 84 151
51 53 113
65 111 278
33 82 122
86 105 201
14 98 118
46 198 287
41 61 142
66 168 259
30 103 157
44 14 99
42 184 261
97 84 339
8 108 166
75 159 253
96 19 121
33 5 73
38 88 144
58 62 127
76 165 271
80 160 258
77 144 223
5 10 46
74 153 230
37 193 349
60 109 220
95 26 128
72 87 161
54 92 162
61 185 255
20 12 32
72 19 124
7 122 254
6 116 124
81 8 207
99 65 218
16 36 52
1 69 114
98 152 259
16 151 216
41 165 248
18 142 333
18 154 174
18 19 39
74 150 230
88 107 247
41 151 224
88 195 304
7 188 245
57 25 185
64 141 209
5 13 51
18 175 195
45 3 88
14 132 167
81 6 213
58 183 245
90 14 116
69 57 240
53 30 112
4 105 234
80 152 256
42 14 70
41 120 164
52 77 139
18 79 104
80 188 289
74 108 215
20 151 179
61 87 166
88 3 92
21 89 158
79 177 432
81 105 215
15 101 281
99 33 133
100 115 258
70 69 146
74 187 289
55 134 359
15 188 203
19 20 48
43 4 109
35 52 93
2 176 204
90 53 276
81 114 276
25 69 95
69 7 271
4 82 134
40 166 207
62 10 82
64 69 134
7 64 101
11 138 150
41 12 62
3 42 48
28 39 249
1 181 186
34 101 172
42 103 182
43 98 143
63 136 227
4 176 330
11 137 226
20 15 37
16 98 120
14 24 73
84 59 171
8 118 127
29 16 83
32 125 220
87 180 267
17 114 229
6 51 93
24 59 93
77 32 113
71 162 241
16 139 164
37 148 220
15 102 147
3 164 201
91 33 174
87 159 255
90 174 336
84 141 233
49 7 89
94 81 178
50 36 96
90 166 306
44 83 128
63 36 259
40 95 139
2 116 122
85 185 277
10 110 127
63 51 159
59 30 114
5 22 43
3 198 292
52 16 111
64 113 185
86 133 410
8 5 94
88 50 144
49 13 190
25 144 359
62 104 230
38 177 215
28 34 181
42 41 94
13 145 161
44 73 180
5 66 142
17 12 209
9 174 187
1 129 145
34 65 120
34 31 111
47 108 175
46 118 213
57 199 256
7 1 12
88 24 154
23 167 268
26 14 76
39 59 98
25 197 226
18 20 40
24 105 161
44 94 145
54 128 197
68 4 72
28 83 154
61 142 247
27 48 79
78 138 223
14 139 161
52 174 241
6 111 132
48 182 368
10 32 47
68 64 141
70 153 238
77 71 157
45 129 197
6 5 141
25 14 194
69 66 294
67 185 274
19 195 223
40 133 195
39 148 232
16 161 192
46 39 122
24 116 146
73 143 257
90 15 110
76 97 183
48 181 265
43 128 218
27 25 195
34 36 153
65 35 260
29 19 48
1 158 168
63 90 249
86 52 146
34 175 215
3 124 129
45 112 299
83 36 158
2 154 272
8 148 164
3 71 84
67 155 334
8 14 23
1 172 183
85 89 184
33 38 152
81 91 173
40 163 340
24 199 228
78 1 80
1 165 332
75 63 144
95 45 149
34 109 277
4 173 177
53 139 369
32 134 176
18 154 319
48 191 323
20 177 223
36 99 178
87 21 112
6 191 197
77 21 130
24 184 213
45 49 169
34 187 331
83 107 207
67 158 258
24 192 218
10 158 170
8 112 169
18 65 88
84 200 321
81 133 261
22 123 176
25 151 182
83 129 212
39 43 156
31 107 158
16 137 157
12 166 182
16 61 87
52 113 294
96 163 340
12 80 101
43 133 185
35 89 134
99 14 117
76 3 157
16 136 191
60 86 194
68 161 235
82 7 93
87 1 94
22 73 101
15 157 177
45 179 397
42 22 93
82 3 228
36 76 122
22 87 112
49 35 106
23 63 111
62 123 210
32 49 98
9 46 75
38 49 131
56 45 135
14 154 169
50 192 421
61 151 223
2 133 168
50 162 253
72 84 184
86 0 282
70 62 133
71 7 159
90 145 236
59 166 350
61 34 96
9 21 73
75 78 159
87 83 338
59 123 184
12 111 132
65 160 232
100 123 253
10 95 143
21 17 178
5 130 135
56 176 249
22 112 135
18 43 92
46 101 214
99 134 282
90 47 139
55 175 347
93 69 166
48 110 231
68 125 200
73 190 267
37 147 310
62 116 188
6 107 212
54 184 245
49 120 268
8 1 11
18 4 153
74 109 216
25 70 130
25 106 167
89 117 215
26 175 237
58 34 126
52 25 196
15 21 69
70 99 176
9 121 131
11 160 179
21 44 93
64 22 95
57 4 244
36 161 276
88 40 229
96 35 139
39 60 131
67 173 249
52 48 129
46 102 196
40 138 339
49 140 198
3 64 70
77 17 126
92 64 161
55 75 155
94 113 218
96 32 158
4 143 178
98 106 204
80 155 282
1 53 169
53 31 87
30 144 178
49 72 314
24 116 144
88 76 207
29 11 202
37 83 126
40 100 142
93 166 296
72 155 416
15 156 181
65 172 244
6 19 27
36 149 190
59 84 179
81 2 163
45 13 59
72 11 120
82 42 210
44 40 116
74 181 303
40 48 123
80 156 278
37 174 244
99 162 265
54 185 249
90 184 281
9 66 76
60 22 83
68 52 175
88 24 298
8 97 155
15 120 181
9 43 52
77 133 223
6 47 59
77 117 197
43 104 191
62 103 179
37 44 81
27 123 160
27 161 198
25 56 89
31 116 167
84 196 287
36 53 93
68 73 336
43 129 278
93 186 281
8 148 193
34 179 334
55 196 251
58 110 184
64 193 269
38 145 381
48 47 105
16 52 71
61 70 180
77 85 204
35 194 306
89 189 356
2 130 319
25 100 156
86 129 221
59 195 357
53 74 183
75 200 323
10 113 204
30 103 173
36 27 67
95 182 281
33 94 171
34 175 211
25 23 49
25 128 197
60 186 252
14 140 159
5 171 190
66 138 403
15 69 120
93 91 191
11 114 131
23 153 184
13 135 234
89 73 171
45 154 258
53 109 163
7 66 99
56 142 201
39 89 175
33 23 78
60 150 377
60 151 306
45 119 166
68 90 158
6 178 198
33 7 40
52 143 218
98 40 151
16 54 196
4 64 74
43 47 177
46 185 241
83 77 337
91 94 294
7 189 273
23 116 168
95 70 277
58 36 94
70 195 277
61 5 222
15 43 68
29 18 52
27 125 155
68 165 257
10 30 90
40 69 118
59 6 65
76 144 220
2 137 145
53 108 208
31 151 368
18 126 160
52 198 257
61 64 286
75 150 253
51 102 159
87 61 226
45 151 231
66 142 208
79 130 255
66 133 203
13 45 96
66 29 217
77 101 214
56 46 111
46 138 189
62 53 117
41 132 203
39 137 291
8 40 62
6 28 43
70 27 201
24 99 160
22 80 134
34 173 211
90 177 275
31 191 234
6 153 168
92 129 296
91 10 217
45 132 315
32 140 178
76 31 161
79 133 335
65 158 270
16 109 130
21 14 203
53 27 84
50 132 242
1 73 88
74 109 202
98 143 326
47 192 240
16 196 212
96 90 195
56 177 248
81 126 212
80 14 97
21 64 113
4 78 87
1 73 84
92 36 135
67 141 247
36 138 293
91 180 276
2 31 34
36 159 223
86 162 288
8 76 92
29 53 272
85 171 257
58 198 262
15 107 162
58 45 103
25 7 39
11 129 166
30 79 166
53 52 294
97 167 454
7 48 57
40 167 250
15 124 164
22 82 105
64 131 240
84 142 295
91 23 124
91 12 168
67 143 306
17 77 99
36 31 240
28 43 81
25 65 132
29 87 258
52 198 432
38 15 92
40 64 117
52 111 170
83 197 300
80 111 196
2 180 208
26 95 137
2 143 293
8 172 199
89 75 188
45 141 219
15 0 78
55 45 100
79 185 305
77 81 309
56 86 148
59 97 160
67 157 266
82 32 261
85 192 282
60 104 209
22 166 387
84 121 224
96 16 119
18 144 197
61 81 178
65 112 189
30 194 233
29 70 101
89 161 268
38 98 302
6 151 341
87 46 136
1 64 65
44 46 134
18 101 317
30 94 129
86 137 232
34 155 197
89 11 106
32 56 111
74 170 244
50 138 191
63 167 236
80 83 204
54 0 57
99 199 314
45 60 132
13 95 112
92 97 190
44 193 297
52 52 149
5 0 14
52 15 79
61 166 228
48 200 286
100 70 173
79 138 249
63 17 267
29 57 93
34 197 284
52 30 111
95 189 331
42 45 92
52 160 411
86 138 228
67 4 74
51 184 410
72 157 300
46 178 237
83 137 220
90 166 261
33 85 119
54 89 151
41 136 177
68 87 202
4 24 28
96 101 217
82 44 136
25 27 62
50 128 183
29 54 83
30 194 394
50 6 56
13 28 89
73 198 279
42 18 64
12 71 86
48 142 199
68 178 358
64 49 116
56 70 139
36 152 207
51 139 367
2 49 98
2 179 211
68 68 296
71 186 257
97 50 148
77 190 400
32 139 188
86 162 250
35 154 195
90 69 164
51 5 194
11 107 224
72 127 209
