750
11 72 91
68 179 251
56 111 359
89 69 170
95 200 397
23 190 322
59 170 231
94 176 403
65 143 213
32 82 119
14 19 59
69 0 72
93 115 391
25 91 120
100 100 398
5 179 184
1 196 220
57 28 100
23 123 346
86 50 136
71 9 204
46 147 201
3 13 61
37 143 269
49 59 178
55 162 218
55 167 232
38 24 67
67 186 403
67 138 216
25 5 195
12 87 105
51 83 174
24 76 108
30 149 179
98 9 124
69 28 108
37 20 82
15 96 156
14 68 253
95 125 230
82 179 270
98 91 331
68 52 168
89 106 203
32 78 116
89 41 146
50 92 177
14 115 166
34 48 90
20 75 136
16 101 119
40 185 225
43 146 198
76 106 186
89 3 178
13 82 270
9 34 64
68 153 233
88 21 173
23 124 153
2 64 77
96 161 442
16 31 76
95 68 174
57 18 83
91 104 257
73 149 238
15 167 182
34 23 64
27 172 202
80 39 124
13 125 142
28 145 263
82 130 242
94 187 283
35 169 231
86 16 215
10 44 102
52 174 235
25 190 231
18 160 190
18 45 63
71 184 393
87 177 304
93 145 243
5 59 81
46 123 289
26 171 206
4 30 63
4 0 12
98 187 388
43 132 206
55 110 185
4 72 94
60 10 95
89 145 238
25 141 271
74 162 240
51 158 225
59 186 249
75 74 150
47 168 261
9 49 112
7 17 27
99 99 325
99 29 132
57 12 69
45 75 136
88 138 229
24 185 313
11 166 181
100 157 276
100 143 263
88 2 123
25 91 117
79 177 262
59 60 125
35 22 101
7 46 54
1 167 258
23 37 99
16 115 157
44 107 156
1 184 199
5 47 97
10 170 180
24 122 148
93 55 230
22 157 188
14 84 115
75 179 264
98 36 153
57 49 127
87 179 274
19 138 184
5 42 74
29 72 233
87 108 218
95 76 176
57 70 173
68 102 175
59 107 166
33 121 167
6 175 294
85 53 167
84 155 248
95 188 288
82 110 237
64 51 135
67 115 311
4 65 98
70 165 244
21 131 199
15 143 202
81 29 116
1 33 35
83 96 187
39 169 216
50 195 248
3 100 105
46 123 254
75 54 133
33 164 343
47 11 68
80 7 87
51 123 183
15 183 230
24 100 139
36 93 272
32 69 206
26 189 219
1 98 217
99 7 231
91 178 403
42 92 141
87 116 214
76 110 211
36 188 224
1 146 156
70 107 216
53 48 109
33 52 91
60 59 119
59 163 420
33 13 149
7 16 32
98 104 250
82 75 166
63 121 233
21 38 133
81 27 115
29 28 105
45 3 56
28 37 86
77 124 201
12 135 243
69 62 136
32 145 216
67 73 148
4 92 122
63 76 147
48 6 223
90 199 331
54 115 209
49 78 128
7 68 87
44 24 104
7 57 112
87 127 225
63 194 357
26 130 193
67 154 282
75 114 196
28 37 209
7 1 48
66 21 89
4 47 70
7 194 251
83 97 279
6 48 217
39 0 196
94 19 120
61 198 269
15 64 80
5 14 116
3 44 53
21 5 29
17 194 297
51 72 129
60 7 74
33 157 197
7 151 182
97 186 311
66 77 145
72 61 171
67 60 135
59 27 88
76 200 285
75 63 176
22 79 102
30 85 121
13 59 74
100 44 145
38 186 237
96 159 256
5 148 153
22 174 331
75 11 120
83 157 249
73 164 238
38 154 315
56 37 126
65 189 284
39 141 207
14 162 201
48 65 244
54 82 315
18 44 70
20 191 215
70 48 128
89 19 142
75 111 190
79 1 87
98 160 261
58 185 246
81 9 242
91 81 176
18 181 207
87 11 105
36 86 131
9 151 306
45 166 219
19 91 240
82 195 284
52 118 178
14 58 77
74 107 381
98 49 234
37 58 102
66 22 101
78 101 182
86 41 135
38 53 117
77 140 224
17 45 70
42 34 236
85 152 237
3 29 162
77 141 258
72 40 220
50 52 151
59 144 228
14 161 198
60 54 124
40 96 316
34 126 193
54 120 305
30 80 302
63 193 324
90 142 267
61 6 68
74 84 162
24 71 104
78 169 253
43 126 174
90 22 285
28 124 292
93 81 218
38 4 222
71 127 205
13 97 111
18 134 166
100 100 200
54 87 167
97 149 277
54 74 132
92 67 184
20 198 275
79 119 223
2 67 233
1 27 37
79 120 379
65 156 226
33 113 156
10 53 66
70 64 135
80 106 194
21 42 72
91 142 238
62 179 262
1 41 46
6 67 199
13 197 359
29 13 89
18 92 135
33 6 155
21 61 86
8 160 182
11 94 236
83 84 176
48 29 263
4 179 184
60 54 115
1 122 166
45 69 131
95 192 291
92 128 243
45 100 282
76 180 302
59 64 145
5 31 138
72 195 315
78 1 93
26 32 143
51 197 295
26 4 73
80 51 258
35 80 120
5 147 166
33 187 230
28 124 195
34 78 112
26 61 87
92 173 271
41 171 356
89 123 215
58 123 182
41 54 101
2 6 38
97 152 276
16 160 180
97 80 363
65 63 181
71 24 109
69 165 244
59 170 284
54 81 141
73 186 276
26 190 217
18 91 110
61 102 166
53 15 208
74 82 157
29 173 399
47 53 165
89 95 191
73 135 383
3 195 229
80 122 203
75 100 236
43 20 70
63 12 109
64 132 246
21 101 127
63 5 72
91 162 256
52 147 199
36 92 138
18 159 184
35 181 258
47 62 289
55 147 300
40 49 92
49 117 204
18 194 220
84 121 211
75 171 255
21 83 107
91 32 130
45 6 59
89 77 192
15 151 168
46 54 111
65 169 240
85 140 294
53 10 82
21 185 319
75 65 273
49 96 273
62 116 242
89 200 415
32 58 91
26 122 163
3 25 33
73 32 133
22 132 335
48 4 82
34 111 336
97 127 227
18 142 177
72 154 241
40 169 237
58 149 215
9 18 48
79 182 271
84 181 269
75 92 226
96 108 301
80 162 249
20 66 135
39 62 278
14 99 114
67 76 146
23 29 95
61 130 195
97 122 259
26 126 201
99 72 202
35 53 135
64 74 179
75 175 281
41 184 227
68 50 238
63 175 284
63 77 144
78 45 125
51 176 238
40 129 214
36 91 136
35 70 105
24 117 147
17 46 192
97 141 246
95 66 167
31 68 216
45 134 186
16 176 196
15 13 108
14 193 257
45 54 106
55 160 217
96 134 232
29 35 69
46 146 217
96 44 140
62 195 280
11 54 218
46 51 170
38 120 202
97 146 372
72 116 209
90 17 107
91 195 287
95 44 238
52 125 375
55 160 221
20 116 136
41 51 98
100 195 486
90 195 304
17 45 67
20 52 77
63 58 302
1 33 68
59 9 260
65 176 253
52 195 323
13 113 134
24 108 137
62 191 261
70 78 152
39 131 307
61 16 94
75 33 114
36 60 151
88 4 210
54 117 318
20 131 185
78 102 343
83 60 145
35 74 115
38 193 281
67 185 358
37 14 59
11 145 158
54 101 176
36 126 210
86 36 136
43 129 181
74 115 206
88 45 138
1 17 206
90 51 190
92 10 102
73 23 218
74 5 129
17 114 160
48 1 54
43 17 163
78 36 147
51 109 187
90 38 138
98 32 130
21 147 355
23 48 92
93 43 136
75 109 197
46 168 380
85 125 219
33 172 320
41 14 89
6 200 230
100 109 244
43 152 390
82 15 102
69 175 278
86 115 209
86 101 218
96 31 293
28 149 217
86 3 270
76 172 257
98 88 191
48 51 122
32 190 231
58 162 266
21 151 251
3 48 186
23 159 187
38 27 66
26 94 122
38 111 183
11 6 37
95 188 378
92 70 166
25 142 193
9 58 69
3 117 304
23 108 137
43 19 77
11 184 199
66 66 150
23 149 366
70 106 177
78 45 167
53 171 226
67 108 184
87 103 225
26 29 83
22 132 163
7 154 163
25 83 153
10 185 212
3 85 95
58 83 241
65 27 97
7 116 172
46 111 159
9 153 348
95 76 181
42 85 238
6 19 28
36 55 124
58 14 82
4 15 80
63 71 173
52 23 187
67 177 287
68 160 364
36 104 158
74 57 252
3 179 185
10 190 237
20 94 121
49 31 214
69 9 83
81 79 161
8 14 22
6 96 111
25 166 195
9 8 27
18 175 198
52 120 199
31 116 154
86 126 213
39 199 244
21 164 197
22 118 244
96 3 103
46 12 75
35 28 83
20 173 198
51 12 63
66 48 121
62 57 135
17 91 127
94 11 120
63 165 281
91 150 415
52 34 86
76 74 153
86 74 249
72 23 130
77 164 250
71 159 236
68 87 266
40 150 360
45 102 177
47 134 221
35 12 57
55 96 348
53 103 196
21 160 184
43 161 213
20 189 211
52 96 177
37 153 349
16 17 69
61 107 172
91 117 365
98 10 155
55 99 176
35 164 211
68 66 138
5 160 292
97 45 271
33 165 362
55 170 381
90 8 272
58 4 101
40 122 324
35 175 210
50 89 145
50 60 129
87 169 302
4 92 103
9 137 195
16 71 131
19 197 232
20 115 173
53 99 160
48 143 224
52 157 365
71 35 138
95 3 158
40 18 59
68 111 188
65 41 292
56 93 160
82 168 329
32 53 124
16 9 47
5 6 28
19 169 213
57 76 145
69 41 216
46 139 185
29 17 211
65 174 247
83 121 383
38 111 151
50 84 166
9 98 110
4 6 16
30 38 68
54 159 229
84 128 218
18 147 211
26 85 308
89 179 312
88 24 144
32 32 98
30 105 164
95 76 194
15 83 211
65 94 349
57 138 365
46 119 167
78 99 282
92 4 98
90 142 369
97 86 184
24 82 111
11 126 138
15 135 151
29 16 48
72 115 194
74 196 277
2 194 224
56 140 237
44 162 212
55 36 94
23 43 191
42 192 236
41 31 217
47 27 113
35 139 286
57 115 189
92 21 117
97 65 179
29 195 228
2 71 195
41 83 130
60 105 174
94 163 280
25 43 75
14 53 68
93 106 219
38 168 272
2 192 361
51 82 133
73 180 261
12 121 146
12 39 58
2 148 178
72 186 297
15 149 166
21 147 188
70 66 137
