90
19 118 156
41 75 138
73 187 305
38 173 314
6 155 168
34 40 76
74 157 271
13 36 53
21 136 191
88 164 253
98 81 224
21 176 230
71 79 155
17 62 111
89 13 112
23 1 33
21 117 177
77 13 91
45 10 64
18 14 90
46 161 211
14 137 157
24 68 133
4 91 211
18 43 94
22 91 131
33 137 211
48 150 249
57 122 181
15 72 90
31 194 231
99 42 185
68 119 299
9 40 148
95 168 425
75 45 269
13 107 288
33 105 270
7 135 267
3 19 23
2 47 72
17 162 342
79 87 175
81 57 167
53 166 225
35 150 268
23 173 230
93 183 366
21 2 25
22 35 130
17 135 194
52 18 71
2 74 110
96 83 180
17 1 23
22 80 119
52 156 230
18 14 37
25 115 154
15 153 191
51 8 116
4 32 36
7 110 133
71 110 265
88 13 138
98 146 247
21 89 140
30 38 117
82 118 214
78 18 100
37 197 307
63 67 276
3 55 186
73 176 259
93 34 165
96 86 192
66 111 360
12 156 203
52 188 275
32 33 77
45 119 205
46 72 126
47 171 226
9 168 327
86 187 281
68 29 131
80 170 254
96 122 220
42 145 226
79 162 242
