730
81 5 108
12 133 241
90 82 173
66 152 218
4 65 77
11 62 262
47 51 124
11 149 166
87 131 225
6 137 188
84 40 132
44 136 296
31 20 58
7 190 197
89 101 256
26 119 152
22 38 66
3 133 137
99 59 321
50 2 67
88 72 349
30 125 238
32 187 345
73 122 233
82 80 167
59 198 263
86 81 172
6 163 180
15 164 219
44 75 262
72 122 194
16 43 67
52 66 134
44 22 69
76 171 247
51 36 109
3 143 153
61 173 375
19 175 360
46 89 293
46 95 145
100 192 437
41 38 99
20 35 73
27 191 225
75 183 268
72 38 117
36 125 161
9 189 297
87 41 146
47 125 340
75 66 151
3 108 118
56 51 109
80 117 201
33 25 171
75 197 315
78 112 196
100 90 193
1 15 169
92 152 244
44 68 125
49 130 181
88 118 210
8 31 140
29 188 260
5 112 117
2 60 64
72 132 206
44 20 72
83 116 205
85 172 302
89 68 171
45 14 84
40 25 191
14 179 197
30 57 162
56 88 268
35 92 137
91 90 228
23 140 206
19 90 169
57 173 239
46 19 73
91 142 237
65 53 166
58 57 278
44 198 249
84 99 250
60 59 164
10 157 167
54 77 201
64 30 114
81 98 219
69 153 308
27 81 111
62 76 149
8 119 175
76 117 330
14 98 162
29 89 118
69 135 206
83 78 336
60 125 191
72 184 328
96 110 325
49 21 114
23 108 219
92 193 291
88 105 215
3 37 70
64 28 102
68 64 134
35 151 222
8 35 46
12 174 367
81 12 131
48 46 246
43 49 117
7 121 128
56 44 129
30 7 37
66 80 181
52 16 102
5 155 329
17 178 219
81 6 136
18 13 53
18 46 127
95 10 202
75 14 104
71 200 299
33 167 204
58 122 181
54 34 218
54 46 249
93 128 352
35 15 162
52 108 204
56 60 140
50 3 63
49 18 72
36 188 247
3 39 42
28 176 213
90 26 151
99 184 323
5 61 86
55 121 180
16 64 84
41 103 150
54 188 361
55 1 62
59 90 266
71 34 107
47 161 244
89 85 209
17 155 286
2 137 144
9 154 190
76 88 170
83 5 208
44 74 123
44 64 112
95 196 299
67 49 175
29 0 142
34 81 156
20 158 194
72 26 99
55 159 219
65 91 159
55 77 133
14 171 185
54 140 234
9 129 144
12 124 142
24 78 107
14 100 123
87 146 239
97 179 282
50 100 235
60 0 79
47 176 366
78 51 137
28 115 151
72 91 210
91 148 239
93 62 214
48 62 143
67 95 171
71 75 226
9 33 152
76 131 209
78 79 246
40 182 222
41 189 275
11 80 141
57 84 319
17 17 36
25 18 83
23 116 139
95 81 254
24 152 185
8 128 170
17 137 166
78 161 358
98 48 195
71 178 418
81 0 228
81 187 402
74 91 172
22 158 220
83 185 305
9 193 208
44 46 90
47 75 202
36 3 42
100 156 357
45 43 94
6 185 225
25 91 119
86 109 364
52 43 130
81 121 211
99 84 216
59 194 253
37 18 98
7 17 35
50 24 119
83 92 178
36 27 72
3 160 208
41 133 181
43 43 95
35 56 120
37 167 209
9 163 240
82 14 226
97 81 221
50 156 216
6 187 240
70 66 204
91 152 246
75 172 276
61 42 162
83 83 167
64 117 181
19 54 119
23 9 47
58 120 187
31 138 203
38 13 80
71 182 254
13 186 289
99 151 343
44 155 201
89 42 138
19 51 73
4 188 323
82 29 236
27 73 106
36 123 164
82 190 323
81 145 247
88 54 152
19 152 360
37 109 150
37 35 214
12 143 165
84 193 283
12 155 356
96 169 267
70 5 116
38 174 275
7 137 161
79 29 178
13 14 51
18 114 174
87 172 289
11 121 141
88 179 292
12 64 248
87 78 221
69 79 185
71 150 343
99 45 149
46 145 218
40 41 86
44 138 188
47 164 240
38 156 199
4 108 147
15 145 170
57 150 219
99 17 176
44 47 98
24 4 62
24 167 297
73 151 234
89 77 190
28 107 166
21 120 142
79 13 101
7 20 125
48 141 214
92 152 276
88 87 188
69 111 262
61 92 338
88 83 349
16 105 121
61 30 97
2 103 114
90 168 302
66 196 409
83 29 287
17 76 95
7 96 106
2 25 36
68 112 181
1 173 182
52 116 184
90 98 191
84 4 224
61 51 157
32 102 310
62 192 295
42 123 299
87 160 255
3 5 85
63 50 163
62 183 261
97 98 241
66 165 301
50 151 201
70 164 283
81 87 168
50 10 108
80 130 213
11 100 121
70 121 194
82 138 257
3 187 199
78 38 123
69 127 355
63 41 113
87 188 277
40 121 203
37 70 236
92 130 239
46 125 214
16 164 185
11 111 127
55 123 332
66 148 233
73 162 256
60 98 208
51 33 193
92 72 250
95 56 161
27 68 123
83 105 192
62 155 226
22 33 92
88 153 368
8 161 174
84 123 214
80 59 160
65 93 173
63 70 148
25 0 53
28 145 364
6 198 396
90 59 335
100 149 259
62 173 236
13 130 150
96 44 180
42 85 324
29 185 248
47 17 99
97 123 357
94 118 324
40 167 249
21 200 260
36 66 108
81 200 281
72 4 195
7 10 45
30 172 323
40 67 112
96 78 181
71 139 219
58 191 282
61 72 143
79 81 217
18 169 189
47 121 197
25 76 108
10 112 169
67 87 154
83 98 182
73 65 148
75 175 401
7 34 53
97 153 254
49 147 205
24 62 86
13 100 129
10 118 304
68 15 270
32 72 114
14 124 160
40 173 216
53 146 200
48 46 139
89 46 135
35 175 225
47 93 144
10 195 213
18 7 30
48 110 167
30 99 137
26 48 173
8 63 236
48 138 195
76 133 246
40 11 192
35 63 107
77 56 152
69 97 168
77 181 350
49 128 353
91 158 255
22 49 181
28 135 178
67 9 253
23 170 276
33 190 364
28 25 59
16 104 128
70 167 242
71 9 130
79 43 124
27 56 230
60 199 271
73 171 326
71 189 285
69 21 90
94 173 300
46 187 240
86 32 242
5 199 236
37 47 91
12 187 203
5 84 93
100 194 314
26 86 165
53 33 88
95 76 175
10 112 132
89 96 204
95 148 443
38 145 359
41 102 188
98 183 311
89 82 218
100 84 194
2 93 97
94 4 252
61 190 260
11 112 131
32 100 272
71 163 240
8 4 18
72 189 263
46 16 65
76 93 329
82 73 173
41 57 104
62 34 124
74 39 122
74 84 159
81 9 259
31 92 125
35 197 237
10 71 213
68 198 276
97 142 245
86 191 285
99 43 150
4 21 113
69 101 333
71 92 243
55 56 135
97 112 213
42 180 322
47 166 223
13 94 114
89 161 253
2 186 230
1 120 166
17 62 107
18 198 266
12 98 198
89 88 254
43 9 54
36 139 177
22 84 155
91 200 331
80 106 196
8 56 65
46 85 139
100 10 116
93 28 132
66 180 374
21 41 62
76 178 268
54 157 219
13 107 129
62 125 245
15 139 154
84 71 264
60 109 197
25 57 83
25 61 103
82 66 153
61 63 173
84 181 276
65 24 97
2 93 101
64 80 181
87 104 331
82 130 222
71 154 233
91 126 226
16 147 165
7 113 169
60 37 147
27 179 235
35 44 81
91 190 474
42 158 205
91 17 140
41 174 313
93 71 190
17 105 176
86 172 291
48 2 73
63 100 164
72 96 175
75 99 174
74 71 166
19 50 78
68 47 121
53 13 109
71 38 119
20 46 99
52 65 123
4 19 123
99 23 291
62 85 269
79 154 318
15 46 65
82 189 276
39 182 227
90 41 133
68 144 222
63 63 155
14 96 118
47 42 89
13 7 25
33 146 361
9 8 27
56 125 248
53 161 333
24 165 376
89 53 143
47 124 178
50 40 228
45 72 139
74 69 190
87 135 224
42 153 321
91 198 292
66 29 104
43 60 257
35 66 151
67 66 143
92 119 230
62 162 271
96 170 271
22 148 280
39 59 128
76 125 230
8 87 106
82 128 229
18 185 377
65 16 92
53 79 133
51 116 181
71 138 215
6 157 199
72 100 179
21 87 116
5 27 50
20 109 159
23 8 40
20 147 195
40 45 171
28 103 139
37 12 199
22 36 66
19 89 108
45 89 176
26 144 192
24 20 166
12 112 127
81 161 242
72 37 247
96 86 190
55 153 214
22 189 219
84 66 156
67 142 212
82 97 183
26 151 294
3 88 98
68 75 146
9 42 57
69 151 369
40 144 213
50 154 233
42 160 257
24 180 251
86 10 114
51 73 128
61 79 262
74 195 274
95 22 123
46 52 122
31 11 89
33 0 151
38 103 190
64 133 223
24 24 49
9 160 170
98 85 226
79 2 108
17 90 109
79 137 239
64 176 277
28 141 187
7 79 94
10 132 157
61 75 256
51 96 150
11 144 163
47 33 85
10 33 49
35 161 204
62 101 198
70 39 129
2 156 322
59 184 408
69 57 127
81 3 90
35 68 278
50 135 186
55 133 194
92 33 135
89 113 228
22 7 78
14 15 66
70 197 269
66 113 222
74 90 293
19 176 304
98 36 140
77 143 227
58 199 305
39 60 103
40 35 255
72 133 209
53 119 294
43 126 243
70 162 243
88 198 437
71 187 338
25 83 112
73 133 267
72 172 249
74 65 141
31 168 325
68 151 407
2 138 156
31 137 171
15 190 237
92 11 165
93 181 281
4 89 105
8 90 116
57 178 235
37 78 225
25 9 38
72 48 121
57 122 181
31 18 54
68 117 187
68 107 225
94 133 233
3 119 177
67 115 372
2 43 190
88 116 222
67 140 244
18 20 98
55 20 115
13 23 77
2 105 108
94 2 98
44 147 197
20 103 135
63 98 165
28 52 89
45 45 124
20 1 60
52 12 126
97 130 248
