480
51 141 196
59 67 139
22 171 193
20 122 155
11 121 162
2 115 125
77 1 241
71 155 232
13 63 94
45 73 258
89 88 214
86 35 209
45 54 255
91 112 276
35 79 142
23 115 169
62 90 194
6 42 61
49 11 62
61 153 232
80 98 331
18 70 100
36 77 118
67 129 229
11 136 298
3 103 119
9 67 166
16 76 99
93 129 249
53 155 388
55 20 83
96 155 412
22 172 218
71 63 177
18 160 178
80 112 232
37 122 189
73 86 258
1 11 203
78 59 257
95 171 459
39 47 91
1 77 142
67 176 274
100 16 122
51 138 193
36 54 240
40 4 47
7 111 126
68 84 159
40 153 247
8 187 229
1 11 14
49 0 237
72 199 275
73 188 306
3 19 61
9 134 144
69 155 268
80 23 123
63 12 86
55 51 210
88 77 170
71 40 227
66 115 226
51 168 254
83 28 133
27 67 116
20 88 242
21 199 222
51 77 134
42 122 166
94 148 252
52 179 280
75 8 114
20 130 337
34 26 117
1 166 265
11 24 44
73 142 215
41 79 197
23 158 314
32 73 149
23 26 55
82 135 279
65 45 119
59 182 247
95 25 122
21 88 112
24 56 93
14 92 253
72 121 202
33 173 252
45 33 109
100 63 172
2 58 255
72 200 281
63 1 67
67 89 249
99 65 317
29 104 172
85 29 124
90 63 162
56 27 126
60 93 188
43 96 146
70 45 122
62 43 112
8 112 123
78 7 102
38 14 81
34 165 200
31 144 199
22 128 172
62 17 109
63 181 318
23 86 209
2 11 54
33 99 166
70 48 123
77 48 132
13 126 168
13 72 90
63 111 176
20 102 156
20 184 208
79 27 106
71 21 105
17 140 163
35 58 120
63 123 189
43 8 75
97 166 297
24 51 81
43 35 166
77 48 166
69 22 91
94 25 134
21 71 95
89 175 312
33 164 205
68 187 255
45 178 223
93 189 286
73 134 214
79 60 179
12 166 362
94 34 130
19 52 178
86 20 112
40 7 127
76 134 216
39 198 275
82 179 308
11 173 187
15 167 353
61 47 129
44 57 116
43 111 260
88 34 125
72 196 331
95 200 374
55 15 112
78 89 249
42 43 95
25 29 69
1 140 177
24 190 279
65 121 191
58 129 369
62 128 198
93 195 297
9 36 65
75 168 331
76 105 220
25 151 182
30 12 45
96 155 272
67 111 219
2 126 159
98 15 153
98 167 310
88 18 113
90 17 124
77 159 253
64 188 254
83 91 209
100 195 330
57 62 204
59 166 314
92 188 280
58 160 358
37 101 262
14 194 212
14 164 187
30 112 263
24 117 147
21 12 49
68 8 81
69 154 229
24 9 178
30 198 251
84 86 201
55 159 238
11 184 256
31 130 208
82 154 255
59 118 180
7 152 160
20 69 103
78 49 165
82 115 235
59 181 244
15 53 258
70 62 140
54 55 277
32 174 380
35 91 131
53 13 84
32 199 251
98 54 159
53 117 369
43 32 269
20 4 29
25 157 205
84 180 347
56 171 231
81 142 253
50 27 159
21 132 157
99 156 256
54 111 252
82 66 176
35 80 160
83 100 189
81 182 393
68 51 156
40 190 373
58 70 129
7 199 214
4 103 114
53 56 117
57 197 263
13 67 81
83 168 256
92 194 290
93 73 194
19 30 66
13 141 162
18 189 217
27 105 181
37 166 340
93 0 137
4 115 131
85 25 115
30 10 44
86 74 162
94 111 206
68 8 131
66 82 164
5 158 169
33 126 218
11 159 174
36 70 106
16 26 47
56 197 265
40 83 126
29 189 271
10 49 232
98 94 347
97 60 160
97 153 261
30 28 111
15 126 179
31 134 203
19 119 145
12 136 165
94 85 371
12 52 152
8 54 72
5 31 43
7 6 18
83 104 223
60 94 200
90 184 329
94 36 140
70 200 279
65 164 233
81 0 113
11 119 166
11 1 25
67 162 328
84 62 149
61 151 213
97 149 288
27 126 163
47 47 240
79 93 251
10 110 129
92 135 259
64 30 142
80 168 371
81 54 279
96 197 317
28 39 71
1 66 225
48 9 185
76 35 255
15 10 38
100 80 310
98 175 300
34 198 247
81 126 225
97 67 206
7 75 104
94 170 292
61 167 394
83 110 211
32 72 247
12 64 96
65 43 127
33 175 371
27 148 181
39 105 258
23 7 54
7 5 157
29 122 272
16 180 262
49 108 161
41 33 250
31 34 95
24 107 169
4 46 51
92 172 288
99 6 111
86 152 246
54 199 370
65 30 105
73 100 175
89 56 146
63 129 235
10 173 186
75 136 233
46 193 244
99 121 257
88 78 200
70 40 110
55 37 134
77 98 181
9 115 203
91 38 139
6 80 266
86 14 167
94 190 304
1 81 257
20 118 167
54 197 267
17 197 222
81 152 241
70 83 153
85 87 185
60 90 160
79 92 319
10 143 160
30 8 53
18 155 262
27 96 263
43 22 73
32 175 376
8 187 198
83 168 258
42 110 290
35 177 220
80 132 220
56 27 93
26 32 98
32 54 121
61 192 254
56 194 272
73 24 136
67 160 339
65 89 233
14 189 402
97 109 259
11 15 192
37 139 182
51 98 160
66 133 335
82 150 242
64 109 181
26 195 392
57 53 120
2 1 158
55 74 248
98 77 176
52 18 79
89 19 118
74 107 190
1 175 181
2 84 178
75 110 232
91 21 113
94 12 114
7 115 130
68 86 168
89 101 333
94 87 188
97 60 220
11 27 184
35 104 338
93 129 224
7 85 128
74 182 311
51 39 226
39 162 202
48 166 217
8 172 180
32 8 97
33 129 171
66 20 93
74 30 112
17 183 308
48 115 213
52 7 253
89 102 208
86 138 231
80 163 257
95 51 210
25 15 49
15 49 68
11 71 91
31 139 180
12 108 121
35 113 324
55 71 195
16 74 95
47 131 185
23 23 177
86 37 268
99 6 152
36 89 173
7 80 125
70 108 225
99 49 171
28 17 86
78 133 264
57 79 169
76 89 174
52 42 105
17 8 65
85 146 264
16 197 220
45 99 147
88 110 322
22 22 50
1 45 195
3 157 164
89 10 234
25 16 113
5 99 121
95 19 124
71 161 262
55 112 171
56 132 198
78 175 295
30 113 213
68 102 191
53 97 156
72 117 218
45 167 244
49 179 261
38 143 245
40 82 125
100 80 189
8 81 183
22 66 123
73 46 119
85 143 231
47 88 179
25 174 199
