870
47 23 75
6 186 240
57 46 139
12 81 99
87 56 203
47 46 116
42 172 222
96 47 146
3 105 111
88 5 99
84 44 128
61 26 230
11 194 306
94 8 105
36 27 220
45 2 63
90 197 308
80 136 363
21 35 100
24 39 237
81 200 319
98 132 237
4 63 80
54 172 323
16 105 123
42 78 254
58 79 229
44 177 266
54 61 290
65 107 196
93 167 268
33 121 162
18 156 252
19 38 65
99 19 288
97 141 287
62 87 151
96 92 195
86 111 238
38 34 192
39 195 263
74 141 259
100 77 184
35 152 194
12 66 264
11 18 30
50 76 127
36 116 156
6 90 123
76 52 134
2 94 101
46 40 122
71 125 239
3 108 122
16 98 124
72 169 267
75 97 187
36 165 225
76 73 154
49 28 77
11 75 206
81 87 169
9 141 157
26 83 160
76 135 249
10 184 197
81 14 97
49 199 295
37 137 177
96 107 227
21 56 184
77 179 282
70 31 110
57 105 199
8 143 320
31 104 210
66 110 209
67 136 274
15 21 46
25 52 106
38 76 120
59 19 86
58 126 377
53 74 265
25 63 212
35 148 198
23 13 55
89 20 116
43 150 346
73 151 302
77 119 232
64 147 218
29 145 175
74 44 147
13 188 244
4 65 206
35 3 45
70 23 97
61 189 261
91 146 269
61 6 105
79 140 320
3 135 183
33 69 252
58 15 106
72 115 221
87 133 224
85 60 183
85 16 137
90 151 249
2 196 210
51 8 85
86 190 313
16 56 75
41 110 162
95 200 302
82 48 241
2 178 214
78 134 310
48 141 228
54 43 124
3 56 85
58 62 151
100 190 295
68 13 119
19 197 261
37 48 257
32 69 256
47 51 228
48 24 119
82 137 411
18 89 110
28 121 293
71 15 87
61 108 347
5 186 200
40 21 71
41 122 171
69 29 126
77 28 114
94 64 164
72 146 218
7 42 93
57 182 266
6 176 204
37 122 165
8 47 175
74 92 340
36 187 253
55 22 82
67 173 249
37 116 153
30 77 134
1 30 33
6 130 156
64 33 130
53 60 113
13 94 153
20 167 192
75 47 123
40 105 147
60 80 182
46 126 180
1 119 123
51 162 248
5 22 55
90 134 234
57 61 122
33 9 139
21 147 353
56 35 173
90 153 407
29 5 134
44 80 279
70 19 95
24 8 32
22 176 223
71 154 234
85 75 166
77 132 229
64 184 343
10 47 222
30 10 85
66 106 183
16 199 293
14 14 31
21 33 103
60 13 162
26 178 299
56 23 237
94 68 167
18 100 210
46 145 194
28 61 96
43 50 164
83 93 279
68 142 284
47 33 91
32 136 170
18 184 290
19 139 186
70 167 237
99 73 191
33 26 108
3 74 229
43 193 236
54 164 253
99 198 305
86 154 242
75 83 166
69 188 328
40 75 140
75 142 377
41 3 75
4 19 33
48 11 68
27 125 152
85 28 254
21 185 231
92 197 393
2 64 107
8 197 205
34 172 233
52 23 77
37 28 84
53 31 92
3 136 140
87 36 212
21 155 182
64 94 168
62 3 74
79 191 274
15 158 199
31 4 40
26 168 206
40 76 179
35 146 188
70 154 249
83 12 113
53 10 100
22 193 342
7 65 78
23 151 176
19 30 170
86 43 132
87 189 321
85 95 190
53 58 218
7 36 53
92 46 153
90 118 258
18 102 136
56 100 163
79 120 246
64 14 79
23 80 111
36 117 168
35 182 266
71 143 325
61 66 161
15 10 60
88 156 293
71 197 270
80 28 157
59 45 126
11 141 167
21 7 30
98 164 267
13 172 192
77 150 265
78 144 373
50 139 227
66 20 88
65 3 70
66 136 268
47 169 240
91 47 151
21 9 37
15 23 154
33 111 222
40 64 177
70 50 124
59 89 301
40 174 327
62 3 140
100 24 129
100 162 265
28 91 136
65 118 190
95 143 248
57 40 186
60 108 178
58 89 229
88 117 245
53 197 251
33 17 50
84 107 197
79 173 284
83 181 288
4 15 23
38 104 151
62 101 163
95 142 247
33 89 230
70 86 164
86 79 170
75 14 109
51 6 95
21 46 217
61 79 141
62 4 92
67 35 139
59 184 250
23 114 178
81 116 219
72 167 247
56 93 153
43 160 244
87 194 421
5 96 106
55 162 262
72 160 233
74 70 147
16 2 181
94 45 171
60 89 157
16 11 27
75 152 232
23 55 173
78 113 227
86 42 131
34 99 235
32 106 144
8 91 108
68 160 368
23 45 203
56 68 167
61 148 239
45 50 99
29 118 195
26 88 122
89 100 317
90 171 269
7 74 130
86 28 249
30 199 355
3 199 211
20 142 180
29 100 157
41 37 270
30 89 307
17 131 309
46 51 114
2 163 170
38 134 178
97 48 159
9 26 72
60 118 224
77 22 107
20 52 114
35 47 244
11 200 392
78 9 93
33 138 194
63 127 196
25 35 72
78 7 91
12 168 332
89 26 284
24 22 83
22 70 131
70 103 311
67 200 319
70 43 116
56 39 103
2 197 232
89 49 138
47 151 223
75 97 172
27 103 137
81 53 134
28 186 319
47 86 133
22 33 80
18 6 56
89 185 315
88 163 285
3 126 138
30 69 108
97 61 200
80 93 239
32 165 206
77 173 338
98 56 184
77 47 134
58 152 258
61 9 72
22 184 256
46 116 163
69 101 189
75 106 378
88 158 436
100 80 190
83 58 190
50 90 180
75 4 102
48 122 280
11 151 257
83 117 200
61 23 93
22 157 328
7 86 98
22 96 212
26 196 405
13 81 98
36 102 181
94 133 234
82 23 105
43 81 316
94 140 239
100 193 302
93 32 194
28 103 147
15 23 62
10 56 72
23 118 151
55 197 252
82 161 277
4 131 144
51 195 268
7 29 45
68 31 103
36 142 361
40 105 163
66 87 224
95 46 146
34 89 124
13 98 145
87 186 312
75 23 102
73 94 193
96 105 202
47 76 125
17 140 165
1 143 146
88 176 266
98 85 369
7 61 70
11 160 178
53 189 245
100 88 190
20 50 94
63 183 443
93 0 93
81 120 206
53 198 427
79 39 284
24 41 160
4 144 171
70 123 203
59 81 166
19 35 57
5 163 204
5 191 196
98 131 400
14 179 239
84 29 113
95 19 116
39 134 212
89 122 342
2 153 170
20 31 176
58 171 236
98 36 137
53 7 114
98 199 391
30 78 303
93 29 143
67 66 134
12 116 159
27 108 145
33 88 147
64 106 173
62 93 312
56 21 109
4 6 16
13 94 112
30 115 150
57 132 189
9 33 79
56 70 301
44 54 105
93 114 208
66 173 322
12 198 230
58 123 295
41 28 90
53 168 222
56 170 236
84 105 190
97 30 131
41 103 194
44 68 133
61 52 117
86 14 123
24 51 125
19 42 65
3 28 67
4 160 253
59 144 213
74 96 210
39 11 67
15 9 33
1 134 173
88 174 268
67 37 104
2 47 94
44 175 401
69 36 186
4 5 31
40 186 275
80 18 222
78 27 226
38 182 289
67 7 249
41 164 214
64 118 208
13 132 234
67 151 225
45 149 382
94 67 166
54 44 143
72 60 132
39 38 97
96 97 196
23 24 75
10 101 111
64 174 259
13 105 151
41 154 195
41 199 326
35 141 185
30 104 142
17 49 88
60 30 126
65 190 268
91 175 283
94 196 337
11 140 211
100 25 147
50 129 239
44 176 243
13 160 191
100 130 235
67 165 249
88 56 166
76 37 296
75 17 98
16 83 141
69 71 328
69 129 258
93 73 176
6 190 236
26 109 139
35 106 154
18 59 83
93 160 258
91 199 424
38 166 208
17 196 223
39 174 218
38 97 195
63 103 186
99 172 284
6 152 188
90 52 186
57 73 138
58 108 221
47 34 84
33 196 250
85 142 236
23 126 156
32 182 238
49 54 109
91 93 195
73 105 203
45 112 237
87 172 299
71 157 237
82 134 218
42 55 145
28 140 215
65 90 347
21 74 105
28 133 176
89 42 246
11 2 21
61 198 435
49 20 78
78 178 265
21 175 198
44 7 67
21 119 293
84 49 143
77 44 126
76 160 241
37 6 47
85 17 107
96 62 178
5 62 69
39 174 213
16 166 240
30 195 231
62 198 265
54 133 196
3 181 232
96 101 200
32 67 131
38 2 89
88 192 283
52 53 108
84 10 150
44 125 343
41 73 122
37 191 238
47 26 208
31 162 256
79 127 406
68 93 295
15 165 183
2 21 31
69 33 107
71 170 251
37 38 84
77 144 223
68 192 276
47 72 124
89 174 302
31 73 131
75 128 237
95 64 330
3 23 28
52 79 205
48 83 135
95 17 115
48 66 221
66 113 183
42 83 126
89 9 140
39 169 230
71 149 229
13 32 47
86 164 256
97 186 290
87 111 230
35 33 82
53 92 271
27 132 204
3 21 169
8 20 222
48 9 59
75 81 161
74 93 212
3 116 214
9 178 242
63 154 227
79 198 416
71 83 165
8 37 49
81 88 170
84 56 140
53 89 148
6 47 58
86 175 302
4 163 315
83 17 107
3 110 116
25 121 291
87 41 172
63 64 212
7 126 139
31 110 159
70 172 252
89 145 241
76 162 273
1 149 151
53 83 156
65 9 120
99 41 142
25 12 73
25 136 210
49 14 90
4 36 204
7 103 116
62 99 165
89 195 284
75 163 252
50 120 178
59 175 239
16 0 36
6 49 90
56 91 163
65 54 123
79 160 249
9 124 145
60 5 172
98 24 126
87 79 195
52 85 157
11 5 99
83 161 423
88 92 184
38 146 184
2 14 96
66 2 156
37 13 67
23 127 168
28 140 173
51 171 270
56 180 241
36 173 211
25 193 240
43 30 135
93 156 281
88 55 144
79 159 282
72 169 376
88 82 195
98 124 225
94 126 220
80 124 212
93 191 379
39 138 180
20 183 214
74 101 325
77 157 244
60 166 239
64 128 227
82 176 259
36 156 192
94 161 290
5 114 131
58 136 208
4 38 65
98 38 138
43 119 169
14 150 169
79 170 357
2 125 185
89 51 330
5 45 76
59 99 192
77 140 308
32 64 97
51 50 149
13 97 111
2 123 159
42 110 156
48 155 232
37 192 288
62 79 145
98 199 342
7 16 30
10 193 211
54 63 191
6 26 35
21 80 139
75 177 290
71 186 260
34 31 70
83 180 268
28 110 291
20 83 150
75 100 183
50 78 162
64 172 243
34 160 202
3 21 188
9 19 35
50 80 212
5 114 123
79 113 220
74 173 257
6 45 53
15 105 293
23 0 69
58 133 228
71 22 168
71 64 247
65 153 261
4 154 166
65 44 303
45 196 241
50 38 168
42 72 117
94 117 393
76 146 228
75 167 252
46 82 177
30 176 238
92 50 180
27 45 72
89 109 297
77 41 118
89 113 209
33 152 194
3 187 254
49 160 209
72 161 393
33 100 139
60 194 269
47 125 184
91 105 391
94 162 258
37 68 288
22 99 121
79 29 154
93 72 199
37 139 320
30 108 209
60 190 251
39 13 60
41 0 88
100 124 231
40 93 222
42 167 213
5 61 150
26 36 166
100 111 211
83 19 104
5 72 78
71 198 436
56 165 228
20 57 129
88 130 338
98 53 157
67 24 141
85 160 253
6 184 336
58 73 147
90 40 130
96 118 229
88 159 379
81 94 182
84 29 114
97 51 190
96 162 266
34 174 221
35 186 261
75 167 246
5 85 97
51 52 171
18 60 88
95 19 152
97 131 427
95 161 423
29 12 67
87 107 203
58 104 179
38 21 74
45 48 163
85 166 315
62 101 187
72 180 260
100 171 314
61 14 82
10 141 175
70 86 331
78 152 249
76 52 201
