970
65 161 301
19 70 95
63 75 155
39 48 125
70 145 272
24 132 264
79 58 174
33 62 95
100 154 260
33 164 216
98 127 262
49 15 74
31 194 228
71 140 212
20 158 226
10 54 216
16 185 211
7 183 230
26 83 292
29 172 251
99 35 140
65 83 185
78 85 192
64 4 72
89 148 358
71 68 246
84 109 234
23 90 248
86 84 192
74 75 335
48 82 133
77 65 159
73 179 262
82 74 194
39 103 142
99 112 242
36 183 225
66 2 76
55 94 157
4 92 143
65 0 74
2 177 184
43 169 217
76 43 125
43 180 420
86 144 236
30 168 276
75 96 195
10 184 242
10 178 188
2 164 170
5 45 194
85 25 116
89 174 379
94 141 236
66 12 100
80 159 242
7 75 252
18 89 227
64 39 160
49 132 346
42 157 202
31 198 233
89 60 198
23 92 122
47 37 92
55 143 221
49 129 186
56 22 214
9 38 55
81 95 186
40 150 208
68 166 238
33 160 240
79 76 302
15 76 119
70 169 302
96 187 284
96 12 151
56 143 246
76 119 196
39 155 199
56 107 169
57 176 269
95 196 338
42 44 117
25 16 110
56 67 127
14 79 96
6 20 73
29 50 79
66 23 93
7 116 235
28 115 152
56 13 117
38 186 274
95 47 184
5 190 372
88 13 110
97 44 143
25 169 201
14 137 152
66 58 124
40 66 106
25 183 214
5 109 126
67 38 256
28 121 277
57 176 243
1 58 66
82 50 132
85 130 225
67 131 382
2 21 53
36 51 227
90 145 244
76 47 127
92 18 113
60 157 341
59 102 166
54 12 110
10 180 199
71 37 112
36 110 151
64 146 218
38 94 141
33 125 159
31 70 109
34 85 128
38 32 76
16 136 246
7 158 176
87 164 411
75 69 144
12 175 219
53 64 118
47 165 227
54 136 294
51 156 306
33 176 302
66 78 153
47 130 310
44 57 108
74 113 207
77 97 327
73 44 178
11 109 315
32 111 314
61 66 129
6 37 229
11 31 214
20 66 86
3 56 66
56 121 177
5 156 165
50 185 243
27 105 141
33 126 244
28 50 114
79 47 136
81 21 227
53 121 208
67 178 374
89 76 175
1 70 81
55 66 154
86 15 103
97 63 164
24 65 97
27 74 102
3 12 110
85 174 323
30 159 375
97 98 346
78 14 102
82 54 191
9 87 262
11 161 365
82 163 246
90 22 142
77 21 119
90 168 263
33 127 191
64 158 399
84 29 167
1 97 185
89 59 183
49 148 203
41 126 170
50 28 93
5 65 73
16 142 163
40 125 351
58 23 220
66 174 380
68 10 86
18 157 185
70 45 131
93 133 303
23 111 138
12 98 153
93 92 190
81 140 222
91 65 334
31 77 146
61 78 143
26 179 223
83 50 140
52 42 94
23 76 219
94 17 114
77 3 244
76 28 300
33 171 365
86 12 148
96 68 248
46 61 140
47 57 187
60 61 123
12 97 258
11 154 165
36 175 230
77 11 117
58 91 173
89 191 344
57 174 413
50 137 195
90 7 101
29 69 109
3 3 10
72 143 216
8 156 329
85 31 161
31 95 140
10 9 155
40 65 114
88 83 178
35 174 212
70 52 125
25 198 257
51 65 269
25 54 81
65 196 271
66 11 120
39 112 340
25 179 235
75 101 245
89 53 144
36 78 127
31 9 70
78 98 207
30 91 130
92 4 96
27 125 168
66 119 221
52 135 187
46 42 89
6 66 196
17 28 47
53 123 204
4 108 188
50 70 283
76 84 174
7 59 160
15 101 139
49 0 84
32 175 266
53 119 295
28 136 205
61 138 199
28 71 116
88 74 203
48 172 227
31 166 215
77 87 169
75 8 222
52 137 203
98 30 209
66 129 214
50 6 240
96 114 218
50 91 145
91 149 430
55 138 193
12 72 280
81 42 128
39 39 84
58 63 131
41 75 116
45 113 228
43 133 298
100 139 245
3 18 28
39 193 238
65 126 200
2 173 175
75 65 330
48 37 99
24 104 156
9 63 77
81 14 99
81 53 160
88 13 128
55 49 110
71 57 128
7 10 53
64 74 162
20 172 228
31 193 257
77 105 199
60 78 174
86 58 301
22 143 203
93 40 165
45 2 62
61 167 263
23 67 95
71 167 245
44 168 225
76 102 215
99 190 400
37 35 103
82 92 176
79 10 153
72 7 80
14 137 192
91 170 290
21 6 218
83 71 162
80 47 133
43 3 49
57 30 190
92 60 187
94 5 100
43 189 238
35 38 77
46 165 250
92 130 251
100 56 216
36 186 285
64 111 210
50 65 300
20 20 54
58 133 335
80 116 198
88 56 144
100 188 296
18 14 42
90 195 288
70 155 225
9 101 113
38 56 170
60 22 92
69 71 143
66 186 258
33 188 258
76 70 149
31 101 251
17 115 150
23 96 127
74 42 144
80 77 294
38 108 154
28 102 131
83 58 149
3 108 117
20 4 24
11 17 31
21 46 89
92 14 129
55 160 246
7 5 21
54 25 82
7 69 78
9 17 49
38 36 108
60 129 197
13 16 35
66 32 127
19 192 236
75 94 299
98 29 129
7 117 308
84 48 167
74 146 224
84 2 94
34 153 248
44 152 310
43 53 125
72 4 116
26 149 181
97 79 198
34 52 88
67 121 208
91 146 330
6 13 208
7 75 205
24 81 267
70 125 202
59 185 293
79 88 173
80 98 208
45 170 240
12 169 187
70 36 151
79 53 157
1 100 136
19 5 58
50 8 59
73 157 278
92 187 338
39 168 207
94 69 165
13 123 146
98 53 161
63 182 272
42 39 107
91 136 280
22 35 67
1 31 49
74 86 167
96 111 207
98 86 194
38 125 166
80 88 173
65 92 159
80 166 254
29 123 158
51 69 125
91 103 330
86 127 218
5 82 89
26 196 264
1 106 139
30 122 158
87 104 346
100 33 183
59 40 100
61 125 383
100 135 367
63 72 136
24 80 196
85 84 221
81 75 163
23 47 156
97 43 181
14 137 153
91 14 151
97 144 410
12 38 94
82 117 204
94 36 136
8 140 159
20 5 189
66 58 127
38 191 359
96 155 273
89 161 319
100 164 266
5 150 163
19 19 77
95 199 299
75 130 365
16 34 91
76 158 268
39 149 195
37 125 169
60 139 207
34 109 322
99 132 256
63 170 265
28 157 324
92 34 174
5 16 53
27 43 97
55 68 157
53 117 173
22 144 178
1 117 122
55 133 191
68 186 258
32 32 65
76 184 265
67 4 74
86 141 251
57 198 264
50 58 112
33 71 284
32 61 142
95 183 337
26 106 279
41 154 283
42 151 303
48 10 91
59 149 208
9 72 111
98 177 281
33 82 164
77 94 286
32 27 89
79 129 227
32 31 68
42 156 380
12 48 68
14 142 348
55 66 129
88 17 265
39 83 126
22 86 118
64 72 207
50 7 104
94 54 154
85 145 275
96 27 166
59 196 290
23 144 177
55 195 266
6 159 207
44 59 104
9 76 231
1 72 76
42 128 367
73 159 253
76 28 110
79 161 242
17 192 209
100 73 178
78 147 343
76 193 277
43 141 353
71 177 255
87 48 276
32 59 92
80 100 181
2 57 82
37 60 202
46 96 146
42 51 98
43 81 144
39 152 192
24 26 54
93 87 209
62 57 123
19 163 262
46 70 120
79 36 308
37 115 166
53 20 114
43 103 240
88 174 309
84 24 135
88 75 190
74 28 112
35 90 135
12 166 234
18 9 37
47 14 135
12 85 118
4 108 121
42 169 242
100 109 210
68 6 77
70 199 305
33 130 191
51 158 338
56 38 104
44 120 164
73 140 226
69 51 193
89 170 295
77 33 180
13 145 322
67 69 159
64 106 180
56 21 80
48 7 61
47 75 132
32 101 164
96 63 182
76 62 143
80 189 272
87 105 192
12 195 251
75 179 261
75 136 231
27 121 181
25 78 111
56 105 179
35 198 274
46 167 219
41 108 324
49 42 95
67 118 185
68 158 367
21 17 42
48 4 60
61 87 171
41 148 378
96 16 145
24 188 218
55 4 198
94 126 241
72 157 249
41 148 212
28 196 234
41 148 228
41 152 301
85 189 274
72 198 293
5 133 236
4 59 173
76 61 139
67 16 154
66 53 181
21 100 125
27 181 225
82 26 116
50 148 207
95 112 349
20 45 74
64 66 170
34 119 161
83 165 265
87 124 220
70 2 210
24 196 358
50 177 386
78 88 174
55 61 121
35 123 161
74 80 159
14 12 223
91 153 385
21 83 111
69 42 121
83 150 272
94 177 275
9 123 134
17 157 225
61 25 120
93 65 163
51 18 69
30 112 144
79 191 275
54 11 79
62 159 412
14 106 127
68 198 290
26 179 209
28 47 83
53 83 137
20 133 198
38 6 62
77 92 202
65 45 223
26 200 242
49 191 295
12 171 207
23 66 250
92 118 221
24 98 126
3 123 159
57 90 153
85 127 215
61 76 138
18 194 217
1 106 147
90 156 253
63 169 265
58 187 416
48 154 218
52 151 243
81 4 176
44 143 189
50 57 122
62 152 230
23 156 180
75 2 105
50 88 159
7 151 325
83 25 117
75 45 153
20 101 148
57 101 170
4 8 202
91 87 333
44 191 245
44 75 145
26 61 258
74 156 289
19 138 166
67 67 202
37 92 329
77 141 254
51 24 273
4 120 242
75 197 348
80 56 178
10 152 172
29 24 57
81 65 280
49 81 168
23 6 78
27 58 95
87 13 150
100 156 261
97 3 108
53 142 197
14 4 18
76 164 256
39 107 237
36 78 136
80 10 117
28 165 203
60 181 416
59 78 172
71 86 173
68 49 127
98 23 129
90 34 131
70 147 336
81 104 195
44 156 206
48 21 91
99 154 301
33 4 41
97 97 198
33 50 105
77 62 140
65 44 130
63 145 213
72 174 349
10 107 127
58 151 233
99 47 150
84 198 316
8 181 318
54 104 159
75 172 261
32 110 164
90 98 223
62 190 302
31 5 36
88 158 255
5 51 109
2 82 88
74 76 347
69 15 255
69 129 233
74 99 302
84 67 153
66 166 233
49 129 284
6 35 187
84 57 302
22 25 57
1 147 158
61 110 196
96 147 433
17 99 141
1 75 79
35 37 122
68 101 170
31 89 286
52 21 80
16 80 160
36 69 135
49 85 181
64 159 233
70 151 246
53 117 170
79 126 213
33 4 47
75 20 96
33 172 229
47 133 184
84 159 258
38 116 174
13 178 279
84 92 321
56 102 352
23 37 176
33 67 293
51 188 328
19 136 155
51 120 203
83 120 340
84 148 280
63 147 216
98 132 239
18 157 252
90 25 275
2 20 211
74 33 116
7 196 279
83 26 181
20 113 328
52 189 245
67 46 212
95 164 264
66 188 254
66 184 251
24 133 166
11 51 72
89 149 238
3 75 226
36 192 243
48 78 155
62 178 242
3 115 121
23 41 168
12 54 85
8 15 26
68 40 165
78 18 108
62 27 123
2 174 215
90 109 205
73 50 161
84 34 125
49 99 149
80 109 197
64 43 137
17 162 180
25 173 242
2 146 188
51 25 82
79 180 265
1 131 152
96 43 148
43 184 231
79 182 264
72 53 142
12 155 169
27 155 206
11 188 207
22 34 90
15 56 81
27 184 211
22 13 75
73 18 96
53 190 250
8 127 137
63 167 385
50 42 131
95 84 279
49 141 200
84 154 280
7 95 195
4 150 166
56 93 185
87 183 315
3 86 90
4 186 315
23 164 203
67 195 289
34 76 113
31 191 363
36 0 36
28 13 51
71 112 213
82 83 165
28 103 167
21 88 116
81 8 269
26 75 145
7 47 67
34 141 178
13 23 106
15 118 140
31 145 179
19 3 25
28 1 29
56 99 190
6 75 121
50 21 250
98 159 293
7 190 215
12 87 115
4 21 32
90 1 120
16 90 115
64 133 206
57 94 154
48 110 158
11 60 102
7 103 118
74 132 348
80 114 311
15 142 162
65 63 133
30 13 48
61 166 232
91 126 261
76 89 173
99 176 304
10 194 229
46 113 179
20 143 168
74 27 111
2 20 173
17 188 215
88 132 229
98 86 193
91 60 188
32 28 69
24 68 234
11 178 203
25 105 158
89 193 292
89 22 117
54 147 255
16 65 174
4 154 184
90 34 191
91 98 192
40 138 220
13 1 14
49 64 116
63 143 212
79 2 252
54 182 242
98 105 209
30 34 69
2 197 203
60 180 396
35 164 225
35 43 116
9 71 261
21 115 279
29 37 74
2 122 138
38 36 112
10 70 100
89 132 225
75 174 249
21 140 213
92 183 306
2 46 77
5 148 162
97 67 169
29 101 170
27 74 271
71 137 234
37 188 254
60 92 153
65 192 403
16 171 191
36 152 196
82 108 211
77 12 125
100 193 308
33 18 78
80 32 128
67 54 131
2 105 111
99 121 367
94 187 294
33 70 135
99 198 470
32 155 197
3 39 51
92 125 247
96 84 195
81 19 149
80 176 455
27 191 226
80 163 243
78 12 131
30 8 42
