510
22 87 158
84 31 190
61 135 236
74 173 298
73 72 177
6 12 56
44 34 225
60 55 157
2 136 159
19 82 164
9 74 111
18 178 285
72 24 150
37 12 57
6 166 251
32 32 70
58 109 198
28 53 89
82 21 149
59 170 239
33 92 214
80 82 192
8 178 222
78 40 143
63 147 211
46 143 206
82 117 205
12 56 73
33 98 213
82 49 136
56 15 81
16 6 176
40 43 93
99 31 151
29 15 94
87 122 217
35 138 174
79 39 126
97 104 204
43 157 213
27 198 229
94 126 239
49 35 97
69 147 228
73 148 227
89 164 259
19 161 223
26 112 141
8 37 240
87 18 107
10 134 201
7 34 202
71 47 159
96 141 239
27 71 99
8 38 55
4 19 30
47 102 153
53 153 213
74 49 316
46 111 162
81 19 106
77 190 267
25 114 151
100 85 192
100 28 281
60 110 200
48 56 140
100 174 282
88 32 162
71 180 310
85 29 138
80 16 115
32 174 213
64 149 226
34 125 233
44 185 310
52 5 57
16 146 280
11 1 13
17 134 152
8 140 185
68 190 259
44 169 229
88 127 334
41 19 63
69 91 173
15 184 242
30 112 148
40 179 355
9 72 103
18 125 151
36 83 181
57 29 114
69 14 93
41 69 161
32 118 163
27 178 279
89 116 254
79 34 113
68 45 122
81 7 91
7 129 221
14 115 159
100 4 159
48 122 175
9 164 180
68 53 128
68 178 362
7 91 105
49 14 70
24 89 117
88 19 113
51 154 211
80 21 109
78 182 269
45 4 89
67 96 203
45 28 176
55 147 212
42 39 87
41 144 191
35 175 342
80 75 175
74 33 154
52 163 260
91 62 250
11 27 40
54 54 111
7 67 76
5 189 199
53 108 168
99 193 297
22 196 222
35 137 367
65 112 205
32 93 160
94 125 278
35 10 45
60 133 229
42 35 85
50 109 271
83 130 215
96 40 137
15 166 189
30 147 363
66 195 451
11 23 39
53 151 362
21 156 315
43 52 97
38 200 400
35 108 175
39 140 216
44 47 114
21 34 61
98 101 236
97 167 337
66 130 317
5 143 193
90 118 214
50 68 123
4 72 84
31 200 325
98 86 193
3 195 213
39 11 195
45 103 193
24 70 224
57 55 119
75 128 207
35 36 73
43 52 100
61 20 190
60 174 369
16 12 29
27 5 37
35 2 41
94 49 151
70 197 297
45 42 133
49 81 209
38 89 154
93 49 279
14 160 180
2 94 269
11 59 91
59 125 191
63 135 227
84 143 236
87 160 258
9 26 35
95 108 210
69 32 109
61 148 219
81 67 148
46 174 228
96 123 240
41 72 124
14 180 212
27 99 143
37 8 117
96 110 383
41 199 250
34 117 278
69 148 237
6 183 190
75 70 318
22 119 150
2 48 225
15 168 193
51 89 145
80 131 237
3 91 283
41 33 84
84 129 248
42 151 203
96 5 118
83 11 95
50 136 226
17 167 194
99 36 163
21 12 233
96 158 272
5 180 281
16 67 98
83 101 372
11 117 253
14 192 213
76 146 246
85 155 242
20 24 139
10 174 184
38 173 218
78 74 154
22 74 99
21 168 275
71 193 279
44 89 159
41 132 208
87 137 229
8 86 95
59 128 387
56 148 242
60 35 215
25 35 65
64 148 243
76 135 258
40 77 118
73 46 167
19 4 27
15 59 80
20 176 206
45 151 210
21 78 112
27 65 95
96 133 239
95 9 113
77 138 218
48 45 104
71 87 159
92 66 254
29 167 281
64 133 239
31 87 152
6 130 142
19 67 89
35 103 143
50 6 62
22 143 168
89 92 190
37 48 263
1 42 78
55 162 386
63 130 236
62 149 235
86 175 263
38 160 208
11 22 75
98 185 316
82 7 99
84 167 261
11 72 91
12 103 136
25 107 138
40 196 353
54 127 375
17 198 248
3 196 221
76 176 261
32 17 222
7 63 79
69 115 297
52 172 265
80 98 211
32 149 186
90 15 193
65 163 265
93 103 353
57 18 82
1 141 151
98 36 182
57 18 80
78 27 154
69 133 218
9 12 52
77 193 294
65 0 65
73 161 395
57 147 254
86 103 196
49 184 254
33 141 237
28 133 161
81 110 204
11 121 153
88 132 319
76 28 154
65 76 146
97 65 208
75 159 234
68 4 88
5 128 166
70 120 199
52 173 402
15 55 96
7 170 184
18 130 312
82 199 362
73 176 445
49 195 254
82 141 246
93 52 151
72 131 211
40 147 207
91 195 295
42 143 190
86 138 267
23 157 232
50 86 143
28 94 129
79 5 105
71 93 206
36 12 69
40 25 69
14 100 191
16 130 153
36 137 342
16 10 36
95 186 282
28 116 154
44 143 205
9 151 294
62 95 157
3 165 170
10 63 75
76 124 202
60 137 207
77 137 222
24 113 149
8 0 23
29 173 207
65 121 219
73 64 142
50 191 243
10 74 89
44 170 351
50 31 125
52 171 230
65 133 208
59 37 127
41 51 137
56 50 116
27 25 78
85 88 175
31 122 156
48 157 228
27 49 93
30 44 77
73 97 220
85 14 137
89 168 264
44 196 347
85 91 205
57 42 99
79 10 240
42 180 260
100 83 189
50 131 277
86 148 240
23 34 100
84 70 157
51 74 144
32 83 147
56 141 222
38 4 52
57 140 281
22 176 295
24 190 230
21 150 173
87 85 182
4 6 18
15 191 248
67 35 107
15 90 248
54 5 247
65 5 113
55 143 214
92 88 186
66 158 232
95 55 162
39 134 182
38 70 115
49 64 304
6 130 163
31 128 169
93 15 214
4 158 166
31 41 74
95 67 167
95 66 210
19 12 75
81 41 139
4 90 137
50 143 193
2 98 147
92 84 187
4 59 63
74 140 228
91 6 105
59 81 171
72 3 124
45 46 94
3 19 28
41 164 304
86 13 108
92 145 403
22 25 72
23 121 184
9 116 135
52 180 319
58 133 324
21 78 104
46 167 260
63 73 184
23 162 222
88 67 340
56 18 74
78 174 254
97 72 170
68 0 108
47 51 116
85 11 181
15 121 175
18 185 211
64 66 137
84 154 265
29 97 320
64 25 91
64 87 154
60 98 253
36 17 60
90 113 395
45 161 210
41 151 203
53 106 163
83 45 138
50 30 108
42 0 43
36 8 66
45 53 125
3 31 77
47 194 275
53 67 126
64 160 250
23 197 252
60 70 132
6 121 171
91 56 184
71 37 117
27 95 123
2 186 310
98 111 212
37 64 125
33 11 44
58 8 70
71 111 184
68 96 197
100 82 209
73 3 82
82 59 231
100 68 176
43 93 137
7 11 26
15 123 141
23 134 189
77 34 114
32 140 292
89 75 166
89 33 284
51 97 198
80 171 448
16 18 85
49 139 381
34 15 64
15 73 208
1 163 209
77 90 325
1 11 17
92 73 171
