640
27 41 77
39 195 241
26 83 111
66 140 321
48 115 173
21 188 209
98 65 246
88 2 255
54 195 292
17 182 204
82 86 169
62 199 445
48 189 265
20 114 238
18 43 107
26 15 74
63 42 139
3 182 187
12 18 121
47 167 223
64 2 73
61 182 253
76 51 164
53 138 311
7 3 52
45 157 383
36 96 213
77 187 312
6 25 42
89 76 190
54 175 404
27 107 143
30 130 181
54 177 237
62 24 219
25 165 197
55 144 309
48 34 165
21 17 47
39 151 193
55 91 178
56 85 185
55 148 210
82 83 269
47 36 124
72 56 137
38 54 188
23 160 232
22 67 97
87 38 152
85 98 203
24 198 368
63 159 222
4 23 35
61 182 244
80 61 161
32 4 43
29 175 247
40 163 203
77 194 317
13 138 296
38 28 67
95 136 241
47 79 158
87 27 302
62 48 148
94 63 196
100 148 278
11 175 230
60 29 289
29 42 84
80 146 227
32 163 205
28 23 59
51 143 200
32 198 232
81 82 353
98 128 226
12 10 147
30 115 235
59 31 140
55 159 217
58 137 199
54 67 138
28 127 160
46 74 159
42 32 76
39 2 46
6 140 184
65 146 212
15 166 292
87 141 228
74 58 156
41 13 252
65 96 187
58 28 194
65 192 259
35 86 213
79 87 166
37 144 291
72 50 137
93 81 222
56 174 348
66 183 249
10 123 147
68 74 145
25 113 263
54 14 87
33 93 200
52 46 101
40 109 154
38 45 105
2 112 128
5 136 250
41 138 228
96 43 181
38 108 152
26 21 88
39 41 188
95 121 258
58 186 259
3 34 220
100 98 217
50 178 252
3 118 163
69 40 115
31 6 211
56 133 198
45 144 198
4 167 202
75 98 357
35 195 429
38 68 123
99 123 409
10 40 204
9 59 221
74 7 96
51 172 235
71 154 285
25 17 46
66 161 235
69 23 113
19 111 133
67 94 211
13 75 135
53 71 316
100 32 143
50 86 149
45 22 68
62 24 104
78 77 293
18 5 26
1 193 199
29 108 144
70 175 253
26 189 234
71 58 298
21 86 113
79 33 116
47 4 129
64 37 124
85 167 254
66 83 150
20 166 350
20 43 64
41 188 381
38 98 143
64 143 234
68 95 261
13 134 149
2 129 294
81 137 230
64 95 159
9 127 138
86 11 107
35 119 156
71 100 179
34 113 157
71 167 263
89 125 217
45 102 299
6 171 184
63 125 250
6 103 261
43 141 196
84 104 238
92 3 218
44 53 214
49 148 247
32 157 196
100 171 318
27 54 81
5 106 133
67 181 273
27 59 268
29 54 131
90 77 180
92 59 174
13 191 209
11 108 166
11 25 38
74 188 267
41 47 205
96 17 159
85 69 162
61 78 335
62 156 232
36 129 173
70 148 236
62 93 218
70 169 257
73 126 246
15 42 244
57 108 280
72 48 239
46 149 283
2 63 75
97 191 297
64 166 237
72 85 161
68 176 265
35 131 167
71 200 274
83 82 206
39 109 342
51 176 241
55 42 103
59 83 192
32 78 114
43 186 242
7 13 83
73 179 328
6 77 115
58 198 266
1 194 259
79 175 261
16 152 316
19 73 106
7 25 226
70 106 182
2 78 185
30 142 182
46 115 162
18 31 59
92 77 175
7 176 225
2 172 213
56 93 183
73 191 273
38 64 201
9 138 315
43 89 287
85 2 87
83 131 240
85 94 354
77 148 225
46 30 85
26 149 301
86 115 202
49 153 317
61 97 206
14 96 220
19 76 172
91 78 174
89 20 217
45 197 287
99 21 293
39 92 163
18 167 253
29 31 199
78 4 86
21 53 108
17 145 298
38 24 147
52 35 120
95 173 314
49 118 174
54 101 187
4 91 127
83 53 141
57 174 237
7 108 284
39 47 111
91 101 329
26 52 215
60 116 295
57 177 416
22 90 123
60 63 128
66 26 99
61 155 412
51 115 204
73 120 339
95 46 312
42 70 121
79 84 272
6 121 129
8 17 189
35 133 197
1 114 139
86 41 133
3 16 190
78 116 211
6 68 77
85 91 181
88 54 180
99 93 195
85 199 298
51 113 168
71 70 156
32 95 127
93 108 228
71 126 338
93 148 250
65 40 113
21 96 315
57 74 200
71 46 304
99 179 422
75 2 86
29 119 162
91 157 271
7 11 48
10 7 60
63 82 174
52 133 385
67 64 163
40 199 255
41 43 85
12 16 31
23 126 261
85 84 369
88 72 337
81 59 144
9 125 286
12 181 252
73 153 231
6 22 31
60 12 102
67 189 304
51 19 75
48 124 370
21 124 163
66 189 265
74 17 258
18 16 77
41 28 212
76 55 151
44 23 100
36 2 38
9 195 211
55 39 120
41 2 100
3 180 277
5 105 277
90 178 272
6 186 258
16 86 134
77 176 333
21 70 151
39 197 244
50 121 199
18 53 103
14 25 205
36 56 93
87 89 184
15 2 35
54 37 133
21 87 117
63 52 121
75 62 264
9 43 66
9 166 178
78 18 103
3 115 159
61 85 153
72 55 133
75 190 267
8 52 86
95 2 123
64 52 123
74 169 272
39 24 190
62 64 142
97 0 177
97 155 385
95 104 299
42 192 242
5 11 22
79 88 176
40 51 100
55 164 220
70 30 206
50 21 72
85 85 318
8 34 44
56 29 246
75 125 219
33 183 239
62 200 281
98 32 140
24 94 126
53 42 254
13 28 157
5 121 188
45 58 112
4 126 175
99 14 113
87 118 213
6 84 96
71 22 109
52 196 263
14 142 162
26 71 102
18 32 58
37 30 72
53 41 221
76 180 434
53 21 111
92 97 306
61 38 120
68 53 287
50 67 120
43 57 108
14 60 116
45 38 124
83 137 221
44 61 167
34 57 105
93 183 282
4 34 40
85 35 127
3 0 4
87 17 133
51 0 59
67 67 144
41 118 176
33 192 257
16 124 147
31 26 97
64 170 282
15 136 158
11 46 64
87 186 275
82 5 113
42 35 82
65 136 205
39 21 62
59 119 209
50 140 196
74 76 155
73 161 244
85 165 258
33 125 159
78 150 372
84 120 212
81 50 315
71 60 158
66 153 251
40 171 212
6 198 236
31 72 106
82 89 171
88 158 382
64 172 242
59 90 189
74 33 112
49 37 111
32 102 334
54 7 70
16 44 70
26 104 175
77 127 330
44 118 248
73 142 219
92 160 262
58 112 176
56 115 241
11 172 218
16 52 74
47 91 141
75 145 222
78 47 308
77 138 223
2 11 23
9 111 123
5 55 238
55 151 211
59 63 317
85 32 121
37 19 61
17 99 150
82 58 241
30 184 220
90 54 183
31 137 210
76 116 211
33 184 226
86 124 259
74 174 399
60 178 265
32 63 100
27 140 178
3 108 284
30 195 336
80 151 238
7 63 95
66 26 263
74 36 123
60 159 229
41 24 239
44 15 67
65 105 172
7 65 79
50 9 60
83 125 216
89 123 321
92 51 143
2 39 99
72 88 175
40 114 188
86 135 225
87 116 225
45 170 216
42 176 227
3 186 238
75 50 132
18 25 44
74 97 219
67 92 162
44 130 350
66 145 211
57 61 130
20 197 223
33 108 284
89 0 97
64 109 182
11 139 151
21 74 98
17 123 291
50 73 124
9 100 204
59 134 263
1 191 210
81 5 91
53 175 234
47 21 84
66 52 145
62 195 295
13 1 62
11 65 106
78 171 269
87 143 234
31 54 87
50 117 170
31 35 181
50 173 344
34 125 166
100 149 268
85 157 388
20 16 169
64 35 107
37 104 141
40 157 383
11 48 122
58 171 236
81 88 177
33 47 89
16 1 22
90 179 279
10 30 165
39 147 223
28 174 293
2 88 197
66 187 349
45 87 136
64 83 155
66 155 291
11 177 217
32 161 196
32 135 196
85 47 141
32 134 313
1 6 16
41 149 313
51 195 254
17 9 31
50 66 123
46 189 245
23 18 51
61 57 120
73 177 250
85 84 177
100 152 364
92 83 203
22 193 225
3 84 130
25 171 204
50 1 182
18 71 94
8 0 11
84 87 185
82 7 168
38 62 122
21 48 194
56 175 239
95 150 249
48 147 195
20 96 120
51 70 194
12 107 125
98 177 282
75 146 321
11 116 158
96 75 333
71 200 318
96 181 309
9 87 99
16 197 215
27 180 214
27 11 58
69 7 176
23 22 51
93 20 140
81 85 172
72 186 414
61 118 197
99 72 358
12 182 202
64 22 88
32 74 107
56 50 222
46 19 67
58 115 218
25 87 161
54 53 155
82 10 258
71 61 308
83 183 309
40 155 196
