270
50 60 120
45 34 210
45 56 127
62 52 242
16 26 42
77 40 197
85 132 222
40 134 185
53 103 179
49 161 348
82 185 286
70 102 172
92 113 330
51 42 117
1 150 210
5 176 196
89 53 149
39 182 222
93 26 153
24 121 203
29 98 313
49 70 121
43 82 173
16 93 271
69 62 159
49 154 245
64 171 235
81 148 236
79 175 258
67 166 244
26 82 262
58 116 351
38 179 243
2 60 72
4 5 11
57 19 85
85 69 178
83 91 327
72 107 185
16 70 90
41 190 241
76 194 436
36 108 145
20 55 232
90 152 244
86 176 263
27 145 218
49 173 222
28 22 97
34 176 259
44 129 180
28 160 194
55 187 275
1 172 173
24 120 167
72 177 264
45 119 169
87 63 177
74 138 220
88 125 223
94 88 183
74 99 186
93 101 194
32 52 91
100 185 292
7 94 111
14 178 196
60 200 295
51 103 159
84 171 259
54 33 135
12 8 24
12 162 208
57 109 329
66 51 145
6 62 90
23 51 90
41 171 222
21 175 361
82 171 256
67 111 182
76 77 262
4 77 91
87 177 267
96 11 109
80 83 164
43 91 184
16 111 176
34 42 89
99 67 364
11 127 171
58 136 256
31 140 176
40 196 389
1 172 175
30 62 260
23 49 94
40 2 78
47 139 206
97 142 261
29 74 108
14 24 120
52 131 202
82 196 292
35 157 213
24 58 90
40 67 107
13 97 111
92 132 272
94 80 198
6 125 135
7 80 89
63 115 188
35 70 143
39 54 112
61 121 184
47 24 77
61 13 101
33 87 161
84 100 366
100 27 229
30 179 214
58 0 91
68 9 110
59 46 111
24 100 125
80 39 156
74 80 160
100 53 170
73 19 98
98 40 139
15 142 171
44 147 374
66 125 317
4 55 107
65 6 92
92 122 217
33 35 70
88 186 283
28 139 248
99 89 336
5 118 130
32 157 226
47 112 159
84 70 163
13 91 109
58 153 218
88 31 134
7 189 198
40 97 139
70 173 293
21 146 217
1 167 178
57 48 209
49 106 189
50 148 341
83 29 118
38 127 193
62 28 173
41 36 81
10 186 198
32 168 216
8 23 70
55 124 189
32 6 69
86 100 188
54 86 171
76 94 178
35 185 245
18 79 143
60 199 298
78 36 152
2 119 135
37 134 180
90 60 154
24 88 156
26 27 56
92 2 94
64 84 173
39 101 140
33 102 334
21 68 92
24 92 123
53 37 109
70 23 178
1 197 202
47 196 253
17 64 268
9 151 208
21 105 162
4 53 125
17 127 149
95 73 176
28 164 342
74 142 222
85 60 232
10 24 63
16 166 192
12 55 104
22 172 198
73 49 166
39 33 82
16 176 225
54 103 175
41 13 76
55 19 241
39 71 158
20 59 123
41 81 287
55 1 193
88 157 443
66 170 238
9 9 36
31 90 154
42 125 173
63 142 372
17 170 190
18 19 40
27 25 115
35 117 161
77 57 202
11 76 109
92 23 124
35 102 311
41 72 252
80 94 181
34 19 61
38 168 246
73 68 334
37 115 152
64 198 265
43 179 232
33 101 139
80 122 208
89 65 329
65 101 324
17 119 164
44 84 171
27 70 225
43 32 273
26 48 84
74 38 120
20 114 291
20 21 70
21 57 88
19 10 37
42 108 265
62 114 350
46 3 115
25 19 58
43 29 115
13 37 97
19 19 116
20 51 193
92 27 123
81 125 215
44 94 252
7 184 193
100 95 199
85 84 203
24 112 167
86 131 227
43 40 91
77 199 435
22 5 114
29 79 117
89 196 320
44 38 86
29 73 200
91 64 244
