530
29 46 106
36 26 74
83 69 156
89 36 300
63 180 252
21 83 110
98 120 394
75 142 402
52 160 339
27 151 184
6 2 38
34 142 181
90 151 248
78 59 173
67 102 185
13 8 29
40 26 68
98 92 192
85 100 327
11 132 152
27 24 223
50 49 109
79 170 252
67 42 192
46 126 182
70 196 439
51 102 175
78 188 274
19 44 69
39 74 134
69 103 238
100 75 182
64 138 245
67 124 195
54 100 154
24 27 52
21 89 159
4 10 38
76 78 157
79 42 135
42 147 270
65 64 255
68 188 446
86 175 263
57 19 79
41 100 147
28 116 149
62 28 227
71 6 101
10 72 209
95 92 225
58 99 196
83 83 352
75 191 269
66 115 190
37 19 184
75 121 223
93 122 265
96 126 250
82 144 235
65 183 256
49 188 237
66 152 253
46 29 101
57 79 139
36 90 270
8 6 149
34 196 233
80 139 266
88 184 274
91 132 226
38 8 57
47 43 95
14 189 372
11 166 368
21 73 127
51 101 182
53 3 72
57 113 207
28 165 202
76 45 124
17 12 36
24 32 66
35 76 123
50 61 118
40 79 143
75 67 149
100 31 315
68 144 261
45 50 101
30 5 81
63 3 88
94 46 198
16 114 151
3 97 126
44 191 237
30 55 92
67 114 188
40 138 182
31 25 66
92 56 282
39 132 181
60 71 131
81 164 249
72 111 201
44 188 235
39 115 202
19 163 332
46 23 94
5 190 196
40 24 91
28 120 150
36 120 159
30 181 213
73 45 240
76 111 246
75 51 215
82 35 243
46 26 214
50 6 56
12 153 175
40 75 176
9 162 175
78 188 273
91 35 157
9 97 253
25 173 201
17 127 335
15 109 150
32 191 225
73 140 244
70 84 161
91 28 128
66 140 246
1 43 54
95 146 283
21 200 237
72 67 141
98 122 402
31 97 139
55 106 163
25 195 249
64 28 137
51 20 104
4 47 79
74 178 267
23 56 91
63 92 155
70 22 100
26 31 65
37 74 150
14 11 158
32 94 133
83 82 168
14 1 27
19 80 143
3 3 43
86 135 387
2 25 39
92 167 267
91 136 245
48 198 252
16 79 97
43 94 152
37 139 186
14 116 228
58 29 96
79 2 83
81 111 236
69 135 204
68 189 273
33 117 174
72 81 169
68 52 126
55 89 157
9 120 169
42 127 218
89 16 197
43 164 213
43 175 307
52 161 248
71 18 93
30 70 213
80 168 253
54 177 263
64 115 185
86 131 243
51 158 242
83 0 92
76 136 250
1 74 76
60 135 239
4 58 67
94 138 242
63 121 191
87 158 271
6 177 211
19 135 154
21 143 168
59 9 73
10 163 193
50 127 183
88 14 143
54 80 150
11 138 154
19 28 202
90 167 261
96 10 106
88 25 132
38 15 97
5 72 267
10 125 139
93 13 220
29 162 203
79 95 305
92 5 137
11 114 129
31 186 238
13 75 88
94 146 253
84 190 275
41 53 100
60 29 127
45 90 186
1 166 176
51 45 102
72 106 180
26 14 227
32 196 278
65 120 186
23 152 180
65 65 138
48 53 106
31 185 223
91 3 103
70 32 128
34 138 204
52 33 133
64 58 127
44 62 137
37 121 347
19 149 169
71 11 243
33 7 43
19 193 238
14 195 213
71 168 271
65 67 134
12 43 95
79 185 365
76 170 266
79 19 270
78 138 266
7 120 325
49 181 238
83 70 159
41 4 52
58 182 242
45 95 170
19 4 26
62 120 344
14 92 114
81 194 285
79 11 160
30 155 305
2 109 126
60 115 180
59 166 229
57 100 257
32 26 118
35 3 40
22 7 45
25 148 211
15 137 153
39 192 268
32 67 159
1 48 78
52 74 324
82 40 140
20 102 168
14 71 252
40 175 215
64 190 258
57 108 216
13 43 68
59 133 228
53 129 335
4 98 104
5 28 106
17 12 207
8 161 361
83 81 345
79 181 343
21 122 182
82 117 242
95 84 283
21 55 113
87 14 165
53 112 196
89 45 147
59 36 235
23 97 135
19 45 71
16 133 150
37 138 178
68 104 182
53 86 140
32 157 246
75 92 176
89 103 196
86 156 248
34 164 326
41 117 193
75 86 277
24 119 146
4 37 47
23 195 221
11 76 88
59 18 83
59 109 218
39 7 90
12 108 141
24 136 190
50 131 284
89 105 210
1 177 188
61 169 240
57 123 200
38 94 207
53 156 247
79 127 391
3 44 69
27 161 192
78 40 141
81 109 196
77 181 266
99 160 393
28 23 76
87 73 212
54 159 217
33 159 257
12 56 87
89 3 93
98 180 279
99 164 300
81 139 266
1 172 177
5 176 183
81 41 125
94 177 275
31 158 314
48 34 109
36 99 142
45 158 237
23 56 79
68 2 115
45 110 172
64 108 241
20 177 202
60 174 240
98 60 192
8 116 202
99 126 229
57 28 87
32 133 174
97 73 174
83 29 119
68 82 232
3 111 131
95 65 210
52 97 150
52 20 94
95 37 259
100 38 147
53 116 174
33 182 240
81 55 140
47 112 198
39 174 216
54 70 128
28 65 186
88 0 126
93 104 200
2 136 144
56 176 305
20 189 209
57 23 218
45 186 251
7 159 301
79 116 212
80 172 262
87 5 119
4 33 44
75 181 291
41 100 183
42 164 214
34 99 326
39 152 228
20 184 213
23 7 38
79 99 227
8 83 97
67 41 212
91 31 250
67 158 261
11 185 349
36 198 235
86 78 324
4 57 77
85 169 254
52 28 90
11 187 338
2 163 247
31 93 256
2 144 154
63 32 133
29 183 259
50 111 168
91 79 176
57 101 245
26 49 79
40 155 203
66 90 158
84 17 124
94 127 222
68 76 148
56 80 298
46 156 204
8 172 336
52 32 126
35 185 222
26 24 55
20 73 94
87 100 197
70 145 225
41 46 111
48 83 138
44 160 246
25 93 122
58 101 201
92 33 148
58 145 251
37 162 209
85 167 273
94 182 323
35 82 151
15 102 122
60 131 217
81 59 302
24 62 131
75 108 185
37 88 142
89 99 226
91 156 253
41 171 215
18 69 285
22 32 139
2 104 281
72 112 276
19 3 146
71 123 204
17 84 137
13 98 115
44 74 131
10 118 137
29 108 142
97 20 146
14 105 126
55 49 140
66 16 111
45 127 215
87 116 251
95 141 242
71 11 251
30 38 148
5 120 152
89 132 259
45 29 103
53 141 241
88 29 178
61 49 182
90 170 263
46 81 176
66 46 130
81 44 135
43 25 71
86 65 225
11 123 153
84 108 198
93 160 260
55 141 241
21 74 195
4 155 184
90 151 248
50 112 163
16 191 207
74 117 214
23 101 319
67 165 343
60 96 210
59 13 79
10 73 263
46 93 183
25 35 249
78 197 311
57 166 225
34 147 184
21 142 165
77 150 374
49 180 264
12 38 51
95 24 124
86 101 189
23 70 116
21 68 134
47 21 68
27 179 392
10 26 54
75 149 305
34 47 240
91 152 244
17 184 202
59 15 83
25 122 155
61 11 76
72 127 215
73 72 154
39 15 237
74 33 113
4 181 212
