190
33 44 100
91 39 231
84 180 325
32 102 139
73 179 339
62 45 292
46 21 75
79 87 175
54 68 151
51 59 119
82 80 307
42 28 74
26 59 89
41 68 110
53 135 232
64 112 213
32 5 37
66 2 251
60 4 100
75 66 176
36 108 148
98 113 212
42 39 95
50 180 240
95 31 127
68 152 221
48 86 239
87 196 443
64 151 391
22 62 90
6 39 54
65 190 308
61 93 157
59 192 261
51 193 250
27 85 122
81 21 104
16 111 139
59 142 240
29 56 116
27 73 118
25 152 263
94 73 170
63 15 87
15 194 213
24 5 32
64 2 74
27 13 207
78 85 229
65 141 229
52 15 77
52 76 136
21 122 204
9 131 224
48 95 304
90 60 152
1 127 151
33 77 155
29 3 34
29 28 59
46 67 119
40 80 120
76 159 243
59 130 196
5 54 63
85 8 100
42 43 202
13 43 61
36 84 240
85 140 235
81 180 280
9 156 210
94 66 230
93 81 217
81 153 247
39 27 72
72 144 342
34 34 88
69 135 399
22 112 142
8 35 84
43 139 205
27 170 201
89 49 165
58 40 124
33 60 288
71 3 241
6 98 112
92 187 288
59 30 123
91 123 221
67 153 315
27 123 160
62 146 241
22 21 46
58 89 183
89 131 229
71 134 255
6 24 184
18 44 75
69 119 188
51 55 197
79 92 359
42 24 73
39 83 124
40 130 239
5 46 77
66 17 268
6 188 242
5 195 208
21 6 161
89 60 199
93 84 218
4 185 195
90 95 217
85 22 127
92 17 112
6 48 65
35 176 220
49 111 276
37 54 228
19 186 214
15 31 50
98 172 277
72 127 291
40 12 84
32 148 227
35 39 91
72 99 179
60 81 170
50 101 159
43 90 147
78 14 192
36 191 323
53 184 366
23 157 299
92 115 215
17 198 216
85 81 215
58 199 263
79 162 242
71 149 221
94 116 399
93 26 122
88 37 175
32 124 158
9 150 161
82 48 305
75 55 159
76 123 386
33 114 194
51 37 287
40 48 97
58 97 158
32 165 201
88 197 333
75 10 86
44 197 248
95 200 445
66 71 251
38 83 214
27 38 257
94 43 141
53 140 193
68 34 145
49 117 229
19 134 224
96 53 300
74 47 127
9 66 84
65 157 329
69 184 270
63 41 128
99 86 239
1 90 283
3 177 227
34 191 225
53 50 104
7 77 84
63 133 202
48 26 77
96 80 197
9 154 167
95 83 188
34 85 169
85 117 234
62 176 274
8 133 315
7 120 175
4 66 101
