950
31 43 77
11 43 63
96 143 252
65 198 308
38 168 242
84 65 180
92 198 299
79 125 268
49 151 207
19 95 152
87 101 207
64 189 259
46 11 87
30 106 146
28 68 99
32 79 115
45 78 130
78 86 217
24 124 158
55 111 215
50 57 111
100 163 332
34 152 190
3 110 277
83 115 345
30 37 100
2 162 181
69 118 216
51 89 322
42 10 187
23 62 93
20 139 199
20 151 369
24 9 80
27 133 166
44 141 212
13 16 79
13 98 113
29 21 51
18 124 142
83 95 180
87 126 217
17 97 167
93 187 282
44 75 164
38 198 286
63 97 169
44 118 187
54 26 124
41 165 246
78 27 110
59 103 247
23 86 309
72 53 162
82 171 255
77 120 199
22 123 151
37 40 78
67 196 287
84 140 225
78 150 235
68 183 267
18 151 198
6 41 100
73 28 277
16 32 208
63 131 194
13 117 165
59 81 188
46 187 236
15 117 210
77 34 282
46 100 146
60 10 111
14 43 64
22 161 280
54 185 283
96 151 264
56 80 192
80 82 168
35 138 332
77 9 235
92 190 285
50 137 367
98 191 337
12 43 77
74 62 145
80 198 288
60 67 158
56 197 262
49 134 187
6 165 184
51 61 236
14 198 212
51 30 261
96 69 191
28 53 254
82 199 284
4 164 193
19 61 107
49 73 150
70 87 157
31 54 179
14 58 76
30 190 230
24 171 237
99 37 203
52 47 262
3 33 56
48 108 197
22 156 188
18 118 136
6 135 263
99 129 364
7 135 144
16 18 74
84 192 326
50 2 232
100 166 288
29 16 245
54 172 245
55 77 133
16 84 147
39 184 352
90 20 114
55 50 293
39 125 179
86 117 226
3 72 79
48 41 96
90 160 297
51 197 272
71 137 214
35 190 225
64 73 142
26 60 90
84 76 264
61 17 82
26 49 80
49 109 326
29 90 138
14 81 102
59 144 213
26 107 139
91 118 268
50 81 238
55 126 200
82 81 354
37 81 137
64 19 140
42 130 199
90 26 189
59 102 165
85 25 114
14 75 97
70 11 82
66 87 163
52 14 73
23 2 99
7 105 115
3 58 69
54 192 248
25 43 174
64 2 72
6 71 105
100 41 166
45 86 222
24 68 107
77 24 110
20 50 117
2 191 201
64 5 75
25 104 206
32 198 356
14 98 146
25 22 55
82 138 224
35 153 196
9 183 192
27 87 147
79 105 185
97 42 147
62 104 192
78 163 281
55 177 245
87 72 161
98 200 300
99 142 250
96 38 140
84 55 179
7 176 339
7 88 121
39 95 140
30 141 172
28 160 196
79 104 189
31 114 145
16 85 278
5 126 136
96 63 160
86 200 287
8 136 151
18 74 92
16 154 341
23 29 190
62 184 252
75 47 250
3 73 91
4 163 174
41 172 366
19 54 119
29 77 119
63 11 118
79 96 207
74 155 237
2 92 97
72 199 313
46 145 195
38 20 73
15 63 103
76 190 275
84 37 158
41 21 69
28 145 177
54 150 212
76 193 275
18 176 198
72 105 196
93 41 151
47 187 234
29 171 212
16 39 224
72 72 153
3 159 280
15 100 139
6 9 20
3 6 53
21 42 63
23 123 154
97 126 226
27 121 153
98 81 197
67 117 212
24 100 255
61 33 95
38 81 132
65 60 151
100 200 305
70 7 81
15 127 183
64 123 340
2 105 131
50 88 177
15 58 145
92 105 205
7 200 246
91 57 328
22 124 146
13 46 106
89 200 293
24 199 409
32 167 208
49 26 231
22 145 189
64 126 197
57 70 149
50 104 316
6 140 155
82 24 108
85 60 184
37 112 149
33 131 174
15 111 175
64 120 216
85 176 306
88 42 130
1 197 202
90 46 188
15 0 214
44 103 164
55 26 167
8 134 151
26 29 63
88 145 405
69 86 178
80 121 289
18 171 195
64 118 219
28 171 295
50 193 288
76 43 148
86 164 291
98 121 222
62 66 298
29 77 209
78 66 145
27 143 170
47 167 272
96 57 256
54 100 184
14 35 126
84 18 187
22 148 170
59 66 132
6 185 191
73 100 220
46 11 73
14 127 262
77 129 246
54 83 285
3 15 68
42 14 61
43 189 252
54 57 158
8 31 176
29 13 50
53 124 178
85 91 355
58 195 263
94 49 307
65 88 159
83 192 278
79 45 139
44 141 195
37 44 119
60 86 187
50 177 261
76 122 247
54 81 323
76 115 381
100 172 277
58 143 207
50 120 170
16 105 135
20 124 145
7 23 156
65 47 160
82 31 116
3 159 205
71 182 298
41 81 128
87 122 231
60 140 216
72 200 277
6 96 104
69 25 104
50 196 445
6 171 208
26 85 111
25 57 88
18 66 133
34 90 173
6 190 203
98 43 150
68 194 304
50 36 104
47 188 264
93 109 285
15 36 98
34 126 168
92 28 247
6 50 92
31 119 243
67 25 135
81 103 185
9 161 284
18 21 39
94 2 120
64 46 276
86 21 107
47 58 207
90 163 443
19 179 356
58 45 105
59 28 267
53 150 204
79 149 248
25 22 60
73 19 94
19 15 70
15 188 217
33 96 212
33 15 194
86 157 310
84 85 173
41 182 228
68 1 71
87 97 194
2 117 129
52 97 294
16 193 380
45 161 252
53 127 180
58 55 124
28 8 38
87 178 270
66 16 89
74 8 266
26 48 92
54 83 173
63 114 210
82 91 183
47 125 206
95 182 282
73 5 78
64 137 228
25 102 180
62 86 162
69 54 123
16 105 122
44 194 265
72 123 204
50 189 326
43 38 84
63 86 150
31 17 89
5 117 161
42 99 297
50 63 124
63 18 90
100 185 315
58 168 239
71 19 90
46 53 207
51 43 99
22 45 68
4 104 121
47 169 219
44 184 235
54 185 395
5 44 90
98 151 278
36 59 104
82 126 211
73 135 285
20 116 324
64 174 429
50 22 138
23 126 228
10 20 35
53 164 226
47 162 216
95 89 192
27 143 250
16 157 178
82 25 250
75 139 240
3 140 193
44 102 195
87 32 131
79 0 222
54 193 254
88 10 98
41 181 229
37 20 57
41 178 253
33 24 64
9 52 96
93 39 140
36 174 245
9 78 97
79 61 179
25 185 217
7 67 262
16 48 65
50 22 94
78 139 267
43 179 340
78 63 147
63 35 143
66 152 230
2 119 128
19 73 95
99 105 205
85 126 371
76 52 137
81 173 258
58 75 298
87 186 305
93 56 342
14 175 201
41 98 279
88 30 118
56 0 61
17 199 216
61 44 107
94 28 128
1 143 144
85 62 151
11 132 181
69 142 240
54 18 87
93 59 199
95 197 325
60 85 151
43 144 232
94 181 278
75 90 344
75 43 128
54 31 94
24 61 99
15 143 167
4 196 201
23 169 194
100 76 185
91 194 327
30 52 94
8 47 64
29 186 244
6 18 29
91 138 234
13 14 70
62 57 127
42 86 128
48 66 163
39 40 269
51 11 68
30 75 115
40 140 351
24 190 295
69 34 113
21 171 222
55 149 234
13 176 228
41 137 183
14 21 38
89 121 213
27 155 207
86 31 270
54 176 233
40 159 199
86 163 252
94 101 378
62 71 161
61 27 88
100 102 209
33 82 127
72 200 316
49 160 213
31 29 244
8 29 86
36 47 85
66 182 251
52 138 200
25 53 197
42 146 200
56 0 91
75 26 136
97 199 303
90 178 273
59 35 95
64 192 418
14 30 88
68 128 335
60 100 302
43 115 158
28 95 305
26 43 105
36 24 69
95 153 322
63 168 241
79 131 215
75 55 283
50 186 268
64 110 176
43 190 294
1 75 197
3 139 301
76 100 265
90 60 161
97 30 303
61 182 276
87 53 186
99 66 191
63 101 199
70 102 331
75 130 215
67 83 159
83 50 160
67 53 129
73 125 206
5 53 63
58 55 121
14 111 134
84 40 195
66 184 298
5 26 69
96 153 259
4 3 109
41 1 52
86 170 261
68 148 289
2 37 42
51 153 212
36 3 43
48 29 246
8 148 161
69 23 128
28 24 141
10 140 324
66 34 111
84 98 217
3 102 114
63 113 213
85 180 271
33 27 65
5 66 73
76 160 247
68 179 250
71 181 284
79 61 142
51 53 112
49 32 87
80 108 194
9 169 188
9 27 115
89 46 292
91 24 139
7 118 307
30 182 218
75 148 351
32 12 53
46 118 169
82 70 160
9 46 105
20 15 55
11 103 255
14 58 219
33 48 88
62 1 80
32 165 208
70 113 192
17 69 96
51 129 217
21 158 354
1 197 208
95 23 142
31 8 43
95 49 149
24 73 105
11 39 229
9 168 199
84 81 169
73 155 241
90 34 161
90 180 317
55 106 209
70 136 267
8 42 93
77 143 221
46 179 235
58 145 367
72 74 196
54 191 256
20 61 121
29 49 104
20 55 170
76 5 102
25 152 299
61 106 210
77 154 236
53 164 350
90 92 288
57 98 181
53 192 259
88 4 97
96 8 288
12 147 285
97 97 227
88 57 149
1 98 127
76 87 169
32 191 394
80 175 265
64 92 159
74 6 82
3 16 69
57 41 102
49 173 227
42 61 147
47 35 89
46 183 232
25 153 186
85 96 330
48 23 83
6 160 310
73 182 320
79 28 120
3 184 253
64 36 242
18 79 110
51 100 153
78 165 283
46 200 311
55 21 76
97 60 182
66 60 260
76 182 293
38 61 133
67 30 229
36 121 166
8 16 71
19 140 165
44 11 73
10 102 160
7 104 144
93 82 183
66 199 296
12 110 125
96 87 188
63 90 216
20 134 160
24 114 217
30 115 174
95 169 272
43 168 214
39 62 250
62 166 277
22 174 200
62 173 243
88 115 216
76 188 448
23 170 194
4 139 297
79 158 266
87 139 269
86 180 317
44 132 178
35 184 267
11 139 160
86 27 122
62 80 151
72 23 123
93 83 371
76 135 334
1 196 200
4 62 75
86 57 145
100 41 156
55 69 227
49 105 154
46 48 94
24 187 387
58 130 364
85 149 241
24 123 152
32 143 187
22 164 231
92 194 293
23 3 43
12 19 167
17 159 178
6 70 123
31 136 236
77 92 218
64 42 114
69 26 198
48 156 241
6 199 213
6 177 355
14 31 69
85 151 335
16 98 123
65 5 149
66 123 337
89 142 237
68 94 172
65 0 89
79 92 181
41 179 223
79 73 174
21 18 87
50 88 292
89 160 249
13 155 362
16 141 174
74 161 345
61 70 258
17 161 292
58 83 147
84 115 226
10 132 158
10 78 95
13 82 225
31 170 207
32 71 119
15 177 219
25 197 272
23 160 221
16 33 51
35 53 90
61 123 382
4 17 30
11 26 54
23 192 246
3 181 271
61 127 200
60 138 224
86 152 238
25 77 212
12 136 198
3 159 168
90 166 258
76 81 163
52 31 272
64 9 104
73 0 75
93 30 154
54 197 262
57 50 107
72 163 385
75 125 389
93 50 205
30 35 86
91 93 231
39 176 377
32 92 195
86 42 166
21 96 138
3 170 174
46 128 177
17 162 305
51 1 53
5 196 235
46 26 231
41 72 136
42 150 273
47 14 111
83 168 359
20 75 96
89 55 161
36 74 132
57 82 147
31 88 155
84 195 292
67 34 111
61 119 189
17 91 145
6 148 160
76 119 212
15 95 111
51 195 439
17 63 80
60 180 346
93 136 426
74 143 227
24 186 212
61 81 148
70 144 224
56 72 271
96 4 108
9 125 205
92 86 186
92 80 178
24 180 208
26 75 105
28 92 124
47 2 56
89 28 120
77 169 257
68 67 168
31 58 113
88 126 263
69 125 239
25 153 213
7 185 215
85 88 213
55 80 162
4 48 62
43 13 82
28 47 78
61 50 148
28 103 134
59 117 202
89 59 155
80 75 222
85 49 137
26 9 71
40 170 220
82 179 261
59 74 135
73 82 205
4 183 189
28 135 173
72 182 401
95 175 445
56 93 157
53 82 316
31 164 198
15 129 173
13 147 170
95 168 308
91 140 276
13 172 377
96 95 287
92 78 306
100 71 340
73 190 338
48 185 256
61 184 267
3 183 231
12 183 223
12 32 53
6 6 144
25 81 248
85 99 233
94 94 195
49 107 156
65 93 296
6 114 164
24 96 152
53 67 317
44 50 289
72 37 132
96 120 242
81 165 438
52 84 179
76 47 151
33 17 153
11 141 152
52 82 176
90 167 281
83 54 152
37 71 189
22 74 100
100 83 333
61 172 234
5 170 175
48 139 195
14 47 67
80 42 146
14 93 133
93 142 240
48 174 409
74 122 224
7 11 22
39 135 223
47 44 111
58 128 228
56 140 204
88 109 199
98 119 227
37 147 185
53 187 248
92 200 296
69 32 119
66 114 180
39 3 77
46 173 222
72 3 113
