400
49 198 289
18 30 48
26 136 165
57 121 230
64 179 262
26 17 45
45 93 178
15 28 90
30 169 221
92 196 329
60 143 287
39 154 331
29 63 222
25 9 119
67 83 183
95 61 207
99 187 323
46 101 307
36 37 112
17 149 169
62 100 181
3 176 185
48 176 410
20 58 88
96 184 309
27 180 215
60 40 147
45 160 255
92 84 179
68 99 182
34 162 218
79 195 360
16 126 187
98 189 304
97 199 441
31 98 155
8 166 224
63 38 131
52 194 256
47 15 220
79 145 230
30 198 251
7 64 263
30 14 49
94 66 160
5 53 66
14 28 43
83 10 93
2 84 86
68 153 222
76 191 316
41 86 175
53 25 102
59 163 224
28 12 78
31 55 90
41 26 69
63 102 169
72 119 191
6 17 214
31 59 100
5 171 180
11 40 197
55 112 252
19 10 30
45 75 130
22 10 122
82 91 176
16 107 129
51 197 313
8 8 18
67 54 129
79 121 259
59 3 110
36 172 225
20 52 232
4 14 40
45 196 287
11 7 40
72 143 255
69 171 285
52 44 131
86 70 164
89 94 190
9 96 106
82 40 130
63 10 116
86 7 110
89 169 261
83 113 197
13 0 18
98 50 236
32 191 230
43 193 242
19 152 261
66 44 125
82 71 179
10 155 176
97 66 164
3 0 146
41 138 187
8 133 142
79 185 302
27 82 132
65 79 154
100 144 313
67 21 105
26 172 205
51 67 127
85 73 166
60 51 130
24 92 297
53 116 174
50 142 219
69 172 247
8 66 182
8 117 231
3 108 111
23 196 222
57 196 256
19 9 129
90 174 298
77 124 210
14 70 86
44 167 256
87 24 119
9 168 185
23 89 266
60 30 92
65 6 215
58 191 258
4 90 262
98 176 311
51 100 209
73 110 304
34 93 175
3 115 120
16 73 233
21 11 40
96 61 168
94 72 167
40 193 318
49 35 99
61 189 442
49 87 140
90 139 264
3 127 194
100 124 230
39 155 218
77 142 326
98 173 277
72 48 126
23 198 235
19 76 95
84 180 282
98 133 239
14 57 76
6 118 128
77 97 178
11 118 206
61 100 185
21 1 180
39 141 187
59 105 164
6 14 25
90 144 237
64 99 172
93 171 333
56 106 170
86 177 376
86 70 159
19 128 291
96 176 275
4 85 94
18 113 133
79 137 238
78 149 425
37 22 203
18 47 68
19 1 105
62 84 146
41 65 155
27 4 58
53 4 64
79 72 194
18 199 254
62 78 148
94 28 134
6 109 125
3 131 140
84 31 116
39 32 104
79 81 185
32 90 171
92 113 209
93 5 98
78 123 347
61 167 236
13 60 103
91 99 318
98 99 206
23 116 139
76 95 179
54 47 123
9 153 188
7 62 79
28 139 174
70 93 211
92 49 146
41 194 292
52 82 178
53 54 248
81 27 108
46 13 96
98 123 405
20 177 354
95 158 266
37 153 231
79 58 142
96 149 411
88 157 262
32 54 91
100 18 123
74 180 332
61 105 322
39 51 93
78 83 208
80 174 256
79 88 276
52 96 151
39 114 181
22 86 302
61 80 149
78 73 156
85 27 212
82 115 299
31 38 77
73 40 114
40 172 280
100 49 191
22 112 139
44 150 202
56 40 230
16 84 114
77 103 203
21 164 188
33 159 194
32 118 194
23 19 48
41 108 159
76 114 194
93 26 215
8 57 69
70 161 273
83 66 155
92 50 206
20 184 329
58 128 229
88 42 202
85 32 124
43 144 189
77 178 344
67 154 227
44 131 176
81 125 216
92 131 258
31 119 186
73 124 242
56 64 125
41 42 127
21 57 78
14 138 161
91 2 95
52 22 194
60 115 251
94 13 107
73 73 306
11 197 407
99 17 120
6 2 21
31 80 224
28 194 406
78 100 210
23 136 164
91 178 286
52 93 174
96 114 215
68 132 303
36 103 149
5 144 194
7 155 200
49 68 181
18 114 132
41 104 192
24 181 212
76 113 193
77 185 296
74 101 221
32 148 183
13 3 20
70 197 275
50 64 122
44 153 206
15 140 162
66 190 299
70 105 198
97 139 240
15 145 191
12 74 254
6 18 44
79 15 132
12 193 212
65 104 324
88 7 118
82 71 160
66 62 130
25 49 78
26 114 144
55 160 215
77 79 156
29 128 247
38 25 73
31 79 116
73 123 205
64 139 354
88 144 281
76 70 149
1 52 195
85 97 316
36 10 67
5 111 133
97 89 186
56 119 228
8 57 69
30 117 155
6 52 90
27 90 129
52 77 130
73 18 100
89 170 267
12 58 73
96 44 148
12 4 167
59 92 189
18 68 110
31 11 77
88 119 217
51 115 168
42 112 164
93 44 192
10 27 37
27 192 228
4 22 133
39 96 143
77 112 368
28 166 222
76 30 220
52 135 280
21 94 180
46 4 78
79 108 224
74 101 192
7 131 184
80 144 224
38 31 78
1 111 114
34 73 155
86 152 402
79 152 232
89 50 146
43 23 66
64 143 219
11 189 286
33 77 120
80 190 275
25 178 381
24 125 316
27 46 119
19 64 109
85 32 125
75 59 167
10 152 172
75 10 283
87 189 279
27 191 224
83 44 238
84 16 133
17 136 162
76 47 234
40 126 169
11 200 231
32 154 195
94 99 240
68 57 162
45 4 55
95 124 228
88 18 224
53 115 337
2 31 73
5 119 129
