400
28 108 189
2 61 69
29 75 114
15 195 211
41 169 255
32 38 113
69 168 377
100 39 143
24 27 197
29 159 198
69 43 112
75 24 125
30 79 133
32 129 276
24 195 225
99 18 120
30 173 215
30 93 145
97 92 233
44 5 63
57 89 153
22 185 216
51 35 138
92 131 254
60 165 386
88 3 291
31 45 76
64 128 298
100 196 300
57 24 129
76 88 171
58 171 249
80 71 159
94 129 244
96 9 110
35 41 122
99 85 195
2 50 54
4 142 146
9 42 57
58 11 105
87 176 297
10 188 202
8 143 154
58 50 154
63 179 288
33 143 180
22 111 138
60 182 247
74 88 168
9 55 189
73 29 104
4 193 240
65 29 185
73 32 265
20 164 199
55 130 192
12 109 168
13 73 86
25 83 142
13 113 299
48 92 152
35 90 133
2 150 183
92 55 264
73 185 264
80 109 193
77 163 332
56 5 78
72 169 247
58 157 321
82 103 207
11 88 114
2 124 296
56 33 269
64 73 146
56 18 74
58 75 253
39 76 132
37 192 248
56 129 219
44 35 107
53 182 243
2 182 184
100 80 185
72 181 277
86 116 241
13 151 170
84 154 244
85 24 299
88 59 155
83 94 245
62 170 263
7 125 180
35 42 120
85 172 416
84 29 207
40 49 89
86 131 221
35 130 174
66 75 145
97 69 173
89 34 281
78 191 303
29 39 73
79 117 202
97 93 233
80 150 230
61 126 345
21 23 87
19 181 238
92 0 139
50 83 137
74 62 185
70 38 145
39 119 162
85 162 310
47 10 86
97 126 230
84 47 132
85 120 267
78 3 167
66 130 197
1 68 72
17 58 78
10 141 280
37 7 51
71 120 224
19 130 152
63 196 264
45 59 216
40 72 125
30 172 206
61 36 99
94 26 122
54 167 265
66 7 122
46 156 226
27 56 167
62 107 209
67 72 153
65 39 105
83 14 115
61 48 116
48 150 202
49 82 139
65 133 322
100 76 222
59 157 233
52 40 137
42 59 105
12 46 106
81 49 135
61 173 241
75 114 190
12 176 198
85 102 296
60 52 114
99 196 295
54 143 318
2 168 172
9 0 15
79 179 452
75 96 363
66 72 142
14 158 289
10 177 208
75 15 114
80 188 272
64 157 260
19 45 114
66 151 224
67 119 252
50 165 256
26 15 45
76 3 109
84 160 256
45 85 166
59 117 182
74 3 121
77 154 238
81 50 137
33 12 95
47 199 410
98 102 302
30 154 231
4 119 197
99 49 187
45 185 279
30 156 191
21 51 166
50 120 253
49 40 189
45 75 173
10 46 143
49 158 271
49 100 154
100 19 135
8 184 235
58 178 259
52 42 135
2 96 258
68 67 151
93 36 129
60 52 120
23 198 266
23 124 278
96 127 225
81 70 153
46 141 206
49 70 129
59 135 241
29 64 234
58 118 270
69 198 311
53 108 302
61 57 147
55 99 304
91 69 199
43 8 112
58 86 154
83 39 127
86 153 245
83 5 161
17 21 46
28 89 293
5 5 60
38 35 119
98 194 296
70 139 254
62 92 201
59 2 69
41 57 107
6 70 108
6 6 15
47 155 237
97 95 192
62 197 264
94 187 287
82 173 287
86 21 109
28 103 134
95 102 329
52 143 373
13 24 42
57 67 162
27 20 75
89 148 237
21 147 169
42 89 205
80 72 329
2 54 121
77 32 270
19 30 87
86 4 261
4 45 73
15 57 116
44 4 71
28 107 332
7 9 35
90 161 449
28 143 175
82 142 259
2 102 105
61 46 108
65 194 265
84 70 196
63 31 104
26 67 230
37 183 222
45 184 263
68 92 253
84 156 281
81 154 241
61 51 120
82 129 211
23 118 190
91 55 154
98 193 294
81 61 150
97 183 319
80 44 152
58 58 163
46 51 116
70 152 415
74 184 284
43 183 255
85 177 264
28 173 349
70 145 216
64 116 187
14 59 75
52 167 261
16 193 219
82 126 213
35 72 307
56 11 113
77 129 213
4 31 35
44 92 140
28 46 216
55 22 205
38 158 217
96 124 392
20 60 139
29 105 142
4 136 165
8 53 65
37 102 141
66 147 254
46 71 119
54 62 195
20 21 140
87 176 283
17 100 137
69 143 217
5 106 115
58 159 217
58 189 259
73 150 259
38 92 180
46 93 140
2 76 79
11 39 57
90 6 97
27 49 84
83 131 251
34 37 78
76 199 311
41 115 206
51 56 115
67 77 227
70 82 163
96 58 209
61 38 130
93 182 290
19 1 213
94 90 190
18 195 348
29 151 190
9 173 196
18 117 142
5 101 141
66 89 180
54 185 259
38 65 104
70 183 418
77 133 219
25 1 29
64 198 310
4 133 138
49 173 226
92 65 197
23 178 284
5 18 30
71 198 307
68 61 165
95 142 274
75 92 174
48 65 120
76 112 198
2 143 153
46 24 97
97 112 215
74 72 205
80 85 197
20 33 54
61 168 307
75 17 100
41 39 180
20 9 43
98 13 310
69 81 189
15 42 65
85 73 163
69 175 284
24 117 150
44 15 61
66 32 120
69 178 305
98 197 303
14 34 89
19 160 216
24 79 120
94 6 148
17 135 154
84 95 374
37 149 190
17 161 181
88 140 282
59 96 204
43 56 101
52 127 208
99 5 105
10 137 150
71 15 186
4 99 107
48 165 360
60 126 188
66 137 210
