280
35 102 148
13 129 250
84 49 272
33 167 202
63 23 91
60 79 171
92 175 277
67 122 196
87 191 282
30 35 69
6 122 177
44 136 189
57 86 152
58 177 264
44 174 218
62 114 226
58 112 173
89 184 280
58 35 98
18 111 153
77 1 264
98 90 236
97 43 143
51 131 185
81 4 116
68 160 289
92 129 224
33 73 151
61 22 169
80 86 333
64 55 310
5 162 174
21 12 39
35 68 279
94 71 167
30 10 187
47 191 241
49 51 104
19 130 152
78 193 359
4 98 115
28 135 171
75 57 164
40 149 231
74 138 213
71 28 121
59 154 245
97 48 182
41 72 115
88 112 206
25 48 237
65 51 144
73 80 187
99 193 336
42 11 62
17 188 210
95 35 136
3 20 32
97 159 264
97 8 109
83 4 102
86 40 254
40 101 152
58 175 275
100 170 441
12 131 167
23 45 74
98 58 164
98 196 303
82 169 251
12 18 32
16 113 227
14 72 98
20 73 96
77 111 258
38 58 270
88 31 121
79 105 208
98 39 198
37 23 92
92 113 206
19 94 124
47 62 114
27 88 141
86 134 267
19 123 151
56 45 135
87 189 304
28 148 187
23 106 138
93 175 292
43 54 100
89 58 163
78 142 247
81 140 229
27 136 205
87 163 270
56 145 209
23 112 141
77 35 119
18 189 234
31 60 97
96 81 185
93 135 387
81 91 179
6 112 132
65 128 301
8 151 192
97 97 207
14 33 242
4 11 50
57 188 364
9 41 58
73 172 252
15 186 302
23 164 278
4 180 231
24 15 67
61 84 317
90 1 97
74 32 131
74 3 79
88 53 150
97 83 183
55 197 256
83 133 258
25 46 77
81 40 195
84 9 110
79 119 221
23 168 252
41 4 136
43 153 212
81 140 370
19 35 215
80 106 186
25 121 333
23 178 272
90 43 138
1 113 123
32 64 120
70 145 220
52 138 220
12 190 211
67 7 97
61 159 223
48 183 235
98 78 193
34 158 202
87 59 153
95 53 182
86 167 260
21 102 123
87 198 292
28 148 221
75 13 94
61 94 155
17 170 231
95 99 221
6 145 318
93 24 125
51 104 218
63 148 233
100 94 202
56 69 142
2 180 200
3 158 169
20 128 192
35 68 113
27 27 66
45 87 260
92 22 118
96 154 257
61 26 226
24 194 220
6 71 82
56 166 232
77 31 152
65 91 206
52 198 285
22 96 122
70 20 97
9 119 138
14 149 172
22 73 96
58 13 74
11 35 49
22 81 248
33 153 194
70 165 241
60 122 250
17 54 90
62 48 113
40 57 99
7 82 110
27 150 321
22 150 330
66 95 173
44 31 78
88 24 146
28 137 205
90 186 283
55 109 172
48 16 133
35 129 301
65 128 317
53 130 233
15 115 239
18 32 58
76 188 447
38 86 127
17 133 151
82 182 296
67 116 348
97 189 311
44 33 80
91 38 150
68 152 419
43 103 294
85 131 226
99 166 281
46 136 202
94 195 289
30 13 174
61 181 275
92 100 365
11 58 94
36 75 155
92 185 315
100 36 146
70 39 283
66 198 264
55 150 405
11 14 71
29 62 94
66 86 155
47 179 377
50 171 271
22 6 123
15 106 294
31 7 75
81 192 309
98 116 221
15 166 280
31 15 53
72 25 231
65 78 153
3 80 232
100 123 268
29 8 46
12 141 157
2 96 131
34 19 166
12 8 48
48 30 78
9 130 182
64 14 84
27 120 344
8 151 159
70 158 235
73 54 134
43 47 102
2 131 141
65 12 104
67 186 261
74 173 403
23 111 137
9 96 112
44 115 337
81 184 420
46 96 143
89 164 272
92 4 103
25 177 211
40 127 172
27 66 137
47 112 179
95 144 244
24 66 115
62 163 229
