630
45 182 387
82 54 143
25 191 298
32 46 133
85 39 142
42 73 125
40 86 136
64 85 160
25 193 248
22 25 47
39 96 318
75 160 263
35 168 211
39 3 81
18 134 214
48 18 114
83 108 220
67 115 188
94 200 298
87 129 242
26 130 163
50 0 84
37 54 98
98 10 241
46 176 232
28 0 36
70 62 169
66 17 88
29 3 38
3 36 41
70 112 374
83 130 262
94 148 383
25 131 165
45 192 273
77 120 300
48 22 94
41 93 268
48 142 240
70 104 180
97 186 363
28 119 150
31 197 235
56 1 59
67 40 143
99 28 245
88 1 256
82 145 254
65 140 213
71 136 259
36 22 61
78 146 233
20 35 160
33 115 157
53 180 240
63 143 234
37 49 116
74 106 186
42 106 158
24 173 264
19 109 240
27 157 360
85 110 245
25 167 200
97 10 269
94 157 275
12 116 192
17 121 161
82 76 163
57 159 225
36 73 129
96 124 248
57 101 162
25 160 189
70 170 263
97 172 345
29 86 156
57 66 159
51 116 341
28 8 60
22 3 56
45 111 202
39 65 110
8 72 89
77 31 139
22 165 187
4 5 23
53 120 221
71 164 239
60 149 213
13 56 100
65 156 230
1 65 217
5 154 175
64 20 100
62 97 241
10 50 66
45 11 58
83 141 413
62 111 193
61 134 312
52 143 221
69 80 151
63 177 366
60 144 230
42 131 310
17 144 164
56 195 251
22 5 33
41 31 76
11 41 188
46 122 176
59 68 132
15 98 113
61 12 81
84 53 146
57 75 140
95 92 196
84 159 250
85 197 286
59 62 121
53 189 252
33 169 271
33 177 242
39 150 238
34 148 210
65 30 166
49 10 59
80 38 121
90 177 276
89 48 140
5 64 70
25 99 299
23 179 202
49 139 228
66 117 184
30 140 183
91 127 220
35 27 85
62 182 252
88 59 218
97 6 126
4 140 332
16 197 216
24 106 137
23 76 102
23 158 217
99 145 269
50 118 177
13 31 53
1 113 157
37 31 74
27 62 110
68 133 322
77 115 277
16 20 189
32 30 110
95 46 174
32 124 161
97 158 289
52 181 327
19 160 220
4 148 160
17 172 195
15 74 166
37 110 155
98 179 331
80 127 210
10 97 127
68 139 374
81 191 277
90 155 251
42 101 150
56 88 322
21 33 61
8 16 49
8 148 355
48 75 135
85 178 272
90 46 186
79 177 259
100 195 400
1 131 138
33 190 344
32 160 348
46 158 225
23 160 187
34 143 177
17 151 207
26 108 154
76 160 253
31 35 70
12 26 72
33 129 274
9 78 131
15 78 94
55 8 68
93 198 308
3 128 134
40 131 198
82 112 240
3 152 199
54 137 198
65 35 127
51 54 277
97 60 201
1 128 129
4 169 181
46 22 92
73 65 233
44 89 141
33 65 227
38 73 155
96 83 193
88 184 277
65 172 286
49 127 339
2 96 144
96 42 155
38 161 246
10 68 231
14 111 143
59 167 240
24 107 141
51 35 89
9 160 332
92 49 147
27 29 129
30 13 74
6 85 99
51 98 329
93 60 215
41 34 84
69 83 199
20 2 220
1 91 156
68 133 239
96 36 164
90 82 211
71 17 246
50 83 140
48 125 183
94 101 241
21 91 140
46 100 307
83 59 152
37 122 163
94 76 177
34 133 171
15 12 36
9 1 16
62 23 87
48 183 240
4 60 244
55 147 317
61 100 322
5 158 168
49 108 164
33 195 250
70 80 310
38 189 249
35 60 106
25 121 182
38 11 101
23 5 32
99 45 179
88 168 280
79 117 228
71 118 196
96 52 151
51 53 106
85 65 152
33 134 177
49 116 165
51 15 99
9 99 157
42 8 132
25 186 218
95 111 220
88 6 101
50 82 266
65 27 96
4 31 56
1 176 222
97 34 172
86 115 251
43 118 172
86 93 186
19 85 142
46 135 351
28 118 191
43 47 144
96 114 369
6 169 185
61 57 140
20 44 70
61 157 228
10 35 90
39 101 142
69 198 449
30 161 200
11 170 189
45 47 128
91 11 142
45 68 115
31 75 114
96 83 225
96 142 239
4 198 232
44 3 57
32 41 108
7 62 75
58 168 236
71 49 201
93 68 235
27 115 316
84 67 314
57 126 267
61 93 163
42 127 297
69 178 300
49 68 119
65 174 247
38 145 188
14 130 333
50 196 268
44 13 93
73 9 185
28 96 162
96 117 219
68 20 91
38 30 81
97 195 296
30 35 175
50 112 177
78 89 203
72 91 206
65 69 181
40 142 212
49 174 248
22 181 363
42 32 210
96 188 298
3 114 119
79 161 243
53 108 178
99 102 249
14 136 157
45 129 176
97 121 218
77 12 117
43 101 154
68 140 210
47 171 252
17 59 171
61 153 220
41 57 102
9 135 224
53 140 258
34 107 144
15 157 192
95 50 195
70 61 179
76 118 394
100 46 146
17 61 157
71 26 261
67 136 204
83 134 223
46 172 366
82 40 125
38 169 211
43 9 78
26 194 371
23 190 220
7 56 181
38 180 273
36 104 286
10 12 35
75 59 138
99 4 138
53 81 165
80 144 243
66 193 264
91 157 257
19 3 70
84 184 347
64 118 200
18 33 56
13 158 199
53 26 87
50 164 381
61 13 83
81 178 261
16 133 155
17 58 238
31 7 40
36 180 216
41 72 155
97 182 289
73 45 120
36 145 181
46 11 71
11 12 103
37 147 189
88 56 153
53 15 68
91 124 372
32 90 144
92 94 386
52 94 152
80 58 146
54 45 100
75 65 248
69 138 216
13 107 245
33 93 127
30 1 31
28 42 75
85 170 336
21 158 180
64 61 140
93 99 358
58 141 321
80 36 233
60 165 261
20 181 208
33 142 211
100 147 250
4 185 217
42 44 87
72 196 268
16 39 192
87 180 274
95 12 155
31 140 211
25 2 31
46 137 338
42 99 163
21 61 87
4 161 167
20 152 180
84 182 436
46 83 139
52 193 429
9 28 223
62 25 270
14 127 162
56 154 216
3 185 198
89 192 352
78 182 278
25 140 338
32 165 232
15 181 248
5 17 44
73 38 139
92 52 181
43 52 104
77 121 246
10 124 273
78 56 223
1 55 78
36 181 350
23 54 100
6 196 225
77 130 224
32 134 166
30 178 217
5 145 167
14 69 162
14 113 134
50 12 262
76 140 228
55 195 278
44 0 181
35 124 167
66 15 120
89 125 378
15 62 83
10 78 90
38 20 105
89 136 388
99 151 253
31 88 126
89 137 305
93 138 331
68 79 270
13 18 35
25 126 154
67 51 275
56 169 229
37 56 235
87 5 111
64 74 147
79 195 311
86 157 245
30 79 224
79 102 182
48 164 240
82 104 186
31 82 136
97 181 285
61 179 242
61 32 113
100 130 236
31 89 127
82 179 433
18 155 206
87 193 280
77 116 202
78 111 230
64 4 96
46 62 158
98 105 207
44 60 147
83 123 208
92 21 119
74 100 339
66 115 186
30 80 158
87 24 131
86 139 270
71 163 377
89 76 171
7 166 238
39 191 280
88 61 157
40 54 181
55 135 199
35 79 157
68 69 145
61 91 273
68 174 245
64 162 266
41 51 185
30 194 351
72 2 138
85 92 187
43 46 90
16 194 210
96 179 432
97 198 303
10 160 180
45 178 231
24 18 46
4 62 112
76 17 97
89 58 255
8 155 173
36 57 103
70 63 283
80 47 223
8 114 126
8 57 72
39 144 199
65 167 240
81 85 187
53 12 237
91 12 117
63 15 100
47 90 142
100 12 140
79 29 108
6 173 190
51 27 83
36 189 349
73 122 319
23 60 87
76 60 144
54 137 268
4 8 33
21 107 137
23 153 207
57 119 202
31 192 251
24 89 297
97 16 211
81 72 161
63 144 345
28 191 252
52 193 428
59 20 266
88 165 353
90 105 200
33 112 296
78 52 143
22 51 153
77 93 173
48 129 267
76 62 166
67 97 262
3 0 136
8 181 217
26 126 314
89 44 179
2 105 117
51 78 130
21 18 51
55 133 228
96 25 128
65 102 192
6 112 122
75 31 107
84 173 259
89 116 265
37 70 126
51 30 92
92 111 380
57 146 204
2 148 159
79 14 130
68 128 199
37 106 144
31 167 203
90 103 220
35 45 90
39 58 119
10 180 222
61 65 130
23 172 247
83 112 198
81 51 180
99 67 185
37 107 175
89 130 224
43 104 147
19 126 154
18 129 147
83 142 247
