900
43 150 197
87 110 295
38 194 270
21 83 154
56 141 224
70 110 198
87 123 215
68 41 142
30 90 224
54 13 154
30 193 363
90 106 203
84 195 284
32 15 87
54 107 169
16 81 97
47 187 237
76 176 267
25 80 111
23 196 224
81 87 169
62 41 111
81 68 157
57 17 76
11 102 296
43 191 241
30 30 106
22 90 118
55 114 272
67 172 281
67 159 307
58 115 345
66 93 159
47 107 232
36 187 232
36 12 48
73 140 326
63 117 231
37 122 159
30 61 121
17 41 152
94 74 199
37 170 325
95 26 265
88 178 266
43 196 243
15 5 43
91 146 428
75 29 111
62 17 100
8 60 236
36 34 209
31 44 75
38 32 75
38 32 98
90 181 274
74 39 124
46 99 145
62 26 97
24 147 317
60 46 143
47 3 54
86 87 179
77 122 200
91 117 278
46 85 146
77 145 261
11 23 49
65 152 220
9 188 241
75 150 243
33 152 218
16 91 261
94 73 172
17 167 224
100 50 219
49 48 106
11 94 107
84 135 267
85 93 219
41 51 162
55 64 126
92 149 257
50 137 236
66 113 225
36 72 289
22 32 107
19 54 82
100 131 242
72 182 313
97 148 250
44 170 220
84 21 115
4 82 95
12 46 65
14 55 78
16 27 52
49 66 224
54 127 286
4 4 34
62 119 247
93 111 204
28 68 113
58 149 328
9 75 92
54 40 109
98 122 269
65 156 252
43 52 131
58 193 347
2 123 131
32 139 208
73 34 116
48 149 205
16 56 119
76 67 156
81 71 157
17 75 100
88 23 144
62 68 186
62 90 263
9 96 110
63 125 233
56 165 269
31 54 87
17 151 197
2 113 116
36 15 166
56 105 170
72 9 97
38 8 47
84 168 341
78 102 373
29 33 65
13 7 30
29 67 98
76 6 134
62 60 242
91 184 278
96 22 280
57 121 195
72 123 199
84 42 305
64 192 280
100 60 266
78 38 190
23 4 29
4 176 293
83 14 103
79 39 121
78 151 234
84 92 201
81 197 279
34 189 297
83 109 197
38 72 119
49 80 142
39 82 149
50 140 380
12 132 187
29 149 258
37 34 147
23 194 390
14 66 96
46 36 93
78 1 125
82 87 174
70 199 278
15 109 126
1 167 366
37 10 187
46 20 73
5 165 176
52 73 154
9 47 99
79 122 211
1 190 323
47 167 303
5 65 74
67 107 180
12 98 119
95 39 136
17 136 193
92 139 274
57 114 345
33 44 247
78 83 163
3 68 136
61 19 80
5 53 97
56 89 163
89 45 172
64 131 198
12 185 207
74 14 271
84 44 310
97 189 298
45 120 173
77 173 305
88 135 261
37 1 48
35 116 152
27 162 197
45 191 261
52 198 256
30 95 143
4 51 78
56 83 320
46 22 137
60 81 155
70 52 138
86 38 132
50 174 227
94 23 124
82 31 129
62 19 97
61 63 129
86 122 210
93 35 305
57 167 235
31 98 131
11 67 93
68 74 182
78 171 402
99 64 348
50 158 299
57 144 397
75 109 191
23 111 134
92 116 212
15 64 122
97 104 375
68 57 129
74 102 357
7 43 52
26 75 109
80 182 262
17 18 60
16 156 257
98 167 443
49 120 218
53 56 121
2 75 81
45 150 195
85 119 205
63 75 227
53 62 124
66 154 399
10 118 305
56 123 196
77 166 286
46 73 256
32 119 159
69 24 229
28 149 357
6 104 198
15 114 209
4 135 272
63 38 105
20 107 190
56 158 234
6 111 126
87 76 164
12 4 22
22 179 217
57 164 285
12 41 56
63 116 238
95 166 415
22 52 75
28 102 274
50 137 198
41 52 112
61 163 231
17 111 128
46 78 159
67 133 206
12 129 184
83 116 234
78 153 237
16 89 287
58 94 193
52 99 301
72 198 273
88 29 160
14 35 83
44 63 303
44 74 302
99 134 327
69 91 181
70 44 116
81 113 214
3 125 164
4 191 231
82 130 270
75 176 299
76 24 102
81 19 109
75 80 187
76 168 252
29 3 74
98 106 232
57 13 76
75 197 327
93 6 228
91 98 258
25 47 78
45 175 264
86 88 180
50 172 267
34 178 374
15 146 293
77 169 269
61 121 332
67 55 148
23 54 126
15 152 185
11 85 128
42 172 223
9 143 160
51 22 125
91 132 232
75 51 225
85 178 271
46 63 214
72 72 152
41 72 121
60 124 192
6 44 65
28 63 92
40 84 166
79 25 104
15 49 96
70 167 246
47 47 118
29 194 334
22 25 51
51 92 156
39 22 69
21 100 126
23 135 321
74 107 185
92 47 139
98 164 301
74 76 153
95 13 209
18 33 175
39 168 213
37 15 97
4 198 222
40 95 150
41 29 79
53 0 58
29 0 51
57 24 102
92 30 127
43 24 71
22 181 284
94 167 399
41 3 61
83 175 305
52 52 148
28 175 251
65 22 94
65 84 190
41 152 210
19 49 101
18 78 97
57 51 119
5 115 309
67 126 259
13 153 170
92 7 103
57 28 95
94 124 243
41 35 77
38 105 310
17 40 94
29 71 106
26 101 176
51 54 110
53 144 209
59 105 175
24 110 139
15 198 215
71 121 366
40 171 263
83 105 200
74 40 118
61 111 210
46 156 228
2 172 175
59 133 195
63 128 224
14 192 206
51 25 76
78 32 118
7 9 211
42 163 222
13 155 178
61 81 171
76 136 357
43 132 185
35 50 118
90 120 214
34 141 180
19 96 116
67 191 266
78 93 202
95 167 265
19 109 295
46 5 71
92 16 250
29 154 252
60 86 151
66 162 273
55 3 89
27 26 81
45 17 223
49 186 239
85 2 95
3 76 93
1 105 116
88 129 358
15 159 215
83 76 187
37 40 79
22 70 102
13 179 223
64 140 214
27 88 162
23 79 119
42 108 170
44 181 254
24 106 246
24 131 158
71 194 267
53 88 151
79 4 87
44 174 224
58 1 68
100 182 297
29 157 206
43 85 150
28 129 175
51 74 296
28 95 296
86 107 279
81 73 174
59 144 208
26 123 157
20 171 217
58 107 208
1 129 175
23 183 241
52 20 191
17 171 238
78 21 277
68 101 248
25 158 217
18 7 102
30 150 225
51 122 209
29 73 112
86 200 295
53 155 216
85 32 117
77 22 145
72 110 199
9 102 118
13 132 150
86 191 438
84 137 231
38 46 98
74 60 135
5 180 195
56 79 137
18 149 181
66 18 86
45 84 254
15 134 153
57 86 159
68 77 185
33 65 140
78 191 361
55 44 123
32 83 122
98 50 151
85 85 171
30 26 75
61 135 199
90 4 104
63 2 73
8 123 136
4 7 15
31 188 219
45 187 236
51 149 342
51 12 75
88 102 230
41 40 81
46 71 127
60 93 346
75 96 172
64 31 105
85 29 150
81 82 345
81 148 420
81 166 251
75 66 149
27 16 53
6 72 195
76 13 128
42 69 157
12 141 162
12 189 204
34 122 165
84 148 236
20 25 45
89 187 322
43 32 78
61 162 253
25 61 129
85 1 110
13 89 110
30 131 252
44 3 189
4 0 10
32 85 122
13 76 106
41 174 390
19 192 212
64 90 156
66 179 286
54 27 234
6 32 67
98 143 245
91 34 129
41 59 143
7 62 73
70 146 220
32 91 232
28 5 38
32 167 207
33 47 103
48 62 131
89 10 214
95 89 193
48 72 123
95 123 221
89 164 263
7 107 160
96 198 304
91 101 193
33 145 180
12 112 129
79 5 92
10 175 202
93 188 282
97 23 264
96 48 267
85 160 262
31 23 71
80 177 260
45 104 159
52 152 207
24 65 138
98 79 196
32 63 229
45 145 332
32 53 110
35 8 212
23 56 82
72 181 300
90 29 127
24 29 150
74 20 100
11 49 86
55 123 263
2 55 59
15 18 43
98 152 259
60 18 171
54 21 104
15 59 110
43 3 69
60 25 85
27 115 173
87 58 149
12 163 226
69 44 286
47 47 291
95 63 182
100 197 302
56 135 198
61 88 296
50 116 174
14 146 161
24 190 218
85 12 101
98 180 279
17 1 29
52 80 219
45 64 119
37 17 128
50 29 100
7 102 113
86 172 261
91 172 371
63 17 125
54 176 241
41 181 358
35 31 101
84 141 260
5 172 315
5 127 160
21 69 242
12 0 45
29 181 289
16 128 144
4 150 330
60 16 86
17 35 79
9 102 116
43 198 246
75 8 96
65 58 130
89 179 384
54 54 115
25 172 367
37 4 45
42 176 302
40 165 255
94 38 140
18 67 94
87 90 202
61 175 290
83 68 200
37 36 144
16 114 247
58 168 229
50 151 237
46 4 50
6 107 113
21 156 208
67 91 183
90 34 147
4 81 85
57 115 325
95 131 403
89 175 274
15 142 158
28 108 178
89 59 166
30 149 180
17 66 89
2 86 168
47 170 225
36 137 239
30 73 112
81 138 251
55 20 83
79 99 178
55 158 243
32 80 136
27 72 109
31 180 218
25 193 225
59 80 158
68 9 107
35 81 153
50 174 239
49 54 121
77 193 279
13 183 206
52 158 226
49 70 124
93 109 217
52 79 210
15 90 114
40 94 139
92 136 277
89 88 316
61 74 156
75 183 406
64 184 378
87 39 157
99 55 178
58 99 179
56 151 215
62 184 414
47 80 312
40 172 237
94 12 112
6 72 82
7 66 82
85 8 119
13 19 136
13 179 332
52 47 280
54 153 253
90 183 315
2 192 198
44 15 162
65 21 121
36 59 95
46 12 253
63 96 164
54 147 206
37 161 355
80 22 111
93 35 172
18 155 181
76 192 278
55 65 144
42 199 247
28 20 65
73 25 281
27 151 180
19 158 187
70 89 164
52 50 112
85 185 270
19 155 202
100 197 304
13 135 330
2 144 151
91 4 118
51 128 262
10 68 104
71 60 240
68 68 155
26 10 41
96 160 347
14 100 114
10 147 162
78 139 375
52 111 173
55 24 165
41 52 143
43 73 117
92 84 180
16 8 142
9 70 88
90 56 150
34 144 178
33 92 171
84 110 198
13 133 272
51 163 233
72 126 216
78 52 139
32 170 263
22 83 284
52 136 188
70 3 129
68 114 288
75 120 197
34 111 229
27 116 294
12 92 247
65 185 260
69 197 273
83 131 357
19 199 243
2 60 62
93 83 179
96 128 279
35 19 198
29 125 156
31 41 82
29 95 130
6 76 257
94 87 344
52 197 359
93 58 151
74 168 284
66 76 307
49 126 181
33 17 236
92 46 147
67 155 355
48 53 144
32 23 61
84 25 110
74 198 290
100 180 284
18 108 323
56 145 224
96 92 233
85 117 361
52 17 119
92 180 292
65 119 189
53 37 276
68 26 248
76 87 206
53 63 125
57 173 230
87 100 372
15 122 214
29 153 185
4 193 237
5 187 195
81 40 168
62 81 328
51 28 82
57 181 277
48 170 219
25 56 172
68 52 138
13 132 150
5 81 198
10 138 148
51 183 409
70 143 214
32 147 224
53 129 215
86 145 238
30 82 170
32 9 54
18 199 250
21 120 144
40 79 126
22 38 65
45 109 248
18 55 82
74 198 278
46 79 201
17 2 25
68 28 105
9 25 63
76 147 316
79 23 105
74 181 268
19 187 211
90 89 223
19 135 189
62 159 228
10 77 137
50 167 340
45 48 187
68 80 153
89 27 193
98 101 249
42 59 110
88 45 284
62 58 135
14 177 197
60 47 234
40 82 163
20 122 147
14 105 153
31 147 188
68 192 299
72 156 406
54 50 200
88 62 160
44 29 73
24 48 198
4 147 158
83 142 234
82 4 136
40 186 259
90 147 274
50 147 244
41 61 114
76 157 267
83 48 299
19 194 253
100 37 137
73 60 139
53 168 251
95 150 247
52 127 189
95 173 276
81 117 204
49 153 212
58 42 100
17 41 59
1 85 126
58 44 102
64 70 142
71 124 196
100 133 243
30 155 351
99 57 160
85 96 187
39 91 131
59 13 81
56 63 158
87 4 113
21 115 142
70 15 225
38 150 224
97 67 361
77 37 158
56 120 178
100 141 278
45 91 168
