110
60 63 137
74 138 320
42 179 254
49 61 147
41 142 201
94 114 213
35 189 232
90 34 132
72 31 106
83 32 159
28 16 236
44 140 236
43 156 228
82 25 112
85 121 216
19 4 60
32 193 240
57 60 262
58 147 209
69 116 212
87 110 286
66 147 253
24 19 75
43 136 218
73 193 274
76 73 183
17 8 215
12 144 162
7 166 181
53 199 312
32 111 177
15 59 88
98 189 297
77 78 162
18 144 170
26 40 69
79 47 160
45 52 131
31 122 295
76 37 117
29 7 41
47 46 195
24 129 161
15 194 294
31 168 235
50 37 93
20 130 169
80 63 146
33 171 229
80 77 315
55 60 122
3 134 170
52 133 218
36 188 229
23 195 223
53 198 259
59 2 103
35 172 238
65 101 167
61 169 245
16 118 162
12 62 74
94 38 152
61 153 220
36 154 206
83 57 225
25 43 98
10 187 218
83 126 216
66 24 100
94 73 329
24 78 202
90 103 203
87 167 283
61 36 283
51 49 107
95 172 387
89 102 198
18 87 112
40 119 164
58 58 134
89 92 370
77 42 200
4 181 226
69 173 271
35 143 178
72 180 260
18 149 174
34 135 193
22 123 149
15 197 221
18 176 201
57 143 288
70 102 260
31 69 123
40 92 191
2 198 208
97 17 140
92 159 257
100 24 135
86 164 339
95 37 177
51 31 114
62 63 313
30 177 210
49 159 215
50 105 233
12 79 131
93 122 221
96 168 268
