250
36 2 47
52 22 93
6 111 180
85 134 226
97 53 159
43 107 338
24 114 146
68 137 230
52 33 90
48 98 148
87 103 190
48 120 177
54 91 313
71 67 288
9 2 27
14 190 216
47 66 123
23 63 134
58 61 129
42 147 199
62 12 138
70 135 400
65 67 312
92 129 317
32 85 145
32 84 296
64 158 254
35 180 244
71 172 254
9 22 114
27 107 135
36 185 228
55 96 156
86 166 254
19 90 111
73 30 112
85 87 218
68 47 129
100 163 376
29 150 257
49 15 69
11 177 205
99 200 301
100 106 368
15 150 170
22 114 218
87 1 114
84 79 206
12 93 298
53 182 243
85 9 99
74 48 164
31 59 95
45 90 178
82 107 210
27 102 252
97 10 110
25 84 158
77 109 192
43 117 197
7 2 9
52 150 392
30 159 195
57 63 158
71 108 182
21 99 121
21 114 177
8 185 217
40 171 382
51 23 80
17 151 174
10 92 287
93 108 228
78 31 122
39 125 173
97 85 183
66 36 111
1 141 165
58 28 109
17 145 264
32 123 196
45 151 348
91 144 344
19 61 85
21 148 351
88 148 396
92 33 132
25 32 213
24 190 216
93 163 278
89 181 433
47 180 293
25 52 241
15 74 97
2 142 188
32 101 274
61 132 218
46 54 109
47 115 196
91 92 286
67 81 149
29 197 414
28 75 173
85 141 272
94 18 120
25 3 57
11 175 377
19 150 212
30 2 32
10 130 145
69 16 93
91 194 290
81 129 232
82 162 244
14 3 34
96 173 344
6 187 340
60 10 74
53 16 76
87 45 220
38 60 121
58 45 109
20 87 151
39 124 179
82 18 101
53 188 261
64 90 161
64 0 70
74 5 136
59 111 175
30 60 129
74 188 392
13 181 194
22 133 160
69 34 181
30 129 254
83 107 207
49 23 75
29 199 357
45 96 143
28 104 324
29 20 201
37 61 103
50 186 259
13 156 203
98 58 156
59 4 73
7 181 225
72 126 217
89 23 276
62 91 154
48 68 118
73 200 318
15 52 70
55 6 63
68 23 146
30 162 285
93 134 230
40 101 191
9 160 174
3 133 176
51 194 292
4 59 103
19 72 129
41 194 240
13 111 172
78 79 166
100 157 261
22 87 117
87 119 400
83 41 165
5 119 154
35 53 116
83 41 163
30 156 233
7 52 157
86 68 201
24 182 214
89 195 406
11 180 345
5 66 88
29 12 43
54 156 256
21 39 64
79 156 236
21 14 48
1 195 368
72 89 162
51 183 234
69 52 125
20 28 182
90 197 456
22 186 221
36 106 148
11 68 82
25 60 118
46 10 98
12 54 90
33 177 237
21 12 109
53 126 299
34 199 238
33 49 85
1 15 29
6 13 62
40 32 73
68 187 386
20 168 218
60 75 137
4 13 23
11 165 343
75 192 361
57 12 110
90 4 104
20 61 81
46 179 231
55 132 195
47 64 114
1 122 270
90 97 216
31 196 330
66 20 120
5 200 307
31 72 103
28 145 246
94 122 229
71 106 226
16 92 117
15 13 30
74 14 278
87 168 259
35 149 230
40 85 170
16 78 250
31 49 105
71 22 135
83 127 346
43 170 273
44 28 79
56 162 224
47 125 181
95 78 200
76 190 297
40 128 177
57 130 200
9 126 136
15 57 75
100 101 401
10 121 137
36 185 259
