290
21 152 179
100 190 305
42 38 267
14 97 272
89 72 198
38 11 53
86 20 151
25 84 144
11 137 158
3 7 180
98 15 242
15 143 163
38 179 217
40 112 163
87 145 237
63 146 211
23 173 299
2 93 98
28 106 140
26 200 246
17 175 206
64 200 268
69 136 213
14 0 14
72 195 356
67 3 109
27 164 200
12 141 319
23 171 203
78 11 203
66 92 165
55 62 147
97 5 102
36 148 184
100 145 246
84 131 250
18 131 344
37 194 254
95 38 221
34 20 59
14 159 179
32 185 287
24 141 351
47 107 257
88 4 237
66 9 85
68 78 291
45 106 167
33 127 316
49 106 187
29 59 96
56 25 83
61 149 231
86 46 144
59 154 253
86 97 183
57 118 200
16 110 227
90 2 100
29 22 61
5 168 296
17 74 101
58 75 223
84 136 222
19 103 124
81 121 226
16 148 208
35 48 84
81 10 97
77 111 236
18 76 96
85 143 238
44 43 91
47 109 169
26 141 200
36 183 315
87 142 230
100 172 277
61 85 334
52 102 162
36 145 208
16 132 150
88 101 278
1 157 201
53 188 267
66 44 120
60 107 169
25 33 59
89 24 118
90 196 427
35 94 138
88 197 295
37 79 120
94 160 360
80 46 163
89 82 213
2 143 319
76 112 193
79 180 306
58 176 257
49 178 247
34 12 195
26 60 92
32 48 130
67 152 228
66 133 201
90 60 153
37 161 203
38 58 144
47 168 232
68 83 155
58 174 258
40 120 218
37 76 114
100 106 247
89 130 327
29 200 269
55 166 226
51 126 181
70 106 191
43 172 218
46 16 64
50 174 231
49 100 150
64 155 239
77 72 251
75 192 271
11 163 223
88 58 326
25 113 138
35 172 403
4 122 128
34 119 157
27 162 239
14 94 138
81 20 145
96 42 140
45 171 257
28 192 258
78 67 311
100 30 247
77 28 130
36 94 139
73 175 296
81 28 116
97 134 234
51 155 229
12 33 47
1 182 197
38 7 239
92 178 420
88 92 182
70 38 157
39 61 110
37 93 301
37 158 280
47 156 253
14 60 81
9 142 164
50 196 307
17 186 263
78 56 143
76 92 175
17 197 224
64 102 166
50 46 104
19 78 97
98 11 303
81 61 152
15 131 156
69 92 163
61 82 144
1 170 176
3 198 239
93 165 261
64 119 261
4 121 168
35 38 79
14 162 211
18 149 202
59 36 248
11 136 186
55 144 212
82 101 189
86 140 271
71 65 206
69 80 197
2 149 175
88 32 140
37 167 208
50 101 165
48 30 108
83 172 324
48 189 247
48 66 120
88 136 271
97 176 279
45 28 224
31 41 242
41 56 262
42 50 146
68 154 229
32 183 255
87 157 313
17 8 43
87 63 151
90 172 286
58 184 248
88 177 272
9 189 198
62 67 136
54 108 166
1 79 100
64 63 232
1 126 131
14 172 200
81 108 245
65 122 378
82 128 211
12 171 205
68 84 166
75 105 227
41 164 214
90 113 205
64 194 263
63 137 203
11 95 117
26 126 201
76 184 301
17 175 219
1 51 66
12 108 120
66 137 389
64 173 244
64 104 280
80 191 280
23 127 315
38 126 181
10 139 180
49 163 245
25 176 212
92 60 193
98 46 181
45 43 94
65 99 190
67 61 143
67 102 322
18 151 178
81 61 329
15 156 205
30 200 387
48 188 275
6 145 158
14 158 173
51 68 128
8 40 56
59 34 201
67 115 188
66 12 236
5 35 196
62 163 275
13 136 150
47 2 82
73 137 249
17 160 183
51 114 173
83 108 213
25 36 62
70 57 130
53 167 224
44 162 244
35 185 225
66 183 259
39 2 109
49 115 213
63 91 352
5 163 193
63 97 273
29 17 52
8 182 221
24 76 251
7 62 122
86 162 268
90 140 302
62 86 180
9 121 161
71 76 167
45 171 260
59 177 246
3 89 92
