950
21 154 237
51 83 138
1 78 81
85 144 231
36 34 72
33 97 189
78 98 277
4 184 193
80 80 188
83 41 147
3 119 129
11 7 67
6 44 200
81 113 308
24 51 202
27 74 295
36 51 127
39 22 81
59 99 163
56 54 141
63 55 259
57 54 114
4 58 111
30 162 238
53 38 100
96 120 289
40 172 218
49 52 109
70 77 147
69 182 300
81 86 177
31 49 115
47 14 62
86 181 275
31 156 194
3 16 29
64 4 84
63 128 195
73 138 257
39 120 348
28 86 118
81 81 187
39 152 236
75 94 277
82 79 163
46 151 205
37 84 127
87 198 292
98 69 213
57 28 90
94 44 141
46 157 368
3 44 87
86 184 466
54 85 141
100 170 317
25 103 299
96 76 185
61 138 282
16 14 41
43 53 96
8 100 136
27 86 245
91 128 248
19 156 185
18 94 150
39 71 134
100 129 279
21 164 267
18 169 231
56 75 131
61 173 240
65 147 216
80 4 89
29 79 118
60 74 268
52 68 129
64 194 297
44 100 152
29 141 176
18 110 132
51 177 390
94 172 285
45 163 250
14 126 150
49 182 239
11 80 289
7 81 281
70 10 85
92 163 265
98 116 217
68 103 171
80 113 193
20 21 85
48 35 213
57 199 277
96 44 158
77 108 218
80 179 267
99 88 231
88 14 107
100 123 229
1 123 129
19 143 320
73 49 129
46 35 131
1 197 379
51 142 194
91 29 143
85 172 265
77 68 175
68 105 192
75 36 112
43 60 225
29 39 78
87 160 350
69 190 263
69 88 157
73 22 116
5 98 136
61 110 175
46 42 91
41 133 315
42 154 209
14 44 60
84 53 151
89 112 241
66 85 186
85 195 286
10 69 123
9 191 206
60 116 354
38 17 55
23 148 177
83 140 224
48 159 245
51 25 215
95 65 249
98 167 266
86 85 229
99 148 371
70 77 162
18 156 184
74 118 375
37 33 203
36 120 159
87 169 327
27 10 76
20 13 43
8 171 208
71 70 148
83 11 99
24 135 161
26 107 148
96 191 389
44 72 124
30 127 206
64 184 251
39 18 67
95 128 357
67 18 86
4 155 167
57 169 260
50 20 89
74 88 162
11 14 30
18 72 97
89 89 183
4 140 147
56 77 145
38 100 144
59 89 284
31 57 92
90 186 278
82 116 198
93 126 302
98 95 198
92 31 152
20 127 148
54 128 210
47 38 222
1 102 111
86 189 285
6 170 323
43 143 295
57 194 265
60 178 238
54 111 181
85 178 283
24 137 197
86 191 317
18 115 135
50 52 108
4 109 164
83 48 138
25 145 222
8 61 79
66 48 226
63 56 129
29 35 103
12 112 130
8 20 209
84 9 97
4 190 201
25 114 142
23 92 295
72 146 252
60 53 159
47 34 221
61 96 278
75 116 193
53 13 116
24 80 216
61 144 248
24 86 146
68 172 272
87 82 353
4 127 133
33 195 232
2 55 60
91 104 342
14 25 49
62 162 234
48 137 191
51 5 163
7 60 94
34 168 287
75 69 153
28 26 216
50 81 225
9 142 156
90 116 358
76 193 412
36 97 133
80 136 266
40 1 49
11 186 323
91 11 139
25 114 182
64 147 244
37 176 223
6 75 178
73 148 241
1 156 158
91 4 113
46 26 76
76 174 397
86 175 429
44 23 95
95 143 437
81 26 278
16 38 63
13 12 113
25 175 246
13 32 66
52 5 63
75 6 88
95 192 296
46 32 92
34 156 213
5 155 268
20 176 215
68 144 224
46 30 156
27 6 34
17 65 89
88 83 367
42 100 199
19 80 103
22 143 173
57 42 128
6 185 198
34 84 296
10 174 294
27 68 128
50 173 411
6 46 61
59 152 231
34 50 92
53 152 239
60 1 228
33 160 199
31 76 137
94 199 298
77 100 279
32 110 143
52 187 277
34 131 210
7 41 219
22 178 202
2 179 184
35 119 155
47 186 359
76 136 235
5 79 200
71 78 184
69 107 181
65 163 264
90 125 225
80 85 167
80 19 108
25 177 217
60 169 261
90 145 266
40 20 61
58 71 132
18 122 255
10 117 133
97 38 212
2 39 57
24 88 120
24 42 79
85 67 181
74 42 131
29 45 186
54 34 182
37 33 259
71 137 228
49 8 103
6 134 160
19 49 69
12 199 284
56 34 210
12 19 147
18 143 171
48 80 130
45 154 216
39 169 212
82 149 260
8 155 181
11 84 98
41 176 390
55 39 94
9 112 149
66 45 112
18 107 126
68 179 397
76 61 158
60 48 149
40 105 152
47 1 97
34 99 172
32 51 120
37 181 259
96 31 133
49 144 197
39 47 90
66 172 238
78 130 216
99 51 158
83 107 203
99 40 144
93 139 234
78 69 261
100 158 267
72 97 298
46 54 105
69 180 256
93 172 459
29 76 148
2 79 86
45 55 196
62 142 253
59 169 426
13 60 111
20 199 228
62 89 158
9 33 109
47 126 192
35 142 217
92 141 272
69 72 151
83 192 278
5 163 191
13 149 183
68 12 89
80 132 213
6 186 222
61 126 347
1 107 108
18 120 157
75 21 128
78 168 375
11 24 78
59 164 255
36 19 82
58 123 330
25 162 221
39 73 132
48 9 235
91 144 243
97 6 238
10 183 198
82 83 204
52 9 108
52 76 137
8 191 202
77 46 269
70 135 224
99 176 308
53 192 245
68 195 430
89 146 239
71 133 349
87 121 253
99 47 188
44 99 147
33 20 57
2 187 220
23 41 69
66 154 357
55 106 163
43 118 169
80 165 296
99 62 189
63 51 161
66 139 211
59 188 364
72 147 220
63 95 207
8 162 173
19 86 204
7 45 60
34 90 132
86 144 236
16 81 157
6 41 47
98 50 183
99 187 348
15 155 173
51 8 77
73 143 220
32 97 175
53 75 132
76 34 119
93 102 243
95 71 177
57 176 278
87 166 253
57 52 289
17 183 208
7 125 199
85 58 144
73 200 275
80 151 346
75 137 228
95 42 169
11 70 82
57 145 238
30 123 179
84 142 233
20 32 105
20 12 40
43 157 392
3 133 312
28 31 89
63 91 154
43 70 117
19 43 168
28 151 302
20 172 197
79 61 152
5 189 256
23 89 113
60 9 76
83 159 243
99 83 208
43 111 173
43 141 186
67 166 234
36 116 190
94 81 214
55 116 287
66 100 211
61 110 178
76 164 432
28 49 84
79 38 165
85 57 232
3 49 109
18 25 61
25 169 201
22 83 154
84 47 146
36 168 206
18 26 50
52 165 254
5 136 243
29 67 102
75 32 141
63 125 367
78 133 221
89 151 267
25 33 221
12 155 346
29 168 203
93 46 225
10 120 147
90 1 248
66 159 251
10 103 119
3 128 158
36 58 131
67 60 152
79 133 221
15 164 183
32 131 169
25 163 231
34 7 70
44 28 100
34 154 192
64 24 90
37 94 137
69 147 226
52 102 165
25 61 135
37 28 74
21 95 119
48 170 295
94 131 350
42 61 137
49 96 149
59 2 62
82 80 166
24 97 127
70 106 266
5 133 187
47 75 287
37 149 365
73 42 154
70 12 112
39 199 245
43 66 110
50 9 61
80 10 120
51 105 195
26 9 112
2 29 175
20 172 233
12 121 183
90 8 103
79 9 89
5 22 65
73 109 229
56 55 131
99 145 396
80 67 181
24 105 130
73 153 240
25 11 36
11 200 213
37 71 113
95 111 378
16 79 116
15 63 258
12 143 158
89 115 388
39 15 61
43 41 90
24 60 97
34 14 166
96 106 364
75 164 277
65 99 280
35 1 38
71 185 360
93 187 404
58 200 399
37 17 55
71 143 218
81 44 125
58 9 108
23 129 334
37 70 110
57 51 112
50 7 67
14 167 181
56 103 181
8 178 268
34 19 204
87 188 385
73 88 261
98 3 169
83 66 322
19 52 72
83 180 263
66 151 394
85 175 301
80 169 257
70 188 268
98 64 168
53 34 89
42 50 134
57 186 274
24 183 210
18 144 308
37 29 73
81 101 183
66 13 205
4 97 118
62 123 187
1 32 57
88 113 224
84 154 286
95 160 255
61 195 301
78 188 433
87 19 115
4 4 54
38 31 79
56 182 243
5 90 102
60 169 376
86 179 265
59 11 79
74 64 143
64 134 262
52 104 278
7 141 150
49 43 97
73 75 240
52 186 243
7 36 68
47 110 167
10 137 155
41 40 81
98 183 285
78 133 211
63 109 242
83 69 158
33 180 237
48 4 61
89 140 232
61 153 377
40 116 178
48 41 93
13 19 55
29 72 273
42 32 123
51 145 224
71 16 89
57 22 97
86 163 402
30 66 98
82 143 263
64 183 416
5 58 130
64 112 189
79 140 226
56 16 85
9 188 275
89 58 151
65 25 127
34 85 310
24 50 97
28 61 92
46 165 217
78 16 96
42 0 51
7 107 120
74 99 183
51 181 232
85 80 166
91 33 129
65 143 216
84 112 216
28 107 178
52 36 207
43 44 116
98 175 283
75 37 120
61 183 436
7 65 83
6 149 160
5 25 72
81 162 253
55 126 298
79 69 256
23 97 128
29 30 95
70 122 238
69 34 108
29 116 213
72 15 88
3 171 345
1 159 169
94 93 377
32 26 224
61 83 153
98 159 261
52 102 157
1 199 245
69 122 195
24 3 80
73 11 264
53 188 267
28 171 343
38 5 76
64 172 347
35 149 184
55 41 96
73 90 164
64 86 158
27 177 237
46 188 282
80 63 144
82 41 139
89 184 348
95 44 161
97 111 213
4 16 90
11 74 91
14 156 176
54 177 258
32 30 71
35 64 103
99 180 288
74 47 220
21 51 114
49 50 103
7 118 127
21 129 155
70 196 287
33 66 131
81 127 214
37 88 156
46 97 151
62 30 283
38 119 162
5 160 170
97 56 157
54 112 211
92 124 217
47 20 160
54 60 117
27 112 144
48 87 142
53 54 248
83 104 188
51 70 128
25 165 362
94 134 318
70 157 375
67 34 247
23 75 137
17 139 324
68 49 190
48 192 287
28 95 134
81 42 123
2 9 16
12 183 330
75 66 263
24 163 377
30 55 88
99 179 326
50 60 168
100 186 336
49 137 206
35 107 145
72 123 331
45 142 217
23 12 50
40 100 208
60 147 287
27 51 275
40 17 105
25 176 318
76 186 270
49 184 273
38 28 69
8 104 115
3 159 166
89 20 111
43 34 194
71 57 153
16 109 135
100 15 128
64 16 164
40 101 172
16 169 297
60 145 212
16 66 119
59 81 200
72 182 262
42 26 74
46 56 119
17 13 39
69 189 342
51 196 291
60 20 128
22 59 88
65 36 151
6 155 163
66 80 151
65 108 202
61 94 183
45 64 289
78 159 239
72 15 233
32 181 222
57 61 176
74 144 351
68 11 84
54 190 334
7 196 353
43 6 124
85 105 195
64 78 147
51 143 250
66 82 152
72 139 226
23 113 146
48 99 196
32 182 218
63 164 228
48 46 100
35 7 43
9 153 191
85 34 141
40 109 246
21 118 147
9 131 149
40 35 76
62 5 97
32 111 294
85 4 99
64 110 321
96 61 166
51 64 153
57 19 83
52 135 321
7 69 87
67 120 319
81 62 165
29 101 135
19 182 218
90 173 283
57 196 369
77 97 179
42 143 213
10 86 251
45 104 158
73 1 132
98 187 315
50 74 292
85 165 276
12 34 66
84 77 190
83 24 161
54 126 201
2 30 39
55 21 83
27 108 158
33 128 176
88 117 278
51 103 184
16 200 224
27 44 77
2 108 110
50 49 108
67 187 257
48 130 329
22 46 68
90 162 293
76 109 185
59 154 314
63 124 187
20 74 294
11 84 105
34 107 257
62 159 258
17 74 95
95 45 148
36 86 125
73 70 146
52 53 146
58 5 98
81 113 237
74 55 150
100 144 277
89 183 317
81 18 253
59 197 262
92 154 247
45 178 255
93 16 117
42 142 188
88 184 292
93 65 224
32 92 145
88 200 459
51 132 185
56 139 201
61 111 191
3 162 171
46 24 74
9 136 272
54 130 188
66 24 102
34 87 166
60 107 176
68 150 228
17 83 100
18 94 181
10 70 105
47 200 309
6 20 37
88 71 165
97 26 130
7 72 82
65 152 243
25 48 83
5 17 181
76 64 144
90 2 126
55 55 110
93 121 216
31 104 159
38 146 197
75 55 326
78 147 228
26 6 42
14 126 140
9 199 244
6 134 322
26 135 171
37 73 114
70 36 230
32 138 176
65 107 189
91 125 226
61 71 134
11 176 347
57 24 110
18 155 351
98 50 149
63 20 109
47 183 238
7 120 170
33 187 220
23 98 163
10 186 207
97 132 413
71 6 86
37 198 369
93 141 234
76 112 215
68 157 413
19 162 185
