880
98 116 223
41 16 67
15 114 134
95 75 175
93 195 329
57 125 184
20 45 143
43 173 232
74 137 233
4 125 147
1 2 12
35 157 331
30 84 120
57 99 170
98 81 189
92 56 153
85 127 362
35 96 171
21 170 241
10 153 163
60 173 241
44 114 287
69 193 267
19 19 59
54 39 107
6 50 58
90 163 286
8 182 213
1 106 135
17 187 288
13 120 282
76 106 213
5 33 43
74 38 132
85 162 257
77 33 111
36 183 323
8 74 108
6 50 73
57 23 224
96 48 154
73 109 207
92 164 435
81 43 133
90 85 183
35 100 318
98 114 217
70 144 220
45 69 118
7 23 165
15 171 231
98 118 221
49 193 249
9 14 26
73 152 235
62 24 105
100 9 240
28 200 284
16 164 247
72 5 85
80 154 333
81 159 281
77 131 220
15 166 188
75 179 452
22 176 198
19 194 376
92 122 226
78 45 190
29 52 88
35 119 228
66 197 420
64 77 239
56 113 179
55 86 171
84 85 176
51 71 257
41 66 108
95 86 182
40 139 226
90 4 189
11 54 116
94 89 193
43 198 291
53 118 181
66 134 244
52 114 168
27 25 64
57 19 122
35 146 325
33 1 55
48 200 257
97 10 115
8 144 320
28 141 182
87 196 312
61 116 194
1 147 156
42 21 66
78 171 255
81 186 271
80 127 230
27 78 140
60 187 254
45 108 203
52 47 217
39 65 263
93 52 148
33 118 224
53 93 159
67 134 249
55 196 287
69 164 262
20 125 150
43 159 202
62 17 105
35 53 131
66 34 117
83 190 450
6 107 113
27 95 275
27 118 238
91 75 188
72 136 210
83 6 92
40 161 207
26 119 147
2 165 175
96 108 228
47 189 236
22 78 143
3 119 132
16 178 209
77 192 454
58 80 147
29 123 185
51 158 259
17 176 201
89 187 359
78 135 222
38 168 238
19 35 54
50 124 184
66 173 245
63 169 274
91 33 134
40 48 92
83 11 113
15 19 69
19 59 123
12 144 194
7 88 250
40 153 214
12 185 203
56 29 108
61 21 143
87 74 168
29 40 70
98 58 160
7 186 200
66 169 238
58 192 258
7 38 49
6 161 173
62 76 172
86 124 231
9 162 340
42 191 240
26 153 188
25 120 155
22 101 307
93 156 280
70 59 261
83 17 112
29 10 60
75 33 252
86 86 217
27 187 402
9 79 199
40 62 103
93 180 298
9 145 163
41 129 205
27 71 152
58 117 293
66 101 168
31 72 121
7 26 71
25 153 185
74 76 163
9 124 161
31 27 144
87 72 199
90 137 252
27 59 96
35 155 240
71 32 110
25 33 169
42 84 187
51 171 229
87 184 336
20 110 153
62 76 182
55 4 61
86 18 118
96 106 395
15 85 166
16 177 223
36 17 55
99 45 144
50 39 207
72 65 137
96 134 240
28 32 66
2 130 175
35 89 125
100 132 264
16 128 187
49 197 255
76 36 133
15 119 166
84 22 132
41 31 115
96 169 275
12 6 161
42 83 127
29 128 206
82 162 444
10 106 134
76 199 298
3 197 224
58 165 230
22 138 170
23 45 93
85 147 275
58 82 173
75 184 261
76 63 139
56 51 109
70 136 214
67 41 118
29 81 262
51 200 251
34 78 122
79 122 216
6 199 306
64 157 389
66 60 219
58 74 297
83 51 142
30 109 147
60 150 221
66 84 156
18 7 30
34 76 154
78 57 136
44 179 258
39 192 277
99 196 446
74 102 332
85 182 425
27 160 206
62 54 197
22 174 223
50 187 260
29 114 153
48 98 162
60 151 260
77 154 305
93 3 104
26 14 44
84 45 137
56 161 227
33 192 248
7 149 156
96 139 324
81 127 256
42 22 66
83 60 152
84 185 269
78 48 130
76 92 173
5 120 126
79 163 244
78 109 209
37 21 216
9 132 168
92 13 107
61 144 215
33 116 151
17 158 251
82 65 183
73 109 208
39 193 238
96 102 206
97 158 255
87 5 197
24 193 227
52 3 80
37 135 188
94 57 161
64 177 242
6 5 21
43 32 115
35 142 357
88 22 288
54 94 168
10 38 55
94 91 356
52 76 131
71 126 199
77 12 96
78 92 218
79 79 273
44 34 257
56 130 206
31 170 209
87 180 270
20 158 335
58 102 354
31 124 202
8 94 109
12 68 95
83 131 215
67 112 219
41 42 195
39 105 338
56 194 254
22 164 260
39 65 118
87 183 272
82 183 303
34 152 189
42 69 161
61 175 243
58 42 106
22 133 158
73 125 216
22 117 177
80 130 386
8 97 299
86 64 155
95 131 232
23 82 211
3 42 125
25 83 114
33 130 219
1 100 105
59 125 191
27 110 140
31 134 172
91 123 387
37 91 170
45 49 200
78 122 201
4 43 56
88 77 195
11 109 134
2 116 123
77 121 371
56 151 216
88 13 137
77 161 384
37 12 50
33 78 115
11 24 35
83 130 357
38 122 186
4 49 97
26 150 209
87 85 304
95 116 379
79 124 215
40 55 123
25 11 40
52 113 206
91 33 151
57 116 178
47 92 252
20 9 226
11 198 216
60 39 99
21 56 118
23 19 78
31 74 173
13 75 132
45 161 233
60 96 187
98 56 163
28 32 213
99 119 226
7 123 141
6 77 118
30 17 57
61 13 184
27 24 89
69 117 213
1 193 202
35 174 210
84 153 345
74 187 262
3 87 90
82 104 196
85 68 160
85 15 127
79 97 184
81 105 194
40 39 244
36 119 161
30 138 331
87 76 334
72 85 233
77 137 217
12 53 70
85 47 134
23 47 233
39 173 313
96 192 370
15 111 154
7 170 250
1 27 29
78 199 295
93 148 263
97 109 221
6 0 118
59 180 427
17 146 173
60 85 156
67 144 253
68 123 222
89 94 191
83 6 122
62 100 216
88 94 215
78 23 146
15 130 164
82 27 112
78 156 261
95 94 199
83 8 95
55 86 146
83 123 234
62 29 136
91 171 267
25 129 280
42 44 96
36 95 206
48 169 231
33 34 114
48 96 244
88 77 213
55 90 151
32 169 217
77 151 228
68 90 254
29 124 168
43 137 353
32 115 150
33 188 222
11 89 107
87 38 170
74 2 81
67 174 246
65 50 120
79 21 145
82 189 359
99 51 174
36 158 221
18 120 147
91 188 287
65 84 197
37 187 225
86 94 192
3 186 196
55 182 281
46 191 256
7 108 248
36 74 224
62 80 154
90 94 346
75 89 169
84 47 296
19 132 151
24 168 193
30 145 182
53 106 165
87 199 313
47 65 142
38 178 320
20 103 123
44 108 295
11 147 207
98 20 152
38 121 208
72 168 288
63 128 239
86 23 142
24 71 151
22 33 61
23 72 96
14 42 64
100 168 356
99 108 406
69 67 165
88 194 447
50 166 226
31 14 174
62 155 236
1 77 81
50 9 164
62 35 119
41 137 227
19 77 101
99 187 324
34 107 163
95 76 228
93 9 115
62 70 177
98 92 300
5 173 194
58 131 190
32 135 173
91 19 128
11 55 70
60 88 183
78 128 260
43 109 236
94 191 290
39 129 178
56 193 255
51 158 256
77 49 164
5 189 257
41 179 247
24 106 132
9 26 38
12 36 71
66 49 159
98 178 438
51 55 302
41 198 252
27 71 268
93 159 262
68 76 319
71 29 141
95 122 259
21 18 79
26 162 196
35 6 159
64 74 145
4 193 202
24 183 241
47 111 188
40 181 326
79 1 89
94 60 161
54 144 222
39 138 178
16 143 251
79 157 271
5 92 107
31 29 110
6 79 129
35 39 124
32 170 209
33 111 147
29 120 159
86 44 172
54 87 302
11 194 329
90 120 238
91 154 255
64 72 173
64 22 119
44 28 74
19 59 82
86 132 219
50 183 236
76 110 193
6 194 203
37 126 189
100 197 423
8 174 183
94 156 385
39 10 95
9 115 169
23 5 74
17 166 348
24 177 318
96 192 374
24 153 189
56 138 345
43 100 173
21 144 347
41 92 153
69 79 168
12 123 301
2 78 204
19 59 108
89 10 104
10 7 34
34 70 111
19 7 36
63 142 213
85 143 277
30 27 85
5 145 290
34 98 142
52 70 131
21 175 384
96 181 317
23 147 198
52 44 99
51 181 240
21 92 151
42 164 230
68 193 268
14 160 180
93 0 107
85 65 331
37 16 93
83 72 195
3 125 131
21 139 167
11 46 101
15 107 127
35 101 137
98 133 237
47 53 142
82 82 165
83 181 281
23 88 125
51 192 353
10 48 65
87 130 220
34 94 170
11 70 82
8 168 194
87 100 340
92 95 375
71 93 172
46 30 108
34 92 206
59 22 155
32 118 320
18 107 313
92 153 280
78 19 112
81 21 144
61 152 300
34 163 206
55 196 256
39 125 169
41 58 105
42 103 157
42 149 195
35 109 148
66 121 217
41 78 124
24 155 297
17 100 186
71 19 282
44 114 195
57 70 131
65 125 222
51 198 279
70 183 259
63 81 145
71 29 126
55 14 70
63 48 166
49 153 202
81 2 272
85 128 246
75 9 103
15 118 266
73 100 177
25 33 85
46 198 253
24 142 169
24 139 173
98 59 187
18 100 128
31 105 138
61 57 128
47 139 194
47 16 112
18 69 118
86 3 94
90 185 293
7 141 216
20 31 53
60 192 254
37 142 182
48 124 179
2 18 154
42 106 148
4 163 169
31 16 54
80 63 190
5 77 108
81 30 127
2 88 106
10 30 62
64 160 418
11 137 153
8 4 16
75 147 386
68 72 165
62 13 82
9 194 213
49 54 232
43 199 242
73 170 252
2 18 63
76 178 424
74 40 152
30 134 172
5 46 55
24 98 132
16 110 166
24 120 151
21 148 179
45 177 261
6 163 210
88 146 308
60 69 137
4 151 158
60 66 158
88 6 97
4 58 68
70 76 165
69 103 205
9 59 185
20 105 133
33 13 154
38 64 130
79 101 281
20 120 180
85 185 276
16 131 304
97 180 286
88 2 118
83 101 189
36 109 145
95 71 173
68 177 253
49 6 107
4 132 190
94 176 278
90 182 277
22 12 43
97 32 144
50 188 250
93 30 131
52 85 145
96 75 187
65 44 167
81 199 316
4 73 79
35 186 222
79 26 107
80 111 199
3 79 123
87 142 252
67 172 255
93 86 186
19 190 355
67 119 384
61 114 285
69 7 83
83 152 236
9 73 146
4 18 163
40 147 195
23 24 52
78 196 285
30 45 262
23 116 148
70 188 347
19 122 142
34 92 126
90 148 242
71 142 213
42 121 327
78 78 222
41 149 301
20 141 179
14 114 132
21 0 194
14 80 127
80 60 154
97 52 274
35 43 113
16 165 208
85 112 227
33 197 263
59 198 348
87 162 288
88 24 159
28 85 117
44 198 272
57 134 285
34 82 124
65 69 153
82 28 130
95 5 150
64 172 236
78 107 231
43 3 68
80 110 191
15 126 164
62 141 207
66 119 231
68 79 155
77 135 225
93 141 238
51 46 102
91 64 159
71 75 146
19 86 228
69 50 161
67 31 114
34 89 156
19 83 191
48 38 190
49 65 122
4 140 168
40 109 153
32 15 123
7 16 24
4 74 273
57 28 123
77 152 246
16 190 216
7 5 18
34 160 277
70 171 242
98 113 215
90 189 279
35 161 206
42 85 128
66 144 256
42 45 116
45 160 210
84 92 313
17 111 170
36 132 262
75 118 197
34 144 187
68 76 284
79 19 134
93 26 134
92 126 322
8 17 29
6 182 257
29 115 220
12 0 15
39 49 98
16 118 138
54 194 255
92 14 111
40 155 265
12 189 205
74 176 250
52 32 134
80 58 165
74 38 188
5 165 178
34 194 231
20 86 120
34 191 225
14 142 206
70 196 453
95 99 195
57 57 171
3 19 64
3 40 47
86 26 118
85 54 333
