250
31 121 154
98 186 364
67 103 180
65 192 265
8 59 74
68 3 72
10 157 199
5 18 24
61 126 192
60 133 323
16 141 194
25 57 131
32 145 177
17 185 249
6 13 22
36 193 271
36 58 140
79 158 290
27 149 181
4 60 217
19 97 123
49 128 183
92 26 119
79 80 169
5 36 139
38 107 149
67 123 192
13 64 147
28 189 256
92 152 251
53 4 152
51 24 165
12 189 211
60 84 313
44 114 240
79 10 159
76 69 185
48 25 91
66 120 296
70 150 228
52 175 417
32 11 49
94 39 143
9 173 187
96 107 212
40 119 209
5 119 131
9 145 161
27 177 245
13 105 141
68 190 318
35 197 263
77 10 126
55 72 136
48 172 225
87 18 113
88 63 159
14 154 186
61 29 91
49 167 220
72 15 190
93 81 183
39 46 233
3 58 177
53 133 199
90 186 283
57 4 61
6 36 42
34 3 43
83 103 384
18 75 154
35 139 183
38 124 164
54 18 79
53 168 387
91 94 360
20 59 82
13 52 196
80 184 282
11 134 191
40 108 157
12 111 133
52 16 68
76 102 199
54 67 128
5 80 111
63 4 70
8 36 48
69 72 164
49 28 205
5 119 144
72 139 220
19 0 39
85 97 182
67 183 309
58 182 259
19 125 340
21 51 76
11 193 318
10 157 201
95 36 136
95 177 333
23 192 266
24 163 193
18 47 244
30 122 160
5 100 166
51 40 92
81 187 268
3 90 93
14 190 209
49 56 110
86 68 155
36 196 240
15 65 116
28 140 185
7 120 302
58 31 121
27 178 206
45 138 184
100 172 321
55 85 179
10 185 229
88 111 209
86 31 123
87 57 196
42 118 161
35 119 171
76 188 267
65 120 299
80 165 307
4 55 63
22 71 132
69 6 91
27 75 298
83 76 254
34 98 152
39 176 220
71 151 223
74 160 275
3 83 92
62 133 205
72 199 322
59 159 226
57 183 429
76 118 200
34 8 45
35 88 151
76 78 178
87 163 251
53 178 235
84 135 222
44 104 174
83 163 264
14 85 139
47 3 53
11 173 348
30 104 142
65 109 178
1 128 129
95 40 143
16 71 224
26 23 93
34 158 213
62 180 440
73 182 286
77 83 272
94 8 107
23 118 179
44 159 242
43 151 219
29 89 312
76 94 194
91 170 422
64 65 130
48 104 158
74 86 233
82 112 195
50 55 285
58 127 219
79 29 108
91 73 201
58 93 254
71 185 260
49 174 353
77 99 369
48 52 112
51 1 149
16 38 58
30 32 97
96 26 303
51 178 422
99 198 302
58 10 268
70 166 236
45 33 203
43 80 161
87 23 111
45 115 168
14 93 130
23 96 125
25 127 159
67 176 251
75 45 143
86 11 136
41 186 270
72 89 339
49 158 371
84 118 207
15 97 188
54 1 64
7 98 108
49 136 189
36 49 90
29 181 219
36 83 137
95 2 164
2 82 85
62 187 282
26 114 172
68 157 401
80 9 247
67 70 308
78 167 247
93 133 267
55 6 199
59 51 129
45 41 88
81 177 267
95 188 391
49 183 242
10 90 110
2 150 237
97 83 197
30 36 70
100 0 173
80 30 114
20 190 381
60 193 382
1 157 215
86 121 216
71 120 205
79 123 312
81 82 169
40 11 168
69 83 184
90 14 126
15 127 178
74 30 113
48 37 236
