710
10 177 196
91 156 289
14 36 130
70 63 246
99 24 128
3 54 82
2 8 69
95 152 252
26 5 170
22 148 203
52 46 259
38 38 76
31 148 349
52 97 161
83 107 191
71 128 233
9 169 207
88 185 274
55 70 171
95 52 284
24 140 172
58 89 151
62 107 203
28 11 75
79 17 102
62 88 150
16 188 246
81 65 310
5 123 299
34 64 98
53 73 130
88 155 249
65 165 243
4 107 149
12 21 45
86 122 218
29 4 121
46 52 104
34 196 233
2 199 235
43 11 82
32 183 222
67 79 196
29 54 87
3 159 204
76 48 302
58 180 270
79 190 294
43 92 160
71 134 246
28 115 174
14 74 93
47 152 286
16 90 115
65 187 292
43 125 179
87 200 290
68 161 279
9 112 261
79 105 191
22 179 222
91 186 335
77 175 254
64 63 244
31 56 119
53 54 116
26 196 264
64 103 206
39 19 70
98 141 278
81 107 215
3 86 105
33 99 305
74 62 290
30 173 209
19 116 257
41 192 376
46 103 321
64 71 143
27 9 65
3 52 55
37 133 173
54 60 135
32 10 45
45 76 138
22 131 153
45 40 259
90 160 267
59 137 196
71 102 175
25 30 100
15 75 94
26 44 91
23 137 208
75 179 297
68 142 324
24 159 277
88 13 101
55 179 282
48 175 271
10 176 320
21 83 113
81 126 217
62 157 366
18 39 59
3 176 287
95 138 233
80 11 291
12 56 72
75 116 198
91 78 366
24 178 208
59 16 91
26 135 236
56 115 210
53 81 158
69 19 96
41 76 121
49 4 62
86 141 227
53 123 184
92 25 154
14 26 41
36 194 423
90 35 155
13 80 275
54 172 300
51 43 208
75 149 249
64 19 99
21 26 47
2 80 97
45 164 209
7 128 155
65 162 374
74 171 256
72 172 291
71 16 130
25 10 200
43 199 242
68 97 192
86 6 107
21 85 107
73 66 187
27 139 205
79 69 151
82 131 223
99 142 332
61 93 157
68 68 317
1 51 102
98 17 158
34 175 212
58 165 227
21 75 286
30 180 217
30 96 139
81 190 285
73 133 220
1 189 194
66 108 285
7 103 110
9 7 118
51 81 174
78 157 247
40 175 298
100 119 273
58 140 215
60 40 106
59 73 133
28 184 405
3 107 284
74 129 253
76 153 376
90 42 146
83 66 282
100 192 292
98 15 115
31 49 80
29 192 229
56 128 212
63 159 284
85 114 220
27 159 205
57 80 172
19 159 342
18 178 201
2 131 170
98 28 179
3 5 8
39 35 138
61 144 216
12 139 166
47 64 244
51 196 383
39 194 261
55 102 336
30 22 58
15 17 39
18 85 103
77 4 251
54 156 351
97 45 142
27 177 221
5 48 137
56 117 175
72 143 225
83 54 305
93 29 242
92 36 139
80 20 169
78 4 101
2 23 59
60 89 175
26 87 123
59 56 163
36 44 85
34 118 156
1 20 27
81 55 137
59 66 134
90 91 228
54 24 79
84 45 142
58 27 208
13 182 205
13 17 98
82 94 274
97 176 363
51 25 206
17 37 63
40 174 372
11 9 22
16 96 268
77 159 236
5 80 114
84 182 275
44 42 115
78 163 242
34 28 63
25 144 193
6 191 289
38 1 39
41 44 101
12 100 128
53 157 210
81 104 186
21 59 92
76 53 167
86 121 211
76 60 141
1 42 48
65 119 340
61 186 252
73 53 130
1 48 66
57 92 156
96 46 179
85 148 233
34 30 67
20 186 309
1 72 76
4 8 118
48 152 210
73 14 135
20 4 116
55 82 141
92 81 294
61 36 107
100 161 261
12 139 192
92 121 276
76 31 109
56 95 259
11 81 247
31 24 58
12 133 154
96 72 360
28 24 99
42 139 184
71 132 264
29 183 373
88 36 134
97 89 202
99 23 128
72 67 172
68 63 279
18 51 88
13 131 150
72 22 103
69 28 137
2 61 111
84 103 222
10 120 263
22 76 144
9 198 218
70 3 77
95 12 111
56 19 80
89 151 244
17 190 268
30 176 232
96 199 301
41 77 140
54 77 131
91 4 98
22 46 103
9 147 165
35 35 79
37 150 322
47 186 292
12 64 88
67 179 256
61 6 98
33 116 170
94 87 285
24 17 50
2 112 141
17 13 39
41 126 194
99 178 316
94 180 274
60 172 233
69 69 140
34 183 333
73 2 119
22 60 130
97 148 247
31 25 75
58 148 339
22 146 352
4 176 189
74 190 378
59 87 194
97 20 263
66 66 135
6 14 25
37 2 130
64 170 237
43 0 204
89 163 261
90 144 247
89 86 225
30 152 203
75 160 244
35 26 66
44 30 83
96 192 295
54 108 229
33 149 242
13 97 263
9 83 177
86 71 195
57 52 146
15 165 190
47 101 158
73 39 234
41 198 350
40 22 81
42 195 244
66 13 111
42 196 243
26 16 161
37 72 109
80 13 144
25 152 201
18 39 117
24 83 113
8 70 88
16 175 196
5 102 111
1 89 123
39 25 80
79 97 181
56 132 233
36 58 95
76 104 221
34 40 90
83 90 208
44 144 188
91 18 109
100 92 219
68 178 251
45 61 209
70 158 302
8 109 283
75 27 189
78 120 200
65 81 183
74 164 243
40 145 193
15 128 193
93 153 402
54 139 234
6 97 105
64 95 162
97 15 118
74 86 226
36 130 172
32 83 249
5 175 223
25 18 51
94 158 257
91 4 96
27 161 206
64 94 186
72 44 166
17 121 150
67 180 415
67 103 179
87 176 269
96 19 124
94 101 196
14 117 221
37 75 117
60 21 113
43 64 116
74 45 154
33 26 150
40 119 282
21 138 167
43 27 75
70 42 114
14 16 45
83 63 236
91 109 206
11 143 291
99 72 227
24 55 81
45 188 297
25 32 183
88 149 241
100 53 196
56 36 141
84 69 162
29 78 115
29 109 146
91 180 295
92 43 151
47 14 68
84 66 183
68 127 203
85 115 397
9 40 72
10 11 25
3 13 66
23 12 37
98 180 282
85 15 150
45 95 153
98 2 275
24 174 248
45 19 73
57 122 239
96 166 308
95 76 179
42 27 122
20 169 299
29 175 212
43 76 240
96 140 238
58 60 118
21 92 147
77 19 183
11 158 269
62 89 158
42 75 279
52 114 168
93 134 249
15 68 83
83 159 247
46 86 133
57 110 269
78 117 199
27 146 203
43 88 141
47 21 78
89 105 381
12 5 27
75 66 186
53 171 229
93 69 170
95 58 158
7 101 251
23 199 230
22 140 357
17 54 96
44 40 84
24 113 190
43 134 189
2 68 71
19 131 155
74 103 227
1 58 101
36 76 190
90 115 247
43 56 208
2 194 198
83 45 155
2 131 151
23 39 63
67 56 131
98 151 276
2 138 239
54 146 202
22 5 179
66 9 270
90 172 292
96 94 194
1 7 12
99 143 323
35 153 201
18 33 124
14 34 230
87 26 114
52 99 174
65 65 324
17 91 144
68 41 112
7 198 303
41 85 130
96 113 218
99 91 194
13 17 201
73 142 225
23 197 251
24 122 193
92 31 124
68 191 290
9 20 49
19 54 213
25 39 70
77 17 172
2 14 54
58 131 198
43 47 185
76 186 290
14 118 145
71 31 138
19 16 142
67 110 180
8 73 265
49 1 74
63 34 188
36 151 195
15 21 45
20 12 42
24 197 253
91 148 243
27 51 78
33 52 113
5 113 282
23 158 183
40 175 217
95 134 230
90 83 193
15 130 154
63 134 369
12 156 184
6 32 80
30 76 116
6 95 135
34 143 177
48 33 131
7 57 233
27 148 220
95 126 326
7 37 45
39 196 252
55 172 332
29 178 216
30 71 124
65 14 81
97 127 269
56 36 158
73 76 159
52 52 168
44 174 267
100 103 228
43 112 196
93 183 278
62 50 193
31 2 43
37 199 283
20 159 300
49 24 76
12 26 50
27 96 127
70 52 126
77 38 125
19 67 132
79 86 201
55 101 162
69 153 261
20 72 96
51 180 321
22 180 203
62 84 151
37 130 208
54 74 241
63 154 374
27 37 74
72 189 284
95 8 112
39 61 158
48 22 73
45 157 212
90 45 226
52 188 404
26 147 173
43 128 173
63 52 247
95 161 440
71 13 87
48 30 81
12 86 110
82 161 254
57 82 141
52 69 197
95 112 283
48 175 265
38 150 191
95 140 235
51 146 230
72 55 127
37 96 179
56 165 230
28 18 171
82 174 279
33 71 108
35 181 270
37 181 245
40 169 337
25 153 181
78 90 318
52 16 107
34 189 230
55 166 421
37 147 210
80 199 315
36 199 407
6 146 153
14 189 293
25 88 222
76 38 160
14 126 220
13 11 220
42 114 288
37 26 76
48 58 141
39 87 283
51 76 157
37 165 226
2 155 165
58 42 107
8 35 73
91 108 207
77 98 234
56 5 85
80 37 119
7 104 205
92 48 149
54 87 173
60 52 139
33 27 69
48 156 214
2 88 238
12 92 133
38 58 134
64 162 231
44 195 253
63 120 185
11 156 176
88 156 319
27 55 91
22 194 220
88 27 116
99 83 349
72 103 205
56 94 338
85 102 281
80 194 357
71 94 177
73 173 246
37 74 120
28 171 209
25 32 66
38 117 204
77 35 119
10 73 170
46 32 85
26 173 247
77 96 175
82 35 204
16 163 180
10 29 130
20 151 365
92 118 213
52 126 223
2 196 338
52 177 236
68 49 194
84 179 381
18 68 113
17 90 157
55 145 237
31 127 162
98 151 319
29 80 138
3 102 123
