1000
35 199 335
72 121 322
33 119 158
27 136 314
73 121 203
16 169 223
80 56 171
91 30 140
39 131 209
76 70 150
80 154 238
30 22 85
2 154 165
56 142 224
23 112 151
87 77 172
18 153 309
35 8 48
80 158 249
12 161 183
23 161 210
10 191 239
74 29 118
28 33 107
2 85 91
67 70 145
74 26 106
82 68 349
69 41 115
2 82 129
6 172 179
6 162 264
57 108 168
84 190 295
55 66 161
100 166 267
91 45 208
88 22 155
42 149 247
82 147 271
30 163 203
20 97 119
32 44 181
4 97 103
7 160 171
34 166 208
63 163 258
4 65 97
23 47 146
21 188 282
50 65 279
58 161 226
43 118 165
69 103 213
24 181 212
34 126 238
39 144 276
9 77 87
29 141 266
93 70 165
60 11 73
28 148 252
25 16 47
100 36 149
18 119 173
97 142 268
32 173 234
92 28 139
43 118 168
94 168 267
52 169 231
8 41 60
7 43 109
93 65 312
88 31 129
12 192 204
45 90 143
47 200 344
19 142 270
74 44 123
28 119 164
58 154 216
89 148 277
49 3 97
55 4 111
53 35 102
67 184 304
1 68 91
80 156 270
24 127 164
69 146 264
3 64 168
75 143 378
98 11 244
38 134 205
48 192 379
56 47 149
52 73 164
31 73 107
12 130 162
94 81 367
17 135 192
60 15 79
27 99 137
88 103 192
92 182 303
2 173 201
47 143 191
21 18 88
100 42 145
30 49 197
22 179 316
76 151 230
58 131 189
17 33 50
92 109 220
91 103 198
56 3 72
50 20 72
26 55 104
84 126 254
46 16 96
58 100 187
16 193 357
70 106 369
73 189 265
18 186 218
10 35 50
31 46 82
99 30 158
57 190 254
23 40 72
3 28 185
55 177 258
36 76 127
26 71 233
15 94 128
16 16 39
56 96 167
16 71 97
95 148 254
98 27 265
31 158 220
3 94 121
92 89 204
90 125 346
98 155 271
42 132 178
55 102 163
7 142 171
12 78 104
100 113 217
36 29 167
36 158 234
9 44 102
4 157 164
60 117 212
79 33 272
46 171 380
83 122 206
17 122 171
55 165 224
71 132 367
38 175 219
97 199 337
71 131 203
11 169 190
38 187 243
54 174 347
8 160 171
74 54 130
14 4 23
85 77 344
90 107 229
93 93 194
52 41 94
14 171 195
60 43 110
74 190 266
89 190 281
10 114 129
57 74 230
92 157 250
82 139 282
44 0 57
51 174 254
88 8 164
77 74 153
5 53 78
78 92 215
30 126 253
76 49 131
21 109 137
54 27 203
85 200 326
29 65 238
57 190 253
10 118 146
20 156 249
38 20 134
23 73 265
97 132 235
36 11 77
1 35 41
34 109 152
50 77 238
39 87 312
24 61 223
43 60 105
8 122 273
23 89 121
76 18 131
10 31 49
27 50 84
7 78 93
1 179 182
5 113 127
21 129 187
53 61 124
100 35 289
71 64 155
11 194 215
34 170 283
92 119 223
15 132 190
13 159 177
64 50 139
19 192 211
27 11 218
26 83 146
1 151 175
77 163 246
10 155 209
47 80 134
50 114 326
39 109 301
7 58 67
77 7 88
47 54 108
62 40 137
88 194 304
78 56 136
29 146 175
18 190 219
23 174 397
27 114 149
7 162 352
70 172 366
85 160 252
15 3 25
75 156 264
47 130 211
91 82 294
38 116 249
5 73 98
69 135 227
8 160 219
26 186 289
24 12 41
42 2 89
46 111 182
38 13 77
43 6 58
30 196 242
79 0 97
57 169 272
42 2 59
11 199 240
76 46 122
75 189 265
89 63 162
27 126 277
10 39 56
19 38 95
66 90 157
20 28 121
31 46 79
50 156 382
55 22 84
55 46 267
13 137 257
7 75 84
8 81 95
37 73 113
47 172 224
77 126 210
51 1 133
79 107 186
49 43 113
69 73 151
58 83 145
67 13 122
35 198 361
92 20 308
53 119 178
70 17 120
63 79 162
51 42 230
71 89 164
46 124 172
43 194 255
9 150 189
38 169 300
41 167 283
8 190 201
78 63 151
85 35 129
98 141 246
76 15 92
29 176 244
97 139 277
78 71 158
80 159 241
81 127 241
85 139 226
94 184 315
98 19 127
4 148 169
6 103 164
66 200 333
37 136 179
5 18 115
7 0 54
66 101 175
90 5 142
85 55 229
49 117 172
85 187 304
78 11 99
27 176 377
78 145 230
28 77 272
50 82 293
71 60 140
3 65 166
30 85 144
31 27 144
56 60 228
4 153 346
56 94 217
29 163 274
51 180 241
95 7 103
71 181 264
80 138 226
8 2 17
60 110 180
11 18 75
93 97 222
48 142 388
71 74 310
2 83 113
64 190 260
66 60 127
73 127 311
3 72 77
96 150 254
35 96 171
7 173 202
100 198 302
90 51 195
15 12 33
30 177 399
51 180 239
51 111 162
23 164 370
66 70 282
78 5 115
87 173 267
100 38 157
93 75 260
81 12 136
6 26 71
78 54 142
52 117 179
23 129 197
82 155 239
27 70 112
5 65 78
2 92 96
44 188 338
33 167 202
85 150 241
80 3 92
74 103 184
22 143 167
7 117 137
83 147 235
58 154 301
10 36 47
92 70 166
50 187 401
41 111 159
97 57 342
6 60 72
86 47 141
76 40 119
10 83 133
27 193 376
68 87 158
64 84 161
65 188 358
97 162 261
43 83 132
85 39 147
35 130 182
100 156 294
75 84 310
78 152 232
82 86 189
88 69 173
83 141 270
11 65 80
45 8 72
58 152 283
57 27 173
8 130 142
77 17 97
63 95 255
56 83 144
70 198 293
99 190 326
86 86 182
67 106 287
67 149 219
47 157 220
19 85 104
62 11 76
61 65 126
72 121 194
8 82 239
70 129 200
32 65 99
10 77 133
67 147 221
83 94 204
99 189 359
39 6 49
23 184 266
23 147 192
45 87 135
11 199 235
86 163 258
83 149 238
48 164 383
46 119 190
90 57 151
42 49 230
89 189 285
49 177 227
95 132 358
64 155 222
48 79 216
8 127 141
62 26 135
54 66 124
74 113 191
100 121 297
26 151 185
83 115 208
41 42 109
60 126 186
2 47 97
14 94 108
53 1 61
81 56 154
16 39 86
12 0 41
44 119 169
66 47 116
2 74 118
97 193 391
55 28 102
36 100 170
81 108 216
79 139 395
5 192 204
48 82 178
64 45 248
16 40 103
64 96 181
14 84 98
54 174 275
34 178 222
19 97 161
40 98 142
57 59 287
60 45 294
54 15 100
25 6 176
58 104 168
22 110 260
14 200 222
67 165 235
11 37 73
14 30 61
19 133 157
36 92 139
64 141 354
98 149 287
15 180 198
100 148 260
70 196 268
26 94 123
56 90 148
50 92 143
95 172 286
90 151 258
26 96 134
40 61 137
63 18 84
3 1 57
30 124 229
93 114 236
47 80 144
49 167 414
74 137 216
86 170 271
57 13 87
3 117 232
99 119 228
39 29 231
39 56 131
36 9 229
9 0 17
99 122 288
74 186 406
31 8 89
45 29 90
100 7 124
94 97 193
18 141 159
58 171 265
9 102 118
35 90 166
71 200 288
69 63 157
29 179 228
52 24 159
42 164 253
59 54 139
20 50 228
73 11 89
78 102 183
48 57 106
16 147 206
73 195 293
51 167 317
69 104 193
45 140 280
56 103 299
25 10 225
40 57 101
55 153 248
13 142 157
76 45 124
85 178 429
36 157 334
71 1 82
69 177 435
24 14 164
74 136 217
17 149 208
13 199 354
48 139 196
7 132 140
69 55 126
86 187 276
91 143 266
63 151 258
11 191 335
93 131 226
6 5 20
73 184 291
88 116 235
43 144 353
22 184 317
81 9 93
79 11 165
78 4 98
30 197 259
98 79 182
54 35 115
69 112 188
36 19 58
60 181 245
72 113 339
78 4 89
15 3 56
13 193 280
80 197 306
95 145 253
30 26 167
64 106 312
41 147 190
73 89 167
82 160 250
91 102 361
60 38 127
8 50 61
89 116 205
18 199 316
76 49 128
61 98 339
85 193 291
72 55 129
73 46 282
56 11 72
58 27 235
3 87 111
15 197 273
12 180 269
20 4 62
87 63 158
52 10 66
25 190 404
22 168 233
15 126 142
62 142 213
87 49 142
49 167 241
39 68 107
39 176 274
97 2 102
44 197 261
52 143 197
20 118 161
63 46 146
11 15 127
45 31 80
11 199 210
55 50 257
46 29 78
89 160 321
51 179 235
46 118 184
53 115 176
45 154 202
73 42 121
79 188 271
35 140 179
89 93 189
39 142 182
86 66 155
94 90 186
95 85 212
73 50 130
66 75 289
2 64 82
49 138 328
86 67 192
3 94 101
94 164 294
86 131 218
82 6 215
71 101 195
97 135 237
51 134 194
66 108 216
54 118 172
7 141 152
32 123 155
78 187 268
84 72 163
82 139 234
16 157 179
10 151 162
67 199 267
84 175 415
84 5 153
37 193 239
58 23 178
86 166 278
34 102 138
62 168 233
34 128 167
3 10 17
22 40 135
64 58 207
67 64 144
74 34 199
72 147 229
30 191 239
61 111 199
66 107 232
67 109 221
61 196 261
64 32 138
17 167 184
66 70 137
1 89 103
31 81 229
86 141 386
30 36 98
15 140 162
5 80 123
47 18 74
57 156 221
13 45 95
58 137 266
42 186 234
89 23 123
98 47 185
22 66 90
21 80 108
52 121 199
68 102 180
58 173 386
21 118 142
38 30 70
61 50 120
31 53 87
69 115 186
52 93 194
2 171 177
35 105 150
36 120 160
82 92 285
61 71 136
22 199 226
69 28 141
76 141 222
53 34 132
89 42 133
2 45 179
48 78 133
51 161 213
47 92 147
61 179 279
57 189 267
42 143 224
8 35 45
99 25 176
47 103 195
60 13 93
72 177 263
9 121 132
74 55 168
81 4 91
42 89 208
57 185 257
43 96 139
3 99 257
56 52 153
81 103 186
28 45 204
23 91 114
39 111 296
33 157 205
23 128 205
52 24 189
24 31 79
4 169 173
70 135 213
84 100 201
81 113 214
64 4 77
42 172 238
36 18 63
27 121 189
83 88 202
71 20 95
70 139 252
48 85 137
17 145 198
91 112 203
52 85 145
68 42 142
22 144 169
13 170 224
76 186 265
75 186 387
90 67 171
92 130 224
22 175 373
46 10 94
39 3 201
86 125 221
22 39 65
89 57 192
92 54 150
45 6 184
47 164 214
48 176 229
66 5 75
73 75 151
16 24 85
19 23 92
71 30 152
28 63 110
94 66 334
20 138 160
3 107 119
94 60 162
28 93 130
92 39 175
30 88 271
50 165 224
34 13 57
41 99 170
79 20 227
95 84 225
98 67 198
47 76 155
9 144 171
73 181 257
83 179 262
69 114 183
36 34 108
63 198 297
71 102 259
59 38 133
93 132 230
74 1 219
5 14 54
78 89 173
28 36 80
39 141 188
31 53 86
93 59 210
90 94 196
74 119 203
31 131 210
62 150 213
15 47 64
25 148 190
45 82 131
5 42 76
31 82 156
88 45 137
5 49 54
94 132 268
94 78 177
48 92 183
66 0 74
100 149 254
54 58 122
1 83 193
88 26 252
48 147 203
14 70 204
82 178 269
37 146 211
35 107 152
12 45 59
2 89 260
79 31 167
59 4 96
18 12 186
15 183 308
22 113 144
87 150 265
11 70 93
10 145 161
31 81 153
24 174 209
31 86 122
87 194 299
87 77 167
58 75 134
42 122 200
81 103 339
97 145 279
16 179 359
97 42 140
41 67 278
15 104 121
76 11 91
8 174 190
66 72 318
79 172 430
47 15 227
97 157 337
83 149 301
27 172 213
65 139 210
89 80 179
53 162 302
73 177 252
42 56 104
37 199 248
53 1 59
63 142 350
86 147 274
8 54 66
73 59 138
14 19 79
88 153 335
69 25 172
61 10 201
93 80 181
51 117 169
98 157 401
62 199 271
70 49 120
58 13 75
39 2 51
31 82 143
89 59 151
84 71 163
32 200 237
53 54 124
57 76 141
78 53 137
10 47 99
9 87 98
63 199 270
69 172 282
76 43 147
61 128 381
39 179 310
22 93 236
59 191 429
13 39 74
71 3 89
23 166 191
46 78 213
94 148 329
48 115 274
38 44 103
72 5 244
6 156 164
16 55 75
95 182 279
72 28 263
84 116 207
72 99 172
66 190 313
80 92 199
92 98 238
88 31 140
77 57 176
3 86 120
36 68 130
45 147 201
50 39 162
25 173 227
48 134 233
34 136 179
54 26 87
22 75 99
2 190 229
60 181 375
58 124 337
94 173 447
75 162 261
47 175 232
55 49 222
20 157 185
88 185 434
98 184 330
34 153 195
2 3 192
38 177 284
43 100 144
26 138 217
82 68 159
66 172 243
44 40 97
86 31 118
21 47 73
91 165 412
25 166 212
91 39 134
9 198 208
49 127 182
55 49 107
71 136 255
51 62 153
67 89 162
69 35 114
70 76 276
71 31 128
81 52 140
14 158 192
37 183 368
86 107 196
76 198 322
57 143 284
17 151 194
74 88 270
61 41 106
61 75 180
16 144 172
57 98 159
58 33 100
16 175 191
93 72 172
17 170 212
92 19 127
34 93 163
24 99 127
9 171 186
91 14 120
90 154 261
74 186 262
63 156 301
38 13 237
88 198 293
81 146 257
