200
19 182 204
69 123 194
71 113 308
73 98 180
42 192 338
88 147 236
47 165 235
29 94 144
67 160 264
72 46 205
99 19 153
57 168 234
68 64 150
87 43 171
57 183 244
45 117 202
60 200 269
9 7 102
92 155 281
21 98 128
3 131 142
5 156 170
69 66 145
43 153 375
12 28 210
17 166 186
83 167 257
99 106 351
93 117 215
68 117 243
12 184 198
34 187 250
23 162 230
65 130 226
72 39 268
20 69 94
43 172 243
49 149 202
86 190 441
8 5 31
7 133 141
38 180 253
64 168 279
55 172 245
82 167 259
70 77 153
51 126 187
37 81 162
73 93 172
57 28 93
97 102 203
69 30 129
35 157 194
62 175 352
1 168 173
83 114 197
41 75 124
92 54 337
80 165 333
84 81 170
8 56 73
45 137 218
65 101 175
93 189 290
37 161 200
44 0 90
40 18 255
64 176 241
5 50 103
84 199 319
73 0 78
30 95 137
16 18 144
75 93 174
44 23 130
33 39 101
39 102 180
14 137 154
13 99 218
6 32 43
39 127 168
98 134 389
64 80 316
47 113 179
66 85 152
93 191 329
56 126 184
6 85 95
7 124 164
21 34 60
2 184 213
51 67 119
8 160 181
56 131 196
72 4 120
95 128 253
55 87 145
48 122 195
46 198 252
1 177 213
64 81 145
36 11 78
59 186 249
60 100 290
30 134 167
93 60 160
86 88 181
55 19 80
58 0 71
56 75 134
42 107 165
58 155 223
47 98 248
83 60 171
36 128 166
78 91 201
96 51 244
52 8 68
49 106 192
51 134 187
11 169 380
60 28 228
91 171 282
58 145 243
71 187 403
28 14 78
63 20 93
94 11 206
86 186 275
67 80 152
74 153 237
91 137 337
78 4 86
65 43 126
64 1 65
81 144 233
13 68 183
19 190 209
69 46 133
99 178 286
64 100 165
35 187 229
97 54 165
43 25 82
40 154 202
3 32 39
19 124 153
55 66 131
38 52 272
95 41 176
19 199 239
72 24 99
57 173 279
15 143 162
85 127 405
2 0 10
5 146 161
31 21 58
57 141 216
12 109 128
45 127 172
67 23 97
96 101 244
42 47 89
23 117 175
76 125 212
20 85 109
64 109 177
65 107 172
28 85 122
8 78 161
18 76 111
14 75 109
18 141 303
70 17 133
19 34 126
51 73 132
14 157 205
41 9 60
76 155 234
9 72 89
18 103 131
71 95 293
75 79 158
98 133 252
53 104 166
16 22 39
6 70 86
39 14 93
11 52 81
75 157 359
47 107 318
46 194 282
69 197 342
4 16 159
47 23 150
98 96 208
2 78 87
27 174 247
3 147 160
