540
11 183 209
19 49 75
91 89 232
1 10 15
71 93 190
94 122 232
28 80 115
31 31 140
11 172 184
8 65 88
39 85 126
98 154 253
78 195 273
23 96 222
51 165 345
92 114 220
45 172 224
26 124 217
12 48 148
94 100 200
72 144 219
41 145 267
5 31 145
4 35 53
84 173 322
46 85 133
87 98 199
3 33 61
9 48 68
58 29 88
89 9 105
50 115 350
14 185 284
86 31 122
5 51 65
78 188 267
77 138 271
80 34 240
6 18 29
20 36 56
89 117 255
94 113 214
71 17 267
90 76 206
6 177 196
38 144 220
62 171 260
24 200 330
15 196 252
16 65 118
31 28 245
52 107 187
66 164 277
41 103 172
79 191 284
82 10 96
47 160 347
11 188 240
97 97 280
34 166 360
1 58 201
17 115 231
59 103 209
59 153 221
66 121 290
40 70 168
66 117 213
6 76 90
57 121 252
82 133 239
16 183 201
76 64 280
48 147 232
79 87 167
81 109 198
63 21 108
33 155 301
64 49 234
88 99 189
97 161 266
97 184 304
97 19 286
76 45 121
79 171 259
62 2 151
78 160 398
87 41 163
79 107 254
95 4 190
33 121 297
94 167 266
56 150 247
36 138 217
79 124 305
59 140 378
82 70 314
86 107 201
6 154 227
21 92 160
84 33 126
46 14 60
1 26 50
47 97 272
8 10 58
94 126 239
98 65 169
37 19 61
10 102 120
56 27 166
49 106 163
31 137 176
70 24 101
53 90 147
44 32 110
39 167 206
42 197 264
86 161 250
34 112 326
70 124 202
85 44 137
10 55 168
82 68 156
24 169 233
95 1 130
41 38 85
68 136 250
16 189 359
89 119 217
76 31 136
37 37 77
42 73 300
28 20 168
67 126 226
23 132 197
53 13 80
5 101 121
39 39 128
85 76 327
66 163 234
66 168 236
57 183 253
77 186 284
14 161 179
16 9 25
37 141 283
34 101 166
75 72 148
63 124 196
86 191 283
66 197 268
58 171 271
57 115 187
7 0 17
42 22 104
42 198 264
8 4 18
57 129 196
30 89 193
28 107 146
47 105 158
23 114 141
72 16 94
60 96 182
58 84 187
49 115 329
71 122 228
57 180 247
63 119 190
56 119 181
94 117 212
5 180 188
90 20 112
70 126 209
27 24 123
68 181 255
75 22 109
55 143 206
66 199 311
5 192 200
76 162 245
10 49 98
50 171 222
88 18 148
70 136 251
42 119 164
6 91 97
97 140 387
100 33 191
74 54 163
52 34 103
1 93 103
18 158 208
31 40 82
1 131 281
19 122 151
45 167 217
87 95 213
43 5 89
26 96 160
28 94 228
11 181 192
10 155 167
49 81 164
99 50 156
90 130 267
16 193 219
38 185 266
4 196 247
64 107 189
48 16 65
37 57 147
35 68 103
38 57 101
61 196 361
89 112 233
47 125 365
34 100 136
2 134 136
9 163 254
71 124 199
18 53 76
80 115 204
81 61 190
15 135 243
13 169 293
89 149 327
71 77 294
38 12 122
64 179 289
86 73 172
91 75 189
26 90 258
79 119 364
26 80 204
59 82 144
8 199 212
35 5 152
88 160 262
29 153 203
26 179 213
8 175 184
99 28 250
44 166 311
7 111 218
92 196 346
68 39 128
59 20 205
65 130 295
4 3 11
74 52 239
14 33 83
99 12 147
21 63 98
37 32 76
38 38 216
90 125 378
45 136 196
57 135 210
50 130 210
32 156 197
70 105 294
38 163 240
68 6 115
35 106 185
6 187 291
94 159 301
91 71 358
87 186 283
82 17 100
78 89 173
35 121 161
14 180 198
92 33 126
20 121 142
74 20 96
63 165 230
98 57 325
9 57 89
49 132 191
79 82 206
40 99 149
53 131 231
38 106 174
74 2 101
53 38 94
69 93 274
61 191 257
95 188 298
87 166 263
2 20 194
79 174 388
41 106 274
86 153 257
60 18 163
43 9 88
82 195 279
19 24 50
17 167 286
4 65 74
59 86 153
38 168 214
90 196 287
99 60 173
21 42 159
82 146 293
83 111 223
3 154 159
63 152 225
65 13 146
20 5 62
10 158 319
41 195 239
66 63 145
92 3 99
27 111 216
35 165 322
52 163 221
41 118 189
99 44 248
95 45 150
26 64 176
40 140 180
28 84 116
79 38 142
24 49 252
7 125 164
26 118 175
63 169 378
85 50 145
38 86 134
29 64 115
92 196 409
31 74 111
10 29 99
10 56 69
43 106 198
24 34 180
55 79 179
59 46 201
96 13 114
29 195 252
26 169 305
59 97 161
83 200 296
1 127 128
99 200 300
7 173 377
82 43 127
17 192 220
54 197 251
1 122 131
3 42 58
50 148 239
21 127 208
15 197 235
60 102 165
55 135 220
24 167 351
46 128 176
44 116 249
12 135 156
73 3 83
56 147 209
71 69 161
4 97 109
89 144 268
38 139 185
67 38 135
92 17 135
69 61 143
98 130 417
53 175 250
86 84 195
18 1 69
13 92 133
78 39 259
30 127 287
86 174 416
47 19 114
79 75 203
9 36 195
17 134 161
10 89 104
72 42 128
80 127 219
33 182 216
46 91 310
28 45 232
17 112 134
28 200 416
46 109 161
6 125 185
50 163 383
86 62 281
52 153 209
21 14 186
14 191 230
13 75 95
3 26 50
84 58 220
14 29 93
96 68 249
4 161 195
8 118 132
14 159 356
51 26 91
34 105 147
10 150 204
99 183 309
43 17 60
67 18 98
1 30 36
89 131 302
38 3 42
44 148 221
23 187 217
22 195 332
25 97 286
1 121 131
54 55 145
52 98 159
47 114 161
18 155 183
13 4 26
43 53 129
65 64 143
86 104 193
72 177 311
86 119 206
13 38 61
66 192 262
32 77 173
89 90 192
32 89 137
98 193 337
10 65 92
19 103 131
42 125 198
70 126 209
29 23 101
31 99 138
26 124 172
87 171 331
62 65 133
57 35 101
93 181 472
36 53 95
9 141 160
35 60 97
8 143 207
88 132 390
16 84 109
76 119 318
25 27 94
55 90 154
96 133 259
32 159 201
46 87 153
62 30 149
25 131 173
90 53 158
70 43 237
67 129 325
79 128 334
20 43 200
43 135 255
63 53 236
4 98 109
50 103 161
36 56 175
73 92 206
26 173 201
74 22 103
95 58 189
54 72 247
47 31 133
5 70 255
37 172 211
19 36 55
79 143 224
59 28 102
15 83 138
82 42 124
26 124 203
89 128 359
59 72 139
62 113 177
70 170 371
59 83 149
86 146 301
14 185 240
53 100 182
97 142 374
25 70 238
64 109 176
77 101 215
26 134 160
90 4 125
100 161 357
62 59 209
93 4 102
98 28 266
36 186 294
4 104 308
71 7 164
25 11 36
78 134 249
27 60 87
45 150 271
47 32 94
48 194 244
3 73 83
47 55 103
64 14 85
53 127 207
47 196 351
57 72 258
27 188 216
6 142 156
87 125 258
96 37 230
77 23 134
55 35 251
57 37 104
89 157 391
8 25 171
91 185 276
33 169 302
39 121 253
93 86 186
75 71 146
70 9 85
29 10 71
72 124 234
87 100 191
27 191 353
48 31 79
11 171 201
13 39 182
42 194 260
