180
4 87 119
31 130 209
88 45 136
74 76 186
57 126 314
80 81 202
26 157 184
86 11 97
19 84 103
26 31 62
50 70 149
7 35 235
81 88 175
80 127 382
52 148 297
25 187 221
94 41 235
2 75 93
20 35 105
80 183 429
8 83 91
11 100 120
34 181 224
93 44 323
82 83 212
15 8 34
91 85 295
14 60 179
63 86 157
54 61 119
46 89 267
65 99 172
77 131 248
36 0 63
85 178 263
91 128 229
38 118 160
51 91 149
83 4 103
8 50 216
39 123 169
80 93 194
18 160 346
86 140 228
83 156 241
69 18 280
29 139 171
22 127 160
72 140 219
92 71 173
97 98 198
18 14 36
49 38 87
16 133 222
91 183 360
99 72 272
78 150 381
77 18 119
58 69 141
70 108 378
41 183 257
80 111 382
2 163 202
37 177 214
41 158 378
6 166 179
70 98 322
17 161 187
94 81 175
10 51 146
64 90 170
99 44 264
89 105 203
66 14 150
95 140 334
85 25 116
19 34 61
91 108 219
80 155 243
23 174 235
7 121 145
95 30 127
58 173 359
2 153 182
15 69 86
65 137 336
72 70 144
43 105 168
95 56 163
71 131 225
97 11 115
48 132 185
93 151 258
78 123 230
21 188 226
82 120 205
55 28 128
49 63 152
57 91 148
96 45 251
39 160 209
52 31 97
83 110 198
51 106 159
53 31 181
87 197 318
38 101 147
97 21 139
68 37 112
43 65 114
44 145 192
75 4 111
10 111 209
53 168 259
26 22 68
43 43 86
62 158 241
32 20 193
98 59 160
79 46 251
86 42 297
6 96 112
13 198 341
8 136 152
66 3 106
88 10 155
58 38 116
56 37 95
60 26 107
21 79 117
83 134 219
97 76 178
63 66 145
16 84 141
72 192 265
35 39 89
38 122 209
66 185 253
34 57 94
98 175 318
43 177 224
19 152 186
95 197 319
67 91 316
81 77 162
80 124 207
47 13 88
67 5 100
23 63 99
14 65 123
68 113 191
16 164 217
74 176 290
92 107 287
40 167 213
66 64 136
43 46 282
57 179 248
85 162 266
90 21 121
17 172 377
97 157 298
13 53 69
83 45 321
41 162 222
94 125 286
90 36 136
55 60 171
85 186 290
50 68 122
11 138 161
81 3 121
80 138 227
33 121 155
68 163 294
99 184 324
42 179 248
49 109 167
17 62 98
94 108 382
