330
6 36 89
29 29 129
4 84 93
2 84 226
78 44 267
83 139 228
56 188 294
95 18 123
88 119 250
24 190 237
99 188 460
31 30 180
88 57 189
65 105 186
63 86 150
74 148 229
83 165 248
81 122 211
73 155 228
73 91 189
78 131 221
41 175 276
9 45 61
1 161 172
86 129 247
59 104 179
78 183 270
95 32 153
92 24 117
67 69 169
99 177 432
24 121 317
40 130 200
71 87 167
98 110 213
20 182 212
45 9 188
31 151 357
87 148 352
39 54 260
25 148 194
39 87 129
35 46 91
9 35 48
85 89 176
80 26 286
78 82 170
72 57 132
16 15 69
18 36 64
61 12 77
87 37 153
61 194 430
98 165 263
95 180 311
44 1 50
44 184 282
11 146 158
86 30 167
4 4 18
73 58 264
10 163 179
61 193 263
81 69 155
58 30 96
65 81 340
84 163 252
68 106 359
89 32 162
92 6 98
11 194 252
29 85 149
44 144 261
35 92 133
22 146 169
72 186 386
53 57 136
44 192 243
58 91 275
21 142 271
58 51 115
60 71 160
66 31 227
81 71 158
92 26 160
83 170 386
9 138 152
27 193 224
21 12 76
11 131 157
4 134 148
6 37 47
92 120 219
92 78 270
46 194 261
43 92 141
32 29 65
86 115 244
32 129 252
21 98 126
88 132 231
24 190 377
1 113 120
10 8 58
43 50 170
40 62 153
9 82 210
96 113 258
80 146 234
11 78 137
35 165 248
64 194 260
77 145 254
85 167 256
17 197 243
21 59 89
81 119 330
91 18 130
14 200 234
19 36 65
93 68 195
55 77 169
41 34 88
25 189 226
75 19 98
44 130 176
25 196 223
54 71 230
64 155 231
88 14 109
31 73 112
26 176 400
90 190 446
19 138 304
57 178 349
44 109 158
22 27 70
45 187 273
15 124 161
81 175 256
8 112 122
53 154 210
40 96 159
22 197 226
52 31 89
86 18 125
3 113 119
66 52 134
61 28 119
50 24 82
74 159 254
43 164 236
85 110 295
5 145 181
59 63 203
29 168 212
44 70 262
45 4 231
86 122 372
56 157 223
17 182 204
60 72 173
17 193 219
2 161 175
89 116 244
37 74 153
78 100 251
30 177 212
22 90 150
52 144 215
31 126 200
31 179 231
35 199 237
26 118 333
10 99 237
33 124 205
18 127 149
2 41 44
19 127 147
65 2 114
95 22 117
75 168 277
16 106 264
11 7 44
25 131 227
86 10 120
74 30 128
92 176 269
39 34 73
34 192 235
27 40 117
39 105 341
84 20 153
42 198 241
74 97 179
87 3 199
19 109 286
39 192 427
70 81 155
55 132 254
66 97 167
13 113 128
11 73 85
14 56 119
13 1 169
12 38 50
46 36 226
91 39 176
50 64 125
53 108 169
85 54 144
34 66 104
81 86 171
61 5 67
17 165 206
5 108 118
18 24 145
27 162 189
87 92 185
74 162 243
97 104 208
34 160 210
39 85 134
82 22 257
94 118 230
13 37 52
84 101 207
9 39 57
83 171 285
4 60 67
55 53 115
2 86 100
15 104 259
33 89 211
72 33 154
86 73 291
58 31 208
46 20 88
69 150 383
46 66 117
66 144 245
47 13 190
29 116 162
34 27 91
42 85 132
39 143 191
57 90 169
50 11 71
52 127 186
25 48 77
97 21 186
50 112 181
57 66 128
27 13 89
86 48 262
43 79 313
23 7 39
44 13 62
37 190 271
44 151 201
35 151 195
51 174 235
94 17 113
100 130 310
61 143 242
7 188 220
64 191 263
27 125 185
99 128 236
12 150 304
6 37 50
36 14 54
97 7 137
34 97 156
91 159 251
7 29 82
37 161 238
74 170 284
16 162 183
73 186 262
11 195 223
81 163 252
19 144 171
53 130 187
44 155 209
28 84 122
39 114 160
73 120 239
48 64 121
67 137 224
48 186 241
71 104 198
100 10 142
15 197 225
4 188 197
66 21 96
93 47 185
37 117 179
54 38 92
34 70 104
77 112 226
82 145 231
9 191 201
90 128 309
23 177 269
10 129 145
13 157 173
26 1 56
35 61 101
89 34 266
90 49 170
73 93 173
34 27 67
67 32 101
20 140 197
59 52 220
78 125 234
89 176 292
65 197 431
56 117 200
63 121 221
68 153 224
1 161 194
22 199 262
80 50 146
76 132 212
68 93 297
32 184 363
54 23 136
30 3 225
