150
45 133 204
26 147 177
96 144 246
23 105 190
61 50 232
42 38 92
33 47 178
95 147 242
51 103 354
39 118 160
2 170 245
12 155 217
10 129 283
95 83 179
11 187 257
44 199 266
97 163 397
72 18 140
70 148 224
90 188 282
60 115 195
1 176 191
59 156 242
17 162 222
49 160 381
2 126 283
5 158 163
55 139 241
27 80 171
100 160 458
25 107 136
64 166 245
32 108 143
1 149 161
45 129 177
60 141 313
28 171 208
31 191 369
35 119 159
62 15 226
59 124 221
68 199 267
4 123 171
67 47 116
30 68 98
62 158 229
51 133 371
17 166 187
41 13 85
75 135 317
5 11 18
85 68 156
78 130 218
93 67 222
97 30 228
25 50 77
90 178 315
76 182 278
83 108 193
57 133 209
81 40 124
38 100 150
4 190 201
61 185 296
36 174 212
83 162 252
71 189 266
68 105 200
17 131 187
90 67 213
21 163 233
76 104 204
60 59 137
71 179 253
73 197 278
12 96 115
88 128 300
80 198 420
11 184 215
53 134 387
61 131 208
15 85 100
20 111 148
33 113 154
86 100 288
38 123 204
42 10 53
59 126 251
99 118 348
47 75 165
69 115 195
91 32 124
31 77 117
1 166 179
8 14 72
59 103 183
17 77 119
34 143 199
42 8 234
15 47 63
72 173 272
39 63 123
76 66 153
29 7 123
77 50 160
72 164 391
53 88 183
35 161 383
41 64 106
79 178 442
99 23 196
6 66 75
61 71 210
57 54 130
78 90 314
71 172 253
54 196 402
72 119 227
13 47 63
16 74 106
100 70 214
94 193 404
66 2 102
73 10 144
4 142 180
92 28 145
81 62 175
57 42 107
13 93 119
6 110 125
60 67 134
57 166 405
30 147 217
13 172 327
16 36 56
25 170 390
23 166 192
9 67 85
66 49 116
92 159 251
52 183 235
88 102 324
56 48 150
44 43 91
41 65 130
92 152 249
76 113 253
95 79 216
44 61 278
100 18 120
