160
88 109 345
29 153 307
88 158 246
36 14 54
53 32 89
21 120 211
53 148 202
27 98 125
79 176 302
79 129 312
89 162 252
82 59 143
65 121 226
73 182 306
9 107 202
78 60 141
67 185 259
30 34 71
57 186 291
59 100 248
13 169 189
46 96 180
100 110 253
27 32 89
79 37 165
31 130 164
35 188 273
65 72 185
46 13 121
46 84 130
52 175 332
38 10 81
44 73 261
7 154 296
50 182 242
73 141 218
51 58 112
37 35 80
7 12 84
39 22 62
39 147 234
4 54 61
70 87 304
12 44 248
13 106 138
64 97 260
84 26 116
62 19 89
83 186 277
69 150 221
91 197 288
1 26 28
4 79 123
60 77 296
59 29 96
53 120 182
46 44 123
99 148 257
29 111 335
98 82 184
87 144 263
71 3 102
74 122 208
100 170 279
63 195 274
96 197 319
62 31 243
27 5 38
4 76 85
85 49 218
33 55 93
9 193 373
24 193 237
58 36 124
30 40 71
100 156 262
21 107 138
68 159 306
30 110 184
61 47 127
74 196 300
65 129 210
23 102 155
7 17 25
5 88 129
30 63 171
2 113 123
67 32 117
46 123 217
28 25 77
41 176 222
60 43 105
37 111 188
26 121 191
22 25 48
86 28 240
28 104 172
90 158 269
36 59 127
83 42 132
27 147 373
23 135 166
11 96 113
41 200 394
34 134 178
76 52 173
10 183 223
64 56 126
12 99 119
30 158 299
73 135 215
36 12 81
48 170 295
90 122 217
70 5 151
81 29 121
90 80 171
26 148 181
88 66 163
49 31 83
81 169 348
78 80 269
71 44 147
62 13 83
34 126 160
63 139 205
5 113 317
46 122 212
71 82 291
25 60 88
75 21 101
53 7 214
42 156 249
57 152 209
87 109 244
80 121 239
36 191 307
45 141 192
22 110 185
6 136 164
75 32 159
27 76 106
87 180 274
54 97 252
69 44 144
13 45 62
41 169 340
44 71 120
27 82 184
77 111 202
15 146 183
10 24 141
28 170 203
71 165 343
44 125 170
64 95 265
46 55 155
45 37 131
50 26 147
91 179 280
