190
97 8 105
17 166 264
19 59 102
70 198 317
38 142 190
90 167 392
54 131 297
83 84 211
95 16 308
25 44 85
87 80 190
3 12 151
33 196 243
75 15 95
98 200 307
52 148 317
91 144 245
92 173 414
79 197 276
57 161 225
99 167 275
84 130 368
100 172 337
31 61 117
31 130 242
19 140 170
100 177 308
3 118 199
81 190 460
70 43 146
7 86 103
21 26 56
36 62 101
19 76 210
87 151 239
2 124 162
74 183 265
73 99 245
96 35 138
92 125 260
74 66 140
20 44 77
80 40 228
49 97 169
45 54 146
56 168 234
89 182 277
92 79 215
32 85 120
97 14 111
33 92 140
53 44 121
12 76 161
30 97 128
26 69 125
24 88 157
45 74 119
70 63 136
62 7 87
26 92 127
5 124 315
33 106 147
76 0 171
94 137 232
85 86 255
92 84 294
90 97 208
9 127 157
66 149 217
87 124 211
90 133 374
54 112 175
81 46 166
7 115 155
78 198 303
58 157 220
7 30 222
6 189 326
5 23 34
68 11 129
38 1 188
5 46 189
49 158 209
2 200 269
89 114 245
86 39 140
30 7 39
31 160 192
21 63 124
68 81 166
23 125 188
88 199 292
69 162 393
16 114 147
64 26 98
51 20 104
32 142 182
33 190 263
26 22 69
91 13 200
21 170 367
78 31 112
17 154 211
33 155 189
1 134 144
86 195 438
45 170 229
32 127 167
82 31 122
53 189 244
65 158 266
86 120 211
93 196 292
42 20 221
42 86 187
88 66 163
14 138 162
31 54 133
3 83 92
68 193 395
59 91 193
70 17 128
41 128 243
94 15 116
45 24 119
78 45 125
80 27 289
57 33 104
8 174 220
85 18 153
56 43 100
26 104 166
77 76 160
82 96 182
44 70 237
87 186 273
93 44 159
53 64 294
54 120 197
22 4 32
89 180 304
90 144 239
83 16 110
74 72 316
99 75 175
58 198 265
64 141 225
46 177 231
22 103 256
78 68 155
54 161 272
93 112 214
90 141 252
13 82 98
76 55 165
95 185 290
99 190 294
94 32 299
21 162 189
1 158 282
22 172 240
73 107 212
76 164 370
71 186 258
52 10 62
48 21 76
23 172 201
41 88 137
83 43 131
91 200 473
2 106 118
39 142 190
25 188 351
69 135 217
2 164 171
22 127 208
15 107 244
74 88 175
69 149 236
4 199 248
90 90 256
73 47 129
55 16 71
18 125 146
7 19 68
49 126 182
27 160 256
62 183 267
56 0 59
29 49 78
