980
98 40 154
31 86 128
47 150 205
1 156 167
39 136 200
67 65 245
22 60 119
61 154 264
19 176 204
15 125 147
68 109 179
65 24 149
26 194 257
27 4 38
31 144 176
43 160 211
7 197 249
81 146 236
66 31 103
15 82 125
100 157 275
89 92 181
87 189 285
27 187 214
92 180 463
78 11 103
47 151 203
41 165 214
45 125 244
21 107 312
54 96 152
53 174 233
43 85 320
57 157 222
58 22 92
39 48 89
20 68 266
7 114 155
26 47 79
63 26 173
18 7 73
59 0 122
63 193 262
57 61 270
28 79 109
78 187 265
47 48 99
87 190 279
37 83 177
3 66 71
65 55 149
35 153 194
61 163 412
100 195 491
28 127 257
93 112 212
89 144 260
2 28 33
1 116 146
59 144 213
53 20 75
30 86 236
30 41 105
93 148 261
38 98 141
100 125 231
99 80 198
62 110 179
62 22 189
76 159 239
67 92 202
15 102 126
12 110 129
4 104 130
91 33 209
99 21 124
76 91 263
88 133 222
25 68 235
31 149 370
56 47 151
24 77 109
36 197 266
29 18 61
21 99 121
71 9 140
9 88 104
41 128 179
28 34 62
22 71 126
96 152 248
72 61 141
49 170 388
72 27 100
49 33 103
12 171 189
97 190 295
89 152 249
66 128 240
92 172 429
16 186 246
3 63 97
3 92 135
5 12 59
45 73 132
80 56 176
72 42 157
44 21 100
69 146 217
23 133 158
96 167 284
11 186 228
1 182 183
97 45 342
98 0 154
55 183 240
67 105 182
24 7 65
10 27 151
45 63 127
57 13 70
49 174 267
89 106 234
23 110 176
15 117 136
98 187 324
49 165 340
87 156 244
30 58 95
89 7 122
96 134 249
21 18 48
55 44 182
95 180 284
93 150 260
56 73 175
44 58 297
94 57 300
70 114 322
7 18 60
24 31 102
9 195 346
22 91 140
96 192 307
55 50 113
35 2 111
27 96 233
2 113 115
22 109 307
89 164 448
60 37 293
49 26 78
47 182 319
74 8 164
2 46 94
79 80 162
7 128 151
81 184 275
18 123 174
87 166 255
29 28 175
84 8 132
4 168 186
12 110 141
53 199 255
14 43 60
57 91 196
95 197 318
69 124 230
41 55 132
84 78 196
45 36 141
70 159 428
16 76 157
89 158 386
8 173 327
85 157 244
73 94 348
87 130 302
30 137 192
66 134 223
71 167 247
45 49 173
9 76 89
68 58 128
18 18 72
86 155 244
7 176 207
79 129 215
17 127 172
5 153 170
65 77 156
52 33 92
36 158 262
35 61 136
28 168 206
70 2 72
65 65 135
38 167 383
6 22 77
76 39 115
8 188 238
58 52 123
84 36 252
25 182 219
53 151 216
30 61 107
12 60 76
90 200 295
43 47 97
68 50 239
75 10 128
51 148 396
94 154 291
35 18 60
59 29 99
91 64 181
5 11 50
66 123 380
93 137 286
22 17 58
6 163 366
36 144 229
93 70 273
64 5 77
66 14 127
18 144 210
35 5 77
12 83 167
20 10 74
20 122 162
87 73 166
26 189 225
43 63 227
44 38 118
30 195 232
79 144 233
51 2 195
92 5 209
7 126 318
75 158 334
44 152 204
38 153 238
74 2 101
29 45 173
41 110 168
54 63 149
94 156 253
27 8 46
90 198 426
44 2 52
7 64 101
76 111 189
3 72 76
97 150 328
64 133 211
92 166 268
88 77 171
49 17 200
35 160 245
17 73 98
95 97 215
7 57 74
17 139 346
38 40 78
41 193 259
92 102 260
29 63 109
25 158 296
84 175 290
7 56 90
86 77 279
92 51 145
30 180 213
65 188 257
4 76 80
3 181 326
87 187 284
10 75 95
99 148 332
72 14 237
32 162 319
43 88 136
25 131 210
48 3 60
98 22 224
28 11 48
20 34 59
60 83 299
54 180 240
95 175 278
92 166 322
77 132 222
97 182 281
76 133 404
33 39 256
21 77 111
27 174 223
35 8 160
15 37 57
37 49 114
56 151 337
16 75 183
93 198 294
54 69 129
9 119 137
66 15 86
63 160 246
29 184 243
33 174 231
52 174 232
73 173 281
64 105 272
76 78 158
29 185 217
38 55 95
73 52 146
52 4 83
55 79 150
51 5 96
68 60 146
25 126 154
96 131 246
33 107 319
78 21 124
62 140 207
37 111 151
64 152 220
40 70 258
84 19 113
31 45 95
31 81 203
50 131 305
12 58 80
36 173 217
71 131 216
46 106 158
72 151 255
66 116 192
35 39 143
31 18 125
58 178 350
100 120 222
84 159 273
50 172 226
64 154 219
95 158 255
24 85 159
30 52 89
72 27 156
93 145 268
72 102 206
34 32 78
29 98 147
73 12 107
42 74 258
77 59 141
59 25 90
54 80 139
30 157 191
90 27 121
80 29 139
40 51 91
47 97 224
16 178 257
20 137 196
91 120 247
7 162 174
55 131 232
61 98 166
4 116 125
32 169 279
73 156 232
42 132 324
7 151 355
1 9 16
39 0 45
86 71 162
50 126 178
62 142 204
70 143 259
77 188 407
98 61 163
98 49 187
34 190 228
4 32 43
100 32 185
88 114 202
54 51 233
45 42 214
59 86 195
33 68 110
44 61 118
91 0 142
7 67 83
6 19 30
24 197 221
4 4 13
76 119 226
92 99 310
38 134 328
20 43 107
75 159 342
35 30 113
6 199 244
94 116 249
70 36 274
63 185 249
53 119 218
32 8 50
35 41 120
10 2 13
12 92 144
94 136 244
98 140 241
97 37 168
90 174 265
34 56 143
29 119 331
34 106 158
71 29 106
58 15 82
65 68 142
28 183 365
51 1 85
29 186 220
22 171 283
7 117 185
67 183 293
84 119 213
78 90 298
35 145 215
76 25 111
47 95 150
92 114 216
25 62 89
84 51 144
7 101 115
53 166 226
45 185 230
95 175 274
85 177 309
60 37 97
94 42 144
43 147 195
37 102 154
9 187 255
87 80 275
21 98 128
59 32 98
56 43 100
72 108 214
17 66 116
80 105 224
6 128 216
34 56 172
81 95 215
1 170 248
60 110 193
78 88 226
69 49 124
71 197 275
40 115 196
5 168 219
75 139 253
32 59 101
66 120 250
51 162 217
17 95 171
68 107 308
81 0 88
34 153 197
83 74 186
79 52 153
15 158 174
62 137 202
51 13 95
30 112 146
46 85 275
8 61 91
51 27 115
72 55 130
47 147 237
24 85 117
43 167 214
63 70 142
58 54 207
16 37 80
49 176 268
13 2 24
65 131 334
42 48 141
84 22 156
66 113 318
69 2 116
89 40 133
60 36 104
15 22 80
22 31 96
1 170 306
75 66 178
62 80 149
39 173 221
98 19 122
49 15 71
67 13 166
35 189 311
14 139 302
64 23 93
16 190 216
22 24 47
21 136 220
10 102 120
58 105 170
35 82 118
26 90 160
25 175 219
78 124 217
69 71 165
29 27 64
19 20 92
81 79 170
5 139 145
71 187 265
26 193 327
70 39 121
5 135 188
52 185 279
16 103 122
68 127 202
100 36 137
65 107 178
3 62 70
36 199 239
68 107 192
37 42 81
60 127 250
44 170 348
76 96 174
8 199 217
71 95 179
84 37 128
55 144 199
53 188 249
21 90 113
75 178 300
46 189 266
70 79 159
73 57 159
55 121 185
90 105 280
36 81 253
24 96 160
70 90 194
1 43 64
26 65 110
37 105 147
10 72 239
5 156 347
96 172 281
84 124 348
53 71 276
47 100 157
29 82 113
65 107 173
7 104 119
21 199 232
65 17 270
83 139 239
91 133 224
21 146 172
73 103 180
73 148 391
12 169 187
85 106 200
94 112 209
33 53 180
31 127 163
81 91 253
44 76 121
99 141 364
14 82 97
38 19 225
66 79 154
31 3 227
10 174 226
28 74 290
93 183 277
51 66 118
86 128 309
69 29 123
54 76 145
64 0 212
37 132 185
49 85 135
38 68 128
11 110 129
40 172 233
42 48 128
18 93 267
91 1 97
27 186 215
75 20 118
13 110 127
59 195 260
55 90 301
79 190 272
42 171 312
88 193 288
94 132 230
11 59 105
39 166 219
73 32 143
49 118 176
4 109 155
75 30 128
79 28 139
8 12 61
39 171 216
54 103 272
40 9 52
10 162 172
97 167 293
17 128 231
74 73 234
5 63 76
92 158 259
38 41 88
24 167 238
79 153 270
15 40 161
47 184 232
39 160 316
94 78 313
3 79 91
11 77 96
11 175 195
88 77 194
67 158 366
62 2 93
83 160 279
42 131 207
70 2 95
92 74 172
18 29 48
74 115 232
63 61 164
93 96 191
26 130 346
6 30 46
67 156 226
27 112 177
11 120 141
22 0 72
83 34 159
65 146 218
12 41 57
34 57 98
50 97 253
47 1 108
36 89 184
64 4 68
87 93 195
15 152 209
49 21 75
94 38 162
80 165 283
61 67 130
26 189 219
12 30 46
42 51 97
10 51 68
3 2 12
4 129 138
24 13 156
47 150 207
2 32 95
95 189 329
76 16 117
93 116 218
90 75 240
27 117 337
49 43 92
35 93 135
47 113 169
8 49 74
68 103 201
82 10 117
43 178 367
47 77 127
42 86 137
38 199 237
79 115 238
55 26 90
42 136 272
10 123 179
82 28 220
19 190 290
34 127 166
18 127 150
90 150 250
88 143 235
61 154 237
42 144 234
41 187 355
4 46 78
72 167 285
72 59 135
29 85 118
60 19 185
72 67 155
20 121 146
57 169 234
51 156 378
42 166 246
9 126 142
47 134 188
85 177 277
10 65 119
98 198 335
89 122 221
18 53 81
43 97 149
57 111 368
23 29 172
11 112 124
17 74 181
57 17 80
51 180 236
15 148 167
6 7 28
59 61 263
93 4 208
84 94 302
27 69 123
6 3 42
15 177 267
66 96 195
78 156 275
91 35 130
53 124 193
12 179 200
5 102 221
54 56 152
85 55 188
76 195 277
55 49 107
23 122 191
73 21 127
89 118 226
17 58 125
10 93 112
98 103 244
4 19 58
87 194 285
95 19 143
12 187 210
27 87 119
43 62 115
82 36 246
25 36 210
86 67 156
58 62 162
76 63 173
54 140 196
56 135 234
91 196 297
10 193 213
11 38 64
30 101 131
40 165 205
78 45 240
7 56 72
2 2 8
77 11 96
9 196 205
50 148 342
20 95 301
64 39 153
3 97 113
1 110 112
66 126 334
17 23 42
16 74 128
28 31 63
60 165 407
7 129 170
78 126 204
65 14 128
95 176 319
1 14 209
41 98 144
92 102 219
21 86 292
31 39 71
59 14 77
59 16 100
94 169 295
15 108 131
79 5 126
22 86 111
77 113 217
24 12 39
43 1 52
57 10 190
49 112 164
41 120 221
88 19 205
88 71 159
75 176 305
21 44 70
16 2 169
67 31 99
67 58 147
2 57 67
3 45 55
80 110 278
84 13 147
58 82 339
18 160 332
58 16 108
21 190 260
64 12 118
23 49 130
20 168 191
4 69 77
86 134 279
92 160 306
19 168 190
87 198 461
15 127 286
83 189 290
29 141 365
26 74 110
19 152 174
73 73 149
46 67 122
23 174 201
51 146 330
89 120 224
76 169 259
49 196 250
9 100 120
82 75 158
69 89 159
88 38 126
86 11 99
34 179 218
100 31 140
25 180 210
10 69 137
47 61 109
56 49 111
30 67 105
46 42 117
90 196 288
71 153 227
97 147 294
38 156 218
36 6 51
48 31 86
69 155 226
27 79 123
70 200 276
10 98 285
37 198 242
68 172 250
79 13 98
97 123 234
46 116 332
80 13 155
14 69 132
91 178 275
24 155 186
5 106 281
30 72 290
28 154 191
25 140 287
26 105 172
84 128 316
10 173 217
65 4 118
1 165 171
20 121 176
83 59 150
48 37 191
5 140 151
17 38 59
89 1 227
7 189 198
26 58 121
7 113 169
5 175 181
63 161 258
10 180 192
95 161 445
10 79 110
79 87 166
73 149 230
3 23 176
45 38 184
26 167 337
44 70 164
42 117 175
82 13 100
55 66 133
62 179 254
63 60 130
39 23 70
45 138 191
62 58 155
3 129 132
28 95 157
36 197 337
66 134 207
71 58 154
89 147 270
16 134 170
75 85 209
86 2 125
60 63 124
5 133 142
13 3 21
75 154 229
60 156 379
55 153 308
38 21 142
96 180 307
80 121 225
54 62 156
75 0 125
78 41 153
90 169 415
78 29 122
90 132 262
10 51 76
5 148 330
38 110 191
22 39 70
35 56 112
84 73 159
64 189 268
42 163 210
41 117 185
4 109 153
28 17 54
80 58 156
21 57 254
18 138 170
32 145 216
36 199 236
36 146 231
6 108 117
36 100 140
30 49 81
64 108 203
6 148 175
13 152 165
86 142 274
50 10 64
51 11 100
20 69 90
97 27 159
11 73 88
30 27 250
57 148 250
20 136 178
63 24 123
31 96 146
36 151 283
21 100 128
41 69 116
51 159 226
88 40 135
46 88 181
44 44 92
25 31 84
92 122 230
45 122 333
88 155 249
