480
30 35 65
44 189 269
16 164 258
15 109 134
11 14 215
58 4 71
64 89 163
41 30 82
83 44 154
9 102 119
91 8 108
30 103 134
94 170 301
25 159 185
50 173 225
29 120 188
77 39 121
66 100 212
18 146 285
90 26 147
1 148 153
65 118 184
54 195 285
78 7 122
49 161 218
97 165 265
1 111 149
45 122 177
37 167 215
72 45 142
17 165 258
92 141 418
45 138 192
37 130 199
87 182 298
27 78 274
87 156 246
65 53 141
38 34 97
28 83 127
2 152 168
11 200 378
27 123 179
80 179 262
57 174 264
34 189 223
6 25 41
37 92 136
2 36 84
38 139 322
84 177 264
18 10 192
84 50 144
77 25 103
88 171 276
98 46 315
18 177 229
17 23 45
17 162 213
22 177 245
67 163 231
85 169 258
32 124 238
83 189 282
90 188 326
44 66 227
4 71 78
40 181 399
85 108 200
83 177 278
26 197 266
26 123 178
84 77 293
82 106 188
5 120 157
5 110 124
37 24 178
99 114 226
97 178 397
51 100 155
35 158 216
8 181 323
14 27 41
11 16 91
59 147 216
65 66 315
55 184 386
12 32 47
46 92 167
1 163 209
46 140 192
54 197 258
6 147 181
17 141 320
89 138 247
10 78 287
47 85 177
90 32 186
93 29 126
34 141 343
28 62 255
19 162 277
9 188 276
73 106 201
68 75 218
48 4 52
83 186 272
86 53 160
37 65 103
77 120 242
59 91 200
94 184 290
18 32 60
58 35 124
53 161 401
94 86 216
63 22 95
67 65 142
86 12 140
76 96 215
29 183 212
63 179 297
81 131 222
46 87 156
44 143 226
88 91 186
15 11 83
73 103 189
73 56 129
17 76 137
76 58 150
58 166 359
79 67 169
73 81 185
26 85 117
26 18 111
77 199 321
16 162 179
92 13 297
18 158 176
71 188 313
47 44 93
46 96 148
96 170 422
12 120 140
46 137 295
80 200 288
73 111 215
78 3 112
49 56 115
74 124 245
42 2 44
71 38 110
90 197 298
26 112 147
25 187 216
59 87 178
15 0 15
66 120 228
94 3 214
92 88 190
81 173 306
13 181 243
5 177 186
81 44 133
39 62 215
74 98 210
62 99 197
87 37 183
47 141 351
52 31 116
12 65 82
50 123 174
100 166 302
15 10 57
46 30 84
41 191 362
1 65 108
86 182 271
28 0 58
11 46 67
64 96 295
18 90 196
76 126 216
44 192 240
45 22 80
64 13 81
60 189 256
90 121 231
10 127 146
37 187 227
55 77 147
68 4 214
25 75 148
24 123 179
45 56 101
50 110 345
86 123 213
39 140 239
13 130 204
52 157 211
35 13 48
57 128 212
1 122 210
91 45 141
33 4 53
71 62 143
18 139 163
98 7 242
56 170 404
11 18 52
61 122 310
16 107 165
54 90 265
45 40 93
54 21 192
39 138 184
78 176 261
41 31 112
44 116 210
49 191 251
92 144 238
78 125 249
16 192 315
97 198 301
47 53 181
31 77 109
77 112 195
43 53 118
11 133 193
48 65 119
71 133 212
81 32 115
65 77 312
61 8 70
48 11 131
25 104 142
35 87 123
47 169 219
90 119 246
56 158 313
97 122 322
78 50 131
1 77 117
51 175 235
3 53 81
62 129 221
4 177 187
96 155 407
89 113 249
65 19 92
2 195 235
78 188 278
45 104 162
80 20 156
22 172 277
96 142 240
12 90 110
72 189 306
79 28 119
57 135 227
94 8 280
48 60 108
66 131 206
85 157 247
87 190 403
94 125 314
93 72 175
17 92 118
3 33 183
39 24 220
40 65 115
43 196 347
44 94 303
43 71 242
81 12 94
49 82 321
8 107 165
100 42 147
11 36 65
84 168 288
59 20 209
31 158 189
49 78 135
88 161 262
45 195 274
95 140 243
90 18 130
51 92 148
83 9 267
99 125 422
28 79 137
65 129 250
53 99 169
92 159 251
99 131 236
55 166 224
52 138 256
58 135 236
47 126 211
17 24 49
38 93 203
83 98 360
97 93 192
84 146 237
87 73 201
45 195 282
37 146 188
60 75 248
87 60 151
9 128 138
12 20 53
78 49 131
38 21 90
68 132 213
86 88 178
23 37 96
4 194 214
90 178 429
86 49 175
37 20 71
89 74 235
11 116 198
62 68 154
15 50 75
60 95 155
74 126 214
98 149 255
53 179 256
14 87 110
87 180 305
23 141 344
84 26 261
15 61 77
82 7 101
72 118 216
83 92 180
53 150 203
22 125 174
1 152 163
21 123 193
85 23 144
52 168 228
71 4 202
72 158 240
9 172 181
80 176 256
56 194 256
7 37 58
66 143 214
86 18 112
24 145 178
27 98 130
24 70 224
84 197 286
71 107 179
98 194 374
63 198 268
13 195 216
2 181 186
73 178 286
86 14 109
28 121 157
41 140 226
72 128 400
90 147 394
15 198 281
87 32 126
7 153 297
84 168 290
87 27 143
95 130 423
46 191 280
85 119 206
21 20 43
88 17 228
70 38 210
8 176 189
88 166 429
12 107 126
1 114 154
79 115 233
72 50 122
2 86 93
97 1 288
21 175 226
72 9 124
44 42 115
28 181 248
12 198 399
86 86 289
66 135 321
21 115 137
15 67 91
5 100 108
67 14 85
29 120 248
47 95 189
27 54 98
82 127 326
27 10 233
73 55 147
89 135 246
70 37 116
12 31 46
40 172 218
63 159 262
84 104 239
9 152 210
49 8 66
53 99 275
26 192 218
52 74 158
2 171 195
64 90 211
89 107 243
77 8 115
94 37 153
24 117 148
27 76 114
90 103 254
62 44 152
92 48 158
57 198 258
63 84 161
94 148 287
72 74 171
63 168 235
49 68 165
55 183 238
40 67 115
86 37 131
35 184 229
20 69 95
34 87 150
33 137 176
29 70 205
77 10 96
95 173 299
17 144 163
45 191 261
32 130 291
66 124 298
28 97 135
100 70 175
85 119 379
73 30 103
2 48 62
81 133 378
96 104 228
11 194 211
89 67 159
4 157 198
85 197 352
50 164 215
73 97 191
85 148 424
31 73 182
11 193 208
8 164 199
4 159 173
62 28 98
95 189 329
88 128 248
85 173 259
30 39 78
13 125 147
76 126 242
21 46 70
25 94 127
15 70 283
78 33 143
99 132 261
30 23 203
48 76 127
6 94 157
51 117 168
29 135 170
1 149 300
9 186 241
