1000
30 171 209
4 33 194
64 113 187
88 65 192
28 28 212
51 111 241
99 135 278
27 153 213
85 54 147
1 19 66
63 10 119
32 16 74
91 16 114
1 166 211
63 146 220
93 135 230
6 197 308
23 30 83
17 167 221
6 90 222
41 116 206
99 2 103
53 126 186
64 40 146
19 80 109
50 149 209
9 155 187
26 16 44
39 65 114
7 77 93
43 141 190
97 164 440
54 151 286
19 113 134
58 17 78
98 43 166
69 149 224
73 112 231
13 68 84
61 59 153
14 43 87
49 13 71
91 111 206
77 64 336
70 134 337
6 79 89
73 114 295
17 19 176
80 82 207
7 198 344
88 198 289
63 44 117
98 191 290
79 181 268
12 64 101
62 121 189
53 133 190
60 30 123
85 126 255
26 133 184
10 57 136
4 5 163
96 58 176
26 66 276
95 176 275
30 53 86
18 88 113
4 47 61
10 150 185
65 44 118
80 135 245
79 108 231
56 27 85
46 71 137
99 152 404
52 20 139
57 100 162
10 167 321
47 174 273
47 180 237
18 173 209
97 57 310
55 69 273
29 75 109
81 162 246
44 147 196
63 157 222
81 152 249
96 160 336
85 193 280
68 39 107
24 138 324
78 184 263
97 26 134
29 177 208
30 173 228
63 180 281
34 167 368
79 140 229
30 140 351
80 14 171
40 64 211
94 9 294
22 120 152
85 136 299
46 99 344
59 128 226
23 140 164
71 139 216
41 9 51
59 27 91
70 147 262
50 90 165
50 107 161
76 144 270
12 122 139
72 148 252
79 57 143
77 178 259
40 74 277
24 38 66
17 193 236
17 44 94
53 158 241
89 78 190
42 145 215
69 9 81
9 163 182
17 147 201
33 25 184
57 105 165
55 10 134
55 77 138
10 183 194
5 36 49
3 110 151
8 4 18
94 23 119
97 17 122
51 159 215
88 193 281
13 194 212
71 109 190
32 86 155
4 136 141
32 55 87
32 119 155
23 67 134
44 2 75
90 59 242
49 42 162
85 110 205
9 62 75
2 141 171
5 63 68
75 112 215
26 167 205
26 139 175
32 178 242
60 77 177
23 93 149
20 53 258
1 123 165
21 4 26
20 23 55
29 73 112
85 87 258
35 168 216
51 115 175
94 91 206
86 38 225
97 198 356
37 57 179
12 158 313
30 168 219
11 154 192
46 167 221
61 131 367
68 170 273
1 151 194
34 145 184
83 30 157
76 70 148
26 1 103
98 101 364
38 133 207
46 65 124
18 193 344
33 133 217
71 24 102
96 106 235
67 23 103
9 0 198
76 123 220
27 27 74
93 152 369
58 41 297
78 141 372
15 20 40
39 75 139
72 23 96
90 173 301
13 106 121
12 117 137
95 50 150
61 24 195
48 73 122
29 148 223
48 55 113
21 83 145
84 61 322
19 74 100
97 75 176
81 112 199
96 101 205
33 56 94
47 108 156
62 81 167
64 194 288
85 131 262
5 121 134
79 138 217
54 53 109
7 15 45
65 183 256
36 56 152
95 54 159
99 89 197
91 113 240
27 82 114
58 36 104
25 112 158
76 77 192
92 147 243
39 189 256
11 64 103
21 108 284
86 182 307
56 147 208
37 189 235
44 11 99
62 93 275
73 37 135
61 49 135
23 21 233
62 78 141
77 78 155
58 137 201
47 42 239
1 108 113
34 114 194
22 133 201
16 54 77
47 126 222
92 6 108
16 174 280
24 74 103
78 149 293
31 9 49
90 121 226
31 18 78
30 144 181
35 193 424
72 168 275
17 66 239
80 74 157
27 140 334
16 135 156
32 57 262
5 167 265
92 189 290
47 2 65
42 22 93
13 57 72
37 76 126
81 123 204
63 107 237
12 38 82
47 181 365
9 18 35
39 46 111
55 33 130
74 181 395
93 175 317
19 82 102
92 168 268
62 145 294
49 52 238
22 51 74
87 92 222
73 127 210
5 86 91
33 34 80
11 107 127
52 181 381
74 20 117
23 170 269
80 91 256
43 114 296
54 45 105
10 139 151
34 114 162
72 63 173
59 196 294
4 71 111
89 107 199
22 93 310
50 109 326
45 154 399
99 29 133
58 197 289
68 57 125
66 19 90
36 131 176
67 102 208
39 152 201
65 116 190
72 155 231
61 10 81
28 50 225
3 81 88
96 149 254
78 88 236
29 27 56
31 87 125
57 197 298
1 39 72
43 102 148
85 120 209
42 190 238
36 140 350
92 50 178
41 10 52
83 89 212
23 137 160
26 76 111
40 192 239
69 43 120
87 161 251
7 163 176
92 61 189
24 164 209
27 139 201
49 139 198
90 57 290
84 15 109
43 96 207
72 50 203
31 162 198
55 199 438
88 51 147
49 156 308
18 196 221
97 48 148
93 82 213
68 27 102
14 16 89
100 39 139
85 96 225
12 161 204
99 192 340
30 100 324
65 3 174
58 179 238
61 136 332
31 120 153
69 67 245
35 20 230
39 65 121
24 1 32
4 6 37
30 130 164
86 119 252
34 24 96
13 194 248
22 38 70
97 124 228
20 52 82
87 104 360
73 46 119
3 51 165
62 23 269
26 118 242
16 32 56
26 156 184
20 114 161
55 131 245
26 96 222
59 45 106
40 56 101
2 44 142
79 34 151
76 154 248
8 25 35
84 83 177
4 8 62
41 140 226
27 135 162
23 7 33
89 75 169
48 195 249
44 193 271
5 17 24
96 75 315
65 141 216
27 80 248
9 176 356
53 148 242
36 25 66
46 99 174
25 22 79
85 74 169
38 139 184
59 0 254
69 39 121
95 61 198
27 78 277
37 167 214
5 22 227
67 155 326
7 72 250
81 23 145
35 29 223
61 195 334
62 80 168
79 114 309
45 126 181
25 109 165
27 80 124
6 51 144
60 178 247
62 98 221
56 21 102
41 43 188
23 22 51
13 69 233
70 159 235
34 140 183
9 200 246
13 30 45
72 86 187
8 140 150
9 146 193
99 42 149
90 172 302
73 188 289
37 54 152
25 148 178
30 68 288
46 128 174
6 99 121
83 190 281
66 124 196
30 181 383
65 165 331
62 0 82
94 60 157
77 81 164
20 139 189
77 164 241
99 152 251
31 108 185
90 179 269
15 195 386
37 107 154
6 55 185
80 120 202
73 191 377
44 86 134
97 121 249
9 50 87
80 119 203
53 60 122
65 175 241
10 146 201
24 96 159
97 9 109
73 104 314
91 181 276
94 106 244
84 149 275
52 183 240
62 87 157
97 89 189
69 166 393
64 188 378
73 195 279
62 186 364
8 197 231
75 139 237
46 60 155
51 107 193
48 151 208
44 64 294
21 121 249
10 42 236
32 133 339
57 197 259
34 105 225
12 93 105
64 92 162
23 152 267
37 47 85
61 12 94
8 154 201
15 97 152
47 41 136
47 3 181
54 67 245
61 96 185
3 53 74
73 138 240
1 43 46
61 39 123
39 101 144
99 59 354
38 99 200
54 120 177
5 54 107
21 180 210
6 14 24
90 149 242
3 83 90
85 96 352
10 193 224
83 131 216
81 84 364
68 19 112
87 107 230
83 110 226
63 6 266
76 150 275
46 195 251
77 171 283
57 194 413
96 157 260
54 18 76
5 46 61
87 75 261
37 82 135
84 38 216
91 69 337
77 145 231
33 57 98
42 104 149
85 101 193
66 142 217
90 7 131
73 16 90
16 186 207
74 135 237
43 140 183
58 93 191
51 6 101
23 125 148
19 142 262
56 139 223
18 28 96
69 147 223
72 60 139
33 26 235
18 140 346
82 63 153
47 181 296
76 158 236
3 136 181
11 40 64
67 178 252
96 71 262
100 124 317
64 99 213
43 94 160
10 162 172
96 103 224
89 17 124
45 192 332
25 40 71
32 20 57
45 92 138
70 171 316
90 39 138
78 32 128
99 189 296
64 163 257
31 61 96
69 175 287
84 193 287
59 187 249
86 124 264
86 15 111
51 149 218
80 47 146
85 101 187
76 171 252
61 22 92
56 187 248
73 31 111
75 178 273
76 137 216
4 8 22
56 8 71
21 70 125
7 187 202
79 151 265
41 195 246
48 23 81
9 7 56
89 94 190
66 29 248
89 72 161
78 129 254
48 137 186
2 87 93
26 192 246
43 119 162
2 194 224
12 92 134
59 13 86
86 109 222
95 50 162
80 199 289
89 16 105
40 58 106
32 19 52
6 45 242
19 58 106
87 12 194
89 132 265
17 161 181
23 117 177
92 141 396
63 10 229
61 98 312
8 17 114
68 159 231
94 191 358
20 37 57
13 185 207
13 160 187
47 50 142
34 121 225
67 148 217
11 192 213
11 72 160
68 102 216
38 177 226
26 76 111
44 190 235
76 42 217
44 167 216
22 68 117
91 70 163
85 194 399
27 27 244
26 30 66
80 76 165
15 2 34
73 93 176
73 145 279
23 184 210
88 116 231
40 12 55
71 173 304
24 149 173
49 134 333
80 193 303
91 143 242
34 54 101
70 32 300
43 60 110
82 117 267
35 14 62
13 159 304
6 1 11
12 172 184
48 127 224
45 133 186
9 179 196
74 54 134
6 127 164
91 74 255
81 7 241
10 136 149
44 176 246
86 161 282
83 173 260
50 181 238
10 193 209
61 0 91
94 62 160
72 173 255
7 154 195
49 57 211
65 146 218
76 34 119
76 29 109
64 74 184
33 114 331
69 157 411
76 181 309
58 155 232
89 163 255
12 94 154
60 41 188
19 183 207
53 116 175
100 162 270
58 31 131
1 135 229
57 123 194
85 190 284
74 65 144
81 5 86
46 160 213
53 25 81
26 171 206
47 187 291
3 31 35
19 72 194
9 0 73
88 0 116
77 28 109
84 158 268
6 114 130
88 158 254
46 45 188
71 93 198
67 155 240
84 111 229
91 25 219
53 193 246
17 156 240
96 100 257
65 109 198
23 161 193
18 96 120
23 48 128
36 125 283
83 85 172
89 69 175
87 178 267
35 8 44
64 91 157
91 60 160
51 75 298
22 137 345
2 176 216
7 104 147
70 197 297
12 162 223
36 85 312
47 171 311
45 37 102
85 189 285
16 61 119
20 155 321
47 9 64
17 179 271
96 177 411
74 181 257
74 58 175
31 114 183
75 165 283
63 189 291
54 193 293
41 86 134
52 123 198
92 92 249
6 23 32
28 78 116
13 106 166
56 98 163
99 112 404
45 20 67
55 156 230
8 33 55
8 76 100
88 195 387
19 115 138
4 197 205
60 71 137
56 124 181
25 194 250
64 80 149
52 92 145
61 191 281
22 138 176
82 188 308
36 129 284
54 181 242
60 137 306
51 147 236
56 189 248
19 176 204
78 38 153
88 102 238
67 77 146
39 188 237
31 22 70
7 160 268
89 101 323
25 110 142
48 133 183
28 178 213
41 144 195
29 147 178
84 41 138
7 19 69
69 118 280
89 79 176
14 84 125
27 163 221
70 166 298
51 175 234
33 128 162
42 95 146
78 120 200
5 149 193
70 49 293
73 48 270
22 66 182
99 197 302
59 91 193
92 61 287
46 98 179
68 29 117
72 151 255
75 27 112
65 5 191
53 134 219
75 29 227
89 91 182
59 188 284
74 72 193
62 190 256
76 200 278
54 144 293
14 70 87
45 87 135
74 46 151
25 143 196
38 162 236
33 68 108
81 63 152
45 187 236
37 161 376
5 104 109
53 0 228
90 107 256
26 169 200
71 9 82
45 172 226
77 142 229
8 169 186
100 195 362
63 163 236
69 121 196
28 41 69
40 127 177
9 184 237
46 172 232
25 71 101
96 131 239
86 77 182
44 106 195
90 112 227
100 28 131
46 163 215
64 170 344
83 98 197
74 37 261
9 158 358
77 10 119
80 58 186
80 19 105
11 4 40
68 21 92
48 119 171
97 72 174
82 92 175
92 174 294
42 143 186
85 161 280
10 142 198
51 110 188
2 166 193
6 130 290
81 109 388
53 83 181
80 46 159
1 46 70
91 64 276
14 88 142
71 173 246
69 47 168
64 18 82
34 133 168
9 59 117
93 132 380
93 28 173
57 143 323
78 36 153
74 164 388
25 97 307
94 42 152
91 43 141
94 156 259
6 18 68
38 77 125
58 154 222
6 17 46
91 135 232
64 6 72
80 188 268
37 16 95
34 62 103
18 200 219
74 5 84
27 134 164
17 195 224
88 120 211
72 166 246
18 16 39
6 182 190
7 147 157
45 88 241
65 108 214
34 91 244
33 168 225
36 44 100
85 127 212
90 123 221
29 12 51
14 160 334
12 169 224
97 91 366
41 108 324
66 194 306
98 189 327
37 102 142
31 133 170
22 33 88
13 175 189
69 180 251
9 1 12
35 58 99
36 27 259
78 173 273
55 137 199
58 152 252
80 19 109
1 99 107
3 172 234
32 106 210
88 108 243
13 69 92
94 181 466
24 23 96
67 24 284
83 31 177
3 158 195
34 73 107
81 142 231
61 78 321
88 153 434
7 98 109
22 155 187
14 91 126
63 139 204
4 128 179
27 123 163
1 143 190
78 68 151
58 175 243
24 153 199
100 151 254
100 62 163
4 99 109
1 32 37
73 131 251
22 84 107
52 5 95
3 67 79
54 71 179
84 166 265
22 89 120
93 42 185
10 189 208
31 186 220
67 65 132
30 197 230
26 101 132
32 110 157
60 178 241
97 87 318
100 42 152
23 84 127
30 88 128
31 13 52
18 135 221
