510
42 34 202
48 169 222
24 8 35
65 42 115
54 70 127
43 37 123
95 57 157
71 143 234
52 109 198
68 145 399
41 64 194
6 77 91
61 32 122
65 109 175
29 158 287
80 108 198
85 199 293
70 69 302
57 117 331
53 54 111
61 96 170
100 152 349
7 67 83
52 168 224
98 53 152
74 135 387
12 169 182
9 12 23
18 21 184
35 108 148
98 38 138
73 190 269
89 118 254
31 131 183
75 116 287
81 26 115
75 97 217
63 124 339
54 2 148
76 180 288
68 16 91
100 70 292
23 16 44
77 187 310
79 46 157
74 76 153
68 110 178
79 39 217
1 142 144
75 0 166
83 169 279
59 48 261
25 199 238
3 168 174
3 159 351
90 34 141
83 68 255
92 24 123
65 199 427
56 62 162
10 161 334
18 27 48
70 169 250
15 145 339
24 57 155
100 10 147
87 184 281
13 88 117
31 75 111
81 19 203
85 172 258
72 147 227
30 94 124
84 44 129
74 45 163
7 108 133
94 82 178
54 4 83
99 119 390
40 52 280
50 172 229
54 18 86
91 16 153
50 31 90
69 48 120
11 166 191
75 132 301
72 84 173
68 12 85
87 49 152
60 194 259
10 59 107
15 198 261
7 85 95
33 171 397
3 179 288
95 88 226
93 36 178
34 37 113
71 158 268
99 153 276
6 43 234
87 10 125
7 115 249
1 42 100
31 156 261
11 61 84
20 154 180
80 7 160
32 67 101
50 66 139
21 13 45
97 149 443
84 68 284
31 142 182
4 73 110
13 38 59
89 75 204
59 164 234
98 123 264
35 130 165
68 178 257
87 127 385
85 102 233
40 78 230
75 95 180
64 74 148
57 33 132
79 50 274
22 117 291
83 70 336
9 99 118
48 107 164
13 140 154
68 144 260
100 31 170
88 77 181
49 114 186
51 143 202
35 113 194
29 137 360
49 198 268
94 44 286
51 49 115
60 138 200
91 11 104
90 186 276
60 97 166
46 167 214
5 33 67
93 116 339
61 37 99
13 39 92
48 8 66
2 50 52
56 105 164
3 92 108
60 104 204
37 50 92
58 50 116
18 10 31
91 39 157
91 30 126
38 170 336
98 10 113
29 58 185
50 197 280
4 33 76
79 199 415
58 25 93
37 87 179
94 62 158
20 58 92
31 43 248
79 177 334
88 133 266
71 6 85
66 169 384
5 49 66
81 164 346
7 126 171
68 49 206
59 33 141
53 74 132
6 113 127
78 55 166
97 196 304
68 48 157
94 68 175
87 122 211
52 19 78
80 125 222
4 165 196
3 183 197
71 180 416
90 151 363
33 174 207
64 175 247
20 170 201
90 17 187
62 9 79
47 153 232
85 109 197
15 109 157
91 191 304
71 41 301
20 141 178
53 173 278
24 149 174
61 66 175
18 143 163
72 78 171
78 21 124
79 58 255
54 140 201
31 3 40
99 162 269
75 77 196
83 182 267
68 109 185
33 46 131
84 90 174
1 72 116
67 80 214
66 18 99
8 11 115
7 24 34
63 65 128
75 104 189
16 96 146
32 121 158
74 111 185
80 157 273
46 73 131
66 21 275
48 70 309
33 152 220
83 39 145
73 195 285
85 156 252
36 35 103
23 111 333
75 146 375
68 173 246
67 77 173
8 136 189
5 147 156
53 196 274
1 107 156
83 119 202
69 159 229
84 163 251
42 119 299
55 31 166
47 104 160
71 191 267
24 32 71
50 110 209
97 79 179
41 165 207
91 160 255
14 13 74
62 147 253
66 45 138
55 37 96
46 180 227
7 92 106
64 69 133
100 47 148
74 185 263
37 60 103
88 199 289
41 109 156
94 99 196
25 189 396
72 108 188
6 185 239
39 156 242
12 53 214
8 53 94
69 103 173
23 6 35
36 42 83
43 114 275
92 175 296
29 187 221
61 116 207
14 166 227
95 14 119
11 139 150
4 186 197
47 72 255
56 27 130
52 121 177
64 137 205
61 82 151
32 85 119
56 145 226
81 27 115
25 84 309
14 39 117
26 90 200
87 152 257
97 87 371
53 127 199
90 127 218
3 29 51
12 200 222
30 176 271
92 93 193
50 125 194
70 112 188
56 190 251
58 156 271
75 86 168
97 157 264
81 191 447
27 61 111
83 64 155
80 96 359
75 172 414
98 133 248
21 128 156
6 125 250
4 140 149
42 94 173
43 22 98
16 112 142
46 144 224
24 97 138
15 135 154
25 159 186
71 48 220
79 55 141
2 111 192
23 75 134
12 4 26
95 153 408
36 127 163
96 113 238
100 97 269
57 90 147
87 92 182
22 140 164
92 102 199
57 158 244
24 198 253
32 160 197
73 154 263
49 38 101
11 164 184
51 175 231
24 28 59
51 188 376
33 95 131
83 188 287
8 20 30
41 173 245
34 147 185
71 23 128
69 50 149
44 46 152
17 42 59
61 5 73
24 1 55
33 44 215
65 51 119
24 86 117
45 114 161
95 169 278
46 71 131
61 187 248
25 62 226
94 130 362
66 47 123
21 196 397
22 186 209
11 68 257
6 160 213
20 191 218
4 184 191
50 194 245
96 74 175
57 55 250
57 173 247
54 100 158
16 188 231
30 85 142
24 176 202
18 138 162
45 45 99
10 158 365
78 194 385
63 154 340
39 92 138
18 66 91
7 178 370
31 175 226
7 42 54
42 168 257
1 164 237
60 99 163
80 97 300
4 160 182
38 164 236
94 162 383
77 73 156
47 138 187
82 175 405
37 195 373
41 19 244
56 148 213
32 41 88
69 45 191
77 37 279
32 170 204
74 189 281
19 32 54
35 147 293
44 40 98
11 75 92
60 116 271
49 9 89
20 141 211
28 186 411
6 175 352
50 176 246
7 166 173
38 57 102
33 166 244
42 4 175
86 12 139
100 112 336
88 119 211
61 141 245
23 149 178
33 25 67
49 170 225
66 176 265
63 62 134
90 105 220
5 38 51
72 39 121
54 150 256
9 69 79
46 174 298
9 179 195
29 76 105
89 44 140
38 92 132
24 137 181
60 59 163
40 178 264
57 31 101
7 100 201
76 61 140
48 187 281
42 85 175
51 170 232
87 0 111
95 185 461
89 136 232
92 102 204
18 143 289
77 107 186
54 163 222
87 169 270
91 68 168
41 94 142
83 154 373
96 0 105
45 193 396
62 137 310
3 200 229
44 196 376
36 62 98
13 159 180
89 141 240
33 21 57
2 117 134
95 132 329
89 143 235
33 3 44
88 124 248
34 184 367
25 104 142
41 165 252
75 191 279
56 107 173
47 66 258
42 190 240
86 111 234
86 182 309
46 24 128
39 3 77
47 139 210
51 67 119
65 172 239
76 34 153
72 83 159
96 114 216
98 119 264
26 5 230
34 68 112
49 190 283
17 77 103
39 135 218
82 8 98
97 83 186
56 41 121
