670
68 161 259
96 199 312
63 78 152
53 79 132
28 133 165
43 153 197
7 107 241
73 189 293
69 17 106
49 197 288
83 37 128
74 65 142
82 169 280
70 88 159
52 115 206
58 123 199
68 176 251
75 91 243
90 191 321
11 122 143
10 38 50
84 62 153
1 59 125
63 82 181
81 64 335
24 31 161
85 119 210
44 67 160
62 120 192
78 141 241
18 122 161
64 161 343
80 148 238
27 174 228
27 108 230
19 56 122
74 166 247
39 96 265
55 117 181
67 26 101
17 81 102
30 36 70
2 7 29
79 150 232
15 185 389
41 177 228
42 27 107
99 141 265
46 33 82
79 127 247
41 148 268
18 63 85
88 24 149
30 104 143
81 77 167
34 97 148
9 179 192
77 145 225
48 193 322
73 120 217
84 47 173
31 36 75
42 96 163
45 38 282
14 123 142
84 192 285
37 35 261
5 58 65
28 14 52
46 106 159
56 35 96
35 108 153
75 62 139
52 99 230
5 43 52
98 110 216
41 37 80
94 65 306
24 59 108
25 73 116
35 157 223
32 57 119
98 180 356
16 80 146
98 55 176
43 55 131
42 159 214
30 60 189
81 195 279
74 129 217
52 189 250
99 73 209
33 4 145
58 13 207
85 3 118
67 36 106
93 18 278
9 78 94
14 5 59
9 180 322
65 89 185
96 151 255
72 97 177
95 1 97
24 101 126
60 185 272
71 122 195
77 92 172
87 170 410
93 146 241
25 95 120
1 145 159
15 72 211
59 125 195
53 95 195
83 21 244
87 118 248
94 137 280
100 145 250
24 106 130
30 169 206
63 190 386
55 89 169
77 157 255
9 197 216
8 15 217
65 187 262
14 200 351
81 38 143
59 32 93
64 64 156
87 137 296
56 115 181
8 143 179
3 187 214
39 108 169
69 188 261
98 118 218
39 5 191
11 65 81
8 180 288
78 199 293
25 75 106
47 109 163
38 24 62
13 178 233
50 102 164
95 48 181
90 199 297
22 180 211
59 72 142
53 68 130
77 76 156
77 74 151
53 182 284
24 166 192
100 9 137
100 59 163
16 108 170
42 76 126
91 199 310
49 104 156
44 84 328
75 90 166
31 175 403
49 87 334
55 165 226
23 132 203
81 192 311
59 64 170
82 111 230
41 155 201
61 163 243
63 169 340
77 1 94
8 145 288
76 24 103
34 167 201
78 16 241
78 176 298
74 30 109
25 0 38
7 142 171
90 139 230
36 198 357
12 50 80
91 139 235
82 123 352
46 88 170
89 19 187
71 198 331
58 73 252
46 14 67
73 143 225
25 37 66
90 10 105
55 34 92
16 30 55
18 161 184
71 109 212
46 40 96
47 58 114
23 168 240
68 9 126
92 160 264
22 35 91
20 56 99
41 107 295
96 13 129
56 34 92
63 6 102
40 80 126
36 113 152
53 127 205
50 60 279
95 195 318
50 184 270
51 30 170
68 163 244
43 40 88
1 14 20
46 20 72
6 83 93
83 195 280
54 148 205
33 18 101
48 195 276
6 157 269
35 42 86
63 127 236
14 178 193
20 79 192
78 65 143
58 58 178
7 21 33
25 4 30
58 74 281
47 34 88
72 119 194
43 184 233
42 97 142
81 69 198
53 118 185
45 11 173
88 121 394
86 154 288
81 58 171
32 64 101
52 61 288
83 196 282
100 112 223
4 127 170
60 114 174
69 45 129
8 34 60
96 176 309
8 29 65
1 99 107
46 200 283
99 105 216
98 44 142
73 7 90
32 59 170
47 37 280
5 34 58
97 38 143
64 170 241
12 8 174
70 32 115
54 191 270
55 167 267
51 130 203
55 1 180
42 15 150
82 68 215
99 174 326
71 134 207
78 33 114
20 162 227
69 40 115
49 10 74
13 71 89
27 41 72
55 133 205
38 82 124
45 59 151
8 180 192
90 11 102
35 129 166
57 14 77
75 171 274
76 127 238
60 188 249
96 172 277
41 186 274
11 144 175
52 136 198
28 4 38
41 116 345
88 200 298
10 155 209
72 69 167
45 28 85
16 88 129
52 133 190
10 154 180
64 197 262
73 123 208
71 41 143
56 90 149
19 155 175
66 54 142
65 83 343
86 113 293
47 128 371
31 24 82
58 100 165
85 126 246
88 138 228
26 170 197
87 19 124
29 158 194
93 63 172
8 62 77
78 3 82
81 190 281
34 77 124
47 142 199
97 59 272
70 193 372
80 118 233
63 183 287
74 14 91
3 85 124
68 152 254
73 178 256
31 68 121
100 101 233
86 200 294
9 133 294
14 75 114
73 96 179
48 139 197
35 142 182
23 187 221
75 101 184
76 124 210
47 192 279
63 56 208
3 108 296
99 182 284
3 3 29
45 187 298
87 174 331
34 81 157
37 15 88
65 144 249
94 51 248
28 51 95
78 67 145
5 97 190
21 191 262
45 126 178
38 168 264
14 51 114
2 104 147
38 51 94
54 90 166
72 21 217
62 33 102
97 29 131
58 127 199
66 160 241
1 114 142
17 54 77
24 76 105
88 57 206
35 16 224
11 176 267
16 35 89
82 121 246
100 14 115
17 30 52
65 186 410
65 1 72
25 4 30
38 58 136
66 76 148
27 7 37
13 165 199
19 156 212
81 159 243
52 83 138
80 107 189
88 1 118
46 99 257
27 163 190
42 64 254
33 99 138
76 188 303
68 51 129
28 14 216
84 40 130
77 179 261
45 104 150
7 127 164
44 23 188
21 3 27
83 37 172
97 139 240
45 104 157
78 7 89
15 14 104
18 104 144
45 131 257
89 29 126
50 115 184
78 79 166
68 59 130
23 91 134
26 159 186
10 174 187
27 65 241
42 150 230
9 92 117
11 192 207
15 28 135
27 20 67
81 142 225
16 30 120
19 191 242
66 73 307
40 20 174
91 67 160
68 80 185
94 158 258
15 2 21
98 173 319
21 121 150
67 149 216
23 52 79
46 188 252
63 127 192
46 117 164
3 44 76
85 47 138
29 129 164
89 92 204
34 164 204
74 29 166
87 93 201
7 115 148
96 142 387
11 79 158
48 173 228
97 74 213
15 55 70
34 84 140
10 25 84
18 166 363
17 66 176
42 6 144
24 146 250
69 173 254
18 44 234
13 117 134
3 161 171
59 96 177
88 20 129
85 44 156
84 168 416
29 183 221
20 155 210
72 26 108
6 190 211
67 58 280
47 41 95
22 184 373
33 50 87
50 115 171
15 89 109
100 85 264
52 185 298
6 108 114
29 105 161
60 70 230
66 127 304
99 125 285
95 126 255
59 143 400
97 165 336
76 74 168
73 21 97
55 8 95
23 127 157
36 149 191
71 148 224
42 32 98
91 149 260
19 130 157
60 97 170
28 106 156
28 119 261
9 134 170
49 192 243
63 191 290
47 130 194
84 38 150
25 81 114
81 164 281
10 142 160
78 45 169
3 31 220
53 75 327
29 189 227
69 32 104
2 116 122
54 38 116
63 146 293
17 136 186
33 63 198
58 37 96
50 142 201
43 140 307
63 147 210
25 108 155
14 98 122
74 80 155
25 44 77
43 7 62
21 120 144
67 10 94
37 128 167
20 101 127
95 56 154
59 79 319
29 48 262
86 59 147
8 139 149
95 4 197
90 132 253
17 13 49
51 9 68
38 173 392
73 167 247
35 110 147
66 82 164
80 83 301
5 119 151
81 194 428
72 84 160
45 15 90
12 124 136
36 4 137
92 0 101
36 96 142
97 88 194
17 41 62
27 196 234
10 139 154
92 21 113
99 25 139
24 185 328
27 57 118
86 55 235
49 9 89
14 40 63
59 128 297
74 105 210
56 47 105
7 153 165
39 30 77
87 88 222
79 192 272
47 123 172
30 9 205
33 187 406
75 135 220
20 155 192
92 152 246
35 109 251
81 22 219
90 6 105
52 71 296
33 91 125
37 188 247
66 68 151
100 160 373
57 106 176
83 56 139
81 122 213
46 25 76
11 51 62
84 65 194
96 2 101
28 21 73
93 195 289
35 137 175
94 118 310
76 41 122
75 87 167
16 200 253
86 103 298
55 88 146
58 83 196
16 91 128
43 36 128
23 75 154
11 35 55
44 38 82
94 21 122
22 70 98
58 35 131
91 48 188
46 136 189
39 193 262
9 115 146
69 131 396
15 144 189
32 136 328
81 137 223
28 67 284
92 197 294
55 185 279
24 150 287
14 136 189
31 156 188
7 20 49
12 133 167
73 68 163
28 162 374
87 27 119
60 124 185
25 81 112
77 181 402
34 20 197
5 153 179
68 134 390
29 195 226
62 153 342
23 185 209
27 67 96
71 97 366
24 117 142
56 143 209
9 22 92
20 133 172
7 135 173
12 5 43
100 103 215
92 9 134
73 6 165
87 152 306
14 120 169
20 167 258
29 145 174
98 110 221
63 99 252
86 33 259
60 167 232
23 14 40
73 73 156
15 106 122
42 100 188
39 164 331
87 79 295
73 117 234
55 82 305
82 152 235
3 195 372
