720
90 90 185
38 105 215
69 30 107
36 162 207
37 182 238
21 17 40
74 156 237
22 145 167
62 139 287
55 25 253
60 98 196
49 97 154
68 71 140
9 169 184
67 88 180
49 194 244
89 40 187
24 197 414
63 83 158
6 138 304
88 75 170
74 36 110
24 42 98
29 125 194
90 196 419
1 165 167
72 111 307
6 76 107
28 106 155
31 75 111
12 194 310
35 3 41
12 119 275
1 155 166
100 124 344
27 66 113
24 148 182
31 175 212
53 82 251
39 172 214
2 34 109
31 109 299
28 173 308
91 181 276
50 179 275
30 121 178
34 83 164
37 57 96
19 161 186
24 94 158
41 198 255
77 163 279
21 136 168
45 122 259
76 26 249
1 81 84
69 86 177
99 49 292
21 87 139
56 151 237
75 137 253
88 104 221
4 150 159
97 21 194
85 144 326
60 102 163
83 47 144
71 146 265
23 71 136
46 187 241
50 107 158
61 77 139
85 35 127
48 195 266
34 50 122
98 67 196
57 196 257
49 56 125
20 171 192
91 95 188
59 67 197
15 157 173
82 29 141
17 19 43
19 22 104
86 73 163
75 32 107
78 8 86
83 142 329
84 66 186
17 65 249
51 69 127
23 177 203
70 83 178
55 81 185
71 85 320
92 47 155
33 180 215
74 100 192
29 191 353
12 123 147
38 92 137
39 200 273
6 93 179
86 98 292
48 30 121
3 98 125
86 162 252
46 99 147
14 105 123
60 35 96
39 29 221
49 97 255
26 85 118
70 35 110
8 37 93
3 2 8
61 104 183
62 6 75
10 22 140
87 159 254
54 199 253
8 127 147
31 77 118
51 87 174
24 102 133
25 42 120
96 183 288
69 177 293
39 100 139
21 150 172
45 195 300
59 168 271
27 109 153
75 18 118
90 101 229
95 178 394
72 79 152
70 144 241
16 51 106
66 6 137
31 141 203
37 14 88
21 191 217
13 63 120
96 194 335
11 79 90
40 11 53
62 162 365
31 104 220
33 154 194
53 188 250
96 62 159
61 141 209
93 139 249
81 4 181
84 62 205
37 9 61
97 116 213
84 177 375
46 101 153
86 132 354
54 37 254
5 86 94
95 98 340
83 178 300
97 106 205
65 165 232
25 55 82
90 191 413
88 32 148
32 96 169
52 149 361
78 160 358
10 68 81
41 142 186
70 192 410
83 165 289
41 57 107
47 72 123
94 192 288
15 139 297
65 135 226
44 114 159
6 18 43
3 90 118
29 38 73
83 164 254
53 159 251
50 60 127
92 174 270
48 146 196
76 62 139
60 17 82
82 23 112
63 93 170
16 137 153
62 27 129
4 193 225
30 164 218
28 109 139
99 68 314
55 123 234
48 157 206
34 136 177
31 88 166
78 44 122
95 134 314
5 98 112
97 155 257
57 20 197
89 82 205
97 136 305
6 138 154
26 86 117
51 127 255
62 114 188
50 49 164
98 66 166
1 159 190
48 130 204
34 81 301
64 109 177
64 81 147
50 196 260
23 180 222
14 85 105
31 144 181
23 101 150
19 2 100
1 63 72
48 11 91
81 33 156
74 90 164
94 112 214
60 3 66
75 36 173
23 44 68
44 48 98
65 149 239
63 86 262
3 190 263
80 155 239
95 9 107
45 38 133
80 109 230
86 93 265
40 58 144
2 184 194
26 127 246
11 10 30
45 125 194
100 62 171
68 17 137
17 105 122
28 62 93
87 81 203
58 149 282
91 198 297
32 193 289
51 39 109
22 172 199
2 116 136
37 108 272
2 112 115
46 181 272
10 58 108
60 48 111
41 145 190
18 76 130
85 90 183
77 15 126
65 24 152
64 180 283
67 143 220
60 136 196
5 99 109
11 102 113
96 0 104
1 192 203
39 96 320
6 116 124
77 145 229
100 4 188
91 115 213
38 78 235
72 75 149
2 91 101
85 154 240
47 174 225
34 122 186
12 29 146
41 66 120
41 173 365
4 122 129
78 51 139
66 52 290
43 188 325
4 58 229
83 86 212
40 13 57
29 152 190
97 86 192
39 162 202
87 108 297
80 79 310
27 176 237
57 143 341
54 56 155
87 81 174
72 106 205
14 160 184
1 38 218
40 181 254
16 142 163
54 124 181
89 161 255
34 74 243
6 175 345
7 130 139
41 67 113
76 167 266
61 60 167
3 73 85
26 123 183
51 151 204
43 104 157
84 165 398
17 197 355
95 97 202
25 18 60
76 85 186
64 114 180
3 114 122
56 135 208
96 80 223
76 93 187
43 199 396
79 200 337
80 138 219
54 50 248
22 149 215
33 14 88
62 62 128
47 53 103
79 22 106
17 187 215
98 45 187
62 38 105
71 107 327
10 94 105
37 172 210
95 122 226
95 67 200
57 90 206
89 196 295
96 24 123
3 134 142
79 152 239
5 179 292
72 31 144
1 172 183
100 54 164
93 102 198
38 163 204
59 14 74
34 94 166
56 49 108
7 123 295
36 51 132
3 62 77
10 179 199
83 103 228
99 174 295
65 46 151
11 156 184
26 67 135
40 6 48
88 25 114
30 167 213
65 114 180
40 82 315
65 58 124
94 100 200
50 38 196
16 49 93
69 168 254
29 41 72
54 144 228
4 36 45
53 32 266
19 35 104
19 27 84
54 55 156
18 87 113
15 26 47
29 70 207
40 38 78
5 121 134
33 0 187
16 6 24
57 64 130
72 77 284
99 88 266
97 79 315
68 175 271
2 68 75
87 44 177
43 114 175
23 86 125
11 47 97
48 170 267
69 65 139
99 99 212
91 94 376
11 125 169
62 42 107
32 15 224
48 142 229
84 164 391
81 38 146
54 46 142
1 197 198
60 122 194
70 170 263
60 20 88
45 72 143
88 49 140
90 83 221
67 192 368
50 8 59
29 100 133
37 44 104
84 84 177
28 150 220
65 189 260
75 102 202
83 80 189
64 40 143
97 162 269
43 121 167
79 185 328
62 122 304
15 28 53
57 110 290
7 162 331
15 90 110
62 9 88
1 49 60
11 22 72
58 173 380
11 96 147
13 73 275
27 56 84
92 127 227
37 165 252
40 174 231
53 170 387
84 88 304
67 24 95
100 19 129
46 136 190
69 3 73
36 113 151
56 118 179
22 124 148
45 79 130
46 132 194
24 41 85
100 60 167
97 151 249
47 94 151
22 52 79
95 47 298
25 185 282
20 91 117
75 109 319
95 12 148
15 112 171
90 178 381
54 148 253
28 9 106
57 135 237
80 50 163
78 187 370
17 81 98
94 38 160
97 194 387
82 45 153
19 150 227
46 125 195
85 148 238
88 30 153
28 63 95
9 1 150
4 13 46
3 194 379
58 14 77
9 186 243
63 130 196
90 44 134
97 83 221
97 51 156
99 34 174
3 34 38
46 22 73
1 2 7
91 31 291
11 84 249
42 12 101
64 10 108
28 23 56
18 91 154
84 82 170
43 191 238
95 30 129
98 5 116
19 3 24
83 192 283
57 141 200
3 89 177
18 107 141
99 187 317
75 42 121
3 100 113
52 179 321
74 157 233
65 128 210
82 69 158
17 194 379
4 63 68
69 164 235
26 38 67
71 97 191
42 165 207
50 17 97
80 194 300
37 18 90
20 125 155
16 176 316
25 185 372
40 108 185
38 171 291
23 111 237
80 103 215
70 5 113
67 149 260
60 114 180
64 124 237
66 34 136
72 52 131
43 178 225
76 111 192
85 121 216
6 166 319
29 129 200
93 124 221
53 172 226
36 48 106
27 11 48
9 85 97
39 68 223
19 118 270
12 173 299
87 156 249
39 3 77
40 33 195
24 124 149
66 53 120
63 169 240
88 181 309
45 169 250
71 67 140
90 11 101
71 186 259
1 79 104
51 17 245
83 78 170
36 173 222
32 124 221
68 180 249
78 168 257
31 189 294
53 77 140
49 76 131
94 1 128
17 119 185
28 2 40
37 158 274
10 189 203
10 67 85
29 10 192
10 14 43
2 136 158
91 180 366
31 191 222
95 114 256
64 93 235
13 107 122
56 73 161
46 184 233
21 91 118
18 70 95
32 91 152
69 133 206
40 26 100
82 94 176
64 84 212
1 131 202
98 46 145
87 25 162
56 167 228
64 190 303
90 64 163
37 179 226
53 196 406
35 168 213
7 109 224
80 72 156
97 75 174
36 115 155
7 100 256
87 54 163
35 130 249
44 156 220
72 3 125
69 193 263
23 4 174
99 196 382
70 84 272
99 28 323
62 176 255
58 66 133
31 181 260
83 193 323
91 51 171
45 55 188
95 152 283
63 194 266
62 139 219
62 4 75
56 19 105
20 196 329
31 47 100
28 147 209
92 12 134
77 59 230
69 162 237
43 74 123
46 117 168
53 106 343
95 179 275
44 111 156
19 63 175
2 88 126
89 176 308
38 0 50
94 9 129
66 194 269
60 106 171
21 92 114
11 29 76
43 126 208
76 14 124
35 69 251
81 114 236
64 67 299
4 148 184
3 163 170
32 3 210
49 101 159
78 199 277
67 114 198
8 105 150
98 30 130
39 95 206
86 168 318
69 106 210
44 63 117
49 125 183
93 192 293
25 146 172
12 170 223
2 124 134
68 71 177
69 91 163
67 51 124
35 171 211
40 174 276
38 128 166
85 89 181
18 188 206
44 81 207
52 181 361
74 169 256
76 19 100
44 30 80
74 178 264
2 90 281
83 86 200
54 173 255
45 108 167
4 52 121
29 91 262
96 58 322
18 138 165
32 105 180
5 89 134
96 66 242
25 144 170
27 175 215
15 83 124
57 187 278
36 53 123
84 119 205
49 87 139
77 86 170
82 153 281
66 12 196
94 164 262
