380
54 161 222
73 178 286
15 86 298
71 85 173
49 143 240
81 4 88
53 146 204
91 94 185
94 91 200
84 155 246
20 181 369
86 182 308
34 42 80
83 119 211
10 187 206
11 89 103
98 114 218
34 8 42
91 140 242
50 57 292
56 104 198
75 147 386
22 159 206
51 102 156
39 44 87
19 58 84
62 159 289
91 161 408
93 98 192
85 170 259
10 162 218
16 56 223
98 49 240
97 122 264
22 4 89
13 117 148
43 130 196
74 35 227
30 58 121
92 153 263
34 132 168
71 165 239
97 100 200
72 126 216
78 95 186
30 197 274
35 62 104
19 4 24
28 51 125
21 19 68
27 108 137
22 49 76
57 131 209
88 200 289
76 70 146
97 17 122
12 70 96
16 25 79
32 142 177
12 74 245
65 55 122
9 71 223
67 5 185
62 169 387
87 67 187
16 95 284
96 4 110
5 154 159
68 158 230
90 82 186
46 190 240
45 22 75
75 148 228
60 4 80
60 89 191
71 119 232
38 110 264
34 149 316
4 99 113
36 38 175
60 28 88
4 109 175
90 89 189
62 138 201
17 106 163
1 86 131
10 185 202
67 165 277
75 4 213
52 95 344
69 19 111
48 90 278
56 32 120
19 97 123
87 1 134
5 181 383
75 133 240
19 5 195
93 133 232
6 62 74
74 67 141
99 136 307
75 52 180
93 57 168
82 159 253
71 82 154
42 172 293
41 150 252
79 178 276
16 48 113
87 22 150
96 2 113
66 140 265
80 62 296
36 167 214
39 21 195
80 193 329
14 35 49
49 24 73
70 120 244
28 113 335
88 52 159
45 128 175
70 23 209
31 75 108
46 58 122
54 156 397
34 176 363
13 148 170
71 159 326
78 55 137
83 153 236
95 151 347
91 114 216
82 197 281
60 97 166
98 107 304
6 140 148
56 178 236
30 166 306
72 174 259
37 102 145
50 83 135
45 39 105
65 113 179
1 158 234
44 139 223
27 190 240
32 27 68
28 87 124
28 110 148
34 59 119
77 46 135
8 170 181
6 5 37
6 49 209
40 146 189
1 190 198
43 3 121
70 152 225
39 119 186
84 119 212
67 159 340
8 198 209
64 28 125
97 25 122
15 35 100
71 65 164
1 33 34
30 199 235
51 124 177
3 99 104
37 32 109
19 53 226
96 128 225
32 89 127
60 122 189
73 181 258
19 34 56
35 127 221
1 1 39
44 189 233
73 104 192
14 196 215
98 72 230
31 172 204
11 196 227
36 31 87
12 104 164
8 98 238
45 148 391
56 36 97
70 10 88
11 82 262
87 152 260
75 80 156
96 47 157
87 78 167
94 61 165
11 88 145
6 8 15
21 195 252
48 109 296
49 161 402
11 138 149
53 85 155
43 88 135
65 48 280
36 7 47
78 38 234
58 2 80
30 33 108
18 159 232
47 167 367
42 181 255
86 119 222
5 8 59
55 77 138
50 115 168
39 11 59
45 16 68
11 14 27
21 125 244
50 50 264
27 14 43
18 74 151
96 80 206
28 174 263
13 15 74
68 31 146
69 35 205
42 172 215
46 77 146
16 152 171
5 8 23
29 115 169
62 87 153
97 100 211
51 122 357
18 183 244
100 7 156
81 171 276
90 49 177
63 46 305
96 68 283
28 47 178
4 3 11
23 65 94
17 99 157
19 141 311
91 183 284
100 199 343
66 19 125
63 93 179
26 195 367
44 170 240
84 120 242
78 3 88
7 81 124
62 175 276
2 148 151
18 190 250
92 143 239
41 146 369
60 133 240
19 58 77
67 6 97
91 35 132
82 122 219
9 151 163
56 155 254
23 50 89
15 24 43
2 173 210
41 5 59
87 198 288
43 22 77
65 147 290
12 184 198
88 42 138
31 57 92
41 71 141
50 40 134
43 53 137
83 159 250
21 128 289
78 196 410
74 147 227
45 16 117
49 200 270
29 18 205
30 155 346
42 4 209
74 84 202
45 135 191
29 119 162
83 52 141
67 36 167
41 131 249
40 89 210
36 120 166
57 87 157
94 19 283
75 178 303
7 114 142
23 131 193
3 44 163
67 105 187
12 176 317
9 21 31
83 112 320
4 149 185
94 152 261
25 24 49
82 151 274
85 124 255
54 5 63
87 188 437
27 57 100
11 188 368
92 172 266
92 14 114
76 59 136
84 168 445
43 181 267
15 179 337
52 52 273
65 60 156
70 101 329
23 50 237
48 63 309
53 28 193
59 138 236
47 82 130
36 8 54
37 64 109
9 47 60
17 103 131
38 121 203
24 138 266
45 196 244
5 50 97
22 178 221
52 63 121
69 4 96
58 12 77
3 102 299
10 122 150
96 163 269
88 194 291
23 85 108
74 108 185
71 147 349
82 108 214
26 167 230
59 126 277
13 154 199
46 70 154
74 199 441
69 121 191
58 10 75
45 14 201
17 181 322
74 187 409
17 65 244
45 82 130
15 10 34
14 188 224
91 183 278
70 121 216
1 79 130
99 12 115
83 31 121
92 30 128
31 4 75
89 11 111
43 14 61
82 159 248
14 43 64
40 173 244
