660
85 101 228
19 163 374
14 139 164
36 175 240
73 17 93
78 66 300
15 142 191
59 127 186
67 128 293
16 167 191
89 121 273
17 161 228
87 124 222
62 103 169
55 159 392
13 48 248
91 113 208
39 178 217
30 81 118
60 12 204
16 164 190
83 115 213
85 71 161
18 93 159
86 198 331
38 151 204
37 65 111
69 121 190
36 139 328
15 51 70
37 37 83
83 29 130
75 154 234
61 39 121
56 197 282
44 61 124
52 94 146
63 22 93
92 166 259
7 163 260
73 81 173
23 148 177
8 96 110
88 78 191
20 99 125
37 81 118
70 127 221
7 176 190
52 14 72
48 1 117
46 156 203
25 129 160
53 94 173
98 22 189
95 72 177
56 86 148
89 35 272
28 3 40
77 22 105
59 6 66
55 172 276
9 191 355
5 43 54
33 6 210
19 194 222
71 153 224
34 16 79
67 131 233
100 124 233
46 68 124
31 10 199
36 106 145
81 163 254
9 119 262
56 34 106
18 177 234
26 139 356
8 34 122
73 59 137
17 20 47
53 25 96
56 57 128
12 197 209
82 178 395
94 180 280
79 49 257
74 148 292
55 80 188
81 135 242
91 187 287
28 93 132
44 125 208
41 87 217
37 48 146
92 87 189
40 13 62
11 155 190
21 4 70
71 113 191
26 78 261
56 98 199
93 121 255
64 76 149
70 57 311
38 198 315
21 185 298
62 38 108
50 85 327
6 44 93
76 110 244
81 73 252
67 108 237
52 66 122
46 191 437
12 45 192
57 75 155
81 14 101
48 98 148
60 190 284
15 189 272
93 29 138
7 142 149
49 116 282
29 154 238
5 7 57
36 6 178
70 45 125
65 136 216
89 43 133
77 129 210
14 57 121
5 37 221
76 90 168
22 57 94
66 4 95
78 193 308
7 9 21
71 37 123
39 104 192
25 19 44
45 199 252
74 107 190
22 153 190
56 46 112
35 2 40
81 115 197
79 82 205
75 148 256
82 162 273
64 157 222
47 21 92
3 37 45
75 9 87
5 144 155
51 189 249
6 6 49
18 139 157
21 29 73
56 177 238
48 66 281
6 182 233
57 54 289
70 107 184
88 40 194
78 134 316
16 45 68
45 103 203
71 116 195
41 159 203
52 152 220
28 111 145
66 0 81
94 73 168
8 12 154
44 188 270
64 95 165
41 105 150
90 27 214
99 141 266
40 48 93
100 80 189
74 125 241
29 200 276
11 78 215
40 100 142
26 134 164
88 11 107
21 85 175
81 48 135
94 185 320
42 112 262
94 114 242
42 138 189
74 52 136
43 86 155
67 189 394
65 95 175
9 18 42
50 2 78
8 23 72
23 106 129
91 25 116
17 132 151
9 122 266
86 136 349
87 26 141
51 106 157
82 109 286
88 39 137
22 26 94
53 74 143
54 60 145
89 154 269
97 45 333
62 24 146
51 61 120
57 103 190
93 136 285
73 133 286
72 108 197
37 37 230
24 150 190
49 92 151
75 103 202
98 32 147
32 103 147
47 10 66
30 169 221
28 21 55
100 55 158
69 135 213
50 9 59
11 163 310
69 141 215
11 4 30
71 44 145
57 185 302
59 66 135
97 196 455
44 59 276
84 115 205
73 141 301
97 145 251
14 126 206
29 131 169
10 8 22
89 157 248
90 109 248
21 82 119
91 166 301
72 127 201
56 55 119
70 118 235
13 40 55
52 185 256
72 102 191
26 85 118
57 80 144
87 13 106
83 150 251
27 188 250
83 123 220
37 180 226
58 3 62
85 95 183
87 18 122
1 123 125
83 117 222
30 17 170
80 14 94
63 54 132
69 165 236
11 192 214
96 31 177
23 70 217
18 84 110
55 8 73
27 177 345
72 63 139
27 36 73
41 42 222
20 171 286
42 36 85
22 66 244
96 60 160
23 2 71
37 83 125
100 74 283
65 70 143
87 105 192
48 10 108
83 124 257
38 182 408
56 193 250
56 72 137
21 3 27
9 93 275
27 186 263
23 152 180
71 93 172
27 14 107
28 115 145
53 144 215
60 54 215
92 111 319
42 5 97
31 62 102
83 85 218
5 143 149
32 117 149
41 95 323
8 162 180
71 74 155
77 31 221
53 18 120
71 142 250
34 13 48
95 99 215
92 119 219
18 18 66
42 34 85
36 169 209
78 113 262
77 111 254
14 150 197
75 22 140
98 111 397
81 13 123
83 163 246
92 125 268
17 68 89
68 2 85
61 67 130
2 197 347
79 42 126
90 97 366
56 33 133
64 136 204
14 172 192
75 24 99
96 10 113
70 147 227
24 170 197
42 104 153
21 76 251
10 60 70
98 118 330
78 29 111
85 134 377
77 83 206
71 65 150
65 156 221
70 123 233
86 77 167
59 61 133
55 154 406
86 111 224
28 153 321
74 146 247
43 156 237
33 119 224
2 121 126
60 93 221
61 131 209
6 54 209
23 133 344
50 182 242
44 133 231
17 157 205
6 165 179
70 46 119
69 121 320
46 189 235
27 153 217
43 24 75
53 11 180
62 36 104
75 96 337
87 117 261
75 113 191
46 96 179
48 83 140
8 37 60
8 149 200
16 86 200
84 36 238
59 43 160
34 68 189
10 169 210
83 16 184
69 28 251
77 104 375
100 97 212
12 122 136
5 119 324
22 110 220
86 54 199
100 162 278
57 68 142
19 106 131
44 137 346
38 89 137
9 195 243
62 182 252
10 5 22
48 74 143
34 30 80
37 151 270
91 124 371
94 86 195
53 137 207
31 176 215
7 41 49
16 146 163
88 128 217
62 2 108
1 6 17
29 71 241
63 25 138
59 166 229
13 130 182
46 56 106
65 171 311
48 12 104
76 66 193
6 14 30
3 107 256
72 200 419
1 75 102
94 42 139
53 101 163
32 25 58
60 144 335
7 161 213
19 108 153
63 81 156
50 185 376
55 11 68
4 28 48
53 121 200
89 194 327
32 156 214
61 192 336
29 132 165
77 5 88
59 92 157
2 160 183
43 65 153
86 159 254
52 103 163
12 65 191
75 71 160
79 172 259
86 0 104
47 30 109
3 134 174
8 13 107
74 44 215
49 119 171
21 54 109
44 126 173
8 102 144
92 1 93
8 102 274
15 41 91
8 61 77
12 139 245
56 88 154
98 180 318
35 0 90
56 102 168
22 32 64
26 115 144
16 37 57
58 38 260
89 67 285
24 33 217
6 48 251
25 160 283
68 113 231
48 30 183
33 130 308
65 12 244
4 97 108
65 138 208
65 54 122
71 47 290
69 161 247
59 106 171
76 45 127
13 31 141
58 59 117
100 162 398
84 189 308
51 18 76
98 42 286
98 129 235
23 63 89
97 32 180
75 24 109
23 145 168
69 50 138
80 174 451
17 75 96
72 64 206
42 25 84
89 82 213
12 110 133
49 128 286
10 196 218
68 193 270
44 132 176
92 179 442
23 114 168
100 22 145
66 2 201
22 184 215
90 112 364
55 67 131
39 187 312
97 33 326
9 20 33
28 110 159
62 193 258
23 193 217
26 98 158
76 47 129
25 134 335
72 152 233
30 149 222
38 181 257
18 172 351
59 3 80
59 113 176
5 185 199
61 14 102
11 95 114
69 176 252
79 50 137
26 165 309
2 142 175
31 16 77
77 15 99
96 70 166
47 196 249
80 63 187
46 187 239
23 78 151
60 38 111
74 187 333
41 125 180
44 159 209
77 132 352
9 62 76
5 77 95
88 43 178
51 119 303
2 114 123
48 199 278
15 140 181
89 158 252
23 119 221
81 39 128
6 104 145
15 83 229
8 43 101
9 43 63
15 84 107
54 2 110
51 95 210
17 152 213
12 98 265
68 174 250
82 163 265
87 170 268
13 147 291
27 8 40
19 40 107
21 98 268
55 183 384
42 1 47
46 167 330
32 48 81
86 183 273
97 184 322
26 129 163
94 149 244
4 18 167
32 191 246
59 183 245
35 73 154
48 145 232
8 3 16
30 181 214
4 194 211
61 198 338
69 53 130
91 199 395
70 149 223
87 60 173
72 146 277
91 157 255
58 186 244
23 185 240
79 174 262
25 37 192
83 68 155
23 175 204
99 184 412
65 98 170
14 90 137
99 11 115
18 7 122
56 175 424
77 155 250
41 174 342
23 109 136
89 124 215
19 129 157
86 135 411
67 200 370
89 82 180
66 27 94
43 128 180
63 154 220
68 197 272
86 174 310
39 107 154
50 87 144
68 184 258
1 51 59
3 180 212
58 21 239
82 152 240
48 93 181
3 41 54
21 127 235
3 161 333
68 99 173
44 51 134
14 186 202
14 78 94
7 35 52
87 27 115
8 20 182
47 134 222
47 82 168
64 68 134
3 34 42
16 75 98
73 76 255
18 146 164
90 137 274
69 61 134
87 2 178
10 194 334
38 81 142
74 54 146
21 45 76
59 136 322
