770
39 14 75
42 62 176
62 30 278
90 133 229
15 6 32
59 74 174
88 44 197
97 43 142
76 42 127
85 119 302
64 8 79
66 12 81
20 45 234
67 68 140
10 34 45
52 163 217
53 187 271
86 37 156
22 29 93
78 26 108
55 83 145
78 108 235
84 184 464
96 39 140
90 36 136
12 98 144
13 18 33
29 193 227
42 73 128
67 95 206
93 64 174
55 67 176
10 11 83
71 187 292
43 197 272
37 71 210
24 79 142
47 182 267
21 185 235
15 17 47
29 71 115
22 166 195
32 36 240
71 49 128
61 80 328
51 58 114
47 39 252
94 39 144
22 5 41
71 174 253
31 16 148
33 152 193
80 12 100
22 55 140
6 122 128
4 161 168
41 137 256
55 71 126
34 157 195
38 79 135
42 77 133
27 196 294
40 9 50
88 11 139
92 20 268
69 46 123
72 105 229
95 156 254
20 86 141
59 80 273
38 125 168
24 93 287
33 96 144
64 6 82
74 29 106
79 41 123
67 32 131
61 145 208
8 65 116
67 32 116
65 195 266
69 47 158
34 6 50
14 153 355
12 198 245
10 127 168
89 82 213
21 32 153
15 192 362
65 96 161
12 183 203
12 21 81
22 188 302
29 19 58
50 145 209
19 45 70
77 7 87
9 34 83
36 152 199
99 67 170
66 91 342
30 133 167
60 82 173
85 107 202
49 22 208
99 117 219
87 21 108
67 135 208
7 179 196
45 136 235
80 13 289
47 190 245
19 90 112
36 190 227
58 54 115
95 120 247
26 155 189
75 141 236
33 177 218
74 19 131
50 101 163
1 38 40
36 25 68
2 127 321
31 80 166
50 120 175
78 168 249
35 195 427
32 90 163
13 89 255
28 118 225
99 121 222
53 17 116
99 120 224
21 86 154
6 78 141
72 88 163
14 126 144
74 80 223
98 21 268
43 194 242
22 192 224
61 133 350
42 146 197
83 198 322
63 176 241
86 177 313
23 26 63
99 10 118
6 61 70
1 82 93
8 135 144
3 44 47
49 136 329
97 83 193
34 126 168
65 172 272
33 173 315
34 144 179
73 31 135
57 7 108
79 35 119
15 114 132
32 131 163
52 170 246
83 68 151
25 63 106
19 120 140
41 195 246
20 157 216
58 45 138
91 196 420
9 55 64
33 123 161
45 190 249
20 173 221
30 103 136
25 20 229
81 125 207
96 177 462
1 124 131
53 99 265
38 194 258
98 117 222
46 133 283
13 155 195
89 115 259
80 145 225
55 92 280
34 68 147
2 161 189
66 25 123
30 75 118
15 164 205
43 161 206
45 125 175
75 61 138
50 191 326
85 143 372
27 131 172
48 63 270
43 199 248
27 76 172
41 121 163
52 120 342
40 70 214
48 73 128
98 155 257
4 170 179
80 54 185
71 169 276
75 125 200
67 200 285
13 162 184
22 102 192
97 89 186
27 108 164
17 165 192
8 103 185
46 85 143
88 162 257
48 20 244
86 144 235
45 147 198
13 49 71
69 2 81
25 186 223
63 194 287
12 51 256
59 151 267
26 169 213
69 24 120
39 65 131
45 129 214
61 24 112
35 14 165
15 45 107
35 108 150
80 193 276
71 113 291
1 96 134
49 83 132
48 114 329
72 45 124
58 175 272
24 61 87
32 184 223
54 48 139
7 185 202
61 51 128
87 120 376
59 64 134
76 100 220
26 150 176
72 103 279
64 50 118
79 98 228
68 152 220
33 55 121
24 102 136
9 148 161
1 161 314
93 162 424
59 95 157
69 200 269
53 58 114
65 173 275
81 181 271
92 69 172
23 57 167
5 104 115
87 86 174
32 101 167
52 3 81
30 115 262
61 61 170
35 66 110
19 12 31
66 155 224
25 118 145
13 37 57
57 69 129
62 24 92
47 174 273
47 104 287
98 91 233
30 172 205
6 38 84
12 92 135
37 30 79
100 133 251
16 102 156
28 171 208
67 184 253
1 8 139
6 37 78
49 150 208
12 111 123
44 19 90
49 79 165
41 188 237
83 142 417
61 147 208
12 122 309
46 144 198
57 96 287
66 59 141
10 29 45
33 139 177
54 8 67
57 48 106
2 166 211
43 100 143
83 103 236
19 119 142
79 118 207
68 15 87
39 41 86
9 119 295
59 56 223
68 188 262
96 45 300
43 142 233
100 45 155
32 66 251
70 147 227
17 130 154
47 191 243
95 47 152
25 122 252
78 7 151
34 55 141
37 127 170
95 177 278
6 123 136
22 177 284
23 162 192
59 14 77
76 157 243
80 8 97
4 173 184
31 58 112
39 31 120
30 55 89
77 8 109
100 169 288
99 101 220
30 78 250
89 67 298
7 42 197
57 13 70
92 24 120
81 170 258
11 150 181
38 144 184
71 134 254
73 102 201
75 65 187
51 10 64
31 139 262
63 63 128
90 152 287
86 66 154
17 121 186
14 119 157
6 163 244
53 175 261
88 52 300
88 113 362
42 100 183
3 160 191
47 48 102
91 172 310
9 157 330
64 89 158
73 190 263
15 26 68
77 54 196
96 71 217
28 118 153
78 16 103
12 7 28
50 172 239
85 74 163
88 131 311
12 122 140
68 119 190
27 132 182
59 88 153
99 1 140
1 93 109
46 98 167
15 125 291
65 102 194
48 91 151
62 151 258
18 76 96
10 136 153
14 14 78
70 116 218
76 47 141
24 34 63
25 78 184
89 48 209
86 190 303
51 2 56
59 176 236
55 3 173
12 135 148
18 42 105
40 87 137
12 56 71
22 137 207
55 58 114
65 64 178
51 100 322
85 132 223
47 57 115
97 124 356
65 145 210
66 54 132
76 65 278
11 148 191
71 88 181
78 162 378
8 133 142
7 55 94
4 16 22
17 58 79
6 156 162
40 71 115
75 91 266
1 82 83
76 99 175
52 116 201
34 159 196
63 62 243
43 153 200
70 61 268
89 65 312
15 45 69
55 61 191
59 130 333
57 32 110
4 22 26
67 66 310
4 168 209
35 101 173
21 158 190
51 4 210
51 187 320
36 37 77
13 198 231
49 143 197
63 79 162
32 157 227
53 2 58
3 78 91
17 55 77
77 87 186
36 108 166
33 8 89
37 119 317
86 70 191
34 191 229
49 67 262
1 42 55
57 112 212
69 62 131
34 96 134
19 52 76
70 167 262
97 13 144
64 181 246
66 180 278
20 136 219
44 1 69
92 137 238
35 144 180
1 91 96
55 74 130
93 173 443
47 75 144
3 20 53
34 72 123
93 87 214
1 100 108
66 18 170
59 118 182
10 22 39
84 11 101
38 37 87
72 145 217
80 167 356
61 128 255
49 172 283
27 17 51
76 151 237
88 79 169
75 185 266
85 146 309
22 123 153
26 111 262
97 58 207
28 35 142
98 104 203
80 67 188
45 33 79
91 105 350
55 192 256
94 154 350
22 170 200
17 23 69
36 118 157
93 170 281
30 194 308
18 147 165
82 38 145
57 111 193
38 148 214
61 91 333
4 22 149
33 75 134
60 140 220
34 125 168
73 45 318
50 14 64
67 83 156
95 63 166
40 115 157
7 168 184
39 142 186
20 55 79
54 112 171
94 188 282
11 108 124
25 105 152
65 35 100
11 62 79
37 98 164
62 133 202
48 112 170
42 176 252
64 157 235
78 112 237
95 193 300
38 197 242
100 65 174
86 61 155
76 126 215
13 90 116
21 47 70
96 167 363
24 43 228
46 173 229
95 32 190
80 164 263
36 17 55
79 28 116
79 54 168
88 51 140
85 84 178
57 156 216
75 87 199
49 173 271
87 161 291
16 43 64
96 37 142
47 11 71
67 173 244
85 27 112
19 25 100
4 179 348
12 115 128
73 55 199
79 169 255
39 111 340
13 41 56
2 198 208
18 7 28
60 25 94
32 187 227
36 60 120
22 18 46
5 164 176
32 145 354
22 27 62
23 113 273
40 59 108
34 45 85
59 37 201
13 128 143
49 25 110
58 69 133
44 139 252
41 57 136
4 138 191
21 13 62
1 91 119
41 68 118
68 41 296
74 150 231
78 53 268
34 57 133
90 22 249
33 38 100
51 79 134
53 124 177
41 8 223
32 18 176
92 121 252
83 24 116
23 12 96
61 113 176
83 147 240
46 26 78
27 150 333
4 196 272
62 198 377
62 77 142
54 94 164
13 37 81
14 37 81
87 147 238
30 31 62
74 13 96
26 108 140
90 106 337
45 187 275
8 167 222
96 1 102
19 44 165
17 74 101
91 198 467
69 12 89
27 129 157
75 184 298
84 83 176
78 182 402
33 39 105
97 37 150
92 189 290
47 170 370
26 120 167
76 159 319
75 144 291
30 90 238
85 148 233
39 122 358
23 89 112
85 130 255
56 128 217
48 94 169
2 171 305
43 121 179
6 127 143
1 81 82
26 57 85
3 5 182
47 99 146
19 102 157
22 79 146
35 193 228
34 85 126
26 178 320
14 7 216
45 155 200
58 32 191
5 125 170
79 138 224
51 135 363
82 142 228
71 151 232
19 38 65
5 196 241
80 180 413
47 160 248
77 16 95
86 41 134
44 62 108
9 128 143
27 48 85
99 25 132
70 100 282
14 43 102
19 25 76
55 18 77
72 160 241
24 14 47
15 112 177
11 80 96
22 183 396
39 166 211
76 177 260
84 81 253
77 66 161
29 184 218
100 192 371
81 29 117
13 44 61
78 118 359
63 73 185
78 157 258
32 36 110
65 90 159
75 22 97
70 25 95
10 45 243
73 142 302
77 120 210
42 54 105
15 86 144
40 67 113
32 26 59
88 88 268
50 24 77
38 77 120
5 151 194
14 10 33
63 5 94
84 42 131
88 77 287
11 130 330
32 0 49
72 61 158
72 164 270
10 69 88
97 141 239
20 162 192
22 31 63
41 151 317
89 114 267
22 54 86
39 22 67
98 181 327
97 183 317
32 192 256
78 199 309
61 98 179
23 164 253
79 98 203
79 28 145
55 163 225
17 30 47
12 154 188
25 30 65
35 62 115
83 112 202
20 97 224
28 108 253
27 197 399
97 198 334
8 162 184
3 113 120
82 40 128
76 14 120
43 100 144
85 103 298
27 44 144
44 5 54
11 138 155
63 173 237
64 1 179
44 12 91
62 127 236
81 139 222
62 78 145
43 155 320
2 99 125
19 165 193
