470
54 40 95
20 185 336
86 116 206
5 184 219
17 173 272
14 136 201
90 148 246
14 27 51
56 70 133
95 117 229
17 154 190
98 193 293
81 61 148
63 45 108
9 175 186
48 119 215
40 61 127
67 2 73
27 92 214
61 23 114
91 19 294
49 175 231
45 57 145
92 150 324
50 171 286
6 66 120
20 18 47
11 53 72
81 39 254
46 46 99
15 36 196
11 8 21
2 190 199
20 122 209
57 107 199
79 127 399
30 200 278
95 78 179
30 131 196
81 35 219
91 151 363
90 123 221
100 82 196
40 168 233
24 67 110
59 107 204
32 101 139
21 96 144
91 119 257
4 61 220
77 123 200
61 60 123
44 200 280
37 43 90
67 42 152
7 69 81
30 118 342
12 48 68
42 6 52
16 162 185
74 154 231
62 96 200
96 183 304
89 34 169
68 177 262
55 58 250
36 130 208
64 134 200
43 32 251
56 56 276
67 103 175
100 199 382
59 32 95
9 182 241
100 196 332
52 53 112
58 199 263
15 172 226
76 149 235
61 50 311
24 144 292
43 97 315
5 189 199
91 32 248
98 45 173
25 174 207
98 114 213
16 144 166
49 152 222
72 79 199
54 51 117
80 73 270
99 136 242
82 35 129
8 18 43
50 192 257
73 77 159
73 135 249
8 130 162
62 100 178
14 7 23
64 110 233
44 19 71
71 157 233
92 31 162
38 45 218
1 36 44
25 14 200
38 100 168
89 58 147
73 4 86
65 114 374
43 162 368
78 158 275
54 171 227
33 33 112
3 71 83
39 174 302
84 54 138
77 136 221
79 200 282
57 8 69
21 145 170
89 135 304
78 49 199
52 116 210
84 90 193
12 84 98
41 136 185
47 34 87
27 0 44
84 60 165
8 58 83
55 90 205
86 158 254
61 129 257
91 49 147
11 80 101
76 184 262
44 15 101
75 96 177
51 163 234
93 17 125
32 122 186
92 136 230
33 175 376
13 15 29
26 113 183
99 103 203
99 92 327
63 72 175
76 171 256
96 176 293
58 51 165
75 153 228
44 121 168
80 76 172
84 72 240
78 192 432
41 104 311
58 31 92
12 65 102
28 87 116
19 15 200
41 4 88
59 193 424
2 94 106
90 93 205
40 59 129
55 121 184
99 47 152
69 130 209
75 5 87
75 55 305
67 66 178
64 165 257
7 165 352
10 125 292
17 172 195
35 62 140
47 14 92
69 76 151
65 168 236
54 57 231
40 20 64
60 11 71
100 25 159
89 20 141
14 14 57
95 60 160
52 35 116
3 71 87
88 135 243
33 106 178
61 127 225
15 112 203
83 151 274
51 43 278
59 122 207
89 107 197
59 39 120
70 194 295
41 33 239
38 169 275
9 115 129
60 11 85
39 178 278
70 149 253
66 21 99
13 61 92
30 29 67
5 123 175
73 190 272
11 100 115
3 139 149
49 84 332
58 89 175
28 90 122
55 8 76
31 126 200
37 72 271
95 32 154
87 176 266
14 95 114
12 44 56
30 31 261
57 83 186
8 176 191
80 40 149
66 145 222
54 49 158
45 107 152
94 194 478
89 19 155
31 4 61
79 133 410
51 150 206
23 165 361
36 100 148
40 51 97
26 96 165
4 169 186
4 180 189
21 143 176
35 160 199
65 57 231
86 134 258
52 51 136
53 139 192
94 136 321
86 67 248
23 192 222
99 120 404
21 122 143
52 22 82
23 125 154
51 112 183
35 84 127
20 171 193
99 12 216
48 94 164
89 183 273
38 28 67
29 98 135
62 95 288
8 91 144
15 132 159
65 36 300
13 165 242
85 166 261
5 45 100
83 67 164
73 78 158
26 181 393
68 77 153
59 116 267
46 135 206
52 118 337
37 72 149
50 158 217
2 189 197
64 56 309
64 83 148
86 16 139
75 172 313
29 14 43
37 178 217
47 75 122
68 83 153
89 115 224
25 160 207
47 186 236
55 120 182
64 114 222
14 98 218
35 98 142
35 49 90
61 126 245
81 72 156
69 9 262
43 134 212
12 150 319
45 78 134
87 72 167
73 86 168
91 134 226
95 7 106
10 21 38
22 39 69
9 37 56
48 81 297
92 60 160
12 140 189
94 36 156
27 171 207
27 129 161
92 117 212
99 33 189
88 119 225
15 183 248
15 54 69
21 18 176
40 78 126
35 7 43
28 101 167
44 96 143
29 37 77
47 133 181
27 18 77
23 37 230
78 109 216
51 80 139
24 6 33
98 44 146
100 109 230
57 66 131
54 37 111
69 42 145
75 0 81
87 117 392
38 84 169
73 16 123
19 36 183
60 12 94
33 176 224
43 21 69
18 117 166
3 3 76
16 3 54
35 131 208
90 176 459
86 63 338
50 14 89
15 111 148
32 119 154
73 49 137
67 160 241
72 160 245
36 137 312
53 107 192
87 171 288
11 42 60
70 112 197
21 29 57
70 25 121
33 29 85
13 137 151
54 127 301
26 150 302
64 144 338
26 87 163
13 40 101
75 172 291
46 187 235
24 145 295
19 119 145
25 24 57
77 126 240
36 184 251
76 185 263
54 176 256
11 121 133
9 130 285
92 111 252
28 102 131
18 141 167
16 137 156
36 125 173
76 101 184
73 160 253
66 61 129
8 45 57
53 140 208
34 105 223
65 195 334
75 161 243
47 159 247
33 56 89
82 119 208
78 130 216
82 118 206
74 154 235
86 0 118
91 84 200
91 177 273
27 139 170
69 107 186
97 158 256
34 170 283
8 37 52
70 132 228
28 97 128
59 29 88
27 60 244
56 132 209
5 74 108
77 19 102
60 182 252
23 153 176
22 184 211
15 151 215
82 132 376
50 33 246
73 21 104
20 107 135
72 145 223
56 47 162
63 65 175
32 154 192
71 53 125
56 50 107
47 188 385
34 98 162
47 103 295
11 95 146
87 80 181
58 172 374
81 25 107
84 42 126
98 181 308
94 53 181
84 120 344
33 65 103
57 103 170
45 38 253
71 89 167
67 60 136
30 159 196
69 21 138
98 172 380
27 139 182
14 25 44
1 136 143
82 156 245
61 116 183
75 72 172
11 55 92
26 80 137
38 3 44
72 132 205
73 154 232
72 135 242
71 124 226
53 190 251
69 72 143
27 148 191
26 34 96
63 162 238
63 157 290
98 159 266
