580
10 21 42
36 119 178
27 195 227
88 127 222
93 59 161
2 199 209
38 1 43
76 26 112
73 59 147
45 76 184
21 117 138
74 95 312
71 135 225
85 17 125
23 169 226
32 66 98
44 12 78
71 117 195
91 14 125
6 89 101
63 71 140
7 1 33
59 3 67
28 192 262
63 120 282
29 200 269
22 130 176
46 147 214
3 21 29
43 142 189
44 14 102
52 32 91
32 48 130
70 195 461
63 42 214
48 39 180
46 102 256
8 141 157
83 160 331
6 0 12
99 9 164
14 145 168
15 127 153
70 31 203
60 91 271
81 170 259
14 117 150
91 158 258
82 64 153
96 174 291
19 85 111
49 140 198
70 121 228
77 107 188
31 22 57
48 49 119
63 83 153
81 107 363
62 62 214
74 164 332
55 128 207
57 55 177
30 180 218
71 143 247
75 89 170
3 166 170
14 144 163
50 89 336
18 0 205
62 126 192
49 181 276
74 152 252
1 182 229
92 168 265
54 77 257
10 0 11
94 190 472
38 182 241
37 58 95
90 139 233
75 132 231
36 115 161
18 176 200
62 68 257
84 53 155
43 60 110
72 115 223
1 70 242
31 108 145
2 3 10
81 109 205
57 182 312
28 58 127
95 34 151
55 120 185
5 17 58
80 57 163
22 58 273
39 157 201
55 175 257
2 168 194
75 88 198
60 42 139
29 91 156
17 114 152
13 82 190
68 54 122
23 195 289
89 86 197
17 1 21
49 105 159
92 27 127
4 67 166
77 128 333
89 178 273
96 40 176
77 175 424
55 172 246
54 98 162
94 152 433
81 91 181
87 140 234
86 25 116
39 48 115
59 59 121
60 169 265
47 125 372
67 124 201
75 61 140
53 59 136
64 34 295
65 40 146
99 93 204
43 198 284
24 147 266
33 176 222
8 102 112
30 71 137
93 121 222
24 83 127
14 137 152
31 133 218
99 14 131
95 18 139
24 179 251
43 194 298
43 193 244
98 53 313
26 137 171
19 121 164
100 74 174
34 183 246
99 63 164
76 196 272
6 164 190
21 54 275
51 182 271
39 13 53
87 73 162
50 17 92
67 186 285
48 96 147
60 8 118
46 83 180
35 135 186
69 88 165
70 174 268
82 26 140
61 181 392
73 111 190
35 16 53
32 114 151
50 192 254
8 162 212
45 193 247
19 131 182
70 184 259
45 101 190
24 116 153
9 50 73
92 42 185
85 155 247
100 69 276
24 181 205
55 99 171
95 64 164
80 77 275
96 166 271
49 95 145
76 94 175
93 1 177
31 8 75
16 60 80
98 133 269
73 1 206
65 14 112
36 93 151
19 83 102
89 57 214
74 17 223
36 144 376
95 36 140
35 165 248
40 173 215
11 189 239
84 194 435
74 130 205
42 23 75
87 43 277
93 196 333
59 166 373
24 57 192
66 48 123
34 70 287
73 166 435
80 146 227
49 63 143
24 162 384
99 17 122
58 83 148
84 119 230
5 170 183
64 127 199
47 111 172
23 48 77
50 160 360
81 26 110
20 27 57
58 146 207
49 94 298
38 90 211
68 154 385
11 146 258
52 22 82
62 57 121
65 0 72
85 73 188
83 101 260
74 191 316
38 106 193
77 194 434
90 1 131
6 191 201
55 113 214
63 94 167
72 158 232
51 19 260
20 183 213
49 11 88
84 116 200
95 25 145
59 200 290
21 23 49
93 36 132
33 149 241
73 99 240
44 155 228
80 96 187
2 98 108
75 25 251
39 41 81
70 28 103
80 101 189
14 192 272
69 67 175
65 74 140
75 21 120
26 98 149
81 47 138
84 112 204
62 4 229
43 35 128
38 12 76
5 96 139
25 168 194
84 143 267
75 152 229
70 16 132
41 114 205
85 174 260
15 200 217
76 135 357
87 57 149
48 131 186
57 115 331
85 25 146
97 179 283
85 3 263
96 200 345
24 25 57
31 16 62
64 161 416
19 101 161
85 58 255
53 82 135
44 170 254
28 56 125
73 104 273
46 68 124
42 162 390
82 19 101
90 145 252
3 110 121
13 98 211
87 36 323
27 8 38
66 69 144
70 122 299
35 32 98
63 183 279
23 48 80
67 151 250
60 1 111
57 54 121
100 18 129
60 98 251
19 176 198
32 24 95
41 30 97
26 42 73
10 97 212
83 106 232
54 57 132
92 7 131
22 78 106
18 188 340
78 6 109
77 98 375
8 68 77
50 99 157
20 69 152
90 42 136
33 176 213
83 1 86
31 86 126
4 104 254
77 121 202
45 99 164
34 197 428
16 44 70
25 95 121
71 158 366
15 13 35
64 176 383
4 79 201
91 60 181
98 8 291
31 195 377
5 92 139
24 163 222
96 135 387
4 155 203
71 171 262
76 163 254
82 81 201
72 161 263
38 95 298
75 177 256
54 14 78
57 15 79
82 9 129
85 84 177
56 169 234
82 44 160
14 22 39
96 191 323
86 92 191
17 12 196
22 46 93
36 139 245
50 161 255
53 97 198
79 157 261
80 129 245
26 146 214
23 164 220
94 39 227
36 66 117
31 2 63
5 46 55
78 83 164
14 109 125
11 37 161
31 21 60
44 34 86
89 88 321
31 17 88
28 181 349
68 105 252
83 180 292
60 128 209
9 123 135
92 98 272
69 110 225
99 147 311
43 29 89
60 82 151
41 154 233
89 24 122
81 91 180
17 93 120
48 200 257
53 38 101
78 127 212
65 155 228
73 57 162
58 21 96
8 148 167
65 32 100
77 77 183
70 22 95
13 118 143
68 18 88
60 137 207
79 170 249
2 10 28
39 156 196
25 189 217
13 23 142
16 81 103
50 194 244
16 144 169
23 155 197
22 146 173
92 50 142
36 15 96
32 126 164
34 9 56
91 1 251
32 70 108
33 144 181
69 53 244
51 125 182
44 118 165
7 122 309
81 165 248
30 198 233
25 117 151
43 181 231
48 141 196
70 6 104
44 165 210
86 20 108
78 22 250
1 94 260
38 42 270
24 112 143
23 0 26
51 121 202
27 60 96
23 57 87
51 38 93
2 103 138
74 199 341
91 40 295
23 112 184
51 26 230
45 187 278
88 101 227
91 116 208
44 195 316
9 113 129
63 132 301
36 72 227
18 37 81
80 56 138
60 104 216
52 79 254
77 23 114
85 143 275
60 41 286
51 54 106
37 22 64
25 47 73
8 164 219
47 12 236
58 159 389
49 160 278
14 131 150
35 200 242
88 23 117
89 101 195
36 56 92
88 20 108
98 6 112
39 160 341
47 71 158
85 160 247
37 179 237
35 112 306
34 64 106
41 85 273
39 139 348
55 18 122
11 20 54
63 188 330
4 170 174
94 24 118
71 61 330
55 15 79
4 123 291
32 165 210
45 200 254
98 108 268
16 153 190
77 83 189
63 191 287
46 153 277
81 197 280
3 154 181
93 34 136
14 143 259
91 78 176
13 182 200
35 17 57
25 58 83
72 156 271
88 114 233
37 116 154
25 9 60
74 183 260
47 81 161
92 44 304
99 200 309
34 78 124
30 6 96
12 100 117
85 89 180
7 151 239
70 72 181
53 51 111
74 130 215
50 3 66
26 72 123
64 134 243
23 198 239
28 134 302
13 127 146
21 199 244
16 182 322
84 128 237
5 43 127
70 81 168
76 97 197
18 56 91
86 175 293
47 64 218
84 94 291
82 49 156
6 73 278
16 54 105
96 9 155
84 101 290
76 109 232
92 53 199
87 155 252
64 56 161
29 161 194
50 9 63
39 56 161
29 69 143
70 189 268
16 199 220
58 81 208
60 182 264
78 76 162
13 123 334
54 81 279
39 103 151
76 100 255
47 153 208
29 79 116
63 123 189
28 177 217
68 180 271
79 179 300
16 13 37
50 108 182
43 56 120
95 55 176
