420
93 38 174
96 111 217
86 50 244
5 95 106
33 86 289
78 42 266
60 77 186
72 38 292
27 84 114
54 23 89
27 118 158
49 194 433
41 188 320
44 160 254
14 62 93
94 161 255
47 52 131
70 179 288
100 80 213
9 179 213
11 16 44
61 175 250
67 93 165
31 134 173
47 52 121
90 187 301
85 166 258
29 49 203
37 183 263
46 27 80
73 84 158
66 36 108
45 77 156
6 109 187
60 114 203
43 192 259
58 196 324
49 144 201
66 98 356
97 87 206
29 36 82
76 120 234
87 48 144
95 81 243
61 39 114
74 163 435
27 186 258
50 57 116
62 59 122
47 65 134
12 154 172
21 24 60
49 187 245
94 173 338
55 8 70
16 110 195
1 117 122
76 80 271
32 185 304
23 0 49
6 23 133
74 78 296
19 62 108
68 50 118
58 64 141
7 12 24
12 36 87
45 112 258
34 148 377
9 73 92
42 53 98
92 48 215
78 130 225
75 64 298
4 24 74
2 90 102
20 89 117
4 27 32
47 16 102
93 117 212
17 155 288
32 142 180
6 103 112
39 14 55
7 88 242
3 187 231
21 17 44
45 34 271
15 11 69
46 130 284
27 74 188
73 186 262
39 53 98
11 120 222
94 174 277
54 103 205
23 81 113
88 182 276
72 106 197
8 45 62
32 164 226
70 133 394
66 108 176
8 151 197
41 55 99
30 90 120
45 56 130
27 13 47
28 75 103
95 14 145
59 173 240
89 83 182
89 4 98
76 90 338
35 6 214
86 33 159
29 117 179
24 18 177
94 1 97
69 120 371
55 151 209
72 89 164
26 176 298
72 183 255
100 138 249
51 35 101
66 13 86
53 198 255
75 189 301
30 88 125
4 29 33
36 1 47
50 66 168
25 163 285
3 39 44
9 192 203
40 59 113
49 41 148
94 39 133
3 166 175
49 81 171
56 25 82
47 84 148
6 152 165
49 61 198
96 78 174
70 168 369
5 2 63
83 108 309
3 142 146
6 21 33
24 138 262
25 66 124
48 112 207
44 28 82
40 103 182
98 60 181
68 177 247
16 49 69
27 64 96
46 49 99
93 193 311
46 16 101
77 180 265
96 168 273
20 53 118
82 164 285
57 139 234
40 159 200
4 163 208
71 19 199
7 115 141
24 164 237
15 28 50
86 199 291
37 137 328
67 144 242
77 161 241
95 50 190
21 78 250
28 48 180
86 13 180
59 142 375
83 165 380
36 5 57
13 22 84
87 20 109
54 172 273
71 192 311
50 72 124
30 128 185
15 159 209
49 58 116
81 125 212
12 69 87
90 63 154
89 93 192
82 1 93
89 80 177
50 182 424
88 179 350
33 74 114
74 100 299
55 29 143
6 63 110
4 195 209
1 28 35
34 37 77
18 167 368
52 164 303
62 146 385
80 124 215
13 153 166
60 153 222
55 101 157
69 63 177
20 19 51
37 34 179
36 79 119
22 1 132
81 182 269
78 74 158
22 180 245
26 131 224
86 92 181
52 59 113
95 59 154
39 133 220
28 105 145
63 40 111
92 180 437
46 33 112
93 78 315
43 155 199
24 191 239
49 178 232
79 11 238
10 36 228
13 101 188
13 97 133
36 96 161
76 151 227
58 27 94
94 55 337
36 140 249
38 45 86
91 147 381
53 162 216
82 190 292
27 154 185
9 109 126
24 85 109
94 46 203
27 8 45
2 146 155
45 155 202
70 109 310
39 174 215
22 64 101
89 1 96
57 60 136
88 38 134
46 90 175
6 116 130
44 73 127
64 59 130
11 41 61
29 112 143
3 93 98
7 16 50
68 116 209
76 61 140
84 68 161
25 97 125
99 20 174
50 123 336
82 127 337
53 149 202
77 160 240
22 122 154
65 90 185
64 87 206
65 178 274
14 198 222
92 31 293
81 11 236
87 52 217
93 118 321
13 8 70
9 44 102
49 90 147
83 7 94
60 48 141
57 152 360
99 42 142
10 152 169
19 143 197
31 97 167
20 50 78
69 99 211
42 2 163
50 82 142
53 149 210
64 15 79
56 7 68
14 93 108
2 13 25
31 175 241
9 157 194
53 160 273
60 196 441
77 124 205
25 165 303
15 131 150
32 84 116
21 34 58
76 197 277
86 178 285
38 55 101
32 35 67
19 112 132
22 10 63
13 49 65
86 153 372
32 91 188
72 115 220
19 59 164
17 81 199
49 35 89
31 64 136
88 162 253
65 131 246
10 151 170
55 194 251
23 48 78
59 54 253
76 153 236
13 188 212
31 176 366
2 183 190
64 109 343
90 2 237
76 119 204
25 56 249
62 79 232
72 34 122
92 111 258
20 140 161
17 161 182
6 48 64
79 115 364
50 155 254
21 102 205
7 152 161
72 8 85
81 59 170
85 54 143
48 133 183
35 8 63
23 110 186
27 36 69
72 187 262
47 88 181
51 108 161
86 110 215
29 121 153
70 35 110
7 146 253
80 49 291
84 43 127
42 165 243
71 21 99
90 50 150
14 106 155
11 29 79
50 158 257
9 8 58
71 97 170
10 108 299
72 14 184
36 43 170
95 88 346
49 72 168
57 106 173
2 143 148
62 14 80
80 120 303
52 94 157
30 119 158
52 165 410
45 178 260
54 29 204
96 174 339
30 34 113
26 148 176
58 191 274
87 162 273
63 87 195
40 46 197
36 176 366
47 172 228
25 71 101
83 192 283
34 111 216
59 90 159
24 23 51
100 198 301
63 22 249
34 162 364
14 131 154
81 69 160
81 2 88
95 99 198
59 28 137
55 155 407
40 61 286
24 42 109
33 128 244
82 155 237
63 48 116
