720
81 173 255
19 53 73
49 100 178
39 145 203
16 6 203
52 172 227
66 188 384
51 37 192
7 190 389
7 143 162
59 181 315
74 85 214
49 160 255
39 183 248
2 37 67
48 155 250
54 15 78
23 24 73
61 146 237
82 87 246
67 129 196
93 144 433
67 64 173
12 164 178
100 198 334
45 129 193
45 100 194
73 34 117
69 13 88
59 114 235
27 158 369
63 79 158
19 149 177
72 174 285
72 34 154
90 99 192
12 149 250
91 149 273
20 19 51
51 40 258
64 53 118
79 92 196
82 145 229
14 137 160
54 188 343
98 16 116
94 59 224
47 133 226
52 95 149
64 184 351
25 54 261
99 16 245
75 132 219
70 132 396
99 126 340
88 101 210
3 80 104
6 59 103
97 71 176
42 17 84
60 193 253
2 152 164
70 149 247
32 158 311
64 44 187
100 113 248
93 30 124
81 57 182
18 14 32
1 187 191
56 45 105
27 37 125
27 47 107
46 136 190
13 12 47
4 50 88
64 183 275
68 182 297
58 114 263
23 121 152
15 54 78
13 147 179
62 111 211
15 56 211
29 25 156
44 99 192
99 172 292
81 72 221
53 175 269
69 92 222
25 163 372
26 139 199
71 37 211
29 128 158
31 91 139
48 2 59
42 200 250
23 179 232
51 196 259
68 138 206
70 154 232
42 6 188
55 138 198
96 61 270
34 189 226
54 54 135
16 108 150
37 83 154
97 111 343
48 12 100
43 41 281
93 102 245
90 12 102
34 16 51
12 88 107
22 9 228
54 13 74
22 53 84
96 24 159
64 66 172
41 191 244
34 21 61
8 188 229
20 178 219
93 17 192
10 152 170
22 66 95
70 19 90
96 152 320
44 18 111
36 125 166
98 148 314
15 113 136
93 190 289
9 154 209
79 38 180
56 183 240
79 136 250
32 93 225
68 135 288
70 164 277
10 133 150
40 48 131
97 17 162
68 56 280
97 171 276
84 183 315
64 137 206
43 156 268
78 82 176
81 38 165
71 87 160
16 125 147
57 40 143
86 20 107
79 19 101
75 0 79
65 178 251
25 45 143
12 80 97
95 191 391
79 171 252
38 133 220
60 147 223
81 119 365
63 24 93
36 82 144
36 60 122
91 119 220
94 85 180
11 23 37
97 71 280
89 166 256
83 117 203
76 136 218
59 11 71
94 26 128
40 12 99
76 164 380
88 119 298
24 25 201
42 191 238
69 113 375
32 191 269
3 6 18
83 49 139
12 59 97
75 12 95
71 110 191
83 179 309
29 126 248
11 175 193
5 38 61
99 83 183
94 200 296
88 187 276
44 157 206
37 196 254
25 123 196
63 186 297
38 31 106
100 123 263
13 171 186
48 22 186
20 27 97
58 149 215
41 34 75
88 137 394
82 177 266
61 143 281
59 176 382
22 4 47
27 196 229
72 82 330
36 122 168
94 199 296
53 70 300
95 182 282
27 58 193
66 22 88
9 101 119
38 137 207
82 42 133
49 85 136
55 167 231
43 47 93
42 91 135
12 92 163
22 125 296
53 145 282
5 31 166
10 101 190
6 47 218
92 102 221
39 138 179
53 108 175
77 16 123
28 54 132
77 151 232
23 113 146
84 6 140
97 23 130
78 185 386
57 20 82
18 142 175
7 72 156
93 37 140
42 184 252
91 86 242
26 151 188
90 137 251
77 116 329
83 180 380
88 163 265
86 94 198
79 6 88
61 150 220
65 24 135
98 16 124
100 156 301
71 160 233
45 102 161
16 158 183
38 30 84
26 92 126
31 49 93
72 95 170
14 132 329
72 196 277
58 12 83
48 69 290
54 73 253
5 64 74
34 159 195
22 108 134
73 188 403
1 149 189
85 51 271
68 22 100
30 20 60
5 51 120
5 106 161
57 102 165
67 106 281
31 99 131
22 115 253
62 66 136
54 114 206
73 115 210
99 129 228
22 38 62
5 17 78
46 128 178
39 20 66
20 97 157
30 58 137
55 22 94
85 28 231
53 125 182
9 174 183
71 78 169
4 136 146
67 35 106
36 71 113
72 100 178
60 122 192
17 135 155
98 149 256
39 114 199
11 180 198
13 178 372
20 62 173
38 20 163
28 138 342
64 163 229
88 168 267
43 14 220
36 155 233
70 31 212
90 55 146
54 172 369
23 79 115
72 11 242
55 170 311
44 191 245
31 30 101
3 115 122
80 98 334
88 101 220
88 150 395
41 71 283
91 89 214
78 102 216
98 183 307
99 183 429
93 132 226
26 43 72
48 112 182
26 171 384
59 108 172
34 20 74
21 38 89
74 195 278
42 27 76
19 34 85
73 7 156
86 111 224
62 13 76
20 46 151
13 23 36
98 163 280
66 76 256
37 24 103
64 28 97
47 99 308
84 150 256
72 175 255
57 19 186
11 52 68
99 47 195
67 15 83
92 101 234
47 125 176
36 45 94
44 158 246
65 182 278
83 128 212
70 89 165
96 54 156
90 41 194
85 13 128
91 175 295
98 89 188
70 171 285
26 183 216
73 179 290
83 165 297
69 10 85
82 11 120
57 101 162
3 180 192
67 125 199
65 77 314
7 180 188
91 37 129
92 38 146
22 82 122
69 121 229
69 130 377
94 65 214
15 55 267
95 89 303
82 77 164
12 22 76
19 83 107
64 195 281
59 3 84
43 158 205
85 128 253
76 157 282
58 167 229
56 59 119
53 159 253
76 193 271
27 77 108
32 32 86
98 42 252
52 59 174
78 157 245
11 99 110
86 154 250
53 99 154
14 198 220
22 95 126
65 40 110
25 40 68
76 80 236
56 90 146
92 146 242
66 108 309
37 128 207
33 122 163
28 114 146
98 153 258
65 108 221
20 104 218
57 170 358
76 3 84
19 13 54
74 132 336
82 147 238
36 87 216
4 15 25
11 97 127
5 30 225
74 119 201
43 36 82
23 9 170
2 154 197
95 154 362
69 48 117
30 29 67
68 101 190
4 90 153
92 176 357
7 12 55
90 101 223
20 27 53
68 105 199
67 38 105
73 18 140
66 88 183
53 25 118
98 138 285
78 190 306
18 171 193
53 108 183
15 50 108
87 11 105
4 178 188
5 9 29
31 94 134
26 181 395
96 20 146
47 64 114
87 188 276
32 196 316
53 146 358
6 69 82
28 40 217
99 50 193
14 3 25
48 149 233
92 193 289
42 184 226
82 7 190
59 118 356
54 106 164
95 144 361
95 198 328
51 3 190
95 73 173
85 192 376
26 82 172
52 109 311
32 34 72
74 190 282
63 129 285
3 29 221
51 11 196
96 59 163
4 18 41
46 171 232
41 50 130
59 134 221
39 166 350
41 6 49
68 49 121
61 108 174
10 46 104
25 195 222
52 8 61
74 194 410
7 145 174
39 35 240
2 9 11
5 160 301
66 78 153
98 118 247
45 85 177
95 47 342
48 199 249
1 73 116
12 39 56
11 184 202
95 115 237
97 93 190
58 190 421
89 142 303
100 198 347
40 48 247
66 14 124
39 13 247
81 178 281
65 38 167
41 10 89
36 11 49
85 28 219
64 184 292
5 169 188
1 39 201
52 71 134
90 154 308
74 173 292
27 109 177
96 160 261
9 58 71
22 49 72
67 58 140
27 186 359
96 155 283
95 101 203
45 81 226
98 1 101
17 11 36
63 53 121
6 6 58
36 122 167
25 180 339
30 181 228
61 65 231
32 90 152
62 127 207
97 152 255
45 105 150
6 156 169
46 155 246
1 110 244
47 73 121
79 72 154
43 97 152
7 170 209
39 115 339
92 59 154
78 118 227
34 13 125
29 5 35
57 0 60
100 30 175
43 85 177
22 54 118
39 132 174
49 14 103
59 110 351
27 108 139
4 24 36
60 29 92
96 106 222
8 54 98
76 34 116
11 75 153
46 122 192
66 31 292
20 48 74
59 126 361
75 92 175
66 111 190
93 92 188
38 157 316
66 50 147
1 102 108
89 196 289
29 11 50
29 197 256
17 28 72
94 55 181
92 118 339
87 74 171
59 36 102
47 25 75
89 151 274
3 56 134
57 100 163
75 187 311
65 179 275
47 49 113
59 63 123
20 117 313
78 196 280
43 73 127
17 78 98
40 200 264
75 75 284
53 79 294
10 0 35
6 163 172
71 125 244
77 170 288
43 132 184
17 173 197
1 131 288
9 69 101
24 8 105
65 133 205
88 56 146
2 189 208
59 154 249
65 190 277
10 120 135
73 68 155
43 175 246
38 109 157
15 129 154
41 143 237
48 62 134
49 29 111
35 46 259
25 199 259
75 199 313
1 65 189
59 188 256
49 145 356
82 38 148
55 2 87
80 194 330
55 54 119
98 171 279
28 10 64
45 88 152
77 118 199
36 84 129
90 198 291
92 139 364
87 30 123
38 108 280
88 182 287
74 77 194
28 149 181
38 116 269
81 29 235
63 181 247
39 142 196
53 16 137
2 43 54
59 56 125
85 190 282
54 134 193
96 29 227
39 58 125
9 66 118
95 130 232
29 13 198
94 52 147
78 19 121
20 66 93
79 132 238
99 149 290
7 57 75
24 18 51
85 43 234
83 199 292
51 194 253
75 109 191
97 180 325
13 31 78
25 92 241
36 0 211
34 84 126
98 83 194
70 24 101
44 67 220
53 25 98
67 39 113
29 51 87
47 83 171
38 139 184
4 69 86
88 71 165
84 192 315
5 118 131
47 33 103
8 161 247
21 61 91
91 44 138
70 92 333
100 132 234
31 124 165
83 130 233
21 19 50
86 14 138
21 190 323
44 55 146
72 49 151
32 107 146
21 194 239
79 192 278
17 77 96
88 130 226
16 49 86
51 90 141
