350
73 49 138
89 14 141
2 185 322
56 167 226
71 19 233
63 163 247
2 17 67
72 161 236
9 12 165
51 91 215
5 169 205
28 190 249
88 14 142
95 12 137
28 87 171
92 102 229
51 58 109
78 84 208
75 62 156
38 125 204
26 123 149
84 37 156
30 133 166
86 43 165
7 136 318
29 109 144
3 200 223
43 151 197
44 0 49
42 179 266
42 189 232
47 192 254
94 21 121
30 110 160
86 26 208
94 112 212
24 174 332
31 197 401
3 35 68
47 128 196
71 122 233
33 61 99
30 185 250
48 149 230
55 71 154
38 194 232
85 113 205
53 166 226
94 14 208
85 163 346
75 136 406
63 130 195
75 107 282
45 90 145
88 177 266
68 121 190
69 27 216
89 5 112
9 29 40
26 26 167
78 92 174
10 157 170
45 114 344
15 139 198
18 177 240
9 68 84
40 180 227
64 119 243
97 16 143
99 23 125
97 192 297
22 12 39
49 97 153
28 147 178
68 88 220
10 60 116
55 119 178
53 108 170
18 36 156
37 121 287
90 138 246
48 23 78
74 37 111
31 113 154
82 142 250
53 18 78
70 49 123
60 137 209
20 54 257
57 55 113
92 77 253
95 150 247
34 147 186
23 49 77
6 99 118
62 102 174
94 135 236
66 33 112
2 88 118
24 65 203
47 68 126
82 191 311
75 35 152
96 177 306
45 65 133
28 46 75
18 102 138
50 74 160
96 196 300
96 99 230
80 75 337
64 90 155
25 22 203
32 63 97
74 131 314
1 166 167
31 59 90
64 73 158
85 190 335
84 77 191
37 5 44
3 165 348
80 77 157
26 129 160
71 56 272
8 43 51
93 80 180
22 29 53
30 52 95
11 28 63
100 55 326
57 6 146
21 166 193
41 163 204
8 54 71
36 20 73
82 154 242
48 53 101
85 118 303
62 106 178
71 188 304
100 54 158
78 193 306
59 191 259
30 50 83
59 34 126
61 37 148
77 58 175
20 37 58
68 5 80
45 121 215
12 135 186
30 195 407
35 29 69
92 117 227
32 115 165
40 107 246
34 118 271
42 51 96
92 158 261
20 190 212
61 37 142
62 170 253
81 128 218
16 195 221
34 141 218
9 18 43
29 153 331
59 36 96
55 132 189
71 102 341
10 176 186
8 147 168
77 106 183
48 34 88
56 194 258
72 146 227
2 14 48
5 185 194
35 175 212
63 73 138
37 162 372
93 4 136
51 33 85
24 94 118
85 155 244
51 191 379
6 174 180
21 87 114
81 102 187
47 115 189
81 159 411
65 18 84
47 40 283
10 102 121
14 8 29
88 43 162
57 107 165
11 155 181
39 28 98
67 25 96
95 186 296
63 171 240
61 28 99
20 182 251
23 69 98
48 107 349
98 89 190
93 38 248
33 35 100
41 102 174
70 186 295
92 185 282
50 180 231
96 153 278
2 169 175
29 46 116
42 34 111
24 47 76
59 160 227
67 188 425
80 91 218
95 182 294
89 86 260
15 19 39
40 55 122
30 186 238
11 5 17
13 82 268
24 57 82
63 1 105
74 174 248
73 120 197
93 150 260
97 199 305
11 167 225
22 99 126
27 194 225
45 72 117
30 44 249
89 72 194
70 186 262
9 173 335
89 67 169
1 54 230
2 103 213
16 172 208
86 102 227
43 20 225
30 4 43
59 54 115
47 159 220
84 5 90
55 197 262
27 145 364
34 182 223
94 70 171
55 113 198
97 187 353
1 43 47
61 34 135
32 110 324
15 96 113
54 108 358
100 61 165
76 148 234
94 84 187
83 99 187
5 48 76
81 154 276
9 169 186
47 13 67
100 92 299
75 14 91
84 180 270
48 52 148
63 19 88
92 80 276
21 85 160
11 162 311
39 168 248
69 187 270
63 183 255
13 103 195
9 27 208
24 83 132
86 105 241
53 9 65
70 1 141
96 65 184
7 142 182
35 15 76
48 160 215
44 0 46
2 20 68
9 97 107
5 101 186
60 63 252
47 64 114
56 55 159
6 111 160
3 119 139
42 17 167
46 153 200
81 93 221
98 149 254
44 113 167
23 144 192
98 15 115
55 196 260
98 108 252
8 130 186
83 172 284
68 90 337
41 173 264
30 20 53
14 159 213
22 2 40
55 147 210
84 19 257
19 82 142
95 159 263
95 32 150
1 87 91
69 2 196
8 125 137
7 39 200
64 116 185
66 36 125
75 132 214
8 103 118
8 113 312
2 162 164
96 155 367
84 32 152
33 106 185
49 135 185
74 94 249
86 9 223
33 181 238
15 158 218
80 126 227
100 57 160
91 11 142
77 67 258
16 37 65
24 53 86
33 161 225
2 25 32
99 122 230
