640
36 72 108
28 22 53
47 67 140
28 127 159
78 54 161
54 70 132
90 46 140
41 129 176
66 167 250
43 149 195
32 99 134
67 196 294
33 156 197
13 101 122
68 20 233
37 164 202
49 73 125
70 48 151
96 20 117
89 182 277
58 51 115
63 179 293
29 30 63
77 30 196
7 128 241
68 87 160
2 72 78
64 171 244
93 97 377
17 50 68
7 173 222
71 24 119
18 115 141
63 85 163
55 68 203
39 133 234
1 129 138
24 67 242
58 178 426
31 88 126
35 0 84
87 80 207
91 15 155
10 17 209
52 36 108
69 177 323
94 13 116
41 60 270
76 140 323
7 28 36
53 21 80
97 75 203
3 69 81
73 96 213
86 64 171
16 151 226
59 56 276
38 53 91
69 123 194
55 158 384
47 60 128
81 200 281
61 28 128
96 127 246
95 92 355
60 134 363
31 182 248
93 88 189
38 177 220
17 113 132
44 132 214
14 25 238
16 38 67
35 181 226
84 136 259
44 116 164
52 96 281
85 122 240
79 186 398
45 87 328
53 72 131
71 77 153
37 168 392
64 172 281
97 174 447
14 61 221
18 65 147
15 25 50
7 71 230
31 133 284
24 114 146
49 36 126
12 73 111
82 43 168
16 128 170
30 162 232
32 130 190
68 194 272
58 149 253
59 7 207
50 43 172
69 176 261
94 78 361
78 179 258
7 101 127
64 104 173
96 72 173
49 165 214
9 132 149
72 73 331
51 155 211
80 194 473
58 49 123
74 133 325
68 57 127
7 133 147
94 167 283
51 172 265
29 82 162
70 89 161
69 44 114
70 158 308
22 133 158
72 25 136
30 63 108
97 138 327
73 112 210
84 62 172
12 52 70
11 39 220
22 94 132
85 134 244
34 155 198
76 104 204
35 158 196
28 88 121
88 64 157
13 34 137
65 181 440
68 176 370
20 28 239
93 189 287
15 144 200
40 65 107
58 182 250
18 110 140
38 172 263
39 105 150
83 43 175
81 64 312
16 125 199
43 10 56
2 184 271
96 124 238
55 44 110
89 177 442
76 28 109
37 77 232
89 81 178
74 179 255
76 84 192
15 150 354
83 115 234
49 109 317
56 42 209
11 179 199
15 135 156
20 29 159
87 4 94
85 2 94
39 156 359
84 10 95
35 74 111
37 125 189
82 158 245
20 28 221
63 75 141
81 24 213
29 184 235
23 173 215
55 88 168
45 4 150
71 13 86
64 38 102
45 37 104
93 162 258
39 19 158
49 127 247
79 17 99
31 186 227
18 27 159
67 2 116
5 87 199
89 169 262
90 167 267
31 192 270
12 110 177
24 97 122
5 128 137
75 46 131
76 115 217
56 184 248
48 160 234
82 39 128
69 121 197
5 102 125
38 151 206
76 114 230
84 82 166
52 113 174
20 111 133
55 14 76
20 116 143
43 8 73
5 56 162
88 45 282
32 126 164
85 103 192
27 180 209
29 199 271
79 61 178
69 50 122
59 197 259
2 36 48
27 174 204
15 177 306
19 109 166
73 174 331
95 117 217
49 77 135
75 117 195
84 5 96
86 64 183
84 164 303
32 64 239
76 106 205
29 153 192
83 116 350
33 4 39
54 49 104
43 5 59
2 90 102
73 40 153
27 8 153
70 130 210
93 22 115
32 192 224
93 149 287
39 97 140
90 124 214
54 128 189
34 107 330
62 21 120
77 44 121
98 74 182
60 129 195
88 0 142
68 166 339
20 151 175
90 58 148
26 77 277
39 67 152
97 193 324
65 184 300
48 194 390
55 176 237
6 181 226
18 80 138
36 18 162
95 83 180
47 58 115
64 141 213
62 107 171
33 116 180
1 192 241
80 143 409
62 192 403
31 116 156
2 144 153
44 152 241
15 53 75
99 110 246
59 106 167
11 97 112
40 74 136
16 95 113
44 177 252
53 151 356
49 2 237
92 71 209
33 35 104
96 29 141
8 144 153
79 116 214
6 163 299
58 101 164
47 91 184
81 76 189
36 186 248
44 118 280
85 72 184
27 40 255
47 35 127
16 182 202
18 109 196
53 75 249
76 108 184
67 149 355
62 106 173
13 58 98
35 136 242
62 83 145
52 91 143
41 19 68
8 37 53
66 101 212
26 58 85
44 93 280
31 194 234
67 14 166
54 132 262
26 104 136
26 20 51
45 15 209
100 135 261
89 147 255
4 3 14
28 4 82
14 153 178
88 114 370
94 186 356
28 23 62
53 152 242
75 62 179
8 103 112
27 21 49
72 192 373
31 39 73
10 193 292
96 50 151
13 108 147
38 127 192
3 127 130
83 123 241
30 142 185
34 45 82
75 83 159
11 159 197
22 50 82
80 45 228
79 59 147
97 68 320
85 111 337
100 84 204
94 38 276
3 20 24
96 30 134
24 110 230
91 1 103
29 35 66
62 58 167
69 112 265
7 36 47
25 73 185
58 60 174
80 182 262
58 136 271
88 38 126
100 182 286
93 123 326
31 20 56
14 93 140
72 69 157
29 102 141
41 110 159
14 61 79
27 107 157
86 86 318
59 116 212
43 173 217
57 84 145
20 87 217
16 31 49
36 182 253
25 99 323
46 9 56
84 188 415
68 143 217
6 196 250
76 57 134
16 136 158
6 74 85
42 189 231
58 179 248
30 107 147
76 96 364
66 188 288
43 94 150
52 177 235
60 104 236
92 152 258
74 199 276
30 78 130
82 180 267
78 152 232
59 29 99
23 185 282
86 33 306
93 106 225
29 156 216
94 51 165
92 80 297
85 173 260
22 139 225
2 85 142
49 76 251
88 190 302
77 56 183
37 30 85
77 96 183
58 162 228
36 175 254
88 131 221
63 72 147
70 30 104
82 175 349
13 3 51
32 116 157
87 186 281
41 34 82
87 132 245
65 68 135
59 11 73
12 148 164
89 15 151
23 80 153
60 19 216
31 146 365
30 131 201
86 90 200
23 53 104
51 90 212
60 145 206
5 71 267
14 181 205
40 67 154
41 10 51
79 140 269
50 17 71
63 164 232
55 191 375
56 159 302
23 103 126
81 120 360
50 125 202
68 126 243
13 173 270
81 46 154
45 24 115
6 178 240
67 124 238
23 46 104
90 115 210
22 133 180
96 14 111
2 40 127
15 166 187
93 110 245
38 39 105
17 5 53
54 172 267
92 1 130
43 126 188
39 17 224
52 110 167
11 42 63
42 78 127
99 153 284
3 63 103
77 1 78
6 68 81
20 47 111
31 100 143
16 180 206
36 189 383
59 7 66
40 48 97
70 122 194
18 195 245
42 78 122
4 50 62
62 121 232
32 54 90
100 73 200
51 70 125
86 27 113
5 16 45
57 93 156
86 57 145
24 133 173
7 91 102
21 172 200
43 99 146
82 118 337
42 25 67
73 96 267
19 131 157
37 84 164
23 47 90
88 72 170
24 94 161
31 15 110
33 118 153
58 128 359
76 107 348
77 160 237
67 47 118
29 90 127
14 148 313
6 87 93
42 139 212
96 72 177
46 93 203
27 132 353
57 183 348
53 191 249
27 42 72
66 157 263
49 40 92
85 116 206
63 49 115
24 198 226
34 95 129
13 142 191
43 4 57
22 111 222
75 111 233
74 185 278
41 63 124
48 33 89
20 132 198
84 8 98
30 38 192
75 143 223
79 84 173
96 142 250
22 96 148
58 64 129
61 142 214
91 169 413
45 166 387
19 123 252
58 99 160
40 133 173
51 131 184
17 156 178
22 123 153
90 48 176
77 141 256
12 45 58
37 81 126
37 125 235
72 129 211
8 84 118
29 1 40
77 37 226
79 155 236
73 79 179
20 191 256
90 171 415
44 22 66
31 1 41
66 53 129
3 7 34
63 161 225
27 104 134
32 172 207
14 74 89
52 132 184
30 20 53
46 169 216
17 165 206
9 198 289
75 110 188
28 34 206
67 128 202
100 115 217
59 7 68
47 52 101
82 91 219
99 136 315
51 9 64
7 160 177
18 56 119
89 31 218
54 139 355
22 16 88
96 158 288
3 77 90
81 127 247
89 95 200
20 164 188
51 95 180
57 45 273
2 177 223
85 53 182
49 3 65
69 38 157
85 165 291
62 163 238
77 105 379
50 83 160
58 93 341
95 170 305
81 26 138
23 97 146
29 85 314
26 182 215
36 30 222
39 12 71
46 111 334
60 172 236
38 127 196
35 169 240
47 110 199
33 108 164
32 41 101
89 34 125
3 38 127
71 169 242
40 32 217
66 7 111
73 137 212
38 26 222
67 93 215
3 170 182
40 180 220
15 190 290
8 196 206
89 136 229
