740
99 50 153
43 149 220
76 69 332
41 136 178
75 2 93
43 3 56
72 162 242
95 62 259
28 56 108
30 84 121
49 28 219
45 56 182
21 192 219
50 71 151
87 108 196
91 193 337
37 48 87
35 200 241
12 122 136
16 168 233
100 104 206
44 155 251
24 54 276
28 195 259
66 161 232
17 33 69
7 168 176
87 182 274
5 21 35
97 13 134
29 135 196
15 61 85
67 141 369
70 36 217
62 32 94
53 103 163
3 71 80
92 174 299
38 188 344
88 85 179
12 22 76
43 151 235
5 120 205
95 88 267
33 112 286
70 74 172
42 140 215
96 161 324
74 117 214
34 36 249
92 73 166
5 121 185
73 155 247
21 138 235
27 37 89
55 91 146
12 178 191
76 55 135
34 194 281
8 178 190
27 122 160
96 131 234
69 61 133
47 160 224
1 165 340
65 145 213
52 153 325
56 36 124
36 154 197
43 85 139
70 83 161
85 121 207
59 195 255
78 147 395
72 135 209
67 182 287
82 179 442
1 106 128
100 185 287
30 162 269
55 186 242
4 118 129
31 115 182
38 155 203
42 143 187
98 50 150
72 197 366
22 84 108
20 136 351
99 62 161
94 62 264
92 40 171
82 30 244
55 66 277
4 126 231
30 44 256
94 7 186
61 195 258
47 128 195
37 98 327
8 169 185
37 48 89
25 180 293
84 200 331
34 3 40
99 145 366
40 139 185
28 162 192
7 147 178
16 128 308
36 112 158
49 153 227
72 43 149
12 92 168
34 131 278
82 96 180
22 63 85
84 16 109
78 81 168
1 45 55
88 27 159
61 195 336
73 85 165
22 45 67
36 128 205
87 97 192
90 74 264
39 193 329
25 54 83
76 1 85
71 39 152
66 143 209
93 154 255
83 93 217
18 191 390
86 11 238
48 96 253
31 54 100
97 114 221
66 180 250
34 95 170
76 105 190
19 33 206
67 193 263
54 157 321
25 34 91
59 70 133
88 88 177
65 44 148
69 188 289
4 77 83
11 44 55
82 173 290
99 200 313
60 32 114
76 61 145
44 103 243
30 1 79
51 4 123
59 22 109
72 155 242
18 33 59
44 124 173
17 76 100
85 48 324
51 127 213
61 21 83
86 18 107
32 25 122
58 6 111
8 75 96
37 128 271
11 119 179
43 82 125
43 89 323
24 89 211
29 1 79
94 21 145
62 7 76
34 46 83
100 17 121
85 49 156
29 53 92
81 33 114
66 148 222
40 169 225
45 70 139
43 36 86
7 26 43
38 165 355
49 137 190
98 175 362
32 89 121
90 7 109
42 23 110
54 64 124
49 90 180
99 197 475
61 93 253
79 86 214
92 77 173
95 17 118
89 15 107
53 35 89
70 56 185
5 8 194
47 164 355
94 81 176
25 33 60
99 187 287
96 89 326
34 115 157
72 28 116
93 125 250
91 133 249
98 101 372
49 184 233
46 28 83
38 150 191
17 198 223
59 77 156
14 190 241
35 149 209
50 116 203
74 127 337
80 162 288
39 190 262
7 46 89
40 120 162
90 126 241
63 16 156
73 175 384
1 166 367
28 136 359
26 124 151
22 78 108
59 177 270
26 198 232
57 6 207
82 102 202
38 190 230
67 1 105
3 80 115
69 92 162
89 166 259
49 94 181
29 104 259
10 131 148
63 147 246
53 108 211
91 87 180
4 56 100
76 68 145
6 62 100
61 111 176
20 39 175
66 47 279
67 91 205
37 37 106
49 117 170
51 122 279
43 132 211
56 182 245
60 197 448
41 111 156
66 126 276
80 3 91
8 164 192
49 130 188
91 147 251
86 181 277
42 65 114
74 126 244
87 152 245
47 76 127
37 81 312
69 198 279
72 193 270
40 100 160
40 123 185
100 60 209
5 42 53
95 193 346
59 70 144
64 6 77
41 142 320
70 102 285
26 65 133
2 132 174
36 96 147
2 38 42
18 176 341
4 10 22
84 132 223
91 175 463
35 109 162
6 181 195
56 147 377
73 81 204
9 102 119
5 109 120
93 7 110
34 157 194
71 191 310
13 142 203
91 67 165
77 29 133
85 68 162
52 65 124
99 133 261
96 152 263
14 167 243
81 173 264
76 52 148
3 124 136
80 169 283
84 34 151
14 34 49
91 102 201
99 123 417
71 4 80
53 95 166
97 39 140
42 154 221
83 180 405
31 199 258
56 122 192
76 113 190
27 133 253
63 111 368
50 45 96
91 129 236
26 8 38
75 124 235
93 124 226
28 193 232
46 75 133
47 81 248
93 200 331
8 106 123
40 165 211
49 41 254
57 144 202
72 177 283
23 183 225
22 129 167
76 127 222
5 101 115
58 67 134
95 190 286
45 55 101
79 132 221
9 79 135
76 171 393
21 57 118
95 154 257
93 103 206
85 156 258
56 195 253
77 73 169
10 148 193
32 17 103
1 145 284
34 45 96
72 31 134
36 143 210
49 69 174
59 94 345
59 121 182
77 22 111
14 100 119
93 197 405
61 72 146
67 82 346
35 51 93
99 55 196
42 53 139
88 154 252
25 130 162
43 165 218
26 109 310
58 38 105
1 169 353
66 100 264
6 2 40
12 156 265
22 157 221
74 100 275
46 106 336
39 45 159
1 14 165
12 140 155
34 120 203
27 48 97
73 8 129
93 165 265
32 138 177
38 150 192
96 108 244
85 152 247
63 175 291
11 136 266
43 6 98
58 31 129
62 148 360
74 91 173
49 6 59
41 104 156
56 136 237
85 77 189
45 54 262
26 70 124
13 97 110
31 53 91
63 37 126
46 172 230
27 12 230
21 124 176
31 181 212
67 11 125
49 181 240
79 132 219
74 153 288
48 152 209
20 160 224
7 62 70
39 22 215
4 37 50
27 104 133
32 195 231
94 0 112
37 118 158
39 63 143
20 199 260
46 124 212
22 44 91
92 65 172
28 46 215
4 46 54
98 98 223
43 134 226
28 46 77
51 51 182
10 64 102
54 115 191
43 91 297
20 45 261
65 47 155
92 2 96
18 200 225
23 36 61
80 82 170
49 14 187
67 46 141
32 26 94
40 26 92
26 154 227
53 127 189
97 98 199
30 167 227
48 61 111
43 70 119
93 93 328
79 179 266
17 80 124
36 25 85
96 85 190
65 150 263
35 56 185
16 39 62
58 136 203
14 31 54
19 137 170
19 104 129
37 78 119
80 124 223
58 149 252
46 148 217
44 163 216
85 68 320
75 134 343
18 1 24
31 162 244
93 120 358
66 187 301
49 188 246
70 65 178
20 169 295
16 45 125
3 114 193
86 31 140
59 37 217
55 191 254
19 89 109
1 52 197
8 149 164
43 160 268
56 3 67
97 51 267
96 109 213
2 188 200
70 151 311
82 5 129
40 49 97
83 136 365
75 159 275
25 135 227
10 111 140
57 176 241
100 50 225
27 99 136
80 181 293
17 193 398
28 160 198
12 166 183
71 112 192
16 142 207
43 102 310
58 11 207
36 65 254
72 176 395
69 5 121
81 173 300
73 50 190
35 146 188
89 187 461
34 90 145
35 102 141
60 125 210
50 18 75
10 105 298
62 92 162
28 183 211
80 0 83
4 105 122
72 53 158
36 126 172
4 29 35
28 136 293
52 24 84
38 115 330
22 14 99
8 42 54
74 57 140
48 169 243
94 102 203
18 24 42
86 112 202
100 48 200
91 16 110
49 118 168
16 27 188
86 61 179
80 127 375
49 82 175
27 26 60
20 14 79
31 183 222
82 135 225
15 166 203
41 162 213
12 29 43
66 151 265
89 69 269
37 144 335
91 129 269
97 195 338
10 79 102
50 176 227
28 158 254
47 103 195
10 142 180
19 153 177
49 130 184
4 161 197
16 133 189
52 99 166
39 194 236
7 200 290
1 32 171
70 84 201
27 125 182
35 141 251
91 147 246
32 127 204
89 95 230
40 11 91
54 149 221
53 192 264
83 72 157
46 198 431
70 93 167
31 70 102
81 13 167
18 85 212
59 97 172
1 141 142
14 172 215
24 130 172
24 89 116
26 83 231
99 154 418
65 181 420
36 19 99
44 81 256
26 199 229
4 74 152
26 51 91
98 129 401
70 117 233
8 35 51
96 122 221
83 62 179
94 125 224
95 167 268
59 158 304
63 20 87
68 189 288
82 42 135
41 17 107
92 156 252
59 132 223
66 82 329
63 155 261
77 196 279
29 66 209
71 23 188
88 26 298
73 153 227
77 106 292
52 167 245
29 109 141
79 68 153
94 37 141
71 110 184
84 80 209
1 37 45
65 168 268
3 57 91
12 78 126
1 73 77
56 195 288
6 159 169
48 97 149
21 178 206
36 157 194
66 9 178
92 78 350
73 63 143
19 174 235
96 78 174
74 24 135
22 170 197
41 164 249
11 193 230
5 39 93
24 39 110
51 159 334
51 115 170
11 141 182
95 65 165
95 123 266
56 57 156
86 29 165
18 129 173
83 15 100
31 200 380
16 38 58
77 63 298
14 103 130
47 43 134
44 179 228
23 118 148
98 57 156
54 135 191
91 141 240
50 187 242
21 171 236
81 50 164
21 190 229
84 163 247
56 53 271
39 59 104
86 197 420
79 120 218
80 33 124
72 188 285
25 23 182
48 160 231
80 174 277
66 165 301
61 9 119
92 168 268
15 60 78
7 16 56
13 7 22
13 193 240
74 185 331
40 107 158
88 56 285
49 160 235
46 70 139
39 51 99
83 74 161
80 180 265
64 143 390
76 95 175
6 63 99
29 74 109
3 15 124
75 62 146
64 161 257
59 79 181
46 195 245
63 82 150
1 167 198
68 37 114
96 165 290
51 109 173
44 200 253
6 117 123
25 182 248
65 133 201
32 176 209
34 22 59
83 164 248
22 51 75
53 18 74
87 14 133
74 29 184
69 135 222
17 171 248
3 129 135
24 69 119
14 91 105
23 46 76
5 197 211
67 200 275
77 42 121
97 10 109
