530
52 53 157
44 196 251
67 129 248
6 33 63
65 118 226
43 1 71
86 179 423
31 131 210
29 104 243
98 8 113
25 152 181
68 166 280
76 22 100
19 131 286
3 148 155
92 156 288
49 95 151
19 58 83
13 83 106
5 198 208
71 144 244
7 182 233
60 186 251
18 139 192
46 172 227
22 116 147
98 57 157
89 157 264
20 108 165
10 106 149
46 143 198
62 130 284
28 54 116
79 154 243
8 47 82
2 148 240
55 146 209
44 136 351
51 174 233
17 142 205
3 64 78
67 121 188
54 144 236
70 56 155
95 154 252
100 150 284
95 148 248
95 81 183
92 198 290
47 52 105
1 114 144
64 53 311
12 141 157
57 178 279
12 26 46
84 37 126
95 81 343
12 147 207
53 158 213
5 147 155
67 167 251
3 89 290
93 88 181
50 62 135
3 86 98
15 32 83
69 49 143
50 40 108
85 68 162
41 90 225
57 11 99
85 190 301
95 58 200
8 52 93
58 56 121
91 184 281
58 107 174
74 21 140
97 47 167
73 146 269
85 25 113
59 194 452
47 121 212
2 163 174
23 90 148
71 179 283
65 12 229
80 155 276
70 34 152
42 148 275
3 164 191
99 73 172
32 55 131
48 153 370
37 189 231
95 27 287
62 48 119
91 199 293
6 88 242
28 192 223
27 25 58
61 55 154
21 66 117
47 160 217
97 24 221
2 108 120
47 76 212
6 156 172
91 171 262
7 40 47
5 200 209
46 199 402
49 141 237
32 95 161
87 183 287
52 61 175
45 16 155
19 120 148
69 88 235
36 194 241
33 148 263
60 182 394
1 51 59
22 65 103
3 99 103
92 187 289
32 93 250
60 166 271
50 141 230
58 174 240
77 41 125
69 116 292
14 76 105
80 69 187
92 110 210
70 53 300
94 76 174
22 2 64
9 181 197
54 194 341
58 44 108
11 90 105
89 146 236
47 136 196
99 93 316
69 178 250
20 172 193
61 123 336
90 92 216
21 151 317
16 52 69
62 152 242
96 48 147
73 136 359
17 86 108
23 26 68
94 101 199
7 54 102
16 140 164
58 42 125
42 71 127
97 44 166
82 136 231
84 55 145
26 171 376
6 41 84
29 59 95
92 30 256
79 79 212
99 61 190
34 165 204
28 158 261
28 195 225
89 140 232
43 167 396
21 40 240
80 137 219
45 114 167
14 27 43
99 51 150
51 62 261
56 90 188
58 199 295
55 80 136
37 55 118
77 129 244
58 70 236
84 10 98
31 100 151
86 12 127
43 98 147
14 14 123
14 196 213
30 189 229
52 128 200
75 52 134
45 185 359
55 48 252
9 169 246
2 42 131
15 26 45
51 108 159
63 78 144
38 116 168
96 146 369
54 2 186
19 153 219
27 126 197
51 188 265
77 91 264
70 36 128
38 185 281
58 190 248
40 164 212
31 108 139
84 180 267
90 127 245
25 149 217
100 100 367
77 11 247
78 57 252
96 8 114
80 54 158
81 70 157
21 159 300
99 176 360
93 18 119
79 85 193
89 191 285
97 190 319
25 88 147
92 4 96
63 66 139
65 73 178
2 182 186
96 50 345
69 45 198
62 84 146
81 48 179
80 17 251
11 163 179
50 58 113
58 84 144
44 113 161
73 194 447
56 8 126
43 152 212
10 165 209
66 149 304
89 145 235
97 3 225
38 36 104
75 173 335
51 168 227
13 167 366
87 117 265
38 121 162
81 33 117
23 35 236
46 58 295
76 125 251
72 90 168
5 20 36
73 118 261
15 14 33
48 91 178
15 130 154
23 2 26
91 63 157
50 182 360
60 108 174
66 42 116
90 7 104
47 137 186
43 156 200
85 137 222
66 123 362
23 164 189
55 86 142
79 10 99
62 91 201
25 61 210
48 122 307
6 136 193
78 83 209
29 62 97
100 97 197
18 105 196
28 4 59
20 195 252
92 4 145
99 158 277
28 63 109
65 12 104
100 54 184
13 136 159
32 33 179
12 152 208
44 62 300
100 54 175
19 193 401
85 53 143
45 135 371
53 74 131
97 16 114
99 194 295
47 118 173
38 183 309
88 192 315
51 90 216
71 66 290
38 47 266
51 104 199
87 61 150
60 114 203
81 82 166
1 17 173
50 161 214
64 32 130
58 13 72
30 33 73
8 26 82
95 26 124
51 180 231
25 151 181
15 90 264
34 30 109
99 79 178
89 200 321
30 80 114
78 102 254
13 0 22
49 139 192
50 83 142
33 165 229
78 117 216
35 68 146
8 42 56
65 172 257
61 95 245
10 140 339
88 34 291
50 109 206
25 33 61
17 19 42
40 117 158
84 87 218
56 195 289
41 96 138
34 7 44
48 88 261
1 129 208
68 195 293
6 141 179
5 73 126
29 149 226
1 16 39
11 145 161
54 48 112
94 1 125
29 31 96
78 137 215
5 138 190
86 111 292
84 84 184
65 108 190
9 63 80
29 109 143
1 94 173
58 75 141
8 170 218
35 134 180
40 64 107
35 3 76
3 98 158
69 132 207
40 81 130
96 73 171
68 89 160
62 153 220
97 103 200
22 52 78
5 74 87
96 21 144
68 95 292
83 182 438
77 119 246
11 128 161
56 147 212
27 170 202
26 132 167
60 149 253
32 31 67
22 176 216
13 160 181
82 145 237
80 27 139
64 153 338
51 29 126
97 195 295
86 122 229
76 152 372
16 103 303
55 47 109
29 163 370
70 145 219
83 87 360
80 55 243
37 163 244
30 84 303
76 28 153
67 166 350
84 58 150
35 47 277
64 79 187
98 38 146
16 151 352
75 187 266
83 6 92
92 126 398
88 0 99
29 188 328
87 197 293
51 90 150
44 143 196
100 124 259
62 79 148
36 112 151
63 175 294
45 3 54
79 150 231
17 20 47
34 168 207
33 186 229
53 165 256
97 31 150
69 91 208
10 57 81
36 151 230
75 159 234
24 17 58
97 184 287
12 171 208
72 22 154
81 77 160
61 4 206
69 97 173
7 140 289
89 111 200
43 181 381
15 135 316
69 77 151
51 90 149
84 127 216
51 118 173
34 52 232
93 30 203
47 180 387
79 171 256
62 133 353
61 19 124
41 157 228
44 130 282
21 139 208
86 66 158
46 172 224
81 182 269
52 36 210
62 28 139
80 128 217
67 83 167
55 30 113
70 82 249
66 88 179
45 192 254
28 112 143
79 27 106
94 88 184
100 48 181
32 10 49
48 180 269
2 176 227
95 13 280
49 10 66
57 3 217
86 143 235
41 69 132
75 79 195
10 200 218
18 155 179
81 126 207
38 178 311
100 180 424
94 36 131
58 100 164
5 4 9
2 37 45
77 40 170
65 126 202
98 197 301
90 184 338
80 19 291
64 171 425
14 14 36
29 49 88
51 13 197
82 99 219
100 143 246
72 15 130
24 55 85
37 17 200
53 13 73
22 157 179
54 85 266
6 137 152
62 118 334
14 51 106
12 50 74
15 51 73
82 65 153
18 139 202
46 189 236
92 192 290
21 190 219
27 95 192
40 189 268
41 171 240
80 122 231
28 178 213
53 59 250
