960
55 25 85
33 186 246
84 81 185
47 2 91
93 52 186
69 45 116
67 104 190
87 183 278
66 200 308
11 163 196
36 147 188
20 12 58
39 92 156
94 180 460
48 95 143
88 58 154
30 120 185
36 85 122
88 84 175
68 142 219
20 120 146
91 98 191
46 77 146
18 129 329
26 71 106
8 152 191
16 96 118
45 61 146
24 11 200
16 54 73
53 141 334
91 15 116
94 178 391
69 145 352
100 161 334
1 88 155
81 16 102
14 78 191
100 115 230
32 105 143
40 66 155
17 117 144
18 187 207
19 91 112
28 164 216
66 42 221
22 131 173
38 22 215
27 127 173
51 34 91
14 189 212
20 0 28
56 48 115
11 99 115
32 190 339
41 19 67
37 101 158
48 51 290
66 170 397
69 11 105
99 59 258
55 137 198
17 55 210
41 159 209
93 194 321
64 56 121
82 196 278
43 199 258
9 25 76
7 117 293
82 105 247
45 134 272
27 67 137
3 120 154
88 149 244
18 88 246
58 164 338
18 122 166
23 157 226
64 2 73
90 179 312
16 133 215
13 128 143
7 62 155
92 197 298
12 112 158
59 93 300
46 54 158
8 92 104
37 149 187
22 170 195
70 169 319
24 117 169
92 155 253
90 129 351
5 69 94
94 5 116
81 12 110
41 193 237
34 147 191
38 147 264
15 52 77
64 114 186
1 160 191
30 170 205
58 41 139
86 199 300
28 174 306
7 73 100
65 181 250
69 180 252
47 112 260
20 98 126
13 86 134
13 21 63
11 164 308
40 39 274
50 179 273
36 86 172
58 144 307
80 73 162
38 132 217
83 181 358
96 9 110
8 62 75
51 194 252
72 92 198
75 106 190
26 141 213
53 109 344
1 34 57
32 159 268
75 89 201
83 76 353
49 116 363
58 20 80
36 80 161
68 61 137
85 177 264
41 93 203
60 98 174
94 11 200
36 48 133
16 113 132
27 24 64
21 162 321
64 51 116
24 66 124
17 93 117
83 94 188
24 51 76
74 196 316
62 27 93
88 182 278
97 53 259
31 160 347
60 136 243
6 96 110
76 33 112
3 125 132
64 196 300
68 133 205
61 29 98
91 30 128
96 179 279
30 156 376
5 69 92
44 73 152
94 46 163
2 166 211
72 118 341
51 91 336
34 138 213
43 98 207
84 89 174
34 39 92
7 156 240
45 117 311
64 198 266
67 175 333
99 163 419
5 96 145
41 85 129
86 45 131
19 18 38
67 121 195
60 119 179
70 17 91
57 161 267
21 34 86
83 188 276
52 115 282
60 188 248
49 145 201
49 18 105
29 15 44
35 5 81
83 166 259
8 136 149
7 43 74
1 161 169
76 88 327
14 137 166
78 196 281
30 122 155
96 16 162
91 159 315
87 66 225
5 41 205
28 118 191
75 158 318
44 132 176
38 160 228
20 106 149
82 76 167
39 8 56
16 191 208
97 192 292
66 47 192
92 45 264
42 9 190
23 119 152
53 45 98
87 115 207
42 140 299
85 197 405
62 187 292
50 183 249
27 85 245
77 115 238
80 13 98
1 119 126
30 120 317
37 62 119
21 186 213
79 166 255
75 95 195
8 143 154
99 156 406
50 73 175
91 188 289
84 149 380
19 103 153
57 141 204
50 134 290
22 80 122
49 159 335
34 199 240
87 154 250
90 181 406
26 76 105
39 88 157
57 57 114
89 149 282
9 129 287
14 8 28
72 35 121
6 80 95
22 85 113
86 108 361
4 180 189
38 24 67
73 77 188
41 97 187
36 130 170
29 28 63
9 116 128
90 127 257
72 101 197
81 17 138
15 148 182
57 137 218
58 189 261
10 108 118
86 167 345
36 179 222
48 108 157
55 75 136
28 147 203
59 68 135
55 91 336
59 195 422
57 84 290
99 152 451
58 32 98
64 38 294
86 167 286
97 24 146
14 149 200
9 54 73
44 173 296
91 78 264
91 157 333
91 20 186
7 140 171
91 33 128
68 105 220
60 14 171
86 195 294
64 102 171
50 173 381
62 96 175
33 112 225
30 6 73
58 129 215
27 178 222
63 167 257
46 172 282
15 90 262
96 3 281
91 96 189
16 112 324
90 196 292
23 159 238
16 131 224
71 162 238
62 88 199
31 24 92
46 152 214
22 150 172
14 126 184
54 106 282
41 9 90
18 45 108
5 46 203
16 180 202
24 64 245
65 112 241
58 147 237
45 43 88
96 180 380
19 170 209
99 29 130
70 0 79
48 89 246
77 48 284
59 34 212
15 158 176
31 133 199
56 112 207
80 75 160
3 171 347
54 78 140
90 1 96
3 19 29
26 96 153
50 188 243
11 62 75
77 4 104
20 67 177
29 60 94
17 39 77
18 195 290
83 121 253
33 41 89
85 79 169
67 168 275
10 137 279
21 28 59
4 62 252
93 107 291
47 14 133
72 88 171
81 171 280
38 184 246
79 192 272
18 95 185
44 146 224
72 151 231
74 117 233
26 40 75
4 180 190
62 199 265
20 71 107
8 150 196
43 103 327
8 103 173
57 56 121
92 98 194
77 102 221
19 185 215
19 137 206
99 84 225
87 50 212
57 163 238
28 121 165
100 41 145
47 26 103
25 145 206
44 155 208
39 145 221
40 83 148
4 3 37
24 110 135
8 143 198
3 111 124
4 183 316
41 162 211
34 166 341
75 9 87
39 95 204
35 111 153
42 110 157
96 14 112
38 93 136
17 47 71
13 157 170
31 139 232
87 6 190
75 16 119
88 69 270
91 91 228
24 129 172
92 43 160
58 132 197
96 172 274
11 156 276
4 17 44
81 23 136
59 42 119
76 167 283
75 63 236
14 144 160
79 19 203
92 158 277
13 131 231
32 80 195
24 175 246
54 135 191
44 139 183
37 10 52
12 56 229
36 71 117
98 125 379
76 103 185
90 150 283
43 156 200
95 12 110
96 18 215
67 137 324
7 152 237
7 188 205
80 88 181
29 136 166
41 194 236
13 192 212
94 30 235
95 153 260
41 144 195
20 55 216
75 162 317
75 137 397
44 79 129
90 102 204
88 189 319
61 131 204
55 182 239
86 3 93
99 165 318
82 117 263
1 186 189
46 72 166
79 86 198
42 160 209
94 134 234
81 39 128
26 27 138
9 173 191
29 24 58
44 188 406
53 77 197
58 184 309
18 198 232
21 25 48
21 114 138
75 88 168
90 0 113
49 136 380
82 177 398
52 60 112
56 51 180
1 147 154
79 125 279
93 162 269
32 126 181
75 144 248
3 112 119
58 96 158
55 61 160
61 36 126
33 190 412
73 30 110
92 10 143
7 86 100
70 32 111
3 91 103
94 119 219
4 196 201
14 29 68
67 123 327
96 47 330
93 8 114
90 148 246
52 168 229
87 186 281
7 111 125
28 118 148
54 123 194
58 30 98
17 28 51
24 164 228
85 149 244
25 87 140
47 192 243
6 193 201
13 71 110
79 14 100
92 61 192
17 25 199
90 95 219
96 196 333
55 179 243
38 18 58
7 78 88
55 83 139
21 176 201
35 15 166
86 150 236
44 187 273
25 15 45
40 78 125
29 128 289
54 67 129
89 51 330
38 74 114
37 57 101
29 114 150
85 1 95
42 48 105
25 70 103
51 19 78
73 11 86
68 139 236
98 142 246
85 165 412
47 1 57
98 9 114
34 21 102
97 179 291
45 111 160
10 121 133
11 185 266
81 56 137
59 33 109
37 108 159
17 76 208
79 33 139
9 144 177
41 115 163
32 6 64
39 161 209
68 42 152
71 59 213
39 71 119
61 137 287
16 47 86
54 44 106
3 115 126
22 169 241
51 17 217
75 153 232
32 48 112
87 2 209
52 193 272
77 100 325
72 74 186
1 157 168
10 62 121
52 130 182
37 136 326
22 141 227
71 58 327
22 17 45
1 149 193
19 10 101
31 88 129
11 192 203
42 32 238
48 107 163
35 30 84
43 91 152
16 43 82
93 139 237
20 25 50
35 33 86
66 184 260
16 79 105
9 147 159
60 135 244
41 13 153
62 143 321
14 157 364
71 63 136
77 167 257
52 140 235
9 178 224
60 175 245
14 194 216
66 148 251
84 154 288
76 111 205
100 85 189
93 89 185
66 175 245
70 127 200
93 103 233
13 146 209
95 159 260
13 162 249
65 40 283
29 197 233
50 72 242
5 190 222
71 169 248
92 54 161
90 106 197
37 78 237
70 171 243
65 111 191
37 67 199
54 71 262
58 28 226
22 145 172
58 124 183
65 135 373
77 184 270
38 144 185
13 56 72
38 9 127
11 132 145
66 38 114
27 5 37
45 10 57
2 73 77
16 199 395
45 6 78
9 24 41
40 29 110
50 18 80
55 71 132
2 130 174
9 60 95
39 53 141
76 5 88
40 116 167
57 32 128
38 182 226
40 26 80
1 73 76
93 146 243
43 132 188
93 15 112
59 86 171
8 21 75
76 192 271
50 82 194
48 93 321
33 30 135
53 145 201
50 163 215
99 75 177
50 43 102
31 40 74
76 10 116
58 2 99
6 66 78
16 154 176
25 99 132
27 3 71
35 179 339
5 80 191
43 161 228
59 42 139
24 154 358
98 26 164
15 48 68
93 42 142
19 160 206
18 123 198
15 99 160
25 155 187
82 55 172
1 65 201
74 46 121
8 44 76
89 141 232
78 115 200
89 172 270
92 132 226
60 194 258
31 26 234
37 50 93
53 32 87
42 176 223
26 57 92
4 162 181
3 98 146
19 157 361
72 192 272
7 22 35
18 76 136
58 39 110
97 135 413
16 4 60
57 195 316
55 19 123
47 161 217
14 192 209
13 102 164
87 81 178
16 125 141
55 147 384
82 187 274
83 37 169
31 86 122
86 197 314
68 10 172
89 70 174
32 45 80
76 88 199
18 190 209
26 153 183
83 127 410
37 146 186
81 38 214
13 83 100
96 33 153
75 108 189
62 119 225
72 10 86
6 52 61
74 89 199
64 164 245
85 25 132
42 58 120
38 121 206
83 111 199
59 150 217
28 123 206
74 182 258
76 32 124
57 33 98
88 160 276
46 180 253
13 119 175
38 26 105
13 119 219
11 86 97
61 137 198
58 63 299
33 120 156
90 60 160
10 0 31
19 105 133
99 193 296
47 123 171
15 136 157
70 59 265
69 191 305
79 85 195
19 94 115
88 7 128
47 61 113
46 72 155
95 112 217
80 184 271
1 160 220
83 187 449
36 160 220
82 6 125
3 24 28
30 154 185
67 46 150
7 6 42
88 181 275
91 129 295
25 41 71
30 105 192
65 136 203
67 41 131
94 90 184
44 1 51
58 99 342
6 119 173
98 1 131
12 15 38
6 19 71
84 125 210
96 170 461
86 79 310
59 105 188
30 35 109
64 2 71
19 35 64
91 61 162
56 86 152
55 179 234
25 182 303
37 116 161
6 129 145
3 128 171
31 132 164
39 57 117
2 15 24
39 170 233
28 92 122
98 82 187
70 195 312
66 108 206
36 131 169
66 167 275
6 163 294
57 81 167
47 139 342
64 117 218
39 138 177
62 124 318
92 170 295
57 58 131
83 200 363
44 100 173
29 52 88
42 136 344
45 186 237
37 47 89
21 72 126
39 132 182
42 2 226
4 37 73
16 139 206
59 129 193
14 78 140
32 29 259
32 110 148
16 47 64
1 57 61
8 49 91
8 75 121
47 170 225
12 102 136
6 90 243
75 130 341
5 130 138
97 35 296
41 26 100
11 164 221
84 160 246
78 91 201
71 35 107
46 164 219
71 121 210
77 190 301
12 80 102
15 190 211
70 90 193
6 41 238
49 161 216
65 67 178
41 162 238
22 77 111
97 157 263
41 179 220
64 69 142
36 9 45
84 43 128
61 149 217
30 48 83
50 27 79
2 196 221
83 106 194
24 184 366
38 17 196
48 200 293
82 47 326
20 105 185
15 102 127
41 155 228
37 28 71
82 174 284
86 76 201
5 36 41
70 33 138
92 171 281
66 38 114
6 190 203
34 188 324
41 101 166
7 37 77
18 78 140
30 91 138
58 157 253
45 178 267
2 64 72
25 200 416
62 138 246
76 63 157
83 55 318
96 180 293
27 71 224
26 5 32
56 167 229
62 99 162
57 24 257
2 179 223
54 50 134
32 84 118
97 75 186
49 191 240
15 62 81
58 134 388
13 33 46
81 132 250
10 190 200
13 82 101
32 107 144
7 195 348
5 91 105
25 122 164
76 106 364
38 54 237
79 2 87
98 41 170
18 84 102
7 106 123
69 76 168
10 42 61
58 148 399
77 186 309
73 143 416
18 156 220
54 56 110
29 136 169
73 97 310
68 9 105
42 146 381
90 1 91
89 125 319
93 18 121
22 35 76
58 171 337
83 40 201
9 120 138
58 106 197
49 89 260
90 157 252
36 192 235
77 149 258
7 184 258
94 53 200
64 68 240
