400
10 56 96
90 17 180
69 200 273
66 10 126
30 149 188
98 149 254
21 62 93
77 185 307
28 105 163
32 81 288
24 144 176
74 151 227
43 187 242
16 6 66
53 110 207
7 135 146
52 29 273
67 197 265
56 38 98
5 138 143
56 41 117
92 125 262
61 88 193
89 17 108
48 200 293
56 149 251
66 181 253
32 196 232
65 145 220
54 143 260
38 129 172
22 154 369
27 28 60
42 95 139
49 139 368
91 121 212
24 44 80
65 89 178
33 1 97
44 91 137
49 34 97
17 110 239
82 116 253
1 189 193
73 58 132
90 94 375
77 40 165
1 88 99
95 61 200
86 82 178
60 23 83
30 171 232
92 196 293
95 89 187
78 96 339
57 179 236
52 180 346
87 81 342
34 56 129
97 16 117
62 72 134
35 90 125
81 68 182
7 152 241
85 124 219
24 146 174
86 74 247
23 91 135
80 101 187
60 198 277
18 45 230
86 111 369
37 198 237
58 36 255
76 37 121
66 117 183
84 128 269
96 61 204
69 167 244
24 168 197
11 3 213
35 136 292
67 48 116
86 51 305
16 103 127
48 186 370
89 6 124
44 159 226
15 131 148
33 146 197
72 59 133
90 198 296
72 159 244
6 14 38
83 174 264
25 34 65
69 186 418
15 103 142
61 71 220
46 82 134
80 129 219
64 51 124
66 150 250
61 171 397
73 29 127
60 85 149
38 198 240
47 37 277
93 96 193
30 98 167
88 94 219
56 170 253
72 52 129
95 160 299
91 174 275
70 40 115
97 61 208
83 29 266
9 196 205
98 129 326
62 28 95
69 70 153
53 76 139
70 118 232
85 116 226
12 13 26
26 188 216
77 104 191
19 73 95
3 54 63
62 83 337
73 187 379
75 130 278
53 151 205
11 38 78
8 0 26
92 61 240
54 129 260
81 49 137
61 57 205
19 93 161
56 169 403
38 96 294
66 136 203
49 102 175
36 190 226
50 2 230
27 182 214
30 109 142
85 97 190
22 95 119
69 133 241
20 26 130
11 51 67
63 154 227
66 104 178
10 83 118
57 138 199
55 152 243
74 116 384
31 27 59
13 31 45
6 121 175
79 47 130
55 190 251
64 25 107
95 43 141
37 132 172
92 65 220
74 169 246
93 12 184
74 129 278
94 197 293
20 149 172
78 181 294
78 186 286
61 27 96
61 5 133
68 187 281
17 26 76
47 82 165
18 152 196
88 34 271
96 80 186
1 162 299
96 2 110
11 161 198
10 158 216
20 172 237
62 94 200
47 200 286
40 85 247
9 64 76
54 108 170
34 114 157
15 113 130
73 171 256
59 12 117
59 178 242
82 26 144
99 33 136
61 18 227
63 22 179
75 199 282
52 13 102
17 114 259
14 91 244
62 135 197
71 85 181
72 173 246
28 119 218
2 175 206
46 22 110
28 64 206
80 3 126
93 77 181
83 68 318
97 28 196
54 198 286
51 116 334
24 115 305
19 80 107
12 147 194
37 41 246
94 158 255
53 198 260
25 194 255
25 198 231
74 77 176
76 38 126
51 113 169
92 22 184
14 17 177
35 33 99
57 62 123
99 0 152
77 178 304
87 53 145
44 135 181
22 97 119
31 77 265
9 68 79
69 156 233
13 66 81
51 67 127
38 80 147
96 110 395
31 120 203
32 67 114
31 92 170
62 66 229
61 56 122
77 114 238
59 53 164
83 32 124
47 107 344
35 121 156
40 52 101
55 41 138
19 30 78
50 199 256
39 186 274
39 183 226
16 63 128
73 77 198
10 166 176
16 130 193
41 193 367
21 67 234
45 107 343
70 24 100
9 163 172
94 108 210
28 102 134
80 106 187
22 64 88
94 12 112
61 87 175
81 196 300
1 47 83
83 142 254
90 148 324
28 39 186
11 105 119
59 83 288
17 112 168
38 177 250
70 200 303
54 150 230
35 13 128
89 25 117
17 85 111
96 28 134
6 100 106
28 100 147
80 171 298
34 123 195
42 26 74
64 192 295
26 58 94
13 125 144
85 186 275
71 178 250
92 56 155
66 63 236
67 86 199
35 33 71
8 26 205
66 126 239
89 18 109
73 32 127
19 90 289
17 185 210
100 100 379
22 4 166
33 8 47
53 88 169
9 51 93
11 64 75
44 148 376
5 5 22
86 79 172
62 197 264
71 15 96
36 150 285
95 98 201
96 45 144
18 104 254
88 166 295
79 56 135
71 42 250
97 190 372
66 135 285
89 198 339
11 54 229
3 27 32
62 110 180
73 138 248
55 23 87
4 63 77
87 183 317
9 97 229
52 129 194
71 167 238
20 44 64
72 158 238
55 131 197
27 24 93
8 6 47
95 16 117
58 162 220
40 39 124
76 78 189
26 104 137
77 37 153
11 50 66
21 151 350
29 196 260
47 36 138
57 25 88
13 200 249
37 189 372
66 193 261
85 32 127
51 129 184
90 63 155
13 117 157
92 36 311
32 67 297
24 21 55
50 158 232
15 149 169
41 166 210
84 198 285
92 153 434
47 103 150
99 66 194
9 36 85
49 53 160
60 189 251
73 84 336
95 112 207
64 89 191
68 125 243
76 137 232
75 45 160
5 14 23
31 11 76
23 27 177
96 5 184
4 154 158
72 55 136
84 199 310
26 193 241
64 87 153
29 82 117
75 116 201
79 17 100
86 23 115
13 43 60
