550
60 66 134
6 155 167
6 63 71
30 4 223
15 70 88
89 139 265
11 58 79
43 136 193
31 63 97
6 100 125
21 37 189
46 71 117
13 38 54
69 150 219
9 36 50
46 107 199
29 24 58
99 102 205
23 102 130
60 156 260
33 23 63
36 170 288
65 42 200
85 195 280
94 176 280
54 88 240
53 119 195
21 75 104
4 172 217
51 192 251
54 51 113
49 178 307
83 102 237
11 143 285
6 112 131
50 68 144
67 143 368
52 56 127
19 124 175
93 149 242
94 27 214
54 121 184
2 38 56
33 197 276
42 137 179
3 97 196
66 173 270
28 77 114
30 119 149
56 64 131
84 85 173
47 58 113
44 62 111
81 93 184
95 14 146
25 70 128
4 96 115
80 123 244
66 196 278
52 104 209
100 165 306
31 198 397
35 57 113
72 81 153
92 133 255
12 144 309
43 54 99
74 199 353
16 195 240
15 111 133
20 161 213
36 110 150
73 22 97
26 91 164
100 154 260
18 72 100
36 115 159
82 35 123
29 76 128
24 187 250
57 92 160
26 183 219
63 33 99
7 125 151
74 147 231
43 90 150
40 90 149
81 126 403
12 87 147
10 95 111
93 41 166
23 14 86
98 176 275
42 13 205
34 111 300
18 69 163
27 133 177
75 28 131
94 96 194
36 126 346
70 71 168
24 85 279
97 113 212
35 13 57
16 5 138
15 3 25
90 172 275
68 169 238
84 128 305
51 2 55
13 127 146
97 20 124
86 40 126
42 48 201
82 129 217
47 39 257
48 141 199
43 27 246
98 115 216
72 85 161
36 156 342
27 119 155
33 147 279
90 145 238
11 60 77
45 120 209
37 74 301
46 47 98
98 195 320
68 104 263
38 135 173
46 21 78
18 164 182
66 90 201
89 1 99
86 147 277
39 29 221
92 109 204
91 137 234
52 31 127
36 113 159
83 30 119
89 137 229
90 128 225
95 64 181
10 112 130
14 100 121
42 64 116
51 64 120
41 63 141
98 5 113
89 117 214
28 102 180
60 29 185
78 95 213
57 78 135
36 24 60
44 128 352
69 155 236
95 173 277
27 97 134
98 19 138
58 198 292
80 60 151
38 102 182
4 149 183
23 172 263
59 154 219
19 44 159
37 96 133
27 190 221
78 199 378
90 173 305
47 125 212
40 76 146
10 191 245
87 113 201
59 57 123
59 26 122
62 145 289
24 62 119
68 86 194
37 171 335
22 98 271
33 61 278
17 90 183
50 116 179
15 159 178
77 121 207
17 127 191
21 125 193
36 196 233
3 38 55
75 7 96
93 110 223
43 80 129
17 51 88
94 189 292
29 0 54
6 153 166
68 8 85
54 58 141
8 157 248
45 141 211
93 128 222
16 5 82
41 19 65
90 127 256
44 193 413
81 168 258
31 193 372
27 36 67
99 97 203
63 140 221
5 158 166
87 127 269
99 51 225
32 158 236
51 90 182
67 111 178
96 192 402
18 57 79
31 71 104
81 133 227
6 35 46
94 135 417
78 74 152
17 31 91
19 72 107
98 160 261
73 66 279
9 16 34
78 79 157
41 196 249
9 165 211
72 28 130
68 67 223
92 155 255
60 142 339
56 184 324
34 170 248
50 148 235
19 82 101
84 18 110
88 136 234
73 129 207
77 177 300
5 119 281
81 4 90
58 71 156
90 89 213
59 65 234
49 118 173
89 200 335
69 193 439
71 9 234
40 75 121
38 115 344
10 144 155
13 90 122
93 6 293
9 113 170
43 34 197
30 74 151
51 56 140
16 9 44
70 107 219
66 167 234
91 119 237
66 144 277
14 115 220
55 37 124
18 97 116
66 144 211
78 127 211
25 126 186
26 174 214
1 132 139
57 93 154
72 134 289
81 56 266
48 68 194
31 158 190
55 7 67
59 148 222
11 112 302
73 164 271
43 5 129
32 28 109
29 124 159
18 90 183
27 67 131
35 150 189
73 47 123
88 62 242
66 180 258
42 39 96
57 195 259
67 122 222
3 183 293
90 97 189
48 91 181
11 34 49
47 80 233
76 161 249
93 142 283
85 169 278
96 16 186
90 141 343
56 119 220
53 184 247
2 197 286
14 8 204
30 145 210
82 56 145
81 155 436
8 191 209
5 67 95
92 46 227
91 174 315
34 5 67
98 84 237
14 19 42
47 40 95
71 54 222
15 59 91
58 98 165
28 115 181
43 151 264
12 49 69
9 183 213
51 186 406
41 176 224
79 132 218
59 31 90
79 155 241
6 2 170
50 85 138
67 76 180
25 175 248
4 180 188
46 93 141
44 61 156
83 121 241
72 43 129
55 116 173
7 197 204
38 54 137
10 26 192
19 165 204
31 66 129
96 146 345
40 21 91
27 165 198
50 44 109
43 157 205
78 191 274
86 133 222
1 133 173
47 91 303
27 111 152
68 139 209
51 192 248
38 69 114
33 155 237
22 22 48
30 70 109
53 196 257
26 159 261
27 155 186
88 153 255
8 15 41
65 162 254
18 194 224
45 79 128
52 27 193
53 61 124
74 120 318
29 13 220
49 195 269
77 191 466
74 150 246
29 98 200
33 1 68
55 74 297
66 29 95
70 191 393
20 114 330
21 75 100
69 84 162
89 85 205
5 95 294
89 160 253
38 105 165
22 2 32
28 139 198
99 70 295
14 172 300
19 8 34
74 143 221
42 192 368
91 69 182
69 93 168
44 90 328
99 163 302
45 87 169
41 157 227
13 66 84
3 140 154
48 38 88
63 47 110
79 161 240
52 34 181
20 140 207
61 41 111
12 144 167
91 75 178
75 40 234
22 194 253
11 35 85
46 55 109
17 178 361
73 119 196
94 138 237
24 168 267
23 186 298
77 89 296
50 144 195
67 84 151
100 24 131
26 191 243
33 38 89
37 103 146
97 120 375
59 168 259
49 51 108
31 198 237
83 89 176
79 108 195
52 152 206
83 65 148
93 76 174
62 161 251
14 85 160
26 83 115
5 71 193
47 15 64
50 23 200
8 96 104
18 76 99
17 83 102
37 187 232
71 153 230
24 104 140
24 21 71
80 116 201
7 88 100
90 13 128
59 70 136
88 110 237
9 73 83
4 69 77
25 56 219
97 1 102
74 151 227
25 172 233
45 81 264
8 138 148
35 93 157
14 143 176
85 137 279
71 23 210
31 197 294
70 98 231
43 195 248
83 73 175
53 30 116
76 27 108
9 159 197
38 72 113
89 144 237
70 165 272
53 3 81
7 125 137
82 67 159
66 30 97
19 175 208
67 139 212
13 168 208
90 123 220
99 143 252
79 132 220
57 107 164
45 167 216
49 143 200
55 151 242
16 68 127
22 93 118
16 127 149
95 196 332
62 142 206
83 83 216
15 154 223
11 154 215
64 18 133
90 163 263
50 147 231
99 47 150
95 159 262
71 52 123
57 136 203
83 138 269
23 117 173
55 176 236
6 168 286
89 60 226
96 87 271
94 74 194
67 120 246
59 134 219
7 96 103
7 152 193
83 77 161
83 72 199
8 3 135
96 195 297
63 146 220
11 79 93
53 190 252
71 2 107
15 120 140
89 78 191
1 103 256
50 27 96
53 10 143
48 101 177
44 160 370
19 16 99
65 16 166
55 93 343
35 64 140
58 55 232
92 114 243
14 140 161
56 81 308
87 60 154
22 139 171
85 10 124
77 104 228
25 83 189
