220
81 59 140
37 124 166
16 195 284
84 32 165
13 81 137
85 55 223
49 182 234
62 121 218
27 6 191
29 67 119
96 34 140
26 126 153
16 63 89
78 192 271
1 33 56
88 16 149
3 40 68
54 142 196
81 110 195
50 168 282
83 200 322
8 191 203
86 119 205
51 117 176
77 169 249
88 145 236
88 71 228
69 132 211
99 18 166
8 2 60
66 125 195
17 185 207
29 75 114
15 145 353
83 124 290
21 107 158
79 51 270
77 32 114
65 163 234
38 158 196
93 158 276
89 42 135
68 98 187
47 123 218
3 91 248
97 100 206
40 22 91
58 5 82
99 177 278
15 131 245
20 52 232
44 8 93
40 88 169
65 71 165
1 24 29
20 48 118
80 42 146
43 21 73
48 129 373
71 36 110
49 22 108
58 68 134
73 1 100
93 193 332
35 84 286
7 34 41
47 169 222
10 30 47
97 26 137
92 175 267
92 13 216
45 29 74
73 74 151
6 52 61
79 59 167
99 20 178
7 76 260
50 31 88
17 178 215
3 194 223
7 179 382
40 18 92
15 88 148
50 103 256
45 119 173
25 174 207
75 97 179
67 55 130
25 164 373
2 61 67
97 102 207
5 98 104
34 90 136
21 136 166
44 126 180
1 82 225
1 158 328
9 33 77
98 69 194
72 163 237
10 177 220
65 109 201
27 103 149
11 180 200
40 128 174
4 75 81
29 104 262
53 41 229
32 141 181
34 101 143
69 123 387
51 109 162
83 122 238
56 196 262
57 166 231
94 88 228
52 0 229
96 80 181
40 48 95
90 104 198
29 145 363
90 156 250
17 86 294
61 180 244
26 28 57
99 13 161
7 177 347
33 106 283
21 68 212
23 0 38
44 47 100
49 122 297
1 85 108
93 45 143
23 105 221
63 86 157
88 31 168
47 99 183
9 3 22
87 43 187
79 106 185
15 72 116
88 30 308
59 108 240
36 82 127
87 9 99
91 22 235
97 105 206
45 172 218
70 49 130
71 32 103
72 180 288
70 155 269
76 68 168
72 86 168
34 133 187
24 17 50
96 198 344
89 181 353
2 24 29
95 154 291
98 118 318
48 185 239
83 180 266
64 64 130
78 184 374
48 159 250
22 22 212
42 42 248
43 176 224
95 145 265
19 81 125
3 97 107
91 127 230
51 69 147
60 188 264
45 123 172
51 162 227
16 129 159
17 118 171
83 109 371
72 119 196
57 29 195
44 167 219
81 28 111
54 138 201
54 105 200
27 81 147
22 150 174
83 158 243
64 57 161
8 123 141
29 81 116
62 93 164
84 112 236
84 60 283
94 144 354
21 76 115
66 17 89
41 71 308
97 82 196
94 108 211
13 137 192
41 83 129
93 109 236
11 145 225
72 138 247
21 97 161
83 181 269
38 144 188
73 152 259
41 40 98
80 46 243
75 100 185
36 181 261
54 109 191
2 63 67
44 97 162
54 102 193
51 55 113
