180
93 139 239
86 59 229
77 143 228
40 134 218
43 58 105
90 16 140
1 20 26
7 182 267
24 189 284
4 177 190
33 100 143
59 92 212
79 175 359
29 19 97
26 178 212
65 58 139
31 198 239
36 46 84
16 45 105
88 161 441
55 25 204
31 184 252
30 88 141
80 147 296
69 75 344
36 119 194
15 3 19
23 86 148
43 36 123
16 100 121
5 189 197
60 191 252
87 136 356
72 49 153
8 151 322
22 19 104
73 130 223
96 123 238
14 43 65
60 107 180
9 177 213
58 145 208
47 71 139
50 168 228
30 140 218
80 195 306
83 69 160
46 95 151
39 190 418
28 115 161
82 118 313
89 103 211
40 54 102
75 9 88
100 93 201
99 150 253
10 99 126
75 104 225
40 173 302
77 16 162
2 174 184
63 155 254
69 193 292
75 127 203
81 91 314
13 125 145
17 8 31
33 111 158
55 6 67
40 175 236
21 177 226
88 182 303
85 141 401
38 150 235
53 83 141
72 2 81
48 136 215
52 192 418
78 120 231
42 15 247
16 196 316
23 87 304
95 195 291
40 33 73
27 127 209
83 7 100
48 133 188
4 103 207
75 115 241
85 93 182
87 65 162
61 2 124
63 7 78
13 151 175
51 172 277
76 142 225
46 0 48
25 117 182
35 120 174
27 70 115
51 34 261
33 130 163
13 50 72
63 7 72
34 130 168
88 70 198
69 125 389
67 53 208
37 55 124
51 40 96
42 134 176
28 163 197
100 199 493
30 161 308
21 36 250
5 50 114
83 137 344
8 21 89
36 80 256
50 112 317
14 158 173
8 24 38
53 136 244
100 52 262
70 160 234
90 104 296
11 1 21
47 130 186
95 47 150
84 146 240
48 47 100
3 16 163
59 45 111
51 26 84
32 25 96
91 124 215
77 35 232
40 162 206
76 53 170
88 115 210
54 98 279
30 132 163
13 41 84
9 30 48
41 101 149
31 166 200
51 48 204
76 40 120
75 24 230
46 190 366
81 95 199
95 76 180
44 78 124
2 80 87
71 99 182
76 163 240
26 176 203
35 178 245
30 21 53
82 160 283
54 80 147
94 19 126
78 182 268
17 82 121
51 26 78
33 55 99
4 131 140
95 107 212
18 51 84
76 81 183
21 96 122
74 14 138
34 184 407
44 130 186
73 90 233
20 70 97
97 31 139
73 134 254
29 72 140
38 175 220
