340
91 91 354
16 161 213
74 4 80
37 43 87
7 175 197
17 97 114
56 199 390
73 65 258
52 157 214
93 33 138
91 7 259
92 135 296
67 114 188
18 8 104
54 115 188
11 97 130
4 10 16
11 30 189
45 105 157
86 199 430
64 137 229
9 47 86
19 118 321
61 179 307
58 194 283
100 91 200
6 30 57
33 16 212
24 200 225
52 151 232
57 155 284
42 124 188
86 194 310
39 89 163
80 52 165
14 58 77
49 53 146
5 80 89
64 40 107
13 21 37
88 186 333
50 105 323
47 106 171
59 80 272
6 148 157
21 9 32
62 102 173
86 173 260
67 129 202
40 74 152
73 67 149
38 83 127
66 166 275
54 44 257
15 109 154
82 182 264
50 48 104
29 66 105
31 42 82
24 132 173
61 67 134
36 19 56
14 121 246
9 99 116
44 144 196
64 104 291
50 191 241
67 22 237
10 167 178
52 78 139
49 98 150
63 92 160
32 38 75
50 140 245
56 171 232
77 197 275
2 9 11
66 192 344
5 43 102
70 163 405
70 187 363
67 46 119
83 38 166
15 167 190
81 86 175
21 52 114
43 69 112
68 3 99
42 53 283
1 158 162
16 84 240
58 167 356
51 113 167
81 149 359
71 175 253
21 189 222
14 39 58
2 50 216
49 89 138
97 108 253
2 153 244
60 183 250
31 181 317
83 61 144
80 182 354
41 200 291
1 110 120
8 60 78
98 28 136
12 148 264
13 35 241
24 52 87
39 189 299
98 0 269
43 198 246
54 26 83
34 75 112
85 171 389
35 47 102
37 173 215
70 41 147
73 186 262
87 170 287
50 23 240
17 131 294
98 104 286
50 183 258
13 179 289
58 197 295
77 174 350
72 179 301
61 98 176
95 196 300
30 55 115
88 148 240
11 27 47
60 124 191
26 22 65
20 35 59
18 7 29
27 165 201
88 35 130
59 152 261
41 101 146
54 178 265
14 142 162
98 63 169
44 55 108
52 71 131
90 74 357
90 97 204
46 135 181
16 69 85
89 161 256
55 125 208
8 29 54
91 163 395
2 57 65
94 153 249
76 124 200
35 197 368
12 62 104
35 65 100
20 61 108
19 35 61
13 69 265
57 189 263
99 138 244
30 11 46
20 96 273
38 57 285
41 72 117
86 151 400
12 96 109
78 167 332
52 152 287
3 40 71
10 96 236
84 194 286
89 24 135
58 56 311
8 5 27
31 137 345
4 8 20
34 32 75
31 77 110
99 20 122
93 14 146
10 109 161
65 84 225
40 43 86
85 148 417
27 43 233
89 122 244
60 66 324
93 133 231
71 22 115
99 36 143
42 109 278
82 77 203
25 23 76
51 70 130
76 105 189
7 84 118
48 131 224
19 132 157
71 197 274
92 127 221
84 38 141
76 76 295
38 22 68
6 9 145
73 120 319
5 39 56
26 135 167
42 90 132
22 100 191
94 2 100
97 138 260
90 158 359
78 37 118
66 53 238
74 119 305
62 83 203
58 47 115
56 178 281
17 179 197
55 175 339
44 90 165
48 189 399
49 101 160
86 1 189
42 149 193
11 77 97
48 184 265
33 129 268
36 41 84
65 26 96
47 135 327
77 127 216
55 10 67
46 145 200
79 193 274
12 40 235
26 76 106
64 125 236
18 51 75
67 158 276
60 7 77
39 102 219
44 22 100
100 190 475
72 146 220
68 130 202
44 131 369
100 15 155
27 122 158
28 97 130
82 58 163
20 87 108
51 13 215
58 72 269
14 93 151
56 129 186
8 106 169
86 114 371
74 45 181
9 198 247
62 188 325
34 25 93
8 37 51
28 150 188
62 84 146
39 5 190
89 123 221
56 48 140
68 196 267
95 56 350
51 132 230
66 116 229
87 125 231
30 61 93
35 22 69
2 132 321
1 164 203
35 11 115
12 143 193
95 154 337
76 189 269
53 58 118
69 180 287
88 83 220
56 85 143
84 196 403
97 81 202
84 21 155
1 175 204
90 130 225
53 56 220
87 150 241
51 182 325
55 34 98
54 96 192
28 47 206
100 122 378
86 139 240
75 140 377
22 127 153
10 178 237
8 40 172
77 35 134
97 49 319
29 112 182
19 191 210
10 86 96
6 50 59
7 34 90
52 43 123
49 159 224
4 49 62
23 5 35
58 84 342
4 135 215
38 115 157
52 78 134
80 159 244
93 121 214
96 117 384
91 15 290
30 180 337
34 36 97
88 3 116
37 20 77
71 23 140
85 102 191
14 80 94
56 146 206
33 197 230
25 102 260
1 134 154
