890
57 133 346
77 100 182
95 18 114
82 113 204
3 177 223
25 109 135
4 139 169
83 152 426
22 92 142
35 182 373
16 5 128
17 77 105
23 158 238
90 145 339
96 45 146
67 58 317
92 37 138
100 181 342
56 31 117
65 142 207
69 35 113
17 101 146
1 7 58
23 53 121
83 173 317
43 67 130
64 172 241
69 37 120
85 75 165
58 148 321
25 37 169
75 180 444
32 194 234
92 116 213
62 123 192
40 175 260
67 176 268
97 142 318
54 115 185
5 62 103
8 8 24
63 155 228
75 88 169
71 103 294
9 28 67
19 61 130
93 189 285
57 89 249
63 134 204
21 77 101
41 91 142
88 40 163
23 25 55
9 187 206
8 56 72
32 92 247
23 121 153
87 196 385
71 128 233
65 23 91
30 105 155
85 2 147
60 47 114
9 69 117
10 80 93
87 0 124
28 64 174
37 116 322
61 44 108
91 128 256
55 194 388
12 120 136
94 60 176
80 36 126
15 167 231
70 131 289
31 127 160
43 135 224
78 39 251
54 107 204
97 73 171
17 101 136
65 125 329
13 180 194
97 82 185
12 187 207
89 129 241
27 132 162
7 33 65
5 79 108
52 121 181
67 2 108
55 101 156
34 175 332
90 5 134
92 190 311
84 46 247
66 64 160
56 200 257
37 25 63
78 135 216
48 158 376
26 188 220
82 155 240
14 115 165
87 132 374
8 111 125
1 197 204
12 39 57
39 191 237
31 113 175
51 5 58
7 195 213
88 165 430
66 81 177
52 77 296
36 122 277
78 161 249
53 97 185
53 121 177
85 157 340
40 135 217
66 89 261
37 53 95
72 51 125
4 146 158
42 119 324
39 58 255
38 129 189
58 83 159
28 167 199
58 19 174
90 165 296
100 172 275
48 64 112
86 96 220
75 92 210
25 113 299
17 124 152
20 154 212
92 197 376
89 105 196
15 192 232
56 88 147
47 195 272
30 32 63
79 102 204
42 57 268
10 138 345
88 106 195
23 58 139
43 62 109
51 66 180
88 177 303
77 53 188
79 74 264
26 109 158
90 84 223
18 11 61
22 86 117
10 89 109
66 42 114
30 180 284
47 158 205
53 53 147
66 159 252
92 135 328
53 106 346
13 68 89
91 20 112
38 10 122
51 152 243
71 160 241
64 157 312
33 153 277
46 197 247
21 145 217
57 182 247
56 28 273
16 11 30
32 74 112
87 12 99
83 175 297
6 183 194
38 102 166
90 125 229
17 143 166
34 31 73
40 117 207
80 59 169
81 160 312
14 160 192
80 60 272
57 20 84
100 65 171
59 54 234
40 169 251
66 118 191
32 42 129
24 63 195
11 31 91
25 60 275
98 37 195
41 105 165
94 95 195
15 142 281
45 55 215
74 35 116
88 92 180
76 166 247
32 80 158
32 102 144
94 175 302
38 70 115
36 132 170
59 6 74
31 150 202
1 177 184
3 162 171
26 100 134
38 165 210
74 196 387
70 83 186
67 139 210
45 22 115
28 75 105
81 78 169
65 182 253
46 18 99
75 200 276
44 58 109
46 52 146
99 74 183
55 92 285
3 37 49
71 79 186
61 98 188
66 79 152
62 2 69
91 122 214
62 90 194
58 2 167
6 3 54
71 28 106
78 102 187
18 27 59
54 194 263
72 3 104
12 106 265
32 51 141
45 130 214
92 158 256
22 176 347
10 107 143
82 192 443
97 168 271
94 8 119
97 57 155
94 54 148
41 180 333
82 127 214
59 42 217
32 7 64
30 96 131
37 92 149
64 178 245
38 64 190
18 22 44
96 88 198
73 67 209
86 63 333
42 131 184
54 17 81
97 4 108
44 13 111
30 9 211
100 180 442
43 122 173
61 60 127
31 117 156
31 39 80
3 192 359
50 106 167
57 172 229
60 39 106
73 56 285
50 158 216
80 134 214
58 14 217
66 171 405
53 22 198
20 97 123
19 85 106
11 19 30
98 164 272
35 140 319
16 76 94
12 77 122
72 74 239
29 122 152
65 154 222
18 12 213
18 74 137
31 155 194
75 64 145
73 20 138
94 195 299
95 137 280
83 177 262
97 102 203
78 189 274
55 32 94
33 173 210
90 165 256
42 16 88
96 14 160
18 60 81
25 52 82
53 123 182
56 29 85
2 55 65
85 86 173
11 194 210
35 180 295
9 149 299
16 60 78
16 4 37
63 141 213
98 178 301
56 81 137
44 125 180
43 43 172
97 82 182
22 47 234
61 32 100
95 106 330
69 59 144
6 95 115
32 119 188
11 197 396
32 83 159
60 137 198
79 78 195
92 33 325
40 110 173
68 60 170
64 158 234
77 70 202
74 95 172
21 19 46
58 68 170
17 10 162
80 33 121
92 74 208
75 40 120
87 180 272
53 195 272
77 31 108
41 182 246
99 98 228
72 93 168
58 156 256
67 97 206
10 150 208
2 96 103
19 175 194
59 33 102
83 137 403
4 159 272
1 130 157
58 27 102
100 180 318
11 98 109
47 39 88
37 128 170
70 149 225
85 185 278
17 21 56
52 114 170
5 104 202
25 60 96
5 173 228
19 60 81
74 34 245
29 174 213
93 81 290
63 13 120
28 179 210
74 141 248
76 136 242
93 89 269
42 53 103
35 72 107
83 183 276
26 22 58
64 134 204
92 171 409
64 44 113
23 172 203
47 70 237
54 127 188
86 86 200
84 114 221
84 140 396
26 62 90
87 178 272
75 114 237
47 61 136
98 105 237
24 94 127
78 152 398
75 30 106
94 52 150
82 103 216
11 161 207
74 36 113
21 82 106
14 182 288
83 136 219
60 82 150
58 23 169
18 50 87
86 41 146
54 112 167
18 12 133
5 150 190
6 58 71
29 44 125
56 10 237
49 189 260
65 17 100
22 115 247
6 47 235
25 73 182
67 126 198
100 182 309
84 94 217
26 190 234
49 163 251
59 101 166
67 94 179
64 170 270
16 135 153
90 35 129
37 172 384
67 182 286
11 127 141
6 27 148
72 44 121
23 50 79
96 175 402
64 51 279
23 106 149
20 160 309
3 114 160
44 159 347
67 82 158
28 197 235
37 198 237
21 47 78
87 198 439
67 49 116
81 56 187
4 117 144
46 37 86
46 62 216
84 18 139
73 158 271
4 174 221
43 12 62
86 154 266
23 127 155
54 183 261
30 40 177
70 25 264
50 30 86
79 25 109
46 47 136
8 80 88
37 123 174
65 34 238
84 76 197
85 121 357
64 176 251
98 88 250
87 58 196
83 95 234
19 88 112
38 48 88
91 67 235
19 1 166
90 6 96
38 19 101
39 48 103
59 187 273
70 133 243
79 85 240
88 10 148
30 115 155
30 16 52
73 198 422
87 174 264
2 145 153
12 126 165
53 124 285
20 133 162
53 3 58
69 161 352
32 191 384
89 104 228
72 74 151
69 105 218
70 167 238
22 184 220
65 152 219
4 110 124
58 5 85
21 130 154
66 34 126
45 186 240
1 71 73
21 145 209
7 191 391
93 132 233
28 136 164
84 69 157
2 106 110
70 33 204
13 130 149
48 42 198
8 131 169
50 97 303
2 141 150
75 169 344
68 28 104
15 125 321
33 53 285
98 174 314
71 159 252
80 52 141
8 20 63
72 128 203
65 69 163
17 6 61
79 71 158
78 28 115
8 25 75
4 57 68
94 106 201
14 21 43
88 76 307
82 107 190
68 184 268
38 139 264
38 100 138
27 153 271
94 13 124
30 149 184
1 132 293
92 67 197
87 64 176
66 54 124
49 124 336
98 46 170
4 121 296
20 96 138
94 17 115
5 184 192
90 197 396
15 111 127
37 200 288
74 136 219
64 178 258
7 198 208
91 134 251
95 168 272
25 149 278
87 63 181
73 196 309
57 190 252
14 89 259
28 1 74
2 193 219
92 112 210
15 72 91
65 94 183
55 114 320
76 88 174
96 67 185
16 53 216
84 129 330
48 152 306
14 60 82
54 133 290
7 1 8
48 185 238
78 191 274
35 148 207
54 112 281
4 114 135
42 58 115
43 26 79
6 17 188
74 122 199
18 149 246
8 146 158
22 57 115
95 185 362
8 131 148
88 131 231
46 138 222
13 25 42
77 99 201
29 100 297
35 46 150
68 37 142
4 64 173
56 74 324
61 13 102
33 147 183
33 77 112
26 39 67
17 64 106
97 87 187
55 107 351
41 88 301
99 39 215
5 130 141
74 170 252
5 175 186
76 158 263
33 89 160
100 53 242
12 78 239
51 170 392
53 198 259
51 111 198
43 75 121
25 19 54
40 101 148
45 120 169
9 81 133
70 160 235
2 149 165
62 19 90
51 99 155
14 11 27
3 120 303
27 93 243
64 32 137
91 129 246
22 196 220
45 178 237
98 164 271
33 189 339
72 104 181
60 172 243
13 189 211
2 190 199
36 196 252
7 190 226
71 19 120
7 200 216
63 0 72
8 147 292
73 97 207
5 10 60
37 93 139
40 142 242
44 28 80
65 197 292
68 16 209
20 92 114
80 23 137
92 86 184
43 145 224
32 46 79
11 105 228
31 43 75
12 155 174
45 134 222
27 199 273
28 61 154
98 41 176
25 35 68
47 78 125
51 64 273
33 13 94
91 154 253
92 46 142
80 34 115
84 157 248
13 64 84
73 62 223
94 25 147
19 186 210
49 57 187
19 13 75
23 190 215
28 40 71
29 149 185
49 131 307
39 157 206
1 167 201
81 75 159
53 143 200
9 188 245
16 4 26
88 195 292
89 97 231
41 160 264
88 167 256
31 2 230
27 192 227
8 152 174
65 13 87
46 36 103
31 25 64
73 185 292
63 77 192
2 133 135
57 127 206
19 3 32
73 47 127
93 58 157
87 48 303
79 117 196
52 47 209
55 121 200
42 49 99
40 20 71
64 182 312
72 10 235
91 75 212
57 88 173
17 126 310
13 5 148
68 107 175
37 164 208
73 147 327
69 113 192
53 4 198
87 65 242
12 0 49
31 180 221
86 147 275
53 108 280
43 92 326
71 106 235
12 187 227
73 77 156
23 189 212
21 59 90
25 75 109
9 26 45
29 175 209
91 31 143
62 63 158
44 18 146
57 3 101
80 93 359
11 139 334
75 22 249
70 191 287
63 45 113
61 185 310
36 87 155
7 88 132
78 9 121
14 30 79
38 59 126
36 14 238
72 35 141
39 34 233
30 43 79
80 157 250
62 144 232
40 33 120
27 43 128
13 65 84
92 56 158
66 34 164
13 24 81
19 93 120
89 53 144
14 154 201
66 1 75
49 182 261
43 74 142
83 104 197
5 60 181
82 76 200
67 82 181
85 136 259
47 155 205
32 120 207
16 162 218
9 140 152
32 91 263
77 171 266
12 128 146
69 170 269
92 29 127
28 177 309
99 112 219
78 11 97
90 132 267
93 97 358
5 110 122
22 123 150
79 65 151
86 39 129
58 126 194
54 23 77
62 194 363
44 187 235
25 178 247
62 1 63
5 151 205
54 185 263
93 98 198
37 129 211
70 111 251
5 150 164
13 103 123
37 47 105
94 121 404
94 92 204
5 40 93
73 1 104
41 8 58
30 66 106
16 181 203
5 114 128
17 109 133
86 41 148
25 139 164
64 133 204
62 174 265
80 190 348
11 51 72
74 133 217
71 78 182
31 115 152
32 36 74
29 125 197
88 141 358
4 5 57
53 188 267
52 156 243
75 69 150
86 36 130
50 197 291
9 57 100
20 128 156
76 53 136
62 42 235
26 33 62
84 76 200
81 24 109
86 169 255
29 144 245
75 93 329
28 98 162
97 132 341
32 127 250
69 77 158
12 140 240
28 28 76
37 4 46
81 121 212
82 139 229
10 145 168
82 67 195
27 61 275
6 0 48
52 43 103
98 47 155
79 9 113
81 75 156
95 95 198
5 177 234
21 2 145
75 172 248
48 119 189
32 5 46
85 149 363
17 70 95
98 113 241
86 82 171
