260
7 36 79
77 115 206
34 126 169
41 192 237
54 154 212
67 119 355
99 193 294
9 131 145
27 95 161
67 90 168
54 169 229
36 143 197
39 74 271
67 128 374
17 111 173
42 49 110
8 182 191
72 191 273
4 44 51
88 61 156
29 4 43
50 165 252
5 88 97
75 78 234
60 80 311
6 118 124
61 134 217
49 106 205
71 35 257
45 131 208
75 70 154
1 15 37
31 125 280
2 40 196
1 75 257
22 26 220
83 106 229
89 37 149
45 0 68
9 135 180
60 68 273
70 43 117
73 168 243
81 113 263
8 37 80
57 80 164
26 20 237
62 144 225
31 97 171
63 15 249
15 62 84
17 110 133
48 169 219
59 129 196
74 151 235
73 91 354
21 41 211
91 86 187
37 11 86
61 25 94
32 129 351
49 145 199
89 134 421
76 120 384
40 135 313
54 59 155
58 132 192
58 105 167
92 178 436
12 1 16
72 77 157
25 112 156
96 50 153
92 50 296
30 14 108
29 120 149
1 38 228
25 143 177
9 114 133
89 116 213
40 128 177
2 105 197
77 75 175
87 180 368
56 186 386
45 172 239
45 30 153
86 153 247
5 183 221
88 141 272
81 194 339
40 166 206
39 35 83
57 39 216
98 119 335
3 78 138
76 86 348
79 173 252
57 29 86
13 105 120
86 116 217
8 89 243
71 174 254
34 2 180
57 47 104
73 140 339
5 90 179
20 76 177
23 1 134
32 116 149
20 91 149
77 99 272
66 88 160
100 81 187
83 183 427
79 191 278
66 10 82
84 72 340
25 64 91
26 158 222
75 124 378
38 58 97
44 17 65
19 151 204
77 62 143
21 184 215
11 126 184
77 19 124
86 138 229
66 153 227
36 34 75
49 2 152
79 69 183
66 43 255
66 23 249
49 59 110
47 147 223
63 185 360
43 67 234
6 34 41
39 161 310
10 141 164
71 166 253
46 35 118
88 82 319
84 127 214
50 200 332
80 117 237
32 74 119
84 15 209
75 200 294
82 130 223
65 101 204
1 8 11
59 77 244
52 198 257
81 158 246
54 141 203
29 9 209
78 100 180
89 90 220
63 121 189
38 111 168
86 128 220
50 22 88
36 80 122
94 158 301
9 91 108
25 163 273
40 42 225
38 171 218
61 37 169
30 160 200
63 175 326
74 28 147
5 181 235
25 38 67
51 136 337
34 63 144
85 60 190
79 73 228
39 175 379
3 169 185
63 152 220
34 193 237
62 174 243
13 157 176
74 175 264
34 135 244
75 3 98
24 153 196
77 87 166
80 8 136
42 79 129
10 195 205
22 101 223
70 99 172
78 72 194
88 36 166
34 167 209
39 106 228
31 68 147
82 184 270
73 123 291
8 50 64
86 18 296
35 95 233
29 173 249
59 129 198
52 31 103
73 151 225
47 21 73
50 62 141
16 14 52
45 111 162
23 130 173
7 72 124
17 45 71
46 77 155
77 72 199
3 98 246
68 133 201
26 78 104
83 106 216
41 164 206
14 185 228
19 121 145
7 2 29
30 54 94
77 65 151
16 129 345
16 113 300
37 43 93
36 83 146
87 83 177
63 131 202
46 124 176
54 146 201
21 98 125
95 158 316
40 24 107
28 132 166
57 186 249
92 12 109
27 179 208
73 62 144
30 181 219
39 140 324
58 62 158
90 99 192
54 44 163
25 144 336
28 8 100
99 79 220
99 167 268
10 4 39
88 15 161
42 91 285
80 105 199
100 195 378
