560
20 112 289
38 145 214
51 53 121
12 199 247
13 52 153
34 102 143
22 97 159
86 71 265
54 132 188
22 195 256
49 76 126
6 149 164
99 108 242
72 38 268
21 0 69
67 115 311
33 160 200
73 61 299
54 179 322
68 89 197
69 27 104
65 127 237
87 108 196
81 100 191
15 8 157
5 106 118
84 159 290
49 171 228
21 58 153
71 40 288
82 12 117
74 188 409
17 148 165
44 52 209
12 18 60
53 165 280
87 90 222
86 177 267
75 162 423
89 70 188
37 75 153
81 167 291
23 27 55
18 95 122
9 140 154
98 122 225
14 60 80
82 163 259
20 192 290
34 106 208
13 5 28
44 118 305
54 93 147
30 173 356
41 72 183
62 153 220
56 52 285
9 62 146
69 120 217
20 112 229
98 41 232
60 112 295
38 124 164
96 96 231
13 11 196
99 150 289
78 165 319
59 41 143
78 56 136
81 100 219
91 3 97
57 119 178
85 17 230
94 60 159
90 39 185
53 33 131
63 25 94
18 7 30
4 78 85
58 187 247
25 126 251
86 130 225
77 42 130
25 193 378
39 196 433
43 43 91
11 189 229
87 33 251
94 121 216
23 101 170
51 118 172
82 172 408
10 19 204
44 198 287
1 40 41
23 2 45
18 131 287
41 72 137
99 198 302
21 75 294
51 181 240
69 54 128
2 182 190
89 117 206
74 38 140
27 134 175
73 34 153
69 43 272
56 100 218
71 17 132
53 44 106
46 36 118
8 145 180
11 93 104
91 195 323
97 19 157
89 17 294
96 166 284
42 34 80
86 141 272
69 45 258
5 28 174
31 82 118
73 181 272
46 3 75
14 170 243
19 100 125
97 131 273
51 9 85
52 82 182
66 91 162
78 198 288
52 25 117
89 12 104
72 2 102
29 154 186
79 193 381
93 47 143
71 78 170
25 181 239
42 87 173
58 164 233
50 156 219
45 162 216
53 81 144
47 111 162
29 36 90
6 135 141
89 152 251
86 6 225
68 62 322
42 66 118
27 12 41
16 139 177
64 20 104
57 46 113
58 7 139
48 130 360
16 191 219
25 9 66
92 129 266
46 60 134
75 30 204
61 44 106
10 40 57
90 21 115
16 96 240
33 6 54
69 20 117
6 123 138
38 20 117
82 14 252
56 177 241
84 147 280
91 94 214
67 84 154
67 45 165
63 7 114
31 13 133
35 2 113
14 135 157
36 100 178
64 123 192
90 169 325
84 105 332
17 31 140
38 188 248
78 106 375
37 77 253
61 151 348
92 102 203
1 17 186
66 144 211
12 13 31
34 91 164
70 38 121
96 74 188
41 64 109
91 142 283
91 54 184
28 132 163
37 1 46
99 81 303
87 39 132
6 194 382
37 136 190
62 185 252
65 44 277
42 93 183
15 117 172
9 102 139
73 75 181
67 6 184
35 159 283
48 104 163
18 28 58
15 159 181
78 190 328
29 19 91
91 107 342
79 19 99
14 61 81
76 170 278
75 96 181
72 141 258
38 143 217
12 30 158
39 149 211
4 103 110
99 77 251
32 78 137
76 69 147
10 28 116
69 83 200
33 132 184
22 178 203
73 138 215
100 30 137
67 52 266
1 200 204
24 91 124
90 192 289
65 11 179
89 46 144
80 95 175
84 159 245
36 51 156
52 76 219
92 54 166
71 105 224
96 9 113
70 131 205
3 185 320
63 146 242
38 167 252
95 134 237
72 16 235
12 60 121
8 73 139
35 194 352
28 195 230
100 33 142
91 42 190
65 24 91
92 73 167
89 75 172
43 48 140
97 123 220
82 28 124
45 28 120
7 164 171
34 179 223
78 57 141
16 4 163
99 107 208
24 157 282
55 151 207
93 85 221
79 150 232
99 148 278
39 9 52
94 81 175
30 108 165
38 196 425
38 96 143
39 105 147
54 94 158
77 41 143
20 111 147
38 0 65
15 53 109
19 55 78
65 70 268
13 107 120
5 145 155
47 63 140
82 89 197
2 29 156
69 41 115
81 34 149
13 107 252
4 186 194
82 31 132
24 109 307
13 92 105
36 56 182
88 144 305
16 150 275
76 165 291
31 75 145
4 18 118
31 107 248
49 179 242
36 34 70
86 70 161
85 87 193
86 158 277
77 89 198
33 68 110
75 193 276
94 194 291
26 132 174
32 91 169
30 82 173
78 4 91
8 121 139
16 77 112
23 78 162
32 0 133
62 149 228
89 193 396
55 151 214
21 54 76
73 145 224
88 110 200
21 127 152
20 123 184
22 56 199
18 157 358
49 40 124
12 198 243
56 162 323
59 183 251
22 32 163
31 142 179
26 90 126
56 164 222
99 116 237
92 5 144
3 183 187
91 111 279
74 65 186
76 182 264
41 55 123
83 83 167
58 191 439
8 62 119
30 4 40
99 120 228
19 145 173
99 99 388
76 191 277
11 197 247
68 198 355
73 189 277
14 182 314
75 94 356
38 7 48
96 16 213
9 30 41
40 11 51
67 171 246
21 108 298
25 45 76
72 81 165
65 153 373
95 54 200
8 177 186
68 8 80
73 163 236
84 57 263
90 179 276
61 128 301
60 0 89
65 91 273
74 190 264
82 29 119
27 27 153
1 30 37
32 95 159
82 161 443
9 113 130
87 42 299
37 196 233
61 18 194
87 140 230
39 82 125
96 15 132
84 129 213
12 35 50
9 10 57
79 110 227
9 44 55
25 56 270
27 34 229
99 18 145
9 196 211
16 186 206
75 57 152
44 113 159
96 25 129
91 75 192
50 6 61
18 189 328
8 165 203
73 181 264
8 182 236
27 85 128
45 118 252
6 29 40
89 99 318
92 24 149
95 53 299
40 1 164
51 174 235
87 117 205
83 6 105
38 135 218
49 119 334
60 192 258
51 74 131
86 187 276
10 38 93
34 156 319
39 92 135
17 135 171
46 197 277
96 23 227
2 98 140
24 167 201
47 172 219
96 100 197
75 30 172
70 45 161
9 183 192
93 21 208
85 40 292
90 172 280
58 9 82
5 183 229
56 116 192
20 188 213
36 152 222
97 63 173
98 182 330
66 44 155
32 76 117
87 167 437
5 43 50
49 148 211
76 138 312
82 15 121
92 126 356
1 17 21
87 104 326
55 110 249
48 5 63
84 97 217
13 67 89
81 67 318
79 115 196
85 38 137
15 3 204
55 195 356
30 145 216
87 39 164
45 111 307
33 7 204
58 2 191
46 10 62
73 108 217
68 52 137
31 141 175
99 42 154
33 141 200
90 141 244
2 157 269
54 176 239
38 53 120
39 48 113
57 55 121
61 111 204
73 47 197
25 178 210
97 177 289
4 124 135
28 95 131
58 53 113
64 59 131
26 91 302
21 82 113
55 94 158
66 45 154
19 15 70
36 175 280
10 60 70
81 193 411
15 67 253
95 175 285
28 83 238
33 124 186
46 55 254
69 138 211
10 12 54
45 29 81
12 155 356
47 148 313
15 49 68
51 123 182
48 123 201
45 80 159
68 104 173
62 91 156
86 147 288
27 114 171
96 190 291
55 155 362
29 135 173
23 164 197
11 2 17
50 51 220
29 22 89
3 40 53
61 84 324
26 196 248
60 101 228
18 0 28
93 55 155
55 167 264
74 174 359
53 1 148
100 68 211
79 28 201
97 83 186
14 36 80
1 146 158
85 29 125
56 91 172
97 105 202
11 0 19
40 46 170
60 115 204
70 33 114
87 26 250
29 17 94
55 162 308
74 150 253
8 13 21
43 191 431
8 115 155
