250
16 109 132
36 125 213
93 151 278
89 144 237
50 192 439
26 149 233
84 148 268
83 99 273
22 26 168
84 60 152
77 170 355
76 82 164
47 123 172
54 57 125
87 27 125
2 124 148
50 166 232
64 24 116
56 130 193
96 188 323
21 88 110
83 26 142
77 199 312
3 191 202
17 51 77
91 96 211
15 4 22
14 168 209
41 65 220
59 18 97
67 176 285
78 95 173
81 158 272
23 104 187
38 19 61
54 166 247
12 53 99
93 120 227
82 42 129
13 176 218
87 12 104
95 8 104
46 12 66
13 198 245
93 152 348
52 157 219
54 57 142
50 152 211
51 21 76
24 197 268
89 180 373
86 80 356
66 70 198
28 122 158
85 125 307
89 191 288
49 143 211
87 96 218
5 99 270
1 77 157
1 85 125
33 64 113
94 135 237
86 8 232
17 40 85
82 5 92
7 6 80
82 124 242
82 80 166
4 5 39
70 166 258
36 18 75
44 162 249
23 69 115
26 64 138
3 197 207
91 39 134
82 196 295
31 176 207
54 85 181
34 46 234
97 85 189
23 18 86
87 193 282
17 198 381
25 182 216
60 26 95
97 190 291
10 170 187
8 97 106
18 52 119
82 156 385
55 46 143
44 163 221
71 27 103
83 28 164
68 100 200
38 142 181
73 142 228
62 88 167
72 80 179
2 84 86
8 174 210
12 105 216
61 194 259
9 116 140
64 46 112
67 197 398
12 34 49
37 190 420
62 15 99
100 139 289
87 58 182
41 175 239
5 33 43
46 109 162
95 159 254
72 124 201
56 128 216
79 129 244
23 118 147
99 110 217
4 122 232
33 115 192
96 157 408
78 197 311
24 79 109
1 106 187
64 85 154
31 186 217
51 122 291
40 139 180
37 157 301
23 155 218
100 145 249
9 154 166
66 73 140
78 31 218
94 197 329
79 182 275
44 111 165
58 156 344
93 83 197
73 164 279
68 1 73
66 125 193
45 34 110
47 170 217
51 113 174
16 111 129
28 39 77
83 166 378
98 66 169
68 78 245
64 193 257
61 93 175
99 198 326
90 17 114
73 24 180
89 80 175
35 181 323
87 91 179
16 13 210
77 2 244
93 163 263
45 104 191
16 200 248
64 24 89
29 14 50
8 161 178
35 147 339
69 21 98
73 24 170
19 102 167
41 140 340
48 158 267
57 145 204
52 170 230
4 105 119
34 136 192
60 126 249
58 136 236
27 96 123
1 190 191
99 89 383
53 127 300
28 113 205
38 94 176
92 97 232
65 144 212
84 16 100
39 70 129
71 14 118
2 69 71
51 179 401
15 71 126
31 36 100
24 180 206
40 5 53
22 173 208
2 126 130
40 37 219
65 72 143
26 26 57
74 198 371
51 170 227
72 178 398
79 78 172
60 7 72
90 184 284
68 22 92
89 80 171
51 195 268
76 44 140
95 13 121
85 67 160
89 94 288
84 146 260
39 132 174
31 139 174
33 179 354
80 28 124
47 51 250
40 136 191
99 129 236
80 14 134
56 125 278
84 57 180
92 118 221
42 47 117
43 107 159
79 69 181
87 115 238
4 54 61
35 147 182
52 175 235
2 78 130
10 56 131
43 113 184
61 20 84
80 174 259
27 147 174
1 68 72
83 147 232
91 112 211
23 42 80
38 119 163
98 146 278
60 136 381
36 67 131
