390
46 6 53
94 155 249
75 177 255
60 35 244
65 95 357
46 50 110
51 116 172
75 14 138
51 174 229
94 174 270
98 171 315
59 172 254
48 33 106
64 174 262
57 169 233
37 183 408
70 162 302
48 108 311
71 32 129
29 129 232
9 198 207
18 149 169
33 131 213
83 73 161
41 58 99
39 0 48
71 127 203
38 97 144
58 61 122
63 122 194
91 86 184
96 53 207
30 10 88
6 192 202
73 67 187
76 89 172
99 191 298
23 184 250
15 28 110
17 195 250
64 173 283
4 151 166
85 115 200
30 60 138
37 199 239
33 141 327
49 106 156
100 66 191
19 114 134
51 26 84
62 40 149
97 181 321
28 127 166
64 162 261
98 52 154
36 182 224
6 25 40
25 5 39
100 97 344
68 144 347
88 89 209
54 87 146
81 177 335
31 26 84
57 141 216
7 185 201
11 24 43
78 187 283
36 58 100
99 0 107
62 150 221
99 198 305
31 85 137
54 171 230
49 130 183
25 114 161
16 58 90
99 3 104
22 93 144
79 192 272
4 154 173
43 179 225
12 150 164
31 89 157
63 182 372
17 120 309
49 138 190
10 36 56
76 113 198
51 49 220
93 23 155
59 197 399
27 11 88
79 116 238
97 121 244
34 22 60
83 55 301
1 155 313
72 84 164
30 170 208
20 164 232
25 148 216
53 7 60
100 104 246
21 166 359
78 183 311
98 124 246
81 88 180
22 120 143
55 191 248
81 139 227
90 57 177
90 149 247
70 132 366
46 138 190
35 66 101
36 52 116
55 175 268
95 153 249
85 193 285
32 60 95
18 13 34
3 188 196
34 190 264
7 194 208
8 87 105
43 198 389
11 200 219
17 141 280
77 90 185
57 101 160
22 61 127
46 166 234
67 39 194
37 156 241
70 49 148
16 114 130
18 126 185
32 81 127
17 123 177
16 57 102
86 111 199
45 112 160
93 72 181
100 32 176
2 120 194
70 13 89
29 186 219
62 194 298
88 137 229
96 30 134
71 67 226
85 176 279
81 183 268
15 17 36
38 62 158
84 66 220
65 183 267
17 200 221
57 44 103
54 83 157
45 10 187
8 10 56
90 168 413
62 187 282
56 14 78
96 122 225
80 147 348
73 12 94
91 41 137
8 23 143
45 1 48
5 97 105
82 39 124
82 22 128
35 0 116
63 188 268
8 148 200
77 126 225
9 130 234
82 65 226
19 139 163
75 144 221
85 57 148
25 79 135
17 25 50
81 135 240
51 109 268
49 4 85
13 98 126
47 151 340
44 99 147
2 170 191
24 49 88
27 136 202
10 17 34
23 169 227
33 85 282
77 79 176
43 92 215
59 86 169
50 42 139
48 31 89
17 107 137
37 6 49
11 88 152
75 191 292
96 5 134
73 85 165
65 65 134
43 186 234
1 7 14
16 70 87
86 92 184
15 20 71
67 3 111
34 88 316
45 0 90
69 25 97
32 88 165
72 139 332
69 32 108
15 11 26
14 68 88
32 140 192
1 34 111
10 13 71
52 61 118
13 1 21
5 155 175
58 19 233
35 167 314
91 44 177
55 181 264
75 16 140
34 164 237
29 11 43
84 3 127
87 138 422
60 5 72
40 158 203
24 79 281
66 163 249
8 88 136
11 56 70
36 27 125
34 54 210
61 76 141
5 123 133
64 119 185
96 135 238
19 90 168
92 2 128
70 0 85
2 169 171
9 197 236
7 168 180
51 114 194
17 108 165
98 95 278
59 85 170
46 78 229
50 28 81
28 135 260
30 10 161
7 100 109
47 103 326
67 41 111
64 172 242
58 161 222
13 72 124
74 36 232
97 77 181
78 160 403
93 166 300
84 114 355
43 96 143
91 37 217
31 200 407
24 128 160
3 60 92
81 152 266
16 3 59
96 184 289
81 53 332
91 155 261
32 138 239
20 52 94
77 42 136
15 112 269
91 29 173
85 171 258
77 92 304
84 129 254
50 10 117
46 157 209
82 129 242
1 97 104
6 82 212
53 67 142
19 19 41
81 164 353
55 167 228
37 85 129
57 165 274
94 103 199
63 35 145
21 169 190
77 113 209
13 114 130
36 138 177
15 119 141
42 31 101
70 71 146
28 169 362
100 155 293
23 98 169
92 154 250
42 129 173
12 139 152
38 151 235
28 6 172
98 41 149
42 128 185
54 83 137
25 16 44
26 176 301
18 127 345
37 97 325
36 46 87
47 37 129
14 59 108
73 58 138
60 115 180
9 107 120
83 15 148
88 166 254
35 18 60
2 58 151
48 108 204
20 180 342
34 189 338
29 138 358
73 159 242
18 28 47
71 131 211
35 122 295
67 86 331
43 37 93
22 89 112
29 61 159
70 37 258
51 138 196
79 44 128
91 13 266
4 163 171
90 190 314
8 1 181
28 196 232
55 95 193
34 86 121
89 14 187
40 156 204
57 180 238
24 99 307
90 90 203
42 18 109
58 151 343
7 165 175
31 28 60
58 101 353
7 151 267
85 167 289
49 99 181
5 120 126
99 126 227
92 24 120
54 125 184
85 191 454
75 71 150
76 10 185
13 21 200
48 190 238
56 35 168
42 151 202
15 18 47
36 56 261
37 75 113
69 167 246
81 169 296
