180
89 127 218
32 132 201
62 89 289
26 131 351
89 21 119
93 12 114
48 81 129
73 26 132
84 69 191
87 11 227
15 9 25
100 185 322
91 158 357
41 45 89
41 29 78
50 136 233
70 132 212
56 105 162
86 96 220
9 78 123
19 13 38
79 36 221
13 62 76
13 14 68
76 152 228
26 198 224
76 86 266
71 77 180
73 140 257
14 111 130
62 178 260
15 18 48
15 14 49
11 54 81
36 16 57
37 64 111
68 136 206
20 186 222
26 85 237
22 128 159
19 164 222
68 183 439
29 145 182
71 102 300
84 76 306
9 113 126
25 154 183
27 41 198
38 20 204
95 133 258
39 32 119
89 6 99
89 52 145
30 169 204
81 83 261
85 166 430
20 109 131
9 170 180
100 175 305
18 188 206
49 98 187
22 95 277
68 25 100
26 161 269
35 38 237
49 177 274
72 0 81
63 20 95
98 59 164
33 48 220
10 177 195
96 74 285
62 85 159
65 13 89
34 8 167
94 144 287
4 9 104
99 196 330
89 88 180
20 139 200
77 106 183
56 20 96
1 20 23
47 102 227
65 9 272
10 152 188
27 118 287
52 181 238
1 197 233
77 185 441
52 81 137
50 155 314
55 194 272
28 91 229
59 137 244
86 124 213
71 189 269
34 98 138
83 72 161
58 27 86
9 115 173
93 183 326
78 43 162
34 37 71
27 66 94
72 3 178
5 191 197
15 31 57
95 46 147
16 34 95
9 191 200
9 42 56
19 144 173
31 92 223
39 35 86
21 112 164
33 196 242
17 164 380
71 91 256
95 67 162
91 128 358
52 118 300
97 86 201
53 45 185
5 135 168
43 128 210
21 42 66
96 65 169
94 120 214
31 143 200
18 145 163
86 80 209
66 194 295
29 105 135
33 74 111
17 102 127
27 35 143
78 119 204
1 86 90
22 199 237
60 195 263
84 14 146
34 51 87
2 113 118
8 64 74
53 137 223
41 194 248
24 172 196
10 189 202
85 196 304
1 187 346
40 68 108
96 58 226
12 146 357
19 166 207
5 182 212
15 135 154
42 19 211
98 151 258
28 167 214
78 26 290
31 142 176
80 87 176
83 191 275
48 67 154
37 34 251
3 180 207
24 10 204
62 115 196
31 99 300
79 116 203
67 150 223
49 66 144
66 110 186
87 188 275
4 191 198
62 99 172
37 12 175
88 91 179
93 80 173
