870
19 111 135
86 4 100
19 108 136
76 178 327
89 15 110
73 84 158
31 127 178
98 82 284
94 117 259
80 112 264
38 119 165
38 35 78
76 164 260
48 141 203
88 110 202
75 44 129
79 52 155
17 35 56
97 55 161
57 172 282
94 74 173
67 194 269
7 98 179
40 19 61
14 196 212
40 107 148
60 70 203
31 68 109
53 9 70
24 156 287
83 106 238
83 88 238
97 16 136
98 26 136
40 21 69
6 193 342
14 157 175
24 49 78
70 111 344
36 133 203
43 123 175
50 183 282
96 48 191
93 165 439
38 142 181
79 108 188
53 71 243
40 86 162
17 53 112
93 32 135
14 148 172
36 40 159
32 88 253
60 193 259
88 63 156
39 38 79
87 3 174
67 176 286
82 150 310
36 178 328
33 90 130
55 113 256
80 88 170
62 150 219
7 179 196
28 76 104
90 188 322
67 32 136
98 119 222
15 112 135
70 136 249
60 9 183
39 14 72
72 41 122
81 46 144
72 148 223
46 186 401
19 176 312
49 180 245
76 190 305
72 50 275
45 42 96
95 3 113
62 35 98
32 170 380
82 69 156
39 195 283
100 104 206
99 92 191
77 82 162
74 136 272
60 109 277
50 70 128
61 33 133
1 75 80
95 160 264
72 105 182
9 58 250
67 10 84
38 139 184
57 161 218
28 147 185
58 21 86
1 197 200
83 63 165
81 161 243
100 104 272
42 160 204
6 138 256
9 181 203
50 85 140
92 182 468
88 44 133
53 38 101
61 110 190
2 128 154
43 25 99
56 29 85
72 26 220
30 125 325
33 53 284
53 64 119
1 157 253
43 137 187
23 9 40
6 157 163
75 83 166
39 101 142
52 98 161
45 145 313
100 100 200
73 78 159
64 78 145
20 180 330
27 137 296
2 162 192
49 85 290
100 39 163
71 86 167
61 180 255
37 147 193
94 5 105
70 60 138
96 25 141
76 21 192
54 124 215
3 27 160
94 1 105
99 96 226
69 126 303
44 7 220
7 199 240
27 27 60
79 60 147
61 31 92
90 1 93
12 109 124
36 86 124
31 142 180
59 7 92
18 11 34
51 49 104
47 194 251
75 66 144
44 3 56
10 154 225
2 136 141
5 157 260
15 165 208
40 32 111
94 105 199
10 73 83
15 190 207
66 42 116
96 59 178
11 182 227
20 48 126
62 182 389
17 75 122
61 85 148
78 38 118
77 196 276
33 152 190
53 0 70
41 81 191
15 73 175
30 108 153
5 15 81
17 154 254
3 172 352
83 78 181
57 85 168
31 104 141
50 111 361
66 74 188
95 181 456
85 182 283
1 190 201
53 26 193
30 9 44
41 98 148
96 182 369
26 49 79
15 134 150
88 151 414
57 116 180
64 157 230
69 36 106
93 35 161
80 114 282
53 169 228
64 84 153
40 60 244
25 20 65
73 160 397
17 93 294
1 127 134
78 153 231
66 175 277
23 176 205
27 28 63
58 133 198
18 36 58
58 94 152
86 131 266
26 179 227
59 58 146
48 110 190
73 138 219
86 193 453
48 70 244
26 49 80
68 189 438
62 178 248
79 142 256
55 98 154
33 11 76
6 183 320
80 31 126
65 100 167
18 166 197
53 99 185
23 191 232
3 109 114
63 149 222
49 67 125
20 84 115
16 96 130
53 192 438
7 123 140
67 24 91
55 30 237
69 177 275
95 200 337
98 132 230
94 0 95
3 17 27
83 139 260
56 3 65
33 15 52
32 51 127
38 73 119
73 46 236
28 186 232
48 109 162
8 121 303
70 10 99
27 84 183
15 172 196
74 75 158
97 29 161
58 122 186
47 171 417
57 8 85
54 157 249
28 89 119
15 60 111
87 2 113
98 121 222
59 108 208
58 122 182
99 164 264
42 170 289
80 104 189
80 180 262
75 6 91
61 158 228
95 100 204
35 55 184
44 128 213
88 128 226
10 166 313
29 161 198
59 115 176
45 167 222
7 70 92
54 44 105
17 51 83
3 159 170
45 89 134
72 164 238
24 82 122
93 145 400
41 111 309
7 67 75
39 69 114
59 94 191
78 139 237
83 62 155
72 10 90
67 196 436
31 168 203
60 5 72
4 172 269
46 153 350
91 45 139
69 16 162
42 44 87
2 92 142
28 114 184
49 39 104
84 33 127
60 83 143
54 3 250
87 38 127
22 2 33
62 18 85
24 27 89
47 192 244
66 195 263
92 167 259
32 59 98
92 109 233
70 140 356
95 186 321
91 11 103
71 8 82
25 40 108
71 97 179
70 183 277
96 149 362
74 175 291
83 69 181
13 175 191
100 198 298
27 93 139
89 92 191
96 60 164
34 166 242
56 171 308
6 128 134
21 18 44
93 141 272
38 42 105
57 181 248
74 45 124
55 98 174
21 87 142
66 56 127
91 63 235
54 168 261
9 177 205
62 137 374
4 46 60
37 13 57
64 197 266
82 170 300
23 121 149
89 42 322
77 152 257
57 40 97
33 189 255
21 107 135
56 101 257
31 79 154
31 10 153
59 88 147
22 188 214
23 133 208
6 137 186
84 54 181
41 139 224
78 73 182
99 134 240
68 75 189
60 19 88
23 24 49
13 60 74
9 66 93
35 162 201
14 49 202
6 149 160
63 199 348
56 178 240
31 186 262
93 136 253
67 178 245
41 33 264
52 147 200
89 122 258
38 69 112
20 3 33
58 79 296
67 160 279
89 167 304
62 127 296
29 177 391
40 69 117
10 194 206
78 122 361
10 183 193
69 116 195
27 83 119
73 189 307
47 85 156
21 120 266
53 18 211
35 66 132
94 2 134
24 49 75
82 179 372
27 36 187
70 158 382
87 106 205
22 86 233
61 149 238
15 176 234
15 198 256
5 35 173
54 124 189
89 121 370
19 189 388
89 162 289
23 126 155
8 127 293
30 37 71
62 115 187
36 13 79
33 86 169
83 146 251
63 53 131
51 199 273
2 27 219
43 190 240
34 21 141
62 85 267
17 146 165
91 24 194
99 131 241
40 158 224
19 6 34
33 79 155
57 10 73
43 181 234
47 52 99
28 193 227
6 77 152
88 180 359
95 157 252
89 144 248
10 162 184
61 145 240
84 31 127
64 54 125
4 193 243
14 133 183
26 22 81
93 42 137
90 23 147
14 125 144
50 16 180
38 10 76
5 93 123
38 42 247
14 53 147
100 184 288
52 121 220
53 174 231
37 117 235
11 52 175
88 134 264
36 199 264
27 189 229
18 45 70
76 27 106
26 89 119
29 2 81
61 110 211
29 46 78
20 62 101
34 82 121
50 127 281
95 9 173
7 130 253
42 81 155
92 193 290
62 20 84
78 84 193
26 179 222
38 194 260
8 139 337
5 131 175
45 146 203
91 76 362
67 67 139
23 9 35
94 22 308
97 40 150
61 23 144
17 59 81
28 115 198
43 75 162
74 6 98
79 181 261
39 168 209
75 160 285
88 8 236
25 16 42
55 186 405
19 99 132
23 187 216
21 178 227
1 41 100
35 57 122
50 126 183
92 73 196
60 199 306
99 19 159
93 156 257
60 61 126
21 120 202
2 154 160
35 134 259
58 161 221
73 164 287
99 113 346
95 34 279
39 199 248
23 92 124
27 165 193
68 29 156
19 75 102
80 10 100
41 183 243
60 61 135
96 79 180
36 37 135
76 32 191
55 121 202
98 4 233
58 138 205
32 68 104
53 147 220
34 97 302
14 8 67
29 109 178
67 10 125
24 107 138
86 124 220
78 114 200
31 154 327
19 47 73
83 172 275
6 104 133
87 187 293
92 22 114
62 153 224
61 98 162
8 89 99
8 117 297
51 54 131
60 43 112
54 165 247
7 68 180
12 100 160
3 190 228
30 12 52
20 45 93
3 55 97
93 55 148
21 48 92
74 113 188
35 162 237
29 88 118
9 181 227
28 172 210
35 17 57
4 0 166
19 25 64
14 186 247
73 65 147
98 19 134
99 112 211
44 179 225
87 126 252
36 171 214
18 60 159
85 66 156
5 165 172
31 17 228
58 0 61
71 91 263
21 15 190
37 187 272
12 31 51
6 67 76
60 93 155
6 57 169
32 10 107
1 114 150
1 156 165
8 4 21
77 144 226
20 74 103
42 55 112
39 53 110
35 141 223
92 159 260
80 112 198
14 52 98
14 59 100
70 65 170
82 91 329
98 92 191
84 99 238
83 73 279
72 143 360
52 63 155
15 74 100
51 46 203
21 141 349
33 78 113
34 198 247
12 169 191
15 0 148
60 54 248
84 5 110
40 183 322
36 64 169
21 155 199
34 47 81
44 70 121
48 20 174
2 5 69
83 174 284
1 82 271
38 67 116
1 163 172
78 103 195
53 152 229
90 134 244
90 196 293
73 17 198
96 112 217
2 75 82
83 140 324
85 172 310
46 3 80
29 77 111
88 95 203
75 171 384
50 134 193
6 104 282
28 83 197
43 109 199
1 118 275
35 89 146
83 9 96
23 45 116
1 37 42
80 3 91
82 88 177
26 154 184
46 82 136
71 72 143
34 184 223
26 71 121
76 175 258
38 181 248
39 136 211
32 149 214
62 137 199
68 58 136
52 142 199
95 178 275
65 200 267
28 106 155
83 156 244
25 153 182
71 118 197
12 133 251
62 26 124
41 41 83
86 27 269
66 42 139
78 146 229
1 68 76
45 179 232
54 93 148
15 71 129
67 191 424
15 6 66
86 120 215
74 100 216
92 105 199
46 73 145
71 138 219
83 131 356
68 100 176
60 91 151
35 99 135
4 32 44
28 165 225
35 51 152
97 106 237
75 110 373
10 143 157
78 174 262
61 104 251
14 142 161
38 114 157
43 191 271
37 128 172
4 19 114
68 143 388
61 91 160
54 112 174
69 78 170
88 151 336
81 167 253
33 177 216
34 48 117
98 106 210
37 66 175
31 46 145
74 101 203
68 187 278
28 172 308
63 133 206
1 166 354
66 32 119
97 116 224
25 159 190
41 77 281
28 198 274
60 146 227
53 194 256
45 167 260
58 188 249
44 80 197
77 160 237
83 174 338
17 94 118
100 117 278
77 12 89
54 32 107
9 181 200
27 83 119
30 82 282
91 114 391
34 74 108
85 79 338
6 23 174
53 124 271
69 82 153
96 135 249
61 46 301
64 44 139
92 172 441
54 174 234
76 121 267
72 183 255
53 92 150
46 108 159
47 165 214
65 111 211
71 77 197
25 164 283
19 113 173
96 68 174
11 20 54
66 128 239
91 99 334
84 65 186
61 73 199
20 195 225
62 66 157
15 74 99
53 43 118
82 98 290
48 71 121
67 110 187
45 10 90
45 122 285
80 113 196
47 196 247
2 38 41
54 10 83
91 85 180
72 60 137
17 30 48
28 66 153
37 142 194
54 177 273
91 102 226
86 128 234
46 84 182
35 65 206
7 134 150
66 188 289
19 52 78
75 177 434
48 178 236
5 192 199
63 8 71
77 153 239
66 26 135
88 20 137
27 27 64
19 171 213
70 140 217
64 29 97
19 163 201
64 75 142
63 118 230
74 76 156
37 191 228
56 166 225
48 70 145
91 121 222
28 117 288
63 125 192
30 164 202
44 107 154
100 53 161
81 199 321
47 43 91
36 99 321
33 74 109
51 81 245
51 147 201
7 135 252
5 152 194
17 162 181
81 129 381
26 166 194
69 21 125
40 126 194
84 9 281
66 22 211
41 124 190
11 13 169
71 94 194
19 9 40
30 26 204
62 10 78
19 183 207
66 133 209
15 117 313
51 56 147
34 26 253
3 9 18
3 75 133
22 31 107
41 113 157
33 137 313
58 101 179
66 28 102
78 49 135
28 183 220
