830
8 122 136
45 198 252
11 0 184
52 143 199
79 170 256
83 146 275
57 130 371
40 152 196
2 57 97
59 144 320
27 69 250
31 153 216
29 199 237
38 53 115
97 108 210
64 93 237
34 111 150
24 105 261
52 195 253
89 178 303
11 62 214
94 197 304
50 86 138
22 63 163
41 194 243
93 40 171
32 152 193
31 36 71
12 7 37
25 120 146
57 182 252
89 139 234
48 20 77
14 93 117
94 182 375
26 169 195
21 60 87
48 176 257
91 30 151
10 194 226
100 66 168
94 130 257
30 13 52
11 188 230
52 51 233
5 78 215
81 81 275
92 36 255
71 48 130
10 130 308
86 113 199
86 178 284
71 20 254
26 28 55
99 61 311
13 56 74
51 136 323
34 95 300
93 128 222
10 8 19
22 80 108
13 104 256
74 43 289
23 95 258
19 134 199
59 200 259
99 53 196
48 143 193
52 180 261
6 87 293
78 28 116
25 107 169
82 81 201
39 98 140
43 174 367
98 179 299
46 37 88
99 37 137
41 17 68
74 113 188
3 143 146
45 200 250
63 176 418
2 0 178
47 64 175
94 187 291
42 82 160
46 25 95
95 177 281
62 187 251
7 82 93
98 116 337
7 181 343
77 148 422
19 163 321
81 121 234
23 183 215
75 19 277
24 22 57
40 62 159
94 118 348
51 189 257
25 89 226
9 181 197
89 111 215
65 6 119
16 91 300
82 105 232
5 94 217
95 166 268
79 178 260
56 128 185
23 168 214
60 190 270
56 6 66
20 147 337
100 18 118
63 56 119
35 11 75
88 38 127
24 187 256
29 8 64
68 118 343
68 182 274
10 141 158
60 84 310
47 40 271
42 134 180
84 198 285
12 88 116
82 161 247
73 136 212
1 43 60
8 176 368
7 39 54
30 85 162
37 164 207
43 19 84
23 121 146
56 21 192
92 85 196
70 47 143
13 200 214
27 185 232
76 44 168
46 106 216
31 56 110
29 15 60
66 72 284
10 38 58
36 28 66
48 54 120
49 137 225
100 30 140
80 194 329
37 97 141
26 41 226
95 118 214
51 91 337
100 20 154
36 75 121
90 20 187
3 102 118
49 89 142
80 176 300
97 3 110
86 185 271
66 116 195
38 171 217
15 140 157
75 99 183
23 129 195
55 25 88
3 84 223
47 195 273
8 67 113
58 138 204
62 133 245
84 88 180
42 181 262
75 31 116
20 45 110
11 145 192
58 63 131
75 104 226
52 158 353
86 124 214
29 157 218
47 113 172
77 100 274
84 11 293
66 54 166
83 153 242
89 188 424
91 37 135
25 7 77
12 191 207
48 183 239
17 83 115
100 152 252
22 195 217
22 179 231
45 4 74
95 190 325
67 61 264
34 185 224
55 21 76
38 171 366
15 85 110
67 149 222
59 61 135
83 67 155
32 144 183
47 64 141
61 27 246
25 100 229
61 121 187
28 194 388
52 2 57
63 132 215
39 98 151
88 74 165
52 153 210
26 146 253
85 36 129
30 133 193
44 38 259
41 146 222
2 172 174
73 86 169
14 67 117
72 99 178
82 25 109
5 116 123
87 139 228
50 127 364
38 186 236
37 8 74
71 118 256
19 140 169
23 55 106
52 109 164
98 129 247
30 61 97
98 74 194
70 61 212
61 54 312
71 92 184
9 140 153
61 68 170
53 48 106
59 1 66
58 9 169
6 22 68
71 99 173
49 110 247
21 115 140
39 50 97
36 183 393
15 105 277
62 104 210
78 5 124
7 92 220
80 9 118
81 1 102
98 79 225
97 141 248
33 95 171
9 79 98
35 151 223
95 31 126
72 43 125
17 174 362
19 92 156
1 183 214
17 81 143
47 139 189
52 119 179
75 177 395
72 84 199
33 47 80
95 190 289
14 151 298
4 163 167
65 77 143
95 33 136
24 176 281
35 18 71
12 58 72
71 75 318
37 42 249
100 166 275
26 20 98
99 167 276
19 133 152
7 34 69
22 94 123
40 103 159
14 159 173
75 158 243
54 8 67
94 177 395
30 12 90
72 89 196
2 30 37
22 198 228
91 10 108
58 12 71
41 70 240
88 177 277
57 160 272
34 71 113
99 96 200
80 98 344
60 182 292
39 171 215
37 5 237
37 103 141
85 175 262
34 175 225
81 51 326
84 19 262
68 183 299
65 138 214
69 2 154
69 83 205
72 95 182
16 116 135
90 110 242
91 124 227
71 158 416
80 95 179
36 131 167
74 108 188
73 162 309
62 136 236
2 132 201
24 11 179
43 171 284
18 60 83
35 195 392
1 22 208
58 179 255
21 155 203
57 104 169
24 32 89
37 19 172
61 93 160
24 133 175
18 75 126
16 1 19
58 26 207
84 158 247
10 52 108
59 82 147
57 40 97
8 16 49
68 181 259
35 117 252
100 200 346
8 193 204
53 113 288
11 148 312
27 27 57
90 27 133
64 81 145
6 126 298
78 124 212
56 92 181
82 190 326
30 44 120
93 46 335
27 192 229
12 160 205
68 113 186
83 29 118
54 87 159
12 58 95
67 49 164
50 31 84
30 5 37
64 66 150
44 67 120
1 109 217
68 194 298
88 142 249
23 8 31
22 97 157
79 33 141
1 173 363
30 55 266
44 153 232
44 28 80
78 75 172
47 196 291
81 65 170
80 176 266
28 0 60
92 37 149
57 168 229
14 51 67
92 68 162
31 114 146
27 12 109
49 113 195
75 9 212
69 114 216
45 132 194
32 70 236
93 91 192
90 155 292
23 122 146
70 183 319
93 147 249
3 27 30
63 180 330
18 95 160
74 9 280
91 167 296
37 38 102
50 181 291
95 32 164
9 67 107
54 107 165
17 100 117
4 136 146
33 69 112
30 27 236
74 16 216
18 26 60
20 189 351
80 14 185
36 33 74
3 40 58
36 73 122
38 121 209
76 112 197
97 174 406
35 42 83
97 195 292
54 183 240
60 28 89
86 195 283
79 54 141
12 25 222
80 78 354
39 56 114
79 61 152
28 121 193
62 112 183
39 77 153
4 6 24
17 92 146
48 5 166
61 104 309
62 166 232
31 83 189
11 186 391
31 66 246
45 114 163
35 25 73
86 200 434
83 156 248
13 185 270
54 137 217
11 47 64
100 81 191
72 74 156
65 88 174
71 110 212
73 76 314
71 33 114
88 169 259
95 43 221
99 41 254
100 13 146
22 172 199
46 97 168
86 15 107
90 75 170
30 25 72
41 10 68
25 96 130
79 5 106
58 62 239
26 151 208
82 90 221
47 193 247
56 89 169
88 35 173
68 9 86
53 152 223
98 136 238
99 38 145
11 142 159
78 183 296
60 141 201
90 107 206
22 32 64
81 117 201
68 158 226
6 116 175
89 70 196
77 15 100
22 25 55
9 151 164
4 114 167
61 87 242
33 98 178
12 180 193
1 108 153
11 115 167
28 74 103
16 40 103
12 119 301
49 117 175
26 86 189
33 14 57
28 179 211
38 142 188
89 135 244
81 95 330
69 101 250
75 116 193
77 82 175
90 152 253
68 93 169
79 138 249
41 0 47
11 40 55
44 1 231
64 168 382
2 63 242
17 136 254
88 130 268
10 141 153
21 129 158
80 113 225
44 132 223
10 10 21
20 134 190
91 155 256
76 47 265
48 175 224
87 46 235
82 147 236
4 176 187
31 2 48
28 109 147
64 183 307
37 80 215
67 104 271
37 60 97
4 10 24
11 79 231
40 16 59
54 192 252
56 17 77
32 44 99
6 173 181
39 83 272
58 47 154
85 146 262
45 124 178
90 121 220
63 52 121
84 76 162
78 183 275
61 117 330
79 66 192
72 88 173
30 65 224
36 13 97
36 9 46
6 181 229
95 101 203
2 69 189
42 37 178
8 31 71
69 21 96
8 34 192
53 120 183
25 48 194
95 69 164
9 198 291
53 106 160
67 126 195
11 37 49
83 95 212
8 104 215
100 133 275
94 48 207
96 23 145
48 179 361
1 44 46
40 69 242
100 108 211
11 35 73
45 154 203
74 42 207
76 18 95
98 39 155
20 68 93
9 118 129
16 72 94
4 137 337
35 130 173
78 179 276
72 118 197
45 113 167
41 175 324
100 174 284
94 165 318
81 20 269
71 187 444
28 71 113
60 114 223
61 77 193
87 42 129
82 11 108
35 17 96
46 95 190
31 10 201
6 9 33
100 48 182
84 78 362
3 85 92
13 56 74
79 156 275
98 96 217
1 91 96
80 121 221
51 186 238
48 138 323
24 8 37
53 104 159
39 161 226
9 71 88
61 152 218
90 3 93
29 163 195
62 77 145
22 85 247
83 179 385
77 179 265
3 81 254
9 197 207
56 175 280
17 151 170
74 12 89
60 186 253
94 43 141
100 19 121
51 184 349
3 137 168
84 35 127
19 11 38
47 145 218
57 159 293
86 20 129
31 99 133
58 118 179
80 150 378
2 119 137
41 20 248
44 82 133
19 88 231
73 175 256
51 63 124
82 12 102
14 101 162
25 147 192
96 39 303
72 90 172
27 16 120
33 200 276
92 189 300
43 91 143
34 81 260
96 174 289
40 60 239
13 159 222
75 195 323
6 58 152
51 66 162
18 97 119
21 99 120
79 46 136
36 84 134
4 190 201
13 167 237
75 114 262
94 19 144
27 24 53
62 87 166
40 31 72
11 144 159
53 97 156
8 135 154
76 18 99
27 33 60
42 45 107
95 13 136
48 9 233
88 177 266
31 117 166
74 113 188
100 178 288
84 166 257
6 194 316
30 151 187
76 113 193
86 98 190
72 148 308
89 35 128
97 20 142
85 21 298
51 39 98
65 121 214
75 45 121
81 96 227
5 165 178
51 17 95
75 133 219
17 152 172
85 129 218
59 128 213
79 88 167
11 44 161
98 51 267
82 85 223
60 115 286
31 185 217
75 14 237
36 185 226
78 86 165
58 115 173
4 7 61
84 103 197
5 112 132
80 152 330
4 54 61
70 14 87
3 196 237
8 76 94
18 122 185
98 133 236
23 102 162
31 95 128
23 88 115
93 125 263
38 171 210
43 131 183
70 106 311
62 159 229
20 125 179
32 148 258
82 182 288
22 146 199
25 7 42
61 60 121
30 144 176
74 195 274
86 89 176
78 156 262
33 29 69
72 41 190
74 139 256
29 75 120
33 28 163
54 177 255
53 130 318
72 57 166
93 38 206
77 185 336
21 174 195
45 135 182
11 83 97
11 19 124
39 22 98
14 27 47
26 148 199
70 157 271
96 4 146
20 138 216
85 33 138
44 189 294
1 1 4
42 174 223
84 179 321
33 107 142
94 46 179
23 122 157
94 111 211
13 96 285
93 13 136
29 67 143
33 4 53
35 6 72
25 83 222
98 161 286
56 168 233
6 143 317
94 104 215
43 132 175
58 35 113
30 23 63
67 191 259
37 96 172
24 69 97
43 92 255
68 26 101
26 38 89
20 198 226
44 142 188
21 197 255
36 101 147
61 33 99
10 107 220
90 159 259
92 126 236
9 138 149
72 110 380
81 182 266
84 33 141
68 75 148
83 36 128
83 162 431
87 169 261
64 182 281
