450
45 125 179
71 46 157
11 121 252
40 147 199
72 108 181
17 193 241
12 135 149
57 6 133
75 35 253
67 185 295
53 94 155
45 100 151
25 86 114
59 97 159
73 3 109
11 70 236
84 200 284
13 18 36
90 64 330
52 190 307
42 4 48
96 66 162
98 44 296
18 71 135
57 33 90
33 134 168
52 61 122
32 78 130
20 0 36
61 3 70
24 150 174
49 53 130
15 92 270
37 97 139
82 168 250
30 159 205
82 190 280
59 182 251
96 163 294
57 158 221
68 41 306
73 23 188
11 1 35
98 75 190
92 147 314
23 165 193
96 90 307
58 72 130
64 25 91
30 44 147
25 192 223
38 78 120
59 128 195
52 177 230
70 170 343
33 91 124
90 194 284
77 83 205
95 136 383
47 135 185
75 36 120
22 104 128
49 38 89
73 3 116
18 23 90
71 110 318
83 46 171
66 3 74
81 116 198
8 140 335
44 67 304
44 29 82
99 188 341
99 181 377
16 142 186
45 101 149
76 51 128
64 119 183
65 59 144
88 126 222
80 99 362
90 146 249
63 144 210
52 137 192
42 105 154
18 27 58
80 159 244
16 110 132
47 135 221
17 13 223
15 82 102
100 121 226
51 29 230
78 19 129
15 33 65
70 159 306
74 57 133
1 121 138
81 77 160
29 169 205
81 199 322
18 193 227
86 102 206
30 31 252
95 184 424
12 99 126
23 24 107
60 108 361
42 33 77
60 15 210
100 130 233
1 121 163
5 114 122
30 75 118
98 141 252
96 10 107
87 195 437
74 36 110
29 153 212
26 151 180
70 14 158
57 60 117
14 161 252
65 25 154
58 129 192
55 51 107
48 69 184
45 66 114
100 110 210
1 94 101
12 43 131
18 114 166
13 154 169
54 41 256
2 181 184
69 173 243
71 12 83
49 15 76
12 24 211
30 106 176
1 104 263
69 38 114
74 33 115
66 10 168
26 158 228
61 171 263
75 195 280
44 193 277
63 38 109
97 56 161
82 65 154
38 55 99
7 194 222
100 120 222
4 166 179
69 117 251
16 81 101
92 99 216
82 183 428
75 57 140
71 70 234
41 76 122
1 54 205
39 49 266
54 91 145
25 87 119
4 16 36
51 55 112
69 25 160
5 144 155
13 147 168
30 185 228
65 34 105
89 101 228
31 15 67
70 30 110
83 103 191
28 97 129
88 57 231
12 71 121
16 162 182
65 55 147
46 180 228
51 52 221
77 174 257
7 173 186
62 93 193
99 43 145
45 196 277
75 152 227
80 116 238
52 166 394
90 100 200
55 114 178
67 199 333
2 133 137
41 146 214
1 52 62
20 194 230
3 8 21
34 142 184
80 166 250
10 86 178
16 36 52
9 134 146
94 173 271
11 40 55
23 138 168
21 95 119
79 197 283
78 9 88
42 130 179
92 157 252
69 7 82
78 183 266
64 56 252
60 55 125
53 12 73
87 53 149
14 117 141
81 110 235
8 194 223
85 109 222
77 39 312
28 35 77
65 122 197
89 43 147
69 49 279
52 94 155
34 3 158
96 144 245
73 95 211
94 112 293
41 129 172
95 38 180
18 135 161
26 59 85
83 194 432
31 73 224
20 66 130
32 192 229
81 186 443
4 78 89
37 21 162
77 150 234
6 79 89
78 187 268
85 153 241
53 142 200
14 154 302
33 90 129
57 40 255
34 42 79
62 198 307
15 137 162
62 131 194
43 116 206
68 79 279
28 84 153
54 95 192
20 112 165
77 93 202
42 158 372
57 64 162
92 1 98
4 14 72
62 123 221
68 114 217
7 93 178
18 157 184
18 130 152
37 40 150
81 55 139
43 37 128
19 4 32
93 160 421
10 134 173
60 63 130
57 130 192
92 177 269
92 181 274
85 121 254
34 182 260
1 5 44
62 30 278
12 49 170
81 143 255
6 3 15
84 68 223
88 46 302
39 168 210
96 5 168
3 168 181
78 137 342
59 57 144
28 68 117
98 81 187
5 131 158
10 82 96
78 26 255
41 91 137
51 148 245
46 52 106
32 163 202
30 193 241
66 120 253
44 20 186
89 198 295
85 14 228
43 176 382
96 40 142
21 53 104
63 133 198
36 36 74
68 50 126
23 184 237
77 37 122
9 167 179
5 81 90
25 180 224
15 135 288
13 151 186
43 113 160
62 96 197
53 88 168
75 180 283
30 58 95
42 70 114
55 16 231
77 71 241
59 101 190
85 18 271
77 27 291
70 19 99
28 136 168
52 49 102
1 116 167
92 125 224
52 165 333
67 113 202
46 124 172
49 166 260
60 175 283
83 90 212
82 140 225
16 35 217
93 50 144
39 156 204
9 114 124
89 192 305
86 160 247
43 103 256
30 183 288
45 143 207
35 6 44
67 96 176
60 4 88
92 22 134
42 102 145
12 87 162
13 68 107
51 130 340
52 138 199
39 34 95
80 60 272
40 143 226
67 165 281
92 62 351
29 50 82
7 53 83
8 172 186
59 184 333
17 126 171
28 0 34
57 46 171
45 125 366
95 80 280
64 195 269
33 25 181
1 95 106
80 58 146
56 139 260
82 140 301
14 61 82
46 102 299
54 111 166
48 48 121
74 152 226
85 96 186
67 81 174
61 193 382
16 58 231
86 81 168
12 74 233
92 128 315
7 60 98
95 185 285
16 113 165
99 162 266
57 30 258
87 16 108
20 104 133
67 90 173
27 6 196
98 36 136
9 59 87
21 168 234
91 128 263
47 78 149
49 32 86
79 26 233
25 13 215
76 24 108
73 18 100
46 100 150
56 74 138
20 99 123
58 97 182
39 69 142
54 30 86
70 118 208
18 174 238
51 77 131
32 87 123
76 31 112
55 46 110
100 173 281
17 158 271
95 149 248
91 168 263
2 11 20
1 181 187
54 143 204
78 116 247
94 90 190
40 37 83
30 11 91
65 125 304
39 34 107
6 4 36
19 29 116
73 30 137
44 172 395
86 34 124
54 199 396
97 50 178
22 174 230
75 23 103
93 78 190
49 159 404
