430
80 177 439
44 128 200
96 50 150
53 45 258
68 161 281
88 83 179
18 12 155
22 29 94
14 139 194
8 23 75
84 26 113
43 25 74
62 21 91
56 11 90
71 162 244
28 102 137
45 198 278
69 163 296
17 150 196
83 190 280
87 163 262
83 104 312
38 165 205
97 183 290
11 98 114
31 176 269
44 32 101
19 135 250
44 91 143
28 167 205
57 124 217
50 59 267
94 184 460
75 64 147
72 82 154
87 153 270
89 118 393
29 15 50
33 95 148
24 9 35
42 46 190
60 105 174
56 52 108
59 84 181
4 167 348
78 137 217
70 139 209
83 106 199
56 97 244
9 23 78
79 37 125
10 7 117
36 74 288
64 97 203
5 28 44
66 48 120
7 117 140
26 91 155
21 95 146
17 19 52
28 182 240
64 120 193
56 105 209
20 10 34
18 71 139
94 45 151
69 154 230
28 59 92
95 21 117
76 12 88
50 118 173
96 155 258
30 115 191
94 123 259
17 149 173
47 134 183
16 161 179
49 88 146
87 105 307
5 116 121
46 41 256
69 126 196
87 40 128
86 71 157
54 51 207
92 194 302
44 113 166
96 56 179
26 49 81
54 117 180
49 19 108
52 104 158
96 12 115
9 31 44
69 76 160
5 184 279
32 146 320
69 147 217
95 67 195
67 173 252
46 2 99
42 82 275
34 84 166
28 194 226
61 180 345
69 83 168
1 88 127
47 90 140
13 87 104
83 149 235
11 111 138
41 55 98
76 138 223
76 156 389
24 57 236
64 101 264
25 65 136
87 24 151
33 176 259
59 181 248
50 113 201
30 154 185
67 34 121
93 115 212
39 91 154
16 102 142
83 72 272
70 121 222
53 15 207
12 147 174
82 57 180
43 95 148
99 54 228
23 54 195
37 147 190
6 122 293
39 97 144
13 28 79
87 166 322
100 100 356
87 17 216
87 190 360
97 80 330
72 0 82
42 177 220
11 33 50
3 1 13
50 104 159
14 47 68
67 61 178
59 142 393
53 184 240
69 78 155
15 35 68
18 7 33
93 164 299
61 106 169
79 75 164
16 79 110
74 20 165
79 91 207
19 62 92
48 90 164
40 43 110
63 101 170
35 105 167
53 166 227
38 198 282
3 114 272
86 114 375
8 69 82
58 199 293
17 160 180
28 176 213
70 98 257
50 46 97
25 116 287
87 163 284
100 111 239
80 182 281
4 179 186
7 84 100
12 112 132
72 186 304
3 56 65
60 68 136
47 47 232
29 82 120
75 59 156
13 104 127
31 150 218
85 125 402
28 112 174
96 198 296
75 9 90
36 5 43
40 189 233
62 106 217
55 68 128
87 194 291
58 17 81
41 35 87
10 99 265
28 190 221
55 72 136
64 187 391
51 182 298
68 76 213
47 83 140
2 47 95
35 195 248
85 98 199
55 22 134
57 8 113
100 125 367
20 144 173
25 138 163
93 16 110
26 33 82
22 47 71
88 129 243
43 170 256
78 131 329
23 2 29
42 85 268
56 7 63
99 189 292
21 11 180
34 140 191
64 199 266
13 168 190
4 128 144
9 70 79
31 49 126
1 1 9
59 182 258
54 4 229
21 26 177
42 135 208
72 17 126
65 70 145
45 142 197
5 110 120
54 175 274
91 181 315
52 28 107
85 41 165
23 155 263
86 125 266
5 107 133
40 160 208
25 117 178
80 23 110
14 114 138
95 9 110
16 14 33
89 60 149
40 34 118
41 104 148
47 115 182
17 98 120
83 200 293
1 26 30
69 71 140
19 187 397
64 132 198
43 106 192
32 78 119
26 162 206
68 175 288
40 154 309
6 29 55
87 189 454
35 108 154
78 87 361
26 161 354
22 173 201
2 70 106
47 153 208
62 129 225
29 157 191
18 69 92
60 121 204
29 133 172
89 0 210
94 57 172
66 148 399
88 186 292
82 113 200
93 84 187
41 41 95
100 101 243
52 46 267
62 44 147
65 52 158
48 49 106
40 152 218
27 122 151
36 8 66
84 192 324
73 83 181
21 1 119
73 39 146
70 7 263
78 155 279
66 13 268
89 143 341
90 96 333
20 108 244
81 38 127
91 137 390
53 160 216
50 153 235
62 136 226
56 0 59
63 189 309
56 111 174
80 155 384
61 157 233
54 80 136
77 150 351
84 164 256
58 192 257
36 43 215
97 52 149
45 25 71
69 65 135
38 114 194
8 156 203
16 64 198
12 169 184
18 84 157
91 73 206
4 24 57
6 73 82
8 154 169
100 108 224
40 9 66
77 145 307
39 139 188
16 113 205
93 16 153
44 65 148
75 26 213
16 104 123
75 32 146
52 46 106
16 180 199
78 142 270
12 192 263
44 59 112
10 85 97
88 141 257
65 146 219
74 160 261
67 50 135
67 42 278
68 82 158
69 79 157
7 101 252
55 46 101
40 162 245
93 116 377
22 14 83
31 117 165
72 101 189
81 36 122
24 13 39
65 83 246
36 173 330
53 58 116
37 126 255
35 137 222
92 190 321
58 119 179
50 171 227
16 18 65
93 109 212
86 127 222
79 111 302
32 106 193
37 177 226
88 69 353
27 11 43
40 27 77
3 140 149
61 76 137
66 45 141
51 46 244
82 137 220
38 118 161
80 104 189
94 9 103
39 2 220
98 81 185
91 138 235
65 81 177
50 0 59
27 106 142
90 143 370
67 67 135
8 143 247
79 33 116
92 129 317
68 192 297
58 12 77
35 119 203
36 116 157
59 73 163
79 58 140
95 181 284
53 90 285
38 190 241
5 151 156
84 57 152
72 149 246
2 153 188
39 123 162
16 69 125
44 107 156
64 161 232
99 56 161
59 16 83
33 154 193
33 12 52
95 47 191
19 186 248
76 192 291
3 17 29
79 21 127
