580
75 71 193
96 83 333
87 75 164
88 19 202
94 174 408
51 183 240
2 174 181
91 118 330
24 198 248
54 85 223
81 130 218
84 122 208
42 113 161
6 54 71
31 39 171
81 10 93
98 136 293
49 126 311
56 115 243
96 77 178
82 99 186
56 119 315
46 160 208
30 107 220
59 175 360
79 27 115
26 58 89
54 37 100
33 89 127
1 5 48
90 85 180
62 163 233
92 32 233
97 118 258
87 37 267
55 156 213
53 142 197
95 153 253
36 83 121
60 88 179
50 9 216
70 182 261
63 78 146
95 78 230
4 135 189
5 164 188
60 96 178
86 153 430
28 7 179
87 124 237
9 142 179
37 43 255
87 51 221
94 193 480
94 173 368
11 21 40
36 13 52
39 64 139
68 28 96
43 80 125
25 126 154
98 109 217
42 25 73
93 58 322
66 118 374
77 102 212
18 42 67
66 199 268
47 22 70
76 107 198
65 152 234
79 97 354
50 148 315
59 25 228
34 166 316
80 105 229
40 197 243
56 112 233
12 151 307
22 38 235
46 198 247
14 179 225
38 3 41
80 148 248
5 115 122
28 72 108
61 40 128
67 162 236
75 66 146
45 164 225
83 47 173
83 102 188
46 153 202
38 106 184
55 120 176
9 50 105
24 50 79
88 52 149
34 110 147
34 26 63
41 136 178
74 9 87
19 165 216
48 92 175
15 20 50
94 22 313
34 138 172
41 162 212
75 79 163
43 102 147
38 55 94
61 142 347
23 90 152
45 74 161
98 4 103
44 125 367
91 1 96
9 14 53
1 60 69
34 108 168
31 134 169
92 112 259
90 56 152
2 19 139
6 92 104
71 152 367
99 146 254
42 85 143
73 125 199
34 162 212
71 48 129
63 73 184
100 40 150
100 119 265
41 41 272
33 19 84
86 158 275
80 132 213
35 118 198
65 71 206
5 144 186
67 137 237
68 195 269
76 56 138
13 105 121
79 131 217
48 58 146
56 152 376
40 177 221
96 2 101
5 57 66
89 52 148
47 42 92
8 151 298
87 32 219
20 106 142
96 195 300
17 76 267
56 138 311
66 102 311
52 143 208
84 72 156
50 47 101
40 129 179
76 111 208
21 105 143
65 198 313
64 10 79
84 168 252
77 67 239
90 78 213
64 193 275
20 142 171
91 31 137
31 110 274
57 142 215
60 2 63
42 22 208
3 177 218
43 83 165
40 163 243
74 41 291
33 120 158
77 158 239
26 62 262
32 158 276
20 181 358
46 124 170
79 66 171
82 15 102
86 102 188
96 33 157
52 56 152
48 31 106
30 140 186
85 1 107
77 88 168
87 186 439
70 146 256
26 80 150
90 59 282
52 148 313
38 63 170
66 118 191
38 76 115
23 76 241
34 13 47
24 100 270
63 131 233
53 90 263
7 88 115
39 91 151
45 189 236
34 24 97
28 48 93
20 116 209
12 170 191
94 52 180
62 81 146
52 46 136
48 187 241
34 161 231
24 160 300
9 72 118
53 95 196
26 116 151
59 137 206
24 69 100
83 54 225
26 145 175
30 101 141
93 109 234
12 76 93
12 127 160
84 44 137
21 26 64
47 2 59
97 125 231
12 195 310
3 156 335
84 62 185
5 133 170
97 159 259
48 135 190
31 108 266
65 53 184
11 74 91
47 137 192
66 182 311
80 180 373
91 96 235
17 107 131
28 133 166
40 101 149
99 146 284
91 11 104
91 39 212
84 21 110
43 163 213
95 171 301
80 91 173
62 144 212
84 197 396
49 21 74
88 130 259
85 14 104
77 52 138
93 24 120
27 4 49
28 106 142
15 200 225
45 21 72
1 40 43
11 186 213
33 129 170
92 48 270
77 150 237
75 174 297
2 186 196
28 111 141
86 139 226
82 126 243
14 181 202
2 196 382
92 199 335
5 187 196
56 69 129
4 122 140
87 151 239
10 130 163
84 9 160
79 197 293
19 54 107
96 40 145
60 73 133
74 124 208
58 156 224
66 59 170
82 17 109
85 34 129
69 62 133
18 94 119
79 87 216
6 6 42
31 81 152
47 50 106
75 15 94
34 121 169
79 27 106
30 44 112
68 91 189
70 156 241
88 79 169
52 146 208
2 105 153
19 96 127
72 20 98
64 169 251
80 36 161
14 165 232
97 122 223
37 58 101
30 35 156
57 87 151
37 159 200
20 109 142
94 88 195
10 0 84
46 197 333
72 109 182
54 198 257
24 17 71
79 73 173
23 30 59
60 41 148
20 92 120
83 161 250
85 133 227
95 41 334
55 179 399
15 194 218
27 196 225
74 186 264
85 73 338
52 103 179
27 36 113
78 25 151
63 91 184
44 115 197
26 96 286
25 37 65
85 103 189
47 117 298
49 99 184
25 113 178
19 159 184
48 11 76
88 74 198
55 56 296
30 2 154
93 78 342
84 30 130
25 81 140
91 138 266
14 19 38
11 53 107
17 199 333
39 110 192
6 47 55
19 12 41
67 103 179
78 114 194
4 125 272
48 37 91
86 171 263
23 130 158
92 60 202
68 108 209
5 40 121
28 129 201
66 60 132
16 0 34
54 103 174
18 141 164
69 3 138
87 26 121
50 140 224
38 139 177
36 15 55
29 16 136
98 145 280
10 32 50
61 197 268
63 93 159
52 48 134
42 35 99
33 85 119
23 103 130
80 58 185
11 145 156
99 190 336
5 131 182
13 189 290
47 32 83
5 35 157
84 167 358
79 130 212
42 98 299
5 79 93
78 100 188
13 101 117
43 167 250
29 189 219
44 10 110
20 10 52
10 188 230
47 103 176
1 14 25
33 196 291
55 108 269
45 176 234
27 107 240
15 157 173
32 183 224
40 13 54
13 13 49
45 197 347
100 86 336
46 28 247
23 177 209
36 199 242
63 161 225
14 129 144
65 26 129
51 66 127
66 31 98
76 146 225
92 15 127
30 134 198
45 130 177
26 77 107
62 154 222
41 19 70
45 168 220
8 102 112
84 70 154
87 104 206
10 192 209
89 58 271
6 24 93
80 69 150
95 175 323
72 66 323
70 20 273
92 15 154
88 94 215
79 26 106
82 48 178
84 2 95
93 55 333
61 125 188
75 36 141
100 59 350
22 72 135
83 192 282
71 114 193
64 186 252
9 58 117
57 96 212
88 122 327
87 12 191
74 180 263
94 73 171
92 17 132
76 24 117
6 186 218
6 138 144
92 28 147
2 22 190
34 190 231
76 50 133
50 139 193
85 105 206
54 135 211
59 171 287
70 136 207
47 91 148
46 193 405
34 179 216
38 96 139
87 188 472
65 160 225
14 43 60
74 55 163
2 44 50
47 45 196
79 45 158
51 119 175
91 34 154
97 7 109
26 197 378
18 24 79
80 107 236
24 135 175
19 77 101
51 87 148
29 40 136
32 93 127
78 135 217
78 4 201
37 71 114
39 111 205
28 122 169
40 59 265
45 188 269
16 187 246
99 37 275
100 99 203
64 140 251
85 164 378
76 126 204
84 146 240
9 156 184
83 172 360
50 117 172
54 70 127
51 73 145
67 191 259
69 151 220
51 3 65
62 192 257
94 28 135
59 59 127
54 71 131
89 83 187
5 76 90
43 127 175
39 146 277
98 165 278
31 86 126
50 20 73
68 69 336
74 141 265
34 145 187
73 161 243
76 195 279
24 60 84
63 160 227
56 73 130
94 49 318
88 74 167
26 48 83
24 137 237
56 171 270
17 3 26
7 51 74
58 34 165
24 92 148
12 192 206
95 104 308
4 101 113
66 20 87
68 19 91
48 62 113
71 5 123
53 46 213
72 18 97
77 124 223
64 76 150
83 151 237
47 195 343
89 105 323
39 98 152
69 68 146
15 81 106
2 2 8
94 62 186
45 25 124
92 48 147
56 188 275
