200
3 57 85
53 21 153
5 94 265
91 103 212
93 54 154
43 63 108
83 14 107
15 107 143
70 93 166
64 159 367
3 10 47
100 124 242
32 26 187
96 187 377
68 106 275
88 17 176
58 12 107
28 108 145
63 178 251
1 25 28
8 101 150
79 168 267
70 44 142
28 23 180
68 76 163
94 86 188
3 5 11
51 73 227
48 199 261
69 65 173
2 133 159
11 39 78
57 96 183
26 26 250
87 172 266
43 91 166
41 187 327
18 105 141
87 85 207
69 11 82
18 132 179
10 147 165
78 92 176
50 78 227
55 169 227
61 119 182
68 161 230
63 83 258
62 139 207
44 180 247
51 63 129
78 89 195
27 46 186
79 176 269
21 75 106
25 200 257
80 174 302
60 105 172
34 37 80
44 197 248
70 111 184
42 193 432
19 59 98
85 47 319
92 94 222
70 170 398
8 181 193
99 40 318
62 93 275
39 191 386
99 70 174
100 61 198
13 68 92
48 167 222
23 37 70
84 64 191
3 180 383
22 160 329
96 16 128
38 23 81
11 23 195
15 195 230
33 45 84
4 49 55
84 1 272
57 198 290
52 170 264
2 193 200
1 118 125
44 96 149
10 165 185
50 76 132
69 25 94
16 16 35
80 17 101
49 90 172
51 22 121
58 28 264
51 165 250
37 9 49
39 158 227
81 81 167
41 66 113
3 56 63
31 166 242
10 7 19
89 37 150
97 4 105
13 6 28
90 191 291
53 112 220
71 67 292
97 10 117
62 86 182
7 11 21
74 35 115
37 85 261
65 107 208
20 94 163
8 71 84
90 84 178
14 152 169
58 64 127
85 42 132
61 151 230
72 107 265
25 62 94
14 38 66
88 65 192
43 91 160
76 26 214
93 85 203
27 194 244
18 104 170
38 177 231
80 153 361
92 105 214
41 21 84
38 107 148
24 79 114
75 154 249
61 75 136
21 18 43
38 199 243
33 47 80
47 172 350
57 141 231
39 52 245
57 100 171
54 153 214
96 6 112
40 86 311
26 2 35
50 113 167
49 185 239
41 93 298
1 67 76
70 146 249
97 148 249
59 193 256
57 175 415
24 49 81
21 64 130
59 158 217
10 161 178
71 166 238
96 173 282
62 93 162
83 17 142
98 123 250
7 136 149
47 35 200
5 34 89
80 146 276
69 31 120
65 191 266
51 69 152
14 188 229
79 172 258
48 150 206
47 76 226
24 15 86
25 60 102
25 97 127
51 107 165
90 45 141
34 152 191
12 155 324
48 158 211
42 101 150
33 109 174
37 107 149
87 90 323
5 155 203
40 127 175
11 35 108
16 5 28
65 16 165
70 62 169
27 199 227
