1000
65 110 180
33 181 251
51 183 262
21 133 249
88 8 98
15 65 109
94 124 242
68 179 270
79 155 239
7 16 27
12 119 141
64 126 381
37 17 55
18 0 123
41 129 272
80 52 177
4 94 242
3 104 112
32 94 168
49 28 85
78 158 240
99 86 195
48 9 105
16 164 337
17 20 73
60 162 232
3 33 68
72 44 312
17 89 236
19 134 182
9 15 67
77 100 178
97 132 386
13 116 136
10 152 179
63 54 124
25 68 182
1 18 120
70 154 244
34 60 253
55 120 222
46 51 110
14 199 251
14 119 143
21 88 288
48 95 171
26 36 71
40 123 170
52 74 300
40 49 191
52 56 118
35 73 109
94 79 202
67 192 267
61 132 222
47 180 253
28 68 106
94 166 418
36 176 284
41 33 78
25 174 225
29 162 287
78 35 123
68 27 99
20 10 50
53 85 164
27 142 172
13 38 90
72 50 167
54 191 260
73 190 283
73 162 239
90 134 224
44 68 187
78 9 95
100 132 241
79 47 309
96 149 251
89 161 400
68 152 222
21 24 51
89 158 273
37 160 201
1 160 164
24 168 230
5 147 175
78 129 243
59 124 188
22 74 97
74 124 205
35 187 226
2 57 124
37 103 158
28 196 237
30 23 60
12 138 152
37 173 210
47 22 107
57 134 201
6 46 76
55 182 239
32 147 378
69 81 337
74 5 79
80 90 176
1 38 162
49 199 249
87 122 219
41 187 232
95 87 376
86 43 131
34 151 320
25 112 142
43 119 171
97 70 187
59 128 310
92 132 230
59 67 176
31 198 253
43 190 334
2 166 177
34 133 351
78 109 226
63 128 191
84 172 276
38 91 131
59 16 236
58 158 219
47 135 338
1 37 47
37 102 282
38 27 126
97 198 301
41 92 135
56 139 311
3 188 196
13 200 358
2 120 122
65 111 185
63 30 97
89 77 175
49 88 144
14 86 110
41 92 139
91 173 270
57 145 249
72 87 167
71 35 113
20 179 359
48 33 233
11 19 40
87 99 196
87 121 230
72 100 182
32 69 185
63 86 265
71 118 330
75 24 108
49 5 104
48 13 70
49 152 219
34 87 167
91 74 169
88 97 187
33 159 197
57 133 213
86 130 219
48 161 319
93 128 228
52 158 218
64 146 380
73 14 192
85 160 294
15 174 328
48 198 275
4 107 124
62 187 441
33 51 89
43 88 137
49 43 98
79 163 248
93 3 97
4 118 122
72 109 278
34 65 105
43 48 131
30 88 199
33 119 281
100 71 286
65 66 134
40 113 161
57 122 214
100 138 243
56 156 249
95 36 135
9 90 135
15 73 91
60 52 236
44 107 185
33 155 190
33 107 161
20 96 118
49 189 240
37 119 251
48 152 210
87 9 103
69 51 160
70 196 309
53 121 211
64 50 150
33 37 104
46 128 367
70 150 340
45 112 176
28 181 218
1 161 167
78 20 100
32 170 224
86 102 189
43 33 169
39 58 128
34 146 180
77 43 158
1 11 12
15 70 103
41 57 246
52 119 171
20 5 33
94 77 193
50 174 237
60 140 231
9 113 183
24 147 180
43 82 133
21 36 77
10 106 155
32 48 84
71 113 190
10 55 93
25 5 35
88 126 214
57 150 289
86 124 395
81 63 165
80 150 232
90 176 272
97 176 359
9 58 214
32 35 97
62 5 97
79 70 158
6 138 169
27 139 217
83 103 229
52 82 141
92 191 346
60 37 137
18 37 201
6 180 336
29 86 254
15 144 171
55 171 270
62 192 257
66 98 171
30 174 245
48 17 94
19 70 93
92 22 122
72 10 89
13 30 45
41 138 341
23 179 246
89 133 268
16 151 212
92 8 246
69 16 201
46 120 174
98 78 331
89 121 214
8 96 113
72 74 156
64 5 94
22 136 274
41 110 191
17 123 140
40 80 170
85 87 177
5 35 55
73 109 186
2 190 243
30 43 92
31 134 197
22 64 110
11 177 228
91 134 260
88 97 195
85 10 143
5 130 169
66 32 106
31 164 198
34 90 168
22 147 171
83 40 126
93 189 282
68 132 200
1 109 150
27 134 206
36 49 90
3 98 103
64 95 204
73 121 286
96 163 272
77 62 139
49 23 76
6 19 56
20 28 243
60 182 248
5 13 185
12 84 169
86 56 292
91 59 179
99 108 213
34 59 102
12 107 241
43 171 305
22 194 219
4 129 179
8 66 107
9 168 226
12 130 157
23 165 228
9 75 88
79 122 263
48 120 218
43 88 132
67 41 114
68 76 147
66 188 261
15 55 77
46 73 151
97 152 251
73 6 166
35 193 375
56 121 177
12 81 102
26 97 262
16 132 165
94 70 171
30 105 181
87 89 184
94 126 269
94 13 117
92 16 133
89 51 169
72 96 215
32 119 155
14 139 186
36 76 141
48 89 142
41 159 200
11 111 180
90 140 265
20 195 219
22 119 298
31 146 257
21 73 144
46 151 204
89 56 178
54 14 95
91 160 433
48 146 211
9 118 135
94 147 421
99 70 174
49 150 202
86 76 171
91 57 152
79 20 211
84 108 238
12 130 185
30 64 245
46 200 268
21 83 187
21 143 174
13 100 116
6 165 211
75 112 190
2 194 223
65 170 244
7 92 106
68 106 179
56 45 111
59 200 354
67 188 301
31 56 114
33 126 162
30 136 268
41 33 77
46 42 111
6 18 163
20 101 171
83 4 96
18 82 275
23 20 106
79 109 191
84 89 337
9 96 222
64 19 110
24 95 139
6 39 46
79 112 222
100 170 273
86 26 133
48 122 175
39 56 149
2 38 43
37 194 262
30 105 146
64 89 201
26 65 117
36 76 192
75 72 147
59 34 126
31 193 234
29 16 52
76 125 239
35 192 229
68 10 252
34 107 143
16 31 121
31 109 150
37 188 236
64 125 198
29 53 100
45 37 87
93 15 137
66 77 152
69 142 275
96 200 303
64 122 225
21 181 212
99 85 292
41 137 187
12 167 378
22 70 93
76 136 215
86 181 429
7 86 128
90 67 189
6 116 169
87 101 194
88 145 235
40 59 126
33 87 128
32 142 277
49 93 151
50 77 244
53 69 169
27 71 106
80 23 118
86 88 246
47 166 353
89 182 306
34 16 91
99 173 392
23 145 197
76 155 349
96 81 216
91 176 311
48 154 401
59 71 135
24 160 300
28 32 60
58 18 82
58 60 203
44 78 199
89 179 272
8 48 186
54 188 282
52 142 202
17 22 42
63 53 243
46 162 208
30 101 133
60 108 260
47 86 273
98 49 193
50 55 115
35 23 58
86 123 368
61 6 165
95 141 262
4 96 153
30 31 63
47 172 234
67 176 411
46 9 134
37 113 153
31 71 144
3 142 184
10 82 167
83 192 320
72 71 182
2 151 155
86 191 277
72 101 179
11 24 48
100 109 230
56 89 163
65 64 157
90 174 268
36 171 381
100 158 297
63 76 239
5 108 118
71 121 229
24 179 231
45 123 326
88 38 136
9 195 227
1 129 140
43 158 253
38 173 219
23 81 114
97 159 322
54 101 169
98 148 295
92 130 316
65 5 70
73 29 135
23 75 107
9 61 112
11 117 138
46 1 49
52 45 105
1 21 59
77 108 330
18 142 330
67 167 253
92 42 242
40 49 235
99 128 253
24 176 211
44 179 226
19 121 157
56 171 275
51 4 78
92 37 134
9 36 135
13 19 56
2 182 196
22 184 206
97 109 249
77 191 277
24 103 140
1 166 188
66 95 199
25 115 183
68 127 196
62 186 251
30 100 138
51 30 87
79 61 283
31 51 196
96 114 218
100 177 315
23 57 88
32 164 198
90 181 275
99 158 306
72 72 184
70 130 232
27 132 187
9 110 129
76 1 256
48 62 120
4 69 91
90 28 151
70 174 276
22 71 100
33 106 156
72 37 117
28 49 127
89 125 254
93 10 168
84 125 211
75 138 214
57 169 287
7 176 189
97 133 262
30 141 175
4 11 121
73 118 191
57 109 198
56 122 202
24 110 142
70 178 277
66 134 246
40 47 89
28 84 269
100 200 439
51 101 301
56 21 87
85 106 226
95 126 366
63 158 257
22 34 174
74 111 203
56 78 174
9 28 40
74 125 205
76 31 137
77 111 189
2 177 362
23 66 211
72 28 104
47 182 403
13 20 149
3 128 132
62 100 279
47 36 85
54 194 406
2 159 248
97 31 132
3 71 218
36 132 336
89 53 187
47 55 152
38 139 180
84 158 246
78 131 256
49 8 103
46 88 144
69 11 80
95 13 290
21 34 85
22 4 35
70 99 314
37 146 190
20 152 180
75 199 288
77 194 276
41 125 175
4 43 164
94 37 134
50 104 155
48 159 208
99 54 341
67 30 129
98 99 218
88 139 402
56 48 111
18 75 247
11 39 61
36 51 97
44 15 71
33 113 299
82 156 246
79 151 240
63 20 86
3 158 165
63 42 150
75 76 197
98 63 171
63 124 204
55 58 122
76 9 202
7 80 103
78 40 194
49 190 271
95 105 373
83 72 176
37 146 278
17 35 61
37 121 186
98 159 418
18 172 193
50 59 109
54 49 103
95 169 379
71 78 153
46 194 243
50 96 154
88 45 157
40 168 213
36 56 99
44 117 163
29 87 153
21 109 140
89 69 241
26 189 261
38 122 169
3 56 64
42 18 70
91 170 266
10 105 141
84 152 241
81 3 162
75 43 167
66 125 291
91 55 182
100 104 236
22 167 193
50 169 266
99 2 106
43 24 231
38 191 231
83 170 255
16 66 87
96 43 174
45 184 234
74 21 103
90 58 226
21 137 170
29 76 107
93 158 264
98 163 344
90 107 330
1 160 161
21 40 100
58 82 148
5 15 104
86 102 229
62 136 207
80 144 228
76 106 359
97 53 281
37 197 244
75 166 285
68 96 308
97 29 249
88 104 234
77 12 97
62 163 265
58 82 150
28 110 307
5 54 142
36 53 123
24 176 228
64 75 146
16 161 185
43 162 209
83 60 169
56 83 180
70 3 118
74 34 127
21 31 93
83 42 136
60 122 225
71 145 404
18 174 195
18 113 141
58 175 237
82 38 122
73 57 179
36 28 72
45 135 188
79 121 207
67 6 256
73 149 371
18 114 236
56 88 182
95 113 213
87 24 111
13 45 61
30 55 131
12 1 24
27 142 175
70 175 249
84 122 237
11 183 223
15 27 88
82 100 228
56 132 216
92 59 278
79 49 262
14 176 190
78 17 106
9 77 93
76 98 310
35 139 218
42 164 255
73 167 266
8 191 206
77 55 160
9 30 47
10 175 331
24 166 234
32 139 203
2 19 37
46 30 80
76 112 209
73 137 214
54 78 134
67 19 109
71 69 145
15 162 185
61 94 203
68 30 263
56 103 160
42 105 156
21 151 175
53 82 142
3 76 83
17 89 122
2 104 109
73 30 106
94 93 304
54 2 66
28 77 108
42 48 90
49 116 290
37 68 112
70 8 85
60 193 262
72 115 188
1 151 188
77 189 361
76 75 154
1 57 79
81 104 197
54 77 138
8 10 103
43 178 259
6 171 328
9 126 290
59 72 329
4 175 252
80 47 146
50 63 144
26 162 200
76 6 115
36 98 184
66 29 225
14 16 68
39 143 197
61 121 222
47 40 93
4 5 9
7 195 258
88 173 261
67 71 331
38 129 172
84 116 382
97 153 252
67 12 135
45 168 214
98 42 285
36 176 302
59 149 233
86 167 259
22 83 106
32 131 354
7 39 196
50 100 173
42 182 234
83 91 268
51 89 214
79 81 169
24 26 51
95 90 187
53 108 174
8 192 205
13 84 103
43 18 62
45 49 129
78 146 355
79 179 265
36 164 209
91 149 320
87 68 196
44 59 105
51 10 66
54 85 144
98 179 294
34 56 133
41 96 145
97 198 305
49 48 103
62 182 254
88 46 160
51 126 198
88 36 235
10 118 129
97 61 355
61 98 164
23 141 164
23 86 152
22 153 175
25 43 86
97 47 169
53 60 114
38 138 201
51 7 173
61 22 114
34 45 88
38 163 206
19 185 220
97 132 350
9 195 213
31 85 125
80 178 268
74 90 229
55 124 264
62 9 183
80 29 111
16 73 92
70 170 249
74 183 454
21 170 212
88 124 409
64 28 123
78 188 272
95 74 249
54 79 138
44 7 53
9 131 141
77 48 174
5 187 214
3 178 218
64 129 199
82 186 289
22 38 140
64 176 243
95 6 108
23 63 93
45 6 54
14 16 168
82 57 179
21 104 125
17 146 187
68 124 202
12 15 159
14 29 185
8 80 90
16 199 252
95 100 393
88 105 203
24 185 218
44 23 74
62 136 203
33 21 171
55 70 266
34 198 235
26 46 110
64 8 106
94 55 152
68 164 261
48 29 216
15 44 88
22 195 246
27 98 160
62 66 129
65 188 253
93 179 274
46 120 176
92 177 274
87 101 197
27 149 220
59 101 296
77 26 117
7 108 117
37 156 375
8 64 77
54 136 192
71 164 397
30 26 82
30 6 45
76 46 123
8 24 45
61 174 275
71 108 228
11 31 89
63 43 108
89 53 143
14 162 344
90 131 296
90 139 230
91 159 293
78 27 107
35 168 209
34 24 58
44 60 136
28 78 127
84 53 165
70 108 217
7 81 94
33 39 74
75 27 200
14 62 82
54 60 249
66 135 203
18 193 238
81 178 266
39 144 189
11 170 194
45 20 72
35 31 111
78 40 227
5 185 239
