270
64 20 94
80 184 450
78 147 226
58 60 124
15 85 129
96 148 363
57 59 145
42 113 317
85 4 240
85 182 272
85 56 169
8 197 255
9 101 261
25 92 126
58 39 240
95 130 240
16 190 244
28 41 73
13 84 101
99 150 308
14 145 171
96 118 216
17 193 295
92 189 289
24 169 199
50 129 192
64 138 209
80 192 277
13 26 43
11 65 131
55 93 155
36 127 294
59 130 222
45 81 145
46 103 173
52 105 166
20 82 106
41 198 245
60 19 164
73 95 255
79 105 270
63 182 248
18 43 245
97 70 174
31 113 170
64 118 198
28 122 310
1 85 93
22 175 199
66 21 96
3 86 122
99 118 229
84 24 112
10 77 87
8 67 80
81 94 278
49 153 358
50 70 125
46 69 123
75 178 285
20 147 177
38 178 218
83 143 382
28 50 93
48 111 175
47 141 249
13 31 52
57 105 360
2 13 42
82 194 306
65 132 323
4 40 48
32 29 122
58 149 248
47 11 144
72 67 158
32 180 363
53 112 296
52 173 226
46 98 208
97 25 149
10 112 125
27 28 63
45 191 237
8 135 261
53 152 207
59 134 203
87 199 288
39 129 183
15 26 71
55 5 112
51 10 97
52 52 120
73 21 146
93 120 246
63 46 117
14 54 79
23 17 46
36 63 100
54 122 194
49 141 315
65 80 177
24 76 145
11 64 79
18 92 114
58 165 306
49 162 216
28 83 116
31 164 307
65 18 253
44 120 348
3 17 62
15 61 113
12 17 42
98 8 150
80 174 254
19 183 224
2 127 222
64 57 282
47 41 113
22 104 134
9 24 38
19 58 120
35 174 217
60 110 170
64 133 198
61 143 208
45 55 226
94 93 195
25 120 278
33 82 169
8 27 35
81 194 275
78 168 288
34 197 234
51 130 188
73 155 228
53 54 151
10 132 264
53 156 214
69 169 282
84 90 250
65 187 262
94 31 267
83 134 367
69 188 412
42 53 128
52 172 273
53 103 165
66 27 116
19 181 204
6 33 43
84 41 135
36 63 161
49 176 234
76 98 352
59 162 254
14 46 99
20 1 35
69 176 270
70 119 198
4 9 138
43 157 397
58 16 77
2 39 52
75 194 270
29 129 183
75 52 183
26 96 125
43 79 173
37 8 48
73 106 188
60 102 168
67 81 158
62 61 149
24 140 312
32 104 136
48 125 198
53 93 156
36 140 181
43 148 287
81 163 251
62 151 221
8 118 130
4 58 66
30 197 269
69 185 255
26 153 183
67 41 130
40 95 149
13 114 130
91 124 216
57 48 112
8 154 163
68 75 151
13 181 200
36 22 59
35 197 409
5 151 353
76 154 255
25 22 53
95 114 213
52 105 184
25 152 181
36 48 222
30 111 298
35 64 180
30 124 204
12 97 154
41 123 164
47 105 159
50 27 108
94 71 186
27 181 216
33 197 319
68 17 135
9 177 190
8 51 67
84 111 197
45 93 164
91 107 232
71 199 276
84 33 165
80 4 86
61 84 148
70 172 421
36 67 115
77 91 302
61 70 158
43 93 171
41 17 60
97 9 109
21 183 225
92 35 281
85 7 98
23 172 327
82 153 236
47 138 330
30 181 214
57 106 194
14 115 307
58 17 183
73 152 235
58 38 133
93 69 224
7 30 52
82 187 277
74 89 189
44 29 73
89 190 374
65 72 299
30 145 309
64 40 107
36 138 239
33 41 80
84 182 266
61 77 174
66 38 134
96 95 192
100 108 242
18 138 292
18 151 174
5 86 244
82 188 437
45 25 70
46 127 274
41 138 210
58 84 283
33 101 139
62 92 284
