590
49 122 294
69 78 149
63 115 211
42 142 186
16 145 202
62 83 153
5 125 169
72 53 176
96 170 271
22 18 89
41 135 186
6 35 74
82 183 271
69 52 163
84 116 212
67 112 197
28 35 130
5 5 28
1 189 319
30 93 129
94 45 160
76 99 207
73 125 206
41 31 78
15 161 209
4 166 200
19 21 43
57 73 160
44 175 335
12 47 95
100 181 427
66 19 97
17 151 177
18 24 75
54 131 229
96 120 396
24 62 86
75 62 144
61 148 219
77 38 138
87 44 169
76 115 195
28 179 217
89 139 418
78 11 95
41 25 110
37 89 146
35 55 125
86 145 309
93 100 215
23 198 226
41 162 273
81 106 207
64 64 129
41 18 70
71 5 220
68 104 201
57 152 222
33 111 151
71 136 207
44 31 81
81 111 221
40 193 272
7 42 55
41 159 227
35 194 248
99 178 282
73 141 222
65 170 247
47 20 77
10 156 173
33 66 108
84 181 278
64 64 153
24 104 142
72 103 176
77 33 172
5 55 81
62 100 300
42 84 173
98 158 267
92 96 195
90 119 209
18 21 225
77 118 244
25 110 143
95 95 252
2 199 202
21 99 128
68 195 269
71 60 146
24 9 56
79 93 177
54 1 218
46 71 127
68 70 334
82 9 93
2 124 156
17 9 122
24 8 40
76 23 108
19 16 67
14 2 17
52 37 90
68 2 71
35 45 240
71 149 323
8 6 50
50 3 55
12 160 174
95 108 213
65 37 109
54 49 139
85 179 294
14 117 137
10 67 78
43 116 175
86 147 309
51 116 324
46 180 275
52 144 371
7 35 56
10 61 71
47 22 71
26 156 185
40 129 179
94 52 176
82 124 248
12 111 144
13 133 223
49 22 242
36 167 289
66 64 133
81 168 258
96 47 248
51 174 230
83 21 245
25 173 201
83 72 249
50 127 185
71 180 252
35 51 93
25 187 233
64 34 195
26 152 178
18 51 113
29 200 268
42 73 212
82 148 261
71 193 274
70 81 155
20 103 127
7 123 139
60 42 124
62 41 113
81 38 299
68 70 306
70 44 114
31 80 149
35 37 116
1 128 271
45 158 228
69 173 247
19 99 122
1 11 212
61 148 246
19 200 228
65 100 175
2 174 179
60 49 137
63 19 127
98 143 246
43 143 231
44 200 252
27 103 133
99 196 353
92 60 199
7 168 339
24 12 134
42 3 148
5 84 114
80 49 139
40 53 265
12 26 43
60 50 146
3 10 17
5 127 170
6 100 282
80 48 157
22 182 213
71 80 194
84 68 285
69 50 276
21 32 116
13 8 25
16 171 217
66 162 233
1 8 14
41 154 239
6 111 121
28 73 271
35 134 173
22 177 209
19 173 199
67 188 256
44 145 207
90 191 469
12 197 219
42 36 110
10 60 97
74 43 263
41 40 104
72 163 239
95 179 297
16 87 146
55 26 83
20 32 243
55 28 99
17 150 169
23 176 324
53 157 226
13 132 148
74 199 423
21 47 77
38 88 133
46 84 323
46 124 217
77 102 183
71 186 257
30 69 144
2 118 227
47 154 247
34 64 105
65 154 244
11 112 165
39 22 71
34 121 163
3 120 129
74 156 261
36 14 90
28 29 61
9 98 146
26 135 198
14 65 100
53 34 273
53 158 248
34 139 179
86 17 112
48 178 335
99 56 260
9 113 123
22 142 182
9 113 242
6 128 139
62 153 220
7 102 116
1 147 158
82 20 238
16 68 110
23 177 296
49 109 293
7 24 36
57 193 297
16 75 93
13 116 134
42 199 249
9 171 187
65 170 319
88 61 158
43 86 138
98 69 171
45 3 59
66 193 260
79 16 112
78 80 162
40 58 100
3 50 169
84 44 208
82 101 183
74 150 226
43 87 131
54 136 192
96 35 133
23 0 51
75 73 197
18 50 172
57 137 198
34 93 134
91 136 249
60 133 211
47 174 326
85 200 330
55 191 248
6 97 147
64 21 90
34 151 192
5 75 131
82 93 198
38 105 145
20 169 197
80 151 240
13 111 134
68 12 101
92 77 170
12 140 165
77 143 384
43 22 204
19 39 67
21 177 206
97 183 285
86 175 305
100 89 193
20 49 80
15 103 118
38 126 201
84 166 257
33 152 192
63 44 288
87 175 271
17 190 213
16 87 112
73 105 185
46 134 297
60 187 257
62 37 124
13 176 190
65 54 263
22 185 215
60 124 350
83 172 256
15 75 103
27 19 79
17 26 80
85 86 198
34 47 249
59 2 65
90 197 415
78 10 160
70 19 119
38 183 252
7 140 194
8 110 265
20 141 261
26 147 284
83 60 287
78 57 144
92 48 173
53 11 100
70 117 221
61 146 207
13 22 44
64 140 210
71 36 110
12 123 274
62 77 248
42 87 170
73 67 327
78 63 141
46 90 146
19 45 104
35 173 242
87 111 205
50 169 220
44 198 274
90 84 178
57 50 140
28 60 98
100 199 301
11 94 162
85 137 270
32 29 64
53 149 212
95 6 151
3 200 233
45 79 127
50 57 285
27 69 143
47 184 277
22 25 233
91 151 367
33 11 94
19 1 22
76 28 151
8 147 164
66 123 193
37 190 229
51 99 153
67 128 202
54 114 177
4 159 163
26 58 209
53 183 389
32 177 302
51 14 235
3 161 210
33 113 175
33 129 212
13 65 88
45 150 197
39 112 153
96 7 118
18 177 242
48 160 215
13 23 170
69 181 414
58 131 224
44 24 78
49 77 127
53 69 124
5 62 68
60 21 89
29 44 80
2 85 99
24 184 216
98 50 215
72 24 112
57 197 260
24 66 113
21 170 204
24 95 146
22 122 149
10 24 34
37 105 307
36 40 146
19 158 184
79 170 272
17 80 126
38 76 162
80 134 214
86 30 119
49 135 187
5 170 209
15 98 157
47 66 115
40 27 71
20 200 223
28 74 124
5 75 80
58 129 229
92 33 169
70 115 190
92 104 196
38 78 118
58 18 81
8 148 167
88 125 222
49 35 99
53 107 208
99 174 273
53 103 233
76 97 177
27 156 187
97 73 170
39 64 258
74 78 158
74 114 232
55 152 249
65 121 207
17 6 56
26 109 145
12 54 71
85 5 197
39 23 85
51 93 173
19 105 124
17 153 205
95 66 281
3 81 93
6 55 70
72 60 137
93 26 123
19 60 94
5 172 192
39 48 107
52 60 125
87 163 296
25 53 103
67 78 173
86 121 249
67 10 81
13 106 133
7 186 375
8 141 154
51 124 179
41 124 215
64 85 165
32 12 78
55 77 147
13 77 104
76 69 151
19 113 264
66 185 297
70 64 180
10 8 28
81 110 199
86 64 158
1 182 191
95 33 139
12 128 171
31 69 101
32 71 185
83 194 326
60 78 151
100 174 282
74 44 127
68 70 138
72 56 172
96 134 302
69 83 162
65 17 87
65 51 272
29 75 126
3 16 23
57 152 245
3 178 224
14 70 118
11 178 192
52 46 166
25 51 86
56 161 243
98 8 154
10 21 32
55 95 172
34 27 65
15 140 155
69 5 76
62 101 169
97 150 281
62 195 260
58 54 122
87 163 261
76 39 165
49 25 99
31 83 129
46 182 249
9 92 217
26 180 250
21 145 166
12 42 148
3 48 204
34 173 256
62 52 120
17 151 266
78 106 205
23 124 242
46 47 93
28 142 202
12 194 277
54 118 181
100 1 223
35 152 196
55 139 211
94 138 271
23 36 157
3 42 131
38 81 132
27 165 196
84 128 214
59 136 196
27 28 71
6 117 189
75 137 225
81 6 89
93 174 299
40 46 247
21 19 82
38 57 114
71 87 287
53 27 111
77 127 206
92 40 157
69 96 168
87 132 229
56 155 213
15 8 36
47 178 231
89 119 209
42 39 216
94 120 215
94 6 108
9 17 32
23 134 160
64 8 81
75 145 242
38 92 171
49 24 114
83 177 278
10 183 200
47 22 74
73 13 90
