230
87 89 179
41 50 99
24 42 80
98 131 231
24 60 86
90 179 312
53 43 133
60 77 323
46 187 243
16 84 105
61 49 184
7 166 181
21 67 95
66 169 251
18 29 57
10 1 56
79 162 242
64 200 272
32 142 220
41 73 115
20 35 58
1 28 64
36 186 231
16 195 235
79 140 228
11 96 131
28 93 206
5 56 71
73 100 205
37 81 158
4 177 205
88 96 225
21 129 175
63 36 108
25 93 191
32 58 98
51 193 249
7 173 216
94 98 195
67 173 240
45 99 166
38 120 283
60 193 268
23 68 141
93 105 245
7 104 190
87 18 109
96 192 296
79 139 227
47 55 244
23 69 99
82 37 224
7 117 159
40 165 214
81 189 279
98 134 239
76 132 256
12 190 356
52 193 346
48 21 101
21 191 256
84 20 253
3 159 167
91 21 119
43 21 197
80 21 114
61 153 223
26 132 161
85 134 271
23 68 187
26 101 171
42 133 192
94 86 187
86 113 385
91 15 109
13 148 192
29 128 190
45 159 225
79 178 353
59 68 190
87 55 148
39 67 111
91 60 178
55 172 380
38 45 89
67 156 223
37 141 180
74 72 259
49 107 156
40 27 71
55 77 174
33 199 235
50 9 97
46 106 255
13 30 156
54 61 195
52 196 276
33 114 177
15 190 395
48 50 100
91 49 141
58 167 372
95 161 273
30 136 224
22 33 60
10 38 87
50 119 177
94 175 305
68 107 180
99 70 216
86 23 112
38 116 257
80 98 377
41 188 346
78 152 255
63 28 108
81 133 253
18 28 52
81 129 214
30 110 176
51 17 99
69 44 223
76 37 293
83 161 281
8 129 154
93 166 262
37 158 380
26 4 73
6 128 149
72 31 111
4 169 177
4 121 150
49 12 165
8 99 219
42 150 199
22 139 213
92 19 122
11 42 143
21 146 176
14 92 112
63 88 155
96 172 440
46 170 233
38 111 198
45 14 59
14 35 90
8 42 208
57 46 108
75 178 256
6 8 20
84 4 125
74 142 285
32 120 156
55 2 101
84 120 205
18 184 250
25 26 59
99 133 275
77 78 195
36 106 166
97 105 211
59 160 309
6 108 116
8 108 120
7 64 100
65 1 232
76 144 257
58 192 273
87 159 403
41 184 234
48 199 279
94 74 294
76 172 259
53 143 202
40 195 242
6 194 213
80 12 102
57 171 234
40 19 66
25 190 377
55 174 232
70 152 222
96 125 264
62 181 322
69 190 266
75 103 180
24 38 68
33 131 243
69 30 122
35 71 109
77 28 106
79 165 276
11 192 359
7 4 34
5 177 374
57 23 82
13 108 171
29 76 108
97 145 255
85 136 229
91 173 264
61 173 240
6 119 134
37 72 154
63 112 224
92 37 138
22 103 125
37 34 81
79 44 124
63 198 279
58 191 405
29 172 204
30 10 220
32 48 87
65 142 216
28 188 220
63 71 190
72 184 261
2 185 222
24 2 94
59 49 114
89 96 284
14 61 83
42 19 66
45 96 304
96 100 302
85 126 216
17 51 78
6 139 174
43 60 104
