380
22 42 97
68 106 178
88 56 242
21 160 182
82 135 225
84 95 328
73 81 228
28 88 164
56 43 103
12 39 114
67 109 176
93 48 190
97 48 149
75 116 246
88 177 293
65 30 144
90 113 203
68 56 128
41 137 202
40 108 152
16 74 91
84 23 120
83 141 237
27 180 295
2 71 195
26 16 49
36 130 203
46 23 98
89 163 264
33 56 94
67 167 248
91 182 360
95 128 229
63 147 305
75 62 162
91 41 323
50 153 333
75 117 208
14 0 52
74 62 164
39 22 71
98 106 239
41 134 189
95 108 369
40 75 121
91 72 194
38 133 194
39 103 181
56 71 136
69 47 146
51 113 336
63 157 225
29 159 301
15 141 184
70 168 438
50 76 166
100 141 429
24 14 94
5 145 157
74 147 225
14 134 164
43 40 101
51 178 269
10 186 198
33 37 71
76 99 177
10 185 205
92 87 186
50 179 397
53 72 130
11 190 366
55 81 141
47 65 216
42 61 125
62 90 156
74 133 249
56 58 163
17 197 220
3 138 154
45 99 152
48 179 387
49 55 114
59 134 222
44 58 140
56 28 85
7 50 58
24 172 196
88 136 258
16 54 85
66 110 192
1 199 223
81 143 274
78 12 125
68 50 125
99 59 163
24 105 150
39 109 178
38 49 203
96 96 350
47 149 206
80 161 341
28 46 159
62 82 270
24 191 243
18 70 231
71 12 86
13 166 180
11 150 163
44 62 274
94 190 327
20 104 129
36 117 194
18 15 34
9 198 217
6 30 60
75 93 279
23 71 231
82 183 424
84 52 142
70 185 257
73 29 268
5 9 14
7 16 28
23 93 140
1 50 96
14 195 397
66 182 432
74 130 292
46 4 66
69 129 208
4 27 41
80 26 110
49 14 88
48 161 222
64 82 168
68 174 247
28 184 214
59 70 130
15 172 197
52 105 189
32 103 297
57 35 113
87 99 332
80 162 425
37 138 183
40 26 128
86 148 266
64 114 181
41 160 220
70 158 303
29 170 220
45 186 282
23 36 63
85 173 258
58 81 141
67 110 209
27 132 200
60 41 217
73 124 201
73 23 193
28 17 121
39 88 174
9 199 218
2 164 319
1 48 207
57 63 135
3 68 90
45 152 198
63 162 234
81 185 275
12 44 60
78 41 129
93 4 138
11 67 91
72 73 152
85 185 271
46 121 213
39 177 239
36 126 166
7 51 77
75 38 148
52 194 253
19 23 44
98 50 154
85 18 135
7 158 174
32 131 169
46 77 160
37 85 127
66 33 110
9 113 128
22 82 110
20 103 132
10 29 67
52 194 293
15 120 178
68 102 170
63 91 157
32 172 212
10 110 199
54 87 255
84 133 224
61 155 296
74 67 231
100 31 330
27 99 282
97 174 278
77 98 181
28 71 104
55 152 234
11 112 139
32 38 115
41 44 101
83 126 215
81 186 328
88 137 231
45 32 99
91 125 329
44 175 360
56 196 279
21 130 155
14 94 113
90 149 283
96 25 142
9 123 164
79 34 145
33 108 148
43 188 253
29 183 339
69 158 230
34 150 201
30 198 239
32 115 181
100 119 278
61 106 173
21 92 155
14 26 231
99 63 166
46 82 170
14 159 198
66 127 198
64 126 193
41 181 326
93 151 251
17 118 159
43 63 239
74 171 245
80 87 179
50 143 202
80 127 225
48 127 219
20 7 42
3 110 282
81 18 205
46 179 366
68 139 249
52 66 159
79 199 283
59 33 102
60 102 221
38 48 92
31 78 140
91 152 263
75 152 362
65 136 203
58 138 205
53 121 191
28 3 122
8 188 201
40 161 318
74 127 209
59 41 113
92 20 114
87 131 263
6 134 219
32 167 205
33 120 171
16 122 175
63 167 255
19 141 160
58 80 148
4 104 222
25 192 254
99 136 400
36 88 168
29 135 172
81 16 146
26 90 168
36 173 266
18 195 219
17 45 97
83 26 121
14 146 168
93 108 395
25 70 119
49 35 103
69 72 149
44 60 130
96 15 131
66 97 170
3 45 208
7 65 112
98 197 330
55 108 282
2 167 179
3 42 190
40 110 163
13 72 102
49 86 158
22 96 136
80 142 223
6 169 253
17 1 24
66 104 268
63 60 124
72 3 82
73 59 281
85 51 182
87 187 401
98 68 194
29 104 143
44 16 85
25 176 243
16 23 60
67 102 173
10 10 54
64 120 219
31 79 289
15 1 61
9 91 143
50 61 235
45 59 172
97 67 262
8 119 314
18 101 126
32 165 197
8 176 227
14 87 110
89 107 197
75 181 265
71 158 274
60 188 446
84 170 303
90 127 218
77 18 138
2 94 96
15 159 182
56 123 181
54 175 354
77 64 161
66 41 112
5 94 112
94 53 171
78 91 170
11 150 167
22 0 27
85 169 356
15 96 283
18 183 236
58 81 142
11 147 180
68 123 198
63 140 210
70 172 252
40 68 117
6 119 130
73 185 270
95 6 203
56 19 111
98 149 270
3 122 226
23 119 164
13 112 161
70 59 132
71 160 240
25 157 188
91 134 227
7 4 14
89 163 253
64 115 213
