340
61 22 93
73 126 350
36 102 142
76 112 220
100 136 363
5 120 129
66 22 263
93 93 212
87 197 288
82 80 197
63 108 217
78 62 149
31 177 218
22 134 201
6 59 65
21 134 157
88 18 190
89 172 399
85 63 155
98 73 171
57 160 248
37 62 122
30 130 160
69 93 166
28 91 197
59 180 242
8 145 159
60 184 247
53 98 154
23 42 146
3 101 113
93 2 127
8 43 71
89 45 249
63 18 85
13 59 106
52 33 282
70 37 134
15 169 186
92 125 223
43 125 259
96 103 208
19 65 92
77 110 203
46 9 61
38 161 390
4 144 150
82 181 421
7 29 164
62 153 225
4 173 180
54 196 385
77 12 118
8 55 67
43 187 402
52 195 257
33 3 37
83 43 167
70 61 316
74 175 253
64 126 245
32 179 241
81 180 269
49 55 165
76 31 243
80 9 98
90 45 152
90 166 262
52 38 94
8 122 165
96 34 168
68 133 388
22 177 235
54 56 113
4 195 203
87 29 164
78 42 123
39 47 96
35 128 165
32 24 69
94 65 162
47 147 197
47 177 247
8 186 238
94 53 222
39 6 157
21 178 218
85 111 203
34 69 140
21 184 207
45 133 199
43 188 231
19 29 65
71 81 195
19 158 287
68 173 249
29 192 271
48 128 186
56 9 67
2 195 200
68 109 197
58 69 128
71 36 109
4 36 222
75 34 288
38 81 134
91 153 250
100 186 481
40 110 324
94 93 188
49 35 85
72 99 199
34 195 296
2 128 235
33 127 320
31 185 220
23 177 243
80 163 319
26 37 66
53 63 119
43 80 152
86 89 226
92 173 308
54 131 212
68 175 281
40 48 93
94 194 296
36 88 133
78 74 178
62 171 254
60 78 147
36 64 250
46 107 197
77 96 174
31 185 224
94 181 464
25 4 36
59 185 293
50 139 205
52 15 110
37 42 89
16 171 198
1 0 190
96 70 174
96 94 357
76 155 231
69 18 225
60 135 243
43 0 47
63 168 273
76 198 274
25 160 214
53 100 161
88 139 336
53 95 307
74 11 134
78 103 185
21 6 33
63 40 123
31 127 284
62 104 202
99 160 260
88 160 291
43 117 163
51 73 138
94 75 180
5 12 18
47 29 80
29 86 116
30 4 137
97 7 292
78 195 320
99 62 168
46 71 117
15 164 225
40 162 244
15 156 178
66 157 228
55 86 286
32 105 146
51 23 218
63 115 307
72 98 178
47 30 87
28 179 207
48 82 135
37 174 215
41 22 110
68 148 237
78 71 327
11 152 206
37 132 298
40 33 85
10 176 298
41 141 186
13 26 63
14 77 153
69 136 206
64 153 242
20 84 275
88 29 153
63 87 166
19 113 139
33 158 221
59 197 295
19 153 330
25 124 150
5 8 49
22 47 106
23 168 225
27 192 224
35 149 193
79 92 180
87 173 261
96 95 238
58 89 157
49 200 281
43 171 263
66 141 257
90 94 194
41 96 140
3 184 204
66 134 247
36 20 187
30 10 50
59 104 166
82 168 256
80 18 104
21 138 162
43 158 211
80 190 359
61 83 184
88 46 186
94 157 257
7 127 135
16 108 132
82 144 227
27 136 174
99 28 323
23 13 52
27 19 49
8 53 94
44 108 154
31 158 197
32 136 193
38 78 120
23 17 40
97 13 288
65 75 142
3 126 131
40 172 287
13 49 68
55 90 152
47 82 129
77 158 254
79 59 138
81 148 319
19 40 75
81 191 276
75 174 259
36 79 311
48 34 91
30 17 54
91 4 99
25 161 206
50 14 68
67 137 244
75 138 328
87 108 304
72 33 113
23 64 94
34 13 53
70 161 385
45 69 139
53 104 224
64 116 189
71 6 105
48 57 108
47 48 97
87 21 111
3 130 139
46 145 191
95 14 223
88 37 195
46 31 81
30 57 104
31 122 201
72 66 148
1 3 12
21 134 280
84 78 163
34 139 187
68 170 267
71 33 107
80 146 336
87 178 275
19 127 146
49 146 236
95 166 456
66 70 284
3 102 248
90 80 205
30 182 244
33 151 341
83 20 227
8 199 249
36 9 46
87 83 179
4 68 180
62 131 226
65 99 292
5 96 126
98 189 308
92 38 136
29 124 343
95 10 114
73 11 84
54 189 425
5 93 104
7 36 149
89 163 300
38 38 114
36 6 75
72 194 323
89 129 309
53 112 199
71 185 285
23 43 173
3 188 195
11 101 217
34 97 137
82 113 244
74 5 81
47 138 193
93 189 290
34 84 158
89 161 259
13 180 339
51 50 177
16 127 144
