480
35 182 245
58 38 107
69 7 180
35 190 227
19 118 167
21 28 241
34 164 203
58 191 251
25 25 124
53 84 143
85 39 168
56 93 152
87 119 211
71 198 308
70 116 211
14 44 106
11 126 144
7 184 204
42 174 338
81 155 294
9 184 206
12 130 143
59 55 149
28 114 319
37 171 306
72 39 159
44 99 145
58 91 151
59 135 373
42 64 118
24 68 105
27 74 142
54 23 83
74 76 162
43 152 212
84 143 266
63 93 156
55 59 128
80 26 114
61 76 144
12 196 208
44 8 94
96 142 286
22 27 202
39 53 198
41 116 164
51 126 186
76 90 166
50 127 366
80 64 146
93 38 171
10 194 206
40 0 60
68 163 316
1 27 36
58 73 137
68 94 172
38 143 183
73 49 125
18 197 251
37 78 115
91 87 181
15 146 162
12 67 79
83 180 269
40 173 213
42 129 316
75 78 153
21 1 36
2 18 28
7 156 166
25 136 314
55 129 373
88 106 252
8 123 137
3 167 177
11 83 107
13 42 68
33 64 106
93 28 127
54 78 272
85 95 279
65 156 227
93 50 172
9 198 228
38 197 238
86 121 254
49 184 265
44 63 152
83 117 361
2 153 176
34 46 80
52 125 316
70 158 243
39 27 103
84 75 183
51 49 117
76 162 251
6 122 173
75 159 236
36 42 197
71 84 265
20 65 107
31 41 107
99 198 310
69 131 245
47 79 126
66 135 240
52 112 193
62 147 214
47 120 169
29 175 321
21 152 194
16 181 200
26 192 223
14 143 163
46 122 169
74 172 261
83 151 237
52 101 158
35 146 183
47 133 184
51 132 290
41 36 267
91 59 159
20 172 199
1 88 129
91 146 254
14 118 133
97 74 195
53 127 190
49 87 150
65 117 273
81 49 136
62 67 129
15 183 370
20 121 146
96 70 175
92 96 317
70 154 237
32 113 154
39 162 209
41 17 65
22 144 256
82 94 199
92 165 300
44 160 236
42 188 255
55 133 198
21 117 336
30 137 186
11 141 286
76 116 215
53 126 184
91 112 279
85 66 190
22 176 207
58 138 196
4 162 176
11 23 48
19 102 218
89 92 190
5 80 238
72 86 163
100 72 311
91 53 158
90 10 118
9 183 193
24 30 138
30 114 151
10 107 129
79 12 136
19 199 221
32 57 92
70 77 177
7 39 52
2 25 70
83 16 136
82 53 245
68 93 169
73 181 263
10 181 358
94 110 205
27 126 166
6 48 110
53 76 212
75 2 81
93 194 347
76 176 366
30 175 211
92 72 164
5 30 110
29 179 240
59 134 228
91 189 326
57 61 167
23 11 69
85 199 448
60 158 394
9 132 158
73 26 132
66 26 171
23 94 120
12 48 226
69 131 227
20 94 138
67 173 240
68 4 80
70 136 402
94 148 273
39 165 218
7 72 90
3 6 48
78 58 139
35 81 129
4 187 339
90 65 157
65 74 162
31 144 304
22 151 210
99 86 188
40 104 200
72 29 106
16 166 187
46 45 277
27 17 81
11 175 323
92 28 281
48 146 198
25 185 214
80 99 199
64 189 263
99 19 127
21 197 221
70 11 108
25 191 222
72 185 263
44 93 147
45 37 95
99 197 464
59 106 171
77 103 190
38 57 101
43 66 213
1 128 168
35 168 219
11 144 199
5 197 207
13 180 200
23 23 140
76 111 196
56 27 84
41 23 72
39 86 135
23 81 131
20 96 137
1 175 193
93 180 295
74 106 232
92 146 245
95 199 302
100 70 200
17 130 154
86 26 158
61 47 108
47 67 154
27 200 249
28 165 193
62 75 173
10 170 189
16 5 33
10 19 39
85 22 111
42 154 212
53 117 180
4 108 138
100 50 188
76 40 124
100 75 177
98 171 278
13 50 63
40 145 189
25 166 219
75 142 382
11 162 364
66 52 161
17 114 166
46 0 72
38 15 196
60 34 243
84 130 245
81 53 178
10 196 224
69 199 372
32 43 76
41 113 275
95 9 195
68 106 182
59 15 106
86 135 229
65 0 73
11 17 37
55 138 193
11 190 204
85 4 142
25 110 214
93 195 289
46 76 159
37 119 219
41 31 154
47 114 205
2 183 247
82 96 214
7 190 223
47 144 204
46 153 216
27 26 62
10 105 116
46 52 269
65 176 241
14 196 214
48 182 237
68 162 255
9 133 142
20 59 88
67 165 281
95 33 137
38 22 124
69 159 319
53 75 135
24 168 222
37 64 223
36 116 335
86 110 235
14 111 134
40 163 394
55 130 315
55 0 179
26 103 168
41 160 205
18 178 331
76 15 249
53 20 76
44 144 264
91 35 128
5 104 114
31 170 203
69 146 264
56 62 118
8 145 156
99 0 271
90 126 336
33 20 138
28 163 209
98 28 136
19 145 170
25 33 145
19 164 184
52 118 289
25 106 181
76 150 383
25 172 230
57 35 187
61 78 144
92 47 185
58 100 275
56 139 314
51 105 156
53 125 214
72 61 290
100 41 158
57 17 99
2 0 3
15 92 150
58 10 77
79 31 112
28 178 239
15 183 206
84 79 304
67 1 82
3 136 159
38 198 297
30 38 103
17 149 210
79 141 313
96 141 271
32 190 401
97 63 165
87 110 393
37 150 189
19 0 26
26 159 189
46 54 105
2 130 134
85 8 132
49 9 108
6 55 111
60 91 151
69 87 166
63 184 249
30 132 192
81 122 233
91 8 102
42 159 210
17 98 116
87 52 185
3 14 25
88 98 191
25 157 186
20 162 188
91 106 202
4 82 137
35 93 206
28 26 64
7 18 53
41 188 381
73 162 236
32 34 78
51 77 146
61 124 359
77 43 128
58 176 410
69 162 325
98 71 169
44 66 196
92 55 190
26 1 191
2 45 54
65 85 189
9 175 227
43 5 94
90 123 223
47 165 222
2 189 193
77 60 151
11 92 111
79 74 153
32 84 118
96 178 297
19 160 222
49 126 281
51 128 191
24 122 313
90 39 231
5 124 135
59 140 246
22 121 148
24 200 224
65 63 129
57 22 125
96 64 340
59 63 153
35 55 93
22 65 92
96 91 372
65 156 407
18 150 171
2 20 56
29 67 104
15 156 325
30 119 152
52 189 266
25 130 172
4 53 105
47 123 254
69 64 181
38 111 187
27 199 232
32 87 164
16 142 168
61 170 234
94 50 147
79 157 322
18 184 210
34 36 74
11 66 95
8 100 187
7 59 155
77 28 268
77 10 136
