400
36 38 127
8 47 84
29 101 141
20 189 214
17 143 162
58 130 224
40 169 211
89 2 93
88 187 315
48 135 206
91 167 265
74 172 250
95 140 344
26 133 185
18 110 304
38 178 242
82 151 252
51 126 186
9 199 386
65 64 273
26 113 305
87 33 124
96 141 278
49 79 136
51 124 214
97 37 298
59 91 179
51 165 266
15 124 159
6 52 61
53 128 222
42 26 89
21 0 24
31 185 385
66 167 268
50 29 84
29 114 185
77 166 244
96 48 171
13 74 185
14 175 233
83 138 235
82 136 226
86 108 199
29 138 187
28 32 162
7 93 106
17 104 155
56 152 212
2 167 169
24 25 203
9 65 97
58 102 305
6 51 255
50 163 218
54 14 122
32 17 54
61 159 259
76 0 76
7 181 232
19 10 29
51 81 197
20 180 287
17 86 134
65 139 233
98 19 126
41 85 127
85 156 251
61 133 207
24 180 211
2 122 126
33 194 228
78 153 357
71 139 321
29 80 120
83 102 190
38 107 156
48 179 248
15 123 184
67 164 309
92 80 197
40 107 165
34 122 181
56 160 217
37 132 199
26 37 82
86 21 264
17 175 350
79 109 207
49 137 273
1 53 62
91 29 305
82 73 178
47 122 175
83 85 169
44 101 304
96 3 107
70 85 156
50 35 187
86 173 266
41 165 211
46 191 254
37 43 119
34 5 59
10 125 193
5 154 258
42 166 238
21 55 88
22 121 159
38 149 217
31 72 152
75 86 162
84 151 314
86 191 318
83 70 155
50 140 197
85 95 219
100 189 312
61 168 231
3 83 238
82 137 223
63 105 284
77 121 203
24 167 264
22 65 117
39 0 75
64 162 249
24 151 259
30 106 250
26 30 79
28 176 214
69 104 220
80 4 243
66 46 122
81 84 171
28 5 73
10 126 153
59 187 379
45 197 244
34 156 233
53 155 218
52 101 161
24 31 63
98 86 190
5 22 65
99 187 307
89 89 215
62 198 294
44 148 205
48 128 216
62 51 162
41 27 104
81 148 392
98 39 146
67 131 202
94 135 267
57 108 168
60 126 194
41 117 202
92 1 100
96 9 247
26 173 203
53 198 261
94 92 188
63 196 263
35 9 90
48 192 265
9 123 140
91 189 281
38 162 205
70 25 183
99 67 170
95 46 145
99 90 192
70 139 234
52 13 104
90 120 245
75 43 119
92 26 124
80 73 196
83 92 191
15 154 195
33 139 182
25 190 223
71 145 261
66 144 220
85 112 222
66 195 391
83 144 254
26 157 235
13 81 96
74 152 324
9 35 44
23 182 276
34 30 74
76 161 238
58 157 341
62 40 124
41 155 239
25 184 239
36 172 218
84 129 215
73 169 261
2 116 125
38 178 302
37 167 205
52 2 82
46 148 287
7 4 46
34 133 256
46 64 139
99 96 243
30 189 245
90 133 270
51 186 247
44 157 248
24 93 146
75 130 205
57 115 182
91 155 250
70 142 220
6 24 213
88 73 165
70 124 198
22 139 169
58 186 254
73 165 388
63 161 333
57 11 78
83 42 134
14 43 58
100 174 326
84 135 249
62 146 245
75 144 238
11 167 346
64 151 225
69 46 149
21 101 171
3 29 32
56 199 264
16 75 97
50 85 143
9 106 146
1 121 180
52 47 106
42 10 53
76 2 86
92 23 182
74 25 115
19 12 31
37 111 149
64 149 229
8 48 58
41 174 299
41 117 353
17 194 211
21 99 210
95 194 298
27 59 139
35 102 144
6 123 136
3 140 163
93 185 280
52 1 61
39 167 209
78 125 211
19 180 233
72 183 261
13 72 100
8 105 119
35 105 183
16 49 67
66 4 87
14 187 208
11 163 177
32 115 150
55 35 136
54 189 245
45 104 199
42 63 245
71 4 118
40 70 152
74 111 193
37 144 187
89 0 95
28 119 185
13 121 178
95 196 368
62 85 159
59 98 163
97 99 394
16 194 376
99 57 159
73 69 156
13 76 115
96 117 224
40 42 234
86 34 165
75 100 208
10 193 211
19 173 214
39 10 97
100 8 118
66 61 136
61 27 106
95 117 349
44 113 161
54 192 251
95 46 147
2 147 277
20 108 134
9 142 351
15 10 28
97 143 248
21 89 117
21 165 191
86 141 230
38 34 81
100 2 170
7 93 124
29 51 84
12 156 171
95 137 261
28 127 164
79 179 262
47 29 116
46 118 251
9 21 61
64 44 115
51 194 270
63 92 294
54 173 231
31 36 75
11 125 137
80 82 177
28 111 182
34 68 112
3 150 347
65 127 200
9 152 165
4 148 179
9 116 138
19 27 49
37 10 246
83 9 214
70 19 112
98 62 169
52 193 256
99 130 238
93 67 183
28 50 79
28 42 78
18 94 122
36 123 165
97 146 245
19 169 212
98 187 335
20 134 162
76 101 376
22 181 213
51 162 232
10 128 162
93 164 276
78 46 278
70 11 247
73 151 225
31 15 70
15 192 356
61 155 339
78 18 106
67 199 367
26 6 169
16 104 198
73 96 353
98 86 214
84 196 280
35 46 122
82 190 402
54 6 81
94 74 175
78 47 292
16 43 230
46 162 217
8 91 107
65 77 180
4 160 184
91 31 123
68 12 89
14 27 51
41 168 212
75 38 224
86 14 132
43 4 49
60 187 356
19 23 80
18 86 196
28 89 117
65 173 244
73 145 231
