440
10 61 219
3 26 39
96 185 281
54 145 206
31 73 111
81 27 176
43 87 167
50 17 69
44 45 92
12 116 128
58 189 345
96 165 262
26 188 261
54 130 234
8 184 329
50 74 142
69 89 162
66 77 277
33 93 322
39 108 184
43 107 168
60 158 222
62 166 235
66 189 294
6 82 279
55 88 318
76 29 109
98 142 328
35 186 224
3 4 136
17 97 123
31 90 123
19 21 55
43 105 161
74 6 114
25 28 87
39 111 188
58 29 99
18 68 89
95 150 248
61 29 112
90 94 230
80 95 208
16 22 47
38 20 70
85 100 185
71 75 149
17 93 150
53 78 139
37 127 166
36 182 373
10 37 50
82 140 227
70 197 419
39 80 203
93 146 245
66 86 282
76 125 207
70 18 90
23 76 157
37 183 326
97 197 341
62 179 250
9 195 355
32 60 96
92 62 164
81 6 106
23 100 123
68 81 192
31 34 99
58 125 187
78 143 313
74 80 203
95 166 309
31 157 190
16 101 126
43 114 178
19 191 213
47 110 324
3 160 212
99 161 261
27 153 184
89 34 308
76 120 205
11 100 150
91 5 98
54 37 92
39 188 401
100 107 209
8 131 157
97 14 157
69 167 355
96 87 191
94 168 264
77 151 236
89 48 320
59 85 187
41 133 264
43 9 91
31 13 53
100 151 290
96 181 324
40 75 214
95 134 362
98 117 250
79 128 358
76 45 126
76 154 262
54 200 254
70 108 178
53 85 188
90 122 303
39 104 159
17 65 92
58 145 249
74 86 201
76 65 144
98 177 276
46 199 250
84 23 146
13 127 184
97 176 462
32 19 219
21 126 198
33 52 110
13 7 203
57 28 92
40 64 113
37 65 105
37 63 108
54 173 249
43 93 155
42 127 215
10 137 196
7 39 114
7 165 194
36 27 69
64 76 214
38 128 334
94 169 286
14 76 96
16 59 83
77 156 276
65 162 234
49 95 311
8 13 25
50 42 101
70 177 252
49 128 202
76 176 414
76 26 126
76 96 180
8 83 91
40 23 73
16 14 39
62 130 225
34 64 101
99 148 265
10 116 126
88 54 168
66 161 234
96 174 308
92 47 142
5 104 116
34 106 145
68 19 100
46 141 197
56 7 102
5 114 119
13 32 137
92 14 108
52 175 277
96 115 253
75 122 234
48 127 182
61 133 201
53 86 141
59 95 350
12 126 146
38 113 238
38 46 132
91 21 118
81 120 205
89 31 234
76 147 233
40 102 152
27 110 141
43 177 282
53 124 181
14 137 155
17 184 204
31 41 206
30 195 384
12 11 27
17 110 166
45 183 228
95 135 244
31 78 111
84 112 236
49 119 357
11 75 252
32 14 46
82 36 194
69 139 242
39 30 99
57 14 89
59 36 97
88 32 129
2 47 53
49 86 135
46 49 117
25 191 221
38 28 105
8 67 83
56 136 197
91 114 214
37 35 80
16 103 153
74 144 234
24 74 148
67 153 229
12 121 138
2 103 105
44 62 146
84 43 231
39 141 371
33 195 421
46 103 249
1 53 93
71 126 365
89 146 240
62 86 150
11 8 51
14 173 194
7 185 193
31 198 294
43 31 104
86 161 251
71 107 320
37 68 106
11 199 257
94 162 302
46 135 318
42 141 194
81 41 131
31 95 234
82 70 159
91 121 245
93 121 223
56 10 73
53 151 235
68 71 148
77 142 264
49 162 334
88 32 274
25 124 292
62 64 247
6 12 61
24 56 88
71 38 257
37 184 288
64 67 131
86 140 273
64 199 360
46 11 58
23 30 93
8 101 150
52 109 302
66 81 155
36 93 136
49 162 332
41 106 162
70 101 181
10 47 184
36 92 144
52 200 262
40 122 171
97 137 261
85 139 233
74 13 109
61 33 103
24 53 89
24 40 70
24 8 221
14 80 98
47 156 236
97 64 167
26 68 103
74 6 85
94 176 282
68 64 139
33 46 86
32 131 170
100 170 346
19 151 192
59 54 249
38 105 315
25 3 35
30 168 203
38 148 351
78 192 274
48 150 220
57 156 231
87 36 143
83 6 89
91 34 126
23 83 108
86 16 135
53 116 177
53 96 159
74 162 402
87 141 297
87 39 144
54 85 178
17 190 375
42 3 54
35 59 220
81 56 147
43 163 216
88 93 185
95 12 129
76 36 161
83 128 250
38 37 76
89 126 385
98 105 211
7 62 99
51 181 233
68 103 178
84 78 167
75 48 126
83 32 263
92 27 149
71 195 278
38 161 243
55 128 186
14 125 143
24 130 200
49 56 302
31 97 155
76 57 231
34 0 193
23 66 93
3 59 67
5 55 155
73 129 205
1 105 107
85 54 178
69 189 284
40 157 215
65 157 232
75 22 106
19 161 184
44 177 271
89 98 345
49 141 317
51 129 180
77 22 148
15 152 361
22 99 128
78 113 209
97 198 304
19 122 150
59 143 288
18 98 194
37 102 161
28 50 84
85 90 196
1 127 287
57 47 231
72 129 203
20 64 93
36 68 242
78 35 123
86 114 345
8 105 123
100 29 135
3 180 184
82 195 460
99 150 266
67 190 344
55 52 143
55 132 224
68 104 255
81 101 201
71 131 373
9 183 312
100 71 189
9 75 91
40 135 294
49 191 307
34 148 212
43 22 108
31 113 171
49 139 222
31 44 95
23 181 213
23 18 51
58 115 198
17 110 135
29 62 241
83 99 228
96 89 229
6 105 114
79 58 146
36 73 255
84 92 176
96 44 148
63 80 291
64 25 128
24 189 236
4 36 50
90 197 297
27 77 106
42 148 190
21 58 125
21 166 383
100 152 413
40 22 228
10 55 68
51 159 219
60 64 143
96 86 218
2 66 144
33 109 149
98 100 364
19 52 93
84 103 343
51 99 301
12 52 82
32 124 164
98 40 195
4 187 248
21 83 129
37 118 203
71 37 109
42 127 216
29 197 236
9 135 154
46 141 196
