280
100 56 189
43 19 95
96 104 262
58 23 281
21 31 136
74 77 260
49 105 245
53 58 156
90 30 125
69 6 80
99 197 303
17 124 220
6 160 177
35 73 235
25 42 99
27 99 275
9 13 207
13 37 55
21 83 199
80 99 187
7 24 144
17 51 75
4 168 176
43 117 173
36 17 208
78 97 175
56 55 151
69 119 227
6 4 161
99 108 256
6 195 249
92 26 300
14 105 177
43 73 139
19 170 189
51 144 195
97 125 331
73 192 265
48 134 183
77 109 379
50 158 222
28 8 58
33 63 109
62 134 202
20 193 238
48 95 152
42 90 142
93 50 152
88 121 384
57 115 229
94 186 280
89 181 274
83 117 208
17 160 179
93 36 303
67 102 174
28 79 116
57 6 100
81 134 298
60 52 258
63 136 217
96 123 228
38 75 120
28 197 255
24 109 197
14 60 243
39 85 161
23 162 293
29 71 129
39 200 244
16 127 153
14 138 160
16 23 40
58 112 208
31 58 90
81 195 335
40 15 62
48 146 194
87 186 406
92 172 273
93 49 318
33 176 277
58 89 183
57 65 129
13 63 172
56 125 189
36 8 72
97 30 167
38 69 110
90 3 137
39 104 286
37 196 367
46 33 264
7 76 258
89 37 290
14 151 172
92 42 137
70 171 275
47 157 292
78 118 198
6 164 288
60 91 340
43 78 129
52 56 118
42 64 111
64 7 79
12 58 79
46 26 88
62 138 209
68 161 376
51 144 203
39 147 202
88 157 260
93 79 220
26 58 87
36 192 334
63 90 289
51 187 244
73 159 232
76 50 136
9 52 68
25 149 179
29 85 139
37 32 151
88 12 108
56 160 221
39 155 360
52 62 233
43 138 186
1 116 127
73 22 280
58 56 119
21 69 116
9 158 192
13 55 112
70 73 168
82 82 186
14 185 286
20 200 230
90 108 201
4 1 6
54 139 223
82 100 186
51 186 240
85 124 227
48 60 113
23 150 178
87 64 166
89 178 346
83 99 302
97 126 259
88 50 173
9 178 229
5 32 54
27 56 104
22 153 355
73 116 227
60 138 214
35 5 95
34 186 241
46 98 154
80 83 200
77 129 239
3 160 167
6 21 182
22 22 62
91 63 182
29 124 191
13 38 110
3 80 119
56 77 144
85 32 126
24 74 102
35 120 163
50 88 146
76 132 370
85 48 240
38 70 145
30 77 130
38 107 154
73 74 217
95 98 217
56 27 109
17 200 220
2 70 125
52 183 241
8 93 101
86 92 186
76 39 293
10 50 74
70 101 361
97 126 232
11 30 51
90 179 274
18 15 66
42 36 264
6 126 137
63 83 164
76 0 113
6 82 101
36 158 198
52 5 91
83 148 257
69 53 239
19 52 76
42 186 234
47 190 324
39 60 104
42 60 152
58 4 63
72 20 98
99 177 314
81 159 386
68 147 222
62 126 193
93 78 194
94 99 223
43 62 111
31 20 54
8 70 265
87 62 191
57 190 254
20 102 138
3 125 128
15 11 120
5 64 74
68 51 127
49 131 365
59 3 65
22 64 242
88 108 203
49 46 101
2 143 204
4 146 233
11 127 163
11 88 150
73 2 106
34 83 149
20 136 189
36 22 76
68 51 127
38 118 287
54 57 121
57 83 256
32 137 173
67 150 219
84 118 370
21 11 40
86 54 184
15 193 285
79 191 313
74 43 303
33 9 71
8 190 361
26 107 140
48 136 196
42 172 293
77 157 234
84 200 289
30 113 186
12 13 204
92 106 206
62 126 198
42 104 146
40 182 269
83 121 214
56 5 87
31 149 273
20 95 266
56 154 318
37 144 347
61 192 254
59 89 182
27 40 248
80 3 154
21 152 348
93 32 166
91 20 154
38 18 63
55 48 225
