330
45 53 139
61 56 159
49 11 212
99 152 255
73 18 166
13 131 182
70 6 84
7 179 210
72 87 159
20 38 95
43 8 113
36 90 187
78 75 154
97 193 294
89 156 266
32 81 122
19 50 123
75 99 201
85 116 202
26 23 186
78 41 121
47 180 234
32 35 68
63 133 211
92 56 151
83 111 201
40 126 213
71 177 437
5 137 192
26 172 395
58 47 152
92 97 196
69 29 106
72 29 210
83 78 308
75 116 193
38 15 111
24 173 243
63 126 251
91 177 275
36 180 399
66 45 116
54 151 215
62 181 246
89 28 150
18 63 88
34 67 109
37 163 210
86 58 155
30 123 154
41 150 200
90 75 331
78 50 160
24 53 92
10 102 121
21 27 71
51 196 248
55 181 258
50 165 222
62 130 202
99 15 262
66 141 215
95 106 213
6 160 199
57 97 156
21 41 68
61 87 193
72 3 114
97 72 214
92 120 216
54 151 335
41 107 156
37 134 200
57 89 164
88 78 189
10 142 283
32 133 341
80 96 210
47 50 148
83 26 145
52 53 109
13 7 21
16 47 107
82 129 212
84 159 248
64 143 242
79 137 223
65 7 72
82 111 203
29 41 91
58 135 231
75 39 119
48 160 251
83 130 274
52 26 127
1 122 173
54 103 161
90 20 129
72 153 226
36 28 102
65 70 292
20 195 220
62 17 81
34 144 301
13 137 157
8 149 171
2 176 179
5 134 147
46 196 288
80 128 227
39 128 249
47 60 110
48 1 144
45 53 98
99 135 238
34 92 149
60 199 262
50 111 164
71 189 264
83 122 299
65 137 204
78 95 183
86 119 206
62 119 220
70 129 209
100 17 127
15 38 54
68 141 212
94 193 321
35 157 232
15 62 88
27 59 196
30 183 254
77 47 134
82 182 284
87 162 369
60 156 231
31 185 228
9 95 112
33 192 274
96 39 164
20 130 155
94 160 282
92 199 297
88 186 308
39 169 244
5 64 120
17 160 185
86 158 251
90 21 118
43 120 196
52 56 193
52 7 70
3 93 262
54 15 76
5 63 112
41 120 165
59 139 207
32 85 152
83 39 154
3 156 208
17 54 250
74 99 183
1 143 283
90 38 133
32 153 381
84 170 298
98 162 293
29 22 89
6 46 54
16 143 168
57 68 125
1 11 22
29 87 133
72 169 257
22 195 229
30 155 193
34 142 176
22 51 151
8 189 198
23 0 151
77 51 205
26 195 367
70 56 146
6 39 185
1 155 219
56 132 299
38 117 300
56 53 118
70 7 222
17 31 52
36 45 84
99 98 207
16 108 168
15 125 219
89 53 209
13 163 179
12 32 54
81 179 394
66 32 124
67 130 357
81 129 403
84 105 196
1 162 201
47 67 114
12 38 66
69 92 161
57 180 379
50 181 234
47 198 249
82 49 138
93 18 286
31 92 238
43 68 112
70 161 420
100 117 219
55 113 180
36 141 185
52 120 177
67 52 164
22 118 146
7 0 144
7 109 125
37 137 216
26 109 149
80 64 239
53 62 121
6 143 194
92 113 219
13 137 150
30 75 110
66 31 106
42 164 365
74 195 345
45 54 99
84 15 113
85 85 174
63 122 187
54 14 109
24 30 56
84 54 171
77 176 300
32 28 197
45 192 261
74 160 359
20 131 151
8 186 204
36 20 56
25 33 66
55 106 190
7 45 134
42 103 155
59 114 193
91 65 176
26 15 134
49 186 245
4 22 59
1 192 195
84 53 228
65 139 204
51 125 336
28 23 247
8 142 287
25 132 174
88 1 117
98 24 127
42 172 231
39 188 261
49 11 66
38 170 226
61 73 135
65 41 148
77 112 190
85 198 347
57 146 311
5 68 149
29 141 351
94 30 129
90 86 182
50 67 123
90 1 154
55 136 197
28 36 64
99 68 205
21 7 47
49 108 235
90 122 365
52 194 254
28 154 289
69 107 176
30 167 206
47 8 57
77 11 114
94 117 231
77 98 208
79 185 272
12 112 131
3 128 141
21 27 51
19 16 45
94 81 184
98 79 230
85 71 157
92 142 317
41 38 251
49 51 146
77 59 139
98 190 410
22 30 81
12 141 163
20 67 116
90 4 101
41 18 78
50 64 250
46 134 185
77 40 123
10 148 192
86 79 166
11 68 262
55 128 187
50 95 214
10 8 187
54 36 219
100 100 210
30 97 290
66 189 285
19 119 154
96 157 392
47 153 243
86 179 386
