200
17 33 75
24 64 122
28 41 94
13 13 34
32 179 240
32 20 114
55 116 217
27 191 263
60 35 245
91 60 181
74 134 406
94 146 243
63 136 202
66 190 281
20 156 281
89 74 190
63 31 129
56 150 375
74 159 278
42 194 318
53 197 254
38 80 124
81 77 327
15 55 176
9 90 167
67 49 164
33 151 190
14 178 357
94 23 235
73 91 220
64 130 197
88 189 302
39 133 177
82 180 263
38 177 326
64 2 94
93 169 264
87 137 332
26 138 182
70 179 252
74 8 83
20 117 140
32 3 68
7 141 166
59 78 238
37 179 218
28 76 112
74 186 265
46 22 169
11 104 153
24 45 193
77 1 207
54 66 120
18 112 154
56 127 364
95 66 171
42 127 169
62 184 418
18 127 154
2 101 104
34 26 69
22 194 411
34 57 134
65 3 74
97 43 179
34 20 191
87 22 116
38 13 51
49 139 372
68 128 198
68 60 328
76 90 170
94 59 163
75 27 103
89 163 290
3 46 62
59 199 306
23 72 95
82 77 166
91 26 126
62 150 234
99 180 286
30 142 175
51 55 150
43 180 265
89 136 239
72 92 168
17 174 197
2 3 181
94 126 224
52 178 242
82 49 134
83 15 133
29 175 360
8 94 104
51 197 255
54 137 225
1 176 224
76 117 196
54 134 223
48 77 133
47 189 236
79 24 103
24 157 183
16 158 189
80 56 153
95 114 214
77 87 173
33 154 207
23 122 331
100 148 283
25 54 165
39 152 224
76 123 229
59 192 402
84 101 294
45 112 188
64 148 217
34 31 166
42 120 334
70 104 175
32 31 88
48 3 59
85 190 315
33 179 217
19 93 112
1 195 345
80 101 197
43 68 155
56 132 197
91 60 186
8 23 34
88 87 183
37 53 163
70 90 175
49 65 234
83 118 251
55 36 110
46 34 90
27 14 48
2 119 246
17 172 199
74 11 108
37 29 128
45 176 224
56 3 236
62 95 166
34 33 70
85 15 104
65 177 368
93 162 348
80 188 361
95 134 259
24 179 250
61 106 173
60 146 237
46 31 78
100 173 415
71 190 305
24 82 107
32 130 205
39 185 418
5 174 187
84 64 340
62 65 207
80 91 366
97 119 216
31 31 65
42 33 84
44 155 207
26 14 46
29 138 311
7 75 83
14 19 150
38 14 58
5 96 109
90 193 327
35 65 119
16 53 96
60 95 326
6 138 149
74 30 129
13 100 116
2 155 166
51 40 260
42 124 169
72 138 217
23 129 340
53 69 139
2 10 162
58 77 159
30 62 132
87 19 135
61 98 206
88 183 272
25 181 234
61 85 336
23 189 222
91 187 443
65 182 359
