980
96 184 468
46 53 99
51 131 225
49 195 266
31 159 237
46 82 302
31 87 136
77 139 242
98 182 456
79 161 369
9 36 90
96 57 165
84 151 272
22 85 114
16 53 71
51 164 282
7 173 312
79 127 223
90 197 298
28 109 236
40 57 143
6 196 205
23 103 129
13 119 151
26 182 322
61 48 131
4 101 125
77 65 142
15 145 160
33 19 71
33 168 206
93 188 326
13 200 260
93 100 353
93 16 117
10 74 89
53 103 157
65 15 85
3 4 20
95 101 200
68 83 159
25 167 192
37 121 265
16 0 62
34 6 70
82 7 104
52 156 328
82 76 162
72 101 216
35 160 228
64 8 127
6 180 361
16 79 216
79 14 124
60 58 156
2 32 35
88 183 313
82 136 254
59 10 135
63 191 284
46 59 184
41 198 437
10 110 124
100 60 167
10 129 168
24 195 389
89 116 272
1 191 202
21 19 98
20 68 135
59 105 164
14 124 142
73 194 326
19 121 340
81 45 127
33 139 176
50 63 117
60 155 225
45 139 185
38 125 169
51 45 101
47 84 141
87 156 244
71 128 378
42 154 211
18 103 291
19 158 368
69 29 170
46 72 143
99 169 366
84 14 107
57 110 176
91 184 282
41 49 90
99 98 234
60 177 284
38 141 183
77 174 257
4 77 114
7 98 114
89 87 197
22 106 138
12 99 252
6 6 15
14 3 46
57 69 156
84 149 239
46 89 156
60 82 150
16 104 150
19 48 183
19 0 45
51 131 187
22 16 178
18 200 218
80 120 373
12 151 257
93 165 258
34 99 300
40 83 149
100 5 208
41 90 150
96 104 377
6 115 127
58 76 145
70 197 462
40 71 204
81 55 186
59 132 195
77 105 231
58 52 176
39 22 193
51 187 273
23 63 116
98 134 373
7 90 101
36 193 276
13 105 160
65 185 329
5 98 235
37 59 101
66 198 269
95 182 308
35 193 269
29 183 262
66 65 170
41 69 301
93 111 224
69 45 124
20 195 248
29 82 177
63 199 355
53 77 139
94 26 193
60 190 254
57 108 173
81 135 248
40 54 181
60 155 256
83 104 211
38 101 142
36 46 84
81 117 199
71 76 148
3 136 178
74 53 132
91 48 157
85 199 453
5 61 69
59 56 136
23 133 156
41 108 179
17 169 191
54 18 80
93 75 175
52 195 270
40 140 357
16 102 119
26 16 89
34 163 206
62 129 311
91 146 239
42 132 176
30 137 328
3 185 205
27 13 46
37 30 71
99 5 104
7 112 150
95 27 172
92 142 312
54 193 278
62 87 306
29 50 262
38 99 153
75 160 368
10 45 184
96 116 391
90 160 366
10 54 105
83 131 219
86 22 219
50 139 239
98 95 195
74 164 242
80 130 211
34 51 135
10 120 135
78 6 92
85 162 290
39 53 100
33 148 183
90 177 272
45 53 271
4 81 125
49 194 342
21 166 194
71 138 360
52 84 144
30 64 97
34 85 185
78 177 262
62 66 165
25 34 86
90 185 313
85 89 175
26 183 339
54 190 278
19 78 144
3 31 83
29 58 136
71 155 231
89 125 240
58 77 285
74 13 120
34 24 64
88 137 262
79 78 334
23 106 177
67 4 76
12 1 213
6 160 166
54 160 215
8 108 154
3 46 81
87 161 282
62 150 394
21 176 203
14 199 220
58 113 259
88 195 284
17 69 88
4 115 126
3 197 285
7 137 192
86 119 211
88 96 189
76 14 288
49 0 52
87 54 335
53 125 187
70 180 402
62 77 301
70 107 178
86 34 191
83 127 215
64 25 130
4 169 173
8 15 23
84 26 200
24 62 282
53 3 58
15 101 159
38 127 170
100 183 350
35 91 240
18 100 121
96 79 201
49 157 232
99 19 147
43 26 70
57 148 393
21 36 62
73 139 251
46 29 78
10 166 184
17 185 202
10 186 286
62 42 104
76 123 314
95 197 348
95 148 401
44 146 239
60 147 214
97 120 256
79 41 138
12 4 63
3 1 7
46 50 105
11 54 72
28 198 234
67 113 210
21 20 46
57 27 94
31 66 291
58 38 98
81 108 193
78 148 410
95 180 278
34 198 234
48 91 153
90 172 436
31 161 195
29 118 280
28 126 330
12 75 92
75 184 273
24 101 255
81 127 277
60 35 183
56 184 247
56 83 157
57 144 207
61 178 239
62 191 304
73 7 89
36 165 294
3 116 124
2 138 223
37 186 223
80 143 252
64 122 198
17 42 87
48 118 206
64 130 263
57 43 151
44 96 309
40 184 257
99 149 256
67 148 305
77 167 254
64 65 131
72 113 287
83 46 134
10 120 328
58 119 212
23 43 88
61 166 247
96 167 270
93 139 239
76 8 105
44 147 196
53 164 219
50 71 184
79 195 327
16 134 271
25 185 304
11 62 87
22 121 155
86 10 133
51 146 205
15 34 55
97 150 257
23 91 117
58 187 249
81 101 183
12 76 203
81 110 193
78 143 265
24 54 267
32 156 255
49 106 199
84 1 250
80 60 163
43 182 248
30 81 125
93 125 389
1 14 28
14 35 167
44 82 130
72 155 331
16 130 295
33 49 115
21 157 209
76 154 398
18 105 160
97 134 231
1 177 185
9 21 40
72 137 218
49 151 213
45 63 233
45 139 207
4 71 76
82 128 212
83 169 369
62 185 257
85 12 109
88 82 192
57 3 79
79 148 235
5 11 64
96 55 154
19 125 154
78 119 201
17 16 38
53 199 361
36 132 265
32 32 70
40 129 303
45 108 154
30 154 191
42 61 185
71 127 213
83 122 228
45 120 167
82 24 144
44 91 144
72 132 230
4 197 205
18 33 57
97 87 302
97 179 376
54 64 189
84 8 96
57 182 352
54 83 312
46 105 158
16 86 147
90 185 275
42 150 201
50 87 148
6 24 74
44 171 247
71 181 257
53 90 291
41 185 228
2 105 134
53 63 216
2 68 84
99 12 273
73 19 102
22 162 287
87 139 228
53 34 87
85 100 187
65 194 266
7 132 149
45 110 268
49 76 136
5 126 316
22 116 312
8 69 112
23 102 135
36 101 177
3 168 177
1 84 85
22 96 165
9 87 252
8 145 155
15 179 198
64 196 266
80 150 239
29 144 175
47 13 72
24 183 214
55 195 282
38 29 130
38 118 156
54 62 226
77 39 125
57 81 141
30 88 120
75 112 275
12 151 181
12 130 148
68 11 83
89 140 232
10 126 156
9 47 58
80 6 86
30 57 96
93 27 129
20 86 107
63 96 183
70 24 97
6 3 22
49 79 132
17 126 145
94 103 219
13 149 171
47 36 149
30 177 213
33 128 163
15 51 95
54 19 78
23 126 159
23 23 51
10 120 162
20 63 87
74 144 304
61 77 231
81 35 118
54 179 264
2 40 80
64 64 172
86 30 144
31 144 178
72 51 126
43 153 229
44 156 272
4 73 79
31 101 245
96 92 189
86 61 240
97 187 460
52 145 339
42 73 298
49 123 178
32 110 184
22 143 165
56 146 242
46 78 179
28 170 303
68 61 138
24 16 85
49 91 148
68 110 356
36 147 183
4 82 86
29 184 260
46 195 248
18 3 171
46 157 283
82 16 148
39 24 99
72 42 123
91 60 195
29 14 53
22 84 211
54 150 398
5 114 126
37 26 69
78 164 251
44 31 81
11 154 203
37 69 279
78 113 196
63 162 234
17 179 204
7 83 136
19 197 220
14 167 256
72 94 175
12 59 73
78 91 260
21 64 88
52 57 296
90 88 345
98 65 257
62 125 233
81 31 148
85 54 146
78 110 192
14 179 210
30 100 223
29 159 224
58 119 178
49 97 168
12 152 172
63 126 225
71 76 181
16 60 94
100 9 211
61 187 259
22 94 125
48 63 126
2 127 250
21 67 94
98 41 166
21 35 84
42 65 116
63 106 177
16 136 202
21 73 258
63 131 342
34 171 235
34 132 190
16 62 81
36 166 209
68 76 145
50 185 257
83 18 136
32 126 248
35 163 198
92 51 148
66 27 165
52 199 259
44 101 154
54 44 104
27 176 210
77 133 334
97 190 410
32 97 129
57 26 122
16 96 112
6 9 24
91 74 169
79 195 290
16 46 179
71 33 288
53 57 117
11 54 70
49 123 180
34 89 164
96 55 278
14 46 185
54 84 145
46 40 86
7 0 10
100 86 329
8 65 83
13 121 327
95 35 166
60 73 142
84 18 259
37 107 170
55 4 100
5 146 172
93 138 241
73 49 126
10 80 91
91 60 208
43 85 168
67 198 273
7 64 71
9 78 96
76 90 167
88 145 241
56 114 172
21 81 151
75 81 221
45 109 338
61 102 291
59 15 78
17 86 105
82 34 126
1 172 176
39 176 228
40 62 110
58 108 167
84 187 273
98 36 165
18 141 161
81 180 426
13 71 88
28 4 70
81 149 286
64 125 216
66 199 266
16 144 166
67 6 77
100 138 393
4 123 174
45 180 296
70 194 333
93 180 321
71 63 156
64 197 271
59 5 70
24 106 168
58 175 238
72 154 235
47 49 135
68 168 238
17 63 169
91 26 120
32 93 156
3 169 188
14 123 146
59 50 133
55 94 159
79 107 370
6 67 111
37 76 154
52 177 237
14 81 243
45 24 257
9 42 53
88 180 299
22 186 254
82 6 96
17 167 197
15 177 232
41 68 148
58 67 222
7 84 100
3 171 184
34 194 414
25 168 195
35 164 217
71 123 196
47 98 200
90 173 273
10 57 231
54 44 99
5 95 134
86 144 250
44 145 198
88 27 119
31 21 53
8 131 139
11 30 75
95 155 285
89 154 293
7 98 115
35 111 171
47 17 72
24 2 39
54 176 230
27 13 46
69 26 133
42 0 50
40 7 53
96 191 295
63 84 148
61 166 383
55 89 144
45 41 94
61 124 259
53 130 348
3 180 220
81 41 297
70 87 159
91 162 370
21 81 171
10 135 150
98 134 265
4 23 34
96 168 266
63 135 219
59 4 195
99 171 374
92 75 168
93 138 256
48 148 235
100 94 242
84 63 231
30 157 224
90 3 180
19 49 71
91 189 318
80 159 285
80 199 400
20 158 184
48 6 56
31 29 87
41 35 101
73 41 118
62 166 254
30 70 181
83 103 213
62 153 223
81 63 192
72 72 144
21 55 123
14 88 112
25 186 223
85 132 223
93 59 197
80 28 139
55 78 141
44 20 70
1 38 231
57 177 261
35 76 112
27 114 142
57 176 267
29 113 143
35 18 161
47 129 349
68 54 218
1 104 295
74 111 324
53 108 193
87 8 191
87 28 120
49 86 142
94 192 309
70 23 119
10 193 217
60 0 106
79 182 271
77 103 215
65 125 195
32 70 123
91 197 395
58 25 90
72 101 176
55 14 76
17 65 126
95 200 305
29 96 190
7 59 112
58 185 252
69 70 142
12 69 90
39 68 114
100 4 130
99 195 298
27 183 215
51 51 110
7 37 49
44 71 151
45 59 119
89 15 110
85 96 198
62 13 76
54 153 214
45 119 167
17 77 98
24 0 152
26 1 164
92 56 173
82 141 230
62 127 189
100 33 152
16 40 63
22 28 89
43 151 199
63 120 206
21 48 100
40 186 238
60 151 296
26 132 164
12 184 223
4 161 200
82 82 164
20 27 50
32 183 264
45 37 261
7 155 179
39 7 56
10 113 137
88 108 199
33 93 211
36 17 63
13 112 167
65 42 135
73 158 237
91 6 231
97 198 343
66 53 144
16 12 43
57 75 285
22 29 55
68 95 316
59 91 159
56 128 324
42 132 220
86 10 232
34 172 256
50 153 339
94 51 194
61 156 217
8 131 139
3 96 136
9 79 237
38 106 330
25 27 101
39 192 235
87 96 329
100 104 213
82 82 175
60 103 325
46 5 98
90 188 448
34 131 170
12 110 167
27 74 276
58 110 185
29 78 157
95 183 323
15 183 198
2 117 120
72 72 156
79 173 280
55 133 202
94 95 194
70 93 164
16 36 55
8 195 341
28 133 168
49 171 226
43 160 398
73 121 219
96 56 157
23 145 172
27 182 248
30 96 132
78 85 174
88 153 251
69 73 151
58 35 157
3 49 100
5 93 106
81 146 384
68 174 247
85 82 275
24 184 233
60 171 241
32 60 94
75 2 77
61 151 212
72 185 262
71 77 157
74 55 284
96 195 450
23 158 187
3 107 141
38 21 80
18 171 189
14 94 178
34 42 86
32 78 154
61 41 104
73 25 136
89 143 238
56 6 105
5 67 77
4 197 210
31 74 195
65 96 170
45 113 202
90 164 263
96 23 119
95 7 117
3 83 264
33 178 220
28 10 54
72 121 198
14 199 294
38 156 195
48 4 52
2 106 114
84 156 246
31 76 275
84 96 183
91 200 471
43 111 192
91 165 262
39 6 91
9 63 72
87 166 446
40 12 130
29 68 107
35 189 316
32 102 149
64 159 404
65 115 222
21 32 99
6 115 157
70 14 179
21 51 116
57 65 141
47 128 181
15 41 239
45 162 217
32 60 97
81 117 199
47 155 264
34 118 206
3 187 192
96 101 198
41 44 87
3 122 129
47 40 94
20 84 144
55 59 243
39 178 221
