310
23 171 228
27 79 243
53 45 107
8 128 153
31 71 111
9 56 90
68 86 161
50 128 218
33 103 143
32 3 58
9 26 156
72 189 285
66 142 229
31 96 207
50 126 219
35 31 92
67 121 198
93 45 302
57 156 219
48 96 196
55 1 57
14 183 207
97 195 358
29 0 219
40 15 58
92 146 242
18 183 217
62 120 188
45 164 211
36 192 314
93 1 107
46 26 121
73 166 264
41 72 155
89 159 248
75 57 172
55 186 262
56 85 164
87 97 186
87 3 126
35 110 320
86 16 112
100 29 176
43 30 199
11 37 74
30 131 204
78 12 98
65 22 91
36 139 211
77 116 235
15 51 95
49 136 192
74 182 259
47 119 168
42 158 254
31 26 64
13 70 101
29 57 90
40 144 188
82 58 160
24 130 164
14 72 280
94 33 303
80 157 245
63 43 193
6 161 355
13 163 373
11 133 311
11 131 150
25 115 142
73 20 94
35 187 228
16 90 114
38 170 290
31 79 264
59 167 235
91 132 290
42 158 343
64 152 261
2 106 294
28 29 79
62 153 215
52 187 280
10 116 147
86 170 315
39 187 297
40 25 97
31 16 80
38 80 124
57 116 176
77 57 137
64 178 295
51 110 163
27 112 201
5 33 45
38 15 88
19 147 169
100 155 430
6 25 103
24 154 207
40 76 129
47 76 130
65 44 206
98 58 164
92 55 310
44 108 157
35 41 76
80 57 138
21 166 197
30 157 193
22 140 169
46 138 270
87 84 174
18 194 213
24 192 216
24 8 67
38 87 142
53 0 246
96 105 346
90 130 409
72 25 154
31 89 141
63 107 183
65 197 263
29 73 102
6 27 61
6 177 183
73 189 269
85 118 212
61 16 77
11 128 222
70 123 288
47 106 186
49 17 155
36 192 235
81 115 240
39 159 204
7 67 93
25 12 68
16 9 34
54 107 162
9 51 64
88 117 212
34 37 211
51 113 166
31 16 218
18 51 208
80 0 119
100 31 131
21 43 65
92 127 251
70 145 299
56 177 431
9 99 141
62 32 252
65 181 247
45 118 173
70 64 166
24 12 48
82 174 303
3 59 67
92 19 120
45 166 213
82 94 196
20 139 159
22 23 111
89 29 125
80 80 166
98 141 266
52 146 224
34 90 139
92 104 199
33 52 127
8 116 127
15 192 214
68 103 255
30 84 122
28 65 259
6 143 191
24 106 223
16 180 238
78 151 263
78 180 327
86 1 239
52 183 242
8 64 173
83 12 100
42 42 85
16 144 258
76 127 356
51 103 236
49 109 204
31 107 225
90 138 373
51 31 90
96 84 188
69 199 277
77 94 174
65 172 240
65 192 260
75 126 211
65 89 291
82 52 134
4 2 34
76 9 103
19 81 121
5 107 115
7 121 139
76 167 247
50 149 204
12 98 113
60 13 95
23 81 109
46 2 53
62 92 163
89 88 181
28 22 60
43 158 282
60 142 202
54 186 241
74 110 285
31 182 307
67 193 306
60 200 265
77 130 222
79 141 263
33 100 152
64 51 123
8 60 76
93 183 283
5 81 94
16 155 286
49 105 317
28 51 92
31 51 84
12 125 266
48 119 255
41 27 98
64 197 430
10 35 91
91 155 268
78 144 226
54 64 123
91 44 152
19 12 203
51 168 393
9 10 25
20 117 138
26 106 134
1 115 201
17 148 197
66 126 289
39 155 218
98 58 164
33 183 337
73 182 264
6 89 125
2 138 144
17 31 52
57 189 247
97 192 293
77 141 227
68 28 102
26 190 218
95 48 239
48 77 252
63 193 260
99 190 314
26 25 183
60 64 204
82 156 240
3 72 81
94 141 270
81 120 213
74 28 298
34 133 167
52 178 257
49 19 69
57 66 137
35 115 159
90 90 186
76 49 132
49 87 191
89 2 191
9 74 91
52 8 70
93 160 270
56 191 256
17 133 278
91 44 164
22 96 163
47 26 78
92 96 236
98 129 335
72 10 90
86 180 268
90 13 290
24 146 215
30 56 93
14 27 51
74 160 256
67 141 211
97 193 298
55 199 284
41 10 126
7 102 109
48 18 75
86 111 288
9 35 229
71 61 164
