360
61 136 262
23 5 42
73 22 100
50 168 227
75 72 196
62 83 337
5 10 15
49 25 76
94 115 253
66 75 143
90 109 332
39 2 50
23 61 266
19 16 39
46 132 260
54 120 215
21 50 234
81 192 280
91 89 185
65 175 265
53 108 267
78 20 136
41 116 175
32 15 55
43 34 110
77 177 295
11 81 129
52 125 181
9 142 156
7 159 175
46 92 142
49 17 68
79 186 346
8 14 39
5 147 163
91 9 109
33 40 230
3 9 35
21 68 92
11 92 132
25 174 230
52 154 230
26 94 123
53 93 146
26 70 135
24 163 215
11 184 203
100 27 137
86 143 239
58 113 195
30 134 205
63 130 199
46 49 111
76 153 246
96 90 209
17 11 53
22 29 194
7 113 120
26 121 153
25 133 166
6 28 132
96 44 295
40 20 105
77 150 360
58 5 67
4 81 130
53 71 129
71 105 182
24 52 123
51 108 214
60 142 258
86 198 284
35 116 280
99 22 128
85 198 288
30 136 176
53 88 150
86 107 199
75 155 257
56 150 216
52 186 281
75 79 160
86 93 185
82 153 243
73 156 230
3 174 198
100 59 159
13 160 180
61 94 181
91 95 216
13 120 138
7 169 366
75 170 268
30 142 173
44 32 86
35 71 114
12 25 84
20 54 196
56 179 278
89 164 255
7 103 133
5 93 120
76 72 150
72 42 122
27 50 78
99 173 300
11 110 127
59 122 196
45 98 250
37 96 138
77 157 239
29 45 77
82 26 196
15 38 87
2 34 36
41 48 98
77 80 188
77 104 190
91 120 221
92 39 133
36 36 251
75 103 226
44 113 199
80 176 302
82 179 338
76 72 166
20 94 120
55 155 219
15 101 118
58 34 115
21 0 30
32 151 227
86 142 351
5 164 318
56 197 328
85 30 144
50 135 189
74 9 115
64 42 110
1 117 161
89 187 461
66 83 315
91 176 276
78 148 420
57 47 154
26 144 177
46 137 195
27 184 227
36 198 391
59 135 195
100 159 307
88 48 176
46 90 146
79 159 246
70 81 156
11 175 188
34 193 241
93 9 146
97 14 174
42 184 232
16 85 115
7 55 107
28 5 75
9 13 23
33 148 183
92 136 301
24 137 165
41 122 206
15 97 270
20 74 99
91 43 137
8 107 159
30 29 63
5 172 187
55 197 253
40 84 258
1 185 265
22 56 80
57 96 242
99 39 212
58 158 222
22 44 104
9 168 254
24 129 192
46 24 78
80 140 226
86 80 306
6 166 197
24 74 135
68 30 143
61 150 264
47 83 140
41 188 348
16 78 127
72 63 142
15 19 55
7 100 154
100 171 316
99 190 349
64 40 105
59 142 209
76 86 205
25 132 164
7 29 70
10 48 58
67 16 89
50 152 219
63 104 319
76 134 219
94 88 198
12 121 322
82 121 208
34 196 249
17 127 188
23 198 267
57 18 124
57 91 152
15 151 188
55 64 134
97 91 223
40 18 66
81 79 189
29 97 147
53 39 158
59 145 247
87 139 229
86 161 250
61 80 149
59 117 279
96 198 336
84 38 141
67 45 112
46 149 219
3 105 143
40 109 152
24 116 146
10 79 97
64 105 177
82 95 213
57 122 243
95 171 288
73 48 152
60 80 147
24 74 104
58 103 171
4 31 71
19 105 137
4 28 59
90 66 158
10 72 126
48 81 135
9 18 67
35 193 254
50 189 304
54 34 93
65 25 95
17 154 205
5 126 135
93 149 250
95 124 276
94 46 147
3 134 140
36 34 73
91 180 375
12 126 180
26 185 248
2 44 72
49 95 266
98 181 340
60 197 311
92 67 173
29 68 103
53 38 132
84 67 156
81 149 233
71 27 98
74 57 131
52 107 296
94 112 256
20 2 68
19 75 109
24 90 114
6 87 94
74 151 256
93 30 133
69 15 91
87 181 270
55 33 226
77 177 281
79 107 194
1 12 18
47 162 210
75 57 138
62 48 119
79 72 191
13 146 219
52 150 226
88 86 305
30 25 120
70 112 371
72 4 209
2 50 113
77 45 321
90 173 264
72 99 354
54 141 238
43 86 309
90 25 123
89 0 125
96 170 337
52 86 159
98 32 147
36 179 260
75 71 174
62 158 331
21 190 254
44 38 198
15 86 266
99 28 133
33 118 161
8 191 222
12 11 25
30 104 152
53 42 98
100 113 238
18 134 182
70 120 349
75 68 185
60 48 148
58 141 220
95 101 205
49 73 130
93 115 376
69 104 181
49 171 221
23 73 104
54 22 76
15 58 91
79 108 224
57 25 110
81 33 141
52 31 124
13 180 342
77 106 230
22 183 214
23 77 141
95 154 282
81 63 151
19 80 129
100 200 300
76 117 194
26 132 188
8 0 16
26 0 30
38 119 167
30 99 178
92 147 281
73 105 183
84 135 233
55 154 217
