110
48 47 98
46 68 164
66 158 232
58 101 159
89 192 284
58 183 243
21 132 161
54 133 194
38 195 242
66 98 189
65 20 94
61 148 228
11 154 201
89 102 194
36 115 292
70 102 343
1 157 217
48 171 254
38 188 254
35 190 232
49 181 279
95 122 251
31 2 36
69 79 326
90 12 102
76 93 170
56 163 266
64 185 348
64 63 176
53 50 143
20 108 178
97 65 258
75 21 196
68 91 200
79 97 259
17 10 85
90 119 211
85 133 313
9 155 171
59 107 170
43 6 179
10 18 37
72 197 303
28 133 166
52 177 247
73 85 171
24 5 29
57 31 97
53 99 247
79 115 337
84 181 283
77 149 236
4 35 49
1 164 167
25 171 230
27 176 208
33 60 99
29 90 129
63 98 170
21 67 91
53 123 366
39 124 167
67 138 205
84 23 258
31 75 135
28 157 188
94 184 288
56 154 213
17 52 117
37 8 46
29 19 50
5 86 133
85 157 249
69 29 117
10 95 237
87 87 261
15 42 218
75 64 148
83 38 157
7 6 44
12 180 192
50 46 104
49 21 268
49 89 182
87 95 190
55 93 155
9 135 177
27 81 145
12 57 86
40 65 134
37 65 124
21 63 267
51 16 79
19 90 138
63 161 232
79 140 226
68 8 108
64 117 220
10 148 337
4 152 283
62 177 249
9 142 152
74 118 240
24 105 249
92 48 148
14 118 221
73 168 414
4 186 371
75 91 203
100 7 253
