690
22 108 209
66 71 140
18 154 174
74 108 211
11 90 110
36 6 52
11 124 142
17 64 86
82 84 171
1 184 191
93 51 145
38 5 97
36 134 328
91 64 156
87 11 100
38 107 279
97 158 270
66 122 274
73 179 349
59 22 133
50 61 114
88 179 270
33 93 131
11 112 297
64 82 147
1 172 189
25 68 208
7 118 317
80 45 152
60 196 396
98 94 195
21 3 34
68 189 259
75 144 233
22 76 144
70 98 322
76 181 260
83 151 244
40 154 216
50 79 138
55 198 292
74 3 175
3 177 302
72 114 281
36 198 240
54 7 83
80 194 280
99 105 254
11 85 104
44 36 90
60 190 290
88 120 208
9 60 71
29 33 68
10 197 215
84 46 136
60 187 420
10 166 180
53 55 137
31 177 367
81 134 289
52 157 377
52 3 96
71 107 178
80 118 213
24 84 108
20 24 52
92 194 303
92 182 379
72 153 407
17 185 313
79 23 191
32 108 179
91 28 151
18 47 72
69 106 181
6 8 92
28 6 59
79 160 244
61 122 184
69 74 151
70 166 292
2 178 203
44 197 248
33 163 375
70 144 217
74 146 227
78 174 323
33 186 225
31 186 223
58 187 309
98 84 191
42 50 100
2 22 26
76 79 186
69 144 261
73 198 312
73 0 79
23 28 51
58 143 201
82 46 187
35 50 88
1 28 219
99 90 197
82 38 121
54 132 205
49 132 304
100 77 226
99 182 305
32 5 47
99 35 134
1 70 76
87 175 305
89 101 289
91 99 232
45 125 175
25 164 226
66 85 172
94 7 182
54 12 66
57 22 93
83 153 269
66 151 227
100 79 321
99 27 136
33 199 237
95 104 228
37 114 168
66 146 256
64 131 198
32 71 279
47 101 328
2 83 221
34 65 113
2 88 103
76 162 252
98 123 245
8 108 151
17 169 273
91 54 259
46 21 243
49 127 223
15 141 237
2 135 145
84 38 141
46 100 236
7 4 42
47 78 198
30 44 115
54 23 143
7 139 330
40 31 192
92 80 182
22 197 224
10 0 101
46 105 156
92 128 228
14 168 187
16 151 171
64 73 250
42 131 217
32 61 121
31 16 51
71 66 140
39 78 127
50 78 211
100 136 251
79 49 129
60 33 100
3 99 145
72 159 244
34 10 48
69 103 340
10 54 97
64 40 119
90 166 265
40 112 162
65 53 283
84 190 294
52 110 167
65 145 214
66 99 179
3 157 169
72 125 197
91 39 140
64 116 310
13 191 214
38 106 152
60 113 180
100 179 326
2 156 198
54 178 240
40 190 341
31 126 164
15 102 117
87 152 435
9 86 96
2 22 36
26 13 44
84 195 280
86 111 383
75 144 269
36 144 355
86 185 424
100 157 307
1 55 72
18 84 131
11 146 193
8 74 94
10 120 188
66 24 144
78 120 213
58 172 256
52 21 114
68 36 219
21 5 29
97 174 271
85 122 223
79 128 270
92 86 180
15 117 136
68 125 361
1 44 55
68 81 149
22 50 74
21 43 160
17 101 194
58 174 263
80 2 179
11 111 132
78 125 331
39 72 166
7 2 25
25 103 131
15 54 83
40 52 170
41 189 265
83 91 180
90 184 282
52 181 386
100 81 349
18 44 199
83 87 174
64 62 126
58 159 218
88 113 205
95 55 240
82 120 249
13 187 209
90 120 354
84 158 248
60 25 95
55 138 193
99 50 185
56 74 130
13 5 50
27 146 178
44 9 89
25 137 189
71 174 325
25 152 270
16 10 36
76 139 391
66 128 197
15 191 238
97 137 286
21 186 369
67 92 309
66 155 226
55 88 291
56 195 421
59 83 151
49 80 130
81 107 217
60 102 296
57 44 107
22 72 94
63 28 95
42 30 242
6 26 53
5 48 162
82 18 100
79 137 373
85 68 155
99 75 210
81 144 269
75 59 262
11 60 77
7 74 98
37 107 144
14 6 23
55 111 268
50 106 170
24 129 160
2 187 214
27 85 258
34 44 111
33 183 397
53 199 259
92 53 167
56 69 128
84 176 302
34 61 249
33 18 59
53 44 271
44 125 169
82 152 383
80 132 222
82 125 393
11 162 209
4 172 240
51 130 219
28 144 208
74 72 152
95 129 226
3 197 212
95 17 228
31 53 89
50 9 95
14 70 164
79 77 248
95 140 355
29 191 319
12 177 231
12 139 196
10 69 81
65 27 96
4 108 291
99 34 176
34 160 199
46 2 53
7 79 91
4 160 184
52 0 158
91 40 135
62 116 181
39 53 93
66 34 104
71 159 246
93 125 222
59 149 215
85 73 165
21 66 143
78 104 247
37 159 212
17 188 206
97 61 265
15 169 216
82 126 231
58 85 153
45 4 60
27 61 97
55 109 210
39 168 246
41 169 219
71 124 233
92 88 187
93 70 176
48 27 101
51 100 184
4 155 201
79 2 91
29 42 77
56 81 175
26 62 114
2 67 221
25 7 63
81 43 165
69 131 287
80 140 397
82 93 225
90 86 183
90 84 187
82 101 187
55 5 144
61 144 211
91 173 396
80 90 180
14 72 105
13 34 53
93 0 103
49 52 103
81 86 182
7 42 57
87 138 245
94 103 205
98 8 221
88 187 435
41 6 57
15 36 56
100 31 140
49 105 160
67 171 242
46 45 95
90 39 256
34 181 340
31 131 169
66 13 203
4 103 162
71 65 179
23 105 135
19 194 213
59 194 259
53 64 138
6 154 185
38 168 254
5 145 157
55 152 229
30 45 120
30 188 228
62 137 245
100 134 419
86 194 293
71 182 282
10 91 159
7 38 84
39 32 76
38 180 267
4 121 128
25 10 35
10 30 164
80 73 159
65 195 275
21 124 258
95 58 158
63 4 70
18 80 100
67 94 281
48 195 247
77 187 269
71 194 268
91 38 280
93 22 152
36 92 134
3 45 62
54 194 257
53 147 208
31 62 164
99 137 239
12 81 244
55 177 264
8 131 141
25 7 65
11 179 226
58 185 311
8 153 214
70 110 186
52 160 362
96 177 302
53 152 222
38 67 201
72 54 151
20 113 299
67 197 270
63 131 227
23 42 73
78 47 125
47 150 209
85 189 281
49 113 164
81 113 326
17 138 160
46 126 173
82 137 225
7 199 212
96 152 291
40 94 136
59 70 178
10 104 138
41 49 126
90 73 163
64 86 160
71 167 240
15 167 304
74 90 296
60 166 281
37 173 243
36 95 282
1 49 54
47 1 94
31 43 105
88 111 203
37 172 212
31 156 319
80 98 214
9 33 81
67 135 249
47 159 209
92 115 216
17 114 277
93 67 167
86 16 206
68 77 147
63 89 153
57 99 165
43 76 121
89 187 297
53 179 252
28 199 314
99 177 285
58 52 134
24 175 248
21 153 299
34 145 181
91 104 201
34 75 113
87 106 220
76 92 178
89 180 377
15 103 173
33 190 225
9 96 195
59 99 285
59 105 190
55 101 196
26 178 244
85 182 303
82 1 223
12 144 163
24 130 257
51 98 151
39 150 199
95 134 235
54 22 118
4 87 275
29 177 223
57 168 236
97 138 241
41 16 74
82 160 248
76 164 261
37 177 258
16 5 37
62 5 101
59 4 63
65 160 273
75 110 193
73 155 229
2 36 190
45 26 116
47 8 83
17 71 89
73 100 332
23 74 103
92 64 159
83 112 242
48 2 94
41 11 55
77 81 273
90 79 182
100 67 225
10 23 36
95 141 394
56 38 173
28 50 278
23 17 49
32 103 155
65 57 130
69 193 280
5 197 247
29 198 228
10 153 329
55 136 236
74 98 179
76 157 297
17 195 235
72 187 261
63 47 144
58 15 79
99 152 369
14 158 176
56 183 243
9 77 119
11 200 217
38 126 172
10 64 110
78 139 257
53 128 200
92 89 381
5 27 89
57 117 180
58 81 147
82 51 177
24 162 305
95 140 245
29 13 69
29 145 178
43 87 170
54 69 150
45 76 284
2 129 145
16 18 57
8 95 115
90 136 227
16 103 120
53 13 76
44 93 145
32 198 273
9 184 194
28 78 242
9 100 125
51 126 187
12 78 98
28 94 148
11 175 206
83 95 197
1 130 179
15 20 195
54 64 132
64 76 246
24 42 67
30 96 135
68 179 289
69 30 149
91 25 116
2 154 180
25 101 170
6 196 203
39 44 97
22 133 168
79 115 199
4 36 112
61 62 302
16 196 408
31 48 163
5 28 189
82 106 318
53 79 138
71 144 225
88 37 142
18 180 204
30 25 61
96 114 213
80 180 297
80 27 303
16 148 188
95 134 230
30 200 231
51 66 133
31 47 126
84 30 124
89 4 101
85 161 262
20 2 30
14 94 139
48 156 324
13 27 46
24 140 178
13 104 124
68 123 193
26 138 172
75 156 248
94 37 131
88 83 175
89 36 133
33 161 196
95 50 152
42 20 82
34 127 317
30 161 197
64 79 171
93 172 435
59 92 164
2 53 216
90 167 265
100 154 402
99 142 288
53 20 271
40 123 186
61 40 111
39 142 223
87 77 169
69 48 117
37 135 184
58 93 153
54 24 99
72 196 418
78 48 158
64 55 124
76 199 317
42 35 88
38 119 163
77 65 155
67 65 139
83 136 228
85 182 308
15 126 144
17 50 68
22 45 77
69 81 257
