140
19 88 136
7 195 206
11 124 196
16 144 167
11 21 225
70 79 161
40 27 76
28 165 199
24 66 138
47 129 214
17 150 169
58 175 281
83 162 291
6 81 88
92 86 204
13 68 91
65 78 148
50 193 324
63 37 116
75 15 91
67 180 253
88 46 155
3 172 231
30 142 205
53 54 107
70 92 169
84 57 165
50 22 77
9 140 256
91 100 322
34 132 166
94 63 202
88 96 232
65 14 264
90 36 142
6 37 58
61 102 169
76 43 138
29 115 167
87 52 144
34 146 183
21 185 212
62 58 146
85 61 155
70 155 256
35 136 183
40 182 285
81 123 207
78 37 126
91 92 210
61 30 99
45 11 80
38 158 291
20 175 226
40 184 325
5 48 54
18 21 65
54 66 122
25 128 248
5 22 29
26 42 80
37 131 181
8 77 272
95 112 211
100 75 224
80 44 150
44 124 306
35 134 203
71 67 162
73 130 348
93 62 251
49 19 95
38 177 260
28 144 182
37 48 93
74 166 417
14 199 215
71 84 201
86 124 285
9 147 192
41 92 133
99 38 142
35 12 132
13 70 223
39 199 299
10 129 141
98 45 152
68 194 272
26 139 187
9 199 217
71 70 331
79 111 190
3 50 80
89 41 150
6 113 207
28 195 317
88 132 263
49 97 285
14 133 150
94 89 361
19 183 265
84 148 240
7 21 37
18 103 134
2 190 195
69 97 186
84 98 199
48 101 149
59 193 254
84 37 156
84 81 200
61 164 397
30 132 170
9 170 188
11 156 236
77 62 164
27 140 347
51 7 104
79 105 193
77 114 339
99 49 197
24 69 100
28 96 129
4 110 125
35 172 247
71 66 278
99 113 298
59 84 185
37 81 134
56 140 200
80 49 138
35 44 84
86 75 164
70 166 379
15 164 192
92 74 171
62 131 196
48 180 261
66 198 266
98 26 295
