850
16 108 322
70 81 168
11 193 249
15 68 101
39 194 406
55 25 83
81 174 257
62 193 416
36 179 224
26 16 98
46 21 75
85 49 155
50 35 85
64 150 226
45 115 187
84 83 322
97 133 232
50 40 96
79 175 436
84 127 358
18 14 162
70 4 81
31 172 211
54 21 114
21 154 202
94 35 130
86 68 224
10 134 160
24 80 130
58 51 159
57 180 241
13 78 94
100 152 355
68 13 81
13 193 379
31 156 194
16 81 160
47 100 150
62 72 138
9 83 104
35 121 161
63 123 219
4 60 168
35 123 203
74 144 222
55 47 109
63 196 280
10 99 272
89 182 277
77 94 177
85 60 161
20 3 24
47 153 205
6 38 204
38 129 189
36 6 46
98 143 309
98 130 311
45 121 215
15 104 138
48 41 114
50 145 236
94 25 128
17 78 121
38 164 316
1 83 85
24 169 231
47 101 344
24 17 67
50 19 189
21 34 146
80 100 295
99 122 235
63 146 215
50 30 85
56 131 192
18 79 120
7 89 97
13 135 150
56 49 193
71 140 216
26 109 163
93 89 203
52 52 129
44 59 141
10 35 46
78 125 224
57 30 95
46 93 151
1 199 204
62 8 78
1 116 125
13 59 80
83 89 204
90 34 132
91 80 191
82 120 203
37 127 234
91 96 342
88 106 289
100 156 374
46 180 233
48 155 230
44 95 308
11 169 210
23 153 186
81 121 203
40 188 230
3 123 128
42 86 133
46 143 198
92 193 289
58 187 254
52 67 139
20 59 87
97 7 120
72 135 276
5 2 9
23 163 228
53 112 184
28 58 90
18 165 251
20 106 169
54 40 102
10 24 41
18 99 117
65 194 347
21 101 128
3 199 212
44 124 176
10 141 321
97 103 328
79 90 274
50 6 68
77 198 305
85 176 282
96 21 126
16 82 134
20 198 227
96 35 164
90 120 212
29 16 90
61 57 128
78 59 146
3 9 210
3 56 59
5 1 13
49 90 166
48 179 233
53 10 188
4 114 130
2 43 45
53 71 128
9 10 20
50 191 253
44 171 234
96 98 202
2 73 79
70 139 233
88 128 220
56 41 207
12 166 231
43 194 246
61 173 238
92 94 317
94 48 168
95 104 276
99 118 224
34 148 229
62 40 133
6 27 34
64 106 180
99 87 225
46 140 190
34 187 221
52 195 265
3 35 39
57 144 207
72 114 194
71 16 97
68 80 186
18 152 176
56 63 137
15 87 138
84 103 253
4 46 177
16 4 163
6 53 65
57 100 161
49 188 424
81 9 174
67 93 187
88 128 219
17 151 168
72 118 237
22 11 71
53 98 283
15 178 197
49 41 288
17 149 168
49 120 194
27 57 90
77 87 331
21 62 213
86 150 330
17 74 102
6 17 27
7 76 236
73 141 223
93 42 266
21 34 59
90 47 173
91 15 116
38 106 193
10 61 107
80 80 166
8 27 50
52 81 139
2 9 47
81 96 212
53 89 191
78 107 185
1 0 170
79 144 264
46 150 214
74 42 207
100 170 275
63 135 363
40 187 233
43 101 155
50 100 332
33 25 59
6 170 186
18 153 171
84 61 214
50 173 227
60 196 274
23 22 48
42 129 171
26 196 247
71 48 143
35 183 233
79 4 114
70 66 139
22 93 292
66 6 73
19 67 102
94 139 238
71 22 119
94 73 210
51 153 212
70 186 259
12 176 197
31 152 184
31 9 49
48 64 195
43 165 218
22 142 176
91 139 290
65 135 209
53 196 257
99 50 153
79 192 274
34 41 109
69 168 367
36 154 205
75 87 170
94 5 120
79 139 221
71 78 168
50 71 159
37 119 158
33 127 290
30 12 43
68 6 77
92 61 155
50 144 200
33 148 183
57 23 129
66 60 134
67 70 142
58 75 134
43 185 234
85 94 211
12 20 135
32 6 192
51 94 153
64 31 103
50 176 241
14 141 199
19 192 212
10 68 87
35 73 154
40 149 237
30 72 166
30 49 92
53 69 132
56 27 83
28 35 192
17 176 195
22 39 260
82 172 375
70 63 208
75 106 203
22 12 106
18 53 192
16 132 292
45 110 224
14 178 355
42 24 81
12 43 133
55 152 298
44 73 122
99 197 317
80 101 230
75 10 185
9 134 173
96 60 164
49 36 90
53 3 66
68 146 219
44 125 255
57 187 251
67 4 92
52 197 386
68 118 312
83 154 264
32 27 89
98 12 180
20 194 233
9 114 159
31 162 267
32 112 333
49 3 243
14 65 81
32 98 132
62 180 249
91 190 473
19 73 101
23 52 78
19 137 319
18 170 335
64 112 186
62 75 206
15 126 161
68 56 173
86 40 161
56 16 182
25 80 105
10 75 283
37 21 69
47 189 275
87 177 314
96 39 235
27 184 221
66 11 166
47 9 63
69 120 190
26 162 337
5 174 280
94 73 171
16 184 241
86 144 233
80 190 273
71 3 77
19 57 80
83 15 107
88 190 390
20 19 71
90 2 256
92 171 268
27 59 170
19 17 199
30 102 132
40 179 227
36 153 265
18 61 88
55 33 183
53 104 301
97 107 213
28 112 324
44 36 124
76 157 250
34 56 127
65 145 242
11 108 147
47 66 249
95 118 222
1 150 244
48 128 180
58 26 125
47 21 90
87 107 204
6 61 153
35 191 350
23 114 175
92 95 194
46 57 263
14 37 89
40 178 328
34 46 210
48 123 204
85 79 210
70 169 312
56 56 117
56 160 226
44 187 252
37 154 306
7 106 117
18 4 51
50 101 189
18 77 188
61 43 111
16 147 196
80 70 161
88 96 186
66 101 174
27 196 292
9 55 140
17 55 77
77 75 152
74 135 212
2 163 218
97 23 258
91 188 367
11 58 77
19 100 123
93 169 349
3 142 295
85 147 326
89 16 109
63 67 137
28 55 87
39 52 273
80 87 169
9 43 62
53 116 171
43 46 122
12 141 159
96 43 146
31 49 218
33 165 198
93 41 140
11 82 238
89 70 212
51 159 214
93 200 330
94 122 405
5 195 269
51 99 323
1 165 166
72 33 136
83 198 284
67 136 248
38 127 180
44 61 108
3 82 105
71 177 250
69 71 142
55 151 214
31 151 190
75 153 243
17 76 93
69 111 189
99 95 206
51 115 191
74 40 244
25 155 220
90 30 320
71 51 129
7 150 300
47 37 90
37 114 157
9 131 140
13 181 204
59 187 322
73 182 362
40 52 97
60 134 200
20 131 193
75 115 195
59 136 284
9 194 354
48 188 300
19 200 235
71 112 188
87 129 225
81 165 288
97 148 259
89 43 136
57 46 134
50 140 222
87 15 108
48 20 114
98 86 203
42 179 230
49 136 209
35 110 148
43 198 267
61 115 307
82 129 233
35 87 160
98 103 313
42 77 169
92 183 283
62 86 196
16 109 175
55 195 258
51 5 77
15 53 103
6 6 14
40 104 167
49 161 218
11 164 180
97 55 156
99 183 288
65 112 177
86 175 271
16 130 224
29 83 121
5 46 54
62 200 432
34 136 210
21 165 300
78 35 114
80 33 162
86 155 268
52 97 325
85 38 167
94 58 240
35 181 243
35 190 329
48 162 230
38 68 108
52 104 160
44 77 128
8 160 176
70 185 295
28 131 199
5 146 248
32 120 284
5 19 73
53 191 280
34 28 62
100 190 325
28 27 64
40 195 258
82 100 219
51 137 252
30 15 166
39 74 122
93 197 411
91 150 264
13 89 221
86 95 189
42 121 257
28 53 81
56 116 176
69 163 265
60 81 156
36 125 163
16 180 217
76 7 118
66 129 244
22 114 182
4 76 119
50 67 135
22 96 128
6 4 17
27 3 136
84 94 222
48 28 76
90 124 311
60 7 96
45 127 284
77 142 226
36 184 229
75 3 129
64 95 185
19 165 189
20 103 223
50 72 151
81 172 256
98 179 322
79 38 154
79 179 382
25 187 257
46 48 153
61 78 148
34 1 195
50 86 181
64 106 220
99 132 239
100 9 209
50 195 245
65 10 193
29 121 155
11 146 159
33 66 102
9 161 210
20 35 64
14 33 49
60 187 383
23 9 43
14 134 148
58 160 221
4 122 154
96 62 164
15 99 284
76 195 290
11 86 144
91 1 109
40 16 57
50 37 154
100 193 470
26 142 268
40 103 178
12 80 96
67 198 342
45 110 164
87 106 202
90 28 125
79 195 288
52 63 119
22 36 58
11 182 383
77 93 176
77 98 182
65 50 148
39 134 179
82 200 287
29 180 388
32 139 185
65 34 210
40 164 223
42 129 176
43 56 109
89 42 135
30 68 151
70 174 429
62 177 240
77 45 261
89 158 292
2 96 266
21 184 212
71 177 256
14 102 159
66 175 250
42 35 82
59 62 122
8 76 94
45 86 242
98 68 166
69 58 201
60 87 152
68 197 286
9 138 189
79 135 219
95 86 210
55 109 202
67 153 229
61 59 287
19 25 51
58 190 258
82 113 203
13 101 120
80 2 169
79 50 295
52 193 248
8 180 330
14 176 262
67 108 204
67 149 406
18 71 90
4 200 226
31 145 223
3 76 86
24 152 303
59 73 177
77 141 225
63 142 363
88 39 198
40 29 115
99 32 172
66 60 135
42 143 320
83 151 282
39 188 230
3 68 98
57 169 269
64 23 119
34 129 209
51 73 128
91 140 266
96 94 365
10 172 194
23 174 207
75 135 237
78 55 137
54 6 69
54 189 269
66 129 374
5 183 208
22 122 148
71 134 224
53 140 199
5 141 179
25 31 95
77 200 281
23 196 230
47 0 61
23 158 185
68 33 104
25 187 257
64 165 405
64 115 192
62 100 163
43 114 164
54 0 85
66 36 147
76 158 283
14 60 100
95 58 315
21 187 214
4 187 215
25 143 206
66 97 169
44 59 112
68 21 97
59 30 133
73 185 415
34 190 227
90 58 291
18 84 106
7 91 98
46 192 264
92 86 185
76 176 276
38 194 278
65 107 189
66 21 219
80 83 166
35 164 295
21 149 180
52 197 252
95 54 158
73 68 217
79 142 266
47 30 82
49 4 67
100 105 212
23 135 168
71 116 189
63 136 201
13 126 327
55 7 70
75 106 194
21 183 367
30 106 183
83 28 128
35 184 225
95 135 239
12 149 173
3 198 223
70 161 408
58 154 288
80 67 247
51 190 260
89 126 402
80 142 225
68 120 277
81 164 266
97 160 305
94 151 330
97 12 114
12 103 280
84 103 198
69 71 293
30 81 115
31 169 241
61 23 117
78 175 261
94 103 380
76 32 108
62 96 163
15 92 204
40 71 150
84 162 256
59 11 120
50 77 128
4 99 236
17 114 314
47 95 233
1 28 32
80 130 212
88 70 169
74 5 141
77 174 368
19 112 132
91 15 110
5 4 53
6 10 18
27 9 45
58 17 93
57 69 133
25 173 213
56 143 249
98 31 129
78 58 144
80 99 187
39 117 156
75 28 205
94 63 157
66 39 106
75 138 216
16 154 322
82 78 180
97 187 293
98 161 274
31 124 159
59 174 275
68 100 194
21 195 397
22 144 198
45 176 227
5 163 176
49 153 247
83 161 254
29 108 187
61 107 223
56 64 120
3 115 145
45 169 394
28 88 144
62 179 329
97 64 192
50 171 271
10 14 34
84 68 161
64 169 243
8 156 180
67 122 222
97 189 331
22 83 107
28 103 177
69 89 204
64 137 220
73 132 207
5 27 60
50 48 141
