990
82 91 219
94 17 127
34 59 101
26 156 184
19 34 54
98 144 268
95 134 261
64 141 207
89 174 267
74 155 315
24 34 68
89 147 237
4 80 158
16 50 83
78 171 259
96 68 297
34 108 150
12 6 26
55 96 165
29 3 37
21 163 224
92 64 169
91 123 260
38 94 174
23 65 103
41 187 419
90 131 375
86 54 140
85 74 208
79 165 293
67 135 211
9 15 34
19 169 194
25 115 220
51 13 100
46 26 122
55 159 218
23 80 113
54 33 186
50 33 93
92 175 269
50 95 160
76 70 151
78 28 273
49 28 84
38 6 124
19 11 39
10 78 270
20 87 148
67 35 139
79 99 178
7 4 26
99 192 298
47 2 54
26 118 188
34 46 82
63 9 76
5 11 142
52 5 213
91 128 223
27 16 44
55 175 239
69 50 127
95 88 191
90 41 314
48 145 194
61 195 273
93 34 134
63 15 93
10 105 189
71 131 203
64 186 299
84 21 147
85 163 277
23 189 242
78 28 282
79 62 196
99 44 151
15 116 131
64 52 121
35 35 117
22 86 143
27 68 98
41 66 124
96 105 235
100 43 160
37 2 104
52 129 181
51 86 141
66 70 217
35 115 187
10 89 107
33 26 66
92 179 276
90 93 193
44 197 273
13 58 73
28 144 174
2 133 176
38 78 162
53 145 203
93 145 328
64 114 251
94 97 238
54 140 196
50 161 379
54 154 213
91 185 296
4 130 144
87 111 272
45 143 234
65 5 80
30 1 227
71 73 153
7 107 230
100 166 271
61 76 298
73 107 318
42 167 353
43 181 326
64 171 347
47 163 217
32 126 337
71 80 197
23 36 104
91 104 196
26 34 74
52 150 308
23 70 127
46 152 264
30 18 65
41 133 321
85 101 222
24 98 129
66 171 369
59 186 392
1 73 81
96 132 363
10 164 353
46 86 133
4 35 47
96 5 238
28 2 68
42 20 228
98 133 258
100 4 111
46 32 87
7 156 170
83 133 286
17 14 32
40 171 220
66 158 226
43 20 68
8 2 78
2 192 198
31 119 195
12 6 104
57 68 138
59 184 246
14 7 23
71 162 237
87 176 275
11 4 21
82 67 164
37 1 189
17 184 235
68 134 211
68 28 144
32 40 165
30 64 107
43 87 157
19 142 168
58 121 308
12 60 86
79 170 251
38 156 194
38 197 238
30 136 170
16 22 131
32 100 255
79 102 229
56 178 256
53 25 100
73 67 140
72 198 277
66 163 265
91 31 310
8 141 163
65 54 147
16 55 210
83 143 358
91 193 289
93 130 229
27 144 211
29 72 135
83 15 108
81 111 230
17 117 141
89 24 117
21 179 218
9 81 190
9 20 217
19 55 74
9 114 130
29 133 187
73 188 265
83 134 252
20 76 98
92 110 278
21 51 75
1 187 192
18 94 263
76 192 271
66 110 192
16 55 72
86 83 172
61 20 86
16 153 177
77 71 179
85 119 211
60 107 174
57 159 364
10 137 316
43 167 286
74 51 250
64 20 85
94 68 165
48 139 189
87 185 320
8 59 232
72 97 196
83 18 159
50 56 113
90 110 224
11 121 238
85 117 245
80 124 212
54 161 397
86 145 277
12 107 165
53 51 107
57 179 245
11 185 222
5 50 104
60 71 140
87 14 273
36 93 139
72 148 228
38 158 223
4 191 202
41 185 260
12 163 219
66 141 233
36 40 81
89 19 116
17 85 210
98 122 380
22 26 142
23 53 166
45 71 269
16 128 183
95 166 281
28 191 260
81 133 319
12 164 185
47 7 54
22 128 196
36 10 48
36 94 229
100 192 292
72 41 150
29 103 241
93 113 376
85 66 160
31 33 67
23 76 219
39 56 96
14 178 209
37 114 176
21 113 159
10 48 82
95 24 120
51 126 191
55 17 80
19 145 167
29 164 203
87 14 123
3 148 184
47 14 83
4 101 113
51 102 170
20 142 170
40 84 252
97 26 132
59 66 125
49 21 183
50 34 94
89 34 158
100 18 122
46 103 175
27 185 273
96 42 154
96 148 253
31 87 121
23 140 172
40 160 265
11 71 125
92 81 176
21 179 382
60 119 222
82 166 316
9 159 225
36 41 110
10 100 134
91 68 164
32 109 149
12 43 105
81 23 128
31 142 251
75 64 184
23 67 132
17 153 261
37 116 159
57 26 123
43 182 244
41 188 274
63 150 215
83 160 387
77 51 162
35 79 211
5 88 93
70 84 160
45 8 55
2 20 22
70 80 165
95 14 114
37 143 197
79 56 145
7 93 107
9 7 126
8 109 302
77 109 193
80 156 267
34 141 176
6 122 159
38 18 56
74 4 88
14 184 201
10 197 230
91 30 126
54 50 114
53 142 196
73 12 88
79 72 155
86 98 207
100 110 217
33 119 301
28 118 147
36 80 157
56 191 285
82 28 112
27 36 81
80 79 159
22 45 68
25 113 211
11 77 88
16 2 23
36 97 156
97 108 209
41 173 236
8 123 132
100 177 298
51 103 157
28 49 144
50 167 221
36 146 278
33 128 186
62 171 240
70 154 251
86 162 261
45 73 123
56 48 293
42 51 94
31 173 224
22 192 230
99 52 253
31 70 116
57 156 286
14 160 186
92 158 293
6 43 236
87 163 260
7 196 205
44 79 182
29 18 47
94 35 193
77 59 239
71 110 184
69 28 113
2 76 122
55 158 247
44 140 187
57 43 181
18 200 227
76 63 162
52 67 243
50 160 220
34 40 78
99 151 297
89 26 116
28 170 226
38 155 202
66 114 186
98 168 291
19 153 173
74 188 269
27 107 142
34 165 200
61 196 439
62 56 145
75 166 276
2 136 146
99 41 152
85 88 174
57 155 215
62 21 238
26 112 155
5 153 207
39 114 252
77 30 108
18 19 50
54 40 282
45 2 49
14 120 135
82 178 427
17 87 191
48 113 324
33 107 327
52 16 77
45 41 269
12 141 154
34 16 52
24 55 228
55 152 207
81 111 199
61 31 258
45 73 144
16 7 213
51 74 130
98 60 199
46 151 199
96 189 333
60 53 139
97 105 283
6 4 44
44 40 94
99 14 119
33 30 104
83 52 139
69 40 135
67 103 204
60 114 181
98 116 262
98 17 155
64 112 261
39 48 96
25 105 154
99 86 190
80 73 157
66 176 252
38 10 66
72 144 223
16 103 238
87 102 199
95 109 241
26 43 77
25 99 131
25 64 89
19 5 26
25 144 293
47 26 110
65 60 145
16 23 214
90 148 299
48 97 147
96 55 194
34 191 250
28 110 161
92 97 189
78 189 423
22 184 258
59 151 222
56 11 86
94 134 368
24 98 166
85 73 178
6 0 136
35 1 208
16 159 203
37 161 219
36 52 179
89 165 263
16 195 219
45 35 185
2 3 12
75 22 140
69 36 145
4 20 36
41 177 225
78 197 275
90 166 263
41 68 158
37 139 185
39 25 68
72 188 264
34 182 221
74 193 306
29 104 212
62 145 327
75 140 239
68 109 187
74 157 242
72 167 302
53 127 315
75 96 197
89 117 236
88 165 376
1 164 173
43 37 216
4 128 173
67 11 82
54 97 151
85 19 107
93 173 314
54 179 241
68 192 353
43 18 98
57 147 346
45 68 113
38 153 192
75 68 148
30 99 144
25 81 109
51 66 124
15 87 108
81 37 120
12 81 101
52 64 116
52 54 117
36 25 237
66 25 276
20 195 223
44 145 192
31 1 82
93 6 104
3 161 336
74 191 273
90 164 263
14 200 295
85 39 146
72 20 126
21 150 296
40 7 52
30 62 116
43 4 226
15 159 253
18 172 193
84 161 267
35 6 61
83 169 424
54 53 109
55 165 401
27 61 264
14 78 95
64 115 319
46 22 261
59 66 156
78 64 151
43 86 133
31 158 382
96 173 281
23 169 279
33 104 156
64 137 206
23 28 54
76 195 272
85 65 162
30 105 172
98 7 142
70 178 433
44 15 87
60 27 130
18 118 161
58 171 245
46 169 236
95 93 367
46 157 223
52 160 294
73 48 214
30 13 80
93 93 190
11 120 164
47 78 137
44 103 157
61 129 209
67 151 267
21 17 39
67 140 234
68 46 164
34 191 390
56 64 143
40 104 148
53 16 108
95 156 285
93 188 281
9 197 244
63 153 223
88 161 339
66 57 299
59 123 218
56 74 150
44 36 92
44 194 244
37 132 178
40 181 251
33 141 183
9 86 285
5 176 182
96 195 302
73 148 229
49 39 99
69 153 222
69 53 160
46 42 90
61 36 137
24 96 124
14 6 44
82 126 208
100 163 304
18 186 233
64 55 124
92 144 263
48 109 170
80 169 262
79 24 187
46 17 220
11 43 55
46 52 106
18 192 210
50 139 193
32 75 204
95 20 152
6 163 172
80 198 463
17 115 168
95 135 240
3 153 332
15 76 148
83 177 411
46 30 125
13 119 243
43 191 259
75 176 262
82 83 295
93 148 391
100 88 382
66 101 171
46 58 128
15 31 70
40 6 202
39 59 104
95 140 264
1 147 157
82 38 127
55 180 255
99 64 218
27 88 119
45 14 64
54 197 415
57 22 89
12 34 169
87 176 299
26 158 193
64 160 360
12 128 164
54 115 173
38 29 107
58 109 181
70 0 123
3 50 98
40 83 126
17 1 21
80 121 205
30 99 132
70 161 394
6 101 116
20 92 117
12 88 104
10 167 369
60 33 190
71 49 120
1 132 138
63 22 94
75 32 116
4 113 167
89 67 182
11 64 83
16 92 118
1 109 113
29 139 175
58 190 372
88 96 383
30 93 164
51 34 93
93 92 285
77 144 400
29 110 146
99 21 129
11 135 149
19 157 184
65 0 70
23 144 177
14 95 109
90 63 212
58 78 325
35 16 61
87 86 178
72 84 203
75 62 138
54 74 140
28 193 265
68 119 334
16 200 225
63 154 220
12 86 138
90 158 405
42 76 124
15 44 63
7 82 117
67 117 297
38 122 237
72 114 218
23 99 161
62 59 127
66 103 176
23 165 188
54 197 257
64 90 154
51 113 173
97 122 331
49 56 114
21 15 41
55 110 167
54 38 258
22 55 226
59 178 285
31 97 167
90 193 307
10 176 189
89 11 109
68 112 196
18 176 198
55 83 166
11 38 58
61 116 192
99 134 242
35 188 313
48 64 117
65 177 384
99 85 204
48 92 328
96 92 356
46 62 151
19 118 169
92 191 293
84 198 331
77 80 161
8 170 182
33 170 209
59 96 199
25 49 228
24 101 135
47 149 197
5 112 124
64 178 286
39 25 81
10 47 69
79 36 141
13 146 159
51 52 112
51 106 294
5 166 233
48 140 319
70 91 326
94 62 281
64 161 252
83 126 330
5 89 121
70 159 427
51 54 229
60 151 258
96 122 263
62 151 247
70 46 120
87 124 246
22 29 52
99 92 252
24 172 205
82 161 263
26 79 288
52 134 355
58 24 95
91 40 137
76 36 113
21 140 209
94 125 222
25 106 167
80 41 308
38 15 76
21 72 93
41 105 181
82 47 137
56 67 129
13 28 44
31 97 139
60 162 230
57 105 190
41 55 153
79 79 170
100 72 193
44 134 213
30 45 223
10 101 141
72 19 93
94 110 209
74 192 311
44 129 209
1 75 122
74 121 214
94 181 299
34 164 200
89 2 229
89 157 378
22 136 202
75 46 172
82 73 165
61 187 282
76 73 193
20 54 80
49 48 107
7 57 69
89 90 184
71 168 240
73 143 260
17 198 219
42 174 223
57 112 361
71 185 262
77 46 231
46 16 72
47 170 236
50 59 241
26 182 209
69 149 415
77 106 215
70 94 174
70 147 274
12 65 87
14 104 137
26 107 310
37 191 234
88 46 220
96 105 213
40 187 234
32 145 301
89 169 305
69 0 203
97 6 113
9 9 186
51 82 163
53 95 252
35 98 137
36 25 62
80 9 95
89 14 111
6 145 174
88 12 132
63 101 179
60 166 239
55 130 215
37 29 243
34 72 123
42 167 234
3 60 65
60 64 148
16 63 130
39 148 187
99 134 271
51 66 315
31 116 150
37 172 210
95 67 171
63 40 118
84 191 326
12 116 150
5 9 22
53 120 219
56 76 153
28 74 106
82 56 167
53 198 267
36 117 156
25 58 87
87 70 159
21 173 204
28 102 176
97 93 196
96 20 151
96 43 196
14 114 138
6 52 102
85 121 316
77 68 147
98 97 200
22 169 198
17 33 69
63 67 330
23 46 196
46 160 274
42 2 238
7 131 142
33 142 182
85 125 214
94 30 131
86 12 144
16 49 226
26 140 174
49 7 66
50 16 262
43 0 53
98 31 178
63 126 222
42 167 376
96 175 277
24 174 206
33 25 61
26 130 198
95 46 178
2 183 373
41 149 216
73 104 219
71 89 195
79 16 104
75 50 154
5 135 264
52 171 262
31 191 258
66 95 171
39 11 70
9 63 80
53 38 126
32 134 214
61 199 264
33 192 226
50 109 204
90 143 238
75 78 179
59 89 249
88 123 239
9 7 115
1 84 91
40 42 89
68 71 139
81 96 189
26 87 128
8 28 161
85 112 326
51 36 89
78 159 287
18 179 275
51 2 59
27 77 112
21 80 111
16 169 197
26 43 71
91 73 207
61 26 227
54 98 228
58 0 76
47 30 86
