440
41 150 195
41 162 211
44 87 139
38 181 228
86 196 326
65 193 342
84 54 283
66 38 237
90 107 203
28 74 102
75 176 257
9 21 39
43 69 283
15 114 137
65 14 82
32 24 225
69 129 324
99 115 271
18 90 113
60 72 138
52 76 307
8 198 206
29 135 198
65 18 202
75 147 235
27 159 220
69 127 206
53 82 145
73 110 233
52 58 117
54 72 281
26 186 229
64 62 318
31 17 53
72 47 153
46 163 232
38 111 157
10 132 186
82 199 321
68 59 215
71 133 209
49 111 261
62 41 105
60 145 208
27 61 134
55 116 320
80 160 264
86 7 101
91 27 152
62 18 96
32 73 105
50 60 162
31 174 241
74 127 211
19 82 139
4 61 65
96 193 294
70 197 450
10 22 61
40 36 224
72 85 183
81 10 97
87 13 282
84 92 177
17 66 83
66 39 266
23 16 194
74 90 218
28 162 194
34 12 47
20 171 268
54 110 354
89 7 135
27 1 48
87 135 223
3 69 96
23 21 52
78 131 277
19 48 235
97 130 237
98 192 303
82 185 362
7 90 106
69 79 167
84 175 373
89 87 181
77 179 285
98 31 143
89 200 315
68 143 212
14 194 387
50 18 76
39 103 172
59 200 260
34 180 382
98 67 215
50 122 177
36 194 241
80 28 110
11 70 143
46 65 111
3 116 129
36 181 223
59 186 253
79 60 146
57 0 76
68 131 222
14 187 297
42 12 177
65 44 116
69 87 162
79 12 95
41 132 203
61 4 66
34 28 72
18 168 256
93 104 206
20 97 119
64 44 109
60 85 174
23 187 230
59 89 267
27 52 86
94 162 289
50 124 175
26 187 252
62 158 381
49 62 145
51 199 261
70 22 102
6 106 155
95 130 229
89 47 138
20 192 222
61 126 190
73 126 201
46 76 128
23 107 155
26 52 81
71 2 227
89 9 98
92 45 146
34 146 215
71 184 257
67 18 101
43 91 144
4 29 57
5 177 281
9 186 195
49 181 280
67 177 249
35 106 216
100 99 396
92 182 280
47 124 200
12 84 102
19 121 260
62 101 165
49 151 228
25 101 280
98 82 188
40 87 254
76 36 155
40 157 234
78 172 256
94 4 147
83 18 127
1 73 231
89 2 99
16 65 128
76 114 219
28 20 52
60 124 226
17 87 143
89 137 233
73 43 119
7 94 109
90 107 364
2 157 159
62 134 206
55 134 199
86 187 279
17 0 161
14 35 58
36 15 57
16 190 206
64 99 240
39 39 126
28 22 152
78 100 184
8 90 99
2 125 151
14 50 88
69 28 105
81 64 154
96 186 287
75 111 304
60 184 270
53 110 347
19 179 393
40 82 164
82 11 149
2 81 133
94 153 345
98 61 180
100 52 155
96 104 201
14 50 196
12 151 165
17 154 211
17 15 42
85 78 170
30 3 84
59 48 191
49 122 175
48 30 88
47 129 186
62 85 231
19 109 301
22 191 317
46 152 205
87 3 92
20 144 173
40 137 192
71 21 143
66 9 75
69 13 224
14 63 175
69 77 243
61 19 96
54 118 289
49 92 151
59 106 295
78 41 125
18 46 103
3 18 21
49 179 228
36 155 230
8 182 312
28 8 77
24 164 256
65 76 141
100 71 302
37 131 183
90 28 253
67 80 166
53 111 173
98 53 189
3 32 152
55 174 402
25 155 192
98 187 332
57 25 90
91 11 139
14 3 21
74 7 91
56 101 166
1 21 48
66 1 70
2 41 43
94 47 266
64 3 68
90 124 387
29 137 169
23 155 186
100 48 173
52 61 132
81 134 270
39 172 221
71 90 167
88 28 121
67 176 245
87 103 214
70 86 162
66 41 130
80 28 289
44 54 103
35 59 162
7 195 275
34 188 271
11 125 169
63 76 173
77 64 175
61 100 166
69 0 74
49 136 280
12 63 83
75 137 278
63 117 188
62 136 376
12 19 40
12 115 130
7 62 116
59 167 321
35 136 179
81 15 162
27 188 218
9 163 178
91 17 109
11 65 80
3 61 71
87 171 375
36 91 309
62 114 179
5 101 106
73 88 165
24 1 216
27 162 230
1 16 131
16 137 198
68 127 201
19 4 175
54 98 159
100 64 176
23 154 365
18 157 190
8 131 175
97 41 164
27 110 234
12 177 197
59 194 260
27 128 180
60 108 195
44 189 234
7 73 174
55 174 301
8 183 193
48 104 169
66 144 297
92 16 283
78 9 114
45 88 143
38 158 344
82 50 138
87 169 278
85 47 137
61 80 148
60 43 128
45 47 93
66 141 245
50 91 187
37 27 82
42 36 88
34 200 296
96 182 328
62 36 98
35 198 237
100 56 160
52 57 109
47 12 59
60 5 108
22 54 235
59 139 203
81 39 130
35 86 131
11 8 89
51 124 262
93 164 278
99 18 127
76 44 129
28 62 91
93 77 174
81 156 393
19 131 220
27 144 181
35 73 245
99 131 263
62 54 143
15 86 104
98 152 349
1 182 189
10 73 107
13 88 248
96 68 191
9 145 197
6 88 294
31 133 170
17 95 119
14 180 230
83 7 275
32 164 196
81 73 162
38 24 170
60 117 259
56 179 280
19 9 149
64 56 127
71 121 193
88 149 243
3 178 200
99 122 382
22 39 69
57 83 144
53 45 220
32 0 107
6 196 211
15 16 39
64 90 308
77 92 284
62 161 250
1 86 95
79 87 173
82 197 285
33 146 187
45 171 220
43 123 195
37 193 246
90 111 239
85 0 85
18 177 275
17 67 235
86 146 332
82 156 279
23 154 185
88 161 255
80 123 339
22 184 388
49 192 248
74 161 242
70 113 217
59 79 168
42 144 189
6 137 158
23 22 51
38 139 263
17 136 153
62 133 203
82 174 260
58 36 96
11 51 102
75 95 337
87 89 186
1 178 186
53 199 258
12 9 161
35 188 223
78 88 171
5 170 193
92 171 352
84 121 208
