470
40 95 144
78 167 271
58 18 78
53 139 206
35 59 131
12 51 110
96 185 287
55 11 67
62 13 78
100 133 246
72 88 165
45 34 117
95 36 141
42 167 221
15 118 160
49 5 60
55 115 188
80 135 222
73 28 133
82 14 157
17 150 212
63 74 165
16 82 133
64 55 161
95 154 371
58 171 233
58 157 290
35 110 192
40 183 230
89 16 291
86 85 201
48 41 260
4 200 207
26 161 204
95 184 283
39 199 243
99 6 107
47 143 246
20 88 167
8 113 159
93 54 152
25 178 329
42 160 246
1 4 33
52 66 126
52 112 180
10 147 166
73 136 216
87 82 183
60 64 132
29 135 234
85 174 282
13 147 161
72 152 228
12 128 148
29 173 304
16 73 119
67 181 266
6 69 81
88 59 311
52 71 128
82 101 368
48 137 207
83 188 436
41 63 145
54 112 303
45 168 242
21 154 179
36 121 171
79 106 188
23 87 274
13 129 199
29 12 42
70 39 131
51 111 324
97 103 206
57 52 119
8 53 66
76 200 445
72 134 211
71 98 241
10 199 212
3 57 70
16 191 388
57 162 226
81 185 451
36 29 70
61 69 158
52 191 278
19 45 105
77 46 151
66 3 102
14 167 189
68 11 80
86 124 218
39 106 223
78 138 258
50 69 123
89 16 131
50 4 94
33 37 78
29 192 305
50 64 123
42 93 136
45 144 202
85 86 194
24 187 213
63 109 209
27 193 229
51 39 93
83 21 112
4 192 238
88 165 260
33 138 273
68 78 231
26 195 232
8 25 72
50 14 73
34 43 85
93 119 213
39 147 283
16 181 222
69 52 127
90 152 255
71 119 190
55 66 267
7 162 170
89 97 222
65 116 216
98 76 193
73 166 355
82 51 176
92 81 198
81 102 242
66 48 147
83 115 355
83 157 245
74 60 171
67 23 90
71 76 154
48 194 245
45 131 190
20 172 239
49 95 151
54 120 316
18 99 137
4 26 92
71 39 117
84 114 240
52 33 216
42 13 55
67 100 344
28 39 152
86 26 142
75 188 271
42 152 239
61 129 218
51 154 209
47 91 155
53 132 197
29 84 150
89 17 111
96 131 239
6 122 272
39 36 117
76 192 301
52 183 236
96 71 296
25 101 126
85 183 271
4 160 188
83 160 252
96 98 198
75 67 166
11 109 125
59 195 332
25 181 335
90 48 149
79 165 246
9 153 168
63 32 155
47 145 204
16 30 78
84 97 309
83 46 131
95 51 149
69 112 231
57 86 190
16 73 269
79 104 198
72 123 197
61 156 294
33 32 176
28 99 302
67 121 228
46 17 105
52 162 220
77 17 274
8 43 75
82 61 148
99 129 333
36 151 190
99 142 324
63 144 209
28 192 260
67 71 277
9 56 75
73 32 108
2 54 57
90 143 326
32 99 132
3 50 60
35 36 71
86 104 198
87 109 233
12 96 156
21 52 116
52 65 125
29 59 123
78 84 165
90 84 177
21 137 168
11 143 159
4 47 237
52 181 242
81 99 185
50 182 239
56 126 231
91 24 202
64 31 117
17 76 110
88 119 208
82 8 95
11 87 298
78 163 272
52 93 202
99 123 230
23 120 147
5 170 184
87 194 409
60 1 64
40 89 273
20 103 132
12 79 200
29 166 200
52 21 121
36 89 137
8 20 28
54 75 153
16 161 209
33 75 123
86 97 238
62 113 176
29 120 165
61 98 160
55 165 244
37 28 70
49 106 156
84 90 178
72 16 107
40 137 303
96 153 254
62 26 117
12 46 58
27 23 83
53 24 79
82 98 188
73 13 114
97 96 243
10 65 76
34 114 153
1 38 127
17 2 123
39 56 129
75 184 423
89 137 301
14 1 60
28 95 123
95 7 127
33 18 83
76 27 290
82 23 107
2 50 57
100 120 240
10 167 257
38 33 134
66 199 280
9 137 150
23 120 152
82 39 141
14 79 96
68 62 179
42 166 283
19 158 178
54 43 115
31 125 342
90 158 310
79 137 218
88 150 344
87 145 253
92 117 245
93 108 204
28 59 125
12 0 187
78 12 97
73 76 154
79 69 174
23 127 159
24 41 160
76 125 249
89 160 281
19 151 355
24 76 114
94 83 187
6 62 117
86 104 192
28 51 79
63 48 125
96 155 258
52 185 239
89 52 145
48 148 204
77 141 342
35 117 160
84 178 269
75 7 85
49 180 229
27 29 233
62 71 137
66 123 213
73 32 109
42 92 156
35 86 125
38 131 193
53 60 139
51 65 154
19 71 148
16 170 244
94 1 287
93 6 107
44 1 95
100 159 266
2 36 117
84 95 181
45 42 103
35 41 83
95 52 180
51 89 175
61 172 235
5 53 68
52 15 104
95 58 175
14 185 199
36 157 323
43 129 184
33 48 270
90 141 243
1 146 149
40 45 95
14 147 165
71 31 105
32 123 294
31 75 163
6 182 198
97 59 160
83 9 102
16 85 222
75 156 325
87 193 292
32 62 115
24 161 357
59 167 227
39 127 171
8 160 196
97 8 108
32 158 215
28 106 148
19 86 112
63 179 314
65 29 113
15 155 179
37 111 149
33 149 372
66 38 245
51 19 93
12 43 77
21 58 117
21 90 118
34 30 195
58 44 104
85 105 211
44 106 169
53 5 66
67 11 85
76 160 243
39 117 181
50 53 121
47 195 246
81 178 269
69 118 228
55 164 413
51 159 225
71 121 240
68 163 326
69 175 438
48 150 200
45 100 285
17 130 160
47 60 108
65 86 152
79 161 439
89 153 246
7 69 161
90 133 234
55 112 252
88 137 227
91 38 168
65 62 127
98 65 171
98 43 144
47 152 209
52 164 262
8 100 122
11 54 75
49 90 177
59 103 183
53 41 103
79 50 156
23 17 50
48 95 150
48 68 158
77 24 105
97 85 227
81 181 273
5 75 123
58 141 208
52 87 183
79 170 401
37 38 92
73 30 127
56 71 127
95 108 207
20 104 132
23 98 128
47 86 135
45 58 175
69 17 125
76 46 123
54 193 250
61 17 187
65 7 74
65 112 227
86 137 243
15 60 148
84 176 397
85 68 263
6 160 190
75 193 271
1 99 228
55 138 199
11 35 121
71 25 236
71 24 121
55 38 158
36 14 82
12 129 145
96 56 210
83 20 109
47 84 283
11 61 79
