820
29 167 206
37 179 356
35 174 215
48 18 156
69 27 109
84 128 384
69 167 298
86 129 267
22 148 357
67 39 154
17 164 181
96 128 233
43 10 84
57 166 227
7 132 179
75 198 281
49 19 219
68 32 105
74 142 220
50 186 248
2 68 204
63 170 272
41 61 102
10 42 82
32 94 130
11 174 191
34 150 191
46 7 54
42 174 319
16 137 172
70 8 114
98 173 279
100 117 218
50 39 101
43 190 271
9 192 206
26 94 202
78 33 153
36 161 199
90 122 253
42 93 171
32 21 135
60 197 293
51 140 196
84 86 205
29 190 260
24 82 158
90 26 116
4 138 297
9 114 126
67 92 166
22 85 163
14 48 98
4 104 143
38 156 199
74 112 193
55 107 172
28 161 197
78 138 373
34 169 267
88 22 123
12 122 136
49 164 214
75 73 310
32 100 139
12 28 43
31 196 237
54 106 334
17 158 177
90 196 289
73 89 324
88 151 240
50 142 370
64 18 95
62 186 265
36 188 282
10 24 36
23 197 221
1 13 48
80 36 148
23 66 114
52 134 192
24 23 48
83 177 298
6 172 369
58 20 239
38 125 171
13 149 338
29 185 277
31 102 236
19 101 135
39 192 233
31 57 90
91 90 349
13 140 163
86 23 143
33 181 220
86 89 223
65 161 267
72 82 184
47 102 281
64 149 217
47 90 183
26 174 359
20 86 116
50 92 144
70 47 120
47 105 158
50 24 84
69 165 273
70 40 127
51 85 169
90 110 306
100 163 265
4 60 87
64 197 275
96 78 176
90 6 96
25 128 160
88 137 225
15 65 90
9 66 84
99 5 259
2 92 129
52 100 156
93 166 266
56 176 242
85 77 222
77 43 129
91 182 281
86 53 145
91 184 317
53 181 248
12 145 183
42 140 249
14 127 290
80 69 157
40 116 332
74 15 124
18 53 77
57 136 229
8 195 252
66 176 242
38 131 209
36 12 50
99 141 240
62 164 325
30 153 243
74 65 289
59 193 260
8 123 270
94 85 227
68 133 401
73 23 205
47 140 332
12 56 250
54 89 143
98 189 294
51 3 62
28 110 163
52 39 118
83 114 202
10 160 176
77 143 228
62 139 236
79 109 190
21 40 194
93 158 252
30 125 156
69 111 345
71 103 212
33 160 194
77 61 148
21 96 164
42 169 256
21 174 207
40 37 115
15 159 272
44 91 135
4 129 178
97 76 204
27 152 186
80 117 232
24 44 72
74 8 162
87 77 165
75 94 197
21 141 197
56 125 334
13 78 95
16 170 223
94 68 171
18 77 277
27 158 219
26 85 111
89 107 246
39 127 186
24 45 268
93 120 221
24 139 216
63 172 244
21 196 255
40 156 198
42 151 309
95 40 143
10 129 164
66 92 165
23 9 33
31 195 235
44 87 180
19 116 329
68 66 138
51 134 192
42 148 199
29 111 154
31 116 151
99 91 190
63 11 84
38 145 224
55 2 66
31 179 216
32 177 219
92 44 144
46 40 133
64 6 80
88 29 126
57 88 162
95 113 213
23 13 43
45 96 178
100 150 282
67 22 96
34 164 376
99 48 178
58 71 162
85 118 211
64 164 252
95 199 300
35 58 100
94 60 156
44 87 151
82 78 160
14 37 230
44 84 254
67 97 187
32 134 166
10 13 207
32 139 259
78 25 210
16 104 223
4 19 32
42 155 379
99 81 190
46 144 190
78 174 372
81 93 221
96 88 333
4 87 92
88 41 284
68 119 192
95 41 280
30 106 226
71 174 399
89 192 283
64 186 256
79 34 159
16 20 47
16 88 304
32 19 66
4 119 150
76 75 198
45 77 128
59 8 67
39 46 113
98 194 300
98 103 326
11 148 184
75 171 274
82 151 236
16 65 96
43 137 184
14 140 254
91 49 140
25 179 210
26 40 226
45 9 54
74 56 220
73 141 229
88 107 201
54 65 122
47 108 155
34 54 98
5 78 83
5 172 227
34 28 99
9 83 178
9 170 184
42 78 133
20 69 93
100 48 154
35 166 202
71 77 194
85 67 194
58 77 137
13 130 335
42 148 192
16 23 195
9 151 185
65 105 334
82 100 215
5 101 115
59 154 312
37 198 345
43 25 237
34 98 172
32 107 290
99 157 398
89 151 315
17 46 113
69 118 222
75 129 238
93 37 133
30 104 139
29 153 184
79 94 173
93 172 270
59 2 94
21 74 100
32 53 216
46 146 386
73 91 171
40 24 113
73 134 335
36 198 236
74 49 133
15 101 304
21 137 178
67 125 195
91 90 196
90 119 347
9 112 257
74 186 295
52 81 146
26 50 95
96 22 120
85 155 244
91 150 245
3 38 107
8 106 151
72 182 278
16 104 225
62 32 98
49 66 116
87 95 188
93 185 318
93 24 152
48 22 115
94 101 202
13 130 143
62 37 108
51 117 359
54 125 186
28 133 205
65 191 294
75 173 368
27 32 66
34 95 134
8 22 34
76 0 83
29 82 115
36 46 145
19 49 237
72 95 199
41 83 158
76 165 277
9 172 188
53 193 247
59 106 237
25 3 113
23 172 370
12 157 253
100 115 215
81 57 142
66 92 232
11 175 189
19 24 44
48 168 372
49 71 128
79 0 213
54 193 254
35 172 360
65 44 145
2 83 90
36 76 257
3 164 182
35 150 185
76 16 204
21 111 173
35 178 262
8 124 142
100 5 112
81 161 250
34 198 266
55 65 206
48 57 152
47 183 267
78 90 233
89 128 221
13 171 188
45 76 126
7 96 216
20 157 179
40 192 235
46 73 135
49 89 139
29 75 135
43 88 306
23 180 386
6 37 62
50 60 306
71 160 266
63 134 242
97 51 153
92 166 277
97 105 206
79 58 139
76 38 145
80 99 258
54 157 221
72 12 100
95 66 169
63 41 122
6 141 170
87 119 209
65 185 299
76 118 342
43 28 74
75 75 162
11 84 104
80 123 232
88 78 176
4 34 153
31 134 167
14 187 288
3 75 101
29 116 145
82 122 250
83 47 159
66 80 203
52 13 93
54 179 319
35 114 163
53 87 159
81 190 272
72 49 302
32 144 205
98 104 313
30 75 109
1 86 92
20 114 136
55 32 271
89 52 161
1 124 125
66 22 108
27 191 242
84 86 233
70 91 169
65 158 227
36 147 190
56 63 162
100 31 138
53 179 381
17 36 56
88 123 403
45 93 151
3 41 134
51 34 93
77 174 258
26 31 249
43 99 319
99 46 207
16 161 207
45 94 149
23 113 170
74 174 260
9 173 193
99 10 142
56 82 144
23 44 128
58 114 177
71 45 159
8 36 84
9 105 157
38 178 220
91 0 96
38 48 110
77 170 253
21 56 228
68 117 188
10 8 160
18 40 200
4 55 101
49 137 228
48 163 217
11 39 68
3 189 199
5 158 235
39 38 84
22 176 318
34 192 316
2 11 19
69 178 285
84 102 194
7 104 143
99 183 289
87 79 166
48 140 333
62 32 141
85 148 324
27 143 183
95 99 332
13 59 118
5 120 182
29 167 345
9 190 201
26 146 230
12 84 104
12 188 216
6 61 177
73 161 427
3 98 131
52 40 218
72 166 242
65 197 398
83 42 133
30 68 101
38 192 246
20 153 173
19 140 194
13 8 60
22 74 144
14 100 115
90 166 262
54 23 77
89 54 325
26 90 271
4 161 182
20 64 85
88 129 227
55 9 171
31 87 120
31 19 57
42 44 86
2 26 41
69 99 173
84 180 270
90 158 256
87 15 115
76 200 324
37 1 54
51 115 174
69 79 336
90 51 250
51 102 178
58 194 287
45 34 79
61 11 72
29 99 132
18 77 145
36 149 223
88 73 170
63 25 88
8 108 122
81 182 357
79 39 118
61 43 116
89 135 225
74 54 132
76 193 274
32 151 293
19 168 196
79 116 368
25 152 184
27 26 63
35 163 347
47 92 140
28 116 151
14 139 162
45 58 138
75 84 164
71 6 85
1 15 174
80 166 249
43 16 87
74 97 200
57 101 208
14 148 192
74 146 408
87 176 305
43 137 181
87 76 292
77 151 234
91 0 101
21 124 153
92 35 130
84 179 310
60 127 188
77 188 278
39 46 92
14 74 114
7 82 134
33 65 100
61 52 118
16 82 285
97 4 134
35 138 178
29 58 94
65 129 393
14 163 227
74 169 315
77 93 210
18 35 245
58 162 221
77 8 113
67 94 179
68 39 113
98 157 418
64 196 295
96 68 182
92 134 227
100 56 202
79 109 341
34 139 190
33 74 152
9 28 56
38 125 179
16 126 156
61 96 311
20 165 187
27 66 102
37 200 247
72 161 254
55 132 193
81 174 264
10 99 144
17 115 152
100 199 347
7 59 80
95 30 288
13 2 212
64 132 204
90 112 206
73 163 285
55 53 256
94 184 327
98 161 322
51 102 176
25 112 184
62 108 194
70 99 250
84 45 130
17 189 382
59 169 251
62 194 446
3 36 42
62 52 177
48 17 114
10 48 64
59 160 267
11 62 196
48 73 212
59 171 397
49 193 344
79 54 182
70 184 257
20 158 188
64 186 261
42 139 225
84 14 148
22 144 207
54 62 142
75 19 138
26 64 100
28 122 256
73 196 271
55 81 140
9 76 228
12 47 98
63 10 118
80 73 163
12 120 134
11 112 123
27 83 115
56 57 147
7 141 255
4 46 63
39 143 207
96 119 219
1 52 99
79 9 88
80 155 242
25 87 121
70 91 166
70 99 331
25 60 85
19 139 193
7 120 129
89 62 235
77 161 318
13 182 197
29 74 111
57 182 249
6 136 147
2 4 42
3 195 386
74 92 201
77 186 267
89 5 102
4 181 191
11 12 50
100 79 314
43 200 251
15 128 200
57 94 183
72 113 345
69 33 103
4 1 26
75 135 323
40 186 404
32 54 127
6 95 149
98 184 309
12 185 305
62 151 233
95 57 323
95 78 218
80 91 206
77 3 87
76 37 153
26 3 30
7 48 58
100 192 299
17 26 129
26 157 186
24 106 268
96 142 247
7 15 51
24 184 297
59 91 167
32 102 139
33 35 73
72 122 194
65 53 126
51 172 227
61 192 369
61 23 166
31 188 411
55 106 174
20 168 215
85 174 264
57 190 298
82 47 137
32 74 128
4 176 295
13 39 53
49 120 208
59 25 106
73 40 116
71 150 242
36 199 242
44 8 138
83 85 178
70 28 102
66 51 171
19 7 51
41 66 107
43 152 201
95 151 250
63 13 238
57 162 377
22 145 170
11 59 71
65 70 137
45 128 179
36 196 242
25 1 144
52 153 223
29 59 242
9 56 157
55 3 63
98 26 140
38 123 177
8 138 149
62 161 227
100 62 175
13 119 134
6 5 16
72 39 266
51 9 77
94 181 431
27 196 253
33 163 201
91 84 223
65 199 268
95 127 289
91 102 233
71 84 339
24 92 119
78 135 249
75 178 260
20 44 98
40 50 90
70 107 180
91 110 347
36 183 355
77 123 361
29 118 154
45 169 220
33 44 192
76 181 432
