710
81 19 147
40 164 205
83 19 105
29 71 115
66 174 274
26 122 302
10 50 161
32 127 169
86 25 230
64 12 92
92 78 178
70 34 122
88 198 287
39 185 262
30 146 182
92 152 280
17 185 307
71 48 317
75 59 196
21 0 31
43 119 270
34 65 103
10 89 116
34 181 255
57 83 165
74 129 403
86 104 219
63 180 246
70 51 129
92 174 455
77 2 83
91 108 200
24 36 61
20 170 197
25 186 211
39 16 64
19 135 162
94 123 377
46 72 299
39 80 187
65 52 126
78 139 346
64 189 256
28 32 76
31 200 234
29 142 171
67 186 260
75 35 113
21 2 49
75 155 231
56 160 224
12 127 148
9 135 189
21 47 73
29 196 234
25 182 213
42 79 121
21 195 228
76 60 168
63 27 98
91 162 288
100 119 219
26 188 249
21 159 180
29 59 95
51 27 78
44 129 214
53 44 101
85 192 306
91 112 222
44 0 110
50 1 142
76 112 192
73 21 108
86 105 368
91 192 299
72 175 251
35 148 191
53 168 222
21 36 61
51 7 186
15 89 266
24 111 136
65 28 131
32 116 303
28 151 308
69 71 146
8 77 89
27 36 160
77 130 226
46 133 236
65 134 229
10 139 154
49 85 323
38 103 146
89 84 211
60 7 68
87 164 381
59 200 267
81 182 267
67 177 355
78 15 94
26 200 272
22 104 171
36 44 116
88 62 282
78 93 174
37 143 181
57 138 205
61 110 175
22 132 161
57 138 302
87 120 230
55 0 55
9 118 148
67 12 103
36 47 90
92 134 247
57 27 89
29 108 200
74 45 285
68 118 346
89 98 227
17 118 137
56 69 199
87 147 270
27 86 247
55 183 244
50 117 173
66 19 92
90 134 240
11 88 102
74 44 294
89 190 292
53 116 258
18 117 143
89 135 347
40 18 58
80 137 231
95 135 236
27 5 45
67 110 322
44 30 79
6 195 217
94 199 299
74 192 273
40 17 95
75 92 215
44 105 149
54 103 179
70 104 187
32 33 67
88 33 121
53 162 401
94 44 330
72 83 287
74 161 278
4 80 85
18 10 213
57 188 287
96 125 221
81 197 386
82 190 339
100 151 259
56 175 234
59 17 108
82 62 154
84 135 292
55 67 123
44 11 73
63 137 254
33 200 260
83 60 178
37 178 234
1 53 54
22 90 112
92 137 231
64 59 139
33 136 286
68 97 235
90 86 193
91 57 262
4 12 49
33 91 125
77 35 117
54 64 124
64 111 182
88 39 131
60 192 252
11 161 173
31 197 253
31 148 233
15 120 201
4 57 69
20 189 355
46 191 242
27 168 199
64 99 333
14 135 161
18 34 69
97 131 235
36 182 366
60 180 258
42 58 100
68 152 223
19 121 163
9 12 174
99 69 180
46 118 176
1 98 121
10 41 53
3 105 110
58 68 150
52 133 294
7 28 126
63 130 211
14 8 53
72 183 264
7 146 157
38 75 119
80 198 291
11 95 108
41 170 219
23 128 192
32 131 167
97 76 182
51 48 107
43 75 167
89 147 243
31 128 177
17 49 257
27 123 158
25 148 173
98 90 188
64 40 129
38 39 86
24 141 169
7 11 112
94 69 183
85 49 141
52 75 130
27 19 89
59 153 221
5 168 301
34 55 89
2 95 105
68 50 120
86 126 245
11 75 123
94 126 232
80 181 348
8 160 170
43 140 230
2 109 144
15 192 213
65 116 227
49 142 211
50 14 72
68 35 108
9 83 140
13 172 294
53 173 424
12 181 194
53 123 184
67 10 95
76 130 206
100 166 295
70 154 250
46 181 238
55 55 294
62 150 243
56 67 127
44 129 197
57 2 66
63 17 113
73 40 301
44 68 132
88 154 314
68 183 423
57 125 184
23 26 218
43 188 415
97 26 124
64 55 134
46 132 209
18 114 169
73 184 300
69 126 224
99 140 430
16 5 31
44 0 49
18 168 189
88 129 222
69 61 137
81 122 300
35 116 156
3 130 133
89 128 217
81 159 243
1 138 318
63 45 112
72 153 231
36 137 196
93 2 105
51 154 380
26 73 236
27 43 89
76 113 223
8 63 247
84 96 214
7 101 127
22 121 184
28 160 193
28 36 78
4 7 46
62 169 238
44 54 132
29 115 194
51 99 175
9 49 86
78 93 178
88 3 199
23 77 100
29 128 193
16 194 294
7 55 67
80 10 216
74 108 201
77 98 202
46 77 130
93 150 418
81 19 299
28 46 77
19 58 138
70 117 218
89 139 254
41 71 271
97 42 183
94 194 329
81 137 222
96 38 138
61 42 105
57 62 139
18 169 188
54 58 211
5 98 109
23 11 36
33 140 177
58 61 127
17 190 214
93 124 413
89 69 160
56 182 375
62 160 225
82 64 185
34 42 82
3 21 72
82 193 411
17 60 87
65 101 355
98 110 389
71 134 207
87 9 101
92 40 132
11 144 164
91 175 298
59 105 172
38 105 247
12 82 213
17 149 173
62 133 229
90 45 260
46 151 289
69 194 275
52 38 106
16 37 58
80 156 276
24 120 179
61 157 221
99 84 269
65 130 202
98 81 230
90 118 239
97 102 285
55 105 209
91 180 446
13 123 137
7 199 225
30 67 101
28 120 301
3 100 107
52 75 320
78 8 96
72 141 216
55 19 75
59 45 144
92 49 168
24 37 67
17 76 103
86 89 176
95 89 186
34 196 249
34 43 122
5 136 155
84 130 371
65 179 252
50 81 146
57 157 356
4 160 214
6 113 120
54 146 228
15 161 190
34 158 206
10 181 356
13 170 191
52 129 181
63 152 246
45 145 202
36 127 172
98 98 300
20 83 107
6 146 161
35 3 134
25 116 142
3 18 185
94 138 238
80 41 170
33 108 148
86 133 229
25 58 114
26 64 98
66 47 127
5 15 57
71 102 212
66 159 232
41 165 360
41 89 171
33 98 177
24 168 274
1 109 132
77 116 202
96 83 309
13 101 127
2 175 194
86 57 305
62 62 174
35 14 203
74 60 168
74 179 257
82 136 375
1 38 43
74 100 296
4 103 109
83 153 410
98 48 154
21 150 179
68 157 235
16 24 66
60 121 181
5 16 65
97 27 153
44 165 255
91 107 228
4 142 251
99 141 265
73 86 162
11 58 89
92 46 146
79 26 105
19 92 150
6 25 60
89 81 317
50 190 241
46 154 247
91 32 124
66 99 173
3 11 113
8 198 254
27 156 183
90 183 408
41 96 140
69 180 264
53 62 299
90 121 251
59 53 117
40 119 190
95 62 160
7 45 53
46 124 179
49 88 147
13 120 138
94 50 148
54 93 188
84 125 253
20 156 273
85 164 267
1 91 288
34 51 110
69 86 161
68 35 119
80 51 275
38 8 53
79 10 109
73 49 142
5 87 96
53 65 119
91 85 177
81 28 109
53 133 198
1 85 192
19 123 183
19 51 74
27 94 155
41 1 45
64 172 262
32 52 88
41 188 279
100 75 280
10 148 161
92 60 333
97 152 257
83 25 125
40 160 200
66 48 147
23 72 95
68 97 283
73 159 395
68 124 349
28 144 175
77 43 130
28 126 185
52 134 336
24 3 28
56 16 254
51 23 103
31 117 148
54 118 176
19 146 188
53 9 80
87 192 460
48 183 272
22 180 209
17 60 199
74 4 124
22 186 275
84 50 184
77 23 108
99 101 242
17 11 37
54 166 316
15 155 170
58 88 174
24 31 60
3 118 124
56 130 214
81 9 130
67 61 177
52 47 100
24 57 87
2 101 109
93 48 151
42 23 259
12 182 214
31 60 93
61 18 205
44 195 250
24 186 286
68 163 247
93 169 313
61 187 249
58 160 226
21 182 207
42 19 75
51 118 169
4 129 282
18 67 130
82 42 136
88 108 276
76 93 276
38 101 149
94 61 156
43 30 80
66 118 352
36 171 404
19 192 211
64 98 166
17 195 221
43 73 125
43 118 168
1 31 35
90 53 284
62 30 93
68 134 216
36 79 149
24 140 188
94 52 146
71 183 404
51 143 200
6 199 245
61 1 72
11 168 214
59 147 212
4 51 65
71 45 118
21 154 183
8 40 97
12 68 81
30 108 313
99 173 333
76 79 302
54 140 222
22 175 216
99 23 132
49 110 284
15 61 79
28 173 210
41 38 84
1 162 196
78 78 158
65 160 229
3 150 177
66 89 311
36 163 390
81 127 215
39 145 327
37 29 167
11 82 112
35 149 186
5 13 28
85 144 229
19 166 332
7 94 109
30 184 221
38 101 144
88 139 316
57 121 185
55 96 200
84 15 146
86 12 107
43 143 195
73 159 275
37 1 44
43 21 156
36 72 118
81 173 265
99 47 230
70 58 129
91 123 230
81 159 384
2 8 161
18 133 196
40 27 77
62 59 193
20 61 239
9 30 41
61 30 112
20 64 125
88 148 407
57 29 93
99 173 280
95 1 111
91 15 212
57 1 61
47 13 186
64 92 166
83 78 199
62 124 228
79 185 294
85 116 234
72 147 288
22 75 102
62 17 83
66 116 182
44 102 149
99 21 315
54 116 193
64 47 114
19 168 197
75 1 91
57 30 89
82 110 193
25 35 110
55 79 173
54 75 148
21 182 306
92 71 302
22 107 175
57 119 183
64 177 249
57 177 421
14 24 45
100 82 265
60 69 194
89 39 136
31 81 225
42 114 156
52 32 158
15 181 198
91 64 211
79 117 310
32 37 79
85 22 138
73 172 248
6 3 172
63 141 322
80 28 115
5 35 117
35 27 68
57 138 226
27 70 106
