730
31 121 193
23 185 211
74 196 277
48 142 352
22 135 217
56 1 61
85 128 277
47 160 257
77 187 271
28 44 77
23 150 183
44 21 72
2 113 116
77 21 179
18 45 87
6 198 266
60 172 381
6 34 82
19 22 41
24 12 198
88 118 238
56 180 237
84 102 255
5 49 61
3 167 175
63 142 209
61 159 334
52 67 128
43 123 213
85 135 221
52 168 223
27 153 186
64 16 193
73 106 302
39 197 266
100 175 280
51 182 260
65 16 239
70 76 176
94 115 214
79 90 215
27 133 170
85 154 385
21 58 84
22 49 78
12 126 268
46 136 280
63 136 200
36 45 87
80 29 308
33 198 421
85 68 249
44 161 232
72 149 229
19 137 158
7 152 286
44 171 225
76 127 246
4 64 90
96 114 340
46 21 128
96 187 284
52 20 79
59 59 122
65 56 255
80 126 243
90 13 134
83 67 168
88 187 324
73 45 118
51 57 108
93 111 210
49 164 262
85 184 424
92 165 436
40 77 127
6 122 144
52 142 222
93 35 143
78 103 224
1 138 171
36 40 80
29 184 221
71 180 253
43 23 72
31 110 159
28 68 109
30 39 236
63 178 264
1 191 221
80 57 141
96 36 152
34 190 234
4 65 69
96 13 119
69 179 355
70 75 169
32 141 177
59 48 113
39 81 151
15 82 269
42 77 124
86 32 126
70 109 189
81 177 299
39 200 298
19 165 192
45 105 183
88 55 172
94 124 253
78 199 330
30 71 226
11 11 66
80 44 143
13 171 300
48 133 184
9 27 78
87 165 322
87 188 282
87 96 199
49 199 249
17 4 30
98 22 130
53 181 257
98 143 279
99 145 302
77 131 267
50 32 126
11 161 174
78 24 104
66 119 206
96 73 204
75 149 350
5 67 114
92 197 322
92 179 291
2 96 99
22 105 149
90 80 201
1 104 123
16 56 154
33 104 320
90 175 296
69 136 320
20 150 352
66 181 252
76 17 135
77 6 91
52 177 237
80 36 121
17 113 168
81 30 119
24 108 155
54 111 325
84 138 232
1 50 134
18 111 287
42 53 101
21 180 208
5 194 249
33 137 177
1 57 65
19 22 68
43 124 168
62 10 76
72 93 173
42 22 76
30 200 292
8 1 10
23 193 261
33 67 152
18 140 316
64 160 259
52 6 82
33 40 73
28 23 59
22 10 52
42 108 159
50 161 383
91 98 197
16 155 185
25 168 203
8 173 196
81 12 135
25 93 125
77 24 108
90 153 253
36 10 53
23 18 45
42 146 193
42 125 172
33 184 218
17 154 175
60 144 237
43 53 96
79 183 297
34 160 243
94 146 432
66 71 137
67 6 75
5 143 162
47 120 185
21 79 278
1 0 5
76 63 264
53 111 293
97 70 173
31 192 233
42 124 171
82 141 233
71 40 117
26 9 42
85 4 102
35 68 185
30 136 214
32 162 200
9 12 155
21 76 115
85 142 308
27 4 193
72 42 277
93 68 171
41 6 82
64 149 247
61 149 212
55 4 68
76 131 225
33 59 134
49 13 111
71 187 266
1 138 148
9 22 49
52 65 158
20 76 102
16 125 217
59 165 228
77 172 255
37 34 208
66 123 196
64 139 325
60 107 340
65 41 140
66 4 72
44 141 199
58 94 350
18 137 182
82 116 198
67 76 265
62 177 351
62 89 166
56 97 342
68 111 350
60 40 105
73 165 430
62 94 163
67 145 237
59 142 256
4 143 234
70 177 249
6 147 159
93 154 338
100 145 408
100 151 252
65 129 220
37 159 225
22 2 63
73 80 328
85 29 143
95 179 349
64 129 203
13 77 132
94 168 292
90 164 257
26 50 79
50 191 316
2 135 170
15 29 71
22 28 56
95 118 222
27 5 40
65 135 204
6 44 211
95 75 185
61 195 260
88 13 103
97 75 211
29 180 212
15 165 183
33 139 177
72 21 99
27 187 267
75 85 164
12 31 47
46 62 131
16 178 200
67 130 231
45 103 152
33 165 205
77 113 228
25 15 74
70 197 335
50 136 196
38 184 224
8 112 170
44 120 323
48 141 195
98 175 394
50 43 202
77 166 243
50 83 262
52 162 214
78 104 185
72 14 178
50 143 345
63 114 184
86 179 266
91 53 255
47 7 69
45 64 294
20 173 225
31 150 188
45 16 172
36 103 307
76 111 188
35 196 238
33 130 166
32 152 222
97 86 206
96 90 193
93 86 215
18 189 208
46 88 139
68 20 92
98 200 473
84 109 391
34 2 62
97 78 209
98 163 265
46 188 272
35 138 179
89 19 250
86 104 203
25 72 133
91 199 299
44 116 335
26 193 227
73 15 119
19 76 100
1 5 116
84 162 246
49 63 155
33 117 185
41 58 100
6 71 87
71 194 280
27 86 149
73 190 273
13 170 336
64 186 259
32 108 170
53 107 199
76 84 202
36 141 191
9 149 167
34 75 114
88 36 126
60 192 277
91 176 270
56 192 268
56 51 151
44 88 137
24 142 176
75 32 242
16 19 42
77 110 191
85 163 432
12 185 250
82 142 382
7 47 63
90 132 235
98 13 111
4 19 42
21 173 203
87 96 256
70 193 289
93 82 185
21 9 101
37 133 217
56 99 158
82 78 245
62 194 354
86 110 201
42 76 151
28 46 84
78 13 94
71 150 229
18 162 377
77 94 172
91 65 162
38 50 91
17 71 98
7 30 37
74 19 287
44 92 170
76 141 342
48 20 90
74 184 290
18 77 120
42 78 126
80 104 191
79 112 200
18 117 135
19 118 139
99 144 443
56 91 156
34 25 104
91 16 239
27 7 35
55 60 176
97 133 237
53 113 202
55 116 229
48 2 72
24 41 119
25 161 186
33 165 203
85 98 235
14 186 231
40 186 390
41 33 255
93 45 145
98 69 168
20 160 304
44 137 254
71 63 145
60 84 245
59 80 159
70 191 405
3 119 131
66 114 180
23 60 83
33 50 121
54 81 137
97 173 327
48 191 425
37 6 140
38 113 152
16 193 227
32 187 384
40 47 96
94 90 194
44 138 287
41 120 186
25 5 147
63 68 157
80 0 262
39 139 205
35 50 88
79 132 215
26 165 210
7 50 58
83 137 220
3 100 125
71 75 261
5 96 104
22 185 217
45 118 203
62 136 208
59 121 187
96 0 213
43 87 139
25 51 103
20 43 134
46 54 101
59 132 215
19 164 194
99 64 200
97 196 390
60 31 251
17 64 83
46 196 245
3 154 164
34 184 227
54 11 70
51 109 186
23 57 122
99 122 243
7 197 205
5 24 99
79 96 221
37 184 229
71 144 220
89 139 368
22 27 92
75 44 125
61 159 246
10 200 395
92 105 270
1 113 296
87 139 255
32 99 186
34 43 78
41 6 55
100 85 195
58 112 171
65 105 173
21 105 134
47 182 248
98 116 402
95 148 279
21 152 209
69 125 213
87 148 244
72 97 169
92 169 272
70 149 225
49 199 251
66 195 299
59 69 236
13 8 207
51 47 100
61 38 241
78 18 101
75 17 97
71 66 152
71 93 172
81 183 284
44 83 131
4 9 198
52 167 387
56 83 140
37 102 245
62 6 77
82 172 330
14 111 133
28 175 208
10 117 137
91 130 223
82 49 320
7 145 159
9 34 84
61 30 91
22 181 211
90 2 95
28 197 247
44 171 412
21 146 354
60 157 257
48 130 287
65 97 167
2 49 62
34 2 37
96 181 286
12 142 158
72 10 123
15 185 262
56 89 148
97 12 268
49 108 220
94 188 320
1 108 119
55 116 177
63 143 208
62 89 152
39 160 203
90 132 222
53 183 246
72 107 187
66 67 134
42 38 185
52 129 184
56 117 362
64 79 148
67 101 183
83 173 294
45 97 144
40 1 46
95 57 295
36 99 136
71 19 176
64 169 241
2 186 192
27 105 133
96 58 181
95 127 222
88 75 256
92 7 104
93 141 306
26 47 99
15 191 214
31 88 152
73 52 158
38 152 278
8 109 154
96 120 240
68 15 126
17 139 243
29 114 150
53 114 167
29 185 328
21 15 225
19 53 72
65 148 213
78 105 188
14 43 64
72 178 286
56 67 129
11 78 89
74 130 211
56 194 281
70 8 196
97 163 356
75 190 281
60 50 126
70 144 224
5 110 117
34 200 236
6 109 157
4 158 335
62 198 268
33 141 174
52 134 204
79 196 368
60 157 224
64 179 266
31 152 333
35 7 48
61 111 327
3 162 239
61 52 136
95 10 173
76 179 323
95 125 221
3 31 131
53 184 274
13 83 119
71 68 144
92 81 183
79 57 142
1 10 40
10 0 51
47 175 254
28 105 142
59 105 188
67 45 306
73 153 234
9 68 109
50 144 194
34 12 163
68 176 278
100 92 198
7 81 203
9 9 25
93 53 151
58 75 140
95 23 157
69 140 218
94 67 168
98 138 240
43 45 115
85 109 194
80 71 198
57 168 225
37 24 73
99 118 225
12 122 151
25 65 95
21 190 255
27 14 50
46 1 78
55 60 122
93 83 201
67 160 232
17 52 181
41 189 372
87 47 137
5 90 194
41 85 175
81 35 124
78 71 152
56 177 237
4 46 50
26 140 184
15 20 35
60 28 135
99 73 327
84 184 287
99 37 206
77 192 365
95 92 192
89 163 329
59 71 149
31 174 216
23 86 115
48 163 211
59 153 219
83 138 283
71 125 200
28 126 185
12 156 261
100 106 221
42 104 146
75 93 169
22 194 221
93 192 322
66 198 273
86 181 269
37 82 123
7 95 110
93 158 257
94 21 117
2 71 80
41 164 297
26 13 159
80 160 244
71 38 124
89 116 247
40 89 309
76 104 353
1 47 52
65 131 242
54 133 195
20 4 53
32 157 205
39 45 85
39 112 160
86 185 289
39 44 85
21 151 195
63 56 145
