800
94 69 301
93 117 248
60 28 158
14 139 158
89 30 128
99 113 252
39 8 59
35 82 125
96 32 173
27 198 229
69 108 178
39 2 53
75 115 199
23 140 167
97 60 168
47 152 200
62 146 216
6 157 170
40 111 270
12 153 271
83 78 182
32 70 130
55 135 348
61 28 223
36 134 177
46 96 290
17 88 232
50 10 101
20 3 50
97 146 267
64 134 220
48 196 266
15 116 171
88 128 224
26 116 152
23 167 233
64 77 292
21 50 186
60 149 213
12 170 282
78 148 226
47 163 218
11 65 85
31 75 112
58 129 229
31 60 99
90 158 249
62 89 201
37 1 66
19 99 287
4 15 111
16 169 230
70 42 154
45 109 154
59 146 206
65 15 85
97 108 214
65 197 262
16 99 160
36 35 155
27 36 204
45 61 258
92 25 117
16 172 190
33 106 147
6 30 152
69 6 100
53 199 291
74 11 102
59 2 78
58 160 220
24 11 91
69 146 215
22 31 60
59 28 106
57 45 136
4 167 265
55 143 207
1 117 128
56 10 191
8 58 73
35 43 80
65 165 398
57 115 237
79 194 301
6 0 16
98 5 110
61 113 188
76 10 268
51 58 112
82 113 204
35 112 148
4 71 174
32 195 299
36 121 195
31 23 72
32 6 82
84 128 410
66 125 195
29 50 81
20 4 180
79 128 301
41 74 120
17 43 67
67 69 160
92 167 372
6 77 134
32 96 327
55 152 214
99 74 175
66 46 261
64 17 88
56 69 161
50 29 89
64 174 255
45 36 260
15 160 175
53 12 75
40 76 118
60 20 106
95 172 269
54 157 218
65 41 110
40 141 197
39 99 138
58 190 280
46 45 133
86 87 223
47 172 266
73 15 238
59 89 161
29 21 176
2 183 228
83 93 181
27 98 153
18 11 37
90 64 160
78 12 179
69 122 197
93 110 253
42 57 243
4 80 89
11 166 179
68 95 167
36 1 40
79 96 217
72 9 234
93 183 276
61 143 205
72 119 192
71 143 219
79 37 227
76 23 109
1 174 216
82 55 306
16 175 320
16 169 189
91 198 303
5 48 219
58 140 242
78 144 409
44 29 79
4 124 156
48 175 262
11 20 165
100 20 163
89 12 139
59 31 260
64 109 183
35 116 161
11 27 56
29 94 157
1 152 274
98 166 269
91 109 281
23 88 122
65 91 172
60 24 91
74 41 135
85 91 302
39 67 194
47 142 221
59 3 107
12 42 58
45 27 116
6 52 96
95 56 178
71 57 136
23 51 124
80 31 143
87 51 148
59 105 194
16 42 60
86 8 217
26 188 233
52 77 237
100 29 137
93 176 367
46 186 240
78 161 420
94 78 327
90 81 176
93 186 286
13 72 189
54 67 129
65 75 181
39 58 198
29 43 95
47 175 298
74 26 100
6 195 339
21 84 113
54 15 99
6 141 151
38 6 58
86 160 247
47 43 113
27 53 126
71 118 228
34 115 152
15 71 96
37 4 48
55 125 207
56 118 190
55 182 350
76 181 267
27 29 243
47 66 270
52 67 137
35 15 51
21 68 114
80 13 143
63 79 183
67 173 275
28 41 86
33 158 231
61 119 217
75 1 76
35 48 88
46 118 195
47 131 187
95 112 207
21 110 149
33 20 54
15 189 205
70 64 178
90 61 272
56 88 321
35 34 155
57 21 118
67 182 267
23 83 174
44 171 329
37 32 113
100 176 328
52 52 112
53 64 231
3 98 105
53 14 82
6 122 137
32 152 216
76 157 233
43 144 194
49 175 231
49 152 251
28 174 209
11 198 214
88 6 119
96 67 165
10 191 206
58 61 129
13 188 336
64 180 256
35 77 117
9 131 246
41 165 216
16 108 132
82 38 128
80 77 162
57 158 243
93 147 300
8 59 106
44 99 159
4 183 193
67 93 289
66 13 106
12 142 198
9 19 228
41 176 227
50 84 166
86 86 213
17 58 130
11 66 105
23 77 237
89 28 125
52 77 136
79 5 191
97 81 182
3 159 204
95 62 183
98 154 266
37 187 333
19 110 172
53 113 341
16 157 174
54 104 352
19 67 175
46 176 226
30 121 162
17 119 144
98 32 158
14 11 41
82 63 176
59 80 151
68 62 140
45 195 258
36 138 209
35 161 228
16 14 61
76 118 199
65 70 182
50 69 123
71 131 205
89 157 342
1 42 51
59 44 134
29 161 209
90 76 169
59 152 240
17 14 191
44 0 59
92 21 285
13 22 134
89 39 129
8 3 19
99 50 312
65 115 248
69 68 137
54 108 320
17 190 207
28 119 344
13 120 190
43 71 121
97 156 276
90 38 134
44 35 244
81 53 142
42 121 166
17 73 257
50 68 149
58 174 233
97 25 168
91 19 131
7 97 113
70 82 307
50 187 242
5 178 239
11 30 49
56 79 275
65 147 236
80 110 198
12 144 163
22 45 158
69 67 176
18 88 106
44 132 212
14 95 120
36 70 150
23 11 36
69 90 167
66 71 154
82 191 274
1 156 162
87 35 159
67 119 280
15 109 124
60 184 249
89 60 155
38 113 201
3 48 70
17 78 262
78 27 129
20 129 254
56 91 150
5 153 163
99 1 232
2 123 135
90 21 160
39 157 196
2 110 122
25 98 217
13 175 324
67 98 201
39 63 134
88 15 109
42 147 193
11 199 408
93 56 153
100 87 224
33 154 217
50 127 179
10 145 203
51 11 88
30 123 264
78 197 281
43 75 118
45 126 272
8 4 33
45 94 142
12 2 203
52 186 238
40 145 196
79 55 142
13 134 151
24 101 160
14 60 76
93 12 110
50 21 150
91 21 161
16 64 116
35 75 142
2 4 21
7 46 58
48 114 184
81 19 116
20 42 63
97 163 283
73 72 191
11 144 167
53 59 118
62 180 263
63 84 156
62 38 237
69 155 248
34 81 136
45 197 252
4 36 48
97 129 236
32 174 211
76 107 205
73 192 288
44 85 161
90 34 263
31 15 87
54 190 248
68 61 140
15 127 142
91 168 377
78 38 119
36 99 150
85 110 311
57 53 172
25 108 144
67 173 253
76 197 275
79 135 216
2 0 39
49 48 98
22 130 159
14 21 37
11 10 30
100 111 246
61 49 193
28 28 79
30 123 156
69 115 184
83 88 180
19 83 280
15 183 205
4 141 145
80 15 103
98 131 238
87 166 426
52 131 225
51 108 160
72 4 79
68 77 167
19 79 103
62 111 178
1 5 13
28 37 76
80 100 183
95 198 314
24 82 263
92 122 333
68 56 159
55 174 230
64 196 267
68 99 174
28 77 108
44 175 361
56 29 98
46 88 139
36 92 138
44 27 106
17 35 63
4 105 118
26 139 167
52 83 141
44 152 339
33 2 72
56 79 257
99 168 285
80 35 124
94 127 265
56 168 409
34 86 274
49 74 148
95 156 379
82 26 112
85 200 293
2 68 80
61 66 162
54 92 150
38 179 262
80 17 99
44 101 287
23 196 225
91 19 277
1 8 182
93 9 113
43 173 216
86 191 303
84 0 123
1 109 118
19 99 119
31 19 56
29 175 369
76 40 286
98 192 304
88 100 224
88 51 143
21 44 98
71 129 207
64 6 110
35 186 408
93 146 260
2 147 158
53 127 288
53 130 183
83 74 163
97 109 206
8 110 144
23 138 277
52 0 59
55 125 189
88 175 267
52 176 235
79 183 293
77 78 184
23 197 299
44 39 104
84 141 273
46 187 241
32 171 209
41 12 81
88 129 256
12 167 212
97 21 145
87 34 246
73 160 350
4 103 208
68 129 197
30 196 230
59 155 225
86 84 190
38 149 187
10 188 394
39 151 219
52 77 132
37 124 217
70 113 190
32 169 204
58 102 165
51 131 212
32 61 99
86 94 191
19 162 259
84 72 264
95 81 229
5 105 120
88 53 302
87 74 173
73 34 120
59 126 325
49 175 227
35 84 144
37 158 277
60 152 219
95 93 193
16 136 161
16 34 63
20 4 38
24 13 61
17 2 28
12 14 32
15 124 144
96 115 395
54 175 298
2 79 90
18 51 77
24 171 200
75 70 284
8 59 70
22 179 234
69 2 77
88 74 162
74 53 134
19 133 210
12 17 188
35 37 76
38 103 142
62 49 153
2 88 118
40 108 161
62 191 338
81 116 201
86 140 370
62 59 158
61 170 240
24 31 80
29 9 75
35 59 178
45 148 218
46 20 83
54 43 111
42 67 125
64 36 105
58 131 198
7 174 226
45 67 120
99 104 207
95 139 234
42 13 104
99 198 303
55 79 238
29 79 134
30 72 122
70 124 202
91 100 199
29 144 259
96 120 224
88 178 271
5 120 160
99 118 226
28 24 215
33 152 191
51 146 243
48 182 386
55 86 164
65 166 240
79 152 234
83 136 228
2 79 86
91 69 202
58 70 169
34 41 78
63 45 204
67 22 227
93 154 352
68 175 292
12 65 94
85 44 164
66 172 378
73 95 183
33 72 128
74 107 185
81 108 194
83 138 239
54 71 125
50 68 135
12 110 167
21 149 211
57 149 230
99 163 388
54 12 68
70 134 212
16 11 54
75 136 251
8 81 99
65 156 261
100 22 169
54 25 119
100 149 288
9 87 136
58 130 220
30 75 155
60 182 276
98 20 130
34 44 80
16 121 242
42 117 286
45 185 232
74 143 354
30 114 187
90 150 392
73 12 104
80 94 218
34 23 155
34 197 237
53 8 96
10 122 310
87 21 242
9 173 183
83 115 199
56 18 74
39 122 294
63 20 91
74 37 120
25 142 207
80 138 223
74 12 91
86 173 263
8 118 166
53 125 227
65 143 229
40 42 84
77 178 264
96 181 285
65 159 304
87 75 169
56 21 109
69 133 212
56 159 223
77 192 425
19 192 243
82 183 273
78 55 152
6 132 146
98 69 171
56 117 268
61 170 239
71 103 184
71 36 107
73 153 343
54 39 114
39 162 201
22 28 93
13 168 201
34 186 364
62 17 166
8 200 212
33 171 212
80 41 218
65 135 205
86 73 193
69 140 242
26 143 179
60 46 110
43 167 226
82 139 222
65 159 227
18 105 125
55 62 124
65 55 142
78 148 247
12 150 300
53 74 201
77 25 110
35 62 183
33 29 245
4 47 60
86 161 304
40 111 190
2 38 40
19 176 202
42 66 115
32 117 156
68 9 214
16 72 114
64 153 226
41 182 329
28 33 68
35 128 300
24 27 61
67 100 172
62 169 238
10 36 229
12 196 331
82 106 194
10 109 122
6 85 197
19 33 62
37 153 213
60 45 142
39 88 128
92 59 303
29 43 151
25 80 110
9 197 221
39 119 174
50 154 209
18 168 233
99 162 271
78 112 328
92 176 272
78 79 166
70 118 204
18 76 115
86 0 113
