290
20 59 124
60 71 148
6 178 184
42 194 236
46 124 174
3 82 245
30 125 156
77 177 261
3 93 103
88 18 153
82 144 231
49 186 239
97 112 210
54 188 274
59 41 141
21 90 114
10 32 55
29 6 108
82 109 273
8 120 285
5 81 103
15 75 94
96 127 234
73 138 265
95 92 190
97 65 292
27 36 110
72 84 205
40 113 288
61 118 220
22 82 135
28 117 145
66 136 205
24 10 43
66 112 186
33 193 236
56 71 205
9 65 260
39 92 264
69 105 321
83 47 140
25 47 100
52 83 153
42 64 107
95 45 143
7 152 335
60 58 125
5 125 225
35 43 79
13 84 135
37 133 179
35 137 172
52 122 203
65 114 179
64 188 276
81 194 322
14 168 186
94 105 246
93 67 209
88 64 194
66 97 358
83 178 262
23 29 62
80 51 171
63 64 132
56 121 267
5 195 296
89 138 305
65 105 266
4 80 244
77 63 144
44 183 418
74 192 269
32 7 43
14 200 227
54 66 199
88 37 127
59 38 106
100 135 269
16 190 240
36 137 230
100 48 156
12 16 30
71 151 296
48 152 362
90 134 232
55 82 143
62 136 231
72 149 320
2 198 200
18 65 105
10 102 270
24 55 88
72 171 284
48 129 182
36 88 141
50 199 278
15 124 191
6 188 225
73 156 232
41 165 242
14 143 167
67 91 167
90 34 163
81 132 217
8 3 15
25 110 174
79 177 261
87 94 181
39 48 176
3 122 130
83 173 322
52 87 239
56 45 139
40 90 133
73 4 81
76 86 178
75 7 82
15 30 45
35 34 86
32 136 216
99 32 136
11 15 28
73 194 279
49 182 240
41 107 151
28 55 246
97 141 434
65 23 114
18 61 87
68 14 175
20 3 26
96 176 294
46 129 207
45 30 214
28 112 141
67 111 280
100 181 308
31 70 128
34 100 141
99 173 314
4 47 51
100 86 196
56 38 111
41 149 230
66 95 166
27 15 46
47 57 138
6 164 280
52 139 226
23 154 187
97 10 261
29 78 256
43 66 117
51 75 127
29 136 199
67 52 124
19 78 143
29 96 132
6 27 41
23 168 238
1 141 165
69 155 232
70 27 100
20 63 102
8 34 217
92 152 254
22 36 101
27 3 65
21 12 68
73 37 153
50 141 191
21 180 251
77 60 146
58 114 176
81 50 132
65 64 165
92 38 137
98 152 252
80 88 252
86 94 183
35 89 126
96 53 159
58 30 96
96 52 183
43 40 84
85 27 149
35 44 80
38 90 152
47 23 76
68 12 88
19 116 284
82 114 199
46 1 57
78 131 209
45 28 80
30 135 176
15 140 164
22 171 199
15 56 77
46 131 187
53 6 87
35 174 379
57 147 344
9 109 253
60 13 110
47 180 328
100 26 155
7 97 144
2 55 65
87 53 153
42 134 183
14 31 47
52 15 70
64 133 390
29 193 231
62 80 149
49 198 252
92 158 251
33 62 95
28 136 165
50 43 102
64 31 221
32 122 196
2 58 79
87 38 133
36 91 136
46 23 109
4 11 65
28 91 145
18 172 310
16 119 174
84 179 370
74 66 146
76 119 200
37 121 348
22 48 76
66 165 238
63 184 440
18 122 145
16 35 133
85 28 143
73 146 235
53 192 281
58 63 270
32 187 348
73 80 155
76 191 315
92 106 206
74 199 436
72 159 239
16 38 100
13 196 236
83 160 245
48 196 255
6 169 184
19 54 93
8 63 160
51 161 219
42 196 248
50 44 222
80 112 218
25 173 298
62 75 241
11 60 80
94 160 268
31 96 296
45 189 237
64 67 219
82 120 255
29 187 221
79 152 239
32 17 105
52 194 299
51 167 219
93 187 312
24 154 180
71 117 259
66 158 230
80 197 283
11 177 198
14 139 160
18 69 253
22 3 30
23 12 114
13 167 186
65 12 118
89 48 146
73 113 372
65 99 204
