330
84 196 448
56 88 153
51 22 79
75 167 246
74 110 208
50 128 297
43 56 148
6 41 57
27 30 85
3 131 156
43 60 105
95 38 261
78 16 141
69 125 243
19 77 115
48 24 78
52 52 111
7 91 121
7 48 99
99 8 150
5 81 93
75 162 270
88 100 317
58 153 217
6 183 246
96 5 278
8 33 44
55 133 278
95 195 393
15 19 45
100 44 193
85 71 175
69 6 254
20 104 166
47 101 155
55 168 230
65 77 174
12 184 200
99 41 141
46 4 242
46 12 62
54 66 145
45 152 201
24 87 264
84 102 187
53 179 284
51 117 293
37 137 182
63 111 179
66 82 254
87 125 274
10 130 145
38 104 150
37 191 375
62 67 306
53 5 66
69 101 262
47 139 256
22 169 191
70 87 166
68 26 123
67 92 160
13 96 119
19 66 100
27 50 99
9 156 208
65 14 81
13 77 100
29 97 150
48 162 254
84 177 271
80 46 167
88 39 164
84 115 351
72 25 103
74 63 226
83 2 128
95 119 270
28 134 237
20 65 186
32 147 179
81 53 158
77 119 201
30 160 308
6 199 215
43 47 93
13 39 79
20 88 125
90 151 243
99 159 300
98 152 272
83 90 196
47 162 321
92 70 185
100 22 274
65 32 97
88 144 389
91 170 270
35 67 145
35 180 323
72 93 207
57 127 276
56 1 254
47 7 158
51 163 222
9 93 114
18 87 108
16 105 126
25 181 292
57 15 75
62 100 167
34 10 184
39 193 267
66 115 374
26 71 99
4 151 349
32 13 46
8 22 30
15 200 265
38 165 331
4 44 52
11 8 29
66 64 202
11 119 133
84 37 123
25 146 197
99 40 185
38 34 105
95 139 234
60 75 176
95 186 301
2 13 46
39 55 98
33 1 38
11 50 89
94 102 206
77 56 143
83 101 363
30 193 226
39 132 175
92 108 227
85 61 149
41 92 155
81 47 281
62 62 316
29 71 282
61 192 260
34 132 176
9 120 137
24 198 251
51 45 131
7 0 67
61 95 157
40 39 88
85 200 395
61 9 107
81 189 276
92 194 294
13 39 58
11 125 159
24 191 223
93 116 346
31 50 91
95 159 294
33 200 255
19 105 292
69 22 99
91 195 304
34 40 74
2 93 204
35 149 188
91 47 310
28 69 129
74 163 370
25 136 171
61 103 168
100 121 245
66 45 114
64 0 77
18 106 235
51 56 144
47 52 117
77 149 321
38 126 194
14 174 208
62 145 263
42 66 111
73 159 234
8 196 207
51 56 130
64 170 242
13 133 150
42 122 344
95 92 193
94 9 108
57 17 91
69 92 161
84 131 241
52 5 57
64 82 146
39 11 52
95 127 222
91 75 293
40 18 77
6 147 154
18 193 216
4 175 180
69 65 144
99 84 183
96 151 391
19 166 221
21 19 170
83 200 444
57 47 132
92 92 188
38 28 149
50 105 181
9 182 373
51 108 166
19 113 142
81 26 111
62 116 179
36 170 215
62 8 90
18 54 163
55 53 156
55 91 151
82 144 263
84 143 322
98 138 248
86 125 220
3 104 114
29 2 44
80 163 285
53 163 226
92 83 246
99 148 368
55 151 348
37 25 90
24 60 85
78 90 175
54 36 97
91 147 380
7 0 15
9 197 239
62 165 409
47 46 207
93 101 203
77 117 206
71 121 197
62 14 82
61 33 98
94 76 363
8 154 163
80 19 104
76 129 219
94 124 268
1 57 59
28 190 226
43 181 233
92 102 386
86 153 241
63 113 213
31 196 242
40 83 123
11 142 157
43 76 128
22 59 83
18 24 42
1 58 60
13 28 44
59 180 240
73 112 242
88 169 402
2 100 110
76 147 236
91 154 408
67 29 96
92 198 298
17 109 132
2 68 72
21 64 106
64 97 163
50 51 101
44 139 192
36 72 108
24 38 89
74 89 164
71 31 108
1 48 184
87 154 241
68 3 96
25 66 136
85 131 293
56 53 145
78 126 209
85 38 130
21 71 132
99 115 220
77 115 207
65 79 299
74 177 256
35 44 159
37 21 60
38 175 233
85 199 294
19 173 236
65 54 129
2 76 98
28 119 157
11 112 163
62 141 203
64 150 263
98 123 230
5 119 144
35 10 57
56 190 255
8 69 256
20 110 137
53 29 144
1 25 27
94 126 224
26 184 219
1 161 248
43 69 130
7 191 209
13 57 71
43 124 256
16 180 327
35 193 374
