510
11 90 105
87 127 224
98 48 154
85 18 210
21 102 155
7 181 203
64 179 282
65 80 160
22 134 189
79 194 380
67 107 182
18 122 143
92 147 295
68 100 172
55 76 133
94 187 415
68 170 247
54 195 299
78 84 167
70 106 181
47 61 163
7 191 207
77 11 90
27 180 232
35 170 328
37 105 217
34 123 241
2 181 218
80 153 237
76 106 363
86 187 282
13 23 45
30 121 159
25 154 186
52 7 69
76 57 183
67 135 266
61 24 93
49 67 241
28 161 231
56 161 226
25 42 68
63 150 226
62 11 141
70 180 250
18 50 75
21 101 124
38 28 110
66 25 118
63 79 321
93 82 336
1 111 134
60 105 251
62 14 162
2 133 141
70 60 283
9 110 119
51 139 199
44 169 218
99 101 209
63 85 211
97 143 246
49 90 145
8 187 203
66 200 287
92 24 164
23 55 87
70 63 142
10 84 120
76 103 215
50 89 182
28 3 36
23 48 79
3 42 184
99 23 295
68 85 340
59 149 216
23 115 164
56 12 117
45 47 97
83 192 285
13 19 34
91 99 209
72 137 213
34 39 73
62 17 84
91 75 176
20 0 35
97 47 152
81 16 99
77 42 182
96 128 234
23 47 78
67 194 406
95 193 288
92 122 216
87 22 114
82 130 214
92 88 184
45 70 124
97 59 158
71 174 292
92 74 176
7 122 137
33 122 155
99 102 206
93 8 106
90 46 264
14 97 113
59 172 232
60 170 269
17 97 135
20 17 65
31 40 107
83 79 170
63 64 172
52 16 103
30 188 223
94 154 321
22 200 417
32 63 122
82 149 303
29 188 223
27 156 190
53 0 96
32 189 226
53 114 209
98 78 184
58 193 292
15 88 114
21 88 111
92 89 192
39 182 231
41 72 117
40 109 240
89 27 125
45 139 279
2 144 178
40 176 216
77 117 202
56 190 247
36 168 243
69 9 106
25 183 246
6 85 94
24 193 223
12 168 342
31 179 252
8 174 190
100 196 306
55 27 103
21 58 105
61 15 80
60 170 230
68 109 212
95 40 138
72 96 333
56 9 110
73 122 244
56 98 203
2 125 252
41 94 295
77 93 212
71 48 225
2 22 27
100 197 436
77 17 95
64 109 240
33 133 189
48 84 136
53 138 300
97 44 145
79 195 274
59 92 152
2 126 139
89 186 282
10 146 162
56 109 284
81 30 151
74 197 315
61 51 194
47 169 220
50 179 333
51 101 158
18 12 173
3 138 149
49 136 200
73 71 315
31 83 119
14 60 150
23 167 286
36 181 265
17 185 207
90 4 102
16 151 169
67 77 152
27 63 123
22 169 250
36 139 187
15 51 71
6 173 180
12 64 80
60 105 228
78 123 228
27 33 243
71 169 248
7 155 170
18 111 224
89 50 152
31 15 76
14 19 43
96 45 144
24 118 151
35 86 130
9 169 198
52 21 80
42 167 212
66 146 216
31 58 97
79 26 105
47 124 371
25 19 160
43 5 58
70 80 152
71 95 275
19 186 403
50 110 193
19 18 41
67 160 231
76 175 272
26 173 203
61 200 274
80 116 205
76 8 131
25 189 226
39 24 72
100 28 173
21 185 213
3 42 51
35 134 174
73 153 397
25 6 218
13 186 222
42 22 106
61 107 173
95 161 268
47 122 171
24 86 135
64 94 187
78 140 218
69 153 257
33 21 102
57 79 140
23 97 124
5 189 281
36 26 120
28 185 214
26 46 212
41 141 205
53 6 62
22 184 222
12 182 231
27 163 238
79 118 199
54 9 67
40 167 398
59 99 163
19 42 102
27 97 125
79 120 381
84 0 119
51 146 280
59 158 399
17 20 237
44 64 255
52 83 184
30 34 70
14 13 109
59 65 251
82 110 380
54 16 80
37 186 333
77 22 113
61 42 110
56 73 135
6 66 204
16 4 22
99 49 195
92 169 273
8 2 25
7 71 85
17 53 79
48 152 202
13 80 93
46 155 226
26 69 105
19 83 106
7 73 104
96 108 303
3 179 191
36 142 184
10 56 77
34 52 171
47 17 71
42 156 211
26 29 74
42 128 180
65 161 235
28 21 202
48 173 224
29 197 245
92 78 176
67 180 254
23 47 140
38 169 244
65 154 228
13 19 81
12 27 39
28 112 141
61 122 363
63 73 233
90 173 268
88 107 372
25 171 218
64 10 75
50 57 150
15 109 148
76 90 173
43 175 248
24 162 191
50 50 107
92 144 244
46 27 122
36 115 174
43 76 129
44 100 147
43 52 116
57 166 231
72 173 432
26 150 201
43 185 239
17 161 278
41 52 247
4 164 184
44 72 264
95 200 296
54 26 82
55 33 275
5 141 272
69 50 305
75 154 230
7 176 229
29 26 58
27 88 142
42 27 74
38 138 183
18 173 196
34 130 272
13 56 71
49 38 139
2 39 75
68 25 99
21 94 156
29 59 91
4 142 340
7 200 249
97 38 140
31 105 143
55 96 298
41 135 310
51 43 138
43 110 199
50 19 202
98 144 242
43 187 237
73 163 250
6 5 179
12 96 117
86 163 257
14 105 246
92 74 170
60 1 68
71 139 387
16 151 171
20 169 193
16 110 158
91 141 424
56 130 305
77 55 167
55 192 266
59 23 266
75 111 186
2 145 155
100 194 489
45 153 199
83 115 202
89 44 196
71 76 147
61 63 288
23 104 132
82 55 272
68 75 179
28 120 291
24 49 130
90 11 104
21 34 62
12 80 96
10 130 175
85 38 144
34 100 143
98 18 156
49 159 215
46 158 217
3 185 215
93 173 278
15 187 208
38 155 288
41 153 203
54 171 235
42 185 377
56 174 375
16 161 257
50 184 280
73 53 156
66 145 217
8 129 147
29 123 155
61 2 69
83 74 158
21 50 81
39 80 237
92 58 156
25 64 97
20 72 92
12 55 95
46 127 185
27 109 304
42 49 129
31 117 148
71 47 164
72 96 274
45 69 124
48 132 225
36 126 211
22 23 142
95 98 231
90 108 221
86 173 288
83 51 304
60 151 246
48 189 269
41 112 191
83 134 245
94 169 271
16 117 136
19 86 105
8 1 19
79 4 93
27 158 335
71 97 175
71 194 297
13 92 138
52 136 189
68 74 150
74 164 327
15 167 213
10 13 24
91 44 143
88 132 228
91 197 294
70 73 181
7 166 180
15 43 219
97 184 283
81 59 149
61 83 151
82 68 150
83 132 274
20 81 123
98 125 231
47 12 249
36 154 190
57 69 134
59 173 321
50 159 209
44 118 170
92 156 328
35 23 60
60 195 308
90 143 283
93 110 299
97 174 277
86 120 211
70 156 290
44 189 274
54 140 231
61 50 155
23 80 103
17 13 73
61 104 168
78 171 256
45 119 204
90 177 269
61 179 245
37 45 115
28 1 39
52 99 332
63 156 253
35 173 212
22 7 68
