610
53 44 102
31 140 181
3 196 375
54 67 125
94 61 187
42 39 97
42 199 316
87 111 216
83 174 265
81 198 286
29 189 253
74 109 377
63 94 165
97 69 201
88 64 156
54 197 256
75 168 292
5 195 224
42 168 213
44 105 286
57 157 250
72 96 280
7 23 32
57 141 220
14 34 165
89 28 155
19 72 128
57 58 162
49 130 190
50 62 120
84 25 215
56 142 379
12 90 108
54 188 282
57 91 158
21 36 65
16 156 173
63 157 361
72 134 276
62 157 242
47 179 226
13 91 239
92 101 200
35 184 259
15 146 167
82 26 118
16 10 178
95 71 350
30 37 137
44 136 186
93 85 185
83 172 266
18 95 115
45 3 122
12 0 88
26 33 109
9 79 91
54 8 117
69 34 112
9 177 249
47 115 163
72 187 259
67 102 174
69 196 300
14 14 157
75 194 407
34 153 187
73 40 145
8 136 181
23 191 353
69 38 145
6 29 139
8 68 174
70 186 300
40 113 266
100 131 238
81 182 297
42 22 64
73 124 226
62 127 233
9 145 161
97 21 125
20 171 280
3 93 100
47 16 77
63 103 176
60 121 250
62 158 244
49 102 157
85 194 279
83 184 437
17 52 99
33 53 93
77 39 121
94 6 146
46 130 357
22 151 192
82 91 207
77 102 220
69 168 244
71 153 255
23 15 40
72 181 262
75 125 212
30 34 197
25 142 173
4 180 190
57 82 144
32 24 64
88 63 188
27 64 100
81 100 220
69 54 147
60 35 142
41 119 208
74 138 247
16 2 19
11 99 117
62 8 76
67 32 138
37 13 54
88 199 470
47 100 177
31 41 81
87 27 118
8 81 95
25 31 98
21 194 218
23 74 143
26 135 210
23 72 96
75 196 277
41 11 78
32 22 72
77 165 245
71 26 99
78 99 177
16 40 160
72 169 334
98 187 287
97 85 242
10 134 205
29 136 298
79 142 269
39 48 97
87 46 196
69 112 182
63 56 130
88 1 133
23 174 197
80 94 176
97 54 183
73 148 229
3 77 82
27 65 227
46 163 241
53 157 213
17 148 327
65 34 141
38 89 135
79 182 383
3 39 46
1 64 108
83 193 282
53 77 134
79 2 86
78 50 129
72 53 291
28 147 211
35 161 204
78 12 118
6 33 88
18 66 128
86 22 111
51 68 124
21 152 181
88 98 190
9 2 17
14 83 99
40 11 89
49 182 271
90 47 145
9 9 38
83 26 109
46 190 436
69 126 236
25 97 199
94 49 146
10 177 224
28 124 165
72 118 197
88 155 247
8 14 32
1 40 46
80 85 210
41 89 158
99 34 161
99 48 156
74 68 142
90 164 264
39 140 215
51 156 233
74 120 203
55 192 277
14 96 120
49 150 200
70 110 374
66 58 241
71 176 285
97 172 270
31 52 115
17 167 184
43 164 250
8 40 56
61 73 135
40 29 125
14 134 219
87 180 271
89 182 463
65 200 333
46 119 281
3 162 190
97 21 157
75 195 301
70 68 277
27 32 61
63 62 299
89 87 222
66 83 173
33 157 198
80 115 202
33 159 291
1 135 144
17 65 100
9 151 201
63 62 125
67 61 296
37 168 287
63 108 184
53 26 97
50 198 422
41 147 196
66 144 302
98 108 213
34 52 208
90 144 243
1 12 19
96 7 130
73 116 314
78 171 266
13 163 178
83 149 236
78 61 139
11 129 177
49 134 188
92 122 248
45 8 85
47 122 218
68 16 129
32 97 137
71 51 241
33 171 250
20 58 204
26 128 156
78 63 216
6 3 9
54 155 337
64 199 278
96 193 331
62 15 77
43 58 206
2 139 145
100 131 393
54 55 164
41 11 159
15 92 157
12 67 194
4 34 53
36 112 174
74 135 288
89 161 256
92 66 166
54 148 242
75 59 180
17 32 185
84 20 114
51 80 160
41 162 203
18 181 199
95 70 286
69 88 316
57 111 201
24 108 302
42 38 85
59 162 238
15 116 136
49 78 169
30 165 326
32 123 182
46 155 206
19 39 58
36 86 141
92 175 268
60 81 150
58 83 189
24 7 38
18 14 124
2 186 195
73 124 200
68 15 87
21 39 93
9 19 51
91 168 259
92 51 162
64 14 81
1 159 164
76 67 145
18 164 365
42 113 161
33 28 65
71 135 232
35 135 185
95 7 107
56 116 179
48 165 247
87 176 451
71 65 140
99 35 142
63 155 258
58 57 164
41 110 284
94 77 219
67 170 412
100 86 192
78 114 379
88 102 238
25 179 268
86 159 288
84 161 282
22 141 170
2 170 179
20 19 63
65 110 197
90 178 274
29 130 243
84 164 424
48 121 178
88 157 267
67 139 216
96 183 288
68 197 268
17 35 97
29 50 192
89 24 279
76 186 409
70 32 108
62 113 181
48 190 246
85 90 184
5 31 159
76 131 245
63 138 211
20 7 48
1 89 113
91 181 351
55 111 203
11 56 114
84 128 216
100 146 254
61 179 242
11 142 329
33 96 133
41 74 142
91 40 166
62 22 234
28 194 237
95 166 298
75 26 212
56 65 134
5 152 164
81 47 303
75 78 336
40 194 236
50 7 254
6 1 38
90 188 284
42 39 134
18 3 57
75 131 213
95 56 181
99 149 356
41 158 203
54 38 137
73 98 221
88 25 117
6 185 244
68 63 176
56 125 364
80 128 209
51 121 214
79 162 247
7 134 147
15 83 125
56 102 279
13 163 182
11 178 229
41 142 193
80 161 289
4 78 86
11 72 96
12 166 235
79 135 217
46 77 144
84 26 127
8 22 35
22 175 204
5 34 159
64 67 279
64 4 94
85 65 155
4 146 190
57 128 188
38 133 177
41 80 130
1 186 224
48 48 98
18 79 183
17 76 93
80 121 211
53 176 238
63 26 143
56 20 173
65 81 156
46 102 334
64 8 88
71 133 213
59 120 209
61 199 298
93 44 319
85 88 195
21 67 220
68 23 146
94 52 150
23 49 199
42 184 242
72 39 146
6 56 111
93 87 275
22 145 171
26 174 205
17 77 163
58 129 368
5 31 163
37 20 62
57 18 198
72 185 265
41 8 180
24 38 141
72 59 148
93 138 232
64 67 132
31 171 232
15 137 260
16 99 208
83 155 379
22 158 187
85 24 116
71 92 173
47 180 229
88 129 233
15 30 112
28 59 273
41 190 375
98 196 308
1 41 45
55 70 130
47 10 99
60 58 168
27 125 179
77 12 119
89 196 287
91 158 328
45 165 242
42 38 82
83 148 242
100 41 142
74 105 179
14 12 30
78 126 323
60 84 190
85 151 240
31 22 83
86 172 356
41 142 215
67 19 96
85 171 269
59 1 90
84 118 245
19 154 266
53 126 226
20 32 55
98 187 429
68 123 198
11 116 159
1 156 163
1 93 135
10 115 128
8 42 60
40 148 271
67 46 119
3 42 204
34 39 83
16 177 330
61 23 101
78 166 248
43 31 83
3 114 125
38 30 68
54 128 247
94 77 173
98 60 268
16 180 302
58 148 220
42 82 127
74 136 217
88 95 183
59 100 330
61 57 218
9 114 137
77 86 206
2 89 99
39 80 258
54 33 271
34 98 142
30 55 88
34 194 230
59 131 195
43 161 242
20 117 140
71 62 156
9 140 149
80 6 179
44 108 290
24 106 137
29 196 259
31 33 71
17 54 72
92 72 171
85 109 361
49 160 231
8 161 359
27 125 157
19 37 256
41 48 98
75 46 261
80 45 253
35 109 153
73 49 125
1 75 159
21 181 327
95 25 126
37 155 198
73 178 254
54 133 228
55 175 239
40 17 88
43 172 224
28 108 140
75 89 192
16 10 50
37 111 154
23 70 93
6 66 107
19 52 74
85 130 216
1 172 217
92 41 295
73 7 95
13 148 191
38 170 213
9 128 164
17 81 102
45 97 151
5 30 39
21 50 117
47 101 150
18 128 196
66 120 192
7 68 82
26 180 239
84 60 147
43 148 197
15 44 227
92 187 377
84 58 142
69 168 282
14 139 158
13 69 236
28 97 127
21 53 85
9 53 235
22 35 106
1 83 98
16 125 150
67 12 81
86 50 164
73 147 259
82 126 217
47 168 228
36 44 273
