330
80 186 268
97 124 266
97 190 295
67 52 190
9 164 188
39 192 260
10 143 162
100 42 164
10 175 190
53 13 148
37 74 145
90 74 194
49 179 299
50 187 399
85 51 240
28 2 32
95 41 212
43 86 178
67 178 246
5 22 28
48 85 147
17 166 191
53 46 100
5 184 225
5 161 253
6 121 323
54 108 197
70 96 170
54 151 206
53 10 64
64 195 391
78 62 148
58 33 101
46 149 200
84 85 187
94 127 224
28 70 102
34 16 50
50 143 198
7 36 75
32 128 266
84 45 133
83 28 118
26 158 191
74 12 139
48 36 223
37 184 234
76 66 320
41 69 189
64 188 291
100 28 128
56 103 160
19 70 93
22 41 68
51 177 237
69 17 89
80 24 109
33 71 109
94 156 414
61 63 127
9 31 72
73 141 217
77 147 372
44 190 238
44 37 84
13 117 159
8 56 259
19 132 168
12 182 266
51 195 278
32 50 125
95 121 226
38 133 186
80 66 146
53 137 266
77 101 227
23 126 158
2 198 202
79 128 321
49 62 118
67 185 263
80 153 265
28 36 69
12 62 124
38 13 54
98 178 281
78 1 218
39 130 175
56 132 190
17 25 239
73 62 174
4 90 97
73 59 141
65 121 227
89 155 254
94 139 351
78 95 197
97 84 184
79 125 375
70 95 168
70 125 245
73 102 175
63 132 336
97 44 153
35 24 210
9 172 312
50 110 169
49 174 227
62 38 194
30 46 83
14 160 324
52 129 188
85 8 94
15 138 155
35 29 68
71 193 288
56 146 205
63 50 120
11 56 123
53 114 167
32 81 116
51 66 131
16 120 158
29 188 345
64 102 167
55 6 190
33 194 332
49 28 120
22 98 151
10 30 131
66 111 230
57 14 202
4 124 139
64 131 337
16 130 171
72 167 243
57 137 200
28 97 135
85 180 287
87 97 231
81 92 205
3 133 195
42 61 122
32 138 212
91 157 319
88 130 228
90 47 173
27 145 173
76 172 250
22 132 199
46 61 157
60 74 165
64 118 197
47 9 61
66 18 92
64 18 82
30 25 104
33 158 235
65 111 186
81 158 299
43 193 377
35 175 327
29 160 198
86 129 223
29 167 211
29 21 57
16 8 70
27 75 131
94 48 147
6 198 399
47 57 217
40 147 205
80 89 174
99 49 188
100 115 258
31 127 159
43 68 113
93 51 147
20 200 232
84 113 208
61 20 125
76 92 348
47 3 151
83 0 123
58 100 188
89 33 122
17 21 224
21 176 199
53 124 226
82 140 252
58 99 192
2 4 25
35 96 238
33 90 134
71 191 284
81 137 264
30 43 96
71 86 166
73 121 198
35 40 227
4 175 197
75 23 117
92 81 255
24 153 177
57 44 219
6 129 312
73 77 165
89 9 177
6 6 82
11 136 162
21 62 184
67 10 98
96 90 187
68 76 161
52 95 147
20 16 112
11 189 208
89 70 264
14 147 189
13 146 194
6 182 233
93 120 220
97 200 301
81 48 169
40 58 103
21 64 109
77 144 266
4 41 182
92 200 340
51 129 221
82 6 95
94 54 198
20 153 176
80 197 286
67 96 169
55 96 175
19 114 314
22 167 276
35 13 101
46 42 116
87 186 276
1 6 27
33 85 192
93 182 446
83 160 363
11 58 243
81 145 234
20 93 250
92 111 290
46 85 145
33 146 183
32 175 225
17 194 220
45 103 182
35 75 118
64 62 162
10 173 187
90 125 224
93 67 160
94 162 272
79 182 268
23 136 204
60 17 91
70 89 201
74 161 238
83 147 239
48 93 248
85 195 288
48 24 252
38 80 134
45 39 216
29 67 143
19 197 255
47 191 286
31 94 132
43 69 121
42 173 215
74 173 295
56 121 183
52 19 95
19 143 323
14 110 167
9 147 236
11 71 94
40 105 152
81 96 183
94 64 176
54 68 125
7 181 306
69 82 241
30 62 93
29 104 178
80 92 179
75 94 205
19 57 85
47 105 159
39 200 243
41 58 196
25 189 241
62 19 83
54 9 70
64 48 127
46 100 146
5 163 170
40 162 215
85 37 127
19 189 251
53 17 165
93 155 253
30 111 143
39 51 116
2 132 334
6 72 78
13 9 24
41 185 234
52 134 190
57 26 85
16 81 114
20 26 73
44 68 128
36 169 321
96 122 232
79 23 106
21 4 47
83 186 293
35 13 243
1 59 97
71 185 303
51 80 150
78 156 235
