150
52 188 393
92 161 281
41 26 69
54 178 232
82 112 234
73 115 194
58 176 248
54 170 232
24 7 61
93 196 406
62 195 400
100 90 333
68 187 303
7 191 227
39 102 146
96 127 347
20 48 74
95 192 290
30 74 167
78 27 136
55 181 285
54 18 80
48 186 237
70 65 196
59 17 79
93 78 183
31 29 70
20 72 221
59 111 336
76 137 218
1 26 74
9 186 202
19 138 163
12 137 168
50 12 71
1 148 253
93 155 261
64 1 71
39 114 155
7 36 50
4 36 44
38 115 252
46 59 197
87 193 283
28 132 187
82 37 158
88 44 137
95 179 278
68 20 125
69 104 192
93 34 134
42 39 235
45 117 178
10 77 94
35 95 134
27 145 352
79 70 153
67 139 213
45 172 267
95 19 164
83 135 221
7 111 168
3 33 42
8 129 156
45 194 275
65 9 82
24 24 133
31 70 111
25 157 184
41 149 191
36 23 66
43 144 194
67 112 208
91 81 358
48 40 113
84 129 216
51 129 196
38 96 307
36 198 241
74 166 246
60 66 135
64 28 95
77 143 376
13 129 152
67 118 195
35 115 188
70 19 144
12 39 51
39 167 227
18 135 230
36 188 274
95 171 270
11 110 171
75 98 175
15 165 222
16 71 95
67 169 434
33 183 216
53 98 156
1 130 237
21 29 94
78 18 251
61 77 178
88 198 447
20 45 74
98 62 255
36 198 236
71 96 237
83 192 465
38 20 64
46 160 398
8 127 140
10 59 260
86 181 300
24 102 136
7 173 189
68 106 274
54 184 241
27 3 172
21 82 173
32 71 290
77 199 278
93 12 135
85 191 394
44 43 139
41 162 235
85 16 104
52 57 138
18 168 192
43 107 150
21 49 167
33 27 125
73 144 232
67 148 386
9 197 216
80 103 212
24 28 76
94 105 207
21 117 148
59 157 222
62 81 145
33 48 114
54 168 229
55 146 201
23 130 157
87 175 272
92 39 134
75 176 259
39 152 200
94 170 274
