50
26 77 150
63 62 177
100 137 285
71 187 306
10 189 213
36 149 235
28 110 142
2 18 38
92 25 142
17 59 81
43 200 282
36 149 192
11 29 128
17 113 135
4 88 100
38 140 223
34 4 38
41 153 342
95 90 306
91 17 153
38 18 61
21 24 237
27 184 211
41 45 88
61 10 74
43 72 125
96 104 202
21 18 39
55 12 97
70 195 275
73 37 111
40 183 417
80 158 241
42 37 111
95 74 215
28 115 193
7 130 137
98 183 308
97 157 386
97 53 154
94 92 191
58 188 251
95 60 343
38 115 178
49 31 86
28 74 111
61 111 259
74 143 219
25 125 158
30 41 101
