720
25 118 221
34 107 147
7 53 88
19 3 22
85 82 189
76 69 184
87 105 202
59 138 203
68 47 188
42 83 161
42 143 262
21 99 283
3 61 244
69 107 225
82 189 280
13 65 117
91 134 248
73 79 185
12 107 174
23 3 61
60 45 118
30 115 148
58 97 205
40 109 197
90 181 341
14 58 82
94 35 145
45 34 107
10 129 145
14 118 284
37 154 378
87 185 275
76 17 97
9 46 147
40 176 354
13 119 133
20 129 260
73 193 275
14 72 101
41 64 122
46 98 177
56 108 199
85 81 207
14 9 113
85 5 100
51 138 191
43 77 153
100 1 105
31 169 216
11 194 387
91 121 260
86 107 198
39 175 262
62 0 79
77 97 274
30 98 224
17 192 216
79 136 229
64 151 376
98 146 292
79 126 304
58 112 216
18 75 107
48 89 147
37 162 235
5 120 193
6 96 108
64 74 147
4 101 116
34 180 240
89 0 97
13 55 69
72 68 140
53 42 122
77 137 220
11 91 184
28 130 167
3 163 260
80 148 236
67 83 209
61 151 406
91 130 315
59 53 159
37 28 69
30 32 67
13 74 95
83 172 432
1 169 174
57 173 251
61 159 238
10 119 172
10 22 50
14 4 18
39 153 238
16 86 104
83 22 283
22 135 159
90 168 336
32 9 108
79 176 296
12 187 206
49 30 87
67 85 318
11 81 102
46 161 208
72 166 247
40 147 191
11 161 187
3 192 362
67 101 172
69 96 213
79 148 256
77 115 343
10 196 244
58 71 323
44 88 294
12 97 130
37 119 207
43 184 305
67 20 96
29 93 126
33 46 95
39 144 224
79 123 322
48 50 108
77 123 231
38 141 191
63 82 299
13 27 67
97 108 379
82 112 323
27 173 369
2 93 113
17 138 285
68 178 287
27 160 197
94 191 312
11 92 218
6 16 24
6 164 216
53 147 243
97 30 211
80 59 149
62 4 66
45 187 267
93 96 195
75 20 201
75 108 196
55 47 249
60 12 74
20 127 289
74 75 151
71 173 248
92 114 283
55 4 85
23 97 153
71 8 117
48 91 147
47 187 417
69 88 190
100 4 137
27 70 253
39 83 148
8 127 138
3 87 124
14 162 200
84 25 114
12 41 60
89 153 259
100 24 234
17 52 82
24 180 329
44 0 77
40 129 328
20 101 125
48 36 91
65 195 266
66 118 186
42 45 92
33 173 212
60 92 192
59 16 90
1 114 154
94 63 178
44 121 292
93 13 106
69 13 87
11 129 165
12 185 391
28 187 327
4 164 195
70 143 222
83 139 247
21 160 182
46 103 161
43 81 134
71 25 101
57 60 123
45 56 147
39 68 114
89 68 162
15 62 94
35 53 95
12 77 95
80 116 204
6 200 334
11 175 209
66 139 359
27 55 92
98 118 380
10 104 167
10 54 73
58 71 136
76 28 169
32 169 236
40 89 155
28 115 144
95 152 286
8 29 41
55 139 199
25 2 30
18 152 170
69 181 252
26 87 115
10 98 128
59 152 213
45 43 95
48 192 273
42 72 118
40 28 199
20 199 247
47 53 102
82 51 136
87 197 284
2 61 112
13 18 54
18 16 178
72 62 140
42 133 212
39 10 53
6 57 155
5 117 165
66 153 415
41 189 359
90 63 291
96 199 295
69 82 157
6 5 18
4 135 146
50 178 232
4 16 24
73 114 360
62 170 242
54 45 215
11 68 122
99 12 143
28 64 95
32 180 218
71 23 135
44 40 94
1 197 223
2 99 108
97 155 293
75 142 218
20 172 336
26 22 48
95 113 218
16 127 302
61 122 249
32 37 71
97 134 232
17 16 43
31 124 306
86 162 248
10 105 125
6 52 170
58 24 87
1 183 194
34 48 88
10 127 179
28 173 206
43 168 254
81 107 194
86 116 231
17 106 247
3 68 96
79 189 296
75 43 128
74 2 243
75 54 168
19 166 252
91 125 246
18 78 291
40 83 151
36 80 125
75 182 259
33 81 136
90 44 140
1 180 200
83 123 228
23 14 71
53 134 232
35 142 215
76 188 293
1 53 60
79 182 309
6 147 269
39 122 181
58 69 165
86 19 116
30 188 220
3 124 128
10 168 335
67 142 213
97 110 381
45 33 126
88 65 202
3 24 40
6 129 238
76 41 118
92 65 206
94 10 104
34 44 147
31 81 197
68 7 241
8 51 75
100 65 219
89 7 103
99 64 169
20 4 87
92 120 218
57 28 86
27 0 40
82 110 217
37 149 196
13 113 132
68 112 187
29 141 207
7 159 190
23 180 235
62 154 221
39 21 65
29 121 151
94 104 343
27 123 302
13 10 26
73 64 198
50 136 217
3 46 122
44 39 108
73 27 110
88 87 362
35 25 102
51 134 195
8 183 204
48 23 102
36 105 338
90 122 215
17 7 121
26 11 38
14 15 29
61 82 335
60 7 71
88 43 256
62 40 105
55 114 176
27 16 46
10 146 195
55 10 139
66 54 147
35 35 80
95 168 433
42 167 370
38 196 237
67 166 234
80 156 253
30 147 196
47 166 284
77 103 199
4 18 42
11 92 285
42 24 67
68 53 127
64 13 113
3 82 123
41 131 172
50 143 360
70 139 261
46 161 225
6 197 210
27 101 136
32 74 144
24 84 131
86 154 247
56 194 286
72 56 132
65 4 113
99 96 201
59 132 200
61 156 219
67 130 374
43 104 152
61 172 235
43 128 181
4 16 42
12 112 148
83 167 253
56 126 187
42 125 206
13 86 131
23 60 116
53 19 73
13 7 207
29 4 38
32 119 200
3 169 333
85 181 324
29 120 159
95 109 252
70 17 126
64 159 306
40 44 246
51 191 242
58 70 136
64 188 317
7 115 162
4 140 146
48 131 226
10 57 172
3 171 186
96 18 125
80 142 229
45 25 102
3 194 234
9 70 82
89 4 167
82 15 131
34 95 174
82 31 120
72 167 257
15 108 174
21 74 102
45 19 67
23 116 224
33 1 44
94 123 262
19 81 101
80 182 300
14 199 354
65 63 133
45 45 243
21 95 198
78 59 161
65 23 91
11 155 174
12 96 290
60 178 239
46 142 199
46 37 89
93 55 193
64 159 233
90 53 306
56 14 70
90 33 126
1 191 196
71 135 390
26 126 169
31 139 236
16 9 97
74 84 281
27 136 163
48 14 78
26 191 319
3 19 204
8 8 150
43 26 77
10 180 257
1 105 157
46 9 79
56 13 268
58 91 309
23 77 100
59 11 78
60 197 263
22 134 186
11 142 154
88 156 246
14 142 163
100 36 218
48 179 256
14 121 164
39 194 343
25 41 68
11 175 226
87 185 452
74 116 195
34 131 267
25 8 40
23 74 112
96 55 301
16 192 209
87 27 114
22 9 169
59 10 77
8 72 81
9 93 118
25 105 172
24 96 125
80 84 168
23 162 185
76 5 86
100 85 220
46 145 194
37 23 67
47 116 191
26 35 70
13 43 65
35 126 165
17 108 127
59 1 250
51 200 271
11 189 369
8 157 204
67 115 211
87 135 264
21 149 180
47 172 221
56 99 163
60 151 238
68 48 123
13 81 96
82 66 154
99 76 213
95 13 111
27 107 137
44 32 77
55 34 90
25 51 96
45 161 272
32 198 237
40 147 204
90 26 124
7 197 230
86 116 231
17 121 147
30 102 141
27 129 180
77 137 234
96 167 277
58 51 121
13 14 57
91 40 294
39 143 182
77 110 301
4 117 221
60 7 75
36 127 165
75 191 296
47 116 195
81 2 88
50 190 270
62 94 184
69 193 264
46 162 209
100 79 263
19 139 167
6 62 116
28 121 158
23 90 150
37 31 71
74 146 227
92 155 253
67 190 306
100 120 260
74 117 382
58 59 120
13 187 364
9 89 107
9 131 144
42 80 124
70 38 206
13 99 121
22 172 195
73 73 149
49 159 349
14 12 30
15 195 214
54 20 179
75 105 259
61 41 107
98 123 385
34 140 177
22 38 144
1 112 222
89 173 356
30 39 138
86 33 139
30 180 350
67 129 241
81 194 329
72 12 100
36 145 282
99 151 251
50 27 90
50 88 148
42 54 103
71 103 178
81 191 304
20 177 243
26 80 115
7 158 170
55 174 297
1 92 95
97 82 183
32 135 167
77 92 328
52 35 88
77 86 276
35 167 260
18 163 199
68 98 176
35 141 223
96 148 262
4 2 199
97 88 202
32 66 108
61 138 378
47 96 195
9 68 87
24 187 220
63 161 225
69 98 177
31 182 317
43 177 286
22 5 191
99 130 246
31 112 144
2 40 197
89 187 285
59 138 380
53 107 171
99 146 334
81 144 231
68 150 228
22 118 144
45 153 250
93 117 247
68 182 389
8 132 143
68 96 187
55 120 225
21 67 126
37 179 381
24 186 317
52 192 266
6 37 52
32 59 249
73 21 112
70 54 284
30 92 280
19 99 203
29 21 246
72 161 240
98 138 272
61 177 242
13 38 61
60 84 191
27 168 213
22 139 165
48 68 159
43 123 176
91 68 161
38 165 212
43 99 184
47 24 74
79 180 289
39 186 360
66 107 178
10 80 90
17 110 137
59 128 197
22 105 320
89 66 194
48 86 134
93 59 159
75 0 81
30 15 55
42 121 165
20 44 255
1 115 176
35 161 204
31 146 183
98 189 297
65 89 319
42 131 179
1 86 96
28 20 55
14 113 296
23 148 174
82 166 273
1 97 282
45 131 180
3 115 299
78 84 168
94 160 288
40 145 330
16 158 182
89 18 140
18 113 255
74 134 336
24 23 113
36 167 235
14 2 57
83 36 123
72 35 127
35 145 301
23 126 155
82 46 309
40 50 131
3 200 210
