710
79 41 125
85 56 144
11 12 40
98 150 250
80 61 141
24 183 207
85 36 167
49 109 162
56 81 143
28 91 167
89 71 164
33 73 131
4 84 93
87 180 317
19 32 60
27 36 137
57 102 167
84 163 289
40 139 212
36 30 80
100 102 377
40 6 50
1 115 126
28 114 145
25 55 90
77 102 189
80 85 193
89 30 257
69 141 251
58 172 237
98 198 299
57 173 384
89 84 175
23 120 171
50 111 171
29 109 168
29 182 396
37 35 119
6 24 183
98 73 180
69 120 328
3 86 90
30 115 248
26 114 142
54 145 304
40 1 143
57 117 292
3 129 148
50 125 178
79 163 288
74 30 141
44 28 189
48 117 171
89 102 309
45 99 286
53 43 96
47 195 244
69 101 178
100 133 282
17 61 81
79 183 292
36 116 194
30 114 151
96 59 160
14 36 56
89 190 286
1 184 185
34 39 182
71 131 227
4 158 204
43 24 72
29 148 198
97 78 176
45 7 91
40 151 195
51 125 176
60 110 208
52 181 257
100 153 259
4 127 133
53 190 261
95 4 136
93 19 139
58 111 173
29 137 182
92 70 262
39 131 177
92 1 98
43 117 177
62 142 207
58 114 174
62 103 191
12 107 125
83 30 113
93 85 182
77 62 141
96 131 387
58 141 328
89 51 176
57 45 222
73 141 219
31 63 101
62 197 401
58 45 140
34 104 316
6 105 117
26 132 163
39 11 78
45 136 353
18 188 227
21 173 270
22 148 180
58 143 218
42 199 263
95 30 220
10 182 377
14 105 248
34 136 191
68 102 368
64 68 161
81 168 254
23 179 206
98 198 405
98 148 255
51 108 167
14 124 193
22 117 173
47 104 185
58 43 113
63 194 298
50 103 163
81 31 226
66 26 224
87 185 368
11 47 63
60 160 240
56 153 217
66 163 420
50 4 60
27 34 71
72 109 267
36 118 349
62 110 255
89 15 119
85 105 242
17 153 207
25 187 255
8 4 52
94 11 143
11 56 90
21 196 307
82 102 186
17 101 146
84 94 185
26 197 231
53 33 122
58 102 162
43 119 195
55 189 274
28 65 94
15 159 182
69 62 152
73 199 445
28 127 204
94 183 303
99 6 197
72 118 198
20 4 148
29 79 136
6 117 127
58 10 213
39 156 242
66 154 228
17 167 231
60 184 247
97 38 137
72 149 226
61 97 208
48 72 120
85 60 153
55 70 169
27 151 181
76 42 124
82 137 227
76 41 138
52 42 103
18 54 75
54 188 252
76 22 272
24 46 102
57 92 315
27 141 321
75 16 118
80 75 310
65 36 107
3 123 139
57 67 132
50 32 115
67 57 148
6 195 347
80 143 301
1 30 32
41 144 221
24 170 198
97 176 315
59 24 99
54 158 222
67 85 306
42 33 214
12 185 203
3 143 151
65 123 197
23 65 93
96 117 217
84 33 123
48 105 194
11 175 231
86 172 415
34 145 189
13 54 75
14 71 101
31 0 55
1 126 134
84 42 127
41 23 67
9 7 33
7 72 98
19 85 130
69 93 299
48 115 164
63 56 204
61 4 228
3 26 40
73 54 175
20 90 111
3 152 312
6 117 123
95 158 301
75 121 245
8 111 128
76 35 119
21 136 214
21 7 135
45 156 201
54 66 154
74 41 116
94 27 197
99 153 284
21 30 97
98 121 381
61 3 110
34 99 193
88 36 134
34 171 287
43 148 213
61 115 245
61 115 179
62 15 116
12 39 56
36 197 272
17 113 138
11 140 226
27 144 219
47 173 224
67 105 201
85 150 238
46 13 99
72 109 248
12 158 171
96 127 232
10 63 240
52 66 155
46 137 199
12 35 55
20 179 217
47 96 146
38 72 110
8 167 180
27 95 269
83 88 174
14 29 193
94 36 135
39 182 231
86 39 126
47 172 375
86 168 288
20 31 88
62 188 259
88 15 121
91 131 233
47 61 108
40 174 256
18 185 335
100 193 398
10 165 231
41 48 160
58 125 208
20 116 321
77 68 150
44 145 375
58 67 145
61 20 106
37 51 88
57 182 268
46 123 196
69 126 215
56 187 252
20 36 141
43 18 64
28 21 86
83 162 388
29 63 98
88 139 270
56 128 220
4 8 46
34 24 65
38 152 199
53 50 237
56 57 212
46 128 180
68 76 243
54 152 251
79 120 343
100 59 201
8 78 91
20 72 99
26 147 181
35 199 275
56 56 121
74 82 185
48 134 219
91 114 394
11 58 267
83 52 182
71 51 199
30 29 143
48 134 381
37 98 136
20 45 70
42 88 137
82 31 116
16 59 275
13 9 23
56 31 111
69 178 250
37 165 397
11 83 97
24 1 53
59 52 269
62 170 239
53 174 252
26 92 120
52 80 140
10 67 192
87 196 323
51 10 100
99 52 158
51 95 275
10 19 39
7 14 51
56 40 96
66 31 197
50 9 244
96 43 264
70 123 308
21 166 192
79 111 245
61 192 257
30 44 121
1 187 223
55 0 64
4 101 275
48 93 147
79 138 228
87 26 149
68 193 309
88 176 280
34 115 224
90 181 343
42 58 143
96 153 442
66 19 133
84 160 254
6 40 82
63 37 108
28 103 143
57 195 259
56 69 157
38 179 220
81 27 262
4 96 178
36 115 173
77 159 238
53 110 192
46 49 119
39 143 212
92 18 119
67 169 375
50 1 88
73 14 174
87 52 148
85 172 267
39 81 142
81 182 293
31 190 223
74 167 266
91 75 170
13 161 187
26 62 141
53 90 179
71 140 218
21 172 195
37 129 240
100 137 238
53 176 267
37 58 128
90 39 152
54 138 199
49 31 112
5 168 287
93 92 329
51 110 194
70 133 217
57 35 113
73 181 279
8 3 90
81 153 328
51 181 235
12 158 171
51 166 337
95 36 161
18 13 42
59 111 171
93 3 125
27 148 371
77 70 151
8 159 170
6 180 190
63 108 338
86 195 316
4 32 45
69 117 189
7 152 357
72 14 112
31 101 133
36 134 173
85 15 102
22 57 109
66 125 276
58 144 202
64 71 144
66 129 212
41 8 217
50 124 180
93 191 388
73 191 419
12 27 146
34 186 220
96 191 297
9 27 44
35 189 316
58 200 274
33 155 299
59 157 259
72 13 123
57 159 253
52 149 204
69 101 171
48 51 106
94 161 291
95 118 215
63 103 360
27 149 181
97 23 129
4 83 123
66 104 197
35 111 189
28 4 58
6 123 129
61 105 172
77 18 133
14 160 207
67 94 163
21 55 173
89 61 153
64 156 247
53 160 340
7 136 320
81 110 193
26 72 252
70 68 305
50 105 197
69 154 265
57 80 142
28 166 386
5 165 224
44 91 149
70 137 216
57 180 283
32 110 148
34 19 61
8 152 187
17 152 182
58 1 225
32 96 172
63 196 286
59 165 224
16 194 250
82 142 270
49 29 98
19 150 325
89 38 290
60 161 228
42 173 295
47 188 283
72 128 201
77 123 201
61 83 145
36 157 200
51 188 259
68 3 75
60 170 240
50 106 164
42 85 274
43 9 60
75 104 181
3 111 134
9 200 274
56 199 376
77 52 138
66 173 242
56 34 144
88 1 89
24 63 166
79 125 242
50 79 148
42 178 263
27 123 155
57 41 98
4 19 32
94 138 235
67 40 113
96 184 288
61 94 161
51 141 202
62 152 216
25 109 137
3 62 157
17 103 134
23 175 286
27 187 366
41 150 256
11 44 55
56 9 222
71 32 119
97 173 296
22 28 65
57 129 192
29 90 137
13 97 113
60 105 211
84 149 387
24 37 64
78 37 128
84 191 282
6 15 25
10 58 78
31 158 204
54 48 262
13 171 184
70 68 170
63 6 104
72 150 287
45 41 95
90 70 160
79 187 445
71 91 170
40 92 177
79 161 247
61 116 197
72 69 307
98 103 228
36 168 214
31 137 168
88 159 250
47 159 388
45 13 132
92 185 313
55 34 92
66 134 246
10 125 263
24 98 140
44 126 219
65 59 299
59 72 135
8 125 140
68 179 248
67 161 262
69 124 218
72 145 260
11 169 184
42 160 346
61 0 103
77 154 232
49 171 235
48 77 245
6 170 189
95 171 297
19 131 294
61 3 74
29 136 190
36 27 94
35 124 163
98 31 133
68 161 232
44 71 185
60 140 205
29 19 54
65 55 126
83 187 270
27 176 219
86 196 433
58 101 190
48 115 169
82 34 265
77 67 175
72 124 226
10 107 195
21 88 113
42 34 272
2 197 201
73 154 227
8 155 220
43 118 161
92 4 265
60 165 235
59 177 236
49 93 143
35 177 215
64 132 382
38 56 101
30 81 286
24 32 58
16 32 158
19 39 134
11 143 158
85 75 253
58 196 260
57 66 199
87 113 278
65 166 236
21 106 158
82 52 139
3 168 272
51 148 385
65 39 136
31 76 124
87 123 217
20 59 88
50 158 363
18 187 243
19 150 180
15 129 233
27 87 118
73 29 105
61 128 190
57 76 306
73 168 275
100 173 279
33 122 180
90 16 113
60 123 288
17 6 25
28 76 108
48 6 63
22 90 136
26 98 137
69 123 221
14 146 184
69 50 128
25 85 115
34 119 168
60 101 342
8 66 83
79 73 194
40 111 176
61 50 118
92 0 95
52 86 178
60 118 188
15 61 80
66 15 131
49 98 150
58 45 118
16 200 220
95 132 227
90 198 337
65 158 236
72 58 159
70 15 88
59 61 218
18 55 79
20 49 92
1 125 129
66 78 150
67 164 236
30 161 359
33 37 98
97 21 118
17 9 76
