410
56 178 415
82 117 323
26 194 407
82 8 97
79 101 195
87 18 119
80 152 282
1 70 133
100 105 210
37 125 164
75 28 216
84 190 323
98 160 259
16 114 130
59 20 124
16 194 212
95 1 111
29 4 184
98 54 163
44 77 123
11 2 59
43 77 154
62 101 192
25 40 73
51 117 191
86 148 407
21 92 128
65 143 313
81 8 273
54 149 251
77 36 163
95 177 273
9 116 125
94 189 317
31 76 113
92 199 291
55 99 221
27 197 232
27 149 269
92 195 385
71 198 453
21 160 190
46 5 72
100 178 278
76 179 413
97 96 373
50 119 298
20 57 80
24 13 71
16 33 232
89 176 269
31 175 230
51 89 220
27 178 294
10 16 64
9 126 142
54 185 248
5 39 50
72 83 164
38 114 188
75 148 233
78 199 284
7 34 83
4 47 190
17 181 201
54 75 311
47 65 114
61 9 111
36 184 221
22 133 198
98 34 140
98 85 191
20 189 226
93 123 219
62 197 269
98 81 355
76 42 127
99 127 228
53 181 244
88 154 244
43 152 199
60 140 236
55 103 204
68 192 309
84 64 271
59 164 240
90 68 196
5 69 149
38 120 173
73 166 241
42 139 208
31 181 217
30 138 174
91 44 166
45 128 175
20 53 73
4 95 106
77 53 210
33 156 353
12 116 149
7 45 86
92 123 216
13 80 103
84 69 163
63 12 75
66 67 176
57 96 158
66 118 196
97 30 165
87 37 131
14 101 252
35 70 270
97 103 207
53 75 131
52 71 128
7 179 189
68 66 160
13 70 115
86 34 124
17 190 229
23 174 323
94 146 353
12 113 171
33 61 98
1 6 13
36 120 298
37 6 50
45 164 250
65 154 229
72 180 290
55 20 247
100 150 363
78 85 176
100 46 182
53 75 148
65 125 201
63 27 92
89 76 249
25 128 213
50 22 76
56 33 217
48 90 149
41 116 335
36 91 133
88 119 225
34 199 395
59 141 222
56 130 269
24 65 202
48 153 212
79 31 228
90 12 103
45 150 221
29 64 242
75 119 272
2 107 116
62 90 302
96 79 179
42 168 339
55 100 163
16 145 209
58 172 257
74 143 318
47 1 50
41 56 105
87 90 215
57 43 129
36 123 254
83 106 372
76 97 208
4 89 126
66 92 166
48 108 231
73 51 133
90 156 261
24 49 81
27 121 154
98 139 250
27 91 118
82 139 222
9 160 170
12 133 166
36 133 170
22 4 216
50 78 311
86 129 218
80 125 207
14 30 53
17 122 148
68 53 123
53 0 82
64 60 174
29 148 215
99 100 335
86 109 237
15 183 202
6 180 190
92 128 265
4 180 229
76 92 181
69 176 250
34 175 321
60 15 119
88 42 165
70 45 121
72 173 283
67 103 177
46 91 140
91 8 102
99 73 185
6 83 132
21 92 147
71 80 159
66 65 138
49 2 144
48 181 238
18 96 119
31 178 216
98 128 282
50 173 232
22 76 123
77 73 182
83 5 229
64 40 111
8 149 160
75 146 230
24 90 123
40 113 153
12 186 207
56 115 332
5 81 132
27 144 178
18 180 369
72 98 319
99 60 192
74 34 108
75 185 284
79 72 189
97 8 154
27 42 135
1 89 104
25 43 99
68 80 152
36 142 223
57 84 201
57 137 225
6 124 130
2 151 176
63 183 288
43 21 73
49 69 122
97 11 165
64 125 192
17 95 149
78 121 207
99 69 187
86 69 224
46 26 247
98 51 152
39 38 105
71 82 333
67 100 261
58 85 273
79 181 286
32 16 58
92 140 238
30 172 306
62 94 281
81 103 210
64 53 117
45 132 186
22 121 177
4 167 191
50 12 65
77 149 267
82 78 160
34 33 231
46 70 126
99 16 120
100 38 184
65 84 191
88 168 270
23 197 284
17 42 69
36 174 248
69 87 181
16 171 198
3 94 126
16 48 78
89 139 231
31 25 75
1 2 36
97 4 142
52 136 225
46 64 136
89 92 184
97 51 227
41 31 205
41 149 199
23 55 87
37 61 126
77 91 272
12 150 305
56 194 280
45 46 91
27 112 294
15 107 122
90 136 236
20 91 127
94 65 166
43 3 54
86 136 365
56 195 293
36 193 232
70 167 247
85 151 245
70 41 153
69 191 351
99 66 168
26 183 214
1 176 182
37 168 231
3 33 49
89 105 197
12 6 26
88 28 152
70 128 243
3 159 172
91 162 254
90 97 216
10 126 224
69 88 165
54 87 189
42 152 369
49 104 158
30 122 333
71 83 166
48 125 201
88 68 164
6 64 110
98 178 288
89 20 285
35 69 114
44 146 238
41 138 228
53 81 150
94 40 144
85 43 141
68 179 250
48 134 289
15 26 217
30 17 91
46 25 150
37 98 135
74 162 240
52 78 138
39 189 260
64 161 229
30 129 165
18 178 348
7 179 299
4 7 150
98 107 206
75 108 190
23 114 138
66 157 233
72 97 268
7 32 41
100 35 164
63 199 378
21 36 249
24 94 123
23 1 33
33 118 161
99 41 147
6 32 229
70 48 122
89 129 243
94 6 257
44 25 87
85 63 149
44 66 165
74 103 227
96 146 249
23 73 105
26 15 45
37 110 193
37 96 138
32 7 56
68 112 204
22 178 267
34 104 157
48 124 195
28 132 227
18 162 272
67 118 195
19 135 197
17 197 230
55 138 207
71 139 356
71 100 193
39 40 113
60 81 308
18 30 55
51 79 159
72 170 277
68 132 202
97 111 249
91 198 313
41 78 148
