880
22 82 105
18 91 113
57 119 286
58 163 228
68 75 149
86 180 286
51 152 207
66 131 206
24 69 95
37 112 186
67 93 270
98 59 166
59 191 251
4 191 211
22 196 220
40 171 216
97 158 366
21 180 281
59 147 235
61 195 263
33 162 234
35 38 74
53 3 66
100 51 152
42 64 156
4 48 52
37 182 228
11 100 111
10 173 195
95 55 273
1 181 197
94 33 131
51 193 250
74 171 280
56 98 176
46 122 262
77 57 144
34 146 232
61 167 228
95 159 309
74 18 111
9 45 100
19 168 232
33 173 219
48 32 147
62 111 188
85 35 123
4 150 300
18 0 21
10 15 46
76 168 342
76 171 250
94 81 340
40 96 143
97 19 121
20 169 193
94 152 251
38 193 241
49 161 242
31 146 349
41 7 173
95 0 111
94 5 100
73 132 263
77 174 251
89 143 273
37 89 149
10 34 90
55 99 281
75 158 362
64 40 147
29 187 216
99 89 224
54 168 255
38 172 227
70 159 235
69 160 316
74 100 174
80 0 93
54 147 221
99 139 238
50 161 221
4 58 64
6 37 230
15 102 126
71 111 320
74 52 153
22 145 352
72 25 108
25 162 195
99 173 285
54 101 194
11 74 89
51 112 164
13 77 92
55 159 261
27 29 62
5 184 234
8 162 255
45 182 265
55 34 99
68 127 195
8 160 206
76 57 178
79 43 148
17 14 228
70 38 154
87 162 269
49 41 132
91 86 291
68 116 227
96 12 224
64 137 209
65 156 227
86 47 189
72 3 76
61 105 220
93 17 112
24 37 131
47 91 144
86 135 266
32 20 60
25 15 47
74 143 221
8 152 161
12 36 68
92 26 121
61 174 275
97 132 279
91 55 192
88 159 275
87 89 186
78 52 246
51 154 384
8 92 123
19 66 111
52 194 256
17 92 238
72 38 119
67 37 109
8 200 240
29 84 121
28 120 164
78 26 107
69 104 174
18 65 106
71 19 114
26 152 183
80 151 258
53 35 92
57 100 267
29 192 356
34 11 51
85 160 255
30 52 84
74 98 246
39 28 67
7 103 211
14 69 277
40 154 369
39 105 269
1 110 240
54 53 107
5 197 207
95 4 145
2 196 287
89 119 214
84 112 201
37 113 162
64 131 201
25 17 75
67 82 199
85 66 152
96 125 225
85 171 262
9 77 91
43 114 170
65 118 217
100 93 221
60 170 377
86 0 141
100 112 220
5 75 82
37 170 212
48 57 105
62 0 68
63 22 151
83 177 344
89 98 231
8 108 123
41 174 220
29 29 64
74 120 236
88 94 247
6 127 138
68 109 218
94 75 210
70 152 230
84 29 167
90 43 156
42 14 64
72 192 327
38 35 167
65 137 243
76 153 236
5 34 62
57 172 234
5 131 168
83 2 103
51 105 160
45 67 160
11 99 157
64 151 217
16 7 30
72 152 242
29 168 374
40 142 214
10 133 159
50 159 211
67 118 216
88 87 321
8 20 38
84 28 123
65 149 219
24 152 319
92 2 104
86 25 229
95 148 248
50 59 123
26 87 116
21 151 194
39 192 312
53 123 274
77 169 247
25 16 82
83 195 319
74 51 127
72 163 282
97 48 171
31 64 98
2 161 165
69 180 383
45 30 120
71 25 100
2 150 170
78 87 190
36 128 186
84 10 104
37 68 197
98 8 115
46 125 197
7 59 115
27 87 261
79 149 254
55 146 250
59 90 157
4 36 43
81 152 233
61 21 88
83 89 370
34 86 128
85 8 103
53 73 133
10 39 49
78 9 175
60 170 416
33 21 66
83 143 235
52 129 190
10 55 73
65 110 200
80 200 289
53 97 150
97 63 184
85 73 195
9 58 87
93 25 119
68 43 237
59 144 253
31 187 220
57 23 80
82 26 168
50 197 253
39 175 273
24 34 184
31 153 193
52 138 314
96 195 348
81 192 301
2 12 38
43 48 93
2 151 157
60 75 136
30 134 169
40 94 202
42 191 240
70 30 110
55 98 235
24 134 181
36 156 200
15 46 76
2 4 51
79 200 468
27 58 85
35 187 228
20 83 106
71 129 210
88 168 274
91 131 282
30 36 68
88 140 230
83 112 205
31 106 191
30 119 149
88 158 354
51 36 88
12 93 150
27 174 329
79 185 265
10 44 94
42 67 154
62 14 103
28 72 118
27 117 173
38 114 293
34 30 105
7 70 91
42 194 236
34 71 115
31 200 231
62 156 218
56 100 197
27 191 226
75 174 305
41 59 108
64 35 244
10 162 283
49 196 250
33 122 174
100 109 217
92 101 202
97 38 182
11 199 235
62 68 135
37 47 108
100 68 182
54 133 207
20 9 58
9 168 334
65 199 267
44 58 102
2 45 151
17 177 325
31 151 207
6 137 166
93 102 199
39 85 125
73 2 98
79 193 275
23 68 91
51 137 197
94 24 123
29 3 119
68 167 253
33 21 68
60 72 316
38 198 250
34 9 43
20 14 168
86 13 102
74 127 204
2 74 87
9 69 98
72 38 263
96 58 156
93 56 159
31 161 195
85 66 289
7 32 51
76 183 266
56 8 79
33 100 142
5 41 89
66 71 138
95 121 362
17 40 59
73 195 295
73 107 180
83 43 148
83 30 144
23 70 132
85 17 268
58 72 130
85 109 202
29 166 199
70 134 251
35 144 208
75 38 121
30 186 234
45 58 127
98 80 360
29 181 218
75 138 373
82 177 296
65 142 246
15 168 223
7 187 210
77 70 150
10 111 131
5 83 97
84 4 104
30 74 112
13 85 101
94 184 339
16 145 164
24 92 187
73 97 265
64 200 268
49 61 120
36 111 168
39 40 102
62 101 198
58 118 211
81 82 284
21 101 124
2 37 148
39 104 149
2 189 238
76 4 105
58 67 153
51 42 95
32 21 63
42 117 166
8 70 88
56 28 94
26 185 375
3 0 46
24 21 92
62 108 173
7 195 256
70 110 214
40 31 75
57 119 231
54 73 129
97 150 292
37 24 110
67 35 111
42 116 159
54 56 288
63 74 168
6 127 180
4 4 8
60 46 131
93 107 357
73 74 148
83 81 270
95 182 281
57 110 276
73 197 317
69 162 352
76 63 166
46 56 110
85 29 200
61 76 138
100 91 199
9 5 110
98 25 207
13 62 77
63 30 103
80 78 199
22 0 182
53 63 125
46 114 324
50 147 205
13 54 70
55 15 73
42 16 163
15 58 240
100 36 176
7 76 91
45 29 273
60 9 111
89 152 242
11 59 79
73 69 193
38 6 71
36 200 255
15 55 75
2 13 63
100 21 129
100 4 104
33 17 56
55 35 98
49 168 217
90 171 305
97 55 196
25 15 82
99 83 189
15 120 144
80 162 361
5 91 101
40 5 46
40 171 389
56 137 198
47 25 84
93 53 155
13 94 122
87 159 247
62 47 118
9 114 132
79 134 307
70 179 285
19 58 95
53 144 211
72 40 179
37 182 221
29 46 93
42 139 182
61 72 139
82 141 224
22 132 158
86 56 165
22 163 194
26 188 236
7 19 30
28 14 56
82 159 370
20 125 284
46 169 259
53 12 100
64 56 130
85 36 126
37 47 265
88 55 185
37 30 78
10 166 177
68 23 117
87 68 192
91 164 257
23 59 83
68 151 242
75 186 268
46 197 253
41 48 93
27 183 217
29 37 176
6 118 124
9 166 193
68 121 190
1 89 110
57 15 75
40 169 253
3 99 267
71 105 218
60 44 109
56 133 198
45 79 124
91 122 329
74 68 246
30 36 71
57 188 263
52 152 208
57 167 234
100 87 231
86 169 323
44 101 297
35 44 105
12 69 131
36 184 261
23 27 56
89 84 181
27 102 135
50 122 290
89 10 118
86 34 296
3 160 210
50 142 376
39 185 230
12 140 157
15 139 166
78 176 264
85 137 316
62 72 137
40 163 223
96 20 277
19 124 163
52 112 174
8 80 95
34 36 78
58 155 220
3 47 72
56 72 230
33 0 43
84 35 304
30 166 200
78 183 287
20 103 135
69 44 258
94 64 201
64 90 156
11 70 120
22 86 111
7 172 179
7 152 191
97 75 189
66 119 193
36 117 156
13 44 98
99 39 274
89 16 114
54 66 122
36 146 232
8 136 153
53 10 104
80 128 338
2 42 90
55 36 126
9 163 206
88 193 285
78 21 121
63 15 133
32 138 180
68 73 144
85 149 244
17 199 219
87 39 132
4 162 167
20 160 209
58 119 204
63 141 284
28 193 358
8 80 99
40 70 159
22 161 187
54 132 188
34 134 177
51 172 265
31 95 130
12 151 167
79 17 134
56 1 83
40 95 145
2 162 167
50 162 248
46 64 119
66 29 103
24 87 115
38 50 93
41 127 203
62 83 180
19 35 71
10 148 162
1 153 161
60 166 233
24 179 356
94 51 161
25 124 151
27 174 234
1 107 243
49 187 246
94 25 124
91 65 169
94 198 425
68 183 302
92 186 325
18 116 177
75 141 218
91 82 319
9 161 180
76 121 243
14 111 163
48 45 165
36 3 162
90 104 312
43 52 101
56 24 102
56 83 154
44 103 295
29 120 151
30 0 36
70 29 216
73 44 127
19 10 64
43 186 231
13 28 51
86 120 214
50 9 90
19 75 99
78 172 259
1 86 144
45 150 235
59 24 128
24 64 99
61 84 176
19 171 213
6 114 158
15 135 151
56 128 219
62 170 344
28 91 125
27 36 73
7 17 74
42 77 260
25 114 194
95 106 202
24 173 201
12 157 184
51 31 240
15 82 103
68 40 157
81 190 287
32 199 235
46 120 169
57 41 144
61 179 430
52 158 380
24 17 50
8 115 128
75 190 335
1 36 42
70 133 392
64 96 357
44 88 250
37 146 218
38 105 155
2 58 68
84 80 248
45 128 180
45 171 258
16 61 81
72 8 219
94 12 232
77 38 275
31 125 161
81 55 140
95 62 263
10 4 17
13 198 219
57 5 84
33 114 180
19 166 193
71 23 159
50 190 241
40 141 181
14 67 105
14 191 215
44 53 127
35 189 224
79 168 427
66 127 367
29 75 111
66 108 253
77 25 103
79 80 175
61 84 173
61 129 211
54 80 144
76 89 192
45 45 98
55 14 75
8 103 270
68 172 265
79 54 135
43 161 237
34 130 167
63 79 223
72 135 266
67 173 244
63 20 125
62 69 232
70 37 172
89 21 282
63 109 182
65 81 152
49 163 239
77 62 252
31 150 226
35 85 127
18 78 142
23 142 287
98 152 271
55 70 158
42 38 83
70 56 132
16 34 95
23 128 262
73 194 318
8 68 82
43 92 180
34 132 168
84 177 269
58 83 145
20 46 69
58 107 185
15 111 320
55 104 162
29 155 214
47 143 266
84 44 133
43 6 51
74 113 193
19 95 151
59 85 151
10 146 186
5 119 324
63 91 195
87 152 331
46 186 237
8 115 124
75 116 282
28 169 321
96 186 295
57 8 107
94 135 230
55 194 260
28 185 263
86 59 154
60 74 322
74 166 272
91 81 180
6 122 136
18 18 37
27 156 212
98 13 214
84 20 108
88 189 287
19 100 123
15 105 129
57 189 350
31 176 255
30 121 152
19 41 83
35 27 62
28 200 230
34 23 67
85 58 180
2 97 248
46 132 181
70 183 285
36 161 206
21 92 118
51 158 210
19 9 58
48 54 105
62 102 225
35 90 147
69 39 151
12 70 85
49 38 116
14 95 218
8 189 351
29 161 197
24 158 185
74 100 207
96 184 283
67 138 213
99 85 340
83 45 240
9 161 173
70 56 197
37 187 243
44 120 174
97 120 218
53 122 186
54 40 99
98 1 110
71 105 179
17 48 137
24 118 144
10 55 71
92 111 213
54 187 399
38 73 119
55 166 228
19 63 95
38 117 207
43 176 348
15 74 129
94 19 153
31 84 132
