600
70 52 261
27 2 220
32 135 189
15 21 62
14 99 122
12 172 278
28 165 193
73 15 94
6 184 240
10 23 74
7 120 227
32 97 134
30 150 187
14 114 283
37 183 224
100 34 144
26 20 68
59 10 104
40 129 179
2 85 199
58 136 316
75 82 167
7 56 79
17 188 212
63 148 250
14 197 218
5 91 98
34 55 129
73 22 135
79 31 174
66 183 322
9 54 73
18 10 37
27 10 77
52 123 185
54 106 188
78 81 199
82 44 167
26 38 138
26 108 164
54 140 214
2 8 11
18 69 100
54 5 62
28 46 132
4 167 220
11 188 221
45 196 263
94 0 127
12 33 52
25 145 188
19 105 153
93 108 239
48 152 384
40 114 159
43 40 224
92 186 312
62 13 83
46 75 123
83 110 216
1 74 264
43 112 162
99 97 203
37 3 56
88 86 198
90 190 360
98 186 288
22 18 44
53 105 160
41 57 250
57 183 250
18 6 28
62 121 203
57 10 143
94 197 319
46 28 77
29 172 211
74 7 84
49 68 157
45 31 81
16 171 191
42 168 211
75 85 191
72 62 248
81 84 169
82 137 244
55 111 167
18 52 72
11 55 74
29 186 216
52 110 276
3 199 205
50 36 92
53 68 184
51 40 112
51 150 204
14 148 171
34 112 179
81 117 205
6 142 237
29 83 113
53 56 141
40 113 211
90 124 398
99 163 264
89 193 327
40 182 222
83 33 139
67 168 419
31 55 128
89 2 273
41 142 360
69 26 97
91 181 311
26 44 72
7 95 135
96 107 222
33 77 113
68 196 452
50 5 56
14 84 228
77 146 232
80 50 134
34 65 106
6 196 209
75 142 225
39 58 140
25 3 106
13 42 62
27 114 174
13 181 201
42 141 184
43 175 411
50 66 135
79 88 177
43 100 314
82 154 239
4 50 248
85 136 229
42 131 184
7 116 160
73 175 250
15 1 17
8 119 155
39 20 95
97 129 237
97 51 251
51 165 226
58 195 257
6 179 275
12 39 167
76 10 88
90 72 169
77 52 281
4 124 217
96 122 241
14 137 180
69 59 212
5 143 174
41 178 228
41 124 185
43 146 199
100 79 187
79 105 215
56 81 267
28 87 157
61 114 185
53 84 143
21 76 146
42 182 260
22 49 75
9 197 210
57 159 270
42 48 120
92 168 264
21 14 227
66 10 214
36 49 273
19 141 160
16 148 299
24 83 134
68 74 146
78 74 155
94 161 261
45 0 55
82 182 287
46 39 95
23 116 142
28 195 238
88 136 348
72 181 359
2 66 227
85 107 232
73 178 259
82 45 132
7 57 74
34 100 162
30 96 277
35 103 138
41 134 177
35 108 168
20 79 226
32 42 76
1 144 193
26 78 133
19 151 225
100 168 378
24 186 219
17 41 77
73 2 115
6 66 170
45 89 176
67 43 160
5 11 17
87 7 101
14 0 48
49 134 209
65 22 204
41 147 235
84 63 153
77 189 306
83 137 231
35 183 227
97 112 209
3 115 119
10 158 270
99 190 298
57 62 125
65 48 166
13 153 170
66 131 200
40 76 227
18 50 72
67 122 351
38 19 79
64 200 458
97 137 269
13 161 206
86 92 209
47 171 224
75 167 252
80 169 293
83 71 178
74 197 313
66 183 327
11 192 204
66 34 116
45 162 254
65 184 253
66 81 148
29 151 184
11 185 214
68 43 115
38 14 207
70 200 307
37 21 72
35 98 318
61 17 84
19 139 168
15 196 239
55 161 223
16 181 201
59 185 276
18 106 159
36 172 216
28 63 289
83 56 152
75 17 131
26 157 208
71 87 167
41 164 281
43 199 283
75 82 210
29 120 284
61 86 297
83 115 206
13 51 102
45 88 169
55 67 283
87 187 457
46 153 314
98 12 130
34 22 158
7 67 120
53 38 96
88 171 364
13 95 109
1 30 63
63 6 156
24 158 182
72 115 296
3 120 133
21 156 275
94 9 185
71 138 209
36 165 211
47 29 121
91 63 157
86 81 185
36 2 57
5 94 187
55 123 203
80 195 317
54 23 86
85 42 134
33 142 238
26 138 171
26 61 88
71 170 258
47 36 93
37 102 311
84 165 250
86 67 153
94 63 254
83 183 271
25 92 143
28 104 138
35 14 128
57 127 188
72 108 218
41 144 199
86 101 187
70 157 228
9 84 115
34 97 141
60 63 129
96 77 183
43 106 168
19 1 29
80 185 265
8 26 69
50 164 223
22 66 170
38 121 162
24 171 264
78 93 205
20 160 201
56 32 132
78 46 156
19 77 100
57 83 143
14 143 320
91 66 237
92 53 205
70 42 112
95 36 199
90 191 283
65 157 232
8 188 234
49 118 320
60 167 359
78 61 141
82 182 268
54 108 290
53 98 191
48 16 73
72 125 204
22 71 121
66 27 94
88 88 226
85 118 289
42 114 305
73 104 187
36 33 69
98 128 325
28 88 118
26 25 184
73 55 128
18 167 248
28 174 240
62 74 196
74 116 302
42 22 67
65 157 262
55 171 226
39 170 354
26 124 350
68 163 298
15 75 91
79 93 172
63 133 196
40 168 217
85 190 413
61 125 211
27 106 153
86 71 179
89 115 218
70 148 236
52 98 178
75 83 194
80 167 276
39 170 340
37 25 103
88 169 303
4 167 341
90 22 119
96 142 242
99 62 166
98 145 268
47 188 279
71 150 231
9 115 148
86 194 412
44 158 202
74 61 152
47 180 234
30 43 76
55 115 217
74 23 118
65 66 134
90 36 159
53 199 281
25 36 61
36 146 228
61 112 185
73 87 161
12 109 241
61 114 327
65 92 202
85 100 186
43 165 393
46 131 327
78 184 300
59 2 91
77 33 111
27 3 84
4 94 194
36 113 272
84 98 279
10 141 159
24 73 101
30 194 236
43 68 114
76 14 90
6 194 201
54 186 249
38 199 271
21 55 86
21 182 205
26 199 254
61 60 129
76 21 181
91 38 138
49 87 164
21 76 99
54 94 149
43 191 237
14 116 163
85 55 147
3 126 179
40 27 87
83 169 353
51 12 91
23 22 217
60 82 150
64 79 157
53 145 236
79 14 186
48 30 198
93 169 298
32 42 114
13 172 221
81 120 215
42 157 242
1 137 245
20 189 351
57 47 107
2 159 198
20 148 305
18 55 216
46 152 245
24 169 203
7 198 272
92 157 434
16 58 113
52 75 136
42 78 130
62 13 82
26 45 170
66 70 186
17 153 173
18 126 331
65 84 182
31 37 75
42 40 132
77 193 279
18 146 171
65 29 103
67 29 122
29 31 245
21 9 70
84 13 141
36 194 234
51 39 100
69 77 342
41 160 241
28 61 124
72 187 266
45 143 192
29 165 237
3 26 44
42 174 360
96 200 328
94 67 165
12 198 279
100 151 261
21 149 176
4 163 221
56 151 243
6 15 22
13 89 240
47 10 141
1 45 51
26 158 284
27 161 193
76 16 101
33 0 41
84 10 134
89 52 182
71 115 233
81 23 106
2 3 7
27 165 215
46 100 237
38 58 218
2 19 67
89 147 371
76 176 380
93 191 328
32 118 184
2 107 124
22 193 243
57 192 282
53 79 178
95 158 426
79 131 234
100 72 269
45 65 113
90 55 204
67 101 169
65 137 237
50 19 69
36 126 191
19 64 92
4 32 73
83 44 135
40 42 82
41 141 297
57 191 250
23 81 104
88 15 132
51 89 312
63 131 204
16 50 231
24 97 139
81 34 140
95 144 264
53 70 126
90 56 275
89 162 290
71 45 122
13 12 73
30 172 211
95 25 121
54 1 101
47 97 150
2 40 218
4 87 95
44 128 184
17 66 102
99 110 236
41 163 345
16 105 125
7 26 206
3 190 211
62 59 121
14 178 233
62 31 102
84 50 185
89 77 340
1 126 133
54 121 177
70 111 252
46 116 189
21 84 136
91 4 110
38 40 124
49 106 162
33 86 133
53 55 137
19 65 94
84 50 315
27 16 44
57 107 170
80 24 200
52 120 187
32 154 297
47 144 252
35 191 303
65 7 85
