460
16 134 158
6 100 174
78 105 183
37 11 62
25 95 121
57 165 228
44 37 90
22 152 181
9 182 245
23 120 157
76 168 264
89 161 251
34 98 149
93 39 181
87 46 141
28 186 238
49 167 232
42 87 159
90 190 437
59 175 298
59 189 331
46 22 213
54 196 375
36 83 119
72 87 172
9 92 101
54 133 189
87 117 313
18 39 115
4 38 48
23 142 262
72 108 290
9 66 82
37 71 111
44 174 228
38 86 132
81 115 198
29 102 137
3 34 44
2 20 28
71 165 270
97 94 194
40 114 193
7 72 256
17 43 74
69 55 146
81 71 344
51 86 142
84 195 309
60 188 257
45 99 244
27 55 99
63 147 217
4 71 80
98 161 287
70 55 162
64 163 271
4 50 74
24 123 193
40 115 159
31 103 171
40 14 67
8 84 118
86 176 263
34 29 68
5 129 140
93 132 233
35 162 229
94 63 165
25 31 59
59 198 267
4 173 297
55 109 173
57 200 265
36 27 95
91 138 235
65 104 175
7 18 28
33 152 232
71 45 260
100 85 325
24 88 120
9 37 192
79 23 107
43 3 61
44 154 198
71 157 261
52 101 166
51 97 315
84 1 186
19 166 195
51 200 255
72 82 160
83 124 211
31 190 231
71 187 266
49 157 316
81 27 263
99 161 349
7 120 212
81 4 127
50 157 208
5 112 135
8 119 230
46 166 308
93 41 167
35 16 84
59 192 257
72 52 202
80 175 260
27 64 199
33 173 238
68 149 218
79 6 208
96 187 302
55 181 236
54 1 140
29 147 361
51 168 242
8 107 124
44 40 84
78 22 102
57 132 229
39 184 274
21 21 42
63 6 74
59 92 339
14 65 256
57 162 284
47 101 173
2 46 89
79 27 214
7 43 60
89 110 202
7 152 167
18 20 129
49 100 191
85 70 335
32 24 91
49 111 170
78 192 301
34 158 272
36 198 261
19 75 118
77 56 146
65 13 191
57 156 357
76 181 280
96 183 284
82 133 251
62 161 231
28 148 357
68 160 236
92 104 214
85 92 323
31 41 217
83 145 372
28 35 64
85 112 202
87 183 383
81 1 128
81 116 244
18 93 112
92 77 335
62 70 179
20 53 108
33 86 158
70 28 117
91 84 249
25 145 360
30 102 135
83 183 274
21 70 110
69 90 195
88 165 265
38 176 244
68 151 230
24 85 112
18 47 70
66 82 151
51 26 209
22 103 182
34 32 76
40 90 166
31 29 229
67 37 114
58 114 200
25 29 238
78 24 156
25 175 275
76 28 107
87 145 265
4 196 344
5 93 103
51 186 437
77 135 307
47 41 145
29 11 194
34 196 237
67 51 127
21 22 187
4 200 208
36 134 183
78 140 239
40 186 232
62 67 152
94 136 257
67 70 143
34 89 246
33 59 99
18 85 246
54 39 98
5 92 107
26 84 112
84 190 289
68 23 121
54 2 128
62 10 87
93 114 208
78 124 210
75 158 299
51 66 126
26 114 144
27 65 236
78 199 474
78 148 316
7 1 163
63 74 139
54 144 204
30 91 124
75 29 199
7 64 113
4 18 42
38 142 220
44 21 71
5 187 223
61 10 77
88 143 250
61 125 196
39 113 321
82 193 288
55 26 279
88 76 171
13 83 103
26 153 267
89 20 115
69 65 141
24 135 159
3 152 155
54 175 409
49 20 74
75 154 231
96 39 293
79 32 249
23 90 132
31 127 191
26 48 84
3 53 57
62 24 193
29 64 187
79 164 249
62 169 325
41 81 127
37 175 218
21 104 171
86 67 157
42 182 303
50 29 96
50 59 112
74 87 311
48 18 89
2 117 207
82 171 255
10 83 128
45 141 193
22 196 222
25 87 159
48 86 138
98 135 379
40 184 242
29 164 194
12 41 62
87 154 245
42 14 63
33 119 162
53 21 122
88 29 125
31 3 104
5 90 128
35 127 202
60 86 151
22 47 105
23 36 87
14 167 186
42 7 125
61 2 64
46 47 94
99 144 292
30 52 98
65 165 264
87 191 452
83 27 136
14 145 282
99 125 297
34 43 189
85 48 152
4 102 109
13 77 191
74 99 179
97 158 281
23 186 248
31 135 171
36 200 261
39 144 208
8 157 197
30 8 57
30 124 305
64 14 79
20 194 261
86 28 196
72 21 120
31 100 187
93 122 215
49 190 248
31 190 271
23 141 324
27 67 121
70 135 212
35 68 205
31 82 118
59 74 139
75 42 149
78 3 85
22 28 185
40 85 163
50 182 255
58 75 316
48 66 213
69 107 207
48 116 353
92 193 286
92 90 205
9 107 172
50 73 131
24 21 78
43 54 131
44 0 48
23 24 244
83 163 254
72 83 190
54 99 189
45 87 134
28 70 106
93 143 294
70 129 351
70 88 167
16 195 238
40 110 155
52 101 176
74 73 153
29 31 186
7 18 30
25 54 92
6 195 214
1 95 240
57 86 337
27 3 117
29 134 174
99 39 260
69 149 261
45 69 143
44 16 62
17 149 174
22 33 62
94 7 107
68 106 182
46 158 274
16 115 144
74 125 230
96 85 189
3 133 210
1 148 154
58 27 86
51 184 239
97 6 105
41 178 227
13 127 152
75 55 148
63 136 222
78 115 197
10 0 33
52 84 142
13 163 185
75 18 132
99 115 219
85 145 280
62 142 297
34 88 134
73 100 177
79 112 196
56 67 126
92 37 130
91 101 199
56 128 186
53 51 201
53 20 98
9 141 156
27 194 240
44 146 225
81 159 336
98 70 173
74 118 256
64 79 226
67 68 140
16 80 120
50 85 155
58 9 93
93 32 158
37 160 227
44 55 117
18 106 156
51 60 118
30 15 59
66 129 211
45 43 134
100 138 239
98 180 304
38 102 146
74 90 198
55 139 291
54 167 226
41 45 122
76 185 323
54 103 179
6 102 111
39 22 91
48 47 98
65 168 250
63 64 130
56 128 369
27 123 156
4 110 184
98 185 399
19 84 149
18 177 199
85 44 202
9 169 185
43 93 142
95 146 259
17 31 53
36 47 267
52 144 287
76 84 166
73 169 290
11 120 145
16 100 258
91 25 176
47 95 155
19 187 207
8 123 162
