870
48 181 230
39 45 107
38 174 221
99 171 413
58 31 94
36 97 311
64 37 255
49 151 209
11 57 92
38 56 183
91 104 201
60 24 122
36 115 343
61 33 94
97 106 253
88 58 151
52 49 191
57 66 144
50 155 214
98 22 121
64 146 219
35 132 178
96 109 214
2 67 115
74 55 192
49 47 96
58 35 178
30 174 338
1 109 216
81 142 260
51 10 65
36 125 162
96 172 462
4 4 17
7 177 194
31 179 225
11 132 189
48 72 221
35 42 79
76 193 367
92 181 301
4 162 337
100 119 222
62 120 190
59 58 124
86 47 236
68 156 250
9 11 21
26 67 103
47 156 203
58 132 202
17 51 68
64 121 193
81 75 162
79 124 333
83 8 180
17 64 262
47 179 249
20 4 34
42 36 85
95 84 184
66 191 377
53 146 264
38 100 142
10 111 125
49 137 189
15 104 127
1 32 36
26 69 220
14 10 126
36 116 321
54 74 153
84 26 155
11 122 210
90 25 279
54 190 257
14 76 260
87 55 341
81 123 228
93 97 191
40 142 192
12 51 68
78 138 218
7 38 52
88 17 196
57 159 266
39 198 251
97 122 409
45 10 100
12 59 88
76 81 165
36 132 177
12 82 241
45 68 169
62 149 263
97 27 134
26 199 234
15 50 175
81 61 148
20 34 99
19 111 154
44 119 163
3 64 182
80 63 146
47 52 109
2 43 189
1 171 195
89 98 233
15 170 212
61 133 309
81 157 239
43 28 78
100 107 257
84 49 182
85 181 304
85 123 210
73 43 263
81 141 232
13 35 64
91 148 275
62 183 248
91 101 197
23 79 153
42 70 115
78 78 156
48 15 238
37 87 256
29 44 151
75 45 156
53 5 74
2 38 47
100 150 257
9 165 203
75 65 146
45 131 182
30 146 177
46 69 117
76 145 222
43 150 195
54 63 117
61 179 240
84 50 134
37 82 124
58 153 270
2 178 186
68 103 181
22 68 139
99 170 283
35 192 272
56 101 250
96 51 153
23 130 291
77 120 291
19 107 236
69 76 188
27 86 159
41 184 388
7 138 285
21 103 124
56 146 251
18 102 120
98 183 286
65 87 153
45 55 106
72 93 230
51 109 167
8 175 209
17 87 109
34 107 174
54 156 282
56 27 87
84 25 296
82 79 262
91 103 197
8 0 9
65 120 353
28 104 168
63 192 275
2 53 80
68 123 239
92 165 259
72 131 266
17 133 154
61 127 190
11 168 182
98 162 261
70 144 407
95 40 169
41 147 337
52 125 219
43 18 144
5 184 219
78 89 184
15 5 29
76 51 177
38 193 232
53 98 157
77 19 145
27 100 135
42 49 220
22 170 210
76 35 228
100 75 182
28 120 275
68 85 188
98 14 119
11 118 134
46 85 140
61 42 127
45 27 81
20 0 25
60 76 138
25 55 178
7 177 191
42 189 273
76 132 378
77 150 237
54 57 111
54 60 143
52 19 117
96 154 260
85 178 267
55 120 225
22 11 43
100 121 305
89 16 294
38 49 92
28 87 268
33 36 106
71 192 323
29 1 162
60 139 342
62 184 246
84 115 202
66 29 120
10 165 194
73 90 164
47 193 240
96 7 105
7 175 195
65 144 252
97 92 314
56 128 289
26 122 177
100 108 265
10 192 266
60 192 257
65 6 88
54 163 218
57 50 142
63 43 111
19 156 329
95 121 409
95 75 216
73 59 136
13 25 75
21 159 183
64 46 110
37 149 338
21 67 89
16 58 110
10 75 120
64 110 203
43 111 164
80 46 167
38 182 228
42 21 94
73 72 311
56 100 156
83 35 128
92 184 285
95 12 222
50 168 223
74 189 269
39 95 215
1 194 355
93 26 160
29 130 209
29 8 41
27 0 122
1 162 201
22 44 181
89 53 145
12 43 63
53 172 234
75 170 290
34 48 83
51 96 225
63 80 170
25 12 46
55 79 175
76 148 315
32 132 242
4 32 64
72 48 122
68 164 294
70 176 436
74 5 84
6 138 276
27 55 103
75 121 283
80 1 151
55 77 151
14 150 164
60 111 185
64 84 168
83 42 125
21 133 188
18 194 219
40 29 76
62 138 209
47 24 111
55 72 161
13 68 84
96 89 230
19 141 175
95 169 266
80 72 161
13 60 75
77 37 123
30 5 37
59 139 201
80 130 211
17 133 155
57 54 118
14 70 87
20 113 138
58 200 382
58 23 90
91 55 158
62 116 219
46 79 140
91 103 195
46 72 122
22 181 231
5 168 222
92 18 121
10 147 158
55 71 126
63 192 281
19 158 182
73 39 142
1 78 83
39 43 217
47 173 225
8 20 32
17 60 93
7 128 174
71 181 261
69 22 114
95 29 133
95 137 260
92 11 112
12 107 278
91 70 168
56 183 363
71 140 216
29 48 79
17 123 148
50 83 135
16 158 187
79 130 303
88 37 131
33 68 137
9 184 286
97 198 298
77 82 177
95 3 116
32 100 140
20 47 96
24 108 140
56 162 251
81 116 248
6 14 148
4 5 42
81 172 392
34 180 329
23 124 164
11 158 176
30 101 154
75 10 162
73 45 305
28 58 167
7 120 131
76 9 131
3 111 164
65 25 116
53 47 117
99 98 322
33 162 223
18 16 34
56 118 180
47 82 243
67 136 364
94 198 295
21 164 320
26 1 159
23 107 177
16 66 213
4 62 72
79 158 246
89 93 188
55 102 160
30 134 180
96 96 230
63 107 179
20 164 228
36 98 140
50 27 103
4 150 212
6 52 60
66 135 235
69 69 317
86 150 418
48 33 83
27 188 218
14 37 201
89 56 145
81 149 430
98 188 346
58 132 192
78 68 279
77 75 173
51 97 157
30 133 362
75 46 127
12 16 60
54 145 204
18 70 98
58 24 82
23 130 162
32 167 203
64 179 252
31 56 100
56 27 93
47 26 97
5 182 192
37 192 367
9 191 209
18 75 128
9 133 185
7 50 77
73 39 204
7 62 201
73 172 267
86 127 216
15 132 151
64 163 263
64 20 94
11 179 194
60 102 168
1 37 43
93 82 295
53 163 219
47 87 152
35 43 80
41 69 143
80 90 179
52 121 183
83 55 142
38 91 253
92 76 225
32 54 260
20 104 232
37 65 143
50 125 221
44 51 134
3 198 387
99 43 175
51 167 265
46 179 232
16 196 219
28 157 195
66 34 131
81 31 112
88 156 356
51 159 210
57 77 147
100 146 286
87 73 198
11 149 160
74 57 136
78 192 270
80 107 215
3 102 298
21 184 343
88 119 374
66 76 147
70 53 131
80 38 283
5 122 168
64 49 137
20 1 30
55 145 205
9 135 152
50 85 135
94 39 138
14 55 77
45 182 236
6 26 50
40 91 325
52 90 337
60 43 132
25 190 265
66 179 275
82 80 164
86 71 165
64 12 78
92 27 123
10 8 23
29 90 128
4 16 27
61 98 169
72 145 220
19 55 124
90 74 202
75 174 265
15 49 152
16 15 84
23 6 202
70 34 135
6 57 86
2 71 74
4 123 323
96 118 234
31 126 165
56 117 181
24 188 221
8 6 24
21 190 249
9 127 277
36 90 126
96 176 279
58 51 153
63 18 126
17 128 211
77 51 184
45 97 176
80 181 285
81 0 97
5 114 124
47 79 192
93 103 237
89 122 212
19 104 239
16 19 38
30 155 224
1 21 25
34 24 72
100 52 194
20 2 159
27 17 61
67 34 169
10 24 40
63 167 273
48 51 118
33 43 86
15 197 329
81 131 212
59 141 208
96 138 273
92 145 270
84 8 135
34 4 78
7 167 181
19 123 163
7 185 341
28 170 200
53 58 119
10 112 131
45 21 74
88 124 316
75 199 278
32 63 125
72 79 173
86 115 226
86 158 246
92 51 291
36 50 116
89 98 233
27 71 187
91 44 162
1 179 180
80 24 107
53 60 121
96 174 279
89 33 124
19 142 163
80 196 292
57 189 281
54 187 303
59 184 279
94 88 189
52 191 290
88 85 176
39 62 121
58 104 211
91 157 248
40 164 252
61 38 142
14 173 196
63 95 338
54 51 111
9 138 157
23 74 104
60 60 152
89 64 159
51 6 77
29 63 98
70 47 155
45 85 152
61 130 291
56 196 262
14 163 310
73 163 374
27 121 149
28 69 116
5 24 33
58 62 158
25 13 70
94 81 176
40 179 367
72 186 285
99 105 216
54 145 199
24 104 158
96 175 275
50 11 65
28 74 131
43 129 181
27 103 139
74 89 165
91 176 394
44 40 92
94 128 227
45 75 255
34 156 194
95 40 169
20 160 204
19 46 137
49 90 161
51 82 134
91 130 230
76 166 292
16 185 203
97 51 181
54 140 206
46 5 90
94 80 226
76 65 335
60 145 367
26 111 157
93 162 257
32 139 331
99 116 226
62 55 127
65 192 265
42 78 160
100 31 146
24 167 197
96 124 237
89 35 125
11 24 36
11 29 45
76 91 348
13 7 52
10 118 152
63 141 309
86 50 137
18 200 218
46 173 226
34 54 117
76 105 195
43 71 123
65 107 347
8 127 146
24 117 177
80 100 180
51 20 259
43 157 200
78 109 189
73 123 303
12 2 21
15 175 192
53 186 271
61 64 134
97 158 426
20 177 197
48 105 193
95 25 120
70 180 274
49 59 125
84 103 196
46 183 233
68 152 225
13 181 386
9 35 230
18 153 203
39 7 50
5 184 192
85 0 247
4 161 181
35 129 356
37 25 83
61 197 274
15 50 67
93 13 153
14 15 66
52 21 94
17 19 75
73 192 272
44 55 108
46 122 343
2 146 156
36 72 116
88 174 287
15 100 122
31 62 152
56 57 312
20 49 108
70 194 321
30 115 153
92 37 227
95 168 375
37 94 135
90 138 262
20 68 172
16 21 50
81 43 240
75 178 427
75 199 313
78 158 243
70 166 261
62 156 232
71 130 242
16 104 121
46 95 158
40 26 100
35 147 189
6 97 108
74 156 232
24 169 320
49 15 72
61 167 238
86 71 205
2 35 44
12 39 56
77 44 123
52 31 111
30 96 177
63 199 443
2 133 208
76 154 267
60 98 231
3 131 151
62 40 108
68 132 203
36 191 256
4 175 182
11 59 136
49 123 178
2 145 153
79 154 317
36 169 205
73 91 191
17 31 186
74 90 196
1 36 73
81 44 125
32 116 168
67 87 157
36 91 153
96 200 379
87 156 249
65 151 233
43 141 371
91 19 154
98 168 311
3 86 121
96 90 188
85 35 156
70 94 172
82 36 127
81 139 261
6 144 244
78 31 113
57 28 99
22 89 212
29 141 175
92 105 197
93 37 154
38 152 206
67 54 254
61 145 209
48 104 168
88 73 358
35 42 236
82 57 139
22 17 55
19 27 93
42 95 185
52 104 161
39 182 224
60 162 232
55 140 203
54 37 264
34 144 179
61 148 360
42 161 212
38 93 168
71 120 225
92 9 102
52 191 250
60 102 200
21 6 32
61 183 244
40 47 129
43 43 107
24 120 148
39 44 101
86 147 235
86 196 329
44 98 162
57 35 117
78 83 338
45 67 117
89 142 379
58 190 397
22 114 267
60 143 205
82 113 268
74 152 264
35 102 147
35 166 257
82 165 250
24 33 218
14 132 153
65 193 308
15 28 221
96 114 213
92 194 319
97 56 161
18 158 185
45 109 159
86 47 140
14 4 66
86 190 317
65 42 137
80 44 207
3 125 138
95 108 305
10 84 102
38 183 389
62 7 72
98 126 228
17 159 200
71 37 145
36 167 240
28 118 251
97 34 156
27 103 136
82 196 341
2 199 235
44 68 190
1 110 133
94 16 170
54 117 304
65 38 218
50 99 194
21 193 217
