500
37 176 217
32 118 334
32 152 188
61 184 251
10 171 201
23 15 43
1 86 158
28 105 311
11 151 216
56 40 104
48 51 100
30 71 110
5 118 127
54 156 231
8 46 86
100 133 272
75 15 253
60 69 175
15 44 61
89 183 279
73 44 315
6 68 111
33 70 258
24 128 159
31 59 105
14 8 27
12 23 37
71 49 127
1 162 352
13 39 244
87 33 225
7 36 127
37 177 252
63 120 189
31 181 216
35 156 201
30 79 278
53 96 154
33 110 308
100 77 234
14 30 53
98 113 219
74 53 135
56 11 257
92 115 236
100 25 125
53 81 162
18 38 104
46 60 122
36 140 180
76 193 364
78 129 402
73 23 210
70 51 243
25 86 158
90 17 115
54 15 90
54 190 272
23 151 340
59 7 199
98 48 211
29 174 358
50 46 100
53 23 81
22 129 188
29 65 138
69 14 123
67 65 135
90 196 294
5 75 81
56 33 182
81 132 223
69 38 130
22 60 96
36 192 278
45 63 119
94 191 288
63 70 179
78 190 364
26 13 46
33 72 125
63 39 121
17 169 219
69 163 232
44 72 120
62 33 121
73 154 361
40 84 127
9 129 144
69 136 214
2 32 198
51 28 114
54 141 207
100 53 156
97 57 238
23 172 201
70 170 424
83 20 111
95 46 151
5 45 89
10 21 39
61 129 208
48 112 168
92 33 280
44 90 175
86 67 156
83 46 172
91 119 246
33 41 94
87 134 375
95 30 154
78 68 152
59 24 95
64 52 141
27 79 257
56 97 155
26 102 195
38 109 152
7 180 191
72 135 222
13 107 126
89 0 148
78 15 96
21 110 141
51 162 218
43 110 192
72 93 365
44 116 208
8 121 138
18 124 286
27 133 255
38 38 77
66 17 89
57 94 151
17 80 129
54 0 54
23 174 227
75 10 164
26 164 191
41 180 221
32 194 230
20 167 255
90 132 273
79 80 204
4 138 175
74 170 289
86 66 161
35 166 214
4 66 73
3 186 282
52 70 172
36 73 287
30 177 218
54 178 352
40 106 151
27 162 221
29 111 143
7 32 46
27 171 202
93 175 272
100 189 307
13 57 76
12 114 134
7 121 144
36 20 90
42 61 127
50 177 235
89 53 245
12 157 174
14 190 274
66 121 190
28 190 227
48 126 184
9 54 234
14 170 190
59 37 116
5 39 65
75 157 267
6 180 370
86 52 147
63 61 288
96 22 118
11 193 317
15 71 110
29 99 130
94 165 260
62 15 177
82 88 295
5 45 58
87 136 337
94 39 224
42 93 135
15 173 193
21 26 95
87 1 152
14 53 70
80 16 118
5 37 186
28 100 322
10 28 85
84 155 242
97 146 247
44 106 180
2 25 41
5 182 253
39 96 166
80 86 261
19 160 186
67 48 270
47 184 248
7 10 46
68 117 198
66 149 312
97 47 167
93 82 209
41 25 68
29 126 323
67 82 150
2 100 148
20 191 216
68 5 80
98 38 208
2 141 149
36 81 157
76 163 240
78 112 255
27 198 308
65 90 293
78 82 245
23 45 79
64 167 234
42 100 156
78 36 135
20 78 101
2 106 111
60 1 88
26 25 51
68 131 258
39 2 43
74 123 220
39 136 215
26 70 105
69 124 275
97 163 265
34 70 112
73 47 124
54 78 282
100 180 280
53 29 128
55 115 180
84 165 367
58 48 209
94 17 117
81 191 388
36 70 113
67 78 158
14 88 205
76 158 272
38 93 141
32 154 204
29 70 117
94 84 210
43 129 176
10 46 96
89 120 217
67 184 252
70 188 285
67 200 272
34 56 90
85 77 187
93 158 298
72 61 170
14 180 326
70 171 317
24 178 207
19 136 160
68 172 250
31 190 231
46 96 151
10 125 311
38 109 155
56 156 219
47 20 74
29 161 346
56 15 73
73 102 183
27 137 170
99 92 197
32 38 80
25 122 155
26 172 242
79 131 217
93 3 288
72 54 162
47 141 237
74 168 277
15 70 95
91 119 214
22 77 102
50 123 176
55 77 165
86 61 150
41 135 226
46 15 90
91 160 287
27 143 177
61 51 243
56 121 264
71 181 265
95 135 231
43 3 61
11 26 128
91 16 245
80 26 130
5 30 38
40 60 102
43 141 192
75 162 242
16 132 155
85 75 324
7 159 224
90 69 339
68 14 226
36 176 235
11 12 29
42 84 159
39 101 144
61 113 184
90 99 205
30 179 341
41 198 262
58 188 430
77 86 170
18 81 105
75 4 115
61 56 118
4 152 156
71 76 189
69 130 211
99 115 220
15 155 338
87 168 305
14 155 177
55 138 200
22 148 215
32 89 125
78 28 207
70 168 379
18 101 141
78 158 240
55 23 79
51 42 97
74 109 199
58 50 124
40 135 349
83 136 225
52 67 248
58 130 192
41 184 230
39 161 207
71 177 267
99 132 259
93 25 135
43 58 104
15 31 144
20 147 320
74 140 214
81 46 130
84 166 253
83 28 223
33 104 143
72 134 365
11 124 185
38 42 120
8 53 96
99 114 213
38 89 316
35 170 209
28 80 112
72 149 227
5 131 178
14 105 216
3 12 163
85 2 96
17 198 320
92 137 276
9 186 296
18 31 78
91 25 126
88 118 214
87 147 274
94 182 313
27 163 269
60 3 109
77 82 205
92 192 291
19 18 136
6 34 49
89 37 129
47 156 229
76 46 125
32 47 79
83 38 127
56 2 75
22 23 54
50 27 78
50 84 153
42 152 220
91 197 291
50 43 103
95 58 157
12 133 148
71 3 79
21 152 210
94 66 214
91 56 178
89 147 242
49 63 206
66 52 144
91 113 214
94 121 364
90 147 290
95 155 252
53 99 346
71 199 280
16 52 71
24 26 73
62 41 118
52 102 158
2 0 157
83 103 201
36 158 196
41 127 211
30 92 289
82 115 266
77 197 306
58 118 204
97 155 283
11 59 115
7 147 237
76 107 212
76 151 230
87 171 279
64 182 433
9 87 235
85 39 147
18 178 206
28 7 70
60 123 196
34 28 69
48 165 319
76 8 89
56 81 144
72 88 160
51 59 146
77 86 335
4 32 36
31 106 253
48 21 72
32 168 250
18 138 158
21 32 56
92 0 97
10 111 145
16 147 180
50 147 197
20 165 228
41 90 194
72 200 277
24 172 199
23 65 94
24 61 138
63 75 144
36 47 229
29 30 66
77 131 348
96 62 168
6 162 176
43 24 78
13 135 154
12 62 109
71 190 297
75 78 196
5 90 167
84 60 154
66 57 152
96 60 165
88 178 273
27 14 45
56 158 231
74 103 214
65 159 303
47 6 87
20 199 229
74 16 123
80 156 243
52 35 93
39 93 137
79 151 231
83 137 226
