100
26 78 238
22 144 276
78 56 255
64 153 232
64 35 120
81 114 201
48 95 188
29 86 255
97 137 240
36 82 118
9 172 248
49 151 248
23 169 202
56 23 113
100 20 140
68 144 299
72 191 305
7 23 50
91 53 260
59 4 111
65 10 196
17 50 81
54 79 137
27 44 71
32 31 83
75 51 143
81 134 215
1 86 96
82 167 313
92 13 148
76 156 269
17 183 201
34 99 190
44 18 63
87 151 262
97 162 296
54 19 102
22 65 89
93 88 193
84 136 266
31 178 406
46 59 105
81 20 210
75 135 397
86 200 287
31 179 215
66 116 184
21 54 180
62 28 95
36 187 238
72 141 219
40 120 211
90 68 160
23 52 82
32 47 195
19 35 120
87 183 270
18 171 223
35 184 313
8 22 44
40 154 234
22 185 209
11 62 73
25 23 53
4 61 104
75 173 306
58 195 267
64 189 322
67 168 237
26 131 167
45 110 321
11 41 53
69 100 218
57 64 264
99 132 269
5 136 179
13 55 209
90 13 145
34 45 94
95 33 168
62 177 280
64 180 273
98 175 275
11 118 145
17 91 266
38 182 230
15 31 52
8 102 115
92 38 133
26 104 138
79 139 384
100 7 114
5 103 170
35 194 268
20 154 178
13 111 146
24 33 191
45 168 223
88 125 221
83 41 139
