530
63 152 218
44 37 124
60 69 288
4 143 192
25 141 351
20 35 55
87 82 169
94 178 292
28 133 176
78 60 145
4 183 189
80 162 245
52 75 138
28 139 206
28 23 51
28 18 103
67 122 303
55 168 237
35 166 355
9 140 297
73 140 245
86 3 92
27 84 131
72 59 149
36 148 193
61 77 219
83 90 316
65 113 203
57 51 114
22 183 208
13 116 135
76 129 245
95 3 189
64 173 243
73 16 93
49 46 103
6 132 162
90 144 241
95 4 121
55 184 410
17 101 128
68 138 240
28 169 201
10 85 105
57 199 269
10 39 68
75 23 118
74 114 333
78 193 447
6 200 216
13 198 397
17 93 153
74 138 260
54 17 96
92 150 251
58 26 159
11 44 74
85 117 205
32 8 40
1 169 170
63 25 95
90 163 290
37 112 156
84 11 99
87 132 226
7 174 187
58 154 253
91 187 325
29 74 124
39 29 71
19 66 92
87 45 166
2 0 172
74 173 249
83 45 129
60 7 93
69 83 211
42 120 197
80 124 245
78 138 312
45 53 142
50 2 95
20 169 200
85 181 418
12 170 254
87 132 393
4 51 138
30 111 163
72 79 158
95 153 250
95 77 178
84 50 200
93 124 221
88 159 331
6 36 230
24 64 93
45 200 246
31 121 279
72 53 136
5 123 171
62 90 153
59 75 137
77 47 312
58 94 161
51 101 153
88 89 195
63 7 71
72 178 268
86 17 113
15 112 143
29 35 84
65 107 231
30 169 245
1 102 103
9 100 115
10 184 233
7 89 262
44 143 234
13 54 71
19 99 184
41 3 46
82 93 179
43 119 169
90 177 276
17 43 93
24 60 111
68 12 80
83 33 121
25 131 166
75 189 265
17 148 179
100 16 125
85 11 135
30 190 269
83 185 268
68 118 360
16 31 51
57 63 134
77 67 147
46 83 143
84 169 257
82 128 235
1 6 24
87 132 232
23 166 197
28 118 152
39 187 235
28 1 32
13 127 182
40 47 107
47 86 138
58 102 163
66 125 191
51 99 303
64 6 73
74 143 218
31 125 166
48 66 154
20 153 221
15 159 185
48 133 219
49 55 105
57 126 311
76 166 252
88 67 164
40 49 172
2 88 122
74 154 254
55 194 251
22 164 216
6 87 119
74 16 136
100 137 267
43 140 243
54 51 107
84 115 207
30 45 267
88 41 133
46 93 241
20 162 187
80 145 258
36 125 272
73 6 128
100 14 247
58 76 158
33 104 138
8 33 50
10 14 132
100 102 389
51 128 186
10 33 65
96 138 243
26 46 73
73 34 116
51 182 403
28 89 308
68 183 344
52 190 248
27 164 236
30 51 86
67 90 157
8 146 204
98 191 416
45 98 151
95 123 221
51 118 188
99 174 293
68 164 232
36 137 212
15 19 36
90 46 146
55 156 220
64 47 123
46 189 270
11 147 333
30 42 72
20 62 266
79 56 136
73 9 103
11 159 172
54 140 195
36 14 59
80 20 268
18 72 91
73 13 168
94 122 217
71 113 355
7 61 98
45 116 199
47 154 395
50 187 418
80 28 238
98 80 361
30 39 111
33 195 233
34 108 149
77 170 266
54 195 383
53 28 98
49 186 392
24 98 129
90 144 244
5 101 114
11 174 248
11 24 35
33 193 270
31 154 189
3 102 111
75 28 147
63 2 245
31 83 115
6 147 180
53 91 287
17 178 200
82 30 133
63 57 125
25 113 140
5 162 265
17 180 203
94 155 280
52 37 96
10 157 172
72 118 213
36 68 106
70 42 274
5 20 41
58 96 198
53 164 225
60 182 270
16 131 184
25 94 144
11 108 169
40 21 71
48 89 324
35 182 308
56 19 79
93 67 198
87 123 220
28 36 88
18 119 141
4 131 240
99 11 112
81 68 298
70 111 183
37 66 106
99 62 220
60 163 227
13 55 226
62 164 265
67 37 104
51 129 190
54 115 179
70 41 112
32 175 221
42 152 235
18 159 184
54 76 136
83 194 376
94 183 282
80 78 348
54 22 77
30 188 226
24 37 68
3 123 312
62 194 264
100 164 274
13 68 138
98 179 436
32 27 66
53 41 94
42 191 268
41 115 163
1 176 217
47 6 71
57 26 105
87 111 208
60 197 276
43 67 281
36 132 209
79 47 283
70 181 268
22 158 184
89 91 322
48 177 228
64 69 140
48 180 257
25 169 274
9 171 187
18 164 192
27 46 95
88 37 128
22 188 212
3 128 138
46 65 164
24 30 82
32 118 158
27 190 224
84 135 222
31 192 294
37 134 371
97 12 116
81 10 112
75 46 128
12 145 195
4 183 229
13 191 242
20 127 227
6 118 321
81 145 275
33 32 76
26 55 159
94 23 127
77 18 129
61 139 244
80 165 252
23 12 61
20 32 80
12 139 180
57 7 229
10 135 193
49 2 82
51 69 133
71 127 245
42 93 164
40 194 240
13 46 82
24 184 213
73 127 249
49 56 112
5 76 255
17 141 191
20 141 294
69 129 207
42 47 116
73 6 98
3 8 36
11 115 142
38 41 125
45 31 76
31 98 147
7 63 86
6 126 136
27 46 79
23 55 229
82 48 132
72 55 132
84 131 219
34 168 228
4 195 231
73 127 205
67 141 209
56 137 209
97 52 198
56 73 163
18 64 203
31 123 323
100 15 287
50 11 67
75 83 173
75 69 176
82 128 301
93 22 162
28 105 156
52 184 400
62 128 195
100 31 194
20 141 171
53 72 252
80 139 234
37 139 264
31 49 81
68 197 266
39 74 118
36 177 288
52 91 335
90 144 242
19 154 182
78 184 266
95 57 326
72 52 185
66 135 220
30 52 171
77 106 213
40 18 63
31 21 54
72 19 99
95 188 381
2 159 166
38 158 252
43 179 263
22 176 394
58 32 123
31 125 165
3 7 10
52 29 259
66 31 152
43 167 210
26 109 139
71 165 241
36 19 94
83 106 199
16 42 68
20 199 228
65 70 138
98 158 261
3 130 152
35 22 121
87 176 348
14 138 185
99 147 350
1 168 215
5 0 50
89 178 309
60 39 144
36 34 80
81 47 170
7 67 77
38 157 386
78 102 218
47 187 244
84 145 408
18 6 25
98 153 260
22 9 152
69 191 309
83 119 205
50 176 261
69 179 274
32 168 231
17 177 203
6 156 172
86 62 228
51 91 330
91 33 206
53 175 233
20 167 189
88 120 354
67 104 175
50 3 247
99 178 287
46 167 374
22 80 107
98 41 165
13 151 167
29 176 239
3 196 201
10 84 97
28 185 349
91 31 146
31 79 116
38 153 197
30 128 164
13 65 112
33 186 272
47 101 152
70 75 178
44 148 192
79 200 299
41 162 210
98 61 246
29 115 166
25 172 220
74 195 274
72 97 369
17 154 192
45 69 305
79 61 145
9 62 111
73 134 214
22 71 121
25 92 149
26 115 317
29 83 290
42 89 138
3 155 311
100 60 168
32 77 136
92 79 178
58 181 243
30 70 107
83 4 129
80 63 210
82 197 283
98 35 165
51 28 79
9 110 188
88 81 173
34 176 214
56 178 267
78 194 276
