410
56 12 73
95 76 173
100 43 143
44 199 249
14 182 205
36 169 214
6 84 108
94 22 288
26 133 196
6 26 124
14 25 227
13 109 124
68 22 121
38 90 171
67 21 187
10 22 181
81 122 209
12 95 127
52 42 99
15 50 75
94 182 297
74 152 325
20 41 64
75 96 172
58 110 175
17 198 224
39 158 203
12 61 110
97 95 261
45 151 199
22 63 93
89 3 149
7 22 36
16 150 299
51 50 188
25 159 189
22 183 272
94 135 406
1 12 57
19 182 311
21 48 72
47 174 251
16 20 49
14 162 324
56 29 93
38 89 140
12 196 216
27 35 99
56 0 190
62 196 435
4 188 281
37 38 161
34 165 235
71 166 241
28 0 70
12 8 51
12 121 161
25 164 196
52 47 119
49 155 247
33 107 177
46 5 148
96 102 202
39 81 148
69 200 385
84 170 271
36 52 190
99 94 199
68 191 294
42 14 60
39 70 117
9 28 68
62 14 115
73 50 130
24 115 166
59 174 236
15 55 98
60 88 176
12 12 32
58 68 129
83 79 189
78 58 145
94 165 302
92 155 275
2 139 147
45 45 90
85 33 145
97 137 240
44 42 93
68 135 213
50 40 158
37 104 145
54 21 78
12 50 71
86 171 257
91 37 129
30 159 270
37 20 59
59 132 387
6 77 154
15 76 91
8 184 193
100 21 147
13 50 102
96 112 213
8 130 138
48 174 230
15 68 214
31 29 153
35 94 139
12 164 238
57 198 273
56 151 242
62 88 160
76 158 375
61 87 214
76 185 413
43 61 108
91 85 200
99 9 212
45 186 241
45 78 154
34 181 221
46 11 138
3 9 19
100 30 268
71 34 134
91 194 328
56 86 143
38 57 101
58 142 295
46 125 172
40 155 201
24 104 154
46 109 155
43 76 128
11 135 312
6 191 341
8 88 269
53 131 214
70 24 113
73 23 128
53 48 129
22 196 221
76 195 277
52 80 139
60 149 219
15 167 188
83 130 219
30 101 178
49 107 260
50 94 146
62 82 149
16 116 178
72 188 305
46 167 213
99 141 252
96 4 105
83 81 207
88 61 157
26 94 145
58 142 240
58 90 172
82 174 263
51 23 173
98 106 210
74 129 211
35 141 200
56 161 378
26 82 143
19 51 92
73 20 100
89 35 126
3 199 245
53 29 83
30 122 159
88 39 164
81 138 239
39 42 86
61 36 158
49 197 292
78 21 143
64 187 254
69 43 308
55 8 80
37 139 184
68 122 192
44 13 77
66 180 280
57 19 112
44 151 201
66 173 274
44 73 160
55 74 134
75 143 292
83 89 203
76 141 218
90 59 153
48 107 219
95 14 130
29 102 134
27 49 272
43 71 152
4 72 108
93 82 183
91 24 121
69 19 90
15 149 185
23 180 246
67 56 141
3 118 149
42 25 88
6 116 126
3 75 80
38 24 70
99 60 283
45 3 51
3 152 164
2 114 141
80 72 155
72 125 214
30 83 116
39 74 116
14 186 205
3 69 189
41 57 145
3 164 167
49 143 216
66 179 324
100 11 155
38 69 148
36 130 200
11 44 114
73 77 322
40 60 106
23 101 128
35 53 117
97 25 163
76 139 222
70 2 79
71 77 151
50 155 207
51 107 195
15 91 154
1 129 158
1 163 169
20 91 113
90 132 310
4 42 59
68 5 80
59 149 211
61 38 147
3 55 97
40 187 232
97 126 235
53 162 219
37 53 287
17 138 203
31 50 82
64 2 67
11 96 118
12 63 79
42 177 256
48 102 153
8 174 187
64 42 106
63 24 94
26 103 139
100 170 429
75 186 271
98 139 258
86 184 272
20 139 165
42 97 144
16 81 192
35 174 216
80 1 149
70 126 206
81 64 173
90 165 269
76 197 432
87 199 300
18 46 95
37 184 409
34 0 39
93 153 387
31 118 196
85 32 131
56 20 201
38 58 119
89 10 142
72 2 76
85 63 317
40 25 74
89 110 200
39 192 341
11 103 121
60 177 243
65 125 192
18 23 206
86 8 94
91 144 400
96 19 119
76 63 186
96 47 150
50 98 188
26 189 235
98 154 259
58 120 224
88 88 216
47 72 128
83 51 249
69 189 274
64 61 127
58 26 86
31 186 224
44 150 240
24 41 74
27 177 206
39 176 221
96 141 243
68 33 117
25 87 115
27 90 125
40 28 75
30 13 53
2 108 291
100 105 259
88 165 253
59 183 276
5 199 208
13 32 219
98 167 301
99 156 296
98 7 243
15 8 133
93 135 233
86 55 177
1 82 120
42 197 272
62 159 226
29 48 83
12 51 71
55 66 193
65 127 204
73 112 195
36 178 219
42 5 91
53 196 258
8 52 93
22 68 205
95 143 245
20 67 98
95 154 258
71 195 419
73 149 226
85 139 385
39 188 227
38 27 70
100 186 453
26 126 156
72 75 267
73 49 153
66 87 175
71 46 181
75 160 339
20 29 74
22 117 147
25 176 227
33 176 210
9 104 154
50 3 113
9 59 85
55 110 344
65 126 229
24 5 136
28 163 193
21 135 345
2 192 195
46 6 58
20 82 103
36 186 226
35 168 237
69 66 159
84 11 123
33 86 160
37 101 331
54 146 223
42 65 110
71 131 338
4 60 67
62 9 139
84 99 184
66 176 403
37 172 218
56 28 84
19 8 54
23 190 222
100 10 117
66 13 90
69 175 245
42 135 193
76 137 213
77 192 368
54 16 94
76 47 302
21 195 390
85 9 101
7 91 100
20 199 219
