50
58 163 257
96 88 237
13 124 142
31 49 89
42 137 372
71 43 163
5 126 242
16 185 231
74 188 303
55 79 207
71 106 183
98 23 148
68 121 218
37 199 236
87 67 188
90 143 263
15 121 174
13 82 99
69 112 189
42 86 129
1 33 134
56 140 198
99 101 243
52 25 209
24 94 119
25 37 154
83 40 284
79 157 262
95 182 314
17 143 172
39 11 59
23 137 162
63 64 325
31 34 70
59 176 256
50 66 165
92 139 258
45 86 132
75 199 274
92 136 233
98 96 198
58 167 228
77 65 147
2 99 108
55 101 192
94 54 270
20 170 219
65 149 233
7 23 157
68 90 175
