900
89 14 110
28 55 217
60 132 272
40 152 234
22 137 188
89 40 129
28 102 135
28 147 184
24 192 216
72 186 306
60 33 162
85 2 109
54 117 282
25 58 87
84 62 149
82 190 282
19 94 279
42 184 233
28 54 275
98 136 237
3 109 115
65 29 140
89 55 245
25 4 32
89 154 265
51 60 119
22 29 62
34 9 68
22 86 294
30 140 214
91 135 233
25 162 236
50 156 359
80 32 121
10 107 152
84 67 324
49 194 267
69 72 142
9 93 109
56 162 224
90 64 335
43 27 74
100 26 129
6 92 107
97 165 329
51 150 209
56 92 236
9 31 49
49 47 177
95 3 110
41 139 339
2 166 322
83 36 120
13 160 332
50 140 194
22 140 191
79 62 307
67 20 117
32 175 215
25 62 96
21 197 222
42 28 183
88 162 327
98 90 236
64 86 160
38 78 179
44 57 252
80 122 206
92 162 383
77 57 161
27 30 58
51 116 307
17 64 81
33 5 41
81 175 386
20 180 200
8 12 50
86 48 178
23 169 199
47 120 277
30 41 246
59 180 315
53 192 246
7 158 225
2 191 195
17 37 96
2 77 177
93 49 150
33 166 204
12 155 169
68 196 267
36 73 117
54 76 192
6 78 91
35 129 185
6 65 96
96 32 139
91 125 222
22 134 170
49 198 427
42 66 165
94 138 238
69 156 226
2 67 71
44 77 129
56 57 115
16 64 130
56 49 250
31 131 347
62 22 140
87 4 136
15 158 176
92 170 430
94 29 127
26 191 266
57 56 127
18 161 274
32 166 240
83 8 95
54 172 234
60 43 127
4 128 169
30 81 231
77 152 230
5 47 68
30 100 151
83 25 141
32 110 147
3 93 105
5 136 189
57 192 262
80 20 153
100 33 140
3 193 366
100 69 195
82 29 197
84 141 253
69 183 414
91 172 449
89 32 131
3 52 219
45 161 218
70 37 200
89 176 357
20 103 133
21 19 67
30 169 245
73 78 167
11 19 165
65 132 201
42 163 212
4 159 173
47 131 188
75 184 260
93 165 266
85 63 157
73 171 407
1 97 117
14 193 226
25 100 321
74 158 242
72 67 177
46 18 86
9 15 67
97 198 419
21 38 62
80 109 384
47 38 92
78 183 270
63 65 162
36 189 274
92 13 243
36 152 215
45 97 163
52 59 135
95 94 197
81 108 223
48 129 195
20 143 166
31 170 206
65 59 127
95 109 208
38 25 165
22 131 199
89 54 146
95 38 133
38 101 147
36 118 173
38 42 271
100 182 308
92 52 152
94 130 228
62 132 317
26 10 51
97 93 295
35 6 42
13 65 236
89 190 288
56 15 98
48 62 114
16 68 94
44 58 294
16 171 257
25 9 42
34 126 284
64 79 144
81 27 154
75 191 340
88 93 182
8 89 116
83 18 106
82 21 206
81 141 228
36 141 198
19 142 167
46 82 142
65 22 121
3 154 165
30 189 299
15 163 182
5 172 200
9 61 245
71 38 110
24 69 117
29 54 97
12 25 62
24 57 105
38 198 236
50 46 102
35 163 221
26 97 128
54 102 164
63 4 83
100 105 217
70 29 138
78 142 393
4 109 134
86 85 192
41 123 165
23 101 136
57 8 77
21 6 36
26 4 73
42 15 94
46 113 167
73 156 236
59 186 254
4 83 223
25 196 236
52 177 232
68 186 258
86 59 320
10 187 394
89 169 262
79 173 252
67 90 163
14 87 292
76 174 398
52 13 74
99 39 234
53 169 226
49 192 260
21 54 88
5 2 16
76 107 220
32 72 135
24 62 111
3 97 103
80 64 144
54 45 235
67 18 103
77 127 205
39 119 164
66 26 95
40 47 90
81 195 415
93 177 343
44 109 158
28 120 295
64 36 137
32 30 69
35 82 132
95 184 282
53 143 216
32 107 187
32 150 185
63 96 252
82 151 234
46 81 134
76 109 243
4 49 90
52 134 311
91 56 329
68 48 126
2 107 175
73 192 266
10 5 89
24 27 73
93 108 363
32 178 237
38 81 123
77 122 383
72 154 230
99 189 486
10 69 86
18 65 179
37 181 289
81 47 130
28 192 260
58 29 94
34 2 37
92 163 337
51 154 213
51 21 73
45 164 221
75 56 155
44 163 213
87 131 340
39 18 67
86 170 256
70 121 334
42 93 135
81 162 250
41 137 226
36 147 218
49 59 109
76 149 369
38 2 81
75 153 359
17 183 206
81 160 251
53 69 130
12 138 188
27 119 217
62 133 231
33 84 147
95 197 297
10 182 296
73 39 184
80 118 206
50 19 128
59 50 119
99 69 193
38 12 55
77 174 345
30 149 350
52 186 294
94 114 215
71 190 400
57 138 212
5 193 285
80 120 222
71 3 79
22 129 314
74 160 239
98 25 233
78 9 105
58 137 198
50 17 249
20 21 41
50 194 244
88 161 249
76 47 144
71 85 276
35 58 101
31 99 255
85 62 148
97 10 156
66 85 217
56 169 231
100 173 335
26 182 241
17 64 113
47 109 185
18 115 149
15 136 348
14 126 221
9 29 61
50 5 65
74 37 121
89 136 227
44 35 85
61 199 261
14 5 117
17 18 38
61 82 160
20 139 205
14 146 185
11 101 138
64 123 187
4 125 130
98 69 176
23 108 131
13 20 40
15 196 242
31 120 182
37 75 153
39 124 212
46 109 155
98 13 152
1 185 200
80 56 185
67 89 204
66 166 283
56 34 116
77 89 209
31 137 168
77 120 230
27 112 148
73 67 140
36 49 87
55 22 140
40 194 411
79 3 102
62 195 258
50 10 95
67 25 119
65 58 149
39 150 209
7 71 142
30 157 230
57 68 125
12 164 181
12 180 192
92 111 353
97 35 311
14 53 72
57 33 90
44 75 136
47 2 49
21 182 282
64 154 226
19 124 148
8 107 205
50 39 123
76 60 142
52 60 116
97 60 202
88 25 263
63 2 155
68 174 246
4 189 303
95 124 222
39 28 74
46 104 186
83 126 218
53 154 241
28 24 59
65 0 84
28 196 231
87 7 103
90 180 316
28 136 187
68 132 201
85 92 217
96 159 264
5 147 301
10 51 63
39 137 273
30 101 139
70 115 188
63 86 183
63 174 341
2 41 141
3 49 178
70 151 253
88 148 270
70 133 248
53 15 84
83 64 254
18 56 97
6 45 150
36 148 285
59 35 119
70 194 295
75 70 266
26 125 161
91 21 152
23 96 189
29 60 197
15 110 133
38 162 394
15 18 95
8 164 214
77 60 140
76 67 147
71 155 317
76 150 387
49 163 313
15 40 86
50 2 183
27 96 276
23 67 132
41 64 149
84 167 292
5 15 38
82 118 225
2 11 32
27 2 33
71 24 143
24 99 151
51 62 118
42 178 220
94 4 174
78 166 244
16 187 218
49 139 295
32 51 110
23 26 161
92 37 133
44 24 104
95 57 202
73 31 122
77 74 184
55 155 213
69 193 327
61 139 208
84 181 267
17 38 66
20 91 147
42 91 176
68 99 262
19 129 156
2 155 202
41 168 238
32 70 174
7 62 72
55 83 149
99 185 324
6 9 112
46 83 137
49 142 251
80 44 146
33 137 171
94 75 313
23 115 177
74 49 239
15 20 82
19 23 49
6 105 270
61 125 223
11 145 289
11 36 47
93 63 342
94 87 209
62 187 288
42 30 73
44 161 209
8 139 166
97 13 123
10 15 31
33 71 154
3 134 185
91 149 248
6 65 245
47 11 66
53 86 141
100 143 243
98 70 181
6 19 31
78 193 272
73 171 252
59 114 365
90 49 145
49 42 93
31 113 243
89 97 195
15 118 155
74 38 142
37 79 125
84 19 140
32 105 146
36 48 109
100 72 211
23 196 262
5 73 84
33 90 125
54 0 67
33 150 194
78 150 342
30 147 178
72 91 212
80 95 224
94 100 198
57 95 263
10 143 162
77 14 94
38 81 127
30 145 182
95 122 218
46 197 291
96 138 240
15 24 68
64 108 174
87 81 202
58 17 107
30 37 67
53 139 205
22 106 176
90 102 342
22 183 314
73 124 322
54 66 144
26 19 47
39 111 150
69 191 265
69 96 165
87 140 227
35 183 264
97 189 302
90 82 222
53 138 276
34 169 280
94 145 242
93 146 343
3 115 122
10 173 380
83 31 120
37 169 212
89 177 271
13 77 97
61 160 222
86 146 240
87 172 301
19 26 77
26 35 70
59 188 253
81 143 243
80 163 244
29 52 82
73 32 110
61 25 96
78 53 158
17 184 211
81 128 219
64 124 189
66 170 245
7 98 183
36 181 236
33 75 119
11 45 106
41 34 81
11 174 380
10 112 258
1 112 138
88 97 194
93 85 178
33 31 228
13 49 82
49 131 221
53 37 108
56 39 190
27 104 147
44 78 128
84 107 270
24 200 274
19 157 192
87 35 127
71 84 161
16 17 98
50 169 224
91 38 171
55 173 228
68 99 274
16 195 254
81 188 270
3 18 34
82 45 132
54 160 304
68 144 226
14 3 146
81 199 323
20 23 68
12 94 112
13 82 115
62 180 261
21 97 128
73 162 273
66 62 156
4 36 47
87 142 230
36 53 130
27 192 247
16 169 191
75 97 175
83 184 404
30 102 139
90 109 206
60 68 165
99 187 333
82 7 113
32 172 234
31 77 135
59 57 122
31 129 161
25 94 254
34 90 172
71 117 208
4 39 214
47 116 165
59 79 141
20 81 169
27 62 95
25 44 74
16 150 170
19 169 194
77 190 313
59 28 115
87 140 234
53 105 165
90 48 266
89 109 229
82 133 231
74 23 102
56 101 345
40 34 138
39 197 315
46 108 303
66 49 118
67 86 190
25 24 59
67 23 110
60 5 75
32 86 139
51 8 89
38 144 342
97 108 206
32 132 337
61 135 198
94 75 173
93 63 162
61 122 186
81 35 126
12 53 141
17 92 140
13 125 310
29 51 91
47 67 120
4 101 110
64 149 390
56 93 156
24 55 241
51 52 137
63 120 189
88 89 216
29 171 374
26 3 45
70 180 297
9 17 31
29 61 100
31 112 301
57 150 376
29 79 144
79 106 302
38 189 265
66 194 265
99 106 287
61 150 212
14 41 62
84 177 277
23 109 138
61 110 216
21 94 165
82 166 291
2 60 246
24 189 218
10 95 112
99 143 350
65 193 307
75 43 304
36 134 176
81 64 157
98 33 173
56 13 75
50 50 133
87 12 118
4 131 242
74 174 306
31 113 146
93 156 253
95 196 323
65 106 192
69 182 278
84 105 361
85 37 135
83 180 280
20 139 186
82 144 353
62 87 174
47 124 187
83 12 97
84 185 316
17 178 324
26 72 144
23 92 123
45 16 88
59 165 274
28 104 179
1 42 132
36 90 134
76 71 311
24 60 94
99 18 283
39 5 76
7 78 92
42 52 172
43 156 322
4 71 240
7 196 213
73 187 287
52 192 256
81 150 367
33 79 265
37 135 295
97 140 346
55 23 225
94 47 143
85 136 236
82 151 327
2 158 228
47 175 236
65 45 118
14 64 127
91 89 186
28 151 180
72 15 228
28 173 345
51 80 166
23 185 343
96 190 310
12 159 348
16 106 248
41 61 117
13 58 80
94 188 306
72 78 274
58 77 183
23 150 216
89 4 240
76 70 295
65 103 183
98 180 281
45 95 146
56 178 240
47 37 90
64 134 382
53 196 250
94 120 214
92 182 276
82 167 297
54 175 239
30 86 157
16 146 168
37 60 112
58 117 191
14 158 178
98 197 374
34 32 76
14 42 172
38 82 200
10 184 313
95 130 235
69 40 115
25 48 73
61 190 356
58 38 121
62 186 295
18 160 180
74 15 116
66 126 202
87 125 329
16 98 119
12 20 57
52 90 147
98 163 297
99 200 347
68 38 214
15 157 352
60 64 133
64 81 244
52 23 76
82 115 230
52 40 95
25 187 373
49 126 280
47 1 104
59 48 111
17 185 213
23 174 202
81 148 298
23 126 181
77 1 78
1 26 75
78 76 160
46 63 177
82 108 196
9 185 236
70 79 298
46 17 63
62 107 208
