510
34 83 311
94 132 242
62 28 94
28 164 210
57 87 151
17 176 196
88 122 237
78 50 129
62 35 241
26 129 165
21 185 395
48 74 172
37 26 65
98 8 110
4 123 128
44 67 125
40 36 100
28 69 148
97 68 170
81 50 131
74 25 109
100 133 240
26 54 84
94 33 285
8 100 108
26 156 311
90 176 276
31 186 356
19 34 99
44 61 252
68 42 114
83 129 222
76 74 171
95 122 255
92 54 146
28 127 164
47 76 148
51 0 55
84 179 265
55 139 196
27 125 319
71 5 78
74 116 194
79 127 334
56 176 431
32 167 215
32 145 212
54 162 218
88 155 323
36 28 107
40 197 244
64 121 192
38 45 90
3 167 192
63 16 128
25 52 191
78 132 249
16 180 391
51 5 62
72 102 221
81 52 136
39 67 108
69 34 151
97 114 228
97 160 314
25 34 259
93 47 230
47 120 175
55 62 298
15 149 213
73 108 251
28 104 141
17 103 128
6 144 329
96 126 227
68 89 166
12 185 384
45 5 247
45 4 54
75 41 120
92 38 139
67 5 88
24 144 351
73 17 93
51 140 236
10 125 181
21 142 163
38 3 76
69 147 242
56 129 224
51 116 331
54 155 248
27 133 167
89 44 138
39 116 168
96 14 117
12 79 115
34 24 66
79 96 187
93 136 255
87 75 198
40 79 126
17 130 183
92 103 323
68 73 235
57 157 222
22 127 153
57 147 208
42 58 110
44 7 205
84 3 96
5 173 219
81 20 151
95 0 103
61 14 168
32 148 228
69 150 248
7 104 116
99 147 269
92 28 122
19 187 286
33 192 353
17 123 151
12 65 239
47 20 166
1 78 89
70 123 208
78 20 101
1 155 161
69 186 302
77 148 229
20 85 121
42 191 242
83 29 125
8 22 78
79 49 129
67 77 183
59 182 256
76 133 231
98 109 241
49 41 113
20 97 173
81 32 120
100 156 257
67 128 341
90 12 102
57 140 236
35 84 121
20 25 81
64 76 301
82 194 417
79 144 251
37 160 203
32 145 183
55 137 376
28 102 224
36 153 375
36 72 109
81 159 396
46 186 264
55 8 184
36 116 200
66 199 282
35 7 43
6 18 120
45 174 285
66 143 238
74 161 274
27 192 230
64 120 190
44 2 173
26 86 163
3 95 106
11 29 91
21 125 181
77 183 380
77 6 142
60 9 231
53 82 136
40 164 206
34 157 310
64 76 144
31 36 110
20 167 214
64 126 257
97 154 269
83 140 230
4 147 161
23 136 343
16 77 110
78 56 175
64 14 247
66 121 192
23 19 70
10 166 184
27 74 137
75 68 269
32 164 223
44 57 106
56 69 140
100 42 149
44 39 90
90 46 290
61 101 213
20 171 205
61 154 236
2 4 171
55 6 129
45 164 316
73 52 189
37 12 80
70 149 331
85 53 181
42 193 238
1 45 53
39 104 177
49 127 186
67 122 196
26 166 230
5 49 78
18 46 125
53 173 264
39 40 84
79 35 127
83 167 252
66 5 180
47 88 221
81 152 276
30 139 342
3 70 82
11 155 168
63 9 208
78 91 180
12 99 212
71 31 111
98 0 113
10 179 190
72 187 267
80 33 156
7 5 58
78 12 123
96 161 300
66 77 164
88 74 187
15 199 358
12 68 109
39 104 145
27 53 191
26 191 255
57 105 177
12 173 228
71 180 385
16 180 202
97 169 287
29 24 59
35 185 225
39 66 116
68 153 226
39 129 177
8 114 154
63 9 110
72 76 278
41 48 131
14 75 96
47 0 54
100 8 116
53 47 121
96 53 173
46 124 174
56 95 159
20 110 133
8 42 52
32 179 224
80 82 320
30 15 53
18 65 116
54 56 144
66 171 237
77 75 153
34 175 335
21 58 100
57 37 104
5 76 273
42 75 117
33 112 147
8 123 132
54 121 182
72 81 279
4 86 100
77 91 168
10 197 269
89 25 304
39 77 121
58 151 288
7 135 281
6 196 229
54 7 65
35 97 134
69 158 234
15 46 85
16 198 214
67 102 201
97 185 323
59 57 165
71 69 161
79 65 146
80 11 116
82 123 212
2 54 64
43 176 266
78 129 236
38 50 107
33 123 156
49 130 201
17 14 37
95 129 280
37 137 184
56 186 247
32 12 130
86 43 198
42 104 184
49 81 160
99 189 327
3 67 76
98 47 147
34 180 214
53 115 168
37 166 249
35 45 81
62 149 244
23 128 154
66 2 86
37 68 283
18 32 88
80 111 219
41 182 254
11 76 92
26 125 153
83 103 221
30 54 183
59 74 141
37 71 158
77 6 105
5 131 165
92 27 125
94 66 167
33 3 203
36 85 152
7 177 215
59 84 171
38 125 311
28 54 84
49 80 281
77 76 351
47 30 86
64 40 108
64 1 102
60 189 287
49 142 239
25 170 210
19 103 122
13 151 174
92 132 277
3 109 113
46 25 80
59 14 82
43 44 92
13 60 74
23 19 210
95 26 131
28 34 70
31 141 216
77 149 261
71 58 160
94 124 220
29 3 54
82 88 182
90 199 332
55 175 264
32 118 152
40 127 195
99 21 274
3 74 82
82 50 143
31 40 76
76 182 258
87 182 282
80 164 283
47 10 65
84 145 266
7 76 88
100 66 214
87 139 228
12 102 147
36 146 301
72 56 132
19 36 126
4 137 149
30 82 124
7 191 201
35 139 210
69 98 172
11 184 341
62 157 364
61 7 140
13 68 249
39 71 156
57 94 266
22 114 193
56 1 61
52 74 127
91 96 187
99 69 173
57 70 159
88 175 274
36 111 181
22 133 196
34 46 162
60 152 335
22 65 125
95 4 237
86 28 128
12 156 183
25 74 148
90 88 179
52 38 104
18 26 74
47 155 211
91 99 228
12 103 125
25 32 57
7 36 97
44 71 123
19 157 181
54 157 348
36 43 89
99 183 284
55 109 195
73 40 114
7 157 205
15 178 196
99 195 304
31 15 48
57 83 261
47 32 111
55 9 105
93 72 270
98 172 279
16 17 140
53 181 262
1 147 221
44 64 147
38 90 151
81 176 259
2 24 190
41 125 209
83 200 288
43 123 190
36 182 223
83 128 217
57 173 231
3 95 105
66 9 81
10 1 13
25 116 156
79 185 269
87 160 272
14 86 101
7 20 106
1 200 222
88 103 236
44 191 298
32 115 181
50 65 142
80 196 404
31 54 107
35 23 67
91 6 106
88 138 372
80 174 254
19 103 130
50 85 146
34 62 96
33 151 191
74 113 211
80 170 256
7 63 143
51 89 168
52 26 81
29 129 296
1 19 65
19 198 365
82 187 272
55 171 233
4 77 234
42 194 236
72 21 103
27 52 184
26 200 227
18 110 237
91 115 209
50 65 120
21 160 214
40 35 79
26 24 57
85 76 197
93 130 273
26 3 37
26 101 322
89 82 280
