960
40 150 311
59 70 168
20 15 78
91 34 310
21 199 387
63 163 250
67 100 304
4 190 275
11 161 259
47 27 194
94 134 237
55 26 265
13 115 133
100 55 302
4 141 147
15 38 152
4 182 240
67 93 308
87 109 197
72 131 238
63 161 416
13 13 28
70 153 295
16 43 61
38 41 84
79 151 230
26 173 236
64 147 245
32 40 116
98 83 205
47 178 234
13 65 78
44 79 125
37 72 158
65 105 185
61 66 134
7 79 191
96 118 241
37 75 122
39 94 143
56 92 218
44 110 258
5 81 88
18 47 198
100 14 114
1 147 158
4 65 70
32 45 153
29 164 277
47 18 70
79 138 326
49 40 159
6 44 79
37 34 85
53 189 258
77 23 138
26 121 331
53 53 124
70 61 136
38 154 239
97 176 275
67 40 107
54 133 239
20 11 74
19 122 154
22 92 164
34 19 103
16 162 185
79 89 183
92 11 106
10 186 199
59 156 218
84 123 209
20 30 246
94 87 196
10 129 148
75 187 264
28 131 180
35 66 112
94 126 224
38 140 238
15 111 176
76 102 378
52 23 249
42 82 124
24 99 159
73 165 238
94 20 124
88 151 241
60 148 253
96 164 452
82 158 354
21 70 108
71 165 375
54 83 141
86 57 148
12 165 191
88 79 270
31 13 49
8 97 144
6 81 278
29 151 222
1 160 280
50 199 250
51 68 142
98 4 263
35 40 83
69 76 178
42 125 171
18 58 82
60 179 244
88 150 247
79 21 107
78 142 221
55 16 125
7 159 171
25 119 150
70 116 317
84 181 412
44 10 55
79 81 280
18 74 97
97 163 332
56 122 234
57 80 180
29 164 193
55 84 152
11 161 178
71 42 123
8 43 60
26 105 178
16 156 207
54 90 149
39 145 204
99 199 299
100 20 132
83 84 175
80 31 137
76 138 247
91 184 285
74 160 394
95 138 244
68 5 85
15 27 45
20 35 58
24 161 204
83 132 224
52 173 226
46 49 283
11 74 228
23 104 148
78 12 147
43 79 124
67 81 340
18 25 82
78 69 342
35 92 136
39 119 259
13 186 207
15 89 111
13 173 196
15 146 291
25 156 191
51 13 70
17 21 44
7 62 84
18 106 317
83 6 280
89 138 227
90 1 101
97 122 265
49 187 238
75 25 186
49 140 197
80 120 312
35 128 170
15 63 136
47 73 257
12 130 147
69 8 249
60 78 187
22 20 53
27 139 168
71 184 269
96 53 165
23 78 185
19 136 350
77 17 97
32 148 324
84 105 190
87 157 266
62 115 210
18 88 116
2 45 79
11 22 37
64 13 81
75 177 389
52 72 124
28 21 99
20 175 238
83 42 130
74 102 201
70 136 213
59 119 200
21 5 26
14 63 194
50 85 136
32 42 79
31 83 144
53 139 363
17 2 94
29 46 75
49 183 267
84 60 154
36 19 55
5 154 160
92 77 228
89 196 441
6 125 307
3 181 194
44 8 53
38 194 239
30 19 88
59 101 336
21 196 223
14 101 140
50 52 202
28 175 204
93 74 194
88 152 246
77 145 251
35 12 65
18 87 120
90 31 165
12 83 122
5 143 179
40 71 132
34 196 234
20 62 85
5 54 103
19 156 179
56 63 263
87 122 219
66 84 156
14 32 195
86 198 286
31 114 171
60 39 99
82 152 235
87 91 184
39 28 169
98 73 181
30 106 158
61 11 90
85 47 176
56 49 146
15 25 50
79 82 165
75 36 171
73 58 132
32 35 74
46 192 336
80 32 149
70 60 138
18 102 140
26 154 180
63 44 111
90 64 160
29 178 212
61 167 272
2 118 122
76 169 278
89 16 110
7 125 281
53 70 146
21 70 92
64 72 136
7 116 167
66 164 255
28 188 260
63 116 181
76 18 95
1 200 331
74 98 181
51 55 115
66 52 120
26 140 186
20 23 103
37 88 162
45 178 236
25 182 209
45 62 109
89 7 161
87 91 178
62 83 311
96 151 286
38 3 55
51 67 127
33 186 260
92 111 233
57 176 237
9 67 84
33 200 272
44 6 58
51 106 173
28 36 80
8 50 66
31 37 229
62 178 271
12 111 298
95 18 120
91 169 266
43 87 144
37 91 136
8 92 103
68 110 239
56 37 108
2 139 262
19 139 173
100 197 316
97 151 250
66 142 211
23 18 181
42 141 183
59 184 351
61 133 292
81 186 308
58 96 187
57 193 250
29 156 354
79 4 129
54 110 170
77 198 275
18 90 118
74 33 129
80 162 246
76 93 172
24 76 109
24 151 202
9 23 35
10 183 231
59 91 239
60 72 136
1 31 37
80 172 276
79 199 464
79 196 363
31 53 93
68 152 229
94 94 267
7 46 53
46 40 128
24 96 127
55 60 116
2 20 28
61 38 106
83 33 116
82 36 154
35 54 126
30 181 257
31 161 197
70 126 210
73 50 149
37 36 79
11 141 196
85 32 123
93 157 257
87 133 237
45 111 162
54 14 86
22 69 121
81 46 136
100 6 156
22 0 43
50 200 263
40 86 145
75 136 333
78 81 208
65 52 196
56 188 251
36 160 206
69 78 172
87 93 230
28 28 69
57 163 403
53 22 78
34 130 191
87 70 180
26 74 104
90 81 229
23 131 160
43 18 244
69 190 295
7 98 151
70 136 225
9 198 318
44 69 113
64 142 209
40 75 117
79 58 145
45 18 81
17 150 273
39 96 143
10 57 92
10 6 61
21 28 51
92 178 368
28 148 185
27 11 162
18 107 132
11 122 213
29 93 202
7 49 86
35 39 84
95 58 153
86 111 199
82 196 278
28 35 67
94 186 386
12 31 44
91 148 407
48 130 360
5 167 249
59 12 140
64 185 446
2 95 102
79 51 176
46 74 154
98 109 210
15 190 211
52 63 289
9 109 124
50 190 276
29 32 70
74 16 273
11 24 44
15 193 214
96 131 228
60 61 198
91 18 157
99 180 386
3 46 62
83 108 197
42 109 170
4 141 151
47 184 412
36 138 237
59 110 289
28 120 163
23 164 215
53 40 118
67 89 179
30 14 80
20 194 266
12 149 163
77 6 85
34 112 170
5 55 60
16 24 45
58 200 300
8 108 122
26 103 133
54 32 91
40 193 276
19 114 152
74 17 100
35 21 62
47 95 152
72 6 230
35 16 74
62 51 117
64 66 132
49 18 74
92 65 165
10 191 232
77 34 168
68 133 202
82 152 239
11 167 255
74 35 169
28 189 266
64 172 324
12 73 86
30 21 193
10 130 141
73 168 303
30 134 195
14 20 43
93 31 164
91 64 194
65 10 120
25 73 137
17 1 31
54 190 248
39 138 180
1 125 134
97 170 281
73 3 247
12 177 196
67 90 254
89 117 279
10 133 302
2 192 195
35 117 155
51 128 224
53 143 219
58 118 326
99 7 126
62 72 183
9 5 103
15 98 142
8 45 179
65 14 80
33 90 153
82 200 287
91 114 380
61 16 86
4 85 238
81 44 135
38 5 45
60 24 127
2 192 201
25 161 221
32 167 210
5 56 97
66 101 170
28 84 114
38 24 69
10 6 48
63 188 267
55 126 197
70 194 404
38 97 143
76 106 222
52 126 294
82 121 244
36 13 90
61 82 186
29 126 176
67 94 163
87 2 150
69 61 140
63 93 187
78 38 278
87 134 260
6 63 73
18 106 128
6 25 51
54 116 352
69 21 98
30 110 211
84 71 157
13 2 25
74 76 158
4 145 149
86 91 211
41 130 265
30 14 243
41 48 92
54 119 175
49 193 274
30 197 229
77 191 355
60 108 191
44 85 148
51 180 250
71 190 420
92 185 295
13 60 83
91 68 238
15 185 332
8 85 137
86 146 292
4 33 189
69 153 278
95 8 108
58 165 293
20 176 213
11 90 111
50 196 248
1 150 181
92 107 210
72 72 152
35 72 114
32 61 127
19 123 147
73 91 168
84 89 179
75 131 256
44 146 192
65 79 187
90 120 299
11 0 22
12 91 111
29 21 184
77 29 119
41 127 175
28 70 174
77 73 152
81 147 268
47 91 138
97 42 149
82 42 156
16 180 199
25 124 261
15 183 256
84 67 159
41 27 92
84 110 201
37 79 149
92 8 145
43 131 221
61 164 228
82 181 263
68 162 231
7 96 103
25 187 402
38 36 112
33 133 272
17 8 162
4 161 245
9 167 178
91 162 276
99 122 227
19 199 223
85 151 239
72 105 185
12 0 20
43 134 333
35 195 264
20 112 136
66 79 149
33 1 36
94 134 235
27 176 383
59 78 294
37 21 176
59 168 235
15 27 164
55 22 204
47 117 173
72 122 219
87 8 221
67 168 380
83 190 304
69 200 286
75 74 315
11 192 246
81 166 253
29 183 383
47 186 240
72 5 130
96 61 160
39 56 178
62 90 153
11 196 318
45 134 208
14 46 94
73 73 153
54 117 182
50 173 228
92 63 174
59 8 76
17 17 96
44 81 270
69 72 210
55 171 226
35 153 254
7 166 269
31 25 106
53 50 219
93 131 225
30 1 33
67 120 320
69 196 446
93 27 164
48 32 187
21 53 105
72 63 136
5 15 46
65 130 205
26 66 97
52 68 187
76 174 307
37 95 180
8 149 157
34 44 202
71 162 299
37 163 364
60 19 83
37 164 206
69 71 170
63 109 326
60 145 215
17 199 410
85 102 324
62 12 79
36 124 171
33 200 242
91 21 114
73 125 239
57 124 271
21 65 169
75 107 198
14 186 204
44 70 146
65 12 207
56 79 165
27 4 31
9 54 73
82 129 221
7 17 42
95 99 270
32 164 201
43 15 231
49 30 125
11 174 326
74 26 108
20 19 39
89 2 134
57 100 159
96 24 293
25 178 241
63 135 198
100 187 339
90 169 260
24 117 313
68 43 189
69 59 137
65 64 134
64 10 78
89 2 102
22 1 33
68 17 85
48 142 196
25 196 374
67 101 168
90 36 211
62 161 245
49 50 104
94 18 121
42 101 191
78 172 445
43 54 169
13 2 202
82 91 215
65 120 190
70 143 216
67 4 74
85 90 248
76 158 240
93 35 170
94 164 308
100 65 175
82 153 330
91 53 154
64 157 225
3 136 142
77 119 198
38 0 41
12 174 205
2 181 189
21 198 223
48 125 209
65 150 232
58 107 170
42 46 115
47 194 251
68 105 183
85 179 339
49 111 286
50 102 154
44 115 167
93 126 235
7 63 263
46 27 114
5 177 298
77 171 258
11 61 80
30 102 262
9 129 139
9 83 101
21 121 143
60 144 233
7 71 124
4 86 99
41 190 239
30 99 134
66 147 256
39 148 189
91 108 202
93 12 120
65 43 110
28 90 118
98 133 234
97 168 271
55 191 269
57 199 293
49 107 194
93 27 161
23 77 141
76 130 338
67 118 241
81 31 117
52 112 172
58 36 141
2 45 96
79 187 269
91 198 301
68 50 124
82 185 270
39 123 292
75 123 348
47 21 90
18 161 379
97 8 119
98 120 246
57 104 324
89 7 143
93 156 275
6 52 58
96 182 318
71 64 311
16 2 24
94 102 301
32 139 183
35 138 278
16 139 191
12 37 56
23 151 223
6 56 76
92 49 144
14 137 153
92 16 157
32 57 90
61 13 118
11 118 144
57 43 108
60 63 297
53 98 339
52 74 130
62 199 294
83 58 155
5 186 230
66 168 281
62 37 295
79 130 219
93 166 298
22 179 212
79 112 197
13 181 198
78 170 256
55 96 160
41 95 156
84 69 158
20 73 99
31 129 192
53 78 294
85 52 137
41 134 184
57 89 155
68 188 338
63 193 294
23 53 97
39 96 252
41 195 261
31 30 64
36 9 84
91 139 264
48 82 165
97 61 160
65 56 159
3 51 120
95 166 262
91 142 243
25 2 61
7 39 46
87 97 193
3 164 364
55 75 135
8 50 65
78 17 132
58 97 201
60 80 235
75 147 222
95 24 128
78 35 126
57 14 86
13 60 80
99 67 168
85 86 182
100 43 156
11 140 158
69 58 137
85 156 432
30 38 158
100 24 299
48 122 179
23 82 129
86 76 224
90 35 315
34 197 285
49 157 240
11 51 64
25 63 184
10 155 213
72 135 303
24 92 126
26 48 271
74 131 338
62 74 242
33 44 81
15 196 222
61 84 276
22 171 278
60 176 404
10 118 137
68 15 95
33 134 186
33 137 292
56 195 255
58 125 209
83 49 250
28 116 152
56 198 385
46 91 137
84 75 160
24 136 347
77 200 280
7 51 91
82 6 98
76 134 220
80 192 277
29 109 191
25 135 197
9 140 326
24 156 180
74 68 158
25 52 78
15 169 194
97 55 171
64 29 99
12 36 55
68 190 383
33 161 217
7 117 131
52 122 184
35 70 282
41 72 134
80 160 240
73 20 215
21 63 105
62 37 107
40 133 174
8 80 102
59 128 196
23 180 214
50 22 75
58 179 313
51 135 189
