200
31 65 105
15 127 148
38 131 303
5 119 164
21 41 68
54 97 158
5 176 184
42 26 263
1 101 102
38 54 278
52 50 190
55 70 286
44 54 217
37 111 153
70 31 101
39 100 145
64 199 285
48 37 98
86 123 245
20 176 219
47 31 82
11 91 128
43 158 217
64 58 269
88 77 359
19 130 178
51 70 122
62 89 200
21 98 133
90 167 261
29 129 170
76 48 234
28 170 349
83 72 180
19 95 124
20 25 45
56 148 215
19 50 77
80 94 175
43 68 118
47 108 161
81 114 242
49 157 210
16 150 316
67 131 255
55 45 101
89 25 195
29 99 143
39 139 188
49 191 246
51 23 80
43 190 239
70 14 266
72 119 203
15 129 150
96 15 168
61 126 187
17 156 294
7 22 33
90 61 160
82 28 112
69 117 193
85 65 158
96 96 381
63 140 212
69 65 180
73 79 193
58 179 275
26 182 220
44 49 117
67 108 262
87 27 272
86 28 123
47 2 92
39 146 230
32 151 193
31 120 160
11 117 130
22 103 129
36 29 191
93 143 254
17 94 251
52 104 158
56 79 254
28 25 180
79 142 227
34 59 98
95 186 289
84 2 118
78 123 211
65 13 87
9 186 204
47 49 236
84 57 291
23 40 115
59 21 80
100 29 129
72 53 145
13 133 150
45 60 109
25 50 217
26 62 104
23 104 169
54 196 419
76 51 174
85 99 200
48 114 172
78 101 180
59 85 181
14 36 50
14 0 19
56 51 132
98 101 204
66 113 180
10 74 125
6 125 134
1 200 230
35 29 70
24 92 282
76 62 182
41 65 222
8 150 189
21 194 222
59 194 254
55 23 95
85 164 298
19 157 179
31 13 52
86 180 269
27 97 135
47 82 297
15 78 247
17 28 71
96 117 219
94 67 165
18 50 105
3 119 204
2 175 209
90 50 165
58 0 104
25 19 152
97 78 176
15 126 145
43 58 105
72 156 250
5 163 178
9 45 61
100 199 424
44 28 94
12 19 34
90 176 270
80 68 148
30 149 179
29 68 288
58 23 89
35 52 128
33 2 84
40 110 160
54 158 219
77 185 272
18 51 99
36 132 205
18 140 194
63 93 336
42 123 169
30 159 223
36 191 400
62 68 148
78 178 271
75 38 118
91 171 275
38 71 114
78 94 295
59 97 310
96 140 238
26 122 150
25 113 179
43 83 132
20 79 221
88 199 332
84 62 148
45 14 128
69 52 136
84 131 225
69 155 232
57 187 315
45 187 406
85 18 263
52 138 231
68 161 238
33 152 342
54 102 163
33 56 96
44 183 326
36 4 218
22 48 95
49 97 181
37 71 231
29 7 38
89 81 187
