260
65 99 250
69 82 153
61 81 149
79 109 305
97 68 178
49 35 87
58 170 240
9 104 148
21 182 241
68 59 129
38 196 250
32 47 114
62 0 183
14 20 36
26 4 32
88 70 211
95 136 235
36 24 80
67 52 127
22 135 184
66 140 229
19 122 177
95 165 363
66 117 193
11 50 243
68 154 418
100 140 272
56 145 400
48 5 72
49 44 103
33 177 243
15 84 224
26 142 175
6 37 46
68 23 101
83 31 186
30 73 151
84 67 268
33 159 213
80 76 157
14 198 404
65 65 287
34 107 173
65 97 204
33 103 256
56 191 250
1 168 201
51 28 134
86 171 324
96 42 146
6 171 294
78 53 139
71 162 233
79 94 212
84 119 205
19 119 297
31 53 94
18 173 191
26 192 237
92 20 158
15 91 154
47 91 220
34 1 64
33 58 92
35 21 90
80 36 119
45 71 161
73 142 331
82 54 181
25 39 74
10 108 165
26 151 348
11 8 30
83 134 244
94 113 237
86 112 207
50 21 110
34 177 215
58 98 173
6 158 169
65 44 118
37 8 51
98 199 343
24 148 200
18 102 164
4 72 117
78 0 115
2 88 94
85 72 158
13 56 144
73 161 285
89 89 209
92 95 213
48 78 129
93 200 308
45 105 152
32 120 162
47 68 279
1 191 316
95 57 158
24 28 54
67 21 133
39 1 210
86 113 208
89 186 381
42 63 115
50 184 252
85 74 310
9 55 251
71 74 202
92 27 169
41 177 218
84 85 173
70 43 119
24 132 190
40 136 185
85 0 203
10 147 323
5 179 209
67 79 180
75 164 242
24 76 135
6 88 164
52 109 161
35 7 46
41 191 280
22 140 204
19 76 98
72 183 448
80 174 256
10 146 250
78 195 327
91 92 295
57 148 299
79 17 145
36 172 218
12 81 135
1 64 125
75 26 145
4 110 126
74 112 235
93 126 229
48 88 145
50 10 81
96 198 422
15 102 118
64 51 121
43 150 202
96 135 237
19 70 123
7 196 208
60 59 120
17 159 202
95 163 283
17 76 245
45 0 63
96 96 193
35 33 106
9 12 25
39 177 251
26 39 170
52 58 214
61 11 108
25 194 223
100 178 281
88 1 138
15 106 159
34 46 216
80 186 275
79 11 94
13 177 193
1 105 114
68 172 437
70 127 238
91 43 254
56 78 135
86 142 269
76 81 338
55 44 116
6 80 95
52 31 122
84 67 160
67 91 163
35 184 226
55 94 179
53 160 227
64 60 126
97 138 305
4 97 138
27 55 130
7 42 52
48 144 196
16 22 234
70 28 102
30 48 182
38 63 131
38 85 127
83 20 124
17 45 62
69 74 148
97 91 367
48 24 82
74 189 273
22 49 111
12 17 60
50 125 213
62 1 206
58 134 206
67 191 260
17 89 150
74 89 299
40 61 158
97 90 330
84 40 125
44 61 248
24 91 160
98 15 129
27 7 34
43 110 159
1 130 138
91 114 236
37 93 208
97 43 145
48 19 175
60 109 263
57 133 240
93 71 313
34 188 227
47 56 139
46 136 213
93 186 280
85 50 148
50 40 95
59 114 179
62 79 181
68 169 238
28 53 87
98 38 317
19 25 160
94 52 155
42 126 173
51 162 234
86 79 226
65 13 245
12 176 197
2 141 152
45 40 156
2 45 47
95 46 158
24 8 81
28 48 81
24 112 180
64 65 136
50 28 196
89 163 310
99 125 413
1 64 66
34 146 189
83 102 345
80 55 142
