490
20 138 305
24 166 197
90 94 354
54 98 226
13 38 238
17 75 152
99 174 324
57 70 129
46 108 257
38 107 207
71 160 241
30 5 205
74 172 250
17 109 173
77 143 227
28 159 192
24 151 193
70 36 109
66 9 225
46 138 206
94 43 162
97 12 175
76 142 232
5 42 51
83 34 199
26 165 197
22 112 134
15 73 229
74 165 241
84 100 340
42 94 139
94 69 164
2 66 172
82 155 240
89 188 295
82 70 158
54 57 149
66 196 276
16 53 95
70 189 304
69 41 119
78 101 186
96 28 160
53 200 380
82 80 180
82 157 249
53 52 112
1 138 219
43 196 249
86 107 312
23 149 302
60 169 300
54 4 97
87 6 117
95 76 205
95 197 383
73 166 347
9 112 130
93 12 143
11 31 47
89 170 261
32 167 244
72 152 244
67 105 213
56 11 69
99 70 184
39 196 288
30 191 223
92 94 216
11 97 112
31 141 173
2 45 55
24 34 117
89 33 222
33 0 42
59 45 159
67 121 198
11 72 88
70 149 221
92 4 127
3 30 125
67 119 279
18 144 200
97 165 272
66 130 205
44 195 250
74 23 126
18 79 102
66 77 170
23 101 292
45 1 54
61 92 234
95 148 301
30 78 218
99 31 149
12 87 115
73 192 331
41 91 323
29 5 84
43 176 226
17 173 235
24 55 80
9 10 44
10 125 141
75 46 136
50 105 341
35 106 185
32 79 120
19 64 144
53 106 196
29 156 188
25 76 214
48 105 201
69 153 233
6 169 184
23 167 200
35 11 48
40 95 139
67 145 241
36 48 87
74 133 231
1 138 149
53 177 230
22 99 145
42 43 93
58 155 222
86 172 289
35 156 197
87 61 210
11 185 215
96 2 291
30 140 239
78 88 169
89 31 147
83 33 121
79 167 261
44 105 245
32 14 54
29 86 145
45 128 179
46 157 323
58 36 95
82 21 196
21 103 132
86 75 171
67 80 161
24 32 90
92 198 294
3 167 209
20 70 155
50 51 139
55 17 97
2 92 107
19 155 308
39 32 108
13 28 166
10 136 150
71 85 164
42 139 184
53 176 357
19 25 212
73 159 355
69 146 304
66 150 250
1 98 242
22 181 343
41 47 102
75 188 265
39 179 228
63 129 362
23 47 92
9 178 223
4 188 225
64 82 209
64 150 340
76 86 212
21 85 112
26 61 186
48 182 414
51 22 74
80 191 306
45 187 275
98 29 142
52 112 262
23 28 117
42 28 71
65 113 222
84 120 210
39 99 269
68 200 276
29 158 220
26 39 90
68 132 209
74 129 207
76 186 308
99 88 230
10 128 142
48 26 89
46 167 301
94 2 102
57 122 199
72 93 166
67 55 170
12 47 80
9 60 82
58 152 216
70 142 324
92 142 243
8 93 104
57 27 134
16 29 211
65 69 288
87 146 240
50 177 237
13 39 96
68 121 198
3 55 61
82 190 272
3 17 29
23 40 192
77 125 235
65 66 290
27 27 59
25 26 70
88 47 138
58 128 374
80 200 294
23 198 248
73 108 197
18 33 165
64 154 350
35 127 172
87 37 131
24 9 43
4 113 190
68 135 325
93 25 196
66 162 232
3 68 135
60 162 223
17 130 181
17 193 210
12 56 180
37 52 177
3 185 236
31 186 368
31 34 74
52 44 133
83 111 343
17 171 188
60 159 240
10 54 204
95 70 290
77 65 249
47 89 144
2 40 52
41 102 156
93 82 198
87 46 141
42 136 202
50 171 226
22 177 204
79 59 159
72 6 85
71 183 302
40 168 332
37 57 108
59 28 93
19 185 213
9 41 61
96 38 141
1 111 123
35 6 49
76 74 150
69 43 229
14 156 175
61 45 114
6 168 226
47 101 174
96 85 191
23 48 116
81 77 168
76 148 363
88 187 285
53 157 403
2 174 176
26 77 107
26 21 50
38 88 130
18 169 297
60 137 283
47 137 192
39 160 204
29 158 236
82 59 146
76 32 280
21 42 69
90 175 272
100 84 296
17 55 152
38 136 194
13 193 254
98 182 331
42 131 222
28 83 148
74 5 86
25 33 204
18 60 88
74 11 85
22 10 46
44 181 235
5 167 200
75 143 255
83 138 224
41 191 254
14 45 59
20 116 288
33 28 70
24 162 192
52 122 212
51 35 100
39 145 206
100 157 264
76 172 275
73 21 100
76 169 254
92 108 202
87 178 305
54 183 274
47 187 255
50 159 215
61 157 225
87 84 220
96 4 132
99 117 220
67 73 165
47 108 164
95 162 257
10 9 36
40 4 72
84 67 217
46 130 181
40 165 210
30 24 210
6 182 191
98 33 280
33 30 204
23 117 326
1 41 84
32 114 191
80 167 248
94 97 230
61 85 147
95 60 160
39 12 52
70 159 251
48 174 264
19 41 201
87 179 348
31 103 311
34 186 223
44 24 101
91 77 271
67 21 97
99 10 303
14 176 190
92 163 299
49 58 156
59 24 120
22 102 186
84 104 191
20 192 300
78 97 339
26 2 33
100 128 391
30 32 67
6 199 207
9 107 149
77 169 402
66 199 273
45 186 246
29 98 231
26 4 59
37 55 92
71 49 130
30 107 149
45 111 162
39 6 47
19 70 93
1 140 233
79 30 270
90 189 323
14 107 211
54 1 114
30 131 297
73 2 264
51 181 385
46 19 232
22 22 186
28 26 61
32 58 116
82 96 179
85 6 94
2 173 185
48 109 161
20 166 211
82 121 212
15 55 160
50 169 245
36 144 207
2 97 125
17 163 206
47 115 212
91 56 167
39 23 71
26 168 231
67 135 239
59 5 74
74 64 148
4 121 186
61 169 382
60 14 81
77 59 142
3 169 351
58 39 131
13 141 162
8 59 95
33 57 278
38 18 242
47 195 247
49 178 248
89 158 259
88 153 280
96 40 136
85 161 411
58 120 211
100 28 155
90 154 248
79 200 286
90 58 225
68 43 114
23 126 157
33 43 80
43 97 147
76 38 125
94 97 191
43 188 250
76 107 205
1 120 131
43 5 72
84 133 231
28 33 69
35 38 225
81 66 222
34 109 153
72 92 178
80 78 197
32 112 150
60 198 282
74 146 221
84 123 406
42 148 247
53 21 97
77 42 155
90 198 289
20 120 300
40 60 109
49 185 236
58 33 258
98 122 222
73 20 130
3 150 335
61 92 281
66 72 249
16 130 163
34 41 122
6 91 147
47 192 437
19 89 127
1 189 235
80 116 215
63 87 159
86 119 236
42 157 206
71 126 339
15 56 252
79 105 193
72 109 184
4 32 42
72 21 141
