610
74 4 146
82 81 181
78 195 273
68 125 282
67 157 247
85 87 217
74 42 120
56 105 171
27 155 184
25 82 243
18 193 211
2 17 24
58 29 93
29 64 215
88 86 200
63 88 204
83 47 242
82 87 365
64 197 267
75 200 327
45 45 262
57 198 293
25 163 192
76 171 294
98 130 404
82 123 261
71 18 98
43 107 154
29 98 172
70 10 95
18 9 67
32 58 92
44 63 187
4 99 107
59 168 254
97 8 114
60 62 123
28 122 180
56 194 300
64 200 266
77 72 336
70 64 142
17 70 249
97 148 245
71 158 242
96 61 161
48 52 117
49 32 86
19 28 53
43 17 164
56 181 238
1 109 114
67 91 275
8 106 290
34 193 312
92 14 196
12 30 56
10 115 134
22 130 154
12 4 133
3 137 147
13 28 51
92 118 237
19 195 218
83 153 245
90 170 352
49 103 181
86 58 154
55 175 240
75 1 77
56 19 92
49 192 241
79 92 205
98 0 141
1 191 356
4 147 160
16 59 266
77 19 104
46 147 298
67 177 249
77 114 220
20 138 183
68 116 379
14 187 263
33 174 208
21 105 134
79 117 251
57 123 188
22 75 103
15 80 112
40 180 358
59 104 170
91 142 235
71 21 119
42 26 170
94 82 194
38 5 54
11 122 177
69 106 180
49 72 166
60 14 83
57 114 173
89 199 311
40 164 222
71 173 292
43 85 168
14 65 84
61 126 231
18 125 265
91 57 332
87 50 139
62 103 352
21 136 356
75 141 218
42 169 239
34 66 121
36 174 240
7 32 69
100 78 180
40 54 237
73 170 282
38 33 81
2 79 100
26 185 215
61 7 95
65 198 264
16 16 37
8 4 18
14 14 33
30 139 366
46 38 93
27 124 160
39 193 339
90 52 147
54 178 249
75 167 248
15 119 158
75 108 260
1 12 20
74 199 276
20 144 169
60 90 161
18 33 53
78 141 418
48 109 180
57 55 117
66 85 261
26 68 180
83 74 252
39 142 184
36 138 184
58 142 358
55 103 274
19 78 107
14 135 151
40 177 219
56 182 433
51 108 295
16 181 203
18 60 97
88 184 301
87 75 285
54 33 119
62 6 109
63 7 73
65 39 127
18 26 104
15 179 238
11 191 207
29 10 46
66 99 182
28 49 184
50 53 143
63 197 332
10 36 64
99 122 227
15 121 166
7 23 104
35 191 247
51 5 58
73 197 282
1 36 202
57 170 237
39 57 124
47 29 77
43 83 127
22 152 210
88 66 195
82 82 322
35 162 385
76 44 163
100 170 281
27 17 57
99 112 234
34 123 162
61 172 239
41 61 109
19 155 282
73 1 84
17 189 229
22 36 77
13 140 224
21 168 195
72 91 175
4 70 84
18 142 313
21 42 73
78 128 386
13 13 33
64 98 307
56 139 199
53 33 90
79 198 416
45 156 236
5 23 36
17 193 369
65 148 222
73 114 362
1 48 112
33 167 207
12 149 163
40 97 208
64 115 186
89 187 322
78 46 162
62 183 265
65 30 295
84 31 143
27 41 74
80 71 155
36 57 94
9 121 147
19 65 90
55 27 92
11 10 39
29 40 79
10 80 93
15 27 215
81 179 302
76 88 174
7 154 196
28 155 183
35 192 256
8 88 102
35 74 118
46 156 243
65 130 250
13 180 196
43 179 227
37 185 229
29 111 222
62 32 110
42 28 79
61 101 195
57 86 161
10 192 211
5 69 221
76 130 316
50 184 267
5 154 183
92 156 258
28 50 114
8 106 159
8 151 161
4 165 363
98 88 190
28 146 178
98 58 164
96 123 395
92 171 402
61 82 151
17 180 209
1 60 82
48 30 87
50 26 239
21 36 223
75 88 206
78 12 128
35 117 181
93 58 156
7 170 185
23 19 42
9 9 28
90 10 103
79 193 273
35 45 80
29 112 262
66 126 314
68 63 161
18 5 45
39 158 202
42 75 158
77 33 274
77 176 340
54 145 243
41 165 209
84 137 238
99 147 248
70 70 147
36 60 215
47 80 131
92 171 299
77 90 213
52 73 259
76 171 321
40 94 190
42 159 314
5 178 221
35 14 53
76 18 118
82 35 243
40 85 144
40 170 397
16 189 225
86 122 218
18 49 77
67 77 144
9 71 87
89 3 197
80 65 153
17 113 172
94 129 224
19 125 168
24 23 96
33 133 170
91 178 271
32 149 187
65 159 290
45 108 267
91 78 212
54 98 165
54 86 146
38 118 283
51 101 301
46 10 56
87 180 269
44 81 128
70 23 96
61 38 105
78 148 409
31 110 290
83 116 237
41 92 158
34 133 234
86 118 221
72 159 234
79 7 91
74 166 241
66 8 77
10 75 124
48 111 176
59 72 131
95 41 185
79 24 131
97 111 244
36 191 299
52 170 225
74 53 136
17 95 118
42 67 249
98 33 171
17 41 62
47 104 223
92 0 92
10 101 158
61 41 209
56 92 259
38 63 121
36 91 152
57 36 95
18 61 197
93 40 138
100 87 193
99 72 173
69 64 137
53 40 247
77 191 307
30 190 283
20 191 215
96 11 265
80 105 354
63 17 173
75 128 301
67 41 145
47 16 101
83 71 226
31 82 151
95 83 188
59 33 98
14 136 157
4 48 66
86 25 207
26 171 357
97 72 179
69 90 161
7 52 66
47 186 244
58 5 100
42 115 289
37 55 96
99 109 225
19 53 74
91 161 312
16 107 199
50 22 111
20 127 153
60 83 173
22 135 176
37 120 290
68 172 247
83 50 224
11 182 210
27 73 134
12 189 205
8 180 192
68 163 343
25 143 206
16 12 28
41 200 288
21 5 66
58 137 196
74 69 153
86 97 191
14 117 153
52 138 199
57 29 123
26 91 123
44 85 160
73 101 175
1 185 204
94 137 279
48 17 115
61 178 242
62 142 255
40 199 307
53 24 241
57 174 254
98 96 379
68 31 103
44 197 332
74 70 152
20 81 101
67 24 92
54 185 247
86 181 419
55 135 197
19 179 233
15 185 247
86 123 212
43 155 320
15 42 68
50 9 81
94 148 286
70 51 131
73 173 296
5 115 123
7 186 202
5 87 233
35 175 213
12 5 19
2 15 17
41 75 119
35 14 54
19 188 213
24 169 201
62 11 82
3 65 107
94 43 221
9 129 176
77 118 215
58 28 90
48 145 203
46 82 242
97 8 146
84 195 284
81 131 223
12 113 126
66 14 102
33 47 239
78 46 129
50 94 181
45 153 200
46 67 261
85 121 249
62 156 220
90 26 205
25 7 51
81 147 244
98 73 180
31 113 192
45 98 172
53 135 189
1 107 113
57 52 179
92 147 244
1 165 291
98 41 148
98 64 170
2 16 26
51 134 322
80 113 225
89 73 165
91 135 227
12 159 207
24 45 76
19 84 108
73 107 189
43 85 247
61 36 101
50 93 218
38 139 183
92 138 279
5 133 150
18 198 224
56 83 149
43 152 202
8 166 175
97 162 260
93 52 234
8 149 199
50 174 236
1 114 118
13 86 265
71 181 261
57 169 255
97 9 202
51 62 281
54 150 211
16 136 211
20 110 137
94 18 288
52 40 174
12 146 163
95 178 360
96 81 220
54 55 188
7 89 101
18 43 220
68 133 211
99 195 406
34 31 217
78 47 134
55 31 87
18 56 106
1 149 158
26 16 79
73 53 130
63 107 268
58 104 190
94 152 427
45 54 103
52 140 350
81 162 294
70 171 242
47 79 132
88 43 147
41 103 160
21 176 234
30 77 112
75 142 250
41 139 185
73 52 128
11 161 203
28 184 212
28 127 182
5 11 69
11 182 212
54 125 184
71 56 209
43 82 292
93 34 313
95 14 246
61 107 168
42 107 150
35 127 291
44 54 124
36 20 81
25 117 151
77 36 148
47 127 178
45 114 265
20 134 274
44 119 163
87 107 209
43 170 261
85 0 90
56 101 163
100 200 444
77 83 231
93 192 380
45 38 105
65 19 94
39 18 94
4 33 44
94 188 361
97 127 257
73 175 283
52 188 271
77 29 108
88 29 132
75 81 354
80 95 197
75 138 220
28 161 378
88 69 164
80 174 300
92 146 317
58 101 162
25 3 67
100 142 272
