320
52 54 154
5 11 23
47 18 101
10 63 123
46 111 205
20 64 166
13 70 122
7 159 183
38 87 132
82 167 397
72 190 276
31 140 212
37 3 49
10 54 67
39 72 119
79 95 195
85 130 220
54 158 216
72 139 230
11 64 125
4 0 32
95 2 104
89 147 239
16 42 95
22 197 228
66 169 416
23 4 33
27 156 193
17 176 223
83 128 248
54 181 236
88 18 211
86 55 228
90 122 222
13 131 188
12 8 40
31 62 116
72 20 98
13 92 108
48 41 118
4 180 220
57 170 275
27 168 240
48 10 82
49 72 141
25 50 85
11 170 195
28 194 228
58 12 119
65 7 78
30 65 196
70 115 211
29 26 109
17 11 162
28 55 221
72 123 241
1 47 69
13 63 265
84 50 140
56 178 313
41 167 214
51 33 129
91 5 96
77 37 121
75 23 146
56 187 251
81 131 262
88 156 268
78 136 215
57 46 150
85 1 121
57 143 254
90 32 131
81 196 302
96 200 296
62 40 105
75 60 144
8 81 91
33 177 212
54 61 208
49 154 260
59 98 166
23 112 143
24 199 238
86 56 334
41 81 163
24 144 214
22 113 145
59 97 161
50 74 149
38 144 191
62 103 178
21 150 208
61 123 357
46 152 198
76 97 180
3 13 114
11 14 46
63 113 200
80 28 138
78 13 117
65 122 280
74 50 265
84 52 158
22 76 100
52 97 252
50 147 202
71 90 171
29 189 220
94 112 206
93 143 237
70 117 192
55 84 173
19 133 161
82 123 253
31 49 280
95 164 264
88 52 173
94 72 289
95 69 170
10 55 74
90 9 107
31 140 172
62 198 263
97 183 300
48 196 302
95 86 217
3 31 41
85 118 322
85 176 384
76 74 172
87 73 264
55 130 189
96 16 140
98 133 278
83 107 219
9 156 356
27 161 282
94 60 180
55 156 214
93 110 341
79 21 112
88 125 220
33 131 164
74 71 148
34 179 217
56 60 193
96 35 133
95 176 307
86 102 191
87 116 225
57 26 93
37 40 237
77 28 107
25 14 210
52 15 176
19 101 130
53 112 199
2 127 138
28 89 198
38 190 246
97 122 253
85 7 98
66 143 215
17 97 121
22 131 163
96 110 279
89 184 293
84 38 126
51 135 227
25 141 169
30 150 240
31 5 58
92 194 429
13 175 189
26 18 57
71 192 404
70 181 345
25 38 77
37 114 177
74 166 247
26 131 166
92 131 241
26 162 188
35 75 309
72 96 303
47 130 223
62 29 98
89 21 114
36 51 223
28 54 87
91 129 262
63 184 269
10 14 34
37 109 164
17 27 70
80 128 216
73 29 114
22 163 318
85 44 131
34 96 181
55 46 148
97 86 217
37 142 225
62 15 121
92 152 276
17 46 88
94 23 147
70 184 292
77 155 233
100 199 341
83 191 380
33 110 147
28 96 237
77 162 402
68 13 82
13 188 326
21 111 134
19 93 112
10 142 239
96 39 137
61 187 262
32 131 164
73 76 152
30 162 207
94 194 484
60 40 106
28 177 278
24 12 37
99 39 253
13 34 59
89 92 190
49 123 174
68 71 149
64 139 247
56 36 129
56 85 179
23 26 102
5 43 92
92 100 194
78 176 267
73 13 96
89 65 159
58 52 191
26 178 208
59 159 266
35 146 216
25 2 175
100 122 274
78 40 306
76 159 435
93 159 376
18 170 188
54 164 220
75 31 135
8 25 90
3 142 149
86 56 146
18 186 208
68 104 217
4 50 55
60 93 173
24 195 259
21 77 105
86 56 147
73 187 307
80 71 234
45 107 157
40 139 228
68 111 180
48 149 269
27 45 137
46 40 126
22 5 63
72 173 250
13 110 221
42 172 254
35 55 121
15 195 244
63 139 400
81 189 275
26 89 207
85 186 278
49 95 187
46 102 156
50 157 212
70 141 234
49 43 125
7 65 98
23 178 203
40 33 76
15 68 98
89 182 433
83 19 102
20 135 275
5 21 28
59 114 278
96 66 211
99 191 483
65 157 259
48 43 92
40 16 64
99 172 281
61 112 207
61 118 215
37 167 344
80 74 294
30 0 173
57 145 238
96 152 417
99 185 340
36 50 136
75 71 150
33 69 140
75 106 184
1 59 105
51 4 219
8 135 146
23 25 57
70 40 117
