350
10 1 20
89 62 152
69 156 227
5 126 177
77 182 262
26 119 156
12 34 60
21 52 75
75 162 251
53 145 237
6 29 44
77 51 179
76 126 306
25 84 143
79 18 120
54 144 235
55 20 125
88 198 289
15 120 174
14 188 209
33 106 226
59 2 72
18 127 170
46 60 106
82 78 164
82 132 280
99 50 155
36 4 65
21 172 202
98 38 141
16 17 34
42 123 172
97 8 200
77 60 187
66 200 301
9 60 108
39 145 209
76 139 255
72 44 121
12 3 32
4 187 274
30 30 66
50 120 188
6 38 78
4 116 202
73 185 286
75 189 292
75 194 276
43 48 97
49 26 179
59 12 96
12 49 110
66 48 313
2 148 300
96 108 207
19 89 118
89 119 209
6 71 95
51 116 175
29 78 229
33 192 232
74 173 251
26 63 92
15 98 114
21 19 44
43 105 193
4 127 304
43 180 226
92 133 236
23 22 178
13 0 48
36 65 110
91 147 239
39 79 121
75 128 266
73 179 257
20 183 212
60 6 191
82 154 286
42 159 210
25 169 197
4 111 162
95 151 279
87 68 165
35 117 333
4 45 150
84 30 114
47 13 61
10 68 161
79 152 238
18 29 61
54 195 270
76 195 272
21 74 126
92 177 304
38 93 136
100 173 273
86 26 121
12 103 124
95 89 345
80 39 126
4 147 179
38 151 196
56 31 218
78 173 296
6 83 139
9 180 192
32 29 109
6 73 192
65 53 317
93 154 247
58 26 254
95 28 129
20 184 206
97 6 273
62 124 233
27 134 171
67 141 235
68 66 230
71 158 263
46 24 109
79 88 176
48 45 95
51 87 279
69 58 150
36 168 254
86 141 231
55 133 188
3 125 138
88 108 197
75 150 249
52 34 92
16 17 229
62 164 233
22 28 120
62 145 210
56 56 118
8 2 16
2 125 178
84 125 229
90 197 312
69 132 248
66 29 98
97 48 226
8 32 52
61 142 240
72 57 146
58 10 110
87 164 261
52 138 191
64 80 235
33 7 41
31 23 60
49 96 198
71 178 273
76 149 229
91 19 114
13 54 69
93 82 184
19 122 272
84 165 254
56 33 288
96 56 160
22 15 49
6 97 111
42 19 61
18 104 127
20 108 165
37 77 240
32 175 213
68 158 232
15 111 153
78 112 236
56 138 259
70 25 201
47 78 134
47 42 247
27 3 40
97 126 243
27 125 339
65 16 94
64 44 138
69 21 94
43 195 374
7 138 284
52 104 211
35 194 230
85 175 307
45 199 251
83 76 201
44 11 56
49 190 260
32 17 89
71 32 257
68 157 234
39 14 81
93 26 166
72 74 249
89 193 344
49 134 192
81 196 284
92 111 249
12 104 165
47 27 82
31 108 210
91 60 155
26 73 108
95 5 136
35 187 248
52 75 167
90 75 190
85 187 301
57 36 143
49 16 72
94 12 116
18 98 168
79 121 210
36 30 160
82 191 277
85 25 150
96 82 196
6 73 186
63 15 134
48 94 148
50 84 143
21 170 351
94 142 243
47 95 240
24 19 51
26 118 149
20 111 141
26 12 45
41 131 328
62 123 206
42 70 216
5 23 65
1 6 138
82 30 120
11 131 199
25 13 147
47 34 127
18 190 228
87 196 318
10 21 137
73 77 175
66 117 191
9 143 299
61 135 364
31 110 155
23 152 360
48 70 124
100 192 294
20 87 124
61 111 177
37 91 129
25 39 133
41 18 249
58 27 191
3 200 249
1 76 89
20 43 103
84 161 294
71 46 130
15 98 272
32 196 231
91 103 365
20 58 93
67 103 212
22 188 216
44 26 199
91 57 158
28 162 299
29 14 150
20 96 125
72 187 282
35 64 137
47 108 187
28 104 157
32 62 110
10 185 241
80 1 119
87 111 248
56 47 111
98 169 304
94 16 155
66 167 233
29 200 378
92 63 199
74 86 185
99 111 284
70 60 151
40 133 173
69 81 152
98 64 319
16 31 51
87 126 240
74 177 280
87 47 150
50 96 168
92 39 138
24 182 213
59 34 99
78 80 340
92 54 265
64 158 373
75 103 186
79 23 110
35 42 95
61 168 388
26 132 185
64 82 146
40 127 167
40 75 147
94 46 326
70 68 159
33 140 179
18 138 165
51 124 182
92 20 119
40 81 139
2 8 15
82 118 220
54 150 218
84 100 222
57 30 135
69 194 263
82 91 175
78 14 128
26 53 84
6 164 175
81 180 268
5 179 206
74 76 160
45 81 145
53 38 91
12 167 229
60 195 270
71 155 258
90 47 187
92 68 204
12 17 145
5 97 229
57 106 166
22 88 305
69 29 153
28 82 120
96 154 266
65 144 262
96 22 251
38 163 219
