770
10 65 89
12 58 70
17 190 231
37 25 214
98 61 168
61 61 289
11 188 205
42 89 148
50 2 58
10 15 190
41 72 121
70 47 123
34 134 176
40 105 183
16 57 205
95 49 148
51 102 189
93 69 172
42 45 163
42 81 159
13 33 93
83 38 294
72 33 145
36 74 143
21 12 90
98 117 219
73 35 151
65 166 255
66 87 159
71 58 134
58 133 242
95 124 227
20 102 125
32 68 264
31 118 195
67 185 263
19 154 174
10 75 90
49 12 85
63 197 260
80 161 278
33 81 118
52 121 183
53 29 126
5 29 57
21 126 154
29 20 55
88 115 205
14 40 71
15 176 214
55 124 197
42 172 237
70 131 248
54 112 197
24 74 200
70 83 334
14 66 81
40 174 217
8 21 62
3 190 196
82 5 276
1 57 79
83 48 131
91 68 187
61 107 306
26 145 179
78 79 166
63 182 292
67 53 169
44 165 212
95 158 296
2 25 153
24 56 85
39 108 155
47 133 180
21 62 112
89 200 295
4 39 215
72 111 203
67 198 285
13 2 54
45 56 116
35 6 43
96 179 397
55 95 178
97 83 185
55 90 155
66 21 93
57 83 166
72 173 266
38 197 237
81 36 249
96 57 211
48 174 225
19 58 111
20 179 367
86 21 124
64 35 100
53 110 171
31 45 81
7 188 214
18 193 284
16 182 205
22 154 182
41 117 336
93 96 318
35 188 224
9 136 153
62 124 304
56 32 278
30 121 157
72 33 115
63 66 159
94 103 200
75 126 231
87 47 320
25 55 159
87 189 281
13 93 282
1 185 190
100 186 291
83 138 256
29 63 118
31 155 197
90 172 272
87 181 275
62 81 188
97 89 199
56 7 73
47 109 296
70 180 299
7 10 53
70 33 108
95 55 329
78 45 166
91 4 103
82 175 259
70 125 224
84 151 236
57 55 116
41 110 161
38 149 189
93 37 157
29 93 129
47 143 199
42 152 194
52 131 378
48 10 208
64 72 277
50 80 163
86 188 450
15 100 124
22 88 115
98 197 317
82 134 217
16 70 97
33 64 106
64 29 103
23 52 117
65 16 82
18 178 230
64 114 250
2 88 90
37 115 251
55 58 185
57 177 243
78 54 197
87 117 228
25 146 180
51 190 315
85 61 182
9 46 151
30 151 345
53 95 242
3 28 31
36 59 113
30 32 88
13 140 162
83 129 249
17 82 200
32 176 234
14 170 211
33 160 200
38 42 85
21 173 201
90 105 238
94 98 196
75 158 358
40 137 223
17 193 221
31 76 114
49 200 339
71 67 181
73 55 133
52 39 288
92 145 411
58 75 319
54 27 89
18 150 353
65 199 272
80 113 234
79 152 405
83 115 321
35 163 200
97 103 332
19 111 152
53 200 255
60 29 123
9 83 108
97 24 166
38 71 115
59 87 191
84 103 196
30 10 48
73 176 251
76 63 232
11 43 63
85 2 97
99 82 231
67 172 418
15 66 231
100 19 143
2 97 139
47 189 415
47 66 217
60 58 127
4 28 36
63 200 265
86 129 253
15 47 135
7 31 47
71 49 155
100 46 151
8 166 277
55 4 69
52 94 173
45 157 206
21 48 220
31 97 130
89 115 214
42 177 262
43 180 321
78 25 151
90 86 219
12 3 21
15 138 176
7 141 158
86 148 244
78 17 105
35 54 117
42 102 146
84 158 304
12 63 80
87 75 227
24 105 173
4 127 138
7 196 241
9 89 99
97 68 300
58 145 210
12 17 36
85 27 122
79 55 163
81 89 172
74 19 238
27 5 39
48 93 149
55 101 156
17 75 289
15 151 221
30 159 211
70 45 119
7 77 118
67 48 123
94 182 347
39 0 41
95 163 455
47 47 119
33 181 220
63 149 215
32 125 232
5 17 120
16 38 56
1 94 138
20 102 258
40 35 77
56 43 267
33 161 330
88 110 201
44 153 387
95 75 171
94 38 138
64 177 248
82 19 109
81 153 242
88 111 200
33 175 212
47 190 262
65 47 120
3 32 38
98 21 121
63 45 118
12 36 61
66 76 145
66 41 122
93 8 103
85 117 207
5 102 118
48 141 192
76 118 335
96 182 356
2 26 38
84 191 279
68 101 170
93 175 429
86 9 99
38 150 216
49 195 277
32 198 254
73 54 129
46 139 231
66 146 249
73 194 295
76 62 277
46 17 262
96 198 294
86 21 116
98 145 275
78 177 392
63 109 310
33 58 94
72 150 222
4 169 198
7 112 119
98 49 149
18 98 186
81 18 106
9 176 194
54 80 177
76 175 350
31 189 225
3 121 126
36 198 235
61 117 359
25 20 53
26 156 191
88 84 214
12 2 47
95 60 159
76 157 274
99 190 289
60 114 218
22 37 98
17 58 224
65 83 307
42 70 118
82 119 211
92 141 306
43 16 106
58 29 162
47 22 121
22 165 190
38 136 208
7 39 111
22 57 84
72 169 328
91 180 281
74 117 324
45 197 285
57 176 240
19 174 203
77 96 263
31 74 111
1 17 173
18 193 223
62 79 268
47 129 305
70 187 260
5 63 163
79 20 100
31 186 225
23 62 198
7 92 100
5 51 61
97 36 137
7 192 204
22 144 167
10 123 135
53 56 141
90 9 103
77 142 222
66 125 219
43 36 85
3 179 192
58 54 296
15 152 195
97 75 308
48 11 68
94 75 339
6 54 107
90 85 184
39 135 187
83 192 334
39 99 235
9 111 261
88 42 171
80 92 181
75 163 364
16 83 105
68 98 173
47 19 83
2 142 170
85 171 256
6 54 62
9 56 225
57 88 179
30 96 132
26 68 95
30 139 362
63 185 331
30 120 198
90 1 100
41 16 66
51 136 197
79 16 98
29 163 286
8 191 206
4 75 85
18 85 110
89 43 137
100 167 274
99 131 233
92 98 227
100 141 373
37 98 151
6 46 122
64 8 87
40 59 105
6 16 25
69 26 105
69 70 177
90 116 210
35 30 70
85 2 94
33 29 66
97 60 195
10 61 195
34 82 225
77 67 152
13 37 70
1 135 307
20 149 358
33 136 296
32 99 137
28 161 216
86 54 140
88 88 176
26 54 81
64 69 143
26 3 78
55 89 169
67 87 156
11 170 187
1 182 186
94 97 285
29 52 84
91 179 346
17 41 241
75 129 337
79 41 128
58 111 213
95 115 233
5 35 127
77 39 126
20 133 154
30 92 124
57 138 198
56 8 109
46 128 200
99 13 264
7 6 169
77 31 108
21 97 123
45 74 122
40 195 261
81 107 280
96 45 166
51 176 231
29 120 284
19 111 131
77 47 215
5 180 197
98 139 405
32 117 243
74 38 158
28 54 85
100 197 328
55 180 419
39 4 70
12 162 178
71 160 382
48 150 222
98 166 273
56 77 139
91 70 337
68 152 277
27 147 188
63 135 364
23 168 201
88 31 160
74 30 128
31 36 221
49 32 163
2 58 69
98 164 262
39 194 257
23 129 182
96 12 139
79 125 204
13 116 177
30 191 238
48 58 136
89 79 186
35 41 85
75 179 297
75 156 239
84 177 310
1 47 64
48 173 315
32 72 240
11 35 46
79 138 247
32 153 191
99 187 456
9 179 208
83 92 178
35 56 179
52 112 357
79 39 261
56 194 250
40 122 187
45 91 143
75 2 84
91 17 132
99 158 259
72 77 178
95 124 414
54 11 109
55 130 202
60 14 83
58 171 246
29 112 170
85 40 173
66 108 312
10 35 192
77 142 415
45 186 240
42 75 130
86 113 204
39 51 103
49 157 215
60 77 160
26 178 246
74 196 312
9 134 156
50 135 192
99 194 399
43 151 236
64 84 175
23 85 226
93 167 265
81 123 246
71 173 247
34 57 141
64 180 284
30 190 225
57 146 316
18 98 121
45 136 203
93 197 291
83 58 141
51 110 258
57 44 185
12 152 205
4 38 90
97 105 209
52 52 114
73 10 85
50 164 221
71 172 247
19 171 196
42 151 196
59 147 250
96 169 323
71 62 201
88 60 315
83 56 143
64 36 271
61 51 155
57 151 218
42 74 165
16 189 214
88 138 326
100 173 280
36 124 168
24 191 217
4 178 239
53 86 236
86 88 179
60 79 179
58 28 107
7 73 169
3 12 17
92 174 324
48 147 237
49 177 255
8 63 81
33 182 220
47 134 202
17 90 128
70 21 136
70 158 332
8 46 64
43 193 246
92 9 134
32 95 158
80 37 141
89 139 260
61 110 269
6 33 59
34 114 268
27 87 154
28 75 117
12 94 114
33 119 154
70 156 228
46 97 151
2 31 165
51 123 206
72 79 319
50 74 130
18 85 116
40 25 174
75 29 296
67 135 313
84 46 143
54 0 64
42 101 153
46 166 215
12 63 240
17 42 66
100 86 195
42 99 142
25 168 197
29 174 217
51 128 186
23 61 219
53 59 294
48 47 130
28 136 312
98 189 335
51 168 225
4 142 304
15 102 165
75 69 289
40 74 137
51 74 156
22 133 191
22 81 109
97 143 285
49 192 242
74 16 140
97 23 166
81 152 236
62 32 194
1 173 180
39 28 74
70 144 221
53 54 137
73 110 193
32 102 137
50 79 132
50 113 167
90 170 261
64 196 264
55 138 261
15 99 120
88 159 257
87 129 217
92 86 184
2 62 221
84 77 167
67 173 373
74 20 140
14 167 284
37 83 121
26 159 304
43 152 197
34 136 216
40 25 65
8 7 66
12 30 52
8 159 167
38 51 131
22 24 214
90 150 240
99 90 189
99 189 332
44 106 159
2 80 116
57 133 206
78 1 80
14 176 208
77 105 305
42 4 66
27 69 119
84 60 219
8 95 110
11 68 88
9 41 68
48 22 77
34 30 84
24 80 106
10 129 227
1 76 171
5 35 40
22 116 187
21 100 207
93 179 308
4 17 22
17 21 38
36 18 84
36 21 64
75 168 292
89 61 247
75 125 216
97 186 291
93 195 312
42 46 125
55 60 115
27 9 71
12 125 147
61 47 122
1 26 161
98 134 245
8 75 90
73 190 390
66 115 208
97 62 181
55 195 284
94 10 154
35 125 286
40 117 158
73 188 270
78 152 239
33 166 211
15 175 267
66 160 244
25 75 152
24 153 180
14 18 56
36 75 151
48 88 172
53 95 155
18 111 151
47 197 256
27 147 174
45 156 284
67 123 211
52 54 264
