860
97 66 163
51 77 159
90 199 394
55 164 222
73 77 152
32 127 164
64 48 119
67 54 126
98 142 241
11 45 63
38 198 236
34 109 275
74 44 151
18 76 97
36 67 108
33 41 122
16 184 203
3 108 114
47 186 276
9 5 66
100 89 198
10 37 65
68 110 199
29 57 87
37 175 232
33 56 89
94 169 283
36 118 241
28 71 137
50 107 170
34 35 78
84 2 119
39 49 93
85 190 277
25 152 300
59 125 219
60 160 366
22 174 245
24 134 169
50 32 82
73 179 295
49 97 154
97 84 188
55 166 229
64 21 118
66 1 68
79 10 99
74 61 232
97 0 101
16 7 33
62 63 160
19 151 198
44 92 139
19 34 62
55 56 116
9 98 141
100 190 306
32 146 202
78 113 195
44 150 196
16 92 116
6 174 280
47 130 181
87 188 278
34 180 229
90 18 155
77 99 177
74 19 93
87 54 291
35 105 144
5 48 86
97 171 276
21 0 27
33 169 242
84 67 163
35 70 294
66 76 223
68 155 264
27 63 145
71 59 132
96 171 294
71 91 172
18 136 254
62 38 106
40 126 168
26 118 179
50 91 159
31 186 246
94 90 190
5 65 99
29 73 107
48 3 51
98 161 268
68 114 284
11 125 266
22 123 155
75 98 177
11 191 211
68 112 298
35 133 187
36 24 69
22 176 329
17 103 149
45 119 165
61 183 357
84 167 284
43 122 196
31 31 70
63 83 150
24 49 79
49 177 227
96 95 211
25 21 73
80 97 178
67 104 172
43 139 273
52 2 59
53 169 271
82 13 140
90 27 306
24 131 344
72 129 241
16 170 194
74 83 199
20 60 88
10 7 20
2 200 210
50 91 149
55 182 390
24 187 260
91 85 263
99 166 269
36 22 60
24 21 74
92 6 128
93 156 294
1 65 242
11 68 110
96 1 107
3 153 156
20 191 230
5 166 177
26 11 55
42 120 241
83 146 262
54 51 110
38 61 101
81 185 404
76 65 188
50 51 120
87 92 183
58 5 259
89 13 126
52 51 135
14 62 166
26 82 276
46 59 117
47 155 204
63 17 267
22 11 41
4 191 226
22 183 226
36 143 363
53 26 117
92 106 308
13 72 221
36 13 83
78 129 250
17 4 22
90 79 190
27 80 213
37 189 228
43 99 147
99 79 179
66 139 223
96 127 232
12 56 127
48 48 133
83 75 182
41 133 353
80 175 297
25 154 189
47 161 212
48 42 101
63 154 379
28 117 174
29 103 140
4 68 118
47 27 76
40 88 141
61 7 72
63 53 166
73 162 249
98 90 198
5 181 370
19 84 109
91 39 137
96 155 258
72 145 224
8 107 117
76 162 245
35 25 62
55 161 217
87 197 460
5 119 164
95 88 189
16 71 114
19 121 225
11 119 136
60 13 81
90 111 336
8 16 25
73 17 116
11 59 204
71 10 83
57 159 239
46 90 317
88 166 423
88 41 143
56 198 266
23 166 191
5 83 155
99 154 440
87 52 147
92 103 232
3 22 29
66 168 267
48 185 235
16 115 165
58 127 225
81 140 245
88 137 353
15 101 126
95 56 152
82 3 90
39 145 326
82 83 194
39 5 227
38 148 233
23 68 125
82 83 169
43 133 186
74 181 339
65 8 119
80 193 435
27 85 234
65 99 173
35 50 126
40 131 258
56 13 69
5 96 125
73 164 246
16 67 83
44 2 49
91 89 360
38 84 185
17 114 145
59 4 73
70 117 187
71 69 149
4 72 106
52 193 335
71 124 200
50 152 218
68 128 205
76 45 128
69 57 135
45 31 144
88 136 227
55 33 93
70 163 275
88 146 239
49 21 214
13 69 84
46 157 210
62 154 225
63 97 201
6 18 215
19 91 309
61 158 223
20 178 207
36 134 205
89 15 284
37 110 157
72 133 206
35 66 109
7 80 87
62 73 167
78 187 269
29 69 107
75 18 105
75 139 220
94 101 201
86 105 199
64 87 343
4 105 109
66 133 239
62 145 219
33 67 107
72 126 274
79 46 134
35 158 200
28 84 139
8 68 123
72 127 339
42 178 237
24 169 196
93 113 264
24 1 40
28 159 192
17 157 197
98 15 136
1 60 71
78 24 255
62 105 212
1 117 123
100 0 158
24 25 49
24 38 178
97 100 207
87 9 101
87 118 248
58 50 220
88 29 124
33 85 127
27 88 128
22 3 33
47 76 129
86 99 192
15 177 197
4 154 335
97 60 160
2 165 203
58 123 181
25 143 174
55 140 209
84 50 214
28 86 122
39 147 195
27 195 270
71 9 247
98 198 297
66 25 117
38 54 218
19 145 179
57 50 144
81 15 104
68 198 269
33 68 142
20 15 77
41 10 190
86 108 196
5 188 218
41 98 146
68 36 114
35 106 189
36 114 159
4 118 128
30 145 176
83 58 161
37 54 96
44 50 142
3 33 45
93 49 145
59 196 336
44 88 136
11 29 76
3 98 142
88 107 218
14 178 242
80 27 129
1 89 106
18 107 165
20 128 156
89 161 252
56 29 94
53 117 258
13 64 90
80 102 192
90 102 232
82 189 279
85 54 146
92 17 140
57 39 109
4 110 166
47 56 297
58 186 252
52 14 85
72 173 254
60 88 157
61 112 245
49 78 129
47 173 253
3 108 144
69 25 97
23 79 103
10 127 191
61 112 272
74 178 253
35 63 130
87 177 314
77 59 146
94 142 239
26 81 200
99 42 267
23 127 156
32 91 123
43 160 210
37 86 123
51 41 171
20 106 136
51 160 357
19 8 67
62 158 273
37 98 183
27 106 143
11 163 177
39 41 159
43 175 218
6 41 47
50 149 202
11 142 170
77 184 271
23 62 162
35 179 216
95 72 300
42 81 175
64 170 267
57 28 91
4 38 45
79 183 348
32 130 172
28 128 159
93 121 257
11 51 73
83 53 140
49 113 163
94 13 133
33 91 133
77 55 142
79 135 217
13 10 27
15 130 176
35 60 253
12 82 131
23 140 172
31 23 230
41 119 166
81 106 188
92 130 234
72 139 385
45 9 92
81 188 283
5 60 65
97 107 230
35 153 256
19 112 217
90 109 248
33 31 124
10 25 40
54 2 69
98 50 195
31 89 124
20 76 158
91 125 251
23 79 116
82 69 158
63 70 168
40 110 170
4 8 30
95 144 243
14 138 197
37 138 226
53 168 338
22 63 94
55 6 80
100 117 336
62 64 281
65 196 307
6 166 216
92 37 129
50 73 146
35 133 171
70 129 218
52 144 392
91 115 382
19 139 168
94 157 273
62 107 173
18 171 194
12 126 138
38 22 67
99 71 290
43 64 288
25 180 221
30 197 370
4 56 70
14 193 211
15 4 60
27 63 144
23 62 93
67 82 275
32 109 144
90 142 381
84 44 291
6 81 89
17 112 137
52 131 187
41 123 195
75 14 92
27 106 174
51 64 144
11 149 170
12 166 178
68 49 127
4 118 156
49 130 184
12 196 210
30 71 110
49 180 236
33 38 92
91 154 248
82 130 375
21 49 218
55 72 290
54 155 209
84 183 359
34 38 100
65 192 450
9 163 172
99 28 146
16 169 217
76 102 181
93 41 141
38 129 192
64 65 192
99 108 213
80 98 222
34 120 164
64 65 147
86 67 201
13 141 176
12 86 103
35 128 212
15 130 310
11 135 173
24 116 160
84 149 237
7 134 159
25 58 161
5 16 21
86 198 342
68 183 261
4 93 288
34 195 256
24 165 309
28 30 95
12 88 272
33 39 110
85 47 138
58 95 163
42 28 71
42 96 314
46 32 100
26 167 241
82 140 223
96 21 267
84 89 177
69 187 261
80 41 157
10 181 325
71 64 136
93 159 258
22 53 83
45 64 285
18 21 68
90 2 180
2 43 67
59 128 222
7 160 219
89 120 250
27 67 103
45 41 90
89 159 288
32 10 57
67 112 180
72 79 162
13 93 262
84 101 187
5 172 208
36 123 164
38 146 194
79 175 254
19 44 63
39 88 151
49 26 113
95 25 160
83 4 208
94 34 133
63 63 151
25 117 179
87 112 249
51 65 136
91 153 407
13 42 116
72 86 237
82 157 242
61 96 161
60 31 101
10 95 295
65 89 168
74 193 276
10 61 102
20 55 80
100 7 110
93 99 194
49 42 95
7 32 166
32 41 117
58 134 379
31 103 163
72 39 115
18 132 303
54 122 183
42 117 164
56 86 162
6 23 49
74 163 245
35 126 162
33 183 374
33 172 253
75 5 81
71 105 189
62 171 274
51 69 160
53 20 80
33 136 341
1 21 31
88 179 299
16 102 133
63 126 260
56 55 116
26 0 66
86 40 128
53 39 201
66 53 153
22 21 150
86 39 143
52 139 331
15 180 198
98 38 137
93 143 285
61 65 138
65 160 255
33 103 158
42 97 159
8 186 222
75 67 210
23 31 58
17 189 349
74 26 100
7 30 45
3 35 137
82 70 174
53 19 82
26 114 180
66 166 233
61 87 196
51 197 248
10 129 189
6 102 108
17 144 240
78 194 272
61 34 182
59 61 150
28 104 134
20 147 259
49 9 90
96 170 270
36 5 43
100 152 269
11 2 21
33 156 215
72 5 85
26 48 82
63 191 281
63 3 70
35 156 266
60 5 74
76 123 203
92 83 180
30 142 181
43 110 160
63 112 367
31 35 116
4 46 55
91 35 132
48 98 287
57 157 268
99 114 345
77 143 257
63 34 107
80 48 134
63 149 270
72 154 257
29 192 226
47 130 182
25 184 221
8 198 242
9 22 62
65 51 125
47 172 250
44 73 142
51 18 91
6 180 234
34 6 87
41 174 222
53 49 159
94 180 359
24 2 27
58 87 161
43 179 322
7 152 163
41 60 109
66 123 197
63 126 206
22 81 113
57 199 277
74 160 238
26 93 319
91 3 102
27 1 63
96 81 185
13 66 85
64 115 220
74 73 183
34 70 122
73 121 204
42 124 174
80 51 141
85 63 150
75 140 337
62 33 108
60 149 238
13 45 208
20 47 71
56 147 233
36 191 282
88 42 137
33 81 150
82 31 141
26 94 146
35 114 318
62 96 180
18 33 103
33 93 135
86 104 190
18 147 180
81 31 115
89 168 264
13 152 199
17 108 134
65 192 409
85 5 236
5 139 243
42 134 244
2 10 17
35 163 208
65 194 261
2 136 178
67 161 230
46 160 207
76 90 173
54 12 71
29 12 43
90 11 135
98 30 134
57 152 217
26 57 252
33 157 373
97 187 284
52 33 254
23 122 299
89 5 113
81 138 231
65 126 200
13 71 89
35 165 206
72 45 118
45 174 223
77 161 262
7 173 234
71 91 173
79 189 276
55 147 364
59 118 180
50 156 251
39 22 67
13 128 147
57 171 233
29 105 168
14 101 135
27 179 238
96 167 458
89 59 272
40 120 323
6 16 25
30 154 197
38 176 222
91 6 114
33 154 273
28 64 132
18 53 71
46 71 127
88 170 259
61 52 260
37 42 84
23 79 133
99 153 278
62 127 194
89 22 135
75 185 340
1 90 183
45 175 243
14 57 114
13 7 50
98 28 126
41 66 209
6 110 163
37 103 188
52 129 189
39 145 314
23 133 203
93 177 275
54 91 186
71 63 136
10 127 182
91 69 186
48 191 240
72 97 176
14 14 31
62 158 263
86 0 210
61 143 213
53 163 226
57 4 91
53 161 222
1 107 295
80 117 264
46 94 143
99 80 199
18 199 245
7 135 191
68 54 144
28 194 330
11 94 105
73 105 224
18 160 184
6 50 58
16 69 210
