610
87 43 286
89 71 160
50 93 144
46 82 174
42 164 210
20 152 186
34 180 382
56 160 243
75 86 171
42 22 67
69 95 171
14 161 185
30 122 197
15 171 219
56 120 296
17 60 192
8 66 98
44 144 193
4 126 254
86 42 224
58 89 152
10 19 69
22 41 263
14 23 153
68 177 273
38 41 106
63 168 284
85 101 259
80 105 209
32 186 242
83 30 214
33 101 156
94 3 102
38 103 290
23 193 216
60 25 89
2 192 220
92 165 329
33 168 206
25 100 147
20 183 235
83 60 189
98 194 384
3 165 172
22 162 370
62 173 275
33 7 176
85 56 203
56 99 239
54 194 296
91 21 118
85 52 143
83 66 172
95 52 194
37 185 256
5 122 178
82 122 208
84 133 266
38 38 203
47 197 270
17 41 93
46 113 240
1 2 5
94 196 387
72 80 332
8 66 75
58 178 245
56 118 181
69 158 243
17 186 251
54 158 216
67 92 240
91 36 246
95 136 288
96 16 149
59 35 143
97 192 332
89 154 245
24 175 241
31 104 140
69 49 173
49 3 208
99 151 253
75 188 298
85 195 307
76 1 272
32 173 222
1 48 92
24 87 129
6 181 290
70 49 135
36 192 269
16 11 39
72 49 134
18 129 159
70 60 137
6 187 216
91 29 277
100 12 160
37 133 177
42 56 119
78 15 133
37 115 243
25 188 353
48 176 238
13 21 43
36 35 81
48 119 211
60 95 160
30 195 239
93 117 343
2 1 23
91 75 166
68 184 271
93 102 318
63 68 138
77 170 247
67 125 299
67 122 255
2 140 184
39 38 147
81 78 168
26 149 182
66 200 267
40 197 243
27 131 167
11 2 59
83 133 345
69 144 216
81 128 268
27 129 191
47 93 140
74 98 173
80 79 320
52 143 224
86 67 155
7 186 268
10 8 99
82 4 90
71 92 212
24 85 192
71 58 166
16 122 315
14 65 189
7 52 60
7 12 23
48 140 198
2 0 11
51 138 198
76 102 187
17 180 206
6 138 149
75 91 171
42 161 205
91 199 300
71 62 137
93 105 225
21 193 239
14 45 202
60 159 229
52 54 135
1 120 317
88 134 258
64 54 270
59 155 215
64 79 270
40 69 114
61 23 91
54 166 221
92 82 177
51 66 293
99 110 215
73 121 200
64 10 97
99 166 405
92 163 257
73 172 251
58 54 115
85 68 160
57 27 110
90 186 286
47 118 169
67 16 131
95 154 349
100 90 198
88 84 172
99 76 183
81 15 261
94 62 159
93 13 106
3 44 54
6 165 172
51 97 155
56 97 226
80 177 302
61 111 219
87 93 342
61 39 130
63 119 187
32 127 214
50 45 131
69 24 101
40 151 200
27 33 151
37 29 75
40 188 229
74 8 130
40 74 121
25 80 111
63 176 275
99 115 231
97 75 178
57 180 266
77 197 298
76 112 335
94 168 301
29 159 234
32 49 89
68 39 227
22 121 185
77 45 123
19 20 221
100 49 191
50 175 226
63 124 187
93 17 201
2 25 51
64 49 240
92 90 364
1 87 253
37 100 296
92 183 282
36 112 158
87 185 272
99 155 264
51 113 174
99 72 224
55 149 204
91 24 117
31 146 185
34 51 117
28 175 246
35 159 202
58 135 241
84 165 385
33 152 227
8 0 130
14 182 323
99 131 288
63 166 304
17 63 166
22 113 231
97 61 179
52 152 204
67 32 102
38 28 71
35 17 193
60 19 83
94 140 277
86 98 195
71 79 160
10 75 244
100 23 148
58 82 153
56 114 177
53 110 253
86 98 187
38 0 201
64 66 169
32 115 250
31 58 100
43 73 236
34 120 161
24 12 52
74 37 118
50 100 198
25 170 204
26 178 347
84 146 275
34 148 225
88 126 256
48 11 61
97 171 276
97 191 295
7 160 197
42 72 258
2 105 113
90 40 135
90 49 249
26 42 75
76 123 209
98 79 183
73 70 151
46 179 230
52 71 239
3 183 196
93 15 113
20 131 200
92 88 189
81 116 200
63 64 136
17 138 268
89 133 338
75 14 179
23 101 127
86 101 203
51 25 239
15 183 199
65 76 156
43 36 89
11 127 235
83 185 273
89 136 233
78 180 320
33 145 187
47 133 180
35 171 397
4 177 190
54 47 101
88 112 203
89 34 129
32 187 229
70 133 204
77 104 286
44 164 293
92 142 432
23 148 205
52 78 131
88 49 158
80 5 234
30 111 151
64 188 311
84 187 380
19 156 179
6 61 72
46 79 131
91 191 313
8 55 67
59 69 129
3 84 87
66 173 245
56 188 252
33 33 71
75 67 249
90 121 262
88 136 249
16 98 124
27 185 216
32 76 170
56 191 254
55 55 114
54 73 200
34 173 215
57 91 189
6 132 175
49 121 175
68 9 95
96 182 444
30 99 321
54 32 233
23 191 218
24 170 219
65 70 148
44 10 60
58 79 337
42 151 203
38 154 322
55 46 117
47 140 187
73 87 166
89 194 311
7 76 116
47 112 202
35 61 106
68 153 271
79 6 86
65 65 159
56 79 209
25 142 176
9 107 154
95 83 338
13 49 219
64 185 443
4 111 281
11 134 152
24 127 332
70 5 102
55 153 214
78 80 164
88 114 208
89 143 269
39 29 77
24 141 233
55 156 238
66 85 314
45 161 206
75 131 210
57 160 241
97 103 204
67 176 279
6 107 123
12 7 159
17 114 138
87 11 148
41 69 119
93 61 289
36 169 208
17 13 193
12 81 273
14 73 101
8 159 362
100 34 134
13 27 47
57 55 144
7 108 119
7 141 157
23 56 120
81 143 229
6 178 262
97 32 144
80 65 156
26 76 153
92 158 287
62 87 157
81 70 311
90 19 205
40 24 65
58 131 197
26 162 189
20 24 54
43 139 227
40 50 122
51 171 263
82 100 327
100 25 133
28 104 312
34 181 215
62 116 201
52 31 150
43 182 257
50 114 311
16 183 207
34 86 127
47 36 92
6 31 47
29 49 207
44 109 157
30 27 73
94 157 259
88 3 264
74 135 348
53 196 264
12 68 86
55 159 282
79 90 221
74 75 226
28 131 183
45 92 146
62 200 395
23 116 148
20 82 108
6 122 165
2 33 65
81 58 149
90 58 285
100 177 315
2 156 249
19 195 220
89 113 224
60 103 169
61 63 293
94 109 381
70 24 99
37 118 157
42 69 168
36 54 90
19 166 189
75 34 170
28 55 99
27 66 285
69 157 229
96 7 117
32 155 246
27 154 202
70 140 398
95 141 246
70 151 230
24 58 153
59 105 170
82 189 423
27 107 143
80 101 187
7 165 229
7 168 187
60 190 257
97 93 293
63 150 292
66 176 284
8 182 223
85 89 178
7 198 232
89 103 197
54 52 136
93 197 396
67 122 198
77 195 282
62 25 127
26 198 227
32 160 194
20 182 224
35 140 175
56 165 222
68 125 196
16 89 106
6 192 203
32 26 90
90 160 250
4 15 27
30 107 237
89 159 336
7 65 97
44 108 155
34 23 67
94 28 172
88 24 160
50 43 98
81 152 238
13 40 64
1 113 246
16 180 233
2 83 88
63 55 261
11 116 132
14 73 238
32 37 119
40 191 240
47 138 369
67 112 212
37 81 305
94 152 304
84 38 124
40 37 121
49 17 97
63 89 159
21 141 208
1 199 384
11 81 120
63 82 148
4 148 170
35 51 87
50 106 184
85 34 168
64 137 242
10 135 183
75 125 328
56 90 154
3 199 213
5 111 118
17 111 145
11 152 207
66 76 219
5 127 291
1 197 213
86 137 402
5 10 128
17 2 22
62 86 178
78 146 227
89 107 199
23 156 212
32 43 180
79 83 171
87 155 255
67 194 395
46 94 142
48 87 185
32 85 123
20 83 118
64 134 220
55 82 158
50 111 163
48 15 116
37 134 180
89 122 212
38 175 217
77 22 110
66 71 234
2 113 189
26 131 181
30 1 61
92 51 151
82 157 248
15 35 100
88 82 190
60 105 254
58 186 249
37 101 194
38 164 212
12 24 94
12 200 259
28 11 107
89 94 213
74 56 168
16 83 100
19 89 201
84 55 216
86 93 305
28 125 161
50 55 131
14 171 275
