190
79 189 275
83 63 148
17 137 163
61 188 259
54 161 405
20 72 232
71 195 451
83 110 202
45 171 320
25 94 230
82 23 113
65 22 100
2 139 151
28 35 138
96 162 270
23 188 218
34 174 258
83 180 457
98 21 129
63 95 164
98 8 137
47 42 126
25 149 334
95 142 244
50 95 192
36 134 174
29 22 80
100 143 252
17 73 271
40 155 239
85 5 153
19 32 60
68 190 321
30 165 200
76 127 321
37 159 214
76 3 81
96 145 289
19 94 148
93 27 143
6 152 178
11 91 131
46 22 76
22 92 123
28 147 181
85 59 164
70 84 160
7 187 203
18 9 46
77 84 166
49 160 212
51 70 126
18 128 185
66 66 134
83 43 136
80 175 265
73 124 225
38 45 203
57 26 150
29 148 181
17 104 127
22 147 169
46 181 237
78 148 260
67 9 120
84 11 174
56 28 109
52 89 272
43 111 165
44 34 82
66 74 146
40 96 144
13 173 192
49 54 113
11 36 210
80 131 215
40 71 112
97 177 302
69 150 373
70 73 193
3 123 275
91 35 195
4 198 395
29 136 165
57 182 249
70 80 212
87 180 277
69 141 410
99 94 206
2 72 169
39 162 237
65 96 163
30 169 214
97 46 288
68 75 307
26 61 182
61 106 279
67 14 135
16 140 166
98 105 221
37 149 371
92 36 133
54 104 213
16 113 136
51 64 244
14 73 91
28 86 162
87 197 318
44 53 109
50 178 228
92 11 112
87 170 407
17 70 121
59 74 148
71 89 165
45 14 76
96 163 274
57 10 120
81 61 175
85 97 222
5 72 82
64 193 257
4 151 278
42 152 199
53 122 186
56 132 193
57 149 234
55 10 67
3 125 137
63 32 103
46 155 209
85 142 233
98 33 135
57 120 220
63 97 191
44 143 187
83 72 326
14 81 103
42 110 160
51 144 204
9 178 225
70 9 84
84 153 260
26 12 86
73 110 190
80 39 133
37 148 188
87 77 170
46 132 373
83 92 180
33 70 105
15 50 128
70 33 106
26 115 176
6 112 157
39 46 95
25 66 93
46 65 119
48 59 155
15 183 198
82 111 238
19 78 132
100 138 240
54 73 131
34 136 211
52 65 222
8 173 184
91 73 314
13 176 196
59 152 331
50 126 187
92 79 190
6 50 56
20 27 97
57 6 88
15 36 86
65 185 253
91 182 283
44 151 200
51 85 318
2 149 344
27 192 266
45 108 211
30 125 165
28 89 119
61 65 149
74 172 344
63 71 264
28 169 235
2 43 56
