480
12 7 19
5 46 54
56 180 429
91 193 292
61 193 254
31 166 357
42 24 136
6 79 110
50 78 136
39 80 158
6 32 42
45 118 191
55 134 220
81 140 315
2 120 154
67 127 235
23 82 107
46 79 155
14 121 171
69 115 222
45 133 180
24 130 238
85 86 177
22 29 56
41 16 145
33 167 220
20 99 122
23 77 204
40 124 186
1 135 169
52 127 231
68 24 131
82 83 211
36 106 145
83 177 261
32 137 217
96 75 196
84 23 118
49 48 218
12 45 123
11 189 205
65 197 262
51 154 216
23 104 155
53 197 256
75 150 226
50 102 161
34 127 183
20 121 232
69 68 165
33 186 256
98 56 161
26 142 218
100 158 295
82 159 250
68 11 86
35 12 85
57 123 183
10 54 105
57 82 304
54 99 157
70 172 437
7 142 188
54 36 122
43 43 108
23 160 187
100 93 194
15 104 139
4 66 71
43 117 198
50 77 136
71 148 219
79 170 419
21 61 115
53 117 172
72 68 244
13 130 199
25 14 66
65 174 258
2 27 63
38 92 232
14 8 48
28 150 226
43 143 190
59 14 116
13 9 53
23 12 44
63 122 256
92 26 206
47 178 364
65 58 182
24 51 161
44 42 105
63 161 229
52 131 188
5 68 80
87 40 196
80 9 89
26 138 170
60 141 206
92 16 235
90 28 133
16 22 46
34 14 86
47 10 83
37 3 188
8 107 123
16 56 204
35 11 53
44 103 149
76 125 222
72 36 110
22 8 54
100 64 170
24 179 208
31 175 237
14 74 130
63 151 365
100 123 227
57 52 113
26 34 141
30 84 119
30 148 209
49 154 259
47 26 81
49 56 223
89 78 193
89 156 295
37 137 231
36 104 212
48 127 202
14 18 43
83 83 298
51 78 302
54 22 83
41 106 257
20 177 373
72 45 150
50 22 98
55 59 286
95 49 175
35 189 229
34 40 74
29 83 149
28 14 81
58 98 204
66 146 221
96 21 119
89 0 97
3 100 116
36 143 179
11 107 126
86 93 184
16 32 85
88 136 271
83 188 297
95 27 154
95 96 212
89 91 180
70 115 195
52 22 190
19 25 49
81 191 278
62 135 235
79 86 172
89 64 167
9 30 212
44 173 222
67 186 253
48 180 263
47 69 125
90 74 164
59 40 157
50 172 229
64 82 176
48 162 373
8 12 22
44 153 199
82 196 282
58 79 137
39 77 173
38 8 75
20 51 100
73 97 176
16 19 44
57 160 315
32 90 124
69 64 297
34 54 126
23 30 54
3 121 222
29 97 128
27 99 141
78 199 288
25 32 60
87 154 388
54 118 193
39 197 237
6 70 78
27 146 206
60 67 134
11 33 213
30 200 236
77 59 283
85 88 270
84 14 106
33 181 245
95 39 171
29 189 293
67 105 352
43 189 239
5 142 153
89 123 238
81 82 188
36 87 125
65 18 133
8 3 12
62 61 227
13 108 122
88 87 183
61 99 168
9 20 63
66 7 82
63 16 80
44 33 124
5 16 31
53 51 108
21 25 55
63 159 222
93 50 162
82 105 341
87 37 125
73 65 142
26 19 70
8 24 42
86 21 116
51 173 274
80 15 105
2 110 137
35 27 91
4 106 138
28 155 307
6 132 294
1 63 69
36 101 143
68 117 207
83 78 167
75 105 195
9 29 47
92 11 111
55 143 201
86 1 265
18 34 131
34 187 221
29 97 143
74 51 180
71 154 371
65 153 351
46 132 201
36 163 200
34 29 68
58 143 202
88 97 280
18 94 152
24 123 155
85 188 277
75 45 145
27 153 210
63 100 176
51 59 127
17 17 168
63 68 164
88 170 262
89 120 209
39 72 116
58 187 250
78 120 264
11 166 178
7 98 113
23 35 179
25 135 195
93 128 227
78 123 211
24 96 167
79 55 150
18 47 95
25 192 219
42 30 106
24 105 137
30 181 222
46 4 71
95 39 136
82 184 296
62 175 256
59 15 231
25 185 213
58 47 123
89 169 267
71 101 226
7 23 40
6 57 111
23 129 161
99 175 313
44 111 159
85 126 214
33 21 60
14 170 191
100 198 319
60 13 77
6 10 169
38 124 165
2 24 29
10 79 182
28 21 242
19 143 305
48 4 84
56 126 312
54 129 188
45 63 202
80 131 249
78 45 127
35 112 152
74 143 300
7 113 239
66 192 415
61 60 130
59 72 136
79 118 206
18 182 201
18 27 51
82 161 249
10 122 145
78 99 225
37 177 214
23 49 85
78 83 242
23 173 199
69 135 204
67 35 156
36 169 391
100 63 185
9 13 119
9 95 105
14 20 177
14 45 101
45 187 236
55 4 95
99 150 262
26 108 138
63 62 298
38 89 153
80 144 237
90 196 329
51 66 141
85 180 273
91 19 207
61 180 244
71 142 394
12 171 191
76 26 102
40 131 273
12 159 179
16 72 205
48 22 149
86 193 322
100 175 285
94 141 243
69 121 203
64 84 149
24 66 93
69 119 198
67 196 302
87 193 314
11 113 124
50 198 258
4 169 175
18 145 273
82 197 455
36 8 57
48 131 234
62 111 174
24 170 201
1 51 188
65 16 91
84 102 186
54 31 163
82 60 151
96 60 157
14 194 216
72 199 320
84 76 163
41 52 194
91 38 249
8 26 231
43 181 233
83 192 279
33 157 190
99 172 428
16 82 100
17 198 392
15 130 298
5 93 191
6 180 228
8 7 56
68 148 219
39 120 159
17 45 66
72 114 193
15 7 33
37 68 120
85 184 277
18 80 105
26 171 200
92 47 144
78 54 138
2 79 85
56 120 183
67 183 437
38 135 225
20 41 81
62 120 199
82 161 248
96 68 169
3 78 83
91 36 139
46 192 330
62 121 213
78 63 239
49 93 183
43 73 160
66 135 232
80 199 287
89 25 132
68 110 193
10 160 177
40 120 215
13 120 182
35 49 100
80 72 191
91 31 208
60 22 91
94 99 202
74 167 246
81 21 103
59 151 217
99 171 277
4 23 195
69 55 136
68 69 233
90 177 267
87 200 447
38 0 68
22 28 117
98 64 308
42 40 176
61 63 129
52 164 307
78 69 157
84 111 201
30 66 101
60 64 171
98 150 291
73 80 160
19 0 21
76 195 274
17 122 149
53 7 96
76 96 180
55 97 182
70 84 329
74 63 153
15 133 331
82 64 149
5 119 145
94 111 255
18 111 157
72 24 122
2 110 120
91 151 245
47 141 190
