650
5 158 309
56 107 222
30 161 347
70 166 265
75 48 169
81 141 248
11 110 129
5 175 182
59 7 266
99 144 349
76 168 279
76 87 306
92 154 281
39 150 210
95 45 148
32 112 185
70 100 176
12 160 182
57 119 204
56 100 198
48 164 295
12 35 49
8 172 193
93 116 212
30 198 396
66 102 188
25 62 87
30 104 163
6 80 108
71 103 209
92 44 256
77 153 279
4 116 120
65 100 175
64 171 236
26 60 94
24 68 97
95 146 280
76 108 188
98 120 380
67 47 120
68 199 429
93 153 248
18 146 213
61 165 239
100 61 171
79 179 332
54 47 216
30 52 91
61 77 147
52 141 195
85 182 387
73 193 272
22 123 153
76 153 412
70 84 182
13 4 23
84 90 178
51 58 124
14 65 117
54 135 235
84 131 216
46 162 211
60 69 135
97 134 233
48 83 138
32 132 169
24 136 184
98 54 158
46 17 72
68 155 351
64 188 339
34 57 97
67 131 228
60 61 139
5 160 191
79 81 173
7 51 100
4 72 260
74 116 197
20 79 114
35 121 244
10 69 82
10 125 138
1 96 106
74 23 104
37 103 170
6 50 63
70 184 255
2 23 67
59 19 86
44 1 72
60 28 117
10 156 264
13 28 50
22 170 192
95 104 247
47 57 109
20 158 322
79 196 303
29 53 143
62 12 75
100 153 254
74 183 260
13 84 264
90 68 171
95 58 200
82 7 242
47 190 240
72 168 242
42 194 252
81 28 185
59 193 260
64 53 127
48 173 229
79 160 359
98 49 180
41 167 372
29 195 270
35 152 191
53 47 137
46 148 281
62 50 119
60 99 163
31 48 111
30 31 156
64 100 225
99 114 220
65 4 193
53 80 178
52 199 335
22 143 265
34 11 89
87 149 276
21 21 136
21 136 173
68 55 147
62 117 184
68 44 161
79 151 234
13 137 198
28 175 213
10 161 188
78 7 95
33 82 204
36 196 281
28 105 315
6 10 16
84 5 96
87 175 374
41 96 248
99 178 288
21 69 98
60 143 203
35 179 217
18 65 83
90 58 157
7 56 109
82 184 289
68 155 368
11 68 88
39 80 127
99 51 192
92 164 329
88 101 189
3 129 149
99 147 247
93 100 219
16 12 33
95 179 278
91 34 173
6 88 125
57 195 347
65 136 382
10 172 193
69 57 169
66 80 230
80 53 143
91 172 264
65 115 250
13 27 50
3 36 52
62 78 216
90 179 271
20 199 230
67 147 405
81 35 152
29 144 220
34 178 236
17 42 65
45 136 188
90 150 418
59 172 377
3 145 154
3 177 216
39 144 195
56 37 130
58 169 276
89 74 163
14 164 194
10 132 147
24 178 208
47 141 196
34 162 239
84 76 186
45 156 251
77 179 261
73 133 226
81 126 220
91 185 408
75 15 97
86 23 114
70 69 140
16 122 161
38 45 92
20 183 246
2 144 152
33 114 264
8 80 136
38 183 222
22 144 171
54 33 111
90 157 250
92 182 282
100 174 290
47 186 265
16 7 89
35 125 171
4 129 313
9 141 278
99 11 118
3 150 162
55 4 83
28 31 68
15 68 87
33 67 213
92 103 202
93 49 143
87 33 153
31 75 159
16 99 269
11 126 289
98 9 159
31 183 229
38 77 172
21 70 135
18 60 85
87 156 267
67 29 97
29 28 66
72 86 164
26 193 253
15 82 100
81 18 119
75 148 232
21 51 78
22 158 328
73 119 200
52 16 118
29 46 77
14 2 179
87 194 455
76 94 178
45 5 231
65 64 324
30 166 240
46 2 213
18 72 126
62 5 71
19 86 165
39 178 218
25 173 206
21 124 166
72 122 327
26 106 317
87 68 193
19 114 151
87 141 228
67 115 253
96 160 288
99 21 127
89 147 246
58 170 241
21 10 91
10 70 204
93 174 273
37 182 237
41 105 156
15 64 117
65 51 182
92 73 243
73 49 165
23 199 352
87 117 219
80 116 361
18 199 242
95 200 343
52 137 207
74 183 277
52 185 311
17 25 82
63 107 233
93 150 277
62 75 205
6 160 208
56 146 246
5 60 120
4 182 193
34 97 131
6 31 45
32 108 321
37 156 225
78 0 84
52 117 245
31 92 125
43 14 63
16 91 261
44 38 96
13 186 202
19 168 209
28 19 67
65 185 256
17 186 213
31 113 180
27 137 185
90 75 169
15 48 261
83 35 118
24 132 165
15 31 76
70 79 164
82 33 120
56 46 115
67 96 256
100 98 235
49 155 228
77 107 204
53 120 242
17 143 224
9 9 19
77 101 186
49 55 123
3 189 380
52 180 232
30 18 51
92 176 318
44 109 179
6 44 98
97 60 299
97 65 169
94 68 180
8 57 262
54 105 209
57 172 258
52 50 129
70 155 373
19 80 102
30 93 234
65 146 228
37 21 69
96 182 381
65 25 263
8 46 66
7 44 58
86 111 205
38 74 114
16 162 330
37 76 148
51 6 65
90 23 115
71 90 167
22 182 212
28 193 268
72 29 104
10 32 82
31 147 185
24 57 95
72 160 237
86 113 296
98 170 312
75 79 252
37 59 124
70 67 336
67 10 248
14 52 103
92 188 281
14 13 69
94 27 124
92 122 285
5 104 301
68 95 236
46 51 98
98 31 134
35 68 104
43 150 197
58 70 128
37 129 183
2 183 194
8 96 109
79 159 268
27 141 170
65 5 93
62 108 170
73 92 349
97 195 300
91 154 250
32 37 81
97 129 231
26 53 94
32 74 122
49 48 121
36 169 321
73 26 188
34 46 99
13 60 267
50 168 227
33 4 58
98 103 238
17 192 219
44 101 154
13 158 299
65 159 320
77 87 185
58 126 185
86 11 165
63 159 264
80 176 265
30 194 229
28 153 191
91 182 282
1 104 297
23 155 298
57 5 170
85 198 316
17 151 205
41 55 283
39 137 183
89 83 340
81 3 99
91 130 366
99 14 161
30 78 172
58 93 156
4 193 203
20 61 96
71 34 237
99 154 434
21 21 173
87 132 317
89 99 277
26 93 309
6 130 199
22 73 100
95 83 337
40 90 184
79 151 389
39 57 126
98 52 242
7 12 27
49 111 307
63 13 80
2 85 97
93 100 299
76 76 199
90 178 268
47 175 222
88 96 191
66 120 188
17 170 220
56 148 298
22 184 207
33 35 69
58 89 184
80 43 128
3 70 136
49 156 208
84 68 189
23 111 136
26 79 112
51 26 105
50 66 120
84 161 338
18 52 128
60 134 284
80 92 179
87 116 212
59 55 121
27 89 119
13 127 150
3 150 206
70 63 155
99 6 237
9 157 213
81 132 215
48 37 94
4 59 106
51 141 327
88 82 175
89 103 302
72 70 151
46 52 214
80 67 190
33 182 327
68 7 76
62 94 201
77 141 218
100 17 119
62 138 204
21 164 194
31 69 101
16 186 228
82 106 196
100 176 310
89 95 186
22 167 205
98 53 158
61 14 83
64 104 171
43 151 202
79 138 225
70 75 183
37 94 219
67 148 220
95 187 286
56 174 234
84 196 375
85 157 247
84 12 214
48 143 199
59 150 407
51 79 179
38 57 122
59 63 163
74 103 225
28 59 106
34 24 104
95 93 236
73 72 167
85 13 225
33 132 167
29 106 145
93 99 202
3 173 226
23 200 343
57 118 353
23 78 131
16 190 208
92 4 146
67 58 134
55 131 286
19 107 132
33 147 222
79 109 188
97 49 153
52 174 232
98 62 357
20 136 172
72 70 142
6 112 123
44 34 84
9 143 158
22 154 247
85 45 142
100 123 413
91 151 247
63 61 222
32 185 311
50 191 265
50 197 415
92 158 291
26 175 238
36 31 78
40 55 253
84 75 178
9 48 67
57 35 231
32 123 177
8 27 68
52 198 281
59 122 181
58 200 312
76 33 225
6 15 45
70 5 93
9 44 80
27 130 163
54 29 85
10 155 173
50 25 93
55 184 361
94 10 151
93 153 253
83 16 105
22 80 113
25 134 306
18 145 319
57 192 286
73 109 337
45 57 131
75 129 311
32 113 193
67 194 299
55 155 380
50 79 151
4 103 222
87 20 117
3 175 185
60 159 265
37 154 223
71 81 174
79 91 180
54 95 157
100 194 296
25 118 150
71 159 286
47 161 217
31 82 113
25 121 339
56 92 168
8 148 308
85 59 146
65 161 266
59 181 303
43 35 84
57 193 262
43 22 114
53 76 131
65 66 168
99 79 210
2 119 121
100 144 373
33 181 383
18 124 279
52 200 371
83 66 335
9 71 211
96 191 291
7 4 12
57 12 77
9 33 51
22 0 73
1 53 58
3 143 261
54 172 226
65 30 131
75 109 189
8 173 182
25 60 92
86 103 324
15 186 363
