110
39 145 382
31 87 125
66 31 257
53 131 207
90 40 134
71 187 301
59 73 242
56 190 289
37 111 153
92 60 154
25 90 116
29 22 243
70 37 130
34 199 241
15 166 190
63 111 175
48 112 165
22 56 102
7 46 176
33 87 128
8 1 10
7 37 49
29 122 195
80 102 217
62 7 95
66 38 165
7 74 120
80 177 454
80 5 174
54 154 226
59 190 252
87 88 179
100 191 298
48 82 158
79 165 252
93 33 131
67 139 216
98 56 276
36 69 111
69 65 138
73 81 193
63 120 188
77 10 88
5 79 86
14 29 211
22 141 353
91 10 124
52 194 246
31 21 184
73 34 111
55 49 131
88 2 99
91 4 97
51 104 168
74 140 222
57 46 151
52 79 136
8 191 205
4 183 352
32 99 137
74 170 437
33 111 157
75 88 287
86 154 288
69 138 217
76 152 233
71 55 212
10 98 130
32 44 83
64 200 351
15 27 52
24 144 197
58 200 260
17 192 315
5 183 190
3 23 143
74 37 156
91 189 288
36 149 185
40 111 178
92 113 233
94 111 248
76 124 203
37 30 82
93 69 206
70 130 207
36 99 157
25 20 49
40 50 99
6 199 255
46 110 160
43 32 113
17 160 181
21 52 229
91 39 258
91 163 301
28 62 117
26 110 319
41 41 112
64 9 73
10 52 109
71 79 177
15 85 139
1 191 210
77 153 261
42 2 76
13 49 248
79 58 208
16 1 18
31 113 191
