590
22 72 109
28 124 161
98 50 158
99 68 174
63 185 290
75 191 420
89 190 284
64 55 119
11 190 350
2 33 139
93 64 194
23 44 67
65 93 164
19 105 273
22 14 78
99 59 338
28 190 257
82 124 215
49 72 128
62 77 155
17 74 103
12 101 143
78 3 109
35 150 197
39 102 149
67 111 182
28 10 45
40 169 226
14 160 181
30 27 92
78 49 127
21 97 159
44 146 341
7 178 209
71 37 178
12 70 212
10 23 42
90 165 259
15 162 184
30 17 74
70 154 274
45 170 252
58 15 117
70 19 218
49 1 57
73 103 354
90 12 210
82 104 191
69 165 276
74 185 448
15 185 239
56 170 344
80 46 306
65 44 116
20 73 282
11 62 105
42 189 238
25 137 202
17 166 192
77 190 458
30 104 140
91 93 193
17 178 253
7 111 132
53 194 323
77 95 218
34 85 125
76 63 148
92 124 249
63 198 371
95 180 275
16 119 176
40 124 200
11 64 83
2 14 33
53 188 339
90 168 358
42 35 107
27 63 274
33 56 92
97 163 276
34 150 249
39 91 251
54 84 142
88 181 319
63 175 241
63 163 236
75 192 274
98 108 331
95 24 124
33 86 127
4 108 294
93 130 253
49 8 64
13 131 183
10 64 75
4 110 120
10 92 201
88 99 201
42 40 168
59 184 250
2 169 171
64 17 102
50 154 250
70 128 266
4 175 188
65 178 353
41 179 243
98 44 150
25 46 271
60 58 119
50 24 99
29 72 124
43 60 128
93 99 201
37 3 49
27 151 211
67 111 181
21 125 147
99 133 250
51 185 237
42 119 166
84 22 196
91 178 387
60 48 117
41 65 111
97 88 191
5 122 324
65 186 352
31 192 232
24 161 278
17 48 101
56 54 254
12 0 12
24 56 85
71 102 216
78 39 123
29 150 291
90 9 108
14 140 307
31 174 239
31 26 59
49 130 187
44 185 235
55 13 68
40 124 172
20 169 366
16 182 361
11 154 218
85 178 266
95 95 225
99 53 233
88 44 151
13 30 51
39 121 168
25 191 224
66 9 115
42 137 220
1 151 329
14 155 184
53 136 191
6 48 130
12 160 182
30 187 221
91 139 338
42 53 143
6 51 124
58 62 141
86 90 188
56 126 195
15 22 84
46 47 134
15 167 189
20 156 185
80 5 87
99 178 279
30 37 105
39 129 211
67 115 227
66 36 140
89 69 160
91 19 116
20 174 238
19 139 325
87 160 264
11 182 369
20 45 198
37 132 221
33 170 237
17 19 230
89 25 114
19 163 205
86 20 216
8 134 147
90 178 277
74 169 252
81 28 114
22 83 110
69 24 135
68 192 270
90 125 226
42 67 212
72 112 241
7 142 149
51 48 176
63 89 157
23 124 274
6 16 30
49 133 217
75 19 95
14 17 42
25 38 112
79 135 281
10 132 149
58 26 152
67 198 265
87 132 229
80 46 127
46 134 228
77 170 249
94 29 123
67 125 383
28 50 189
70 78 152
49 157 339
93 18 122
71 80 158
81 12 237
53 66 121
80 181 315
9 143 195
71 178 274
17 169 197
41 119 166
42 122 240
45 42 204
53 7 76
94 110 247
41 47 204
54 13 76
18 72 100
53 148 206
96 88 251
5 20 26
87 108 222
29 66 105
79 97 358
11 38 139
1 156 190
35 24 61
73 21 94
49 131 186
12 32 50
63 19 83
58 138 381
37 65 102
9 139 151
11 73 97
70 155 337
75 152 244
99 158 368
45 46 122
86 137 305
48 57 278
65 130 282
88 100 190
95 130 229
96 65 171
46 138 185
89 79 216
29 134 196
44 126 231
64 8 82
78 173 271
51 31 82
45 98 279
32 185 240
2 35 45
44 53 143
49 134 205
69 150 233
66 95 163
84 0 134
44 93 138
1 198 338
49 32 100
22 174 248
17 62 85
97 9 290
15 162 182
19 200 229
41 102 158
82 113 202
29 157 193
25 84 160
83 79 359
59 50 110
58 1 59
71 157 278
33 8 75
5 176 302
46 23 71
42 168 298
27 86 180
62 66 206
41 121 167
15 123 153
6 172 218
98 159 437
69 160 232
33 41 210
91 178 278
52 48 122
7 98 118
31 161 194
5 138 162
14 164 180
53 112 347
56 59 149
83 28 155
71 84 203
51 97 148
26 16 49
36 125 171
56 22 118
57 50 198
5 91 125
43 44 170
26 88 161
70 7 78
15 38 55
48 93 161
35 43 152
55 156 230
68 199 460
80 109 189
21 92 138
93 44 246
78 198 301
36 110 202
65 173 272
54 141 214
47 72 122
35 136 180
56 102 208
42 71 204
93 84 190
17 162 198
72 125 200
32 56 91
11 45 144
69 174 360
69 183 259
18 182 203
26 88 120
65 72 144
80 74 190
25 123 150
49 84 134
77 16 94
87 100 189
25 178 207
2 166 229
86 169 257
13 107 127
14 95 156
42 95 161
44 119 165
21 136 164
95 24 163
67 178 248
80 99 181
45 52 115
23 34 92
99 150 279
49 0 237
52 75 131
41 16 203
100 80 341
7 176 203
94 196 299
32 196 233
44 138 194
96 156 253
31 88 120
87 81 176
35 149 218
12 67 240
17 106 127
71 148 222
15 105 120
35 11 91
83 41 235
24 146 170
10 26 45
74 46 124
89 180 308
82 181 289
87 125 242
61 155 389
71 74 153
58 55 114
81 102 231
31 20 54
30 188 340
1 76 100
24 22 52
28 5 33
67 0 214
35 80 115
83 24 259
34 90 134
90 15 143
3 69 80
89 88 204
62 106 169
38 61 108
31 93 127
20 33 57
31 164 307
22 134 182
30 160 352
3 18 29
5 66 80
9 20 177
9 48 71
84 103 236
9 62 78
35 60 124
4 22 33
100 169 290
3 109 263
86 100 231
41 13 60
66 193 299
20 85 105
26 82 301
74 75 313
43 81 125
20 149 285
71 19 142
32 198 230
61 83 175
78 73 159
66 55 150
86 44 138
86 12 255
60 63 126
23 171 249
41 5 48
52 74 159
81 43 132
36 58 142
9 108 148
17 171 193
44 77 132
25 95 122
48 50 269
21 172 197
76 151 273
19 104 144
42 162 211
38 30 78
87 54 299
72 60 137
94 74 207
25 131 161
14 161 183
71 191 294
97 41 148
21 111 299
98 24 183
57 197 259
55 188 254
90 10 146
55 191 250
16 7 27
63 123 190
81 140 240
1 86 128
74 137 220
73 174 249
56 129 195
88 164 293
8 121 134
36 45 81
24 166 239
75 180 264
34 9 65
93 41 150
86 104 232
99 89 225
66 86 254
55 119 293
79 158 318
78 23 109
26 28 99
64 37 137
47 74 123
60 61 129
58 54 117
14 51 69
13 25 45
82 93 210
66 171 243
25 118 306
44 125 171
90 23 116
22 118 245
35 198 241
11 4 91
17 117 172
25 13 198
36 199 268
8 148 158
83 190 353
55 197 257
46 60 139
27 174 249
29 189 225
62 16 80
32 63 104
43 54 144
34 88 137
85 88 183
7 115 123
76 38 190
79 127 209
24 36 174
10 151 168
13 170 191
50 21 82
68 173 369
14 11 55
86 22 110
44 44 97
46 24 104
5 160 168
5 105 150
90 84 346
72 155 235
15 91 200
13 167 200
90 45 280
14 116 155
68 125 199
33 161 211
76 136 218
32 170 245
35 62 199
63 2 130
91 74 199
78 76 326
49 43 140
38 178 226
87 156 266
84 16 101
86 139 235
14 184 209
17 37 58
43 59 105
23 92 119
42 161 267
6 87 124
17 159 226
13 43 57
39 127 264
52 23 84
29 58 262
60 122 182
9 190 285
3 105 168
24 139 208
75 139 387
69 121 197
2 47 59
63 42 215
35 44 180
92 165 262
91 104 196
58 135 260
1 181 273
31 113 148
91 57 163
74 175 258
53 193 254
14 97 254
5 13 28
56 5 71
8 8 17
