250
45 143 188
67 9 91
18 11 38
74 102 190
38 104 187
77 112 239
8 197 222
16 71 93
10 28 38
65 85 154
74 193 300
7 176 355
54 161 346
73 76 324
31 172 260
94 188 316
39 181 246
84 160 274
59 50 116
58 29 95
3 131 158
3 109 190
41 84 127
45 107 327
84 5 97
64 37 125
49 167 344
6 123 133
42 115 167
59 118 262
46 166 216
41 124 198
20 114 178
47 4 55
37 48 104
53 37 104
72 183 269
15 7 156
23 197 260
98 129 310
61 2 65
6 153 162
49 145 224
82 169 363
22 24 50
25 139 214
10 36 236
14 37 55
71 77 309
72 84 193
40 95 143
22 138 163
38 41 200
9 15 147
24 120 187
87 106 254
21 135 164
31 187 222
67 169 272
69 167 285
81 66 159
14 18 151
11 22 40
68 68 185
84 188 282
20 67 179
23 75 129
72 104 177
82 17 106
51 176 239
85 96 326
86 15 110
80 121 243
15 79 94
74 135 266
74 102 183
62 1 72
47 14 233
88 157 261
97 31 133
14 6 24
22 145 183
66 155 222
69 165 244
95 108 241
7 91 180
23 130 201
67 40 114
45 92 139
86 3 95
45 148 200
1 10 113
73 188 297
28 45 99
92 80 172
21 119 150
33 162 205
9 9 34
84 25 154
28 63 242
37 158 227
92 84 205
78 64 335
63 29 101
10 103 120
96 92 195
20 13 201
100 141 247
34 189 231
54 41 208
8 197 235
55 19 77
59 103 172
49 191 241
32 199 232
87 49 288
3 94 295
69 75 145
7 8 174
3 200 215
77 195 387
76 45 183
19 178 202
41 4 46
21 127 260
58 114 285
67 138 213
23 21 141
75 179 278
10 84 103
72 16 154
72 23 126
53 128 231
2 83 92
9 50 64
95 180 306
16 154 178
59 182 258
31 43 81
17 169 218
5 149 155
31 171 295
9 140 158
93 124 338
83 104 340
41 3 176
44 20 155
24 37 100
65 181 404
7 161 178
30 51 170
2 55 64
38 198 239
88 6 100
59 120 219
85 133 279
56 138 346
75 163 297
96 46 151
86 177 390
49 96 157
16 99 138
74 18 98
64 55 120
80 137 224
99 16 125
52 149 215
32 63 100
91 54 240
17 115 135
43 38 91
54 183 256
46 47 256
99 47 149
75 104 188
72 7 86
25 29 54
36 99 150
55 166 237
76 41 180
69 178 263
30 150 183
47 32 117
52 78 130
96 172 314
84 190 302
6 155 174
54 169 266
100 140 271
21 17 41
76 11 118
19 44 111
67 22 95
40 68 116
18 10 186
24 63 93
30 112 191
66 110 176
3 138 182
75 87 166
72 177 258
16 190 219
84 85 204
2 55 61
3 126 151
20 177 247
54 80 264
1 84 87
48 105 169
60 52 121
79 27 116
88 99 224
24 0 63
99 89 207
50 46 106
45 99 187
31 187 371
100 15 154
6 7 18
74 82 166
25 52 85
14 28 65
93 59 318
35 166 211
31 70 101
35 56 248
86 131 241
89 183 347
13 196 241
78 37 118
40 151 199
93 98 196
37 97 175
6 33 42
34 65 107
71 61 320
69 6 77
97 185 285
32 162 197
46 185 241
72 170 269
60 10 75
10 5 43
57 12 79
98 194 337
46 148 199
17 78 95
31 151 190
80 31 308
20 169 197
