800
40 52 93
13 35 93
38 190 264
40 169 309
62 154 216
8 113 121
58 168 232
73 185 312
23 155 194
8 83 98
40 124 206
25 56 106
56 160 368
62 169 234
46 176 249
91 75 176
55 32 96
52 190 288
17 99 272
4 126 202
55 59 155
40 120 161
38 80 149
43 5 58
1 162 179
2 62 71
72 102 317
65 187 312
100 9 142
18 22 88
69 129 348
17 49 66
73 92 169
66 37 165
74 47 185
7 167 265
82 77 194
43 3 55
70 20 134
84 190 283
18 148 221
53 169 231
94 46 147
89 40 137
87 32 129
94 139 306
69 112 202
94 63 158
18 186 207
99 198 331
41 23 84
29 12 69
72 62 141
70 12 116
52 101 155
59 198 319
45 131 370
39 14 124
67 20 203
1 27 56
30 146 206
29 67 103
98 162 310
5 11 16
32 29 64
55 34 95
56 51 116
65 36 111
62 66 128
66 148 219
66 131 197
57 36 133
36 190 391
61 159 350
87 5 97
97 126 271
56 17 91
10 195 231
13 36 59
74 169 273
27 163 193
65 98 167
74 90 197
78 112 298
89 178 276
71 90 291
82 142 264
60 178 305
55 196 397
55 166 392
24 76 132
52 3 96
17 197 222
61 171 274
59 109 176
36 145 216
23 73 115
8 178 191
13 35 49
78 138 349
85 120 400
52 137 296
96 139 365
32 126 159
5 11 47
92 51 146
82 91 266
8 22 34
10 0 36
86 163 257
12 141 196
99 11 207
82 55 183
83 186 309
58 91 189
60 184 277
6 94 115
45 148 352
14 133 198
95 179 286
51 17 68
34 76 110
57 75 177
75 161 267
72 167 319
82 155 432
55 128 294
34 4 45
85 150 240
47 52 108
65 131 225
68 130 232
2 189 215
78 163 245
88 142 237
14 190 223
13 7 23
21 195 217
14 142 164
56 78 248
9 90 148
7 112 122
51 59 126
68 183 253
41 43 235
38 101 184
83 38 128
54 9 64
96 150 255
60 154 214
1 141 254
61 194 299
47 39 95
32 89 197
100 63 172
98 194 306
59 4 197
89 175 266
87 126 283
20 51 73
46 116 204
49 124 194
37 48 135
24 179 359
29 107 273
51 75 167
37 88 134
97 80 209
5 37 61
40 152 194
56 185 414
48 20 214
9 94 150
22 182 214
41 43 167
51 106 161
69 155 229
18 17 37
80 169 415
11 58 167
20 161 227
84 182 312
46 36 83
83 0 103
39 69 115
32 178 233
67 188 280
40 79 132
62 171 266
29 156 195
67 184 251
11 171 232
6 146 185
23 45 74
80 93 215
53 162 225
11 54 72
43 69 118
97 27 238
38 64 147
13 39 52
23 30 96
75 161 244
86 140 230
38 185 231
6 187 215
7 182 294
91 106 223
97 0 97
38 80 149
20 179 312
91 135 227
12 176 376
58 75 179
66 49 118
84 46 140
57 190 257
41 77 124
24 100 127
39 96 138
27 97 230
35 192 255
75 191 271
34 118 178
24 107 138
12 116 144
78 105 183
48 118 269
15 15 32
87 138 257
73 139 220
23 166 192
41 90 192
32 123 209
19 129 271
48 103 192
7 54 144
28 83 111
46 125 171
58 123 191
69 36 168
89 158 313
42 46 91
53 112 186
15 1 68
56 112 207
33 160 201
78 25 229
70 142 214
93 16 132
80 175 269
61 66 128
30 10 158
98 19 140
65 8 75
56 175 277
78 90 169
33 3 199
72 38 147
18 116 134
75 147 224
66 47 121
1 45 47
36 182 388
13 95 115
98 136 424
75 169 371
72 151 228
70 20 103
44 24 177
15 154 218
83 61 184
29 99 177
12 26 75
28 92 243
28 55 85
28 115 188
83 115 268
33 126 169
93 7 249
67 0 71
22 138 162
8 106 162
86 1 94
25 29 226
34 179 217
62 33 253
16 46 82
13 200 225
36 121 179
16 153 175
16 117 142
86 3 128
23 54 87
68 95 257
79 138 394
94 140 237
45 34 127
92 160 255
90 144 240
69 86 155
25 31 105
9 53 66
59 74 303
18 7 27
37 38 77
31 117 164
9 114 123
98 195 465
85 169 432
69 107 313
94 19 131
94 191 323
17 179 303
79 53 135
31 148 190
99 151 256
60 24 87
36 176 359
99 88 208
31 67 107
56 97 181
53 109 266
69 164 276
68 128 314
16 26 194
6 177 312
82 18 100
90 25 143
24 92 118
56 48 266
95 76 172
39 121 163
5 0 13
73 68 322
2 152 199
58 15 74
82 153 237
61 164 307
25 56 89
97 192 333
73 7 88
60 65 143
77 26 238
31 123 160
98 92 194
20 189 248
98 84 208
64 137 206
58 134 234
54 200 275
90 152 289
71 88 357
37 48 94
5 6 68
23 29 60
42 25 88
26 36 233
47 1 48
69 175 246
92 135 367
98 33 131
92 189 378
88 173 289
96 137 366
44 178 223
21 3 25
14 68 90
34 44 193
7 147 204
68 76 172
50 112 166
77 122 243
94 122 266
34 144 342
98 29 159
51 125 185
95 175 275
97 58 178
93 135 302
43 53 225
95 62 162
74 79 176
88 49 138
66 60 148
23 100 131
8 70 83
34 177 295
58 117 175
50 130 226
100 14 114
41 34 96
13 193 206
77 118 236
32 164 217
52 62 288
34 91 187
8 84 100
83 173 265
65 199 270
85 148 233
72 177 281
68 185 265
77 143 398
86 15 147
78 171 277
36 151 199
85 36 126
26 80 256
1 50 55
31 0 60
12 173 205
4 64 130
27 198 334
73 29 102
37 151 214
85 54 149
57 85 257
90 122 254
31 183 222
12 107 120
90 74 351
35 140 182
45 193 249
12 69 85
8 107 125
49 69 121
6 144 191
69 93 170
91 109 213
92 73 346
23 42 210
75 156 277
20 100 120
38 12 235
19 79 147
90 73 168
12 70 109
90 118 304
6 175 219
57 136 199
65 188 332
54 114 172
68 8 85
81 80 162
90 101 191
30 22 95
68 74 164
99 117 223
55 131 187
45 144 321
24 158 347
27 0 141
35 83 189
96 157 306
20 25 143
56 45 104
43 90 166
26 155 377
42 139 343
49 123 199
64 13 85
47 157 212
26 83 149
86 65 155
79 5 131
88 13 239
54 25 83
32 189 288
96 77 175
13 164 275
46 67 118
60 32 135
64 150 236
39 68 113
3 107 145
66 113 196
79 0 87
39 124 301
54 104 256
96 141 237
37 148 185
74 163 240
85 123 212
9 79 104
86 140 265
50 126 178
57 87 343
55 126 205
63 12 77
43 185 275
50 43 228
100 106 237
7 149 157
84 193 369
98 137 237
71 14 107
77 90 259
93 159 393
22 22 73
31 45 90
72 173 246
44 66 136
42 87 129
96 35 171
1 3 9
40 59 111
70 8 200
98 173 294
16 146 322
23 72 101
48 50 147
84 6 99
23 88 131
92 37 143
90 195 285
61 56 136
75 134 248
86 120 225
74 1 109
98 107 286
6 130 292
85 3 96
9 177 186
48 157 214
76 23 99
81 190 328
11 125 152
65 143 386
36 117 161
67 58 229
86 103 324
32 155 194
70 48 253
35 198 254
46 169 220
87 96 188
35 159 273
48 186 339
10 44 60
85 23 153
87 174 293
89 200 482
49 24 80
69 161 296
35 164 200
88 142 233
19 98 119
64 82 154
22 54 85
83 71 181
44 105 157
68 93 309
63 15 86
13 19 66
8 135 146
94 160 408
24 26 75
44 188 317
9 90 168
22 185 248
58 148 248
58 185 247
16 55 77
33 74 108
28 182 254
22 49 103
42 181 238
79 63 270
48 100 149
37 111 158
51 177 317
18 75 116
77 162 246
99 147 279
44 116 160
96 63 307
51 197 252
95 29 130
67 38 109
69 35 163
61 139 210
11 16 115
22 153 189
59 57 185
11 102 125
95 37 139
64 200 282
78 10 97
82 12 128
52 127 184
29 10 193
46 111 343
36 23 63
26 171 231
36 91 130
31 56 95
31 194 258
90 162 255
17 156 214
88 24 259
8 162 202
34 79 231
20 5 202
11 108 123
4 184 189
31 42 203
14 32 125
45 123 248
94 148 408
100 5 115
53 86 154
60 79 143
15 37 53
16 40 74
87 123 215
53 71 128
92 53 145
70 71 161
12 136 149
73 171 253
75 74 182
74 112 228
26 73 102
36 37 74
64 114 206
69 142 227
18 167 188
28 191 220
5 179 219
58 25 84
81 142 261
15 179 263
11 103 300
62 20 85
32 182 220
14 100 124
24 82 179
83 175 308
29 34 67
63 178 249
57 120 183
54 89 144
33 195 236
54 113 173
15 175 369
34 124 316
47 147 196
39 20 87
59 101 288
60 198 268
26 86 127
36 102 242
18 2 20
16 59 84
100 41 148
87 69 163
22 177 208
87 101 193
98 19 153
99 123 232
49 42 280
66 66 153
14 122 140
60 92 161
7 13 48
25 160 333
33 173 242
51 46 102
97 76 178
48 74 124
9 90 106
82 105 195
6 179 225
79 174 262
28 199 263
11 190 212
85 84 314
31 127 161
37 115 154
95 142 286
88 31 285
70 121 193
31 173 209
27 108 159
17 77 95
80 44 126
52 113 175
16 98 206
39 159 206
88 133 221
89 15 109
49 51 130
47 35 120
27 15 69
58 161 419
80 85 173
67 91 164
24 158 187
22 103 152
25 125 154
39 165 242
71 6 117
56 89 186
95 20 137
18 141 172
24 136 166
86 114 366
86 83 173
55 136 201
30 179 364
93 172 402
51 70 131
53 193 393
33 53 106
64 125 376
87 24 281
49 40 90
37 54 145
80 66 151
23 165 288
70 93 169
99 173 387
13 40 73
65 152 233
32 149 326
72 48 120
3 65 68
31 108 211
81 100 189
97 95 237
87 193 296
32 156 198
58 198 262
37 98 143
29 4 83
9 130 153
78 124 212
33 139 176
74 69 152
54 127 181
51 106 172
12 22 41
49 73 130
5 136 231
91 172 418
71 78 154
68 148 220
43 13 62
42 29 95
41 80 231
62 193 322
77 180 283
73 164 353
88 4 101
26 22 58
49 64 116
67 0 68
84 84 169
20 58 84
90 68 158
22 148 181
58 192 257
20 27 163
13 108 159
25 193 373
84 81 166
20 9 181
42 62 245
79 61 142
94 45 278
8 179 226
99 167 309
5 128 241
87 31 126
35 60 277
8 186 256
36 66 108
59 104 167
73 190 372
68 38 188
28 12 47
5 48 173
14 34 52
91 136 240
74 41 274
76 116 201
47 189 243
46 7 56
77 20 201
27 43 76
61 64 160
32 90 124
21 8 32
99 106 245
6 63 112
73 120 224
9 83 99
85 57 276
9 23 196
