910
62 152 224
100 129 271
51 76 144
97 116 225
45 30 79
7 96 119
34 191 228
25 44 210
51 195 314
81 122 233
20 36 98
47 104 253
78 61 193
95 128 254
54 180 237
80 182 267
23 108 154
86 33 161
95 87 190
56 109 169
57 9 66
81 119 225
73 124 203
96 105 216
71 176 252
55 80 145
20 13 35
4 45 53
36 138 184
96 109 342
71 197 447
36 185 241
1 25 43
35 17 69
31 196 253
30 154 320
80 92 188
11 172 192
98 189 394
10 16 57
37 129 172
55 190 252
17 145 166
50 168 225
73 153 226
68 124 196
8 7 23
22 64 95
40 177 300
1 169 210
11 77 93
29 90 277
7 179 232
61 43 145
42 48 117
55 3 62
43 27 73
98 74 175
30 43 171
99 91 233
37 169 216
86 70 175
54 26 85
32 86 233
23 80 103
68 142 217
81 35 152
52 143 201
64 192 262
32 86 119
40 166 208
59 144 392
38 44 97
52 134 255
48 184 239
90 136 371
16 111 325
58 200 260
70 6 76
31 50 125
56 98 177
37 189 228
18 76 268
43 46 90
84 138 266
63 109 247
60 147 240
73 70 169
40 182 232
4 131 145
44 78 130
82 171 255
32 69 104
79 55 141
36 156 200
97 145 301
69 7 119
62 144 208
77 6 88
11 55 70
6 22 31
98 29 150
71 5 145
6 12 19
62 58 143
38 184 225
96 39 152
69 158 355
37 123 216
38 132 175
62 126 192
30 72 142
34 28 107
51 149 217
71 143 224
21 33 64
29 119 150
87 64 152
1 136 142
27 151 356
40 149 192
93 191 287
13 148 287
86 123 235
40 104 187
1 50 59
15 103 155
74 191 268
38 184 341
15 147 170
38 46 117
31 162 193
76 39 128
92 78 339
44 67 158
12 3 50
96 8 126
100 151 339
30 82 150
95 195 325
5 36 65
16 118 177
48 33 93
72 77 162
97 119 216
64 80 146
77 16 234
18 200 220
100 47 172
60 111 190
92 89 356
6 174 189
74 33 148
25 56 87
19 137 174
86 72 162
76 152 263
7 156 322
24 85 147
46 47 97
46 20 111
48 142 192
83 190 283
62 68 198
56 41 100
7 86 96
19 165 235
49 0 49
4 159 168
87 196 290
77 86 213
49 123 185
33 185 220
45 117 202
66 151 236
26 11 52
54 98 193
56 11 77
69 64 265
38 149 296
2 147 278
66 125 231
52 98 217
37 29 68
43 16 65
32 72 119
24 28 54
53 191 285
2 105 108
3 99 133
46 55 244
4 118 126
33 26 70
85 69 244
3 176 204
55 142 216
73 57 159
19 134 278
4 37 46
37 70 111
28 178 211
40 188 234
84 22 229
89 22 150
47 188 252
54 194 257
69 127 203
35 68 104
14 70 89
90 104 199
13 45 62
1 22 32
87 41 190
14 74 96
20 31 99
36 163 208
95 30 127
13 107 120
54 166 234
50 179 271
49 97 189
32 110 143
5 90 96
79 72 350
10 148 352
78 150 232
12 101 122
1 177 181
74 123 324
39 121 182
34 181 224
81 81 177
50 131 182
9 87 122
12 118 164
65 32 116
24 162 269
11 85 109
25 16 88
32 54 86
80 39 148
31 15 59
92 162 264
79 83 353
88 41 165
26 6 69
42 143 268
79 135 354
89 184 297
42 190 233
80 132 219
2 161 265
90 68 207
41 89 302
88 5 99
41 85 272
47 188 243
9 41 182
46 59 266
26 164 277
47 66 117
90 121 212
44 72 242
51 184 238
48 8 180
15 152 195
26 163 189
46 111 342
74 26 100
49 157 207
60 125 279
64 80 189
4 8 21
65 19 136
90 199 293
35 112 170
1 57 68
11 190 299
43 139 187
53 134 195
50 10 163
44 89 135
55 189 250
82 110 200
95 75 176
50 156 216
59 135 384
36 73 239
33 13 47
56 98 163
42 22 70
88 134 226
85 59 164
88 176 265
37 41 261
88 124 272
86 117 212
82 77 286
49 180 239
56 74 299
62 149 219
40 88 138
100 13 115
64 162 317
9 163 283
89 49 143
95 98 195
55 186 251
85 146 349
15 10 34
9 170 194
79 34 135
71 45 123
96 34 155
64 159 242
93 173 405
85 72 194
47 158 235
70 71 180
91 184 278
68 140 260
85 156 287
16 67 91
46 12 62
77 67 154
34 27 211
16 157 176
13 10 56
11 2 16
72 2 75
9 175 190
61 95 178
49 147 365
86 76 180
2 149 156
55 176 394
68 53 317
39 101 294
40 76 308
34 65 100
11 73 89
81 104 193
53 112 185
91 22 121
27 148 178
76 26 107
48 41 89
64 46 154
24 139 173
91 100 360
29 52 100
52 44 98
3 64 82
87 1 224
26 121 340
26 33 100
75 132 319
46 174 259
15 79 257
50 75 160
87 7 137
49 143 197
31 164 198
11 100 117
66 64 256
15 32 54
85 117 209
43 158 202
6 79 247
68 73 147
1 159 200
85 144 252
65 40 139
19 33 160
88 118 282
76 112 202
69 122 210
52 146 200
53 194 251
78 157 283
67 1 76
69 55 129
25 48 73
24 48 89
44 165 237
47 78 129
72 70 174
53 198 428
79 142 263
66 159 226
6 65 115
51 50 111
65 2 71
56 100 201
45 64 131
32 176 249
14 54 70
47 158 206
63 150 218
93 9 135
50 10 247
24 13 43
52 149 389
67 44 112
16 47 96
80 100 230
72 9 88
87 22 249
78 79 157
76 84 192
40 168 239
29 35 225
3 124 236
41 165 207
99 69 175
80 194 275
100 73 186
93 126 227
60 101 207
53 173 275
25 114 146
31 43 107
12 198 263
20 27 61
59 81 239
65 47 121
1 128 173
11 155 206
7 26 37
73 1 113
61 85 318
8 200 218
30 173 213
50 51 213
63 98 170
29 36 68
63 46 202
58 158 216
76 57 171
55 88 145
35 81 163
57 180 240
70 26 125
29 114 173
47 175 236
45 65 115
74 173 257
84 103 190
96 163 263
58 195 257
11 109 164
96 42 148
60 100 351
89 46 135
17 139 254
23 111 142
76 93 199
16 193 246
56 43 235
96 25 274
36 82 199
61 40 111
2 94 118
51 152 320
38 40 113
31 199 254
70 111 250
31 8 42
81 80 325
85 73 172
44 187 250
83 70 155
78 43 129
69 100 277
100 89 233
36 59 143
17 21 132
86 93 185
3 183 189
97 50 187
73 46 305
70 176 247
98 59 182
39 184 242
22 127 230
17 45 67
43 78 234
92 95 194
75 43 128
63 9 187
26 74 145
94 153 294
41 171 253
32 178 220
12 181 201
64 72 140
24 51 118
1 189 194
2 167 184
3 67 75
4 73 78
21 28 49
30 48 89
37 147 186
28 113 148
97 123 233
6 192 356
70 197 326
69 110 212
21 72 114
59 163 262
31 67 232
11 128 144
24 174 320
22 61 86
57 182 270
24 143 174
52 25 83
49 198 277
48 126 181
100 109 209
27 36 67
58 163 384
53 139 202
31 149 180
60 20 279
57 61 250
23 30 61
20 111 232
35 109 250
80 131 340
3 59 215
47 93 179
46 137 187
5 28 60
54 161 221
75 67 145
89 136 235
7 128 194
24 0 28
88 135 228
30 196 273
32 180 332
65 22 268
60 24 86
98 119 226
4 173 186
87 37 130
13 89 102
85 128 216
97 109 391
92 54 206
11 86 116
63 51 132
21 92 170
18 158 180
45 163 407
32 88 158
64 125 190
9 43 57
7 38 83
25 144 223
96 158 260
65 113 178
69 107 180
50 77 134
79 136 262
26 180 218
83 181 273
85 1 268
36 195 241
50 50 105
99 74 175
67 129 206
85 70 174
88 86 254
86 179 442
66 30 291
97 161 293
52 2 57
92 36 138
20 186 211
74 81 263
81 112 233
43 200 247
76 22 131
28 60 99
78 15 127
56 155 214
51 147 212
7 28 73
23 17 42
21 60 180
7 200 216
3 180 185
94 120 217
41 114 165
54 191 277
64 104 169
100 44 177
36 170 209
4 169 186
10 86 103
64 110 204
27 70 247
95 95 262
58 160 238
84 179 271
92 31 133
24 80 109
5 13 21
1 132 183
21 171 344
28 124 193
86 68 196
8 61 241
28 50 115
22 116 160
64 42 128
41 132 179
17 100 125
11 113 202
96 43 144
55 1 92
46 99 191
33 149 184
23 47 232
56 185 264
57 157 328
88 5 129
9 191 205
94 182 281
4 62 86
79 135 237
100 26 164
27 11 47
28 160 217
44 39 210
53 125 183
99 50 159
41 49 112
47 71 145
19 138 160
83 111 202
5 175 229
8 99 110
24 23 54
94 91 194
65 76 234
38 161 202
65 66 199
71 92 173
83 19 150
14 154 220
62 180 248
47 134 184
24 81 129
50 134 194
3 46 96
54 66 241
50 122 176
17 85 126
18 175 193
9 184 283
30 140 179
10 47 58
73 153 229
12 160 223
76 3 83
86 64 150
39 200 241
28 35 64
18 83 193
36 128 169
69 158 237
91 32 133
81 191 311
6 33 175
62 14 76
86 176 278
86 8 104
70 85 184
98 108 224
91 156 250
39 24 76
46 87 139
76 75 151
3 51 81
32 131 172
15 93 122
26 131 158
29 72 272
97 83 210
39 0 88
61 116 185
82 144 272
69 172 259
88 28 120
75 9 89
44 30 74
1 199 313
88 18 108
100 116 264
25 129 180
90 15 115
68 102 363
41 198 277
22 77 102
41 70 215
2 62 103
27 109 170
66 107 231
22 149 243
23 61 93
78 169 255
90 31 185
20 106 141
79 59 273
5 90 127
35 62 118
19 118 159
82 85 192
67 160 260
90 178 271
94 177 295
52 42 144
12 197 249
87 40 184
72 167 283
49 132 204
64 163 235
5 60 234
40 16 56
33 17 75
53 90 152
19 153 210
74 73 148
57 86 253
37 175 212
72 27 117
18 51 108
81 178 296
91 5 144
52 180 265
54 166 264
49 140 378
24 26 55
17 120 150
48 39 184
66 135 386
40 94 136
64 91 308
62 8 80
26 80 151
93 81 298
93 183 283
7 177 231
41 8 84
97 169 274
17 121 185
36 181 293
57 54 155
30 89 119
27 150 191
33 40 73
80 110 386
61 72 142
54 119 180
23 150 198
50 56 251
20 12 118
16 85 103
69 87 163
98 162 262
100 177 280
61 152 236
26 74 105
36 189 363
33 13 53
36 69 209
74 114 196
65 123 189
27 138 184
53 171 254
11 53 74
71 159 230
6 111 155
55 128 287
48 187 235
13 73 94
80 121 209
55 78 210
16 166 182
84 159 384
47 58 174
66 162 235
25 70 95
40 117 206
44 195 245
77 127 246
26 130 235
29 98 129
43 102 167
49 49 105
69 98 252
91 115 402
45 174 339
99 60 195
34 141 190
26 145 178
61 45 141
92 72 254
16 147 192
51 125 267
86 198 293
6 133 150
61 141 325
65 51 136
62 109 176
36 113 155
76 42 122
65 175 278
44 131 183
29 159 257
29 150 189
14 187 212
80 12 145
37 12 85
36 184 236
35 67 102
36 180 230
90 187 309
14 64 90
24 103 131
48 174 267
75 62 141
99 61 175
49 81 137
62 12 84
56 200 262
17 184 373
80 157 246
75 150 226
91 85 177
36 90 134
47 111 161
68 75 151
45 150 205
95 112 217
60 155 388
5 54 80
15 195 275
13 142 205
73 136 227
88 43 133
14 106 149
31 13 85
94 58 297
48 38 95
25 121 150
81 5 96
7 125 151
30 83 121
36 146 382
70 154 248
2 182 216
57 1 199
25 89 122
47 187 269
17 57 228
53 80 133
3 6 82
13 47 196
33 114 236
50 110 183
6 49 64
73 156 272
6 66 111
23 110 257
29 126 166
64 42 274
18 14 95
72 72 190
93 143 238
11 159 182
91 50 146
73 132 209
100 200 322
78 159 240
25 102 167
94 102 230
44 79 125
49 72 130
88 113 213
100 164 265
17 5 26
71 44 218
97 188 376
96 189 314
11 77 131
80 176 287
61 18 241
5 200 246
19 70 130
83 114 347
48 179 282
56 127 191
7 61 85
32 163 204
53 135 189
