700
51 114 192
51 112 273
19 66 95
14 13 36
80 21 184
58 41 136
46 119 340
98 124 224
65 62 138
13 17 31
62 14 166
72 150 262
11 24 50
11 67 93
79 21 104
98 181 349
76 151 236
17 79 96
69 14 89
42 79 164
43 149 224
5 85 212
17 197 260
47 43 92
89 94 186
99 20 143
32 141 175
89 63 336
75 111 329
1 55 235
48 74 129
6 102 130
45 69 117
88 98 199
14 72 117
56 42 103
60 41 108
44 91 139
48 200 364
33 166 202
15 120 136
17 148 165
20 52 72
53 126 243
6 168 176
36 41 81
20 29 50
1 153 158
45 111 191
90 33 234
83 62 255
38 173 239
56 94 154
9 161 219
97 139 246
79 192 271
54 118 368
10 195 214
34 185 398
64 117 187
84 45 226
45 156 373
65 49 145
10 44 64
35 155 288
73 1 77
78 92 208
13 51 192
1 21 32
13 150 163
47 165 217
31 44 104
82 55 141
4 4 17
50 120 181
6 10 109
7 141 188
96 186 285
27 68 139
12 112 311
80 184 266
50 42 139
17 189 367
63 82 147
11 74 225
38 186 376
25 180 213
89 82 329
93 188 313
59 65 193
4 9 17
31 158 196
57 34 91
40 129 222
74 24 107
6 37 51
32 167 208
96 64 168
1 142 144
90 73 167
56 36 227
52 127 226
38 170 213
54 29 127
26 160 224
56 28 122
55 25 218
38 163 221
28 177 249
90 157 251
99 14 121
49 94 167
75 104 299
98 143 394
28 37 100
5 126 265
91 155 269
78 61 298
75 48 144
67 171 242
12 131 144
72 53 147
55 133 191
50 190 243
37 129 168
33 195 232
37 179 222
19 48 67
77 62 170
26 70 182
45 12 88
33 73 112
69 100 177
21 27 59
99 82 304
8 171 183
18 101 120
14 143 161
56 75 134
61 52 134
98 177 310
68 145 240
39 131 282
56 28 99
53 114 217
13 160 209
48 195 249
99 91 190
38 45 100
57 183 245
62 20 84
56 22 103
33 115 157
16 156 284
38 80 119
49 181 238
15 193 212
68 133 317
18 57 89
35 141 184
57 181 287
70 8 267
27 156 190
86 186 279
8 62 226
65 107 359
41 153 235
90 163 255
41 149 240
100 66 350
69 177 250
38 29 179
79 76 161
25 26 56
57 186 291
92 28 143
93 98 200
51 114 187
36 80 228
100 97 201
86 113 228
6 55 68
90 79 175
88 177 300
68 132 235
21 7 65
23 143 315
63 4 84
40 35 75
94 69 297
49 197 251
34 171 218
95 26 162
58 195 315
78 184 461
51 19 70
51 198 259
55 141 223
12 162 243
65 50 160
36 4 124
64 129 220
47 198 367
77 67 145
69 55 170
70 73 188
57 142 199
8 163 196
29 40 78
88 30 121
14 35 85
79 54 148
90 171 345
78 184 272
35 70 111
34 120 171
70 154 413
90 52 151
69 174 244
56 155 257
33 191 387
11 176 219
3 74 111
51 40 101
90 198 291
12 196 212
11 101 116
60 35 98
47 64 117
71 163 234
35 14 210
31 187 223
43 59 150
37 150 205
93 79 172
98 125 243
83 190 273
19 129 151
15 73 130
50 2 74
79 61 150
11 175 191
39 2 82
29 159 198
70 133 346
48 169 257
76 0 85
97 96 322
22 126 289
76 47 129
65 137 204
19 96 125
26 156 186
20 117 146
49 128 179
33 124 217
40 194 302
80 97 243
10 182 200
56 65 145
85 149 279
92 187 311
11 122 296
100 196 323
56 168 227
81 25 113
1 199 211
83 31 150
66 121 232
72 81 163
68 49 123
63 126 367
53 136 239
90 108 202
11 80 92
38 130 191
40 79 161
23 133 345
23 166 235
37 118 158
70 89 177
73 61 199
76 199 312
61 160 390
95 164 382
77 63 230
29 172 208
65 40 109
67 74 142
71 55 161
30 173 378
30 156 266
65 134 201
51 69 124
85 169 296
35 66 243
29 121 167
53 11 71
81 54 235
3 116 173
33 1 35
57 162 249
15 28 66
67 31 259
70 189 297
40 73 256
67 103 288
42 177 247
86 125 276
95 82 184
61 103 221
78 5 86
15 50 72
2 101 128
83 156 242
93 38 132
51 18 76
99 193 485
19 16 38
37 60 286
7 45 90
60 123 189
27 92 141
37 189 272
11 90 102
21 147 174
11 22 37
54 186 245
33 2 234
48 38 119
8 105 117
18 173 220
25 33 66
2 77 212
100 39 222
7 184 359
19 57 76
48 81 163
65 6 269
6 0 129
6 77 95
43 76 119
28 163 193
46 198 251
43 140 187
8 193 313
45 77 123
66 25 92
3 16 57
54 65 226
12 176 196
59 173 235
98 9 114
41 97 142
49 114 168
99 2 109
31 68 105
57 110 230
81 133 235
6 84 90
49 1 56
90 106 196
29 102 173
6 43 49
77 70 178
19 118 266
60 176 244
58 159 218
55 105 172
78 0 85
8 167 215
2 12 188
66 127 219
10 186 202
45 23 85
1 153 163
58 44 124
92 41 156
27 153 212
55 86 309
96 141 356
63 17 186
34 127 190
25 143 181
87 53 178
59 23 116
91 183 293
29 137 274
71 101 229
3 85 94
61 1 66
56 68 167
65 62 307
88 130 222
6 51 89
29 30 66
79 172 259
35 127 179
65 115 187
98 134 236
93 134 228
4 153 166
36 189 319
31 140 190
4 118 169
23 61 113
20 136 333
64 182 371
80 14 243
82 109 203
34 42 78
26 8 92
35 4 49
13 177 356
61 166 295
90 162 259
99 36 221
77 107 234
19 38 67
78 199 427
81 89 345
48 152 214
50 171 273
32 9 104
88 163 259
34 32 97
37 104 149
57 78 316
99 27 146
60 76 144
89 71 167
48 126 177
26 125 152
33 188 231
81 109 355
87 169 422
50 113 291
62 103 278
8 112 122
60 28 95
79 85 178
64 189 274
99 142 251
40 142 206
31 110 189
95 157 254
16 105 302
94 163 268
52 28 166
70 109 199
1 190 198
27 35 88
47 157 208
64 92 179
50 146 216
13 48 91
14 159 175
35 88 261
23 42 219
71 113 311
22 158 207
11 177 309
17 56 91
8 42 53
77 158 377
96 71 168
68 123 195
92 174 405
60 74 171
44 179 230
11 134 148
100 184 309
65 36 106
9 94 106
88 37 313
25 82 145
83 138 249
21 18 42
18 71 101
49 118 192
83 5 94
55 45 102
91 143 238
40 127 207
57 85 152
10 94 119
95 124 237
84 177 359
35 177 361
79 187 378
82 44 306
37 9 48
13 1 19
100 120 223
60 97 184
66 40 131
27 3 32
56 98 184
61 184 245
81 3 84
38 0 47
48 1 124
51 49 105
40 43 86
16 198 239
15 165 363
68 53 122
94 188 283
83 35 312
40 157 201
18 161 206
58 194 449
3 177 228
25 152 177
59 78 174
70 50 158
67 48 115
2 180 329
3 135 162
86 3 203
92 43 140
53 52 112
30 52 83
70 155 232
41 194 236
3 14 27
93 112 206
45 109 188
17 106 131
52 56 110
17 1 28
36 74 116
14 56 219
92 189 282
7 200 207
14 148 226
11 39 72
53 138 252
33 164 198
44 27 76
16 155 198
5 188 200
40 134 178
67 88 307
33 179 339
29 200 237
2 57 62
50 81 151
47 130 177
97 155 256
55 137 231
5 11 187
31 122 156
64 22 102
43 193 236
56 152 224
47 110 195
74 91 355
8 48 61
69 30 106
83 185 297
82 4 99
47 130 296
83 73 184
86 28 219
15 190 226
39 127 190
70 6 214
28 79 131
27 120 174
79 66 186
40 96 274
35 28 71
26 82 110
67 193 316
84 28 279
85 80 167
78 126 247
10 93 266
10 65 269
32 185 255
28 198 235
37 181 220
74 4 87
94 29 139
8 69 79
44 51 106
86 83 292
12 181 197
84 25 299
77 151 253
76 140 359
99 187 385
91 70 184
1 70 99
100 162 269
77 63 222
14 45 66
67 33 119
16 153 195
49 133 325
38 173 216
60 168 237
98 144 267
77 47 302
30 197 236
47 133 301
57 111 168
70 128 244
15 194 213
33 17 57
22 117 182
9 125 156
65 161 229
59 37 104
70 103 245
44 90 135
69 192 264
36 12 48
75 187 353
30 144 240
48 91 157
48 47 131
70 137 250
32 23 60
93 177 293
1 18 59
37 73 116
36 200 261
89 161 274
32 51 97
45 25 231
93 100 193
25 89 115
100 149 250
86 52 174
91 165 276
72 151 393
70 75 328
69 92 169
60 84 293
12 101 147
48 44 186
28 184 335
49 45 137
36 9 45
9 116 182
7 18 35
38 161 201
87 47 158
54 111 354
80 94 207
19 82 104
23 106 133
15 165 183
36 38 77
76 28 255
64 149 254
48 185 236
75 68 192
78 120 204
72 20 100
8 185 203
27 38 97
10 139 159
71 149 226
30 135 178
32 57 166
16 62 210
82 63 152
11 114 257
6 170 201
61 136 356
3 190 233
7 137 291
91 2 149
29 121 156
31 69 138
1 151 157
45 83 131
94 159 264
50 41 114
50 147 199
53 13 102
8 119 127
35 110 147
37 161 240
55 68 287
21 142 164
30 70 134
68 90 275
6 137 272
59 192 296
77 19 147
28 149 183
93 170 434
38 21 69
8 66 96
11 107 272
91 12 149
