560
81 95 374
96 184 290
38 151 325
71 121 332
87 199 296
83 103 210
22 144 342
56 107 170
56 116 173
90 188 463
27 19 63
26 166 261
48 187 240
89 150 244
72 168 274
73 3 81
26 125 326
82 134 225
57 49 237
67 16 124
38 11 107
10 179 315
59 182 243
9 42 179
43 4 55
23 188 233
55 62 126
77 36 116
47 137 335
81 176 275
25 13 146
95 58 168
78 149 255
89 62 256
18 83 141
56 143 208
46 184 247
4 119 300
71 133 208
71 10 101
7 188 202
29 162 197
52 50 111
78 184 264
6 99 112
97 31 135
88 59 148
63 127 377
17 191 251
65 19 140
73 3 124
70 116 234
46 137 186
67 95 328
50 35 92
99 176 278
1 179 275
68 182 258
62 72 143
92 143 276
74 81 245
20 111 191
83 172 301
17 148 167
88 88 186
13 137 153
5 175 376
1 97 106
13 183 302
29 88 158
89 189 279
85 29 143
13 46 117
69 187 289
57 131 198
70 42 117
89 42 331
14 188 211
14 164 234
48 123 171
90 160 254
30 171 236
26 105 330
95 15 110
91 1 95
27 162 192
97 114 408
2 167 171
42 16 105
48 29 82
1 6 12
42 108 153
56 104 163
12 5 29
83 22 219
15 196 213
84 90 220
30 9 41
55 93 154
71 160 241
13 148 262
6 159 169
18 68 204
30 121 350
40 90 131
51 9 60
63 164 243
79 155 258
96 11 108
41 170 230
86 91 354
79 101 209
80 72 152
47 155 210
55 111 169
67 95 354
65 119 186
64 118 216
35 82 126
29 21 100
92 99 192
21 52 87
84 66 223
85 115 315
73 91 164
13 53 183
4 33 163
11 164 277
41 139 184
61 183 278
64 11 118
33 81 130
72 158 233
44 125 172
44 122 201
39 7 65
1 24 105
93 54 334
98 17 269
65 112 194
24 66 90
33 136 173
61 75 170
49 85 174
93 170 266
28 142 259
94 5 147
92 179 304
61 0 129
100 160 265
95 130 235
24 182 212
52 120 206
55 63 137
62 62 137
1 110 296
70 35 149
51 64 146
78 55 141
17 143 178
67 95 167
4 121 150
14 168 276
65 1 117
62 104 171
97 100 199
12 22 34
61 70 150
45 174 240
55 41 135
57 106 199
90 73 337
94 147 271
94 90 201
7 176 190
38 14 79
30 121 162
92 165 268
40 134 269
8 114 193
3 120 151
43 78 154
31 175 312
61 140 303
52 64 159
82 80 170
54 31 200
18 109 230
69 33 114
92 164 279
3 155 159
4 165 178
66 82 156
97 162 322
100 148 249
64 127 201
63 120 188
17 63 157
24 63 118
72 165 239
58 160 219
1 159 161
84 166 422
65 1 200
49 40 243
64 67 242
58 0 230
2 12 186
51 173 229
84 32 161
2 102 212
20 143 164
14 186 224
77 56 289
86 59 320
100 20 149
89 16 150
26 63 90
12 188 201
86 79 195
4 130 173
53 31 92
70 66 141
43 24 254
58 93 185
33 112 155
94 185 279
90 16 136
44 100 242
22 73 102
93 88 367
3 46 211
30 25 211
38 89 287
42 167 249
87 33 123
98 97 202
3 177 183
56 17 109
58 139 199
80 67 298
14 65 99
44 128 178
48 34 131
94 155 258
100 58 160
82 108 296
70 48 168
86 62 154
86 136 271
25 102 161
65 196 263
70 35 111
49 77 289
64 108 182
27 56 86
69 183 274
46 47 186
80 45 151
11 104 161
76 118 203
97 149 251
71 16 124
63 141 208
63 83 201
75 158 261
97 38 140
40 82 274
56 125 343
5 40 66
100 137 246
32 67 146
96 53 152
91 45 296
20 133 163
73 190 460
13 58 82
38 63 122
9 128 143
33 129 163
60 138 208
34 5 40
75 117 225
95 42 143
99 78 205
35 74 119
7 141 164
15 178 203
42 139 343
28 61 89
55 179 251
59 9 73
49 9 151
16 66 112
19 170 242
94 69 280
9 24 60
33 115 304
76 102 372
44 133 178
63 111 190
93 90 184
87 183 312
92 177 414
82 111 254
46 180 292
40 74 142
29 88 121
58 60 128
36 190 232
67 42 133
6 173 189
57 165 268
1 115 191
44 173 370
20 29 54
39 160 342
100 76 316
76 81 200
54 118 192
75 174 271
75 73 282
78 174 262
26 51 78
98 147 246
12 147 303
25 26 97
14 185 228
18 90 114
57 51 108
11 180 197
89 156 282
73 151 273
53 117 179
82 74 347
74 199 401
41 95 136
68 130 211
88 178 303
16 1 115
63 18 88
31 122 319
29 31 76
49 199 282
2 68 86
22 167 272
32 34 216
4 55 65
60 116 197
45 134 189
1 111 165
2 156 187
50 179 237
83 74 158
57 69 166
2 171 180
42 47 95
80 100 220
82 103 234
17 164 186
62 34 109
45 184 238
90 153 292
61 38 121
1 125 168
57 45 105
91 139 235
67 25 245
48 109 158
80 93 345
66 38 111
39 5 69
28 58 123
22 158 187
57 22 88
8 85 167
71 173 252
42 88 152
89 169 265
24 65 223
53 13 241
59 171 236
46 124 180
55 65 128
10 28 38
50 140 194
92 8 242
35 150 312
22 81 107
57 12 264
73 136 247
10 156 168
29 113 148
81 150 237
84 101 185
41 132 179
25 169 212
81 23 121
26 39 73
75 104 187
54 146 356
7 123 139
93 148 273
95 15 114
45 0 54
61 135 231
47 53 120
71 135 217
45 56 101
42 196 242
95 172 441
33 120 161
51 195 295
81 41 187
64 188 262
40 115 155
16 111 168
9 40 137
77 86 166
57 160 356
26 39 108
4 43 76
23 6 39
61 71 164
29 148 292
70 35 197
25 29 99
5 55 99
49 16 251
67 139 208
11 86 99
98 131 269
87 2 133
30 100 170
28 97 125
5 172 189
77 70 161
72 98 197
33 73 302
83 96 186
36 19 62
84 96 192
62 71 135
75 104 197
37 26 116
83 129 218
25 61 90
99 74 175
3 65 100
63 10 103
83 38 127
65 137 252
9 14 31
4 150 162
67 102 182
50 176 260
4 60 140
39 33 73
4 194 203
73 160 245
86 164 257
11 110 167
51 121 188
73 177 362
58 16 243
38 114 154
5 140 147
69 102 188
47 63 115
45 87 137
94 77 347
26 27 84
27 85 112
28 26 82
74 106 183
4 2 51
69 182 257
21 134 169
13 87 103
81 30 112
17 185 233
63 200 269
84 183 335
74 151 269
99 42 168
67 4 71
63 150 222
34 186 385
52 15 223
24 95 304
57 151 212
11 161 220
5 183 230
18 16 114
97 54 153
100 47 153
28 14 51
69 81 150
50 50 204
17 129 249
91 86 215
86 198 326
32 26 93
7 9 27
42 24 66
34 121 189
36 184 230
55 183 288
68 147 257
5 6 85
99 128 318
25 198 302
17 171 194
100 8 192
18 101 127
28 78 109
57 163 286
21 6 34
90 155 262
26 85 118
98 151 249
35 100 209
7 80 96
3 137 241
38 149 345
74 0 117
61 44 106
12 157 190
72 146 221
43 197 380
75 150 232
36 73 120
42 86 140
9 63 117
27 148 175
34 30 196
60 111 253
74 160 240
18 80 145
23 77 101
37 82 198
96 170 400
95 141 278
83 77 177
22 36 63
50 68 158
60 48 109
47 168 221
1 117 148
42 141 250
47 117 347
98 64 163
62 88 195
60 130 194
40 147 295
20 65 98
29 187 217
42 174 303
20 67 149
32 5 65
