200
16 118 154
6 101 111
14 55 154
4 28 36
48 5 61
87 107 274
3 41 51
36 59 117
54 19 112
25 71 121
85 184 319
31 90 122
95 44 206
10 165 181
31 98 172
6 69 102
24 55 80
76 127 252
17 115 163
88 31 185
11 133 256
58 58 136
100 31 131
97 14 115
31 25 134
88 174 459
45 54 231
67 58 128
29 31 63
22 22 53
72 112 229
21 52 82
50 54 215
37 62 148
29 73 209
96 180 286
93 174 280
55 85 168
53 52 131
48 132 246
87 126 223
22 26 192
57 42 108
64 103 176
70 159 265
72 184 352
45 121 176
37 192 253
45 88 228
60 149 232
90 5 100
64 142 281
7 24 32
56 140 202
46 0 184
13 89 104
75 66 251
93 10 108
66 122 309
57 151 238
36 12 54
44 62 183
56 95 154
34 98 170
50 155 207
91 126 221
16 131 148
16 30 51
29 85 138
48 154 237
98 105 204
1 124 287
28 98 195
67 134 209
79 114 236
53 94 148
17 96 161
51 96 223
73 184 258
3 132 139
82 177 303
90 190 282
67 62 139
12 123 137
32 37 70
36 57 93
18 110 194
90 103 196
39 53 128
99 22 143
3 199 203
49 164 228
16 193 241
33 60 284
27 162 207
11 124 138
78 27 115
88 18 124
84 90 179
59 69 138
32 2 37
9 70 108
32 21 75
3 58 69
49 59 116
90 91 202
35 73 202
50 11 194
55 21 84
66 153 242
8 8 129
89 90 215
27 37 67
94 51 154
40 109 157
98 34 174
85 91 183
24 113 171
84 8 102
6 108 119
74 158 274
3 27 38
86 157 283
86 139 333
25 9 34
38 174 262
79 36 116
49 97 151
24 14 47
74 186 269
27 200 237
2 21 35
93 164 401
20 24 46
38 109 154
72 167 421
17 178 277
56 162 242
50 52 103
92 90 187
46 48 113
96 50 194
3 151 154
77 23 280
8 125 177
67 45 164
98 23 126
75 96 175
35 24 70
51 151 249
99 32 132
33 102 155
46 5 51
60 7 77
22 152 216
92 10 102
71 9 103
100 153 261
44 155 223
32 157 283
12 39 56
14 82 106
76 61 171
49 72 124
6 155 172
38 64 103
44 25 75
38 52 151
22 107 129
86 114 207
17 67 89
7 58 70
100 105 211
67 92 308
13 166 189
60 192 254
27 160 323
65 93 196
18 151 317
30 63 95
80 2 109
91 175 271
93 147 250
40 82 122
23 177 391
64 92 253
36 7 68
21 110 142
12 191 207
53 42 168
25 43 91
25 48 83
27 180 228
13 15 28
37 17 59
35 29 66
76 50 130
59 135 380
2 191 226
77 116 194
