550
38 96 140
58 68 129
54 52 243
25 108 179
13 100 115
88 73 186
72 33 108
67 80 154
69 69 145
56 88 275
83 64 344
16 102 122
67 24 114
53 195 253
90 9 105
75 169 412
25 14 49
92 27 149
33 153 261
70 54 150
39 57 130
60 37 104
25 164 287
46 195 244
7 62 74
92 89 187
22 183 235
94 182 366
68 197 305
99 23 162
80 110 221
82 163 245
32 18 57
82 117 293
74 146 224
99 3 102
33 38 213
4 36 48
32 136 252
37 109 332
77 153 358
81 75 262
25 169 212
12 50 104
88 183 293
4 11 46
23 140 190
6 68 81
79 118 201
13 148 162
28 159 208
32 39 86
66 53 291
50 9 85
32 65 98
81 143 233
72 77 154
30 184 241
89 180 270
64 128 196
97 147 268
80 23 146
49 181 268
21 165 199
4 28 33
68 93 182
47 142 222
79 114 199
28 159 256
22 158 181
28 43 89
29 178 235
88 175 441
96 39 141
83 132 217
7 68 239
48 41 96
6 103 113
91 1 111
33 104 189
59 130 334
69 122 379
21 35 250
12 90 104
39 164 215
56 97 157
10 69 119
39 141 256
72 80 200
65 14 114
36 95 161
27 187 221
20 107 201
25 51 81
41 96 304
28 169 200
84 99 247
27 17 53
26 1 148
31 137 186
50 75 141
87 93 264
3 55 66
68 157 226
88 46 161
72 193 287
39 64 155
96 143 262
10 52 76
44 196 267
22 55 251
11 8 50
57 131 223
16 52 100
60 14 267
100 78 186
42 115 283
26 84 199
12 190 206
92 51 146
90 11 104
65 58 129
87 38 130
74 190 278
64 85 218
44 137 270
91 31 126
64 123 311
24 172 231
57 134 218
17 9 76
62 183 285
47 65 118
5 17 24
45 72 292
48 71 124
63 84 149
56 20 126
27 62 90
90 54 149
34 23 141
72 35 302
51 170 233
30 131 341
74 56 135
97 168 312
15 40 74
50 98 151
23 167 197
66 125 379
16 180 202
66 162 257
84 41 127
14 28 45
86 99 207
89 140 303
38 169 353
78 92 174
99 93 298
65 141 399
52 124 309
23 84 111
80 145 236
96 131 341
20 194 228
53 23 97
3 53 164
90 83 178
22 93 155
18 56 77
40 106 170
36 47 89
26 181 269
95 78 219
22 93 130
18 180 301
56 6 67
61 91 189
98 43 173
86 137 270
50 163 213
43 129 346
71 89 193
51 194 443
82 57 144
72 146 337
48 143 194
42 136 182
77 2 147
10 43 60
68 58 180
26 118 178
30 38 75
17 85 131
2 69 135
47 61 234
67 80 151
19 9 186
73 175 252
93 195 332
100 51 159
26 195 240
62 66 171
65 194 455
24 46 95
38 141 361
48 155 210
22 50 103
77 119 233
65 36 115
61 24 94
78 93 187
55 82 293
47 50 139
36 151 188
21 82 106
8 126 138
34 141 265
29 70 118
38 42 83
87 33 146
83 117 234
86 11 107
64 167 298
51 72 136
99 143 272
54 173 264
24 197 225
79 13 95
72 68 148
44 94 284
63 198 429
95 50 155
46 28 77
40 126 304
20 92 268
31 174 219
37 63 108
55 159 221
25 119 210
8 39 54
46 54 142
3 4 69
21 108 266
26 170 337
61 89 159
93 103 197
3 19 54
99 79 190
85 122 251
45 80 125
9 7 19
53 94 183
78 70 164
90 178 297
10 96 303
2 175 235
16 144 304
14 190 207
28 9 37
19 81 290
12 137 181
55 74 152
26 190 351
48 116 333
77 36 140
36 8 93
19 188 207
5 87 158
94 9 291
70 116 190
76 10 98
32 12 49
86 25 111
46 182 324
68 43 119
39 150 300
94 25 124
75 180 300
21 18 176
58 85 223
52 131 189
38 52 110
28 71 179
98 53 160
47 118 227
42 44 170
90 124 217
86 81 210
73 19 162
31 93 184
95 90 347
6 80 128
36 47 243
7 63 72
77 84 288
76 46 125
93 192 292
7 134 144
53 56 149
60 19 88
100 115 253
77 53 133
94 18 135
54 199 301
30 190 226
99 87 186
42 72 233
12 186 221
96 153 343
36 123 165
97 34 174
26 132 162
42 169 398
59 181 351
10 195 399
2 46 197
90 132 233
84 156 403
94 149 243
17 44 67
63 148 217
87 101 191
74 199 406
58 12 104
59 144 326
80 61 149
77 129 213
8 195 233
78 148 241
68 48 224
27 81 152
58 197 255
46 191 262
30 50 89
33 52 142
92 109 299
61 26 97
38 185 232
60 178 240
78 154 236
80 149 230
72 163 245
9 65 78
30 38 186
48 25 74
34 166 208
49 32 83
56 155 248
65 101 294
10 138 195
1 59 101
19 49 174
35 41 97
94 180 283
82 27 269
87 10 105
90 91 191
51 40 133
41 139 185
52 156 245
98 110 215
38 135 182
62 189 273
73 93 179
67 31 238
45 44 138
80 90 177
19 175 196
96 108 240
14 29 145
70 0 72
29 128 180
58 101 183
75 100 175
1 65 232
70 135 286
85 63 151
47 44 92
58 194 296
56 146 305
33 95 139
3 175 190
56 198 258
67 58 151
26 175 392
21 0 31
76 161 275
67 105 273
25 166 194
31 190 300
5 105 111
52 38 94
99 106 205
96 172 277
37 84 226
77 75 279
98 129 253
83 49 181
50 104 204
31 13 177
35 169 236
3 176 197
53 156 253
7 2 41
93 49 187
72 190 263
52 17 76
41 72 133
89 120 342
61 57 274
55 188 251
99 101 387
36 121 218
14 197 211
48 156 211
20 128 158
54 91 276
46 6 100
54 42 116
18 125 234
57 74 179
18 71 127
93 132 226
49 53 108
86 88 174
39 144 183
62 21 206
55 130 190
11 177 231
36 81 120
28 60 138
55 24 116
45 177 222
97 103 393
74 141 228
12 109 172
66 74 210
42 154 227
53 140 221
7 107 116
94 152 383
30 189 219
57 123 217
27 141 178
58 166 233
67 167 272
86 31 142
40 76 245
25 175 209
100 31 132
68 185 291
89 139 238
28 45 106
77 17 104
58 158 220
68 85 270
82 193 376
92 24 161
87 116 217
11 29 93
80 37 163
50 71 163
68 188 257
32 164 235
29 118 152
13 107 167
17 161 304
80 153 245
81 156 237
28 62 115
94 143 250
98 42 155
27 17 46
10 132 168
91 183 279
88 12 104
34 3 83
96 8 257
22 110 133
4 86 169
45 52 102
83 166 250
4 52 82
53 6 76
13 125 179
59 173 270
95 68 165
4 136 178
50 30 89
85 131 261
93 21 307
94 169 266
96 141 241
82 40 151
51 138 223
65 129 202
34 76 149
2 198 220
4 122 169
17 167 234
95 44 248
23 143 346
7 71 88
7 75 82
20 136 189
45 133 187
98 67 169
83 60 259
65 106 172
20 123 337
72 145 223
15 97 238
78 43 129
27 154 203
62 91 162
73 132 213
98 139 267
8 187 221
45 14 59
99 190 299
4 19 31
75 89 194
46 177 329
70 119 218
65 128 201
70 101 184
23 153 178
69 174 253
30 141 187
49 45 96
29 76 107
76 169 290
69 8 85
100 162 305
76 0 114
64 150 218
75 80 189
72 99 230
67 30 127
59 68 130
1 13 64
28 98 159
71 91 164
39 126 304
37 116 269
19 16 104
9 58 107
53 106 163
86 48 148
