90
71 169 241
43 76 132
57 181 400
89 56 145
54 18 169
80 70 184
25 148 220
49 185 270
65 90 161
20 65 86
81 12 97
73 167 263
49 165 222
48 163 228
15 57 85
85 167 298
79 107 301
43 135 178
31 83 186
96 112 208
1 89 91
86 109 202
85 153 245
79 129 208
8 55 141
69 163 263
34 17 64
54 109 302
27 184 394
39 93 322
19 110 137
7 10 43
47 19 72
48 195 277
87 141 235
92 90 338
69 66 172
33 102 141
75 124 209
75 3 107
45 192 238
74 1 75
37 151 195
28 40 83
37 51 92
7 0 108
69 77 155
82 155 244
36 158 203
5 94 113
83 39 149
79 144 348
71 98 326
86 59 151
30 23 57
74 173 278
66 15 91
86 194 315
100 181 314
92 39 240
47 21 172
89 91 215
23 101 125
65 104 216
21 28 72
68 103 175
79 75 273
61 136 206
82 161 273
26 168 212
16 199 252
47 164 248
90 151 258
82 83 182
72 93 176
2 161 167
30 11 71
27 57 194
25 194 220
66 193 336
12 35 170
100 19 158
67 92 218
24 39 64
52 128 217
72 138 214
96 148 347
45 200 275
12 181 195
31 192 242
