460
51 64 161
14 131 173
46 161 256
91 3 170
89 135 232
60 126 301
80 64 151
76 200 290
61 155 219
7 60 69
42 7 206
90 27 128
1 71 79
84 96 342
56 57 121
28 103 161
71 2 107
98 43 180
26 119 152
65 145 219
26 159 194
22 118 148
48 77 231
34 153 211
45 187 273
29 77 211
78 191 271
94 185 327
31 186 225
40 124 286
31 71 111
52 100 162
61 141 331
19 3 100
87 19 150
98 80 180
73 109 183
70 146 217
31 90 168
40 136 214
74 2 85
49 80 138
76 149 251
67 9 80
78 128 208
61 10 79
61 56 145
78 177 261
92 18 155
34 26 97
94 11 146
27 90 175
90 84 178
22 112 318
75 133 212
19 42 63
84 69 163
65 16 85
10 25 38
85 147 286
81 102 188
66 70 322
46 146 194
85 185 274
13 44 63
18 52 72
29 28 61
85 34 122
68 58 216
92 151 249
17 152 261
61 153 235
6 106 118
6 156 171
24 92 134
56 138 204
42 126 320
61 29 189
32 87 150
1 136 143
17 176 194
83 43 150
70 63 134
77 7 239
65 56 122
40 179 219
31 111 148
32 43 91
13 54 70
96 102 243
89 155 290
91 189 316
89 144 240
32 19 67
23 59 91
86 78 167
88 142 262
5 67 146
48 47 153
56 142 203
38 75 123
23 162 191
24 41 132
35 189 226
98 164 305
57 17 84
73 156 335
82 116 206
80 179 418
76 147 261
98 44 165
60 154 254
21 19 41
50 31 192
45 184 238
57 135 202
70 117 216
28 46 112
31 11 78
82 98 377
33 50 114
47 36 211
90 107 318
35 105 327
23 155 244
40 18 257
62 40 111
61 3 260
93 131 262
80 154 234
2 192 220
11 148 162
68 28 106
71 105 304
97 178 282
89 30 122
32 29 245
17 103 121
34 25 125
54 191 441
38 173 215
6 26 34
66 92 160
69 161 232
55 41 99
96 145 385
89 57 185
87 176 265
9 97 111
31 114 150
91 177 280
12 75 124
95 84 285
13 193 221
42 97 220
85 177 392
90 178 429
31 62 258
35 12 51
48 188 245
77 114 199
24 152 185
95 108 204
55 76 212
79 87 339
66 18 116
93 106 207
62 78 150
43 55 226
3 141 319
98 47 176
22 112 150
45 31 125
28 181 228
15 51 72
69 182 260
72 124 209
79 114 230
46 93 140
14 67 181
87 31 288
10 98 253
43 59 107
77 23 106
6 49 97
71 116 197
97 153 258
25 59 130
70 44 128
13 147 165
61 120 188
42 146 191
48 98 174
92 47 207
57 124 211
56 28 89
4 78 82
99 164 269
72 200 277
58 147 207
79 14 204
48 82 291
69 156 393
63 158 369
10 197 213
41 17 58
3 40 91
10 126 138
1 88 263
91 29 120
78 1 89
99 182 288
7 35 47
8 78 154
51 184 245
24 145 186
64 4 254
34 144 184
85 166 269
48 49 293
75 93 179
51 27 135
4 87 150
29 169 229
94 29 124
53 37 108
25 5 38
10 97 111
36 21 83
1 166 175
72 100 204
97 136 266
81 93 268
1 124 125
66 36 103
91 67 178
25 22 129
67 21 96
62 10 137
88 104 324
65 152 226
11 43 92
51 38 91
41 56 102
48 129 224
96 31 143
88 166 296
85 181 291
14 82 111
9 193 234
12 50 149
100 188 297
2 99 116
12 152 213
45 169 221
44 11 60
20 114 135
88 137 339
60 33 114
15 27 165
52 172 234
7 162 263
22 147 188
14 196 388
97 117 226
100 119 240
15 60 80
82 26 126
63 35 135
31 58 138
12 55 67
86 79 278
66 40 138
79 5 85
97 110 219
33 128 161
39 180 235
7 166 203
11 40 57
23 16 72
77 185 439
67 12 86
21 140 165
56 34 99
86 124 224
35 28 63
86 79 279
11 144 246
29 9 55
59 129 377
93 55 157
97 155 262
26 127 174
23 76 103
54 24 107
59 51 110
15 98 128
39 165 208
20 194 275
91 158 301
83 173 394
40 39 87
86 60 232
2 29 39
75 138 213
2 9 36
1 112 116
12 156 322
3 23 170
49 94 149
78 88 207
16 75 96
26 99 138
97 81 293
48 200 258
69 36 218
6 15 58
90 69 167
99 7 142
88 2 130
95 29 132
95 123 268
36 108 224
76 141 253
48 22 119
77 166 245
2 168 174
1 135 181
61 75 143
85 39 171
29 115 149
89 192 439
44 174 227
11 44 62
10 74 89
47 159 246
85 113 208
61 79 274
77 51 141
18 76 144
27 17 47
100 24 131
68 126 220
62 100 313
25 77 111
84 197 310
90 71 198
53 154 239
80 98 209
13 146 332
4 196 204
99 4 111
33 66 259
5 65 87
92 32 307
13 194 209
93 166 266
72 171 261
41 63 106
9 74 115
95 144 306
93 160 262
14 63 77
44 177 241
4 182 220
77 192 299
76 43 219
1 52 70
54 66 125
81 15 105
47 163 369
95 26 162
66 51 158
99 135 292
19 197 227
18 106 129
5 40 164
12 144 166
20 130 317
75 5 81
4 109 114
40 147 199
43 110 287
100 112 220
23 124 312
28 139 298
12 75 97
61 146 210
9 161 179
27 67 143
4 64 144
79 53 134
86 22 242
16 107 161
76 191 279
49 89 148
59 104 331
82 135 224
21 143 192
75 89 187
3 170 180
26 38 100
24 164 333
45 41 87
35 118 156
63 183 272
97 57 221
98 14 117
86 131 223
41 143 228
44 34 272
76 93 219
58 128 187
20 186 214
44 135 179
71 155 233
12 86 140
6 179 229
19 89 226
20 50 132
96 181 303
56 119 176
49 57 278
23 119 281
78 52 142
42 0 44
91 7 120
14 38 176
21 88 112
90 166 266
87 31 121
32 26 61
83 48 135
20 193 237
67 157 264
43 46 99
86 33 126
8 20 60
61 153 267
34 60 95
96 95 201
43 76 162
78 131 265
24 136 192
33 30 166
93 187 433
8 81 116
94 126 248
65 5 101
57 30 277
36 45 259
49 21 215
64 120 194
5 66 75
96 36 192
40 139 248
34 131 175
70 53 124
29 162 233
13 106 178
