940 2
23 27
89 7
2 27
54 2
58 18
17 31
42 5
20 96
84 68
30 1
91 25
86 35
88 19
82 36
26 59
43 27
74 15
56 99
74 19
72 4
78 15
54 91
51 29
16 55
55 79
50 72
61 94
87 40
2 32
27 1
33 48
36 33
9 3
50 13
56 51
34 75
60 1
4 88
70 37
38 95
43 71
4 13
43 94
84 13
63 53
39 19
75 53
89 22
67 1
76 17
38 13
16 46
1 41
3 84
79 53
79 74
91 54
13 94
93 99
25 16
43 21
91 43
48 21
90 32
90 21
18 85
71 7
42 65
71 25
59 83
57 82
39 31
45 35
95 8
90 92
40 64
52 23
44 96
87 26
77 47
6 99
14 12
15 43
100 21
42 41
65 88
56 24
60 58
91 70
71 69
23 52
6 29
11 57
36 69
76 3
31 3
33 46
69 65
1 91
98 76
61 16
70 56
9 40
17 23
78 29
48 90
43 89
99 38
85 94
47 77
24 6
42 95
46 73
53 57
42 57
64 77
78 12
14 88
25 58
76 71
29 3
91 40
98 43
60 53
19 57
33 42
99 88
14 12
50 1
71 73
46 68
74 60
5 97
14 45
85 22
24 15
100 27
26 49
91 67
77 100
49 8
1 66
26 35
59 56
88 96
10 17
86 65
82 74
67 76
80 93
30 1
88 64
36 50
14 95
15 96
32 94
74 78
97 82
62 74
77 17
60 14
82 43
90 51
7 29
28 67
87 63
96 70
67 87
46 19
66 47
94 83
72 79
66 51
66 84
14 70
99 99
34 100
31 74
60 51
90 32
7 92
73 2
83 1
61 31
64 76
37 79
75 79
94 84
39 36
41 60
88 83
85 33
40 36
15 6
58 52
75 22
96 55
18 50
82 99
44 37
84 30
39 99
58 46
73 14
89 51
4 94
34 32
44 75
84 66
27 79
67 43
81 82
91 73
95 7
60 78
91 74
55 47
65 41
58 65
97 29
87 64
43 54
86 71
10 49
62 68
40 28
40 87
5 63
89 27
8 57
84 86
13 88
60 60
50 13
88 82
25 41
85 4
83 81
1 63
66 69
28 50
75 21
20 25
26 92
92 65
42 37
2 31
25 53
75 76
78 44
17 71
43 88
99 6
94 24
29 12
98 18
88 51
41 26
21 59
31 41
89 86
91 43
16 37
80 58
20 34
77 89
7 25
18 17
32 35
62 63
10 38
55 79
43 5
75 32
91 46
41 48
45 89
58 6
20 5
6 53
15 61
33 10
25 54
40 34
47 73
36 61
51 15
99 21
14 71
73 32
85 77
12 82
19 62
87 94
97 2
54 42
4 57
95 52
14 20
22 20
70 84
31 84
91 81
4 47
50 38
37 54
72 89
46 32
86 1
33 48
48 42
44 75
43 7
17 53
28 91
43 55
1 64
64 63
99 69
78 87
40 28
30 83
18 63
53 25
74 93
77 8
34 87
53 5
4 67
23 89
95 32
52 73
49 93
85 19
55 73
3 24
88 24
20 8
73 57
48 44
87 3
52 14
59 99
78 5
56 83
60 4
93 9
44 87
14 23
5 8
27 75
27 33
40 79
5 59
56 77
61 21
15 49
24 94
10 71
84 25
88 31
97 88
30 76
95 82
10 95
77 21
74 49
84 79
19 15
1 44
29 4
62 11
21 23
54 6
8 72
17 19
66 30
84 60
57 96
36 24
59 100
7 41
37 80
72 42
63 95
70 69
57 22
71 19
8 52
25 20
21 89
85 67
89 96
96 4
11 22
54 74
71 7
38 34
54 91
54 47
65 75
42 18
95 35
63 53
2 73
54 89
3 83
55 34
57 20
89 81
33 44
23 47
60 28
58 71
60 89
33 61
64 71
69 34
2 57
1 90
90 78
35 54
41 62
60 59
100 7
56 12
19 79
66 65
78 59
20 70
40 20
52 67
8 77
18 66
19 52
88 93
10 91
83 97
49 33
16 57
4 1
44 26
64 10
83 67
55 5
43 50
94 92
51 70
66 2
26 10
89 83
52 49
40 61
74 48
82 9
19 60
75 68
25 16
23 98
98 34
18 72
88 47
31 48
87 88
35 11
52 3
11 74
78 11
79 72
88 34
72 3
67 57
1 90
16 61
1 89
66 100
93 88
52 63
14 47
22 6
62 60
84 14
93 8
61 37
8 37
29 29
55 71
75 48
94 57
77 49
58 90
20 83
38 53
11 86
7 42
9 12
5 74
1 7
87 61
7 14
64 72
95 47
4 93
23 2
48 7
20 45
86 37
73 61
21 88
98 81
30 91
88 80
23 5
11 2
87 23
80 61
47 80
78 61
35 83
59 87
89 84
85 43
82 30
77 55
42 77
96 58
96 40
33 98
22 45
20 50
85 87
88 79
98 95
34 86
84 22
8 37
11 52
37 15
45 100
93 28
57 38
6 88
47 12
25 31
59 100
79 99
30 57
55 97
51 95
74 99
88 78
58 49
69 15
96 87
49 99
1 68
41 44
64 99
12 59
39 77
85 6
47 67
39 79
93 51
67 66
11 36
35 76
79 5
66 8
28 44
65 52
22 37
95 6
87 46
57 33
34 43
4 73
80 74
72 56
27 24
34 48
98 32
41 19
57 95
76 14
13 15
12 89
8 90
67 48
89 10
69 33
53 87
55 66
79 71
86 94
42 77
29 22
10 32
46 74
53 16
65 86
27 7
85 59
93 89
26 84
36 89
69 2
98 6
20 19
85 54
34 20
45 79
64 85
18 2
43 43
38 70
21 74
67 62
71 14
92 79
19 9
98 37
61 88
33 78
94 70
36 58
40 50
1 38
23 75
32 59
14 62
93 71
33 88
61 24
11 34
56 11
59 24
64 44
69 7
35 45
19 80
24 55
58 55
80 65
67 84
80 59
76 70
68 60
61 43
38 36
43 66
34 58
98 38
9 31
36 1
15 79
18 93
75 89
28 54
1 89
43 78
56 24
90 59
43 85
9 90
75 27
33 49
32 67
78 4
15 20
36 68
37 38
62 78
32 55
93 86
45 53
16 9
47 53
71 52
18 91
17 90
31 8
60 4
85 54
43 79
33 67
4 41
30 14
49 5
17 91
17 58
82 39
31 32
7 28
57 87
23 84
92 97
63 9
69 53
82 84
21 37
39 59
46 54
25 9
14 17
81 10
27 70
90 2
63 70
24 72
63 70
98 7
51 54
10 41
90 39
45 80
66 43
66 52
49 30
46 56
42 91
38 11
67 4
22 81
71 88
67 23
44 18
10 22
85 67
91 70
49 56
75 6
41 79
35 50
76 92
78 68
98 40
23 69
65 21
89 69
37 58
5 43
20 6
32 11
86 29
87 22
79 70
72 59
12 94
97 22
27 96
21 3
27 56
49 67
56 38
17 57
96 62
70 50
18 55
70 90
85 100
44 24
61 19
68 60
95 49
4 93
32 20
1 65
62 58
72 29
35 57
11 96
1 53
24 86
69 30
29 35
82 82
45 97
97 82
91 48
62 32
44 55
23 25
84 17
58 64
83 92
99 5
8 33
43 28
44 68
46 91
75 61
28 8
17 100
60 29
96 82
86 17
22 71
45 58
3 40
91 21
33 6
98 94
20 43
44 44
38 53
67 78
93 90
88 29
75 58
59 84
5 38
14 14
54 62
72 69
9 47
75 54
82 37
52 83
59 30
68 51
44 49
78 2
39 36
66 86
34 96
86 56
64 96
30 27
24 92
23 80
10 89
21 37
70 78
43 46
69 60
89 57
4 2
85 55
21 31
87 79
34 41
75 76
87 36
21 54
36 5
63 53
4 82
72 77
42 27
8 11
17 92
7 29
32 74
66 4
89 16
31 93
65 64
12 98
49 19
70 29
32 46
55 71
80 7
42 71
100 10
5 70
87 3
15 47
28 27
59 36
26 42
52 59
3 17
82 84
58 63
22 66
99 59
10 41
49 47
78 56
85 80
48 60
90 75
86 38
46 64
44 73
44 79
73 48
48 4
44 42
84 31
89 81
50 18
73 91
81 11
57 15
39 66
47 37
10 72
29 80
45 21
89 41
17 95
85 47
19 8
59 86
100 68
83 65
21 100
98 10
51 84
41 13
9 79
81 91
24 12
39 48
63 38
91 38
41 20
8 27
6 86
18 61
81 50
98 80
34 60
26 4
66 94
100 71
19 39
8 25
94 47
88 31
23 93
12 22
95 37
37 2
95 90
23 75
26 99
