140 2
96 92
15 100
21 40
14 75
4 40
74 87
49 51
92 26
10 76
89 81
32 14
90 99
39 88
77 16
73 6
45 69
55 85
48 9
65 83
44 2
54 63
14 56
47 82
59 91
20 56
23 94
67 84
35 79
69 100
62 60
56 94
76 35
42 32
12 36
58 32
97 60
73 79
86 49
44 4
64 42
24 63
28 46
34 44
36 77
90 36
72 2
67 25
11 31
93 53
63 72
98 31
89 61
83 92
63 58
3 12
38 29
52 89
32 40
85 75
48 61
71 68
45 55
96 71
43 46
90 59
35 40
33 30
16 93
25 41
16 96
69 98
89 24
25 28
95 62
36 93
76 98
68 77
37 13
25 38
30 47
23 39
2 91
69 17
36 6
7 71
38 90
17 82
97 63
14 2
74 37
61 62
57 44
24 7
33 62
15 9
52 63
10 74
81 88
7 20
20 73
39 11
32 16
72 98
54 78
77 80
29 100
67 49
58 57
39 76
55 40
73 80
8 79
95 13
98 27
81 28
34 85
11 21
31 23
71 10
21 1
53 58
89 77
61 38
5 30
37 91
37 90
59 10
88 30
34 81
76 85
26 55
15 70
29 83
20 35
19 10
8 22
40 77
96 73
37 57
16 60
