100 2
59 41
97 10
2 59
80 73
13 10
69 28
65 34
17 45
9 32
48 37
21 57
70 91
39 79
84 68
2 86
71 39
85 14
18 34
15 14
96 71
20 35
37 78
27 92
44 27
88 82
34 65
63 33
7 12
82 55
36 6
1 43
99 17
82 34
21 95
57 71
91 55
72 2
15 10
89 20
70 5
48 75
71 19
56 17
6 40
47 6
46 27
88 32
86 14
46 100
72 53
80 96
20 31
21 23
53 4
23 95
43 53
86 95
32 35
21 90
14 49
5 61
29 26
59 45
40 30
29 4
85 25
52 43
36 9
99 36
45 83
66 52
87 69
43 4
15 34
23 75
34 5
14 77
56 45
94 41
56 78
66 15
50 74
25 33
6 91
56 1
67 69
88 93
95 95
86 26
47 56
9 86
43 80
41 85
16 93
39 65
40 86
53 42
52 90
38 71
17 25
