200 2
80 7
87 11
35 57
85 55
63 78
57 54
35 28
97 66
15 45
56 15
37 87
87 76
63 68
86 40
6 29
51 77
8 1
27 39
28 99
18 98
33 38
42 16
1 64
96 56
23 17
49 69
91 30
65 72
86 46
10 51
95 6
56 3
59 10
41 74
55 74
52 91
82 54
38 15
52 3
42 22
80 59
89 47
12 56
14 32
56 76
52 68
11 51
40 96
44 29
43 100
22 10
66 82
15 68
66 25
100 45
45 94
83 19
31 14
19 33
26 23
78 20
98 98
84 10
23 99
81 64
60 97
73 98
75 58
88 73
83 82
80 42
81 41
20 57
9 61
57 81
39 36
76 8
46 65
10 40
60 58
5 8
48 37
10 83
12 79
77 65
50 60
75 71
95 6
58 74
84 25
42 78
61 65
20 8
58 14
44 92
11 65
83 23
6 32
91 57
57 68
67 79
21 47
48 37
50 53
100 44
87 77
7 81
83 43
9 43
13 72
87 50
37 33
93 85
78 20
43 11
75 85
19 45
40 84
90 85
51 17
77 91
11 40
72 49
83 43
17 86
90 95
88 68
12 83
86 55
66 47
3 47
40 24
28 44
99 63
25 29
18 20
10 38
13 65
99 70
95 68
5 85
44 99
80 17
77 49
20 21
24 89
99 80
22 93
57 6
53 47
87 93
31 57
79 37
97 96
58 30
69 31
40 61
25 48
87 74
57 60
99 37
100 49
65 68
54 21
26 78
18 33
7 83
62 48
71 14
92 67
16 37
11 98
21 35
58 66
19 56
12 29
58 45
4 54
7 51
65 48
31 50
11 48
29 4
41 13
92 84
43 19
18 5
37 61
90 18
98 91
61 58
79 1
11 3
33 28
20 71
94 78
68 55
15 100
37 31
39 16
