840 2
59 66
79 53
67 94
29 25
44 46
89 58
2 63
57 31
95 13
99 22
85 28
13 42
43 44
81 6
88 99
41 57
87 5
46 17
83 12
68 62
80 78
87 95
29 67
36 91
36 34
6 40
48 66
69 27
14 10
40 9
40 62
7 84
90 14
97 20
30 83
42 7
26 52
69 57
15 42
81 97
51 100
69 78
10 96
5 75
82 57
58 80
58 69
7 19
30 82
39 100
81 35
46 55
66 38
34 53
61 74
38 4
98 30
99 55
93 55
39 3
9 56
28 18
79 41
62 28
98 64
65 85
27 16
46 75
64 47
58 91
21 77
91 86
19 85
57 30
14 66
51 72
100 96
27 91
5 18
73 12
43 72
48 91
85 39
83 21
30 30
23 39
12 49
95 48
9 71
45 81
95 33
69 32
75 56
50 4
60 27
39 38
50 61
91 33
50 23
94 16
45 96
81 74
46 70
37 84
11 81
63 35
95 79
15 55
9 57
1 44
2 21
22 10
66 86
13 52
73 71
10 83
37 13
30 98
39 36
86 62
50 90
8 91
76 33
72 27
89 63
58 37
4 95
17 76
93 17
69 52
37 86
82 31
26 99
4 20
55 82
45 96
4 74
93 83
75 50
91 24
15 72
25 54
49 58
59 16
77 96
49 54
53 56
10 1
18 41
96 51
31 36
23 5
18 17
18 88
90 29
35 79
76 70
6 10
27 93
57 55
71 29
54 63
46 80
95 3
13 61
58 79
10 42
20 82
39 36
52 16
36 38
4 79
22 28
32 100
45 9
59 39
51 47
56 40
18 49
7 15
71 50
32 63
97 17
49 28
9 73
75 97
46 95
83 49
79 82
43 46
75 98
21 82
24 63
88 57
49 34
12 39
78 6
4 28
71 42
1 23
96 43
44 9
94 93
27 35
100 37
88 33
71 52
62 19
24 69
69 30
74 1
39 61
97 31
30 9
33 47
36 49
94 95
90 11
48 88
62 38
75 26
20 46
12 15
34 90
76 59
68 67
60 76
41 28
9 18
89 2
38 2
75 42
37 32
57 64
84 56
55 13
66 25
7 90
68 48
65 7
8 13
93 90
69 62
32 11
40 27
75 11
42 12
9 33
30 56
62 69
53 22
81 14
2 63
71 10
71 59
13 6
79 86
52 81
68 41
55 39
17 43
98 59
7 53
83 71
84 1
19 55
75 85
26 32
93 10
48 34
23 91
96 26
2 52
5 7
24 25
7 24
65 56
43 83
89 43
90 3
87 42
18 22
37 95
13 13
38 20
4 52
53 62
5 14
41 10
33 41
95 76
73 19
3 13
52 55
32 27
95 67
19 17
18 18
36 5
5 41
30 76
17 24
86 23
7 48
49 18
84 4
13 85
95 79
97 6
10 15
98 27
33 69
40 27
29 74
13 25
30 83
23 47
24 67
49 15
28 21
32 94
77 33
43 53
87 37
43 17
28 39
24 65
52 39
99 39
79 57
55 1
23 34
75 66
56 55
25 35
23 96
7 94
75 46
32 56
97 59
82 86
61 81
32 36
85 74
71 82
81 47
23 80
61 30
46 52
100 12
43 89
23 50
52 48
43 73
9 35
63 98
50 21
48 32
82 66
8 80
54 54
39 14
35 61
48 29
32 52
75 90
48 21
37 57
100 35
98 51
56 93
41 86
30 44
27 72
75 90
89 90
53 17
98 82
99 74
71 44
96 32
20 38
26 91
97 50
64 76
20 39
14 44
61 11
21 83
59 83
90 54
26 96
81 71
29 42
35 28
85 37
53 71
43 65
96 55
32 86
74 4
53 13
51 94
69 19
38 73
61 76
82 31
79 78
97 98
70 85
10 54
13 46
29 87
65 11
13 51
66 84
26 89
60 12
4 32
3 64
27 61
17 49
8 61
89 22
100 99
1 13
36 69
79 55
62 71
92 3
72 18
50 94
36 74
27 16
17 16
37 51
26 76
99 39
99 57
51 24
42 83
36 19
96 75
82 22
50 90
38 45
97 52
27 25
77 14
59 18
96 75
76 81
39 2
28 51
74 34
65 86
11 86
15 24
83 53
90 50
92 38
73 59
12 80
53 58
87 4
53 88
71 29
28 43
29 77
15 5
14 50
14 22
45 99
74 4
15 52
100 92
32 73
78 35
94 75
5 98
97 11
25 29
30 35
35 28
61 86
54 62
85 27
88 36
69 13
37 6
73 70
89 34
12 94
8 10
56 64
77 28
5 10
33 70
12 14
52 2
37 75
84 91
76 85
85 11
99 4
7 40
84 21
5 20
68 72
54 54
16 52
70 5
96 10
80 78
6 32
38 19
16 99
26 34
65 96
43 39
71 34
20 8
27 41
26 10
55 8
90 62
73 86
13 63
76 13
27 70
49 8
11 42
62 13
90 12
64 15
27 18
91 13
75 88
40 3
18 39
60 86
1 21
67 72
84 12
38 12
16 17
69 59
81 39
41 18
63 90
10 99
78 28
56 61
66 48
63 49
38 55
25 78
10 31
71 11
5 82
64 39
79 15
85 49
16 74
37 22
32 83
20 16
45 37
7 10
91 31
11 43
28 43
7 53
77 85
56 85
24 50
9 53
71 33
45 44
22 42
23 97
84 64
95 40
10 1
18 82
47 37
63 93
9 91
60 75
70 77
91 79
36 67
68 46
55 50
78 37
65 73
77 29
8 4
48 14
76 81
90 94
44 56
58 45
85 52
27 47
47 100
65 38
19 24
58 82
93 12
59 20
50 52
18 98
84 47
52 47
4 34
49 2
61 3
85 6
11 38
84 36
15 29
1 49
66 83
54 24
34 6
90 66
57 100
14 1
1 82
53 53
70 77
8 87
35 98
13 63
18 69
19 1
61 53
22 25
65 93
15 16
45 85
21 18
30 19
71 19
24 23
72 20
37 2
69 36
61 42
20 68
25 46
78 76
77 39
5 1
35 12
5 93
97 71
35 58
78 15
30 48
14 91
15 32
45 86
4 100
41 25
41 100
57 19
22 99
83 68
76 17
1 56
38 16
82 90
86 47
63 72
6 77
98 60
68 31
4 17
70 3
10 4
39 14
80 37
92 43
32 39
10 79
43 98
17 98
66 98
13 84
34 37
61 72
53 59
37 94
81 17
71 5
23 11
83 66
87 72
79 29
3 50
29 97
45 64
72 83
91 4
87 30
60 72
75 99
15 86
19 13
29 85
80 93
92 57
33 31
93 52
77 74
2 41
43 71
42 45
64 48
76 74
40 90
99 3
70 98
36 24
74 95
1 54
78 56
73 82
7 89
39 46
20 67
78 70
55 2
49 9
94 7
50 43
54 59
31 30
58 97
35 48
57 6
11 52
41 19
57 54
12 29
54 85
72 9
39 76
71 8
18 46
29 82
3 66
36 25
62 93
52 79
79 21
82 79
51 38
35 39
59 100
64 24
42 2
69 37
87 24
31 96
19 33
23 28
39 66
1 99
5 36
11 59
91 17
40 15
93 43
44 32
51 77
14 42
69 44
41 59
37 75
4 50
23 64
73 49
2 21
36 22
48 58
8 31
98 28
29 85
19 80
44 87
77 38
46 24
29 11
42 82
69 18
68 50
29 6
36 3
18 78
56 51
24 89
80 77
12 57
21 13
63 38
21 77
18 17
4 39
12 53
60 70
99 23
16 46
88 31
76 23
52 49
78 27
61 1
51 29
17 46
97 5
28 16
30 76
21 65
6 39
69 100
46 1
24 20
6 54
13 86
75 7
14 74
31 83
32 28
48 80
29 63
78 63
11 78
