800 2
100 24
57 38
10 39
65 42
91 59
86 24
50 7
21 73
23 43
34 99
97 51
88 68
52 19
58 24
72 67
39 6
58 54
55 33
18 2
58 84
49 88
27 19
62 9
91 27
44 27
94 71
52 61
54 89
18 46
78 17
28 68
56 93
65 61
78 7
53 86
89 4
34 67
67 51
76 87
30 23
8 89
43 100
48 100
31 34
1 45
4 88
68 78
99 19
61 26
74 54
96 11
42 77
58 55
33 100
2 41
25 88
84 95
42 53
58 8
95 61
65 77
60 64
91 44
45 33
21 56
10 76
91 4
31 68
34 19
24 62
27 52
96 17
59 94
27 24
8 91
23 23
83 19
62 14
14 98
10 60
48 84
63 55
78 16
63 14
55 22
8 100
38 21
79 70
48 15
37 35
71 52
74 71
30 5
48 23
14 55
75 2
27 75
23 24
4 24
96 53
73 71
2 13
35 24
87 51
35 64
10 8
55 70
4 10
58 60
98 3
28 11
52 25
58 100
6 44
88 2
5 38
75 26
27 24
53 59
24 33
36 49
74 29
15 57
21 73
36 57
56 31
72 1
70 29
73 5
95 51
97 42
34 8
21 45
79 94
79 71
42 14
90 78
29 95
78 29
17 60
90 21
98 64
24 70
12 21
74 16
50 29
45 84
7 39
99 73
55 8
17 56
92 54
58 51
83 43
22 59
22 71
83 39
46 27
76 63
34 80
96 81
76 48
3 58
93 1
65 70
56 39
1 54
96 64
47 97
53 3
22 6
70 2
86 92
14 73
22 77
6 22
24 99
10 48
100 39
31 80
5 36
34 70
74 5
75 29
23 21
45 25
32 27
23 1
22 32
46 9
6 20
48 84
43 45
8 15
80 94
29 44
37 43
92 88
5 29
52 75
65 71
72 37
89 27
80 25
97 100
32 25
21 38
32 51
21 76
55 17
1 69
4 45
73 96
95 69
83 30
16 17
35 97
35 12
21 75
8 57
100 43
97 77
51 41
79 77
79 18
8 16
19 32
64 52
26 10
62 59
40 76
48 36
21 9
2 50
24 77
100 35
83 12
73 27
58 44
80 13
76 17
24 51
58 10
90 30
13 62
48 30
93 52
17 55
36 61
41 20
86 66
81 52
33 50
14 19
90 4
80 55
16 58
99 30
4 1
74 76
21 85
95 69
35 41
18 35
8 25
22 91
14 9
46 89
30 43
46 2
41 13
35 27
93 99
18 13
75 82
14 39
31 86
7 67
57 63
76 60
82 18
34 60
78 17
48 89
95 33
17 20
12 65
70 31
91 33
81 87
42 90
70 15
76 24
95 1
39 99
70 62
64 6
56 64
82 49
74 26
27 31
97 22
76 76
72 56
46 13
46 80
8 22
44 60
92 70
86 38
56 36
8 67
43 82
65 46
95 68
68 25
95 70
22 100
42 90
56 91
62 18
52 23
3 95
66 35
51 62
17 85
75 100
22 47
40 28
100 82
41 95
48 11
75 51
22 72
21 23
24 45
2 97
14 69
24 46
94 85
82 52
22 97
39 58
23 71
53 25
76 98
33 24
83 2
12 22
21 32
36 12
37 73
74 23
77 2
2 78
90 84
54 51
22 89
57 6
18 53
52 1
34 44
7 75
47 56
25 24
9 62
37 83
6 3
92 30
79 10
7 95
98 11
74 29
32 48
98 26
69 80
23 18
21 39
60 12
12 76
29 49
1 89
6 54
3 68
19 60
63 85
5 42
52 36
52 15
88 96
54 8
61 56
17 51
37 28
91 68
92 46
2 2
74 42
30 60
23 26
35 55
12 57
55 85
19 29
87 15
27 26
53 15
2 83
80 34
37 92
12 56
39 18
26 92
13 50
45 36
37 15
96 26
59 23
60 61
85 50
67 47
62 54
97 5
55 89
27 33
78 38
24 80
6 36
55 9
61 42
44 13
66 71
57 3
12 64
80 79
73 25
23 39
90 24
6 22
37 72
29 57
40 35
99 35
10 99
64 22
29 35
45 55
100 43
26 65
50 74
33 58
73 98
2 22
46 38
99 69
48 96
29 49
98 18
54 72
73 6
36 89
60 23
26 67
56 94
91 35
9 84
2 1
77 44
30 65
44 81
41 62
95 35
23 12
51 93
36 31
42 100
76 78
3 5
75 100
29 62
69 10
34 87
55 7
40 63
83 82
53 95
13 38
29 59
65 67
34 36
28 59
7 51
94 49
11 70
97 58
84 45
54 33
54 60
17 87
50 97
30 52
71 9
48 85
39 89
12 67
48 67
96 78
74 5
8 20
58 61
90 22
74 15
2 100
67 40
43 6
90 59
84 72
50 3
38 31
47 53
97 55
5 44
5 30
91 32
57 35
55 76
66 32
28 4
51 62
83 57
86 28
3 52
61 90
16 71
18 24
95 24
54 53
61 74
83 36
100 11
79 3
99 66
58 66
83 65
56 43
28 65
98 43
87 77
6 50
61 97
27 74
54 27
39 88
22 90
66 89
80 65
97 62
52 4
95 41
82 42
3 86
82 39
74 18
18 16
89 59
8 34
83 72
55 98
90 98
10 70
52 88
93 57
4 53
51 27
24 8
98 9
52 98
21 74
87 2
61 25
75 75
23 99
66 79
11 87
73 69
21 63
16 72
20 54
90 42
99 27
99 30
60 12
59 95
1 69
55 40
79 34
22 52
76 38
21 4
27 92
90 76
69 88
86 31
12 87
99 31
42 39
88 82
77 89
3 15
37 46
100 73
79 54
58 4
49 77
23 9
79 44
69 57
25 1
48 34
78 68
21 35
30 72
66 96
100 36
85 32
7 90
19 89
87 95
10 60
93 69
15 54
61 65
1 50
82 49
83 35
85 29
87 15
44 83
68 75
97 98
7 14
49 84
33 99
75 93
85 19
84 66
12 43
1 26
58 100
6 15
61 7
77 20
53 81
39 6
58 7
27 4
66 81
70 5
67 82
9 59
21 52
20 68
22 77
54 71
23 84
99 38
39 68
42 97
4 85
3 59
19 67
65 85
75 44
73 24
83 83
60 81
36 12
10 54
70 1
55 76
88 15
93 77
50 15
22 61
52 51
17 2
72 5
68 18
3 31
80 16
59 8
82 97
23 54
25 87
34 36
35 28
42 77
49 81
84 24
83 33
43 67
88 63
1 11
23 2
95 96
38 85
85 19
39 21
85 48
28 53
77 3
75 12
20 29
59 47
32 2
24 71
35 73
58 52
91 8
32 79
49 84
98 58
1 17
97 38
32 49
41 18
98 89
40 6
46 46
29 90
98 55
33 65
97 11
90 69
57 48
100 36
87 3
32 52
90 35
66 70
19 16
46 92
73 58
64 32
67 48
36 92
52 53
20 26
17 30
55 5
49 52
60 78
100 80
68 53
37 75
10 17
48 75
40 73
63 86
23 18
96 7
33 24
78 68
50 24
22 53
73 80
17 2
50 54
51 10
59 73
75 53
23 25
45 49
79 76
77 85
20 76
95 78
94 71
32 28
42 97
71 95
62 52
72 66
60 91
64 58
79 24
48 100
56 2
39 16
32 33
68 23
7 67
33 78
32 13
42 26
78 68
96 25
98 77
11 20
17 52
