520 2
16 63
83 86
66 29
3 76
74 74
62 36
89 96
13 76
24 50
62 83
90 56
39 74
17 13
42 9
92 69
24 52
90 3
51 72
69 68
63 9
67 75
69 92
84 16
97 97
27 85
16 24
77 89
24 1
72 58
41 16
6 17
74 27
84 21
12 72
33 97
5 11
16 65
39 47
70 22
55 85
1 32
39 6
67 38
85 69
57 18
74 63
89 41
67 46
78 69
66 27
89 13
85 6
31 5
25 19
39 28
18 78
71 28
76 46
36 17
94 80
55 10
71 33
34 49
84 21
52 59
11 33
87 55
89 19
69 27
10 81
94 35
82 90
83 25
92 48
73 85
83 66
78 21
54 20
41 56
49 4
78 32
10 35
16 69
15 88
71 53
9 43
82 12
47 43
100 35
19 29
36 2
13 49
29 49
14 16
23 68
94 40
76 63
13 68
45 90
74 37
71 35
78 13
7 22
41 97
50 24
45 95
87 69
71 77
52 62
76 17
34 2
88 66
92 20
85 17
19 49
73 95
35 7
93 82
48 91
100 32
87 78
54 91
59 24
57 46
60 65
37 36
55 67
92 30
40 82
12 40
53 99
41 12
82 11
10 94
31 12
22 74
8 11
96 37
71 64
2 55
87 66
94 18
62 64
66 88
87 69
90 16
52 2
79 25
96 1
92 55
90 69
96 45
32 95
85 68
88 78
6 78
58 22
87 98
68 29
23 10
47 18
66 46
7 55
64 49
22 48
15 44
87 32
70 99
16 38
39 62
38 34
28 1
95 81
73 51
28 40
83 66
5 60
80 63
8 46
1 79
59 43
39 46
14 1
45 93
24 52
46 2
13 56
63 26
11 68
66 20
53 16
63 1
20 99
85 33
29 61
51 48
39 47
55 24
69 35
14 57
85 57
21 18
46 96
56 1
46 91
26 15
25 37
6 18
51 54
96 43
5 21
86 26
62 86
35 16
54 63
71 64
88 92
17 42
97 98
100 52
65 93
95 50
17 15
14 3
17 20
45 65
2 99
88 31
7 87
44 55
77 95
2 56
62 38
37 63
11 98
55 32
80 20
94 66
24 32
36 99
15 34
90 32
86 55
26 61
91 14
90 94
65 79
24 25
76 81
82 20
30 16
17 52
5 36
25 19
55 3
79 26
12 7
49 53
68 40
90 82
30 29
44 55
62 8
66 55
83 7
39 15
35 47
36 45
92 54
32 41
7 24
6 1
7 85
96 42
28 37
61 36
78 13
56 24
33 63
47 43
39 15
13 86
2 88
71 99
17 43
47 95
47 96
100 76
68 78
48 31
84 36
27 75
50 12
14 17
81 96
78 16
6 76
84 25
25 91
58 13
10 70
80 44
39 93
61 98
26 69
93 20
6 17
25 54
71 92
33 98
72 45
47 58
81 92
16 56
9 62
54 68
65 3
22 77
36 90
17 38
6 73
8 89
25 95
51 64
88 69
66 10
22 57
97 66
50 72
100 50
52 78
35 27
24 1
21 74
28 76
90 2
66 59
65 91
93 68
34 39
29 38
91 35
71 16
22 29
6 69
31 38
6 82
19 36
18 35
7 83
32 27
69 15
1 84
45 81
78 48
42 11
91 71
34 93
18 53
79 38
42 8
81 2
46 29
94 36
23 33
3 69
85 100
100 75
14 93
96 89
49 84
33 81
82 78
71 27
57 29
42 35
27 75
81 97
51 20
58 30
94 93
56 48
19 62
12 64
24 59
24 23
25 73
63 94
24 83
37 3
40 21
23 51
88 78
25 9
19 10
55 32
59 83
52 13
93 68
18 94
97 2
78 13
49 50
3 15
2 98
83 6
17 32
99 11
35 19
81 77
2 2
14 70
95 44
91 11
26 18
62 98
73 57
21 40
43 62
20 32
8 70
89 35
81 70
16 3
6 14
70 38
14 66
54 19
1 29
4 30
55 50
19 46
84 37
29 88
50 88
92 15
63 22
15 29
14 37
46 10
79 43
16 47
11 6
78 20
23 55
68 43
77 24
87 55
20 86
88 39
80 37
45 14
35 64
85 48
34 92
10 1
20 100
84 19
41 19
50 58
93 62
9 15
74 55
94 36
19 12
42 17
24 99
50 46
41 64
55 62
89 53
78 82
43 18
84 32
50 54
71 64
69 69
64 69
69 30
50 11
75 92
54 68
74 100
89 96
29 90
12 31
47 1
27 3
47 72
61 18
15 8
45 47
100 18
38 59
19 71
54 32
27 29
8 96
18 16
90 91
19 49
94 4
90 55
48 7
90 14
85 75
10 62
77 21
4 19
47 19
11 32
10 2
73 54
20 98
24 61
96 18
96 68
90 39
61 53
93 44
