900 2
44 20
8 54
40 88
11 80
94 14
3 54
14 89
96 49
83 49
89 79
12 3
8 97
90 94
68 82
17 21
86 33
18 95
16 52
69 19
54 65
17 20
88 11
82 64
46 82
52 22
84 49
80 73
100 49
19 4
68 25
81 35
64 74
91 12
96 1
2 45
73 30
18 85
82 82
82 46
64 17
98 17
71 81
59 7
91 26
21 19
4 6
83 85
60 35
72 44
79 64
95 17
33 25
72 60
16 19
79 45
12 38
43 24
92 6
43 87
66 83
3 91
19 81
67 52
3 49
6 37
71 4
23 24
34 2
54 46
39 62
34 58
52 89
78 44
6 92
75 3
33 11
82 65
94 75
65 43
56 51
89 34
27 5
13 50
43 81
46 56
18 29
66 72
63 68
66 66
57 94
49 45
55 90
79 80
31 10
27 50
85 7
54 83
17 18
76 3
12 13
94 25
72 49
2 36
62 76
36 86
97 58
11 97
74 79
2 28
66 3
27 43
16 98
93 94
33 67
76 98
42 94
32 72
22 92
73 38
40 10
76 92
97 16
34 59
73 94
7 47
30 40
57 17
72 31
76 46
12 95
53 61
28 82
8 73
43 94
29 17
85 94
51 64
2 72
33 66
98 67
52 81
68 96
99 53
43 49
89 85
20 76
22 48
100 85
85 69
85 24
21 68
22 92
69 1
98 98
15 68
28 20
32 48
27 6
56 66
66 44
55 69
94 39
88 55
63 53
82 64
65 3
79 52
36 42
71 29
62 35
94 36
74 42
74 61
43 19
11 30
46 82
26 11
62 42
45 88
91 43
77 81
21 65
90 80
63 36
69 91
59 36
12 88
9 91
82 38
68 50
88 21
55 57
42 98
16 96
84 16
79 80
64 55
33 43
29 35
79 53
46 41
10 99
46 100
83 56
40 15
79 52
57 68
77 55
31 93
2 7
73 27
45 95
65 24
8 15
51 25
5 11
98 95
42 74
61 84
82 20
23 36
19 17
68 36
98 70
96 28
40 99
85 77
22 62
49 53
71 7
73 81
67 99
33 56
84 89
7 11
82 65
5 36
2 27
26 39
71 1
10 43
29 57
96 31
48 68
52 52
96 63
14 45
42 34
35 54
3 45
32 75
20 51
6 79
56 63
35 96
52 82
90 18
64 18
7 81
43 96
27 51
90 39
80 74
9 14
77 89
20 91
68 45
53 57
95 81
88 20
65 47
95 6
22 11
46 42
93 84
85 28
72 32
3 87
64 59
44 41
71 18
12 21
50 24
54 34
28 78
48 51
62 83
66 35
37 96
51 1
58 72
79 100
3 62
44 11
86 73
90 73
13 78
65 9
59 62
48 48
9 20
74 87
89 36
39 13
40 78
100 22
44 27
87 13
55 36
80 70
23 67
98 87
98 32
67 100
83 44
85 74
61 35
57 57
56 45
49 100
41 75
5 62
3 47
42 39
93 79
34 84
91 27
82 40
29 99
56 69
61 85
64 14
44 53
73 23
19 93
1 75
35 99
79 7
63 52
89 31
39 15
45 27
47 76
60 60
16 7
85 7
15 16
43 83
33 60
59 30
99 37
79 34
31 85
10 85
34 89
69 62
18 23
46 47
60 65
44 52
33 14
29 44
35 83
94 82
63 40
13 51
69 43
84 48
60 28
80 86
41 20
31 19
69 47
48 45
71 3
100 87
96 75
45 63
96 77
39 63
47 65
13 84
53 52
6 20
68 99
34 81
82 16
100 25
53 22
31 28
95 95
84 82
39 57
1 39
3 60
14 33
52 76
57 82
92 13
33 94
64 86
76 63
93 89
32 38
16 72
45 92
41 74
44 6
67 92
28 64
37 48
92 99
52 5
16 60
4 25
78 50
13 3
10 59
45 79
87 4
85 6
98 14
57 96
5 50
59 74
83 35
74 5
63 70
56 90
77 23
68 41
41 88
13 51
91 20
15 96
47 75
100 31
86 71
99 75
55 57
52 87
32 46
26 55
63 31
48 87
46 91
68 77
53 6
63 8
59 17
18 69
69 28
35 100
11 28
30 45
14 97
25 79
1 10
35 25
7 78
60 40
22 64
82 40
79 30
56 52
87 29
41 62
92 99
94 73
53 57
99 9
89 35
67 3
26 91
99 86
2 86
7 59
87 93
30 47
100 81
56 47
72 20
50 4
66 23
44 24
86 54
31 94
61 76
34 91
100 9
19 65
98 67
50 55
75 14
12 17
87 17
26 22
10 34
81 85
22 42
21 49
11 14
75 63
83 70
73 19
43 80
40 51
98 98
41 58
34 81
81 35
49 48
90 28
24 48
88 41
36 37
10 15
67 13
99 89
69 86
98 90
44 11
28 49
58 25
66 3
88 44
19 8
27 71
83 83
70 13
89 76
28 57
93 55
66 39
100 13
69 100
36 64
11 34
49 86
18 22
4 10
34 85
67 32
26 32
42 35
8 13
15 24
57 22
70 27
50 2
26 1
66 62
100 51
38 60
62 6
94 74
2 54
85 86
62 56
14 70
31 100
60 49
19 95
78 48
1 62
54 84
62 89
9 82
54 24
13 64
19 6
37 70
68 67
51 72
7 85
39 14
65 50
74 29
6 29
86 21
50 39
84 43
52 33
79 55
60 39
14 76
79 11
52 5
42 92
88 97
30 78
88 3
50 33
73 5
73 93
91 97
63 83
2 30
39 17
44 85
15 91
77 58
88 7
16 71
9 95
48 72
74 13
25 51
70 19
75 51
60 2
60 36
23 16
43 32
9 77
32 82
51 94
18 100
44 22
52 1
18 23
15 55
74 95
97 4
71 91
66 59
47 36
66 2
19 78
30 26
99 48
70 30
97 65
39 25
88 80
82 11
1 53
47 58
31 42
11 62
40 44
33 49
74 28
99 89
91 45
16 4
21 95
11 39
7 98
12 20
70 32
25 12
74 43
48 66
82 75
91 62
73 75
2 29
44 98
78 59
13 64
64 11
63 90
4 25
5 45
53 65
58 8
74 39
10 17
33 90
49 1
43 12
51 33
70 30
98 82
81 72
76 42
27 31
58 50
72 34
15 97
72 59
98 52
59 60
86 56
8 2
50 36
29 40
42 84
92 76
92 59
87 82
86 30
11 82
98 61
98 31
6 30
29 23
34 75
54 96
93 93
58 43
97 64
34 44
15 100
1 39
70 36
69 6
76 39
90 57
93 28
15 70
12 45
50 3
44 38
21 62
7 59
77 100
75 47
75 92
39 62
53 16
14 14
7 62
74 61
51 40
58 47
38 87
96 45
54 44
60 20
66 73
59 20
22 50
88 74
27 38
65 44
35 88
4 98
27 75
2 78
65 34
88 49
68 45
95 54
2 56
49 93
76 94
77 24
84 92
53 9
28 67
17 53
71 61
5 80
99 57
57 59
57 77
48 60
6 97
84 27
73 73
53 19
49 29
64 60
76 24
96 98
57 9
86 11
8 57
98 31
46 16
17 71
77 54
23 24
85 5
53 70
84 22
37 26
21 30
25 88
100 31
7 19
28 79
76 30
33 36
49 3
52 91
4 49
73 34
91 30
88 1
52 79
45 84
17 25
44 57
69 51
42 100
18 77
40 12
18 65
44 32
62 92
7 5
49 34
33 68
72 44
37 69
62 100
44 32
14 15
75 81
97 98
67 2
33 22
47 45
40 19
68 1
42 32
57 53
98 39
17 47
43 4
62 72
55 71
68 82
58 70
51 4
87 24
6 30
93 76
17 22
16 32
10 62
5 12
80 92
42 72
52 54
27 76
100 74
85 17
70 61
73 68
100 62
21 67
64 26
90 10
33 21
40 73
47 53
23 74
15 61
86 74
51 40
39 15
55 2
31 25
98 24
70 72
65 1
61 1
3 42
11 90
6 23
68 63
40 44
88 11
20 3
19 88
21 94
91 84
97 1
11 93
63 47
39 47
35 9
51 36
68 64
80 18
85 90
9 8
35 52
54 17
60 41
84 95
3 100
13 46
22 52
88 88
74 58
33 36
22 7
30 93
51 8
62 69
99 44
38 95
70 25
26 2
74 48
