760 2
43 75
44 81
87 61
1 72
56 11
74 79
28 9
34 91
47 71
39 25
34 90
42 51
50 29
11 10
29 70
71 48
7 27
38 24
25 53
21 86
95 18
5 32
25 40
59 38
24 34
53 27
84 14
3 39
30 85
58 92
75 54
65 95
89 87
85 51
70 4
5 71
84 41
91 91
19 73
36 49
97 75
7 20
84 12
83 85
63 57
37 9
60 34
25 5
39 27
41 8
20 30
69 47
7 21
21 72
79 36
55 51
44 24
58 97
44 94
97 98
21 26
26 18
67 20
80 30
2 18
3 18
43 52
74 14
28 27
2 30
3 29
26 33
53 60
57 9
94 89
16 86
55 59
47 2
57 55
19 100
62 79
79 45
97 41
32 96
8 23
36 83
48 27
8 11
23 30
95 75
72 99
34 63
22 31
4 28
35 92
17 6
17 70
38 59
9 75
95 99
3 12
59 92
21 21
85 17
38 7
48 8
57 93
53 34
85 70
60 94
100 14
61 83
82 89
64 42
34 53
14 80
77 24
34 7
50 47
82 70
30 69
57 20
87 61
81 19
44 65
9 24
20 41
77 6
75 89
44 50
51 98
69 37
92 33
65 93
95 19
32 63
32 81
25 58
74 99
10 24
13 17
11 12
7 16
68 59
66 6
31 90
45 89
71 54
96 79
7 86
10 59
7 63
38 89
5 81
29 77
20 46
14 76
80 80
33 89
46 23
77 41
95 98
15 64
14 23
23 19
64 50
96 33
32 29
72 59
24 21
3 47
38 20
19 15
49 23
49 87
42 88
34 76
83 49
25 25
95 95
1 89
70 26
26 38
38 39
57 3
40 65
67 64
66 77
75 43
2 35
60 3
22 2
48 79
88 49
99 65
88 45
10 79
99 41
25 88
58 64
33 80
90 24
51 55
82 85
27 21
77 95
41 54
30 35
24 58
64 61
41 22
21 46
73 20
3 54
11 52
45 70
11 19
78 18
4 84
48 74
93 21
20 76
37 15
10 42
99 53
28 6
20 76
41 41
97 86
90 75
52 30
56 32
60 86
93 20
83 53
23 80
93 38
86 98
24 6
56 49
10 43
85 34
80 66
4 83
86 71
44 13
25 27
93 14
29 84
69 98
6 6
35 74
69 29
91 21
9 83
11 23
20 13
23 10
48 96
38 66
85 15
92 48
69 20
56 70
54 69
64 52
39 2
14 98
75 15
68 42
34 72
69 8
50 40
40 97
18 87
1 6
50 23
73 65
64 57
82 68
62 32
41 67
42 100
95 50
82 52
37 52
96 40
100 96
16 77
56 93
17 28
38 85
24 15
79 19
92 56
19 23
10 25
24 3
40 89
9 6
37 21
79 33
69 28
15 37
94 63
66 73
99 90
15 12
61 79
58 20
98 53
76 79
77 79
36 74
89 68
13 84
21 66
90 26
15 95
71 3
8 29
56 55
53 3
95 89
96 22
91 1
8 1
45 26
96 21
70 44
25 70
51 25
13 1
42 81
6 42
23 35
32 68
31 71
91 1
46 71
89 21
54 79
22 85
100 73
99 79
8 8
58 51
69 90
56 21
59 97
56 32
30 23
72 27
65 79
50 87
27 28
62 53
96 11
65 44
82 15
81 70
97 99
52 23
51 59
14 32
56 71
40 100
14 1
10 25
20 85
65 21
26 29
92 78
20 13
87 70
66 94
29 45
24 60
95 77
94 9
68 62
42 91
98 95
90 3
52 62
64 50
13 84
6 55
97 81
93 48
75 22
1 82
69 67
13 84
35 32
99 10
80 17
60 78
57 53
15 59
65 89
15 46
76 54
75 69
83 32
70 89
39 45
85 64
23 95
87 3
92 94
20 90
51 49
48 90
52 69
50 98
22 79
46 74
13 18
42 58
27 40
79 65
76 73
21 44
42 29
78 35
86 56
81 82
2 98
57 95
39 18
75 78
3 57
35 81
61 19
98 80
53 55
76 39
9 98
57 74
80 51
63 3
72 1
71 77
59 40
88 88
64 33
72 46
88 80
74 37
52 36
10 66
25 78
65 39
15 53
60 32
37 59
67 81
44 27
52 94
75 69
69 14
49 38
100 75
69 4
34 38
41 2
78 22
85 82
66 51
2 42
22 16
5 21
52 18
59 6
51 52
38 71
78 8
3 70
23 35
69 33
46 67
14 99
29 1
72 70
74 72
25 86
6 43
62 40
86 70
71 31
80 77
95 61
34 96
14 71
45 54
31 2
20 58
48 2
7 1
28 6
87 45
93 50
98 87
52 14
76 100
77 46
83 27
3 46
50 38
13 72
34 99
73 25
57 70
86 38
56 58
73 7
65 98
62 93
3 84
16 68
61 21
54 83
5 4
15 81
97 27
55 48
89 16
7 30
35 38
39 33
17 77
77 6
51 62
36 86
44 55
72 52
48 22
39 5
49 19
100 17
15 42
45 79
77 56
62 18
41 55
99 23
24 24
16 78
2 43
31 28
82 83
85 38
57 4
34 64
40 62
50 39
70 37
88 42
48 77
29 77
56 42
22 13
30 69
29 41
1 63
11 18
37 43
94 45
28 14
22 90
77 8
1 95
32 51
17 85
24 12
9 92
100 61
31 100
82 19
82 60
64 21
55 99
35 69
83 70
94 32
80 45
72 42
92 87
42 71
42 22
24 75
86 40
22 88
45 18
92 41
13 52
15 65
42 63
48 79
11 58
9 8
44 7
68 82
7 47
40 77
12 34
58 59
40 35
61 30
98 47
82 28
46 99
19 39
57 68
94 96
94 38
15 60
16 46
75 39
90 74
59 26
34 38
78 27
5 43
30 63
66 69
4 29
25 16
68 28
54 11
9 89
26 31
83 67
77 24
55 5
66 61
65 69
23 72
9 46
23 62
70 61
26 2
37 72
56 24
41 88
9 41
24 16
57 89
40 53
42 85
28 42
94 29
62 66
7 13
66 73
14 46
55 88
62 25
38 36
49 64
12 95
62 57
96 49
21 76
51 76
9 40
29 27
51 18
76 78
74 33
49 81
56 34
44 7
79 76
74 75
4 89
5 15
7 69
77 71
44 62
30 74
3 69
30 88
91 44
21 13
91 11
70 77
53 85
67 38
37 22
84 38
50 36
95 66
100 67
39 80
97 86
79 93
59 75
48 57
22 72
48 100
63 43
82 91
74 45
97 67
17 67
95 15
76 7
23 19
10 57
96 75
60 94
69 78
85 85
81 10
18 39
68 70
25 82
78 58
11 60
2 43
97 75
68 39
34 43
13 35
27 55
64 98
21 67
51 67
14 11
24 93
28 82
4 27
68 65
44 97
56 69
15 100
11 74
32 79
63 69
11 36
44 74
2 3
95 80
85 93
74 81
22 14
57 60
74 7
48 41
19 72
55 55
75 27
29 48
12 81
85 41
96 65
69 97
3 97
