740 2
5 57
37 6
64 13
98 57
91 25
17 60
77 71
7 46
91 96
76 87
47 83
4 30
86 97
9 7
2 51
37 87
80 28
39 99
93 2
27 89
75 16
1 36
45 17
5 28
55 6
65 79
90 98
37 9
10 70
39 81
79 13
29 84
44 79
79 23
70 46
45 98
97 32
48 88
73 44
19 6
47 50
10 5
8 53
63 73
74 2
83 3
51 74
55 71
8 10
70 50
92 57
62 34
6 100
90 31
62 65
35 89
88 17
92 28
85 25
73 37
40 75
90 48
29 3
1 51
63 59
49 98
21 43
42 2
28 21
82 45
2 10
64 28
49 41
33 17
51 24
37 14
59 69
33 24
75 8
81 24
85 74
90 100
20 29
29 40
43 13
9 2
95 5
74 6
83 54
87 6
46 32
1 82
98 70
72 53
66 33
32 2
20 15
12 50
51 57
29 18
79 1
37 87
43 59
43 97
73 72
70 58
42 73
24 12
22 76
95 76
99 55
40 22
51 6
30 31
54 86
23 2
89 19
59 48
46 67
24 10
33 60
60 4
89 77
17 1
57 15
12 45
21 29
92 97
71 1
24 25
56 90
22 13
83 78
93 85
22 9
46 68
16 67
74 63
93 1
88 47
73 13
56 14
99 15
65 56
28 69
48 43
71 71
11 94
76 41
73 96
60 89
61 22
91 89
13 49
72 67
6 91
7 97
99 44
31 62
69 98
90 78
28 9
71 49
78 20
66 75
62 23
66 36
43 40
7 85
13 66
18 22
93 97
62 21
1 7
23 71
28 79
38 69
17 81
30 18
85 20
8 33
12 36
36 63
36 84
28 94
17 96
68 96
15 9
54 47
74 78
91 26
90 2
87 17
95 81
95 2
17 5
82 27
7 36
92 90
20 29
17 17
92 57
64 46
17 90
14 32
48 92
25 6
100 98
17 65
12 54
43 7
53 33
51 26
1 88
8 45
92 77
30 57
59 59
46 51
75 13
79 69
29 17
99 10
88 3
84 21
77 12
54 88
88 96
10 61
39 49
78 6
21 75
96 68
28 16
4 34
32 95
70 36
9 80
50 51
21 20
73 11
26 16
54 63
2 65
8 47
52 72
48 54
51 59
97 6
50 30
90 51
20 11
74 66
51 47
47 8
39 75
37 100
98 33
39 84
5 57
56 51
26 88
40 78
99 25
92 29
73 54
45 2
39 83
78 49
22 59
25 17
22 50
18 56
16 12
38 19
33 28
53 86
18 95
44 84
72 90
42 35
87 20
13 87
66 66
82 6
69 95
64 77
88 80
13 95
80 53
19 82
31 93
40 92
11 85
77 74
88 49
34 29
26 72
44 31
18 93
37 59
24 47
86 8
47 69
31 29
32 34
26 5
89 31
10 11
91 47
86 68
64 52
4 48
93 35
48 60
100 94
50 89
73 87
35 64
43 59
52 76
92 93
35 93
99 82
43 26
47 31
56 48
73 61
35 51
50 94
77 100
65 49
9 56
27 36
17 11
23 44
37 48
3 69
90 2
74 43
80 40
66 12
44 24
98 52
77 19
42 48
74 49
51 39
58 24
15 31
2 59
36 18
31 48
100 92
76 16
35 24
50 16
37 7
86 34
84 70
75 26
32 21
54 15
39 100
41 40
28 92
8 58
73 53
29 85
99 59
29 14
88 3
4 69
83 88
94 16
64 68
46 22
19 16
11 48
94 71
58 12
72 36
41 21
27 47
85 36
95 23
56 65
59 34
35 88
84 87
64 7
15 64
25 83
21 83
87 4
89 68
53 44
95 19
29 57
60 58
17 74
56 52
88 42
53 25
25 60
1 15
36 8
83 6
98 81
90 46
20 57
69 9
4 48
42 84
67 85
6 5
4 20
62 88
23 94
17 9
40 24
41 60
85 25
16 55
4 78
39 30
74 89
16 99
28 98
51 68
81 89
12 64
22 5
26 16
26 49
80 45
45 91
20 67
100 51
23 93
4 77
83 24
74 93
81 63
32 45
17 93
48 79
46 85
88 28
31 19
22 20
82 89
99 57
30 90
79 25
67 78
78 23
1 37
47 61
89 89
29 46
29 17
30 55
55 12
65 45
5 61
51 12
7 71
59 6
66 24
50 78
64 16
98 65
21 26
49 5
13 2
63 16
20 51
13 46
83 71
29 72
87 72
81 24
91 12
64 86
81 56
91 98
34 69
34 100
52 62
26 42
57 97
34 17
19 27
28 89
20 19
21 92
66 3
82 14
97 78
38 33
20 45
72 86
95 73
20 92
86 88
81 24
23 94
46 52
8 49
24 80
44 28
48 84
7 50
32 82
93 62
32 9
83 15
69 8
35 51
88 63
36 14
31 1
63 86
41 30
72 40
99 16
84 72
42 20
2 85
10 29
100 50
23 52
85 8
66 37
85 52
30 74
93 61
85 47
50 9
41 94
36 61
6 47
41 33
73 10
23 81
85 9
48 12
55 93
35 10
10 73
99 87
44 43
55 35
3 73
86 12
74 93
49 76
28 76
42 58
71 64
46 24
8 62
1 18
3 33
22 56
21 86
2 10
80 84
64 13
18 94
85 12
20 40
10 26
74 32
97 92
56 80
52 60
69 73
83 59
52 5
73 67
61 28
10 22
55 63
62 30
11 78
99 24
17 57
84 50
87 98
4 59
44 90
74 68
69 80
61 84
70 54
46 31
82 27
81 88
74 90
89 40
26 15
78 12
81 99
49 43
40 25
4 66
87 93
75 82
43 24
30 16
19 6
21 16
76 9
46 4
100 45
63 49
35 37
73 82
59 37
62 1
92 7
1 18
54 72
60 51
40 40
70 86
98 56
64 52
39 74
58 76
58 40
12 54
26 50
45 55
89 5
33 43
5 3
53 32
46 41
90 29
61 26
5 76
95 50
35 73
55 79
24 60
57 11
15 82
73 84
46 18
73 90
49 29
42 27
7 89
48 76
60 93
2 23
48 45
15 21
68 21
60 53
87 27
55 39
31 11
41 79
38 68
80 72
73 98
43 79
51 45
37 53
85 56
32 39
43 97
34 38
96 29
40 91
33 10
40 79
16 51
73 78
76 32
97 78
32 91
34 36
75 58
37 29
74 35
53 34
3 68
98 87
85 90
72 22
19 29
7 76
43 65
54 17
78 93
62 93
28 74
86 69
83 99
67 75
35 13
32 21
14 2
98 74
58 17
8 89
23 15
62 98
6 62
42 39
67 45
25 37
81 91
53 48
44 61
75 17
100 17
5 32
2 6
39 36
73 56
39 49
9 19
93 79
29 73
7 4
19 95
46 14
18 100
15 27
94 60
43 51
46 68
91 77
51 25
