560 2
86 61
55 43
3 23
34 10
22 87
98 2
77 46
61 75
1 63
32 61
15 6
3 73
88 38
30 68
65 22
97 19
100 13
13 39
95 43
58 63
95 45
70 33
85 63
33 47
59 2
46 39
91 43
67 100
85 77
62 15
35 88
67 94
82 3
19 53
29 85
19 46
64 4
32 74
95 90
56 47
27 96
12 25
49 82
14 36
81 87
70 58
68 23
34 87
45 43
51 76
54 36
40 25
6 75
67 90
44 79
16 56
59 73
45 37
15 2
64 88
19 60
88 20
67 38
80 72
86 21
39 63
37 9
38 2
59 6
28 37
76 16
7 63
40 1
56 46
85 1
7 33
18 45
37 65
86 99
72 20
12 92
35 19
94 26
56 75
11 38
29 5
61 46
32 87
82 50
55 52
13 34
39 77
40 23
73 56
87 42
75 18
88 99
26 33
18 54
71 26
39 40
11 39
73 81
60 70
24 49
56 13
18 68
57 89
41 65
88 92
46 60
46 55
60 54
53 60
4 72
4 99
54 12
97 18
79 39
32 75
66 48
17 80
70 73
38 7
97 51
17 52
86 1
60 98
67 59
7 11
8 35
84 14
43 77
13 38
73 62
89 43
8 16
95 75
87 66
95 92
7 90
27 67
19 72
95 64
18 29
87 82
20 39
81 40
93 1
63 80
89 26
15 9
1 20
78 16
67 13
32 27
14 61
4 65
57 51
8 16
39 52
62 24
31 70
34 79
88 57
85 79
16 56
19 82
3 24
19 96
85 31
22 66
95 90
70 26
61 62
38 38
86 13
76 64
48 86
36 51
50 90
14 60
54 55
19 4
37 59
16 73
50 2
75 39
5 83
84 85
80 57
6 46
18 60
93 59
36 2
21 46
65 65
27 45
91 68
50 66
9 23
84 20
46 84
93 73
44 59
92 18
36 98
85 39
51 9
83 62
49 61
78 85
24 74
91 65
100 85
68 34
17 90
42 76
75 45
75 80
52 9
6 4
94 21
30 13
86 14
64 87
61 42
98 30
99 94
31 14
23 94
50 97
54 9
8 79
33 15
5 96
10 57
98 48
78 81
4 23
42 14
90 58
49 18
82 74
72 26
26 33
63 57
87 37
29 26
95 21
56 68
25 12
75 4
81 86
13 27
5 18
1 47
100 53
73 70
10 44
24 88
94 94
83 68
64 25
27 74
61 65
46 46
80 72
18 9
57 55
81 49
10 73
11 17
67 39
13 16
64 30
7 77
70 43
3 29
38 33
50 91
46 9
21 37
10 69
74 31
67 79
65 40
52 80
8 70
90 15
75 61
34 84
4 5
44 54
34 26
43 98
8 18
27 71
94 43
97 85
8 31
64 10
73 79
90 98
5 45
10 54
77 95
79 11
71 62
17 35
93 6
14 5
64 65
29 84
45 56
62 39
30 3
8 4
100 26
69 78
49 88
88 95
3 71
62 7
50 99
49 90
17 56
90 55
71 18
15 57
16 79
48 46
25 44
56 8
31 30
12 76
2 30
53 96
97 69
73 6
2 93
32 8
10 8
17 57
24 37
6 41
45 78
84 32
38 17
78 51
62 85
16 85
10 10
33 70
27 64
91 95
46 29
57 92
39 47
100 71
38 84
32 68
35 41
90 70
65 14
7 45
53 91
80 63
36 11
27 18
67 30
40 95
71 27
16 48
93 19
5 31
90 57
84 98
59 15
3 64
5 35
36 76
50 39
11 8
36 79
50 64
3 49
50 57
6 29
27 49
24 85
56 69
7 85
40 5
70 98
45 4
78 97
44 34
97 76
28 97
4 44
93 80
56 55
94 95
97 8
14 71
50 93
87 37
69 60
55 74
93 73
99 67
34 21
49 60
96 31
17 2
36 88
36 11
32 99
70 38
44 74
51 5
79 36
47 35
85 33
84 99
78 2
16 40
73 85
42 34
23 57
60 3
57 2
60 5
46 62
82 72
28 53
8 75
11 36
79 71
41 9
57 24
34 99
36 34
64 17
30 81
23 19
80 84
7 30
15 84
5 24
88 65
57 75
41 6
71 92
30 8
92 34
33 3
87 46
70 92
6 77
31 45
14 10
65 57
15 66
10 31
27 42
74 48
88 54
10 83
55 37
19 4
42 78
47 43
53 84
48 61
38 80
4 21
48 6
38 20
76 4
14 78
28 41
66 92
100 95
66 75
92 45
28 49
75 5
85 93
20 49
98 84
11 10
29 73
65 74
81 71
94 54
69 94
16 68
7 78
61 85
68 67
57 41
35 25
74 38
32 43
32 99
47 30
59 41
96 15
89 31
57 94
53 47
11 46
72 65
10 47
84 62
78 30
58 54
30 73
17 69
32 100
53 87
75 86
18 78
34 37
44 41
16 11
53 54
65 19
74 64
81 99
26 24
59 2
22 16
54 34
98 71
92 61
96 13
17 5
56 4
89 22
10 17
66 68
50 55
46 17
52 90
72 31
92 38
16 44
44 76
78 79
14 93
6 10
95 46
58 53
81 58
95 56
38 97
62 90
