980 2
2 18
88 50
17 78
58 50
11 16
98 50
50 18
99 93
70 52
56 2
99 25
40 77
67 17
35 52
71 77
81 87
53 62
84 6
16 51
48 49
21 64
96 63
88 38
6 21
9 47
64 17
27 12
92 19
42 19
36 23
26 44
20 44
96 50
5 1
67 42
96 67
80 40
77 50
9 58
24 14
47 8
44 99
20 2
81 47
94 30
43 26
99 12
25 93
16 66
35 48
53 3
43 79
80 30
37 85
20 32
20 17
93 92
92 16
1 78
11 19
75 35
34 96
29 93
14 36
90 83
10 36
4 69
63 66
29 34
89 26
88 82
60 62
76 98
70 20
89 39
6 97
20 13
15 55
68 19
30 12
28 63
80 73
88 96
67 11
65 14
84 2
6 88
73 50
20 40
21 53
45 60
67 99
79 97
56 28
87 43
47 65
61 58
37 100
45 17
54 28
99 90
39 65
67 69
19 26
96 97
64 81
20 41
40 38
96 24
17 82
42 26
42 15
9 60
68 87
72 97
24 71
4 43
6 32
33 44
47 30
71 95
68 24
66 61
21 1
34 57
51 61
56 49
49 91
6 69
17 70
70 64
39 42
91 90
65 58
11 93
86 17
8 81
61 41
27 10
88 28
92 50
72 47
78 25
14 48
100 97
91 18
51 17
13 85
84 5
62 38
92 11
33 34
29 1
82 16
2 50
11 36
37 46
19 76
77 49
40 46
91 60
40 35
27 28
9 77
79 62
13 16
88 47
30 30
32 36
75 58
22 80
56 79
60 4
12 4
97 6
96 27
82 39
29 38
39 77
77 64
47 95
92 70
90 46
71 92
53 81
9 94
68 68
65 12
61 66
52 7
91 17
15 47
74 76
20 64
78 33
28 59
56 29
66 17
63 37
75 6
27 28
16 21
22 24
30 78
42 34
72 6
57 2
38 58
27 88
16 40
94 95
68 28
51 72
60 40
59 61
93 64
33 1
59 3
29 52
50 53
98 46
52 2
1 87
58 49
92 18
21 71
20 16
24 88
83 69
17 16
75 28
65 54
69 22
62 72
34 98
57 18
55 34
91 28
77 27
26 2
39 93
100 47
83 76
56 73
22 85
98 5
52 52
85 51
5 35
70 46
30 13
24 26
33 84
34 27
44 67
94 36
75 72
12 15
67 85
40 56
45 13
20 34
24 16
4 50
96 31
60 72
88 12
61 97
91 3
40 72
91 93
29 49
33 81
68 13
11 89
53 94
44 75
45 47
95 71
81 91
48 74
34 22
10 80
32 64
74 97
26 14
27 98
53 25
89 51
44 74
64 23
63 52
60 55
67 64
61 63
47 73
27 47
72 55
10 27
100 40
12 63
33 77
10 75
45 29
100 72
4 71
84 70
39 23
56 63
17 25
26 78
78 2
87 63
52 15
47 4
5 13
10 11
29 79
14 43
40 68
1 40
37 24
96 26
53 33
64 80
21 98
10 34
75 78
2 12
1 93
68 51
13 50
100 33
59 91
78 3
40 81
85 78
74 12
44 62
29 68
85 4
49 59
79 74
49 60
86 30
50 58
24 5
75 87
51 16
6 24
98 25
59 24
56 40
29 87
23 8
47 66
50 73
73 57
21 35
47 80
61 14
86 97
83 47
47 88
57 80
26 21
99 63
60 1
16 15
88 43
40 87
80 13
60 87
64 27
81 24
94 53
1 76
55 66
44 53
66 71
89 69
83 88
71 54
97 9
5 97
68 44
87 78
61 26
45 65
49 62
76 38
28 90
25 53
36 35
64 7
22 49
26 20
63 51
64 85
55 98
45 77
51 34
95 43
67 57
84 95
50 50
80 34
75 82
34 57
96 11
45 46
81 95
31 36
57 33
41 83
5 92
82 17
33 4
100 47
31 57
64 22
77 83
1 72
93 35
87 96
68 79
51 41
30 83
80 34
43 4
31 57
45 36
71 5
99 62
68 1
48 30
69 28
26 94
69 48
52 75
25 24
93 78
16 32
53 77
49 39
95 68
6 90
36 100
4 61
29 59
27 8
36 12
46 1
93 50
28 23
91 33
4 41
14 6
95 19
53 47
67 30
69 58
81 75
56 27
26 38
51 60
36 83
55 35
89 51
56 96
5 32
28 18
63 26
74 80
61 34
15 43
77 19
7 91
98 74
37 9
7 12
3 23
81 63
56 6
62 69
15 88
77 42
15 51
39 67
34 76
60 61
73 82
61 26
67 26
31 3
55 12
34 33
28 42
58 84
48 35
91 61
68 76
27 44
3 45
86 97
99 83
88 24
53 5
24 98
60 4
93 52
68 61
43 56
97 61
8 62
11 82
90 70
88 16
21 77
24 31
93 52
13 28
73 15
17 25
63 60
33 47
77 83
76 67
39 87
14 90
95 27
32 64
53 65
58 2
43 89
65 100
2 63
75 9
98 6
81 97
52 83
47 16
4 55
35 6
64 5
59 68
27 98
69 88
83 39
57 68
94 35
66 26
2 30
33 67
99 45
60 28
56 43
85 37
89 87
1 38
34 80
17 62
24 66
8 79
2 25
16 58
71 65
32 85
50 33
32 95
11 55
64 96
67 42
96 80
65 35
34 35
6 71
72 85
74 41
96 76
28 4
26 24
81 5
60 81
48 56
1 92
44 20
55 80
80 100
7 16
96 47
21 27
84 5
17 78
77 85
80 52
49 26
29 3
77 22
32 46
52 46
34 1
32 4
57 77
83 76
16 46
36 8
24 88
60 27
21 4
16 19
81 78
46 28
12 72
42 1
3 38
17 26
11 86
69 18
90 5
98 89
50 67
17 8
39 68
16 89
5 73
31 8
45 39
68 37
91 58
28 67
46 57
97 63
77 58
27 76
68 96
20 35
92 43
82 88
42 31
68 14
48 11
69 21
63 19
87 25
98 66
18 56
36 17
76 46
13 65
44 24
47 47
83 60
88 54
100 68
68 85
93 11
44 44
76 6
32 7
66 16
74 55
94 94
80 43
39 34
95 65
59 50
14 87
44 2
91 98
38 66
71 37
75 95
15 92
42 95
4 66
74 18
84 33
37 53
92 38
6 31
43 4
57 53
77 47
45 46
77 90
100 27
48 43
66 66
10 8
65 97
92 18
85 20
58 57
100 43
39 58
99 58
81 64
64 35
48 74
24 48
37 91
16 17
28 66
58 19
37 95
76 32
62 77
61 79
5 3
64 8
91 37
43 47
77 37
71 40
73 89
95 54
60 34
93 14
56 55
17 26
87 73
44 54
85 63
16 20
43 47
76 29
44 4
22 100
58 56
58 34
80 94
3 49
39 16
20 100
20 63
19 87
62 51
47 26
9 37
48 15
89 81
26 36
14 64
82 7
8 44
37 47
44 72
31 38
46 46
80 44
47 56
24 16
55 72
85 28
27 48
85 62
90 98
54 54
66 7
72 79
46 98
1 39
96 75
12 4
65 54
98 92
7 38
26 11
61 12
48 43
88 61
72 42
99 21
12 81
92 75
59 75
30 29
51 72
50 6
100 79
88 32
9 86
88 54
5 68
74 67
65 70
45 83
87 4
12 5
48 48
98 71
26 77
11 12
14 48
27 23
6 21
52 37
7 5
79 91
25 88
87 94
31 91
28 74
56 32
64 76
6 24
1 86
86 31
70 72
82 58
67 22
84 9
72 69
79 28
68 39
37 58
67 13
97 97
53 99
58 56
52 32
96 35
18 95
2 70
30 39
66 90
12 24
38 24
96 99
52 56
38 62
36 20
94 53
40 36
4 33
60 83
72 25
99 88
98 22
98 64
77 56
53 31
57 77
84 42
67 12
88 89
71 61
57 39
35 79
73 22
40 50
68 58
85 12
40 33
50 79
28 73
79 91
43 32
12 42
43 56
52 40
84 19
26 79
36 2
20 81
49 75
98 2
72 73
49 35
99 76
50 50
54 86
67 9
16 85
69 24
18 74
19 32
86 99
84 81
83 18
35 50
72 63
18 24
7 29
60 27
30 63
91 72
100 35
7 50
87 92
9 27
66 53
63 39
91 67
42 64
65 32
7 34
43 42
75 50
88 42
87 100
58 85
52 84
86 48
59 65
50 72
87 1
7 46
44 9
95 17
51 82
96 62
84 55
34 82
33 78
34 28
54 29
22 60
5 48
53 14
33 56
46 25
33 33
23 6
8 38
20 12
88 66
56 57
33 59
92 13
48 18
7 32
42 11
81 74
12 74
68 45
86 85
3 44
53 48
81 13
31 29
41 71
41 7
70 12
81 34
25 24
24 91
73 65
61 55
53 91
27 24
63 86
76 89
92 7
100 36
17 27
27 71
13 1
52 6
96 65
79 10
95 63
6 5
47 20
17 78
11 68
35 45
59 84
100 38
75 99
53 47
80 77
3 43
17 61
3 91
24 45
79 80
55 13
15 38
