380
31 58 94
76 70 296
48 200 283
35 8 53
41 157 233
54 95 154
94 197 315
98 21 158
20 3 62
89 102 210
20 21 50
62 45 115
67 68 154
46 154 219
35 97 273
6 40 179
15 15 40
98 115 219
73 169 278
28 190 394
98 74 214
98 54 156
26 197 277
36 128 209
31 169 214
48 23 72
27 71 115
48 3 89
53 138 191
29 159 209
88 64 326
100 163 300
43 169 244
14 154 173
100 19 315
45 1 73
39 147 319
80 70 170
58 153 211
83 90 182
98 90 192
48 55 121
18 100 263
89 84 197
48 158 262
16 22 44
62 194 286
63 189 287
44 174 222
19 92 115
90 85 185
52 50 103
58 59 163
51 186 241
7 97 104
61 11 76
27 129 166
96 7 114
60 121 185
94 45 142
28 113 146
91 167 274
12 146 164
74 52 171
70 25 95
82 194 280
57 132 190
58 102 323
50 130 188
38 32 80
69 128 203
30 74 104
44 175 221
63 92 171
44 123 289
66 148 233
90 189 287
98 71 328
36 64 199
64 154 237
60 71 262
33 146 205
66 68 141
87 188 283
72 96 172
46 132 284
96 75 192
60 49 138
31 31 102
76 8 119
95 14 125
80 81 161
94 53 231
18 79 287
69 170 246
13 20 63
61 95 188
44 113 175
20 51 71
83 14 137
51 81 323
57 31 89
18 34 54
34 71 108
79 161 247
45 158 268
33 36 254
55 46 106
49 34 89
63 122 373
29 140 187
52 119 232
71 191 267
21 146 197
8 103 116
71 33 142
30 15 77
57 62 168
56 191 249
26 36 98
39 69 247
94 47 291
74 42 117
99 171 274
70 81 195
92 116 373
38 31 76
87 105 204
1 171 178
87 121 233
58 142 237
86 97 326
69 119 279
80 53 141
53 187 249
66 94 200
50 103 168
90 26 128
89 126 219
90 37 195
29 14 43
12 172 193
77 142 248
84 42 155
45 123 321
18 56 178
99 158 284
2 164 170
41 132 177
44 76 150
31 117 156
63 129 201
83 20 126
35 182 220
43 165 252
24 191 252
20 124 153
14 172 222
48 180 243
74 141 387
91 157 254
79 195 300
53 23 82
60 128 190
36 10 52
29 45 109
93 8 271
53 54 283
87 65 280
24 22 142
31 144 185
24 147 306
18 139 237
53 58 114
45 193 242
28 75 134
91 102 198
73 115 200
51 168 394
88 33 137
12 12 26
97 43 293
47 158 227
42 185 227
12 30 48
56 197 290
12 100 132
2 70 107
90 162 261
96 195 316
6 72 86
78 194 345
21 116 222
83 151 396
3 102 305
47 152 202
61 41 209
16 143 167
61 36 206
52 91 177
95 108 323
11 81 138
93 119 256
40 185 349
63 200 265
12 97 151
82 59 196
51 149 206
83 127 249
6 76 122
71 181 263
33 188 353
27 8 37
81 51 141
2 20 23
6 29 58
98 146 283
23 80 231
61 123 188
58 74 264
99 0 169
84 166 256
17 89 111
67 27 117
99 185 470
81 92 234
76 179 265
55 153 214
60 177 243
82 41 130
91 160 276
64 92 165
98 82 190
89 75 202
11 116 128
53 116 179
52 73 201
42 42 90
8 162 202
63 53 123
35 69 111
6 57 112
34 68 145
9 106 119
84 118 298
42 189 240
63 75 236
12 196 394
33 112 194
64 94 260
29 182 256
88 198 325
93 36 178
25 61 89
2 138 241
76 5 115
80 82 163
41 130 179
74 44 143
48 3 61
6 3 16
34 127 170
57 72 179
86 49 153
83 200 326
32 2 40
60 52 118
2 148 253
26 113 139
61 52 148
64 188 269
87 152 277
36 152 198
94 13 116
33 115 152
59 77 166
47 89 136
35 178 227
48 51 107
53 149 328
88 103 196
2 193 232
22 197 235
74 95 173
84 61 149
11 83 123
65 28 211
1 36 37
10 88 219
20 51 247
99 74 177
35 191 238
11 77 111
7 155 170
86 193 303
57 155 308
15 19 81
57 13 91
91 107 205
37 82 121
41 136 240
93 125 242
1 26 29
65 103 176
99 136 245
83 70 182
78 175 390
6 157 292
77 57 173
23 165 189
37 169 222
59 200 271
33 37 70
96 102 259
38 184 232
7 173 205
72 192 278
82 193 276
20 161 189
34 146 189
13 82 105
53 176 412
70 1 109
72 64 140
95 10 223
85 120 324
18 143 170
66 11 79
5 21 175
31 58 108
2 55 64
35 114 198
3 29 39
89 146 250
83 5 138
21 68 159
70 19 180
90 178 305
90 170 261
24 149 268
92 117 249
63 134 239
23 183 214
3 94 132
4 129 154
80 8 92
68 124 368
2 78 116
50 13 66
75 79 158
86 131 308
62 136 203
70 88 167
51 64 142
29 24 60
57 27 94
17 91 231
14 72 91
42 86 137
37 28 89
88 87 185
5 44 83
50 40 126
56 101 181
16 73 126
47 199 250
85 74 209
78 82 164
15 17 53
15 40 118
37 84 128
26 168 199
2 154 250
48 11 64
83 22 134
1 87 89
74 130 352
10 36 85
25 7 190
60 71 138
