100
5 131 170
70 75 149
20 121 146
14 165 211
98 93 199
25 182 253
72 81 155
89 155 323
72 57 183
76 166 324
75 195 282
86 169 262
41 72 150
88 120 227
32 106 149
71 77 322
71 199 303
64 132 206
75 6 83
29 62 248
12 50 73
14 21 47
93 195 295
4 186 324
71 148 266
32 60 187
60 174 238
61 142 209
34 177 221
33 40 81
33 91 134
36 41 224
28 18 192
67 52 139
91 116 235
39 50 109
34 180 215
78 41 133
72 9 87
89 172 369
16 153 333
52 147 220
56 151 216
47 96 274
47 15 62
28 64 245
44 8 138
8 113 184
39 121 166
10 176 191
97 75 199
11 159 209
75 92 203
61 165 365
17 145 165
87 73 267
25 195 282
46 155 370
2 110 155
98 22 157
32 174 275
47 153 385
85 199 307
62 127 228
10 53 229
49 63 112
25 109 136
43 93 233
28 44 78
50 96 148
30 24 64
72 163 410
49 174 250
53 144 361
97 61 161
91 152 251
75 98 177
100 52 154
26 106 169
21 190 349
28 175 211
48 181 239
18 187 404
43 44 272
42 162 216
81 75 158
30 193 266
37 33 226
82 173 311
1 157 160
66 18 94
37 165 249
34 62 100
30 105 147
23 27 57
100 4 136
53 17 72
7 129 139
64 152 222
24 134 164
