310
48 183 238
70 16 242
54 200 257
7 108 122
54 190 246
83 54 143
28 5 151
76 95 271
90 45 222
82 181 272
6 185 231
47 112 168
17 19 36
7 9 27
61 51 156
69 180 253
96 68 303
27 57 90
43 21 143
1 136 163
53 192 353
7 183 261
93 30 126
60 183 408
5 55 61
9 141 269
4 128 184
79 117 201
70 120 193
69 70 195
21 54 121
19 189 227
32 71 287
24 83 181
69 25 97
54 80 178
58 128 240
45 99 181
99 99 208
69 55 132
1 194 205
100 44 152
19 177 202
72 44 122
85 169 257
71 23 231
14 94 299
91 157 259
30 64 100
61 13 77
25 17 51
7 100 195
38 158 199
27 131 168
2 155 164
77 151 277
20 96 223
31 119 194
79 141 225
16 155 172
65 99 178
58 126 273
37 46 87
52 149 251
99 63 318
65 118 287
18 112 131
57 47 112
71 181 252
45 120 167
54 95 193
39 183 359
27 112 181
83 23 106
33 21 63
76 53 160
74 151 374
38 189 242
79 151 238
82 133 358
75 27 111
5 76 86
48 164 222
44 89 135
80 127 244
68 2 232
57 120 193
27 125 352
18 156 240
1 117 154
41 104 151
59 31 91
58 144 246
65 68 249
73 135 209
67 151 267
41 82 316
98 74 177
65 78 162
46 156 280
33 58 96
25 92 131
81 188 400
90 155 445
48 64 141
71 144 344
4 98 106
95 194 463
91 20 131
13 18 51
47 119 169
37 86 179
100 193 476
12 183 215
74 182 302
86 21 156
76 119 198
91 187 290
22 53 77
44 29 79
76 11 129
58 44 110
14 81 102
61 99 163
73 184 260
77 200 285
76 168 247
86 152 242
90 116 341
53 197 259
73 49 132
37 106 289
36 72 129
74 135 218
84 81 185
66 118 212
62 71 141
9 134 230
41 11 61
70 52 146
47 172 224
13 78 96
79 185 369
11 166 187
100 96 197
100 168 334
52 92 194
57 75 135
71 188 307
91 156 254
41 60 140
82 103 211
54 61 310
71 102 190
95 48 143
48 14 72
61 83 172
89 174 280
35 91 190
12 152 169
48 123 264
88 89 221
13 34 49
99 117 222
15 70 93
88 33 122
49 183 431
5 82 88
31 107 141
64 39 114
82 152 434
38 191 307
11 166 183
47 14 66
78 195 314
70 9 79
57 92 153
100 114 250
37 44 197
4 133 183
29 13 52
48 187 242
29 123 154
13 119 138
91 163 254
71 49 138
77 112 189
49 126 207
34 47 119
36 183 255
97 116 217
62 148 286
51 86 185
63 140 236
68 52 120
12 145 163
83 76 167
81 120 233
75 25 133
36 66 141
14 50 144
96 86 194
23 101 132
58 180 272
1 145 194
84 14 206
72 192 285
56 123 198
47 48 119
13 15 50
28 56 109
42 71 214
52 2 66
7 118 198
9 102 119
84 138 225
97 111 211
17 7 37
33 47 236
39 55 125
2 54 83
43 123 172
40 188 416
16 77 263
52 174 234
96 173 326
50 155 211
75 82 158
97 7 238
44 6 59
36 31 137
80 111 200
22 91 303
3 143 185
49 192 244
20 200 297
1 156 190
29 79 249
24 66 276
94 112 215
66 191 301
24 42 105
91 89 211
11 179 195
78 47 161
15 177 318
2 80 116
24 71 230
38 23 61
47 96 164
98 172 271
51 33 98
31 0 65
23 81 194
49 155 208
24 46 82
12 92 123
41 200 389
80 64 152
81 138 286
51 44 102
42 24 68
47 142 198
45 116 170
24 162 190
50 51 106
42 49 91
57 155 405
83 193 464
70 19 91
46 158 210
36 99 184
26 39 232
97 136 315
78 156 238
68 116 187
15 48 65
31 151 319
21 122 147
20 135 161
54 0 75
24 196 232
38 85 139
25 137 317
11 10 144
44 186 236
81 137 223
61 84 152
50 126 324
48 163 240
72 197 371
28 127 161
94 8 146
75 145 222
18 109 133
86 104 196
97 86 189
33 83 119
88 28 121
88 36 162
39 24 63
70 199 274
95 126 255
51 19 74
29 29 92
14 160 191
71 197 271
65 122 193
23 83 177
86 173 273
