340
21 160 217
2 29 40
36 18 115
41 129 187
57 189 318
6 14 28
3 47 119
8 138 190
92 68 205
93 177 308
82 75 355
1 106 202
34 190 230
88 174 272
91 191 391
64 174 373
56 122 181
36 64 151
32 147 181
70 52 136
85 69 160
89 194 288
80 128 266
34 116 183
88 182 281
3 76 183
28 20 64
27 25 55
55 160 224
22 182 241
38 89 175
36 7 53
60 191 288
74 99 191
94 169 458
43 137 194
61 158 226
84 32 166
28 107 159
87 58 166
30 121 159
51 53 276
18 84 256
8 137 220
53 48 102
90 16 287
100 71 178
59 160 240
13 67 130
25 64 92
40 55 145
25 127 156
56 127 199
99 52 159
10 59 82
99 145 253
58 6 66
50 72 159
46 129 203
4 132 143
83 45 159
5 120 138
7 97 107
37 121 201
2 58 61
23 38 90
68 101 172
75 152 413
62 90 157
11 57 99
20 172 244
54 191 264
80 164 440
3 54 70
10 162 191
87 48 188
1 11 14
51 5 59
99 74 354
40 50 120
47 161 210
43 73 188
13 186 225
26 41 70
36 86 145
48 60 188
17 131 155
96 160 260
72 144 251
46 161 248
2 86 94
43 64 122
33 58 99
89 133 408
79 28 111
64 80 169
25 133 175
30 173 206
83 113 215
32 87 144
75 28 235
78 27 112
87 162 283
54 186 240
47 159 365
48 53 225
95 151 295
6 31 39
17 92 184
96 63 168
12 127 165
23 127 157
97 166 403
82 188 272
74 199 280
92 78 190
18 166 216
32 11 51
59 51 236
66 196 268
14 125 285
66 185 279
27 151 352
97 90 234
60 128 285
22 123 169
98 134 263
75 20 112
22 108 270
43 27 237
7 71 91
77 67 172
23 65 89
61 35 101
26 138 178
91 116 224
87 163 272
69 199 304
62 106 178
12 38 58
99 112 219
89 28 160
66 130 250
54 177 279
16 96 144
27 149 191
27 86 145
75 73 195
15 181 199
16 198 291
76 82 205
97 169 466
41 149 318
5 88 123
54 175 341
78 178 339
72 191 284
82 102 332
78 15 100
51 161 212
80 64 341
48 54 118
56 48 120
80 112 201
36 135 179
88 145 282
79 85 194
68 125 355
31 124 159
68 182 301
22 57 83
60 35 101
6 174 333
76 3 158
8 128 143
97 13 137
34 8 42
53 170 229
47 148 267
52 103 271
96 163 268
37 122 176
21 2 157
65 72 138
8 54 118
98 173 278
95 187 304
45 43 243
21 82 162
83 177 446
55 42 147
93 168 345
84 51 140
57 197 399
14 43 69
82 75 204
77 95 180
30 92 129
35 173 211
30 194 376
11 67 81
85 182 297
33 97 263
51 150 201
56 186 247
61 152 224
35 65 109
70 130 203
82 98 279
86 162 250
90 45 135
25 6 112
45 16 97
47 88 284
3 145 184
37 30 249
36 179 219
83 3 92
41 88 141
58 68 127
14 0 26
80 55 139
94 103 199
74 118 193
1 26 35
61 189 256
58 75 139
90 132 329
51 167 223
81 11 106
60 86 154
99 95 334
13 142 183
57 173 404
32 135 213
80 12 127
100 81 183
80 62 175
37 126 199
9 74 88
48 109 159
67 46 244
22 72 137
15 54 196
36 57 93
3 150 158
27 43 118
54 197 285
75 166 245
74 152 269
62 173 269
96 170 452
46 116 248
51 11 75
82 38 126
92 125 246
68 155 229
79 35 236
26 182 223
78 181 289
77 182 429
89 12 110
41 188 266
85 22 206
81 139 225
70 168 262
11 171 194
25 65 158
43 85 166
59 127 193
12 134 168
95 77 175
90 182 392
32 66 134
44 68 114
96 22 147
97 179 462
94 62 241
50 0 79
19 157 180
43 126 289
41 60 154
90 103 209
14 38 192
3 107 155
88 126 214
80 24 126
39 101 140
2 31 53
73 92 175
39 99 146
49 103 183
49 6 108
39 136 276
35 17 52
16 63 81
13 199 380
36 49 92
97 56 160
15 83 107
97 142 417
79 126 248
6 6 18
62 81 323
100 95 216
37 18 96
5 61 86
14 48 215
1 61 232
61 65 273
37 43 264
33 24 58
2 112 159
74 94 169
85 151 432
51 48 260
91 179 295
55 112 168
71 113 253
83 83 366
64 76 180
71 174 294
28 173 314
32 188 253
68 35 177
60 140 288
28 129 195
80 140 225
16 95 161
23 122 217
63 117 190
24 179 233
90 50 167
6 103 200
58 52 159
64 91 182
96 112 232
84 195 308
43 109 154
91 89 211
