130
18 49 72
26 197 287
99 173 280
85 53 152
4 15 26
65 107 181
80 15 256
52 116 209
51 103 164
57 20 86
87 119 260
88 192 283
74 125 201
7 134 262
63 127 191
48 1 96
13 92 111
60 107 173
74 64 145
88 147 241
99 75 183
84 114 203
45 182 228
54 197 258
68 103 174
77 48 133
18 59 192
45 11 64
53 34 89
20 59 279
75 42 182
90 170 288
1 83 89
28 56 131
8 129 184
17 81 100
53 192 347
76 42 260
23 38 96
44 199 250
95 195 438
53 131 202
16 41 63
34 140 202
87 45 136
62 90 285
92 152 249
47 163 245
91 104 196
100 162 263
92 194 295
85 123 255
16 151 310
78 187 272
39 126 208
39 126 289
66 135 201
97 102 213
45 43 152
77 86 168
29 134 203
88 174 267
48 85 143
1 194 337
26 70 147
64 110 206
29 11 40
85 3 132
86 168 308
68 86 170
94 6 275
97 69 171
45 46 200
9 46 55
21 165 234
35 128 173
23 98 283
54 22 85
92 76 260
69 158 235
84 28 263
39 17 148
63 184 289
30 65 121
97 4 195
77 131 216
62 25 112
52 166 225
38 16 100
9 127 183
29 74 121
26 6 63
67 99 176
18 56 80
26 158 283
67 16 138
10 154 206
91 119 242
13 72 94
29 43 79
72 131 241
51 146 222
10 146 193
25 98 128
77 84 164
47 121 188
36 195 237
5 176 189
76 48 131
76 124 231
92 136 269
23 88 112
93 60 155
91 99 331
95 31 232
78 27 137
16 123 156
39 47 87
35 182 227
31 2 46
30 54 89
18 142 175
72 182 259
49 45 284
84 60 316
10 102 115
1 119 297
66 122 189
58 31 92
39 193 395
