930
80 200 284
98 78 177
82 68 197
52 187 434
51 60 234
45 25 116
43 118 163
38 177 248
48 94 151
48 152 206
15 142 269
29 13 44
51 149 245
89 67 352
81 21 106
27 164 192
89 140 232
73 92 173
1 63 94
69 1 224
85 184 272
100 162 263
49 170 283
88 67 162
9 138 176
4 99 126
24 128 156
53 184 258
83 116 275
53 183 237
4 78 113
21 199 328
65 1 103
98 183 285
29 146 212
80 53 171
31 196 342
62 23 171
86 10 110
77 185 268
81 10 107
70 20 289
64 90 303
61 103 361
27 93 142
38 194 232
87 164 353
41 129 205
43 143 190
34 51 165
58 134 200
100 91 368
57 5 62
74 4 83
99 27 173
80 163 252
100 200 303
6 76 153
31 167 204
96 51 150
26 15 49
37 78 180
60 60 130
83 69 265
52 176 233
50 31 132
100 200 343
69 171 249
76 143 228
91 98 356
66 31 171
64 109 176
42 29 260
24 102 252
7 162 170
32 82 121
66 130 298
87 137 273
13 142 155
73 132 392
88 45 154
61 181 402
12 70 96
50 20 74
88 68 159
4 187 297
9 194 243
11 17 36
38 11 49
79 159 352
2 88 99
11 55 115
59 101 203
4 31 69
87 147 326
22 75 100
47 190 254
34 115 194
74 171 419
8 49 88
13 131 313
47 83 137
37 91 130
18 89 153
76 39 115
51 130 187
10 104 115
25 187 217
95 101 316
42 109 157
3 166 172
30 140 189
50 1 53
59 1 64
58 13 72
47 42 215
50 61 136
77 75 303
4 125 161
96 35 152
62 104 212
44 194 242
10 176 258
10 198 253
35 55 90
74 136 212
11 38 56
49 19 109
28 5 34
86 6 280
50 112 300
92 200 400
45 134 262
89 127 232
33 158 299
60 49 119
51 63 142
20 124 182
60 86 223
26 153 267
38 170 255
60 194 291
24 193 220
58 12 215
27 153 218
92 16 118
91 134 261
85 11 100
8 154 170
81 165 252
10 174 184
17 178 223
13 163 185
74 135 231
3 77 124
21 81 147
14 131 153
12 120 138
69 115 189
32 152 192
40 11 231
78 59 223
17 17 65
33 123 246
79 54 194
87 154 275
79 149 238
2 25 33
20 85 109
79 3 103
17 195 220
26 43 117
86 122 243
68 33 110
89 108 199
33 113 153
7 20 99
19 60 85
18 80 145
57 144 396
39 129 343
52 66 125
75 24 106
82 47 271
7 27 62
46 99 150
98 94 196
84 123 212
76 111 195
98 136 242
38 66 110
98 173 276
12 167 233
95 69 188
2 76 80
23 15 45
10 144 154
37 80 133
20 150 178
83 51 143
9 0 17
22 68 98
7 55 64
18 12 63
93 43 277
33 102 138
87 70 200
2 128 138
89 3 285
59 133 210
57 6 111
61 117 186
99 48 151
8 155 172
3 34 42
72 150 255
85 84 172
25 128 249
25 62 94
25 19 138
1 163 344
79 45 138
21 192 240
100 76 184
70 65 138
59 189 250
10 166 219
38 91 137
39 40 86
14 155 172
96 187 384
73 51 133
48 134 263
66 173 273
82 90 182
83 183 315
54 115 169
54 170 233
39 86 203
31 67 129
85 195 325
97 86 189
65 146 231
21 171 234
77 110 203
51 126 177
35 142 184
60 115 222
56 162 365
51 82 136
20 73 101
23 132 164
31 10 182
53 8 227
38 110 154
73 153 232
88 124 214
69 93 191
13 131 327
44 179 230
67 126 200
41 171 364
75 184 264
63 146 225
34 2 154
28 100 149
75 23 102
94 188 289
75 29 106
29 131 178
91 151 248
47 144 210
54 73 170
20 126 151
23 170 194
72 105 222
41 134 175
51 148 208
95 75 291
83 164 249
15 95 120
58 152 218
75 189 381
99 57 322
66 10 118
89 115 393
68 11 86
32 166 221
82 121 363
75 3 83
53 47 109
95 136 231
74 61 165
26 191 261
87 32 128
37 169 244
61 140 219
64 105 330
62 8 92
10 80 290
74 162 245
30 173 207
47 54 240
41 163 212
55 73 128
58 50 125
99 52 242
91 49 149
17 149 208
94 40 143
35 53 202
48 119 169
35 184 226
67 9 125
35 168 207
41 117 266
91 138 243
52 166 329
30 59 89
4 121 134
18 103 131
5 112 297
2 107 110
71 102 188
8 185 203
22 41 86
82 193 282
78 91 199
35 10 243
61 10 76
22 140 198
39 75 122
92 181 340
35 68 140
97 44 157
23 48 76
37 46 85
2 60 85
20 171 203
9 95 146
71 93 172
89 54 200
86 169 289
92 97 326
64 139 232
18 109 152
79 191 278
10 111 123
87 168 288
10 108 127
52 193 246
5 133 146
24 84 110
11 82 98
43 65 118
39 135 189
99 54 175
70 200 281
26 101 130
96 171 298
20 183 213
26 110 162
85 54 142
28 60 94
16 41 63
48 98 149
91 122 218
77 22 105
24 165 272
3 21 32
95 85 206
72 49 129
61 92 170
1 98 149
34 152 187
44 2 91
39 106 146
96 131 230
66 24 96
51 127 190
41 98 140
24 104 133
80 134 217
7 148 293
86 69 194
97 197 327
71 161 302
21 29 60
28 36 112
37 194 262
89 37 166
3 133 314
5 89 100
37 161 252
45 40 129
55 143 198
27 26 162
96 22 149
13 12 27
5 85 93
7 86 112
80 126 357
90 121 212
25 79 108
76 63 140
34 89 230
50 97 164
66 43 111
24 29 63
20 190 247
100 128 228
56 190 253
76 129 220
36 10 60
18 59 202
40 38 116
37 19 59
6 112 120
58 141 209
13 24 79
55 83 182
45 185 424
65 41 124
56 161 222
87 44 325
40 198 245
21 129 185
14 120 140
18 55 85
9 66 88
64 182 292
53 170 292
90 40 139
51 177 413
16 72 138
3 86 92
67 186 260
17 27 54
61 81 182
3 169 214
68 175 243
7 149 174
9 125 166
12 171 191
28 44 82
39 23 182
10 175 232
15 195 220
88 25 117
30 17 47
61 65 128
39 69 117
5 170 223
61 64 138
33 129 164
21 21 209
53 100 247
85 5 94
53 124 188
73 75 148
86 199 308
32 198 428
30 54 101
21 117 148
45 84 133
63 160 253
23 150 284
20 86 109
26 74 100
97 142 246
90 164 302
61 180 272
28 111 157
85 2 89
35 138 298
1 155 219
91 26 173
17 37 246
75 146 249
6 88 125
51 67 188
22 95 152
9 130 185
44 195 261
45 9 64
69 189 273
99 200 365
11 79 254
25 160 201
3 86 173
62 96 313
69 118 188
98 19 133
89 31 124
97 185 421
48 159 263
56 136 214
52 97 153
3 72 102
59 151 220
35 199 235
40 128 169
57 53 116
25 65 118
49 176 244
10 25 37
13 158 279
96 126 251
39 89 128
78 14 98
98 52 238
60 117 185
96 120 305
54 29 87
54 65 174
70 4 79
12 153 196
90 34 128
37 75 192
24 80 119
99 78 189
14 166 190
18 56 227
7 77 84
48 29 86
63 51 117
55 7 88
77 15 125
3 56 203
45 110 155
27 36 82
85 43 224
38 60 102
27 161 188
35 85 269
9 52 158
67 136 250
20 28 50
34 6 45
83 128 213
24 64 89
48 69 264
10 149 255
7 105 114
51 62 141
48 77 174
75 100 184
83 92 256
57 54 229
97 155 298
71 172 293
23 138 265
15 31 56
5 147 158
91 89 329
46 45 171
57 196 259
55 1 158
18 178 205
85 180 303
41 37 82
81 116 197
73 161 257
28 169 201
62 52 121
76 70 148
57 59 198
89 94 195
64 146 230
41 35 255
92 14 111
37 163 247
52 43 123
50 199 258
49 159 249
6 13 20
94 76 179
35 126 168
49 36 119
30 141 175
78 48 172
23 20 52
55 102 262
45 27 97
29 65 103
84 37 213
86 76 190
96 105 273
100 81 183
30 60 121
72 197 273
34 105 217
26 76 246
64 76 290
19 193 219
43 14 128
81 82 303
94 179 311
27 140 168
61 127 190
87 140 227
12 35 56
79 165 253
23 140 186
32 7 130
2 104 112
61 34 98
46 65 112
39 3 46
35 129 233
10 9 26
79 66 334
49 119 171
78 98 350
47 42 259
13 151 164
73 8 277
65 0 212
15 146 166
51 39 230
18 192 235
4 183 236
100 159 268
54 12 75
59 65 186
57 93 156
22 30 61
71 71 147
28 88 157
96 70 207
65 149 217
71 92 295
30 55 91
26 197 229
77 122 369
46 37 94
11 185 232
10 66 202
13 91 114
53 53 111
100 146 385
9 179 223
77 107 187
37 188 250
100 95 197
41 25 70
40 113 157
96 121 264
18 70 184
38 12 51
25 30 67
5 109 132
94 123 223
93 50 286
87 106 222
83 36 208
91 35 174
5 87 95
21 153 182
39 30 71
55 42 107
78 102 185
98 86 232
49 141 197
91 135 347
9 151 236
62 27 96
32 62 251
40 28 266
98 86 186
95 149 333
42 120 194
17 117 162
84 90 228
8 88 102
68 198 266
21 102 125
54 111 172
33 83 233
97 131 244
55 14 74
9 21 49
2 187 364
51 186 422
94 156 255
70 66 140
53 95 178
59 184 243
10 1 16
55 152 214
23 79 104
11 124 137
91 80 205
40 65 135
52 200 253
64 4 123
37 11 53
71 60 204
60 183 246
70 143 236
97 193 316
73 165 244
60 132 229
49 26 226
4 112 202
18 118 154
90 53 145
82 83 277
28 171 245
19 181 296
62 15 120
1 150 168
99 181 295
8 42 116
49 27 110
38 133 204
83 42 136
51 11 92
24 83 258
54 101 269
85 192 343
100 91 204
27 54 89
34 40 84
66 182 267
20 49 70
25 50 79
63 34 121
65 192 297
33 174 207
28 135 181
11 42 69
100 112 231
60 142 210
26 139 190
83 190 439
81 25 107
40 39 108
11 17 51
39 46 114
26 76 132
35 79 175
37 25 220
78 12 131
40 86 133
87 162 258
63 165 252
96 3 183
80 93 207
96 109 205
30 43 79
44 123 172
39 146 219
99 30 130
56 195 314
13 178 356
24 170 250
63 4 112
93 121 214
42 15 58
32 40 119
19 48 90
64 92 341
47 141 198
24 48 105
70 194 272
1 95 130
60 126 243
38 200 248
66 110 183
75 148 401
11 196 267
62 48 114
25 166 192
27 1 32
81 14 112
31 136 184
88 71 262
45 61 153
80 177 265
33 55 224
84 158 246
64 84 181
50 141 211
55 23 85
99 15 117
6 26 50
74 37 115
12 136 192
53 104 162
48 189 247
95 138 419
84 41 161
40 133 202
35 36 120
11 187 205
63 196 289
65 13 88
18 121 254
78 82 293
61 128 209
9 21 39
32 146 178
16 122 148
24 73 101
87 175 316
98 99 200
96 91 197
33 89 288
56 20 95
53 29 116
86 189 353
21 188 254
68 119 193
77 169 289
4 172 213
79 196 283
31 69 121
84 2 94
39 129 366
2 146 153
81 15 102
88 19 128
5 171 193
36 139 198
51 9 151
52 123 216
100 90 377
5 116 308
64 57 236
83 64 154
59 156 226
50 127 263
1 65 96
9 126 198
75 185 446
51 52 136
66 62 201
50 93 213
47 132 180
27 103 130
68 88 157
42 21 180
2 96 215
29 97 264
4 97 101
94 151 295
90 122 370
10 132 143
80 66 149
100 121 240
9 146 177
53 171 237
19 77 101
68 45 121
79 86 175
54 79 176
21 157 229
24 144 208
50 198 352
43 93 159
4 84 92
36 26 70
58 69 134
32 9 48
9 151 355
39 189 228
28 48 190
42 67 178
5 6 38
28 154 336
7 144 155
5 66 220
76 167 249
43 27 73
5 149 160
79 85 167
12 152 264
13 102 199
100 123 273
62 62 295
66 7 122
59 150 210
33 144 177
60 139 199
94 165 274
99 121 221
34 59 111
75 18 96
71 140 279
68 164 232
65 81 206
51 5 103
75 87 168
12 141 161
95 41 176
51 54 264
13 191 273
71 167 287
22 78 266
21 197 218
76 171 388
94 179 273
29 192 374
8 100 115
16 78 116
27 36 155
81 126 209
17 118 173
99 177 340
24 40 108
67 54 139
55 20 94
42 97 146
72 139 228
44 86 139
64 171 289
19 186 221
30 81 148
20 138 165
71 104 188
50 197 251
77 87 220
28 177 242
66 146 382
34 73 127
18 40 64
71 50 253
54 154 234
46 2 54
