590
83 198 481
54 159 406
82 51 141
46 40 102
89 25 132
7 69 83
26 138 167
27 172 327
17 179 264
82 43 126
34 124 158
52 156 231
100 13 140
24 186 243
41 175 320
43 155 212
23 37 61
24 37 165
14 135 154
45 55 282
36 12 57
8 94 104
92 72 172
70 79 155
65 33 259
86 108 383
52 56 109
56 43 100
53 24 85
89 124 356
32 90 124
20 180 209
95 31 134
74 170 244
17 172 220
88 190 282
56 134 375
37 100 185
78 80 160
69 171 261
37 93 252
9 115 126
98 153 300
54 33 89
85 73 193
84 126 213
25 154 184
95 95 387
12 196 208
96 148 254
41 43 94
54 198 258
93 183 284
45 144 277
47 67 118
22 188 223
14 21 54
3 78 173
46 107 158
92 138 255
44 123 215
45 113 274
64 195 287
41 48 195
74 32 251
90 18 153
70 183 348
17 116 268
49 197 250
71 99 187
40 112 162
61 88 157
10 54 71
73 4 83
29 39 71
37 116 156
55 168 246
71 185 278
57 10 75
27 116 275
25 41 178
62 49 127
66 164 275
18 97 125
1 35 73
72 125 203
2 137 139
27 62 159
93 27 163
94 172 274
94 175 316
77 1 80
80 149 233
65 193 281
63 138 234
42 190 244
34 27 74
61 135 227
45 72 199
68 52 120
39 158 381
67 166 241
94 80 181
6 188 194
96 38 141
6 54 60
29 88 288
45 44 134
4 199 235
5 167 208
17 14 37
22 148 321
77 101 184
81 74 334
36 115 155
18 81 107
2 123 162
62 35 101
95 10 116
96 135 244
8 63 177
79 29 307
51 65 124
43 79 220
67 17 168
51 125 177
48 86 148
64 156 230
21 152 175
47 38 168
40 153 265
3 184 192
66 179 361
91 35 137
55 19 121
96 25 317
77 142 229
8 96 107
95 47 182
13 174 194
9 166 196
60 32 188
28 113 151
92 161 263
80 177 428
70 74 165
29 18 47
17 67 108
55 130 185
8 53 256
28 50 109
75 116 198
32 140 179
50 99 260
46 86 177
17 160 186
78 29 122
80 144 233
19 122 339
33 114 169
22 41 68
35 105 149
56 15 222
98 22 255
36 113 202
86 131 219
79 79 203
29 18 74
17 36 63
89 67 174
35 0 59
9 128 310
12 148 204
63 20 87
62 60 303
19 178 223
85 134 312
34 61 96
76 197 321
33 143 183
14 62 83
49 11 120
65 194 259
34 73 154
97 90 282
99 119 219
30 30 246
38 96 180
24 46 125
7 73 191
30 200 236
3 92 168
5 148 297
96 182 303
77 30 107
14 81 232
92 128 237
85 160 251
60 42 206
81 63 188
51 3 129
41 48 157
35 147 185
59 37 100
46 31 79
20 55 230
93 45 233
50 197 334
25 157 221
41 105 154
1 69 145
36 134 174
51 29 180
80 50 252
85 64 158
14 79 136
7 40 75
3 44 59
51 128 183
85 11 98
49 81 135
37 37 200
28 42 77
50 31 82
100 193 326
98 129 364
5 178 218
80 138 218
97 170 439
76 81 280
14 69 283
21 173 217
63 11 75
90 17 112
46 101 200
93 44 176
20 24 65
5 1 55
70 58 138
9 11 77
40 69 138
75 39 115
70 57 127
58 197 256
62 173 243
8 180 350
28 149 185
78 44 181
100 107 211
71 155 274
9 61 77
98 43 338
16 165 191
96 181 321
28 60 92
27 162 198
19 91 124
15 164 243
92 61 249
41 28 133
8 62 78
77 75 302
23 11 202
59 183 249
49 164 222
55 104 169
11 191 236
81 182 271
99 156 281
52 25 111
58 101 168
76 101 184
96 55 169
37 116 200
84 83 179
57 73 243
28 76 107
3 6 24
23 178 366
66 198 268
83 17 106
2 45 170
8 77 183
86 51 138
14 51 131
78 115 273
32 117 150
1 122 124
2 167 356
94 148 361
29 5 38
70 13 86
69 130 306
89 53 157
67 99 348
21 145 357
94 97 357
66 142 218
70 53 208
92 127 235
31 153 214
24 99 127
45 106 160
12 86 103
47 73 120
50 129 183
56 74 133
86 83 177
43 55 125
30 162 204
42 89 134
100 192 297
99 137 263
42 2 45
95 74 214
1 14 22
51 34 92
52 124 353
28 84 120
19 151 171
87 127 220
41 97 319
43 153 203
94 190 286
16 131 155
15 20 41
70 59 175
70 12 102
78 92 171
5 47 55
44 119 169
4 187 270
42 92 139
33 20 106
60 7 91
48 27 109
85 23 172
30 119 266
39 142 181
99 32 138
9 37 225
82 116 201
11 150 201
12 142 316
21 48 129
62 200 274
5 148 194
91 172 271
89 124 256
79 115 204
35 66 111
52 1 59
99 53 297
75 121 199
76 60 309
33 127 168
13 19 103
42 119 206
96 159 259
36 165 226
31 4 44
79 2 84
98 171 318
4 117 125
11 58 200
68 17 95
57 35 94
71 120 193
24 57 86
69 116 259
76 118 338
2 71 120
69 62 135
39 54 102
51 92 181
44 1 53
58 129 245
48 61 115
75 121 197
38 63 125
27 190 227
72 87 164
85 121 211
68 126 232
85 99 231
35 65 281
3 185 280
12 0 150
61 75 141
49 128 336
41 77 243
50 187 252
23 119 142
80 115 379
56 138 278
2 71 81
25 35 92
35 123 168
77 10 87
15 29 65
34 12 78
3 20 154
91 99 190
78 105 382
78 21 120
7 165 273
98 179 376
37 45 82
97 171 315
20 106 222
74 28 105
8 88 188
59 182 245
76 118 205
30 153 212
5 95 102
1 80 125
3 172 175
73 122 201
64 10 227
100 132 278
36 180 227
33 143 376
12 50 80
39 20 130
36 143 204
74 138 255
54 123 273
54 106 315
87 161 254
88 11 142
50 190 245
14 25 157
88 162 292
14 63 87
27 173 382
61 139 377
82 35 138
34 145 186
10 38 56
77 196 370
39 19 67
55 172 363
57 138 196
23 55 87
67 56 124
57 93 158
40 166 252
81 16 104
58 8 68
1 161 246
71 116 196
11 192 218
32 15 47
37 39 82
50 5 63
73 163 262
87 55 149
34 79 124
68 64 280
56 103 162
58 32 100
60 14 193
44 147 192
45 61 150
14 149 168
32 133 298
80 145 253
81 159 248
61 52 215
30 122 154
69 61 137
9 31 42
24 107 178
28 184 214
89 65 164
40 72 117
77 17 103
48 24 258
71 109 180
90 20 124
8 51 104
28 29 60
36 176 215
58 88 203
16 175 231
54 65 127
45 150 280
20 170 200
19 124 335
29 31 66
91 88 305
100 56 169
76 14 97
80 18 99
51 172 343
81 17 261
67 20 208
97 191 294
10 140 264
94 105 275
38 10 54
68 68 168
82 0 126
29 33 139
94 93 273
11 101 204
52 69 162
36 92 141
62 100 290
64 147 219
9 79 110
27 164 195
96 177 284
38 39 227
75 68 158
49 26 82
95 162 275
23 199 260
7 195 204
57 72 132
50 83 333
37 114 197
75 90 168
61 159 223
51 26 86
79 70 255
61 46 122
81 89 173
68 188 266
51 50 110
5 3 44
13 49 93
96 174 280
70 133 233
38 11 58
51 29 82
47 74 123
3 82 87
18 118 143
54 177 239
11 134 174
15 103 145
6 12 147
99 168 351
62 4 74
72 62 154
50 45 169
77 6 92
53 54 115
87 151 256
71 188 309
37 77 231
2 92 101
60 149 209
75 78 153
65 114 264
65 47 142
35 140 313
31 74 147
3 105 169
1 151 182
66 154 345
45 125 175
54 20 108
55 57 118
52 53 105
65 101 197
3 188 208
24 196 224
36 106 151
34 133 177
63 145 209
18 159 183
32 128 177
21 121 152
71 178 276
2 16 51
24 136 161
97 121 219
11 84 188
43 195 428
60 71 135
26 64 275
68 159 234
54 61 116
58 3 76
16 111 142
14 36 86
71 87 326
