800
58 90 154
10 163 346
27 128 292
65 16 83
45 185 300
19 113 139
10 52 91
78 74 153
15 85 264
56 48 203
36 47 241
33 117 156
42 131 182
17 110 146
22 166 189
84 8 96
65 9 76
81 7 93
36 1 47
85 1 116
88 35 123
66 184 255
51 150 261
53 180 384
52 136 197
98 118 216
23 124 171
74 23 170
18 49 79
7 86 284
39 161 226
4 165 177
55 102 163
88 55 149
19 137 165
87 29 123
27 84 115
96 81 184
66 199 274
16 182 221
82 153 254
6 170 324
8 32 109
45 2 160
80 198 286
43 178 224
96 107 227
61 33 107
94 99 239
90 199 333
24 113 137
80 26 114
68 175 262
91 6 263
97 154 276
100 48 154
27 112 154
48 196 263
81 68 313
85 31 116
10 16 29
31 79 114
28 80 290
12 155 351
62 183 246
14 94 115
25 80 251
45 166 214
21 33 58
78 86 169
18 98 121
28 38 72
6 2 32
74 12 90
51 142 334
56 47 106
43 26 70
76 68 151
40 188 247
15 116 319
81 0 258
34 119 347
84 179 271
87 152 249
80 182 462
69 150 224
40 176 240
87 27 118
82 124 229
16 39 78
7 21 30
23 167 383
32 149 227
33 43 126
99 133 232
27 183 240
20 20 75
12 119 148
46 67 119
90 58 191
93 49 269
79 148 234
8 124 139
24 190 217
76 65 146
49 54 155
25 2 34
46 119 231
72 151 243
48 138 193
92 57 336
48 21 107
78 63 147
10 66 83
73 173 289
5 75 81
3 170 209
74 116 337
73 190 355
25 192 238
95 78 178
22 143 169
77 70 191
52 120 174
64 143 256
32 135 180
1 104 237
26 4 123
66 88 171
4 139 180
3 6 44
72 15 129
11 40 98
48 111 172
35 55 281
2 119 177
57 185 243
41 199 241
4 156 308
11 98 226
87 41 130
51 167 221
52 151 270
27 76 144
55 160 389
99 58 157
51 128 185
90 90 195
97 166 265
99 93 201
88 134 253
78 70 151
18 124 166
69 97 187
33 122 158
35 143 181
39 172 218
7 18 38
70 199 272
75 99 182
25 182 212
69 106 181
46 193 275
50 67 121
63 46 126
72 20 204
3 148 286
49 95 155
26 8 42
61 131 310
35 47 123
58 72 134
11 94 108
13 188 256
81 149 236
61 82 343
94 5 100
46 51 142
66 199 297
71 153 411
77 175 257
85 57 151
51 139 192
30 37 161
29 11 75
36 65 101
8 49 94
69 131 323
29 158 223
6 135 153
85 24 116
72 14 116
47 108 325
43 66 284
46 33 120
49 118 169
100 128 264
47 48 129
3 180 184
59 24 149
58 47 165
86 96 319
68 41 247
66 172 281
74 183 258
4 67 116
51 156 388
76 72 171
30 170 339
100 36 169
51 189 275
97 15 112
23 199 229
18 1 26
77 106 227
68 57 126
81 193 318
41 198 241
93 190 285
48 69 127
21 110 144
5 20 197
70 154 341
18 129 153
49 78 135
42 200 305
77 111 190
1 63 129
54 119 326
78 150 233
69 87 270
38 197 237
36 89 134
49 77 198
96 21 135
5 80 124
28 101 158
94 139 327
17 193 219
11 56 225
42 85 136
85 106 228
9 77 114
21 116 143
86 115 208
42 171 218
47 76 156
34 151 193
68 132 373
26 160 230
85 77 274
99 195 463
18 111 135
85 70 155
59 76 319
2 104 107
78 31 156
4 78 86
29 6 153
37 16 60
24 146 198
68 102 353
63 7 71
70 195 319
94 150 284
90 147 401
76 14 213
39 179 279
70 68 254
64 103 168
75 45 150
60 96 166
22 123 205
51 37 111
75 89 165
72 70 147
6 198 246
56 128 218
38 36 78
43 193 243
44 118 280
58 7 71
32 44 138
49 78 171
36 15 56
93 39 140
18 182 353
7 149 259
8 36 87
90 14 123
68 81 155
11 141 232
55 28 92
8 185 194
31 190 223
39 105 299
37 115 172
53 199 415
15 194 324
66 105 264
51 145 200
52 166 294
93 117 230
93 150 245
65 28 136
79 177 265
58 53 287
58 47 114
4 135 168
60 79 186
34 161 238
75 163 240
68 145 218
59 150 211
69 123 209
51 69 122
58 31 155
33 43 99
27 169 324
70 72 177
96 75 179
94 47 150
41 133 194
51 72 160
35 186 243
3 47 74
37 132 211
38 52 118
86 66 153
32 11 58
37 139 236
44 19 72
48 14 66
65 30 103
29 1 37
76 30 142
61 95 162
68 89 200
20 24 89
19 126 149
93 164 260
89 28 124
49 93 147
46 144 350
99 31 140
48 22 77
15 24 116
36 25 63
96 87 183
67 70 186
68 4 81
39 160 332
94 107 212
61 95 158
71 88 165
28 74 172
96 44 140
90 115 255
61 94 164
70 48 124
98 84 188
49 27 226
30 4 213
33 143 371
33 122 156
90 156 431
85 173 259
4 172 194
82 20 147
98 180 304
98 185 404
90 123 413
61 129 200
12 62 76
83 73 160
10 157 242
36 92 298
62 197 299
19 161 185
96 135 254
63 140 210
11 89 245
21 31 182
69 175 434
64 164 237
97 92 209
59 15 103
79 49 133
31 127 187
84 14 129
12 195 222
14 7 69
81 68 158
9 166 198
30 11 84
36 24 224
26 5 36
2 27 127
84 102 190
68 157 231
23 58 104
18 198 255
11 162 183
42 177 225
25 161 209
1 100 173
14 197 213
68 18 136
12 176 190
62 128 191
77 177 273
7 63 247
77 185 296
90 80 178
38 178 221
89 45 163
15 85 100
1 13 22
85 127 217
14 87 106
18 83 135
7 148 206
41 181 373
44 94 138
94 200 296
19 31 52
56 140 246
49 16 69
28 111 185
37 109 188
94 4 107
49 187 248
13 123 163
84 67 253
8 72 142
97 52 150
57 72 151
11 138 149
92 113 213
65 136 221
8 0 144
67 39 113
48 184 278
23 171 200
3 160 171
15 118 181
13 166 192
15 139 155
48 170 228
97 25 125
43 65 110
53 129 188
40 141 191
95 17 129
95 44 326
87 171 384
52 78 130
100 73 179
35 51 247
5 198 212
30 67 205
75 85 170
31 153 234
86 98 191
19 22 79
41 11 78
71 153 368
63 50 311
92 7 104
45 196 251
54 41 98
63 144 243
3 16 42
19 98 291
55 87 146
45 61 150
53 152 210
42 122 173
34 75 115
16 169 202
18 185 240
93 31 132
64 50 216
53 86 143
22 12 74
12 58 120
52 48 110
65 37 132
96 60 203
43 173 247
25 143 297
75 107 197
52 160 223
12 71 91
38 136 182
95 181 441
74 109 199
74 110 192
7 81 186
30 59 289
38 196 239
53 166 239
72 85 159
14 20 41
89 63 157
49 41 132
78 13 95
47 143 196
48 127 179
85 18 104
36 53 95
75 62 153
89 15 112
49 190 258
60 118 188
98 125 419
33 4 40
65 21 124
97 159 260
82 73 160
86 43 174
6 197 343
86 158 267
32 63 270
12 92 211
90 81 216
57 150 272
74 195 290
62 14 159
67 64 138
61 173 307
44 153 202
50 123 268
23 197 226
78 26 281
44 100 169
66 102 210
62 42 104
56 119 182
37 92 135
75 189 296
6 24 59
30 182 246
63 64 129
79 155 272
3 94 115
51 192 243
80 15 103
57 28 132
80 29 276
20 43 72
100 132 241
13 129 144
44 40 255
40 8 80
60 128 196
8 116 151
7 66 81
88 172 310
81 6 118
57 94 229
26 195 355
54 20 112
16 82 102
3 63 88
40 155 219
42 100 257
61 93 349
93 75 334
6 56 97
4 168 212
25 44 145
50 176 234
31 121 203
49 47 137
80 137 219
33 68 188
29 164 235
62 52 117
90 153 244
97 118 372
56 13 99
51 54 113
25 95 143
63 124 215
40 146 192
23 65 89
87 121 247
49 95 153
80 84 318
37 4 44
51 132 231
69 137 214
81 41 149
13 185 324
71 38 131
4 128 142
6 13 207
34 9 71
83 44 134
28 102 130
11 21 44
59 111 345
1 133 135
56 127 261
54 0 233
50 48 241
7 82 129
94 36 322
41 132 329
59 167 252
97 72 227
89 14 105
82 166 293
48 48 98
46 119 192
98 14 173
23 48 79
33 159 205
4 157 170
24 140 185
76 24 191
78 130 218
1 120 129
64 22 99
70 130 230
64 35 104
49 129 209
20 200 351
12 112 151
50 198 296
93 144 245
77 23 106
13 27 114
10 91 166
87 149 278
30 25 237
58 147 308
1 49 109
28 172 385
91 5 106
9 101 131
91 140 270
85 63 170
54 144 318
48 21 208
99 131 307
7 93 118
57 65 128
72 198 305
67 54 265
83 165 311
68 143 358
30 169 380
78 87 172
26 147 208
71 21 93
44 75 122
5 159 171
82 143 288
5 55 84
57 78 182
73 38 111
25 32 193
33 183 226
9 170 184
96 11 123
40 197 274
34 161 234
68 83 164
70 197 367
27 165 202
17 106 316
55 66 128
9 8 213
32 171 213
60 134 369
43 162 209
74 63 216
24 126 195
49 105 260
60 68 131
4 63 119
34 74 151
34 146 181
59 156 217
90 42 163
41 43 88
66 69 135
79 181 267
46 72 119
60 163 364
36 173 384
65 110 175
88 183 277
12 199 221
39 94 321
93 130 224
59 17 192
72 43 117
64 143 223
77 12 99
90 156 345
4 91 105
41 57 118
73 1 103
72 117 220
3 105 145
64 85 155
32 24 166
23 35 218
63 98 170
98 38 264
4 133 161
46 118 194
45 100 146
92 62 154
67 129 197
67 83 226
10 19 67
85 83 177
32 198 231
83 9 98
60 131 224
14 99 145
9 20 31
27 59 133
79 146 230
34 177 216
100 194 304
27 143 197
78 200 288
71 125 209
57 138 328
33 156 194
56 165 261
44 26 79
88 3 125
31 142 218
17 59 94
82 55 172
26 9 47
53 47 118
24 96 200
48 144 201
92 70 165
70 100 179
21 128 262
95 10 111
81 107 224
2 22 71
56 33 95
33 112 165
81 179 267
66 94 186
21 78 250
10 34 50
69 90 168
64 64 245
76 54 152
98 42 142
87 23 135
59 112 211
62 171 233
64 151 362
35 133 169
85 187 328
72 169 320
40 162 205
1 16 23
27 165 202
32 0 58
74 59 172
78 131 367
54 30 106
8 104 134
8 148 245
69 183 360
15 15 33
51 185 312
25 156 246
1 151 178
5 49 62
44 194 438
67 8 83
91 75 166
80 164 246
61 79 147
76 42 125
43 102 153
41 47 131
67 115 186
28 39 75
21 160 266
98 72 170
27 103 308
65 165 253
45 13 106
20 111 178
99 30 142
