50
23 70 95
42 189 231
49 93 313
83 68 255
56 98 240
47 4 180
90 84 178
97 166 300
68 154 239
78 25 117
82 20 297
77 53 316
97 134 232
44 143 286
94 102 293
65 129 208
7 169 212
69 51 129
72 107 206
5 22 49
28 178 209
100 155 287
50 25 124
51 97 194
30 136 265
23 29 84
66 165 232
77 12 92
2 69 96
19 17 44
28 1 32
54 174 335
90 148 247
62 113 207
41 149 197
89 142 425
26 58 131
98 92 219
42 55 105
64 64 140
66 139 250
90 98 188
55 83 188
13 182 348
60 48 228
81 5 126
50 87 141
25 46 71
2 185 381
33 97 133
