440
54 200 254
78 35 121
44 76 279
85 85 170
60 134 194
74 54 234
1 98 100
67 145 255
41 150 316
61 58 119
35 159 204
14 98 114
11 42 61
20 2 22
27 179 210
4 80 148
36 102 282
63 18 220
62 171 261
25 125 192
51 96 194
99 96 234
53 46 149
35 155 190
53 184 244
58 126 193
99 141 243
52 19 72
34 56 93
27 90 184
31 53 94
4 172 183
56 4 108
71 101 335
2 185 191
19 16 74
20 195 243
54 65 127
51 118 369
62 124 349
57 165 406
73 167 268
76 111 195
43 95 138
46 58 108
14 36 60
58 22 89
37 116 153
62 48 110
94 83 180
22 183 206
43 142 294
39 142 221
1 21 25
88 6 95
21 43 159
74 180 254
85 198 290
60 165 248
54 54 195
69 118 193
32 23 62
80 135 220
81 114 232
75 168 289
60 136 239
88 188 318
82 77 165
75 107 228
63 26 152
10 27 40
7 60 110
49 40 102
70 98 201
93 55 348
62 132 211
98 24 186
10 110 144
99 168 270
68 73 196
80 17 102
18 170 193
73 69 144
38 149 303
28 96 131
36 62 141
22 186 208
23 59 110
96 175 276
46 101 195
36 20 97
13 64 79
11 14 35
18 152 172
60 35 97
84 29 117
54 3 87
94 83 191
56 117 205
65 195 260
50 124 175
17 157 365
71 132 216
14 24 40
44 137 190
82 26 160
24 200 224
7 110 141
67 69 210
38 168 212
93 160 260
90 190 285
10 21 91
55 186 337
56 47 105
87 77 198
38 188 235
39 124 209
57 77 178
56 87 169
21 144 339
49 106 165
5 112 122
24 145 169
25 12 44
77 140 221
2 31 139
7 173 226
23 192 258
34 44 78
49 180 229
87 26 146
25 175 209
38 134 241
2 106 135
2 17 69
80 78 164
99 57 162
32 88 147
78 119 207
50 24 80
61 27 97
18 120 146
61 13 81
48 6 64
29 35 68
88 132 222
29 74 142
67 128 202
76 159 255
77 196 443
96 136 410
34 145 188
86 95 188
75 3 79
77 73 160
86 68 154
37 79 161
57 69 190
77 24 134
17 96 141
28 179 220
35 35 252
1 112 113
23 31 54
66 138 360
19 89 288
62 200 270
2 136 140
10 150 160
35 77 154
36 27 70
22 175 201
67 189 258
63 118 186
21 194 252
15 70 227
91 125 246
86 41 311
26 82 112
59 111 174
13 180 235
60 10 216
48 99 155
37 3 47
70 26 98
10 108 265
7 86 101
43 151 242
20 183 365
22 22 88
74 65 161
21 182 215
78 120 308
1 53 82
89 103 220
59 158 219
39 40 93
94 128 232
19 198 245
25 164 216
91 137 272
79 51 135
73 33 123
64 85 161
81 104 243
29 145 184
41 135 183
43 110 237
55 160 218
50 36 94
26 183 247
96 80 178
33 119 202
42 154 246
6 28 44
29 118 157
12 187 210
46 71 182
50 104 154
36 76 309
72 124 205
78 142 224
26 136 162
71 105 184
8 167 329
25 120 165
76 77 164
65 9 89
11 66 239
63 1 110
32 146 180
87 15 177
35 164 242
26 175 203
76 95 217
26 188 220
46 64 113
90 130 240
40 178 224
64 4 140
51 133 185
12 143 176
100 174 310
50 10 75
58 121 183
67 55 152
17 76 99
58 171 232
25 104 133
73 169 328
77 145 227
37 105 275
61 130 222
84 11 114
41 161 229
78 10 187
33 85 136
22 190 252
18 30 48
51 144 390
23 97 120
48 136 329
29 178 235
62 70 168
54 114 293
3 86 273
21 149 175
76 6 86
60 59 150
66 125 208
13 17 64
90 51 273
84 138 226
7 165 181
20 96 125
21 21 44
5 59 72
19 142 168
80 29 134
94 133 278
85 170 443
3 179 223
70 8 269
49 168 220
51 153 248
9 136 183
76 41 123
38 35 82
52 3 60
33 39 114
13 53 94
65 9 75
15 33 55
43 100 151
77 106 186
79 161 245
16 147 166
92 197 360
46 96 152
87 36 128
20 116 165
45 103 177
33 137 196
43 0 44
1 192 198
39 175 251
49 71 212
65 126 191
78 130 255
91 71 170
23 193 383
28 74 264
43 92 135
27 184 221
43 186 235
81 25 141
2 21 159
57 52 114
6 35 47
95 66 193
5 145 250
8 141 194
89 8 283
27 23 249
55 17 77
61 23 225
33 146 179
43 62 110
10 90 119
26 166 272
31 162 262
42 129 297
30 60 91
38 134 355
42 187 262
89 39 136
68 46 136
93 33 135
80 184 267
11 102 154
47 136 227
47 36 113
90 26 126
3 182 210
12 155 172
62 66 176
36 0 69
9 188 237
12 83 287
80 137 262
66 144 218
82 187 269
59 52 125
30 163 268
53 144 363
27 164 197
68 112 211
80 120 216
9 186 210
100 128 278
60 76 140
37 99 152
9 25 138
19 31 206
19 99 120
30 147 201
55 22 117
20 193 220
80 140 225
43 90 134
65 145 358
54 1 56
15 171 189
13 126 240
4 7 25
12 11 25
63 95 325
49 178 255
23 172 196
57 49 109
83 153 256
70 35 290
90 159 291
37 74 277
33 153 225
49 54 143
68 141 326
26 94 123
86 112 216
30 158 204
69 10 120
51 89 144
2 114 194
93 141 272
23 61 209
63 33 296
92 174 347
49 19 69
31 29 180
3 29 33
60 94 200
71 149 226
98 178 279
10 165 176
96 160 256
87 136 394
100 4 108
96 30 291
51 56 177
98 76 181
41 2 49
98 163 269
50 158 213
93 174 275
62 113 362
47 15 87
83 164 425
28 123 346
29 6 40
19 104 288
74 163 246
48 80 151
19 44 136
94 9 219
17 91 113
50 2 87
58 76 168
32 129 190
39 121 236
23 118 326
83 140 243
68 25 161
41 186 245
66 170 241
93 148 241
68 153 416
96 60 166
49 131 180
60 54 118
