600
61 46 277
88 48 149
22 194 216
5 190 212
95 169 274
52 142 266
71 177 251
79 40 158
32 27 129
5 76 89
17 73 109
89 149 244
11 42 53
27 23 95
74 119 220
9 77 95
1 79 121
62 57 138
1 88 93
18 66 115
69 55 199
26 187 227
45 45 96
11 193 386
83 121 220
88 196 323
24 33 133
65 166 385
60 140 200
52 80 174
66 58 137
4 126 133
19 158 189
21 146 365
65 188 256
82 145 227
33 25 66
69 94 230
44 93 326
43 108 183
84 181 266
95 189 308
77 119 236
55 40 102
100 106 257
33 150 189
48 48 273
25 158 220
44 84 146
87 108 235
18 17 129
38 95 142
23 7 45
75 168 252
93 41 176
52 138 262
9 84 191
22 164 221
59 141 225
42 44 128
73 75 217
39 13 60
84 52 171
31 173 368
53 166 349
76 55 152
24 54 126
11 190 221
59 33 101
18 128 203
36 108 186
88 142 344
89 68 166
21 106 159
57 152 229
45 153 199
29 72 106
59 35 102
42 79 233
30 85 122
45 200 317
34 65 106
95 178 312
29 151 330
78 133 317
93 183 303
28 139 248
5 14 28
71 129 203
9 105 122
20 31 51
82 140 233
19 105 130
16 164 190
20 176 228
51 121 181
37 124 163
88 143 231
47 20 189
40 188 280
16 145 347
98 46 194
2 22 30
77 97 180
67 101 210
75 28 108
67 60 177
92 174 272
69 41 136
16 200 221
69 134 210
61 157 263
86 23 220
57 140 200
91 79 175
79 191 278
6 104 110
1 182 185
5 117 130
58 176 237
77 120 240
85 174 260
23 120 343
66 187 254
53 12 71
51 160 216
7 145 179
50 72 159
14 65 83
41 150 239
99 47 178
62 160 229
100 183 293
95 186 283
3 41 190
75 186 262
46 164 404
74 34 158
57 124 225
77 177 280
62 108 290
34 173 228
70 14 85
70 190 399
21 2 55
49 38 95
53 44 97
84 27 117
45 157 211
51 174 232
31 130 184
15 186 334
78 93 225
84 199 294
18 168 196
41 68 119
3 38 111
6 24 66
13 75 135
39 120 192
63 32 102
14 47 62
1 163 257
79 185 302
33 159 283
17 41 106
80 71 152
91 197 291
76 104 187
35 139 183
94 152 253
70 4 93
26 147 177
72 74 257
8 119 127
6 60 71
40 102 157
87 116 339
72 133 245
70 193 370
35 180 353
9 185 240
56 163 223
49 16 108
9 47 76
16 97 119
45 15 69
7 151 184
23 16 42
11 171 323
94 172 270
93 159 449
11 191 240
46 74 133
84 102 188
81 175 361
52 59 125
52 170 227
1 163 348
59 77 152
35 75 116
3 124 165
89 196 294
95 12 116
91 122 240
49 180 310
79 76 159
50 142 275
46 66 156
51 37 108
86 115 284
84 146 256
82 167 268
76 103 184
19 86 105
64 154 266
96 105 206
96 105 236
21 149 174
51 196 286
1 64 97
8 188 286
14 20 84
35 130 165
93 22 224
91 130 223
40 2 48
100 192 414
4 55 102
57 64 315
98 130 311
64 157 357
3 130 143
94 112 207
92 51 145
64 160 345
98 131 275
23 135 205
24 19 59
85 87 200
65 165 233
47 29 100
82 26 196
12 157 171
12 128 145
18 122 258
96 102 270
85 88 208
60 155 242
37 69 115
13 182 229
6 68 112
46 35 105
23 158 364
25 96 150
66 150 255
100 108 241
21 48 76
14 142 159
58 30 125
33 23 193
58 187 253
86 37 166
46 193 241
47 75 165
54 3 178
80 25 108
37 177 335
81 106 239
45 56 116
16 22 158
40 190 306
69 39 113
42 79 143
60 198 268
65 160 393
48 19 76
50 70 146
27 2 76
35 79 183
57 159 218
32 158 353
24 141 214
46 77 139
25 136 198
92 29 123
49 12 61
29 6 178
67 43 136
10 6 37
67 69 137
60 104 209
34 78 155
71 118 230
93 161 317
51 164 244
86 147 247
34 194 228
83 114 382
96 137 406
45 178 227
37 48 91
82 122 204
98 102 205
6 178 335
12 75 95
71 150 229
51 188 246
68 184 295
32 64 106
51 21 73
63 52 131
32 43 76
86 140 226
85 196 286
39 133 335
59 96 155
97 41 302
75 146 418
69 190 267
68 149 239
76 127 388
86 110 340
90 138 387
39 186 273
5 174 313
38 77 283
53 147 208
21 150 172
96 119 315
38 20 126
24 89 129
79 23 164
27 147 175
27 10 167
19 11 38
70 65 142
16 53 202
32 110 256
75 197 276
89 183 424
72 57 156
97 116 263
22 151 180
58 47 110
36 93 167
100 48 154
91 85 199
14 182 196
77 56 253
18 91 147
41 174 373
63 90 270
43 196 277
88 79 172
63 13 78
93 3 98
96 25 123
70 52 147
24 66 122
90 88 179
10 24 56
51 20 72
16 23 45
2 134 138
16 153 210
20 42 71
8 36 47
86 136 224
7 6 185
25 194 281
90 35 132
94 166 348
29 150 189
11 85 102
84 84 250
92 65 197
68 133 232
98 111 346
41 65 167
82 79 202
4 70 75
56 18 123
25 16 204
27 187 257
67 0 77
16 74 96
43 200 244
39 194 237
4 18 194
62 153 216
15 2 40
61 14 79
6 1 14
65 140 263
100 159 259
2 59 96
70 50 132
44 141 190
24 22 48
43 84 258
38 102 146
36 170 207
12 122 134
27 176 232
86 175 267
10 72 105
5 0 13
46 190 249
26 43 267
5 20 33
34 17 61
38 190 228
72 133 206
91 128 228
83 101 184
67 55 152
75 44 294
8 134 150
15 138 174
99 32 172
56 1 62
10 99 203
45 131 194
47 199 246
83 35 162
44 150 229
39 150 191
30 19 51
82 140 231
94 47 162
84 149 311
7 98 164
33 29 66
34 134 200
14 133 204
2 132 172
28 76 145
73 154 277
56 68 126
16 28 47
59 182 245
77 63 297
80 71 232
90 185 293
7 183 268
1 190 233
3 180 183
95 84 188
100 40 172
99 120 262
52 55 294
6 93 207
1 187 190
73 197 358
3 132 154
34 113 173
42 56 124
96 73 197
97 163 269
51 142 193
33 95 135
64 50 163
56 63 171
18 187 215
46 127 181
3 185 190
63 46 144
39 194 271
75 112 194
54 78 139
99 68 205
43 43 283
80 190 279
21 42 95
41 149 239
89 178 271
50 28 86
87 26 118
26 136 165
35 112 250
18 123 153
84 73 195
72 187 265
68 0 68
13 123 139
98 72 271
44 17 61
44 132 214
87 92 189
53 96 332
85 195 320
30 188 278
26 82 153
33 176 216
27 179 209
42 125 205
26 121 148
70 38 186
84 169 253
64 82 160
88 99 191
42 156 206
20 102 131
51 157 236
4 30 80
85 127 253
15 105 150
9 86 128
73 136 232
42 100 154
62 118 224
62 191 262
60 135 197
69 120 324
42 167 227
69 16 146
50 89 146
93 123 239
83 123 253
34 96 170
63 48 112
52 162 222
39 36 83
83 49 136
12 40 62
35 174 214
62 180 262
89 86 185
70 96 216
74 30 112
19 187 385
73 23 287
66 56 281
3 47 148
66 26 139
5 28 36
53 106 354
45 23 69
97 84 229
47 94 162
18 169 333
93 165 266
1 41 222
89 182 273
53 49 119
61 19 145
15 146 171
57 137 224
76 180 302
44 119 275
52 155 232
74 44 193
31 12 93
6 173 185
23 100 157
56 119 215
94 90 194
22 101 257
48 68 119
21 131 158
52 55 117
43 156 200
60 114 184
58 125 189
14 159 175
82 67 152
100 21 261
2 30 38
86 18 108
44 71 155
72 23 122
1 68 79
70 196 271
86 155 272
53 31 113
24 66 193
80 146 422
47 64 111
50 25 165
100 142 346
85 199 304
39 179 409
93 41 157
26 67 103
88 92 373
79 150 236
60 93 160
35 90 207
78 119 364
60 50 110
77 105 210
46 95 173
81 157 255
26 148 282
63 123 195
35 170 211
42 123 320
63 171 334
74 109 187
