200
16 147 163
62 43 147
93 109 207
98 159 273
18 200 227
25 196 229
75 11 92
64 137 208
81 69 159
30 64 128
52 17 90
65 143 288
18 114 326
86 163 282
57 32 130
63 181 284
90 13 107
11 34 122
90 11 109
31 98 143
67 18 135
23 76 123
9 186 196
4 157 164
3 34 40
93 2 192
12 185 197
11 168 267
3 100 124
45 43 126
44 123 197
16 111 128
95 53 152
22 39 61
25 150 222
46 196 387
50 149 249
52 143 255
14 45 80
98 133 253
66 176 259
60 16 105
69 39 272
31 105 137
28 136 247
68 95 167
85 81 211
81 56 251
92 53 217
37 125 198
46 164 292
95 199 301
66 179 335
26 121 206
73 30 234
99 79 269
53 42 136
11 117 274
33 114 335
28 9 121
27 172 202
37 32 228
36 62 134
40 80 127
80 49 243
85 192 371
64 101 165
83 120 374
20 192 257
19 145 230
56 14 76
24 183 244
5 62 71
22 151 205
60 69 151
33 86 258
96 19 141
67 84 158
97 146 337
52 50 299
70 82 201
94 6 116
31 130 181
49 188 240
5 150 157
50 173 228
62 133 196
51 4 78
70 102 284
6 196 208
37 7 45
4 123 138
99 32 136
85 74 278
53 175 237
75 193 277
47 141 195
26 177 212
4 123 132
98 7 296
60 171 232
27 35 247
30 113 237
49 9 65
89 187 285
73 65 250
98 21 120
3 200 213
99 160 304
48 125 183
53 148 330
24 58 87
9 103 113
69 127 203
55 187 325
16 140 203
10 123 171
90 184 274
39 5 141
55 101 191
14 79 94
63 192 263
39 9 53
16 150 229
92 161 292
74 75 282
99 21 127
32 191 399
80 121 207
29 169 198
65 28 125
67 52 282
39 133 175
6 197 251
47 50 104
61 185 252
5 10 19
13 141 159
81 1 103
19 27 55
95 28 159
29 52 81
58 25 274
58 191 257
33 133 170
90 86 178
75 13 123
71 80 192
14 192 313
88 119 210
40 177 271
24 93 124
29 163 226
30 26 65
20 137 166
23 23 59
38 78 235
44 20 73
84 124 208
10 31 238
40 59 103
80 190 280
85 195 330
46 166 295
52 72 197
64 62 254
93 28 292
35 167 229
85 36 126
97 174 287
25 29 63
57 113 228
99 169 294
99 62 192
10 124 141
53 70 147
30 62 191
97 150 271
92 63 281
57 192 251
37 140 332
20 94 117
60 113 177
20 199 228
70 46 121
26 171 233
88 35 247
63 137 206
5 70 82
59 44 104
46 163 336
79 131 240
82 187 274
49 187 263
6 178 188
88 39 131
82 134 284
81 65 188
89 187 410
30 40 142
