560
36 20 56
38 150 237
90 9 272
50 96 153
52 162 300
12 6 25
32 139 200
92 64 204
11 156 362
94 93 227
60 167 261
31 183 256
7 157 209
5 109 146
42 40 94
22 31 63
47 53 144
53 11 70
38 111 193
19 118 149
71 181 267
54 112 287
5 142 247
66 94 170
94 177 285
30 175 208
48 4 57
98 51 149
78 108 194
35 39 88
37 126 221
51 135 257
91 55 171
55 198 283
50 4 89
27 166 287
40 199 245
40 143 215
83 165 437
83 64 155
56 154 211
76 187 294
71 138 219
96 119 312
22 149 247
28 196 254
20 194 278
60 33 133
100 167 293
53 0 81
21 54 76
14 85 121
63 77 328
22 182 246
93 83 317
28 150 185
69 189 354
30 153 242
1 81 88
47 2 136
19 55 108
45 27 87
62 160 271
86 16 111
68 175 250
96 58 326
36 131 176
76 94 343
22 47 81
61 14 82
81 148 313
83 173 266
6 114 120
94 73 186
37 2 144
9 81 100
48 60 113
66 84 336
36 102 152
58 104 324
92 171 312
79 47 173
71 31 281
60 186 273
84 23 133
50 111 172
55 63 272
1 190 192
33 102 258
54 67 307
67 185 306
46 116 260
1 194 199
72 107 220
46 132 184
16 88 104
75 3 118
11 178 216
50 52 135
86 100 204
15 79 97
63 27 134
96 180 460
27 42 73
55 53 118
37 134 172
68 134 316
54 171 228
28 148 186
37 3 45
35 99 155
49 7 98
67 1 111
33 10 46
84 178 269
97 19 122
10 119 134
89 62 159
96 188 405
68 109 203
75 29 292
58 184 243
9 3 131
79 103 183
39 76 158
41 68 109
11 149 168
48 72 289
88 24 153
46 64 167
19 119 139
4 198 242
35 176 220
43 105 165
29 20 99
44 106 150
56 184 393
64 44 164
3 163 168
63 153 223
60 119 185
4 133 330
64 158 225
36 150 212
23 56 259
86 76 170
91 28 163
5 114 269
40 33 122
93 153 265
56 169 247
91 23 118
78 144 330
9 183 387
49 155 211
1 174 179
25 22 67
12 98 140
49 20 77
44 168 260
32 195 324
19 98 140
2 18 53
74 41 143
78 86 209
8 98 114
95 64 196
35 134 176
5 49 79
64 41 131
54 149 211
74 123 376
87 185 278
12 105 270
38 151 260
29 101 250
37 13 57
61 188 334
42 116 168
64 76 150
56 71 130
94 125 258
2 89 99
11 38 57
53 83 305
43 41 117
1 67 256
30 186 220
79 7 96
1 86 89
88 1 92
84 5 127
68 110 251
59 157 366
6 146 157
44 154 198
10 186 328
25 36 89
11 10 138
2 51 54
65 56 177
12 1 13
43 159 223
40 194 242
11 116 132
13 139 316
42 117 163
31 72 134
19 168 290
79 153 241
48 165 213
39 194 418
33 164 203
77 40 127
61 140 290
40 10 58
88 187 321
50 168 220
39 185 272
82 139 228
32 89 128
42 96 188
76 6 107
86 75 181
1 25 53
75 177 432
32 145 179
95 138 236
60 47 290
70 91 205
76 99 202
34 16 146
45 79 133
15 78 138
95 165 283
65 104 206
15 72 90
89 25 124
2 40 46
41 60 107
77 199 283
93 51 149
13 90 203
60 131 196
88 42 132
30 9 42
85 111 204
51 90 181
60 46 114
28 164 314
20 105 161
92 161 263
95 199 456
5 35 66
25 110 167
82 76 196
88 141 231
39 17 105
83 150 243
82 189 284
24 188 325
53 165 231
84 174 288
17 199 223
85 149 234
32 152 189
82 15 217
22 114 144
25 183 258
67 52 240
81 72 310
1 79 82
62 83 174
15 50 71
79 8 125
71 57 132
87 162 422
49 193 391
36 12 144
100 13 121
9 131 161
59 60 149
4 96 230
45 177 376
66 47 133
6 53 226
67 95 339
66 138 380
59 74 173
60 171 236
26 190 315
80 200 285
89 108 198
67 86 155
29 42 74
73 145 218
41 57 199
3 90 112
43 124 322
43 173 216
62 93 341
30 57 89
28 195 418
93 164 262
88 20 153
94 1 153
61 129 224
55 167 262
33 120 164
68 169 244
18 140 286
14 164 184
6 175 182
57 142 305
37 120 228
27 21 81
10 100 112
37 63 107
28 133 346
5 6 93
85 185 286
80 30 145
43 38 213
68 163 347
44 121 169
27 33 70
49 191 240
5 181 225
60 110 206
17 32 55
24 60 113
50 125 202
97 92 195
40 72 116
16 172 195
61 121 208
6 156 172
31 146 182
5 132 222
5 54 61
35 157 196
92 95 190
69 190 261
79 80 169
9 131 149
66 97 169
41 12 78
56 17 103
87 158 252
3 176 193
59 176 244
78 80 182
74 132 255
25 31 156
21 121 301
36 106 173
88 96 185
71 145 224
39 97 185
30 187 283
92 124 248
79 98 336
94 64 253
99 83 190
32 72 107
84 54 236
20 54 84
10 178 227
27 109 144
39 72 209
49 81 132
86 180 287
72 106 184
45 39 88
20 71 233
35 28 72
86 1 107
18 100 168
77 200 278
44 156 202
91 88 269
45 62 127
57 64 130
59 170 230
23 51 108
36 33 79
76 26 147
47 42 105
95 37 271
44 51 125
93 146 383
76 191 288
8 86 137
97 50 147
46 181 317
57 188 288
71 175 249
66 32 104
61 96 167
25 76 107
84 75 311
37 91 306
92 24 297
20 25 49
38 54 94
95 7 102
90 61 193
37 177 327
55 172 238
57 134 191
79 89 172
82 36 275
46 194 246
18 63 90
66 38 117
33 56 98
4 63 71
9 172 183
71 51 243
23 198 235
45 136 199
73 30 294
12 174 330
98 145 409
55 132 193
28 134 165
97 86 189
38 165 224
56 192 254
60 144 244
27 95 222
85 38 165
44 87 226
4 47 203
63 88 169
57 5 162
19 195 241
75 167 243
59 158 342
17 177 299
91 27 122
95 135 285
27 142 177
7 6 15
14 171 188
12 51 220
27 93 144
47 183 340
74 62 178
7 136 153
44 181 235
44 126 223
9 68 107
71 30 103
51 101 262
68 63 141
96 199 474
4 44 97
25 60 123
11 164 177
57 55 113
90 171 296
97 108 305
55 33 92
50 38 218
32 94 164
68 24 101
35 110 335
61 96 202
44 122 325
20 3 24
49 36 85
17 28 65
34 185 385
38 192 349
44 131 189
54 180 238
91 102 229
24 153 215
59 166 229
45 177 327
53 122 338
68 169 237
22 176 218
89 177 402
81 104 218
27 3 73
52 71 128
84 1 90
97 106 249
60 155 222
46 99 150
91 45 144
40 70 134
78 160 241
83 87 204
88 25 115
1 0 100
52 30 150
6 58 114
89 172 271
38 173 257
82 193 297
26 48 90
55 182 237
11 119 139
24 2 33
85 184 274
19 188 310
31 107 148
14 176 265
88 86 181
40 200 244
20 26 53
37 177 220
5 197 318
11 191 225
12 128 145
68 142 220
16 54 107
10 131 148
64 61 220
6 3 175
41 99 166
18 9 31
35 9 47
3 114 226
54 42 115
100 148 249
54 169 400
35 42 100
80 77 164
1 128 139
80 52 160
21 145 196
99 153 268
99 11 120
32 79 126
6 33 43
74 14 88
75 197 307
27 91 131
38 46 130
82 61 164
18 186 207
43 121 183
9 40 98
7 30 41
24 119 300
3 11 23
43 133 177
95 66 197
43 180 350
13 144 273
49 34 126
94 28 273
84 101 212
14 132 152
13 133 155
88 83 200
