530
67 67 242
39 80 123
21 129 194
74 71 147
33 29 111
34 6 45
91 200 327
62 28 93
41 59 129
21 153 190
51 70 128
92 142 274
38 56 137
3 111 156
75 66 147
71 19 92
83 81 330
63 110 196
66 156 270
84 90 182
8 186 344
32 193 233
90 81 224
100 5 256
81 109 194
87 108 319
41 195 237
87 179 306
44 32 90
11 193 240
57 10 71
70 83 226
38 159 205
23 17 48
43 158 221
86 64 153
17 8 35
44 7 80
15 6 126
67 6 221
4 147 161
95 8 132
92 4 99
45 145 192
83 106 209
77 41 152
14 141 186
30 119 285
70 87 157
36 4 87
53 137 200
45 101 155
70 149 223
41 181 249
11 21 37
1 78 86
61 116 187
71 45 135
6 106 116
68 74 163
26 146 173
95 104 263
36 93 136
35 173 218
49 131 207
23 188 364
61 42 111
78 131 259
22 49 200
13 32 45
22 29 144
32 128 188
27 92 124
13 109 161
20 10 66
88 192 284
79 43 127
26 133 188
45 35 128
17 171 219
13 173 241
82 49 251
2 56 96
41 126 176
79 156 349
14 21 81
28 91 165
76 62 144
51 37 166
62 115 178
93 79 197
72 100 217
59 147 255
14 180 237
50 40 91
54 43 105
85 44 139
38 75 122
53 70 257
74 72 233
34 14 54
34 61 105
91 41 178
90 3 103
29 84 140
64 15 80
9 110 277
65 96 342
72 22 144
73 75 339
29 97 319
51 42 119
59 158 224
70 144 258
79 158 244
83 20 109
72 113 361
97 39 184
17 9 128
56 116 178
32 106 139
38 97 237
92 48 140
26 102 133
37 50 92
29 98 135
35 198 233
54 63 118
33 14 59
28 111 142
91 37 128
19 93 143
5 36 43
34 168 260
71 3 82
11 129 188
83 15 116
11 4 20
92 191 304
43 177 221
24 162 234
14 160 203
62 194 262
66 127 309
3 136 139
85 84 363
71 58 159
94 88 183
71 178 253
38 176 260
96 131 398
70 149 222
17 34 159
21 180 245
36 145 225
32 148 357
69 1 95
96 67 173
40 88 128
31 59 125
30 152 232
18 196 389
25 24 68
20 15 143
16 92 146
22 111 168
14 76 214
62 101 169
75 78 163
82 122 279
61 122 190
22 58 84
78 134 222
73 91 291
12 49 144
2 147 196
88 72 169
28 145 314
16 34 240
12 151 270
83 107 193
54 116 202
2 142 144
55 130 192
11 166 188
39 175 255
38 23 64
100 80 212
1 194 227
53 53 113
71 72 160
38 99 236
82 87 200
98 123 229
64 114 233
65 49 183
87 78 181
25 27 93
52 154 211
91 67 162
65 96 182
29 118 151
81 118 239
87 140 304
21 30 56
86 31 140
42 35 204
40 26 107
66 194 283
39 115 155
33 153 253
64 111 179
64 151 231
74 94 174
37 47 167
37 118 166
66 101 178
3 69 80
8 106 272
56 111 346
39 99 142
42 174 224
57 198 256
95 110 235
51 98 224
66 15 111
75 3 183
46 143 196
28 137 166
37 28 104
99 154 264
15 14 33
2 173 181
72 135 234
58 170 356
42 51 97
65 16 86
77 14 138
67 133 270
70 67 138
15 189 213
4 190 203
83 56 146
90 198 327
93 99 211
42 21 102
54 32 96
6 11 18
80 118 209
69 155 241
5 41 48
55 34 109
13 35 49
58 93 271
90 22 120
96 165 268
92 47 146
45 77 134
76 9 87
60 155 217
85 172 268
51 54 196
18 115 145
26 164 240
34 172 208
85 173 315
42 82 126
71 62 181
46 15 62
14 119 138
93 189 284
83 106 339
95 185 297
52 131 189
40 89 149
42 41 170
25 152 184
46 27 77
80 107 290
5 198 213
51 153 246
88 112 203
56 184 369
10 157 176
36 46 130
2 68 80
20 93 260
34 166 336
1 131 156
11 10 167
93 7 136
10 34 65
74 192 369
87 158 246
26 170 234
48 38 96
30 67 289
66 94 259
32 52 90
59 147 209
41 130 171
41 116 166
80 58 163
55 60 250
8 43 56
9 130 146
38 187 246
83 10 224
27 100 158
15 104 294
75 25 107
23 138 190
60 109 186
60 20 271
17 16 34
51 76 145
53 125 178
47 167 240
69 22 99
17 89 116
1 164 213
99 165 325
71 65 144
67 139 208
33 127 260
12 177 307
3 67 89
64 151 215
19 107 319
8 188 198
69 109 178
36 196 268
81 11 264
92 11 111
83 179 264
100 22 197
9 102 129
95 61 165
88 80 218
48 20 68
70 18 92
10 178 224
4 189 196
39 178 235
36 56 93
4 112 131
17 197 222
60 154 215
85 44 182
19 3 57
22 101 132
32 128 175
94 122 396
59 45 113
20 145 174
15 13 35
51 196 377
56 4 69
47 132 179
39 27 67
19 197 223
94 31 190
85 123 211
22 200 362
59 145 210
9 124 177
57 149 237
32 72 129
29 137 277
47 40 88
65 155 261
79 103 228
65 33 231
70 198 286
33 126 230
60 15 258
64 196 278
43 172 215
48 30 271
93 16 119
27 128 352
82 140 312
62 139 208
56 0 106
56 178 406
94 129 272
74 71 148
81 123 209
74 47 172
5 31 82
21 44 181
17 95 136
74 70 148
56 196 361
85 138 231
71 52 155
65 192 348
69 121 196
62 195 284
12 107 153
49 16 68
91 171 417
88 85 175
56 37 98
82 134 217
85 76 168
61 73 192
80 131 253
50 79 156
76 124 227
72 65 145
5 76 275
77 47 145
38 39 77
79 59 149
65 126 195
2 113 117
6 176 185
82 81 286
35 25 64
99 78 184
29 17 87
58 91 163
80 24 104
56 200 357
73 144 217
51 73 164
80 86 181
44 94 338
100 79 227
99 97 217
60 145 344
17 111 132
43 40 248
8 29 37
99 152 408
100 24 134
96 141 280
57 5 74
71 73 182
7 99 107
70 123 280
25 195 230
97 7 226
12 126 169
30 23 101
86 190 297
26 77 113
64 48 204
66 62 161
82 132 231
93 138 231
99 192 329
79 150 236
11 132 183
71 93 196
15 156 227
53 68 144
46 136 193
6 51 83
82 158 289
72 159 246
16 84 108
57 29 127
75 192 400
65 157 265
1 93 135
35 131 166
77 172 254
8 15 33
38 180 249
16 192 211
49 125 174
78 58 141
93 149 261
69 137 267
83 76 270
35 142 332
79 162 242
85 194 282
11 14 33
23 26 79
59 50 142
71 137 275
91 30 128
46 24 112
92 55 167
33 115 167
33 107 149
100 66 177
27 180 222
18 21 200
10 155 171
64 125 199
28 130 168
58 165 230
100 134 248
83 74 166
6 191 198
42 151 291
37 36 83
62 169 238
51 8 94
65 156 312
23 188 257
71 131 203
67 110 186
67 91 158
24 84 232
100 104 286
88 43 138
99 146 254
61 99 204
46 178 412
10 103 118
78 200 307
16 25 41
87 195 286
78 18 279
71 133 231
7 129 245
34 93 135
10 17 29
88 45 274
6 37 53
97 139 236
49 95 145
46 8 65
78 192 278
50 160 219
